Time,inertial-6253.76535:estCompensatedAccelX,inertial-6253.76535:estCompensatedAccelX:valid,inertial-6253.76535:estCompensatedAccelY,inertial-6253.76535:estCompensatedAccelY:valid,inertial-6253.76535:estCompensatedAccelZ,inertial-6253.76535:estCompensatedAccelZ:valid,inertial-6253.76535:estAngularRateX,inertial-6253.76535:estAngularRateX:valid,inertial-6253.76535:estAngularRateY,inertial-6253.76535:estAngularRateY:valid,inertial-6253.76535:estAngularRateZ,inertial-6253.76535:estAngularRateZ:valid,inertial-6253.76535:estRoll,inertial-6253.76535:estRoll:valid,inertial-6253.76535:estPitch,inertial-6253.76535:estPitch:valid,inertial-6253.76535:estYaw,inertial-6253.76535:estYaw:valid
0,-4.766536236,1,-2.472634554,1,-8.202588081,1,0.006781913,1,0.013248267,1,-0.001991714,1,0.363964349,1,-0.463270992,1,0.547435164,1
0.003997696,-4.756594658,1,-2.412069798,1,-8.210167885,1,0.007374427,1,0.006275005,1,-0.001841698,1,0.363983631,1,-0.463231504,1,0.547443092,1
0.00799744,-4.756385326,1,-2.427063227,1,-8.231379509,1,0.006604603,1,0.008178065,1,-0.002894663,1,0.364009529,1,-0.463190854,1,0.547447622,1
0.011999232,-4.755136013,1,-2.41972661,1,-8.248227119,1,0.006724274,1,0.006772174,1,-0.001618419,1,0.36403513,1,-0.463146329,1,0.547459781,1
0.015997184,-4.75357008,1,-2.42016983,1,-8.195681572,1,0.005855373,1,0.014043596,1,-0.004429461,1,0.36406678,1,-0.463098556,1,0.547453284,1
0.019996673,-4.776037216,1,-2.417964458,1,-8.242473602,1,0.008166896,1,0.010993426,1,-0.007148866,1,0.364099592,1,-0.463047475,1,0.547446012,1
0.023998208,-4.74095726,1,-2.424130678,1,-8.256510735,1,0.011528509,1,0.011461155,1,-0.002897409,1,0.364136904,1,-0.463002712,1,0.547455549,1
0.027995905,-4.717524052,1,-2.415850878,1,-8.245874405,1,0.007372613,1,0.013568569,1,-0.005270154,1,0.364176571,1,-0.462947458,1,0.547456145,1
0.031995393,-4.730677128,1,-2.461638451,1,-8.250330925,1,0.010126717,1,0.014263189,1,-0.003990768,1,0.36421144,1,-0.462890089,1,0.547467291,1
0.035996929,-4.775003433,1,-2.458810568,1,-8.211484909,1,0.012040908,1,0.016180854,1,-0.005588598,1,0.364256501,1,-0.462831467,1,0.547462761,1
0.039994624,-4.774394989,1,-2.435347557,1,-8.243753433,1,0.006433428,1,0.012460005,1,-0.005370077,1,0.364296526,1,-0.46277079,1,0.547463059,1
0.043994114,-4.767588139,1,-2.422139406,1,-8.255058289,1,0.011214948,1,0.013862102,1,-0.007582544,1,0.364333004,1,-0.462704659,1,0.547465146,1
0.047995649,-4.764307022,1,-2.436129093,1,-8.247843742,1,0.013459546,1,0.011640387,1,-0.00386488,1,0.364381194,1,-0.462651849,1,0.547458649,1
0.051993344,-4.748378754,1,-2.425846815,1,-8.251188278,1,0.012126397,1,0.015053203,1,-0.002624517,1,0.364429176,1,-0.462590426,1,0.547459364,1
0.055992831,-4.778322697,1,-2.429131508,1,-8.262696266,1,0.008863049,1,0.0136065,1,-0.006462236,1,0.364479125,1,-0.462541819,1,0.547452569,1
0.05999437,-4.760818005,1,-2.4526577,1,-8.270023346,1,0.014696882,1,0.013847198,1,-0.004088002,1,0.364522964,1,-0.462477386,1,0.547451258,1
0.063992321,-4.72217226,1,-2.416794062,1,-8.24493885,1,0.009272026,1,0.012003684,1,-0.004808973,1,0.364571422,1,-0.462428004,1,0.547452509,1
0.067991808,-4.72477293,1,-2.444776773,1,-8.264447212,1,0.006752876,1,0.013737388,1,-0.005847685,1,0.364612281,1,-0.462371618,1,0.547458947,1
0.071993858,-4.727750778,1,-2.451149702,1,-8.248019218,1,0.010257361,1,0.005978785,1,-0.00562583,1,0.364656776,1,-0.462321758,1,0.547454059,1
0.075991809,-4.757579803,1,-2.501993656,1,-8.221541405,1,0.012027404,1,0.010718025,1,-0.003411048,1,0.364706695,1,-0.462281018,1,0.547446609,1
0.079991296,-4.735262871,1,-2.487665176,1,-8.237855911,1,0.00779009,1,0.009453204,1,-0.00374657,1,0.364745408,1,-0.462237448,1,0.547449946,1
0.083993085,-4.720417976,1,-2.458225727,1,-8.251177788,1,0.006654353,1,0.009331607,1,0.001593651,1,0.364778876,1,-0.462200701,1,0.547449768,1
0.087990783,-4.759505272,1,-2.476821661,1,-8.251216888,1,0.008913741,1,0.010663575,1,-0.005064456,1,0.364808023,1,-0.46214807,1,0.547457278,1
0.09199027,-4.758516788,1,-2.449047327,1,-8.227101326,1,0.011307208,1,0.008979967,1,-0.001541408,1,0.364837825,1,-0.462103337,1,0.547460198,1
0.095992066,-4.741773605,1,-2.469578981,1,-8.219735146,1,0.007112525,1,0.013546677,1,-0.002365745,1,0.364867032,1,-0.462060124,1,0.547466099,1
0.09999565,-4.764890194,1,-2.468665838,1,-8.234946251,1,0.005271044,1,0.010893928,1,-0.004166197,1,0.364887774,1,-0.462020904,1,0.547477007,1
0.10399539,-4.745649338,1,-2.451714277,1,-8.237603188,1,0.007139697,1,0.010600924,1,-0.000746084,1,0.364907563,1,-0.461972088,1,0.54749018,1
0.10799744,-4.720333576,1,-2.477455854,1,-8.225315094,1,0.005125888,1,0.006847336,1,-0.001157859,1,0.364930809,1,-0.461925626,1,0.547495663,1
0.111995645,-4.726971626,1,-2.465385437,1,-8.227957726,1,0.004470563,1,0.011256723,1,-0.004410247,1,0.364947915,1,-0.461878866,1,0.547511935,1
0.115995392,-4.731968403,1,-2.471911192,1,-8.218204498,1,0.008348485,1,0.014039045,1,-0.002380002,1,0.364973962,1,-0.461837411,1,0.547513843,1
0.119997181,-4.740804672,1,-2.424142361,1,-8.253890991,1,0.005590264,1,0.010841036,1,-0.001659172,1,0.364988029,1,-0.461787701,1,0.547532856,1
0.123994879,-4.737673759,1,-2.408063412,1,-8.263220787,1,0.00696511,1,0.01442809,1,-0.001517107,1,0.364999771,1,-0.461745441,1,0.547541559,1
0.127994627,-4.706690311,1,-2.399101496,1,-8.240399361,1,0.007417887,1,0.010846062,1,-0.003604078,1,0.365021944,1,-0.461702108,1,0.547550023,1
0.131996423,-4.759141445,1,-2.416334867,1,-8.276644707,1,0.010262543,1,0.009247512,1,-0.001609768,1,0.365044296,1,-0.46166116,1,0.547560394,1
0.135994375,-4.761363029,1,-2.429197788,1,-8.2616539,1,0.006969295,1,0.008489337,1,-0.001516016,1,0.365073323,1,-0.46163103,1,0.547564507,1
0.139994115,-4.71423912,1,-2.410017014,1,-8.270551682,1,0.012195402,1,0.009721842,1,-0.003550844,1,0.365103185,1,-0.461594969,1,0.547570586,1
0.143995643,-4.713885307,1,-2.420702696,1,-8.273221016,1,0.010377804,1,0.00704802,1,-0.001624991,1,0.365139365,1,-0.461554766,1,0.547570944,1
0.147993594,-4.718963146,1,-2.418416739,1,-8.267845154,1,0.007066126,1,0.007913827,1,-0.001719522,1,0.365174085,1,-0.461524576,1,0.547573149,1
0.151993349,-4.710543633,1,-2.466192722,1,-8.230151176,1,0.007865593,1,0.009372577,1,-0.001107025,1,0.365206122,1,-0.461492956,1,0.547580004,1
0.155995131,-4.741959572,1,-2.464112759,1,-8.2446661,1,0.008678161,1,0.005938754,1,-0.00438989,1,0.365237951,1,-0.461471051,1,0.547575831,1
0.159993082,-4.750243664,1,-2.480726719,1,-8.23943615,1,0.00590706,1,0.009142873,1,0.000813922,1,0.365271807,1,-0.46144703,1,0.547576785,1
0.163992837,-4.763457298,1,-2.470296621,1,-8.25506115,1,0.008184448,1,0.009815977,1,0.000338446,1,0.365291715,1,-0.461417139,1,0.547596216,1
0.167994887,-4.727591515,1,-2.460251331,1,-8.262960434,1,0.008290367,1,0.00855287,1,-0.000113373,1,0.365322292,1,-0.461393058,1,0.547613561,1
0.171993092,-4.750006676,1,-2.45199132,1,-8.2567873,1,0.007190452,1,0.006015508,1,1.89E-05,1,0.365342677,1,-0.461365372,1,0.547630489,1
0.175992578,-4.737037182,1,-2.499685287,1,-8.240561485,1,0.007900062,1,0.006211255,1,-0.000531767,1,0.365363419,1,-0.461343437,1,0.547641873,1
0.179994375,-4.737245083,1,-2.466957808,1,-8.252061844,1,0.003093545,1,0.009624862,1,-0.000302116,1,0.365379632,1,-0.461313605,1,0.54765594,1
0.183992326,-4.745447636,1,-2.419553757,1,-8.250912666,1,0.006077989,1,0.003014739,1,0.003297088,1,0.365399599,1,-0.4612903,1,0.547661841,1
0.187992066,-4.754374981,1,-2.442486525,1,-8.243914604,1,0.004445069,1,0.006051087,1,-0.000567294,1,0.36541611,1,-0.461271435,1,0.547679067,1
0.191993862,-4.748260021,1,-2.431085348,1,-8.23470974,1,0.006429383,1,0.008625002,1,0.00376119,1,0.365435749,1,-0.461247563,1,0.547686756,1
0.195991546,-4.739148617,1,-2.446925879,1,-8.285189629,1,0.005790915,1,0.003819707,1,-0.002355685,1,0.363538086,1,-0.462443292,1,0.54790622,1
0.199991301,-4.707583904,1,-2.461734772,1,-8.286841393,1,0.006376486,1,0.007510421,1,0.003994564,1,0.363548815,1,-0.462426305,1,0.547917604,1
0.203993082,-4.75842905,1,-2.462934732,1,-8.279509544,1,0.005053312,1,0.004246979,1,0.00196952,1,0.363568991,1,-0.462421477,1,0.547929883,1
0.20799078,-4.744218349,1,-2.479652166,1,-8.269135475,1,0.001069915,1,0.003469941,1,0.002703702,1,0.363575846,1,-0.462415129,1,0.547949374,1
0.211990535,-4.736750603,1,-2.485923767,1,-8.241087914,1,0.002434845,1,0.001710869,1,0.004070757,1,0.363584131,1,-0.462411135,1,0.547962904,1
0.215992838,-4.73171854,1,-2.450094223,1,-8.266586304,1,0.003260097,1,0.002566326,1,0.005321984,1,0.363590837,1,-0.462410927,1,0.547981858,1
0.219996423,-4.720454693,1,-2.430724859,1,-8.249819756,1,0.000813003,1,0.001513947,1,0.005327223,1,0.363588631,1,-0.462410688,1,0.54800415,1
0.223996162,-4.735470772,1,-2.453035355,1,-8.248338699,1,0.004579795,1,0.003058016,1,0.001892526,1,0.363587856,1,-0.462410092,1,0.548031688,1
0.227997959,-4.762907028,1,-2.460775852,1,-8.248963356,1,0.004439394,1,-0.000624009,1,0.007299091,1,0.363588572,1,-0.462418884,1,0.548050821,1
0.23199591,-4.739335537,1,-2.437898397,1,-8.254750252,1,0.00495667,1,0.001377728,1,0.001526999,1,0.363595963,1,-0.462417841,1,0.548068941,1
0.235995397,-4.760457516,1,-2.467155933,1,-8.234071732,1,0.001748869,1,0.0018088,1,0.007706732,1,0.363597304,1,-0.462426513,1,0.548090696,1
0.239997178,-4.742481709,1,-2.446106434,1,-8.25403595,1,0.002772887,1,0.003299877,1,0.003640214,1,0.363597125,1,-0.462433577,1,0.548119724,1
0.24399513,-4.730788708,1,-2.442800999,1,-8.234127998,1,0.001276869,1,0.001342022,1,0.00597097,1,0.363596022,1,-0.462426484,1,0.548150837,1
0.247994617,-4.738549232,1,-2.449589252,1,-8.247358322,1,0.002340835,1,0.002557982,1,0.007226229,1,0.363592327,1,-0.462435901,1,0.548177123,1
0.25199616,-4.760518551,1,-2.421987534,1,-8.250330925,1,0.002147991,1,0.00102981,1,0.005395041,1,0.363602281,1,-0.462434173,1,0.548201084,1
0.255994111,-4.703602791,1,-2.457004786,1,-8.239262581,1,0.005944658,1,0.001794196,1,0.00228744,1,0.363611996,1,-0.462437242,1,0.548218846,1
0.259993613,-4.725636005,1,-2.416779518,1,-8.24559021,1,0.002944569,1,-0.000553717,1,0.00895775,1,0.363619387,1,-0.462435633,1,0.548235118,1
0.263995379,-4.734364033,1,-2.427633524,1,-8.206723213,1,0.007457373,1,0.000863201,1,0.00326186,1,0.363630414,1,-0.462426662,1,0.548267841,1
0.267993331,-4.73123312,1,-2.448539257,1,-8.232556343,1,0.00414096,1,0.000441067,1,0.002869327,1,0.363640487,1,-0.46242404,1,0.548280954,1
0.271992832,-4.722533703,1,-2.431146622,1,-8.23958683,1,0.003024249,1,0.005360908,1,0.00585165,1,0.363648772,1,-0.46242106,1,0.548301816,1
0.275994629,-4.779033184,1,-2.460186243,1,-8.240531921,1,0.006454645,1,0.003853891,1,0.001816269,1,0.363656044,1,-0.462414414,1,0.548321784,1
0.279992312,-4.774791718,1,-2.432240009,1,-8.254812241,1,0.005352967,1,0.006763714,1,0.002388352,1,0.363673449,1,-0.462406784,1,0.548337877,1
0.283991814,-4.749464989,1,-2.397162437,1,-8.256882668,1,0.004713445,1,0.000405821,1,-0.000477294,1,0.363686323,1,-0.462391943,1,0.548352599,1
0.28799361,-4.799395084,1,-2.431874514,1,-8.234019279,1,0.008202709,1,0.002197574,1,0.005957898,1,0.363706768,1,-0.462386608,1,0.548369348,1
0.291991562,-4.750632763,1,-2.411521196,1,-8.248929024,1,0.004238336,1,0.003446906,1,0.002692655,1,0.363730907,1,-0.462377131,1,0.548387647,1
0.295991302,-4.720256805,1,-2.415025473,1,-8.256774902,1,0.005679707,1,0.004492976,1,0.000199305,1,0.363755405,1,-0.462363839,1,0.548404694,1
0.299993098,-4.733855724,1,-2.438144922,1,-8.246827126,1,0.008177748,1,0.006450644,1,0.005146879,1,0.363779724,1,-0.462354034,1,0.548421919,1
0.303990781,-4.752078056,1,-2.442499399,1,-8.24247551,1,0.007470513,1,0.004232857,1,0.001556564,1,0.363798469,1,-0.462345958,1,0.548445761,1
0.307990521,-4.731203079,1,-2.468609571,1,-8.270503998,1,0.008061057,1,0.000363637,1,0.003371627,1,0.363824904,1,-0.46233958,1,0.548468709,1
0.311992317,-4.767082691,1,-2.478217363,1,-8.234224319,1,0.007913247,1,0.005096561,1,0.003782769,1,0.36383909,1,-0.462335646,1,0.548493505,1
0.315990031,-4.716554642,1,-2.433202982,1,-8.254005432,1,0.007641728,1,0.004206586,1,0.002777109,1,0.363857895,1,-0.462318182,1,0.548507094,1
0.319989771,-4.751530647,1,-2.458971024,1,-8.234104156,1,0.005769627,1,0.004561516,1,0.003904157,1,0.363871008,1,-0.462314308,1,0.54853034,1
0.323991567,-4.761207581,1,-2.453674793,1,-8.256550789,1,0.003136945,1,0.006447317,1,0.003109966,1,0.363878667,1,-0.462303251,1,0.548551679,1
0.327989519,-4.743819714,1,-2.460457325,1,-8.248093605,1,0.003475574,1,0.00222745,1,0.003146729,1,0.363892883,1,-0.462293833,1,0.548571289,1
0.331989259,-4.742569447,1,-2.479369164,1,-8.249385834,1,0.00530653,1,0.001716506,1,0.005634031,1,0.36390385,1,-0.462294191,1,0.548596799,1
0.335991055,-4.736235619,1,-2.458428383,1,-8.237913132,1,0.002672168,1,0.001573368,1,0.005600562,1,0.363914162,1,-0.462291092,1,0.548618495,1
0.339989007,-4.747829437,1,-2.496718884,1,-8.253577232,1,0.003046945,1,-0.000783833,1,0.003034156,1,0.363914669,1,-0.462287009,1,0.548637629,1
0.343994886,-4.756165028,1,-2.471347809,1,-8.239468575,1,0.003605278,1,0.001370634,1,0.005602454,1,0.363914579,1,-0.462288886,1,0.548664093,1
0.347996682,-4.744023323,1,-2.446415186,1,-8.227690697,1,0.002000541,1,0.000449496,1,0.005235326,1,0.363917172,1,-0.462282687,1,0.548689544,1
0.351994872,-4.748364449,1,-2.444401503,1,-8.246661186,1,-0.000562342,1,0.002858439,1,0.002604397,1,0.363916397,1,-0.462287724,1,0.548709989,1
0.355994374,-4.743490219,1,-2.458953381,1,-8.243250847,1,0.002083484,1,0.004160306,1,0.006238934,1,0.363911659,1,-0.462290049,1,0.548733413,1
0.35999617,-4.77585268,1,-2.472688675,1,-8.225461006,1,0.000173299,1,0.002360576,1,0.002891929,1,0.363903761,1,-0.462295115,1,0.548755348,1
0.363994122,-4.770977974,1,-2.461054087,1,-8.26477623,1,0.00148293,1,-0.000853116,1,0.00549031,1,0.363907695,1,-0.462292969,1,0.54877454,1
0.367993593,-4.753172398,1,-2.398816347,1,-8.268014908,1,-0.001482388,1,0.002961125,1,0.004598092,1,0.363900691,1,-0.462301195,1,0.548797548,1
0.371995389,-4.72385025,1,-2.419881582,1,-8.277581215,1,0.004174224,1,-0.001686826,1,0.005516287,1,0.363903433,1,-0.462296575,1,0.548820317,1
0.375993103,-4.72874403,1,-2.400384665,1,-8.277341843,1,0.010219174,1,0.001611134,1,0.003121924,1,0.36391297,1,-0.462304592,1,0.548839688,1
0.379992574,-4.745295048,1,-2.466404676,1,-8.282361031,1,0.001413077,1,0.004883696,1,0.005686868,1,0.363917649,1,-0.462301701,1,0.548860431,1
0.383994371,-4.735569477,1,-2.437303782,1,-8.261538506,1,0.003727413,1,-0.000440017,1,0.007453039,1,0.363923252,1,-0.462303251,1,0.548883915,1
0.387992054,-4.746831894,1,-2.40659976,1,-8.242609978,1,0.004465149,1,0.003725884,1,0.0052244,1,0.363928407,1,-0.462309629,1,0.548906088,1
0.391991794,-4.703504562,1,-2.450745106,1,-8.229968071,1,0.00521094,1,0.002518038,1,0.005261636,1,0.363937378,1,-0.462308913,1,0.548931956,1
0.395993859,-4.731072903,1,-2.414360762,1,-8.2689991,1,0.004160899,1,0.002756685,1,0.006280075,1,0.363944083,1,-0.462306887,1,0.548958957,1
0.399992317,-4.721323013,1,-2.45210886,1,-8.25256443,1,0.008279683,1,-0.002629412,1,0.002440671,1,0.363959014,1,-0.462315708,1,0.548980236,1
0.403992057,-4.737666607,1,-2.440657616,1,-8.237835884,1,0.003351623,1,-0.000895706,1,0.004254554,1,0.363980055,1,-0.462323844,1,0.548995912,1
0.407993853,-4.739912033,1,-2.473356485,1,-8.230195999,1,0.008167328,1,0.00373829,1,0.004926764,1,0.36399737,1,-0.462328255,1,0.549016118,1
0.411991566,-4.795061111,1,-2.453210354,1,-8.249973297,1,0.008254727,1,-0.000113028,1,0.009512303,1,0.364019096,1,-0.462328017,1,0.549049318,1
0.415991306,-4.728832245,1,-2.394179583,1,-8.336080551,1,0.00622039,1,-0.000442565,1,0.005421329,1,0.364039004,1,-0.462329596,1,0.549074769,1
0.419993341,-4.777452946,1,-2.439463377,1,-8.220471382,1,0.006182169,1,0.002083865,1,0.006815053,1,0.364052057,1,-0.462343335,1,0.549101174,1
0.423991561,-4.772743702,1,-2.426105976,1,-8.260585785,1,0.007424169,1,-0.002908684,1,0.005429928,1,0.364070714,1,-0.462350816,1,0.549123466,1
0.427991301,-4.741860867,1,-2.445650578,1,-8.230071068,1,0.007159405,1,-0.004534251,1,0.004751862,1,0.364084542,1,-0.462364674,1,0.549142718,1
0.431993097,-4.752834797,1,-2.426477194,1,-8.277015686,1,0.009530508,1,-0.001286841,1,0.00179016,1,0.364106834,1,-0.462373853,1,0.549162805,1
0.435991049,-4.751538754,1,-2.455669403,1,-8.245758057,1,0.007538902,1,-0.000562448,1,0.007687932,1,0.364123642,1,-0.462380618,1,0.549183607,1
0.43999052,-4.800508499,1,-2.419021368,1,-8.24503231,1,0.009912658,1,0.001743694,1,0.002190194,1,0.364134848,1,-0.46238032,1,0.549201906,1
0.443992317,-4.777146339,1,-2.452451706,1,-8.261194229,1,0.004557539,1,0.003123841,1,0.005885475,1,0.364155948,1,-0.462380499,1,0.54922241,1
0.447990268,-4.760897636,1,-2.444613457,1,-8.19329834,1,0.00940349,1,0.00033652,1,0.005194772,1,0.362228811,1,-0.463665068,1,0.549796164,1
0.451990008,-4.721318722,1,-2.468120337,1,-8.219443321,1,0.004018501,1,0.005784536,1,0.001619874,1,0.362295032,1,-0.463585019,1,0.549483955,1
0.455992073,-4.738892078,1,-2.475247145,1,-8.234822273,1,0.001259432,1,0.003372924,1,0.000970923,1,0.362312376,1,-0.463574648,1,0.549495995,1
0.459990025,-4.759150505,1,-2.433237314,1,-8.25661087,1,0.004685067,1,0.002511765,1,0.004459045,1,0.362322688,1,-0.46356383,1,0.549517095,1
0.463995904,-4.76304388,1,-2.405980349,1,-8.24182415,1,0.003459711,1,0.004055674,1,0.002358428,1,0.36232394,1,-0.463560462,1,0.549541473,1
0.467997938,-4.769016743,1,-2.417964458,1,-8.247611046,1,0.0025248,1,0.006890272,1,0.004971021,1,0.362332106,1,-0.463553339,1,0.549560189,1
0.471996158,-4.728296757,1,-2.415168285,1,-8.220861435,1,0.005685935,1,-0.001629058,1,0.004831501,1,0.362346143,1,-0.463543952,1,0.549577296,1
0.47599566,-4.751543522,1,-2.431714296,1,-8.261728287,1,0.007275481,1,0.006933569,1,-0.000755412,1,0.362362385,1,-0.46353212,1,0.549592376,1
0.479997963,-4.741436005,1,-2.412018538,1,-8.231292725,1,0.006267592,1,0.005097867,1,0.005282289,1,0.362384617,1,-0.463516474,1,0.549597919,1
0.483996421,-4.75001049,1,-2.430576801,1,-8.260494232,1,0.00673187,1,0.000268189,1,-0.000185639,1,0.362401783,1,-0.463510662,1,0.54961133,1
0.487996161,-4.744397163,1,-2.435991049,1,-8.25078392,1,0.009669552,1,0.006128007,1,0.000888028,1,0.362426639,1,-0.463498622,1,0.549618661,1
0.491997957,-4.753454208,1,-2.432970285,1,-8.277059555,1,0.005445848,1,-7.48E-05,1,0.000672233,1,0.362454355,1,-0.463490367,1,0.549632609,1
0.495995909,-4.764772415,1,-2.457697392,1,-8.251991272,1,0.010885222,1,0.002479302,1,0.005368154,1,0.362472087,1,-0.463481575,1,0.549649775,1
0.499995649,-4.759662628,1,-2.468485594,1,-8.276936531,1,0.007674229,1,0.004172262,1,0.001222016,1,0.362500787,1,-0.463476747,1,0.549665987,1
0.503997445,-4.750430584,1,-2.457342386,1,-8.215965271,1,0.00799096,1,0.005242771,1,0.001829392,1,0.362520128,1,-0.463468403,1,0.54968065,1
0.507995129,-4.75899601,1,-2.468334675,1,-8.269277573,1,0.00718376,1,0.00096106,1,0.000796872,1,0.36253953,1,-0.463467389,1,0.549698591,1
0.5119946,-4.730149269,1,-2.424987793,1,-8.24388504,1,0.004713025,1,0.005805513,1,0.004283721,1,0.362564504,1,-0.46345523,1,0.549709499,1
0.515996397,-4.786957741,1,-2.44631052,1,-8.2602911,1,0.00641841,1,0.00214798,1,0.004263025,1,0.362577677,1,-0.463450551,1,0.54973644,1
0.519994617,-4.732014656,1,-2.441042423,1,-8.241984367,1,0.005735646,1,0.003758699,1,0.004117467,1,0.362588614,1,-0.463445514,1,0.54976368,1
0.523994386,-4.771361351,1,-2.427561283,1,-8.236422539,1,0.00655498,1,0.004518702,1,0.002595544,1,0.362607032,1,-0.463434905,1,0.549774766,1
0.527995884,-4.744827271,1,-2.397747278,1,-8.257627487,1,0.007026943,1,0.002465146,1,0.001761302,1,0.362624228,1,-0.463429928,1,0.549786806,1
0.531993866,-4.764156342,1,-2.39845705,1,-8.255484581,1,0.006186509,1,0.001547006,1,0.003592344,1,0.362641722,1,-0.463418216,1,0.549798846,1
0.535993338,-4.752479553,1,-2.402593374,1,-8.237430573,1,0.007682675,1,0.005824675,1,0.000146634,1,0.362663746,1,-0.46340248,1,0.549810767,1
0.539994895,-4.746674061,1,-2.421861887,1,-8.247117996,1,0.008124456,1,0.00281565,1,-0.001049283,1,0.362691939,1,-0.463386744,1,0.549822032,1
0.543992817,-4.74669981,1,-2.409477472,1,-8.239805222,1,0.006093661,1,0.009040696,1,-5.70E-05,1,0.362719238,1,-0.463363469,1,0.549839318,1
0.547992349,-4.743942261,1,-2.425168753,1,-8.237034798,1,0.010882698,1,0.00781528,1,-0.001734522,1,0.362744063,1,-0.463337153,1,0.54985255,1
0.551994622,-4.728977203,1,-2.453204155,1,-8.217051506,1,0.006441846,1,0.007868852,1,0.003728617,1,0.362769306,1,-0.463304192,1,0.549868345,1
0.555992842,-4.742555141,1,-2.471740007,1,-8.246929169,1,0.008264448,1,0.004693472,1,0.001649073,1,0.362795115,1,-0.463288158,1,0.549885452,1
0.559992313,-4.746799469,1,-2.476746082,1,-8.235743523,1,0.005210907,1,0.004206287,1,0.001856412,1,0.362817347,1,-0.463267922,1,0.549904168,1
0.563994646,-4.771417618,1,-2.480581522,1,-8.215579033,1,0.00689718,1,0.00769024,1,-0.002082072,1,0.362837911,1,-0.463241518,1,0.549910724,1
0.567992806,-4.773243904,1,-2.499033689,1,-8.230999947,1,0.006996203,1,0.007679823,1,4.76E-05,1,0.362863421,1,-0.463211775,1,0.54992497,1
0.571992338,-4.738538265,1,-2.439481497,1,-8.243878365,1,0.006799674,1,0.006192511,1,-0.001250733,1,0.362887204,1,-0.463176906,1,0.54993695,1
0.575994134,-4.717131615,1,-2.4405725,1,-8.230302811,1,0.009267398,1,0.009471509,1,0.002175963,1,0.36290741,1,-0.463149816,1,0.549950302,1
0.579992056,-4.745525837,1,-2.409036636,1,-8.254076004,1,0.008381851,1,0.012450061,1,-0.004348353,1,0.362924278,1,-0.46311444,1,0.54996556,1
0.583997965,-4.750449181,1,-2.40593648,1,-8.25935936,1,0.00699431,1,0.010603886,1,0.002042963,1,0.36294809,1,-0.463070393,1,0.54997921,1
0.588,-4.764081955,1,-2.419214964,1,-8.269685745,1,0.008702946,1,0.010170186,1,-0.001436593,1,0.36297518,1,-0.463035285,1,0.549989641,1
0.591997981,-4.732856274,1,-2.398164749,1,-8.2586689,1,0.009507382,1,0.009449133,1,0.003019364,1,0.363000035,1,-0.462997913,1,0.550008178,1
0.595997691,-4.741831779,1,-2.43680644,1,-8.241696358,1,0.010219065,1,0.008724838,1,0.000133462,1,0.363028109,1,-0.462963015,1,0.550021887,1
0.600000024,-4.733934402,1,-2.438423634,1,-8.228111267,1,0.009819468,1,0.005698173,1,0.002704932,1,0.363064051,1,-0.462939084,1,0.550029576,1
0.603998184,-4.745131493,1,-2.434638739,1,-8.252799988,1,0.005257138,1,0.004885733,1,-1.62E-06,1,0.363095522,1,-0.462910682,1,0.550037622,1
0.607997954,-4.747395039,1,-2.428007841,1,-8.23991394,1,0.009581954,1,0.006443272,1,-1.87E-05,1,0.363120914,1,-0.462890089,1,0.550048947,1
0.61199975,-4.73597765,1,-2.452117205,1,-8.280140877,1,0.005608656,1,0.002727404,1,0.001270459,1,0.363150835,1,-0.462870359,1,0.550061941,1
0.615997672,-4.756201267,1,-2.411114931,1,-8.250812531,1,0.00915962,1,0.00434036,1,-0.003252066,1,0.36317879,1,-0.462847948,1,0.550068676,1
0.619997442,-4.771067142,1,-2.427085876,1,-8.256943703,1,0.012282716,1,0.003615869,1,-0.001427075,1,0.363217354,1,-0.462828934,1,0.550070822,1
0.623999238,-4.759798527,1,-2.467450142,1,-8.253383636,1,0.010683632,1,0.005897701,1,-0.001682271,1,0.363254637,1,-0.462810218,1,0.55007273,1
0.62799716,-4.768325329,1,-2.454216957,1,-8.258262634,1,0.006914443,1,0.002168458,1,-0.00121334,1,0.363286495,1,-0.462799281,1,0.550079703,1
0.631996691,-4.718502998,1,-2.495417356,1,-8.226194382,1,0.008529231,1,0.006611889,1,0.001686481,1,0.36331448,1,-0.462780684,1,0.550089717,1
0.635998487,-4.726771832,1,-2.503068209,1,-8.25835228,1,0.009645864,1,0.000947862,1,0.000384605,1,0.363347322,1,-0.462773472,1,0.550096035,1
0.639996648,-4.742937565,1,-2.484575033,1,-8.239555359,1,0.002471289,1,0.001568364,1,-0.001832207,1,0.363361776,1,-0.462763965,1,0.550116897,1
0.643996179,-4.739539146,1,-2.473552227,1,-8.22938633,1,0.005838263,1,0.001096506,1,0.003255062,1,0.363378644,1,-0.462756634,1,0.550124884,1
0.647997975,-4.721978664,1,-2.461091757,1,-8.251213074,1,0.009204461,1,-0.000343738,1,0.00285794,1,0.363398314,1,-0.462760925,1,0.550146043,1
0.651995897,-4.740809917,1,-2.436666012,1,-8.272674561,1,0.008072032,1,0.001093853,1,0.004061644,1,0.363415003,1,-0.46275723,1,0.550161362,1
0.655995369,-4.740171432,1,-2.466895819,1,-8.263171196,1,0.002261446,1,0.003666372,1,0.007563891,1,0.363419116,1,-0.462752342,1,0.550186396,1
0.659997463,-4.744900703,1,-2.462972879,1,-8.240876198,1,0.00357168,1,0.001784444,1,0.003096986,1,0.363431871,1,-0.462754279,1,0.550206184,1
0.663995385,-4.760344982,1,-2.470676661,1,-8.257034302,1,0.004600916,1,0.001793328,1,0.005317994,1,0.363437861,1,-0.462752223,1,0.550229192,1
0.667994857,-4.769054413,1,-2.467606068,1,-8.213261604,1,0.005356085,1,0.002712683,1,0.002888288,1,0.363454163,1,-0.462748796,1,0.550244212,1
0.671996653,-4.708393097,1,-2.432762623,1,-8.271399498,1,0.00142422,1,0.004060175,1,0.005767105,1,0.363466024,1,-0.462742627,1,0.550258398,1
0.675994635,-4.749940872,1,-2.394328833,1,-8.24922657,1,0.005091465,1,0.002505441,1,0.003151977,1,0.363475144,1,-0.462734103,1,0.550278485,1
0.679994345,-4.722946167,1,-2.450282574,1,-8.273306847,1,0.006910917,1,0.002456633,1,0.002714246,1,0.363500059,1,-0.462730914,1,0.55029273,1
0.683996439,-4.702697754,1,-2.449087143,1,-8.177618027,1,0.011066686,1,0.008973032,1,0.002511532,1,0.363526314,1,-0.462722659,1,0.55031085,1
0.687994599,-4.80698967,1,-2.435622454,1,-8.2846632,1,0.008968893,1,0.001281455,1,0.001826183,1,0.363557816,1,-0.462710202,1,0.550326586,1
0.691994905,-4.768968582,1,-2.405614614,1,-8.272699356,1,0.007497901,1,0.004481419,1,0.008520181,1,0.363592505,1,-0.462708145,1,0.550343454,1
0.695996702,-4.712983131,1,-2.447101116,1,-8.226457596,1,0.005689281,1,0.000556676,1,0.003824407,1,0.361756921,1,-0.463901043,1,0.550587535,1
0.699994385,-4.710613728,1,-2.428976774,1,-8.262756348,1,0.009854188,1,0.001747341,1,0.001342502,1,0.361791074,1,-0.463898927,1,0.550596058,1
0.704000235,-4.696612358,1,-2.483319998,1,-8.213946342,1,0.008386668,1,-0.004728746,1,0.004371868,1,0.361822963,1,-0.463901967,1,0.550606072,1
0.708002031,-4.758774757,1,-2.419644594,1,-8.263375282,1,0.004918446,1,-0.001435989,1,0.003230963,1,0.36183846,1,-0.463905901,1,0.550624967,1
0.712000251,-4.742164135,1,-2.435578346,1,-8.258200645,1,0.008825645,1,0.004731851,1,0.004598931,1,0.361875176,1,-0.463910282,1,0.550634861,1
0.715999722,-4.755177021,1,-2.452405453,1,-8.246192932,1,0.00617636,1,-0.001706586,1,0.000749107,1,0.361900747,1,-0.463907838,1,0.550657451,1
0.720001519,-4.742185593,1,-2.480451345,1,-8.263273239,1,0.006180365,1,-0.001567509,1,0.003633302,1,0.36192587,1,-0.463914454,1,0.550669968,1
0.723999739,-4.733268261,1,-2.502072811,1,-8.222005844,1,0.006411897,1,0.001058471,1,0.004207608,1,0.361949503,1,-0.46391046,1,0.550687194,1
0.727999508,-4.749287128,1,-2.489439964,1,-8.256176949,1,0.001901967,1,0.002956396,1,0.002165275,1,0.361964166,1,-0.463909805,1,0.550703526,1
0.732001305,-4.777368546,1,-2.493008137,1,-8.209691048,1,0.003616389,1,0.001085997,1,0.004818922,1,0.361965537,1,-0.463912487,1,0.550722897,1
0.735999227,-4.75488472,1,-2.472202539,1,-8.221341133,1,0.0060119,1,0.002511902,1,0.005303874,1,0.36198023,1,-0.463912547,1,0.550743401,1
0.739998698,-4.749423981,1,-2.410747766,1,-8.252127647,1,0.000594677,1,0.002184712,1,0.003951515,1,0.361988068,1,-0.463910699,1,0.550766408,1
0.744000494,-4.73501873,1,-2.419713259,1,-8.224804878,1,0.002688891,1,0.001002363,1,0.004326795,1,0.36199379,1,-0.463910937,1,0.550781548,1
0.747998476,-4.753642082,1,-2.40309906,1,-8.250535011,1,0.005199004,1,0.002142914,1,0.000796205,1,0.362006605,1,-0.463913649,1,0.550800622,1
0.751997948,-4.777157784,1,-2.434857845,1,-8.225473404,1,0.005198171,1,-0.000133035,1,0.005902471,1,0.362011254,1,-0.463917047,1,0.550820112,1
0.755999744,-4.761167049,1,-2.433073044,1,-8.250199318,1,0.00764802,1,0.004636153,1,0.005369597,1,0.362026632,1,-0.463917226,1,0.550843954,1
0.759997427,-4.766847134,1,-2.419543743,1,-8.278783798,1,0.00632532,1,0.000946019,1,0.004140448,1,0.362045228,1,-0.463916272,1,0.550861716,1
0.763996899,-4.729112625,1,-2.408001423,1,-8.241362572,1,0.00558625,1,0.003602152,1,0.00369149,1,0.36206013,1,-0.463908643,1,0.550882638,1
0.767998695,-4.779382229,1,-2.448099613,1,-8.251138687,1,0.005123422,1,-0.001087165,1,0.00137056,1,0.36207664,1,-0.463916928,1,0.550901473,1
0.771996677,-4.733244419,1,-2.444048643,1,-8.251680374,1,0.006197835,1,0.000275988,1,0.000408687,1,0.362096965,1,-0.463924408,1,0.550911427,1
0.775996387,-4.765299797,1,-2.420182943,1,-8.265884399,1,0.008283827,1,0.004599628,1,0.002599203,1,0.362116575,1,-0.463923186,1,0.550928891,1
0.779998183,-4.760783672,1,-2.455189466,1,-8.219519615,1,0.008107749,1,-0.002271313,1,0.005298157,1,0.362134576,1,-0.463929862,1,0.550945342,1
0.783995926,-4.682569504,1,-2.466157198,1,-8.217079163,1,0.007562521,1,-0.001846233,1,0.006807425,1,0.362155735,1,-0.46393171,1,0.550961971,1
0.787995636,-4.805743217,1,-2.384122372,1,-8.268062592,1,0.008839517,1,-0.004595579,1,0.002201463,1,0.36217922,1,-0.463950187,1,0.550980389,1
0.791997433,-4.806063175,1,-2.393820763,1,-8.196066856,1,0.004889163,1,0.003711933,1,0.005264434,1,0.362200677,1,-0.463953316,1,0.551000178,1
0.795995116,-4.741326332,1,-2.413636208,1,-8.253236771,1,0.012817821,1,0.003762678,1,0.001922219,1,0.3622334,1,-0.463935226,1,0.551019847,1
0.799994886,-4.76131916,1,-2.448245049,1,-8.273427963,1,0.007407719,1,-0.000272071,1,0.003292202,1,0.362263143,1,-0.463934958,1,0.551029742,1
0.803996682,-4.753088951,1,-2.426878929,1,-8.232340813,1,0.008550608,1,0.001882031,1,0.000340115,1,0.362290919,1,-0.463930726,1,0.551036656,1
0.807994604,-4.749916553,1,-2.418981552,1,-8.248354912,1,0.008645942,1,0.001844575,1,0.003245697,1,0.36231184,1,-0.46393168,1,0.551051617,1
0.811994135,-4.772217751,1,-2.486556768,1,-8.243396759,1,0.001320026,1,0.001272404,1,0.002860407,1,0.362330437,1,-0.46392554,1,0.551062703,1
0.815995932,-4.764732361,1,-2.481703997,1,-8.225150108,1,0.005047098,1,-0.001504161,1,0.000104475,1,0.362353623,1,-0.463920474,1,0.55106777,1
0.819993854,-4.727423191,1,-2.438148499,1,-8.211109161,1,0.003971654,1,0.005483252,1,0.00325914,1,0.362367451,1,-0.463914365,1,0.551089883,1
0.823999465,-4.717875004,1,-2.464582443,1,-8.242921829,1,0.002862113,1,0.00401768,1,0.002711492,1,0.362385333,1,-0.463904113,1,0.551107347,1
0.828001261,-4.752639771,1,-2.447012186,1,-8.259208679,1,0.012049797,1,0.003011178,1,-0.001742276,1,0.362399131,1,-0.463895828,1,0.551124454,1
0.831999242,-4.774921894,1,-2.417667389,1,-8.266406059,1,0.005974652,1,0.006818235,1,0.002788053,1,0.362435222,1,-0.463876486,1,0.551133931,1
0.835998714,-4.794148922,1,-2.403919935,1,-8.251301765,1,0.007818073,1,0.006117881,1,0.00356574,1,0.362451226,1,-0.463857472,1,0.55115658,1
0.84000051,-4.784105778,1,-2.394100189,1,-8.274856567,1,0.007263097,1,0.002099025,1,0.000296496,1,0.362478733,1,-0.463839352,1,0.551169872,1
0.843998194,-4.776396751,1,-2.408619404,1,-8.240012169,1,0.013423106,1,0.009950696,1,-0.000555611,1,0.36250788,1,-0.463824272,1,0.551187873,1
0.847997725,-4.734169006,1,-2.447211742,1,-8.228964806,1,0.009096443,1,0.00618344,1,0.000598798,1,0.36253494,1,-0.463796765,1,0.551193058,1
0.851999462,-4.778301239,1,-2.434782743,1,-8.239979744,1,0.005008857,1,0.008046855,1,-0.001575865,1,0.362568676,1,-0.463774413,1,0.551203489,1
0.855997443,-4.782998562,1,-2.420937538,1,-8.215615273,1,0.010160455,1,0.005215785,1,0.002591816,1,0.362596333,1,-0.463753074,1,0.551214576,1
0.859996915,-4.742028713,1,-2.428422928,1,-8.237426758,1,0.010318583,1,0.006258825,1,-0.00019473,1,0.362629116,1,-0.46373269,1,0.551231384,1
0.863998711,-4.731789589,1,-2.409893751,1,-8.243825912,1,0.013945477,1,0.008015796,1,0.001317606,1,0.362673163,1,-0.463716716,1,0.551238596,1
0.867996395,-4.743193626,1,-2.423971891,1,-8.248688698,1,0.012681627,1,0.005240468,1,0.003443827,1,0.362710595,1,-0.463689446,1,0.551248193,1
0.871996164,-4.741464138,1,-2.433066607,1,-8.225166321,1,0.009637422,1,0.00739978,1,-0.003759233,1,0.362755179,1,-0.46366632,1,0.551249981,1
0.875997961,-4.78727293,1,-2.439614534,1,-8.221815109,1,0.009248277,1,0.008254876,1,0.000725298,1,0.362796605,1,-0.463637531,1,0.551258266,1
0.879995883,-4.77437973,1,-2.471316338,1,-8.233682632,1,0.009743894,1,0.006407123,1,-0.004853175,1,0.362836659,1,-0.463606358,1,0.551267266,1
0.883995652,-4.7541008,1,-2.448945522,1,-8.252396584,1,0.013017063,1,0.007504457,1,-0.002038472,1,0.36288178,1,-0.463579446,1,0.551265299,1
0.887997448,-4.768631935,1,-2.446503401,1,-8.233265877,1,0.011481286,1,0.008365776,1,-0.002681296,1,0.36292237,1,-0.463546932,1,0.551274657,1
0.891995132,-4.766031265,1,-2.456012249,1,-8.244148254,1,0.010996388,1,0.008087361,1,-0.002485472,1,0.36296609,1,-0.463508666,1,0.551274896,1
0.895994604,-4.769066334,1,-2.456620693,1,-8.234534264,1,0.009078383,1,0.009519897,1,0.000623766,1,0.363005102,1,-0.463479161,1,0.551281869,1
0.8999964,-4.770746231,1,-2.473055601,1,-8.232232094,1,0.005059705,1,0.011567198,1,-0.002392513,1,0.363037407,1,-0.463437766,1,0.551293612,1
0.903994381,-4.7299366,1,-2.479891539,1,-8.269740105,1,0.007092046,1,0.009802537,1,-0.001444169,1,0.363063514,1,-0.463398814,1,0.551294684,1
0.907993853,-4.742972851,1,-2.467494488,1,-8.215913773,1,0.006546195,1,0.010969968,1,-0.001438088,1,0.363085747,1,-0.463351458,1,0.551308215,1
0.911995649,-4.748763561,1,-2.44237566,1,-8.231356621,1,0.005305228,1,0.012003021,1,-0.003741625,1,0.363107324,1,-0.463313282,1,0.551316082,1
0.915993571,-4.733109951,1,-2.438350677,1,-8.245203972,1,0.007964371,1,0.008703994,1,-0.004487679,1,0.363130599,1,-0.463271707,1,0.551320851,1
0.919993103,-4.74252224,1,-2.451586485,1,-8.267346382,1,0.008798048,1,0.008733515,1,0.000993873,1,0.363162458,1,-0.463240862,1,0.551330805,1
0.923994899,-4.721357822,1,-2.438332319,1,-8.257518768,1,0.008425847,1,0.009495582,1,0.002462057,1,0.363181531,1,-0.463210315,1,0.551348388,1
0.927992821,-4.77388525,1,-2.440591335,1,-8.26812458,1,0.007388494,1,0.005651515,1,-0.001961745,1,0.363200665,1,-0.463178784,1,0.551360846,1
0.931992292,-4.767388344,1,-2.478760719,1,-8.240265846,1,0.004307463,1,0.00822003,1,0.000641121,1,0.363217413,1,-0.463152528,1,0.551368415,1
0.935994387,-4.739052296,1,-2.438188553,1,-8.274672508,1,0.003812097,1,0.00874101,1,0.0009977,1,0.363236398,1,-0.463120311,1,0.551373482,1
0.939992547,-4.758833408,1,-2.41089797,1,-8.25527668,1,0.005425811,1,0.00622757,1,-0.000899944,1,0.363252282,1,-0.463095546,1,0.551384568,1
0.943998218,-4.778642654,1,-2.432924271,1,-8.269556046,1,0.006264549,1,0.006332688,1,-0.000652318,1,0.361418188,1,-0.46432364,1,0.551935971,1
0.948000014,-4.760395527,1,-2.401172638,1,-8.249609947,1,0.007498303,1,0.013148676,1,-0.00170984,1,0.36149776,1,-0.464213133,1,0.551604509,1
0.951997936,-4.731566906,1,-2.389488935,1,-8.277320862,1,0.012526904,1,0.002244422,1,-0.0058745,1,0.36153388,1,-0.464184254,1,0.5516029,1
0.955997467,-4.767305374,1,-2.440349817,1,-8.242470741,1,0.011442326,1,0.006793457,1,-0.003959464,1,0.361584187,1,-0.464159548,1,0.551591635,1
0.959999204,-4.730079651,1,-2.477080822,1,-8.217999458,1,0.012507554,1,0.003686784,1,-0.001539235,1,0.361631036,1,-0.464136362,1,0.551601171,1
0.963996947,-4.740824699,1,-2.421545744,1,-8.23797226,1,0.010882359,1,0.004387896,1,-0.001628349,1,0.361670971,1,-0.464109868,1,0.551599205,1
0.967996657,-4.778079987,1,-2.438779116,1,-8.24382019,1,0.008173483,1,0.008783285,1,-0.002160039,1,0.361706853,1,-0.464081883,1,0.551605165,1
0.971998453,-4.760077,1,-2.449621916,1,-8.22591877,1,0.009230194,1,0.007267912,1,-0.001657359,1,0.361747891,1,-0.464054644,1,0.55159831,1
0.975996137,-4.759629726,1,-2.459264517,1,-8.207448006,1,0.009121496,1,0.009768236,1,-0.007450409,1,0.36178726,1,-0.464017063,1,0.551597893,1
0.979995668,-4.749222755,1,-2.440745831,1,-8.212032318,1,0.00931922,1,0.009364417,1,-0.00616652,1,0.361828268,1,-0.463974059,1,0.551592767,1
0.983997464,-4.767816544,1,-2.427430391,1,-8.187459946,1,0.014238779,1,0.01129297,1,-0.006533786,1,0.361858934,1,-0.463927865,1,0.551593184,1
0.987995148,-4.745236397,1,-2.390067577,1,-8.225587845,1,0.013155349,1,0.011338077,1,-0.002944085,1,0.361912817,1,-0.46387583,1,0.551587522,1
0.991994858,-4.763128757,1,-2.382809162,1,-8.252767563,1,0.014094384,1,0.011503099,1,-0.004913391,1,0.361966342,1,-0.463819981,1,0.551581264,1
0.995996654,-4.743821144,1,-2.416039467,1,-8.228125572,1,0.012397705,1,0.011860427,1,-0.007400814,1,0.362025023,1,-0.463772804,1,0.551576257,1
0.999994636,-4.733129978,1,-2.387834072,1,-8.221381187,1,0.013517415,1,0.014328407,1,-0.010883022,1,0.362079561,1,-0.463707596,1,0.551568687,1
1.003994107,-4.779080868,1,-2.442599297,1,-8.24284935,1,0.015226905,1,0.018328134,1,-0.004171879,1,0.362142563,1,-0.46364215,1,0.551559269,1
1.007995963,-4.726052761,1,-2.441832304,1,-8.241099358,1,0.017756745,1,0.014378985,1,-0.008316847,1,0.362208307,1,-0.463578939,1,0.551553488,1
1.011993885,-4.752839088,1,-2.44173336,1,-8.243082047,1,0.01636567,1,0.012598095,1,-0.005340562,1,0.362273633,1,-0.463516861,1,0.551542699,1
1.015993357,-4.713431835,1,-2.4933815,1,-8.256299973,1,0.012174529,1,0.014216876,1,-0.004257334,1,0.362325311,1,-0.463452756,1,0.551541865,1
1.019995093,-4.697081566,1,-2.463139057,1,-8.239404678,1,0.012037661,1,0.012363294,1,-0.003472937,1,0.362385839,1,-0.463404626,1,0.55153805,1
1.023993134,-4.708638191,1,-2.496590137,1,-8.228475571,1,0.011119518,1,0.015127605,1,-0.007714672,1,0.362426788,1,-0.463350147,1,0.551535308,1
1.027992606,-4.744074821,1,-2.47166419,1,-8.262043953,1,0.013060628,1,0.011352424,1,-0.001901995,1,0.362480164,1,-0.463297069,1,0.551532567,1
1.031994343,-4.742785454,1,-2.470928431,1,-8.25739193,1,0.012660434,1,0.012358402,1,-0.007906708,1,0.362530589,1,-0.463245124,1,0.551529348,1
1.035992265,-4.756388187,1,-2.492142916,1,-8.246424675,1,0.011929048,1,0.012139011,1,-0.007312089,1,0.362582445,1,-0.46319437,1,0.551528335,1
1.039991856,-4.72676754,1,-2.481148958,1,-8.28942585,1,0.013578868,1,0.013219245,1,-0.003594154,1,0.36262551,1,-0.463140756,1,0.551532388,1
1.043993831,-4.718516827,1,-2.446617603,1,-8.244239807,1,0.010768713,1,0.00994303,1,-0.001099793,1,0.362668097,1,-0.463092923,1,0.551537693,1
1.047991753,-4.736751556,1,-2.478364229,1,-8.264793396,1,0.012359679,1,0.006686428,1,-0.005265945,1,0.362713456,1,-0.463046342,1,0.551534712,1
1.051991343,-4.773763657,1,-2.434767485,1,-8.24696064,1,0.011547972,1,0.014107775,1,-0.006811372,1,0.362769186,1,-0.463003904,1,0.551523089,1
1.05599308,-4.741392136,1,-2.460936785,1,-8.2695961,1,0.007290717,1,0.009467181,1,-0.004288089,1,0.362817466,1,-0.462954402,1,0.551522017,1
1.059991002,-4.733707428,1,-2.446490765,1,-8.260955811,1,0.015071505,1,0.010310174,1,-0.006692908,1,0.36286059,1,-0.462911129,1,0.551513553,1
1.063997149,-4.70250082,1,-2.478380919,1,-8.244996071,1,0.009795127,1,0.007830574,1,-0.000830835,1,0.362908602,1,-0.462868959,1,0.551507115,1
1.067999244,-4.735005856,1,-2.464071035,1,-8.258856773,1,0.014797601,1,0.008224912,1,-0.004757655,1,0.36295861,1,-0.462836891,1,0.55150944,1
1.071997166,-4.743972778,1,-2.502137184,1,-8.242281914,1,0.008167112,1,0.005692257,1,-0.002338212,1,0.363001883,1,-0.462809443,1,0.551503778,1
1.075996876,-4.753501892,1,-2.469021559,1,-8.249277115,1,0.013496736,1,0.006266551,1,-0.001649262,1,0.363041341,1,-0.462781668,1,0.551502526,1
1.079998732,-4.741663456,1,-2.483904362,1,-8.260868073,1,0.008321403,1,0.006820856,1,-0.004614159,1,0.363090158,1,-0.462753922,1,0.551489532,1
1.083996415,-4.749533653,1,-2.445864201,1,-8.260168076,1,0.005273255,1,0.005438401,1,-0.003437594,1,0.363128453,1,-0.462724447,1,0.551477849,1
1.087996125,-4.723027229,1,-2.436523676,1,-8.234387398,1,0.010703478,1,0.00899853,1,-0.003325222,1,0.363171399,1,-0.462691665,1,0.551476598,1
1.091997981,-4.750485897,1,-2.451642036,1,-8.249948502,1,0.011146974,1,0.010450082,1,-0.006573009,1,0.363216341,1,-0.462652415,1,0.551472962,1
1.095995903,-4.747918129,1,-2.418330669,1,-8.266434669,1,0.01075412,1,0.008285747,1,-0.002953376,1,0.363259882,1,-0.462613702,1,0.551474631,1
1.099995375,-4.735114574,1,-2.441671133,1,-8.227941513,1,0.012214392,1,0.010407645,1,-0.003109769,1,0.363311768,1,-0.462572902,1,0.551467955,1
1.103996873,-4.75257349,1,-2.455561399,1,-8.227454185,1,0.008668771,1,0.005605388,1,-0.004688375,1,0.363359183,1,-0.462532699,1,0.551462114,1
1.107994914,-4.733721733,1,-2.460731745,1,-8.239095688,1,0.014934452,1,0.011225728,1,-0.003980789,1,0.363401532,1,-0.462499857,1,0.551461637,1
1.111994386,-4.762127876,1,-2.443173647,1,-8.254894257,1,0.009412044,1,0.006917223,1,-0.005717846,1,0.363453269,1,-0.462464035,1,0.551451564,1
1.115995884,-4.73077631,1,-2.44375515,1,-8.235338211,1,0.010821166,1,0.007612601,1,-0.005552715,1,0.363496274,1,-0.462431848,1,0.551451504,1
1.119993806,-4.771082878,1,-2.459441185,1,-8.243229866,1,0.012275573,1,0.00934628,1,-0.003893503,1,0.363539279,1,-0.462391496,1,0.551452577,1
1.123993397,-4.772748947,1,-2.457567453,1,-8.233784676,1,0.009700589,1,0.007733155,1,-0.003493073,1,0.363580525,1,-0.462353259,1,0.551450193,1
1.127995133,-4.740596294,1,-2.417276621,1,-8.211380959,1,0.011447139,1,0.01103084,1,-0.005946939,1,0.363626242,1,-0.46230948,1,0.551450014,1
1.131993055,-4.748795986,1,-2.387350559,1,-8.231861115,1,0.011867659,1,0.011691939,1,-0.003301217,1,0.363670468,1,-0.462259501,1,0.551454306,1
1.135992527,-4.745563507,1,-2.410955191,1,-8.252473831,1,0.013239903,1,0.014085101,1,-0.008246472,1,0.363720894,1,-0.462201715,1,0.551452577,1
1.139994383,-4.747376919,1,-2.380151272,1,-8.219927788,1,0.014482403,1,0.011207833,1,-0.006356253,1,0.363784015,1,-0.462143987,1,0.551444769,1
1.143992305,-4.747885227,1,-2.424038887,1,-8.230841637,1,0.014236719,1,0.013226966,1,-0.00640833,1,0.363844514,1,-0.46208483,1,0.551440001,1
1.147991776,-4.746168613,1,-2.380267859,1,-8.237018585,1,0.013912195,1,0.014850365,1,-0.011277013,1,0.36390245,1,-0.462015122,1,0.551429689,1
1.151993632,-4.756097317,1,-2.417756796,1,-8.220454216,1,0.016129863,1,0.017960563,1,-0.010315053,1,0.363968015,1,-0.461931348,1,0.551416278,1
1.155991554,-4.750007629,1,-2.382474899,1,-8.212327957,1,0.021148711,1,0.017965183,1,-0.012359135,1,0.364039123,1,-0.46185264,1,0.551403284,1
1.159991264,-4.754602909,1,-2.338403225,1,-8.195246696,1,0.020163566,1,0.020455785,1,-0.011945665,1,0.364133805,1,-0.461758912,1,0.551381469,1
1.16399312,-4.749312878,1,-2.350917101,1,-8.219996452,1,0.020096641,1,0.022797072,1,-0.016963063,1,0.364221692,1,-0.461657643,1,0.551357806,1
1.167990804,-4.730900288,1,-2.371156216,1,-8.234946251,1,0.025046594,1,0.022616716,1,-0.014107479,1,0.364331782,1,-0.46155256,1,0.551327646,1
1.171990514,-4.756491661,1,-2.369973421,1,-8.22543335,1,0.029338438,1,0.025222288,1,-0.018530618,1,0.364445984,1,-0.461443424,1,0.551297843,1
1.17599237,-4.748635769,1,-2.395813942,1,-8.219630241,1,0.026954155,1,0.028692711,1,-0.015630584,1,0.364576101,1,-0.461326063,1,0.551259279,1
1.179990053,-4.755518436,1,-2.46281743,1,-8.226730347,1,0.031315152,1,0.02594489,1,-0.020957857,1,0.364711344,1,-0.461203307,1,0.55121088,1
1.183995962,-4.747841358,1,-2.451668739,1,-8.205831528,1,0.028058629,1,0.024820425,1,-0.022729862,1,0.364848673,1,-0.461075425,1,0.551166654,1
1.187997699,-4.726668358,1,-2.432371855,1,-8.18027401,1,0.024692792,1,0.031526562,1,-0.017636584,1,0.36497438,1,-0.46094054,1,0.551121294,1
1.191995621,-4.729692459,1,-2.378452539,1,-8.187671661,1,0.029787969,1,0.030823613,1,-0.019929927,1,0.365105212,1,-0.460796446,1,0.551089764,1
1.195995092,-4.773628712,1,-2.374352932,1,-8.175580978,1,0.027386988,1,0.037383616,1,-0.024395121,1,0.363429457,1,-0.461828232,1,0.551259458,1
1.199996948,-4.743452549,1,-2.361841917,1,-8.175896645,1,0.029709745,1,0.041075196,1,-0.023694159,1,0.363561511,1,-0.461645722,1,0.551225901,1
1.20399487,-4.791872025,1,-2.345475197,1,-8.168633461,1,0.030389277,1,0.041421186,1,-0.027126487,1,0.363704503,1,-0.461459577,1,0.551178098,1
1.20799458,-4.759689808,1,-2.297233343,1,-8.171748161,1,0.036640406,1,0.049908388,1,-0.029969346,1,0.363863319,1,-0.461253107,1,0.551126063,1
1.211996436,-4.719559193,1,-2.288406849,1,-8.168321609,1,0.038475785,1,0.048414294,1,-0.034165345,1,0.364033639,1,-0.46102047,1,0.551077843,1
1.215994358,-4.686752319,1,-2.279359341,1,-8.205655098,1,0.041909326,1,0.058797173,1,-0.036406126,1,0.364223123,1,-0.460766882,1,0.551016748,1
1.21999383,-4.665177345,1,-2.263043404,1,-8.196408272,1,0.049714822,1,0.064123578,1,-0.037070166,1,0.364435852,1,-0.460482091,1,0.55096221,1
1.223995924,-4.790010929,1,-2.226797581,1,-8.178429604,1,0.054760739,1,0.061320797,1,-0.041974235,1,0.364673793,1,-0.460207075,1,0.550899267,1
1.227993846,-4.749997616,1,-2.410876513,1,-8.22556591,1,0.058293719,1,0.058544241,1,-0.037679471,1,0.364929646,1,-0.459921837,1,0.550821185,1
1.231993318,-4.761363983,1,-2.416933775,1,-8.269833565,1,0.059071727,1,0.065409601,1,-0.044989549,1,0.365202397,1,-0.459624141,1,0.550741315,1
1.235995173,-4.724332809,1,-2.514225483,1,-8.245092392,1,0.057804335,1,0.0622494,1,-0.045438446,1,0.365475237,1,-0.459318459,1,0.550655425,1
1.239993095,-4.661659718,1,-2.557782173,1,-8.249285698,1,0.057355896,1,0.067839243,1,-0.040586114,1,0.365740478,1,-0.45901081,1,0.550576329,1
1.243992567,-4.748523712,1,-2.658615828,1,-8.236153603,1,0.055760119,1,0.071451761,1,-0.040188409,1,0.365996659,1,-0.458701283,1,0.550516248,1
1.247994423,-4.725531578,1,-2.623475552,1,-8.250132561,1,0.049181938,1,0.070370406,1,-0.038401213,1,0.366229266,1,-0.458388329,1,0.550456822,1
1.251992345,-4.774805546,1,-2.673539877,1,-8.253304482,1,0.045236941,1,0.071210526,1,-0.040050544,1,0.366441607,1,-0.458063543,1,0.550402224,1
1.255992055,-4.690475941,1,-2.689445734,1,-8.221824646,1,0.038353831,1,0.072535276,1,-0.036229156,1,0.366629183,1,-0.457741052,1,0.550364196,1
1.259993911,-4.713496685,1,-2.622728586,1,-8.214537621,1,0.036827531,1,0.071086526,1,-0.033561274,1,0.366800129,1,-0.457424223,1,0.550322831,1
1.263991833,-4.7170825,1,-2.614621401,1,-8.23004055,1,0.036143038,1,0.072990388,1,-0.038185403,1,0.366954207,1,-0.457105577,1,0.550291598,1
1.267991543,-4.707273006,1,-2.575069904,1,-8.237537384,1,0.029037487,1,0.073948815,1,-0.029576443,1,0.367086291,1,-0.456778288,1,0.550278962,1
1.271993399,-4.727853775,1,-2.528210878,1,-8.274805069,1,0.030878866,1,0.079122186,1,-0.029088331,1,0.367209882,1,-0.456453294,1,0.550264597,1
1.275991082,-4.726633549,1,-2.497243404,1,-8.279047012,1,0.027678737,1,0.078259267,1,-0.033564068,1,0.367323309,1,-0.456115544,1,0.550269008,1
1.279990554,-4.712661266,1,-2.483027935,1,-8.265089035,1,0.028498007,1,0.075483352,1,-0.031430312,1,0.367442459,1,-0.455774426,1,0.55025965,1
1.28399229,-4.718107224,1,-2.542570829,1,-8.274946213,1,0.030078283,1,0.077775002,1,-0.029700007,1,0.367557257,1,-0.455437839,1,0.550264001,1
1.287990212,-4.67173481,1,-2.551154375,1,-8.270323753,1,0.0286375,1,0.080739126,1,-0.031989556,1,0.367672324,1,-0.455099881,1,0.550262749,1
1.291989803,-4.689561844,1,-2.529256344,1,-8.282125473,1,0.024539093,1,0.078085184,1,-0.026368821,1,0.36778301,1,-0.454759657,1,0.550259471,1
1.29599154,-4.660229206,1,-2.533863783,1,-8.298445702,1,0.024785738,1,0.079422913,1,-0.029840158,1,0.36787492,1,-0.45442158,1,0.550264478,1
1.299989462,-4.666934967,1,-2.499381304,1,-8.313246727,1,0.025687577,1,0.07864584,1,-0.026958913,1,0.367976844,1,-0.454080969,1,0.550266385,1
1.303995132,-4.65841341,1,-2.482242584,1,-8.308003426,1,0.025297774,1,0.077701047,1,-0.026457293,1,0.368072569,1,-0.453750074,1,0.550276339,1
1.307996869,-4.68600893,1,-2.504330873,1,-8.303677559,1,0.025709184,1,0.077317648,1,-0.027900705,1,0.368174136,1,-0.453414023,1,0.550282001,1
1.31199491,-4.66149807,1,-2.547177553,1,-8.310009956,1,0.025671758,1,0.079506658,1,-0.025866663,1,0.368268192,1,-0.45307976,1,0.550292134,1
1.315994382,-4.642508507,1,-2.58178854,1,-8.277127266,1,0.024769822,1,0.080778964,1,-0.029807908,1,0.36835736,1,-0.452750564,1,0.55030483,1
1.319996119,-4.648993492,1,-2.556510925,1,-8.284727097,1,0.024236994,1,0.076690629,1,-0.024782635,1,0.368442714,1,-0.452420533,1,0.550325871,1
1.32399416,-4.60309267,1,-2.543764353,1,-8.305353165,1,0.01900135,1,0.075178325,1,-0.024413975,1,0.368517458,1,-0.452099383,1,0.550345004,1
1.327993631,-4.627454281,1,-2.497249842,1,-8.348109245,1,0.019832883,1,0.072753347,1,-0.025182579,1,0.368590266,1,-0.451796234,1,0.550368965,1
1.331995368,-4.609951019,1,-2.507872581,1,-8.335845947,1,0.024241393,1,0.0731804,1,-0.017933235,1,0.368670106,1,-0.451492131,1,0.550392926,1
1.335993052,-4.633162022,1,-2.422404051,1,-8.33389473,1,0.020454528,1,0.070627652,1,-0.020826491,1,0.368745416,1,-0.451198697,1,0.550421,1
1.339992523,-4.605968475,1,-2.488334656,1,-8.349171638,1,0.024552612,1,0.068438329,1,-0.019896649,1,0.368831784,1,-0.450913697,1,0.550448775,1
1.343994379,-4.587406158,1,-2.502618551,1,-8.331878662,1,0.029173514,1,0.063031085,1,-0.018345011,1,0.36891818,1,-0.450635046,1,0.550480068,1
1.347992063,-4.606368542,1,-2.519858599,1,-8.348743439,1,0.026875788,1,0.063777573,1,-0.017216608,1,0.369016945,1,-0.450374603,1,0.550505757,1
1.351991773,-4.595065594,1,-2.566185713,1,-8.377417564,1,0.027365934,1,0.058205441,1,-0.013552276,1,0.369106233,1,-0.450123161,1,0.550542593,1
1.355993629,-4.591712475,1,-2.557466507,1,-8.324790955,1,0.02425985,1,0.058001183,1,-0.012389105,1,0.369185507,1,-0.449881613,1,0.550580859,1
1.359991312,-4.59952116,1,-2.571196318,1,-8.36482811,1,0.02749344,1,0.057549547,1,-0.011227642,1,0.369274527,1,-0.449648857,1,0.550622523,1
1.363990784,-4.604980946,1,-2.533069611,1,-8.384417534,1,0.026836738,1,0.051261999,1,-0.01098771,1,0.369355798,1,-0.449429095,1,0.550667107,1
1.367992282,-4.594426632,1,-2.618596077,1,-8.404865265,1,0.027079636,1,0.04914951,1,-0.010226183,1,0.36944437,1,-0.449233532,1,0.550706983,1
1.371989965,-4.595962524,1,-2.570863724,1,-8.357328415,1,0.028228853,1,0.042439178,1,-0.011158217,1,0.369534731,1,-0.449051082,1,0.550741434,1
1.375989795,-4.606987,1,-2.555074215,1,-8.375109673,1,0.026710525,1,0.037373595,1,-0.006121861,1,0.369639456,1,-0.448893011,1,0.550769448,1
1.379991531,-4.616835594,1,-2.589424849,1,-8.335982323,1,0.025016205,1,0.031226637,1,-0.006949854,1,0.369731992,1,-0.448750436,1,0.550791025,1
1.383989453,-4.57473135,1,-2.654497862,1,-8.341184616,1,0.023980847,1,0.031683143,1,-0.005065224,1,0.369814068,1,-0.448625207,1,0.550827622,1
1.387989283,-4.54292345,1,-2.668463707,1,-8.359334946,1,0.01910699,1,0.026762698,1,-0.002523352,1,0.369885653,1,-0.448514283,1,0.550871193,1
1.391991019,-4.545464039,1,-2.644379377,1,-8.359843254,1,0.017583925,1,0.021555627,1,0.00377572,1,0.369940966,1,-0.44843024,1,0.550917804,1
1.395988941,-4.565531254,1,-2.662425756,1,-8.408120155,1,0.015471693,1,0.016393308,1,0.004262732,1,0.369986415,1,-0.448363602,1,0.550963163,1
1.399988532,-4.595900536,1,-2.587746143,1,-8.38257885,1,0.01332752,1,0.011916237,1,0.009057317,1,0.370021999,1,-0.448321044,1,0.551015377,1
1.40399003,-4.579875469,1,-2.624334335,1,-8.372693062,1,0.010884931,1,0.009788319,1,0.010585407,1,0.370056748,1,-0.44829458,1,0.551065385,1
1.407987952,-4.528508663,1,-2.579558134,1,-8.383607864,1,0.016920516,1,0.001996907,1,0.013943166,1,0.370099008,1,-0.448293924,1,0.551113963,1
1.411987424,-4.52865696,1,-2.579225302,1,-8.373141289,1,0.016073186,1,-0.002618776,1,0.012908565,1,0.370148718,1,-0.448309243,1,0.551162243,1
1.41598928,-4.563288212,1,-2.591599464,1,-8.439103127,1,0.019329531,1,-0.009484673,1,0.011827067,1,0.370203435,1,-0.448346525,1,0.551197767,1
1.419986963,-4.501825333,1,-2.639489651,1,-8.414556503,1,0.018336155,1,-0.0171126,1,0.01567159,1,0.370268941,1,-0.448414475,1,0.551234484,1
1.423986673,-4.530761719,1,-2.593644381,1,-8.434635162,1,0.021102661,1,-0.021786947,1,0.018419193,1,0.370315254,1,-0.448514819,1,0.551280797,1
1.427994609,-4.565056801,1,-2.618166447,1,-8.475701332,1,0.014671192,1,-0.031765897,1,0.017080603,1,0.370376348,1,-0.448637277,1,0.551310062,1
1.431998491,-4.557964802,1,-2.635681391,1,-8.41270256,1,0.014284842,1,-0.034667976,1,0.025086639,1,0.370425642,1,-0.448790729,1,0.551345825,1
1.435998201,-4.563691139,1,-2.596117973,1,-8.412966728,1,0.017882148,1,-0.046471234,1,0.02122004,1,0.370475531,1,-0.448970497,1,0.551379323,1
1.440000057,-4.616992474,1,-2.557701588,1,-8.459190369,1,0.02047128,1,-0.051869359,1,0.025492661,1,0.37055397,1,-0.449187845,1,0.551394105,1
1.443997979,-4.605046749,1,-2.637691259,1,-8.439734459,1,0.018278994,1,-0.058668166,1,0.023993179,1,0.368839264,1,-0.45058769,1,0.551971018,1
1.447997689,-4.578395844,1,-2.603390932,1,-8.440180779,1,0.020229649,1,-0.067770138,1,0.027878981,1,0.368957698,1,-0.450774312,1,0.551636338,1
1.451999784,-4.561707497,1,-2.599028111,1,-8.444958687,1,0.019195244,1,-0.072490796,1,0.028882865,1,0.369030297,1,-0.451075375,1,0.551636755,1
1.455997705,-4.519120216,1,-2.605033875,1,-8.457882881,1,0.020576749,1,-0.084004529,1,0.03235187,1,0.369103253,1,-0.45141387,1,0.551642597,1
1.459997416,-4.595559597,1,-2.702718496,1,-8.470952988,1,0.010235747,1,-0.088494204,1,0.036938831,1,0.369172394,1,-0.451791584,1,0.551640332,1
1.463999271,-4.580062866,1,-2.682292461,1,-8.439426422,1,0.015688784,1,-0.100915365,1,0.031300671,1,0.369226366,1,-0.452194422,1,0.551638782,1
1.467996955,-4.582152367,1,-2.745311737,1,-8.483272552,1,0.010744728,1,-0.107395977,1,0.037910685,1,0.369287372,1,-0.452630073,1,0.551622927,1
1.471996427,-4.604773998,1,-2.798505545,1,-8.449460983,1,0.000538686,1,-0.114942811,1,0.044649251,1,0.369317472,1,-0.453101784,1,0.551621318,1
1.475997925,-4.596866131,1,-2.860745907,1,-8.463376045,1,0.000994056,1,-0.12277922,1,0.047388092,1,0.369333059,1,-0.453601092,1,0.551616728,1
1.479995608,-4.617351532,1,-2.984547377,1,-8.488888741,1,-0.012759791,1,-0.129525378,1,0.052966636,1,0.369308054,1,-0.454134881,1,0.551625669,1
1.48399508,-4.623850822,1,-2.900371075,1,-8.428543091,1,-0.019603349,1,-0.13419345,1,0.058496639,1,0.369234979,1,-0.454705536,1,0.55164206,1
1.487996697,-4.671260357,1,-3.133418322,1,-8.562103271,1,-0.037939575,1,-0.138600111,1,0.062301371,1,0.369125903,1,-0.455304682,1,0.551675558,1
1.491994619,-4.704719067,1,-3.062103987,1,-8.470602036,1,-0.04244459,1,-0.151312724,1,0.071129799,1,0.368935525,1,-0.455947697,1,0.551718235,1
1.495994091,-4.659229279,1,-3.142591476,1,-8.530984879,1,-0.062417265,1,-0.161964625,1,0.075792074,1,0.368693322,1,-0.45663169,1,0.551781595,1
1.499995589,-4.689998627,1,-3.128091574,1,-8.585076332,1,-0.072297581,1,-0.170480162,1,0.085829407,1,0.368397176,1,-0.457371086,1,0.551847756,1
1.50399363,-4.691010475,1,-3.244650126,1,-8.539230347,1,-0.091955267,1,-0.186795399,1,0.093889043,1,0.368035674,1,-0.458169758,1,0.551931262,1
1.507993102,-4.61438036,1,-3.191763639,1,-8.586380959,1,-0.098628007,1,-0.198423371,1,0.09978959,1,0.367620796,1,-0.45901823,1,0.552023053,1
1.511994839,-4.559863091,1,-3.108978748,1,-8.679162979,1,-0.100488402,1,-0.218525231,1,0.111124203,1,0.367164254,1,-0.459948242,1,0.552139401,1
1.51599288,-4.413626671,1,-3.030972242,1,-8.874747276,1,-0.101789065,1,-0.238207504,1,0.132755041,1,0.366701961,1,-0.460972369,1,0.552270293,1
1.519992352,-4.2672019,1,-3.119846821,1,-9.050104141,1,-0.08796192,1,-0.285064518,1,0.145990252,1,0.366267741,1,-0.462142736,1,0.552427292,1
1.523994088,-3.874228716,1,-3.007714987,1,-9.244481087,1,-0.078590885,1,-0.353030294,1,0.177617714,1,0.365857482,1,-0.463570714,1,0.552598834,1
1.527991772,-3.977095604,1,-3.352329493,1,-9.299916267,1,-0.068404801,1,-0.428774148,1,0.214869186,1,0.365489811,1,-0.465312183,1,0.552778244,1
1.531991243,-3.904266834,1,-4.198244095,1,-9.440365791,1,-0.049322926,1,-0.519053221,1,0.277795911,1,0.365151644,1,-0.467420399,1,0.55303812,1
1.535993099,-3.699995518,1,-4.283588409,1,-9.396317482,1,-0.001080282,1,-0.610951424,1,0.356031567,1,0.364849091,1,-0.469999701,1,0.553448141,1
1.539990783,-3.792809248,1,-4.146924496,1,-9.143673897,1,0.083977662,1,-0.621237755,1,0.427658677,1,0.364712685,1,-0.47286728,1,0.554105639,1
1.543990493,-4.420897484,1,-4.34596014,1,-9.152321815,1,0.095149852,1,-0.61918515,1,0.454660445,1,0.364696026,1,-0.475824893,1,0.554977119,1
1.54799819,-4.508457184,1,-3.690908909,1,-9.645468712,1,0.101555333,1,-0.636175454,1,0.435130835,1,0.36466229,1,-0.478800595,1,0.5558514,1
1.552002072,-3.572253466,1,-3.77413106,1,-10.72212601,1,0.148225725,1,-0.710725427,1,0.443357855,1,0.364800811,1,-0.481932402,1,0.556620002,1
1.556002021,-3.127573967,1,-3.962820292,1,-10.72826672,1,0.156747743,1,-0.79458952,1,0.482450426,1,0.3650828,1,-0.48541382,1,0.557346582,1
1.560003877,-3.792304277,1,-4.777977943,1,-11.28176022,1,0.205915928,1,-0.895678043,1,0.545562208,1,0.365427196,1,-0.489315391,1,0.558166802,1
1.56400156,-3.623460293,1,-5.654833794,1,-12.25307655,1,0.197140008,1,-0.978328645,1,0.600923955,1,0.365828335,1,-0.493645936,1,0.559057236,1
1.56800127,-4.223372936,1,-5.861605167,1,-12.79451942,1,0.161026984,1,-1.12029922,1,0.616140544,1,0.366100699,1,-0.498430371,1,0.559971571,1
1.572003126,-5.508813381,1,-5.289423466,1,-13.0600729,1,0.212949827,1,-1.280877352,1,0.638038516,1,0.366529882,1,-0.503834009,1,0.560656607,1
1.576001048,-6.829374313,1,-4.968645096,1,-12.37573719,1,0.253274411,1,-1.446470618,1,0.760816097,1,0.367111742,1,-0.50988543,1,0.561371922,1
1.58000052,-6.875821114,1,-5.701974392,1,-11.82645607,1,0.17037946,1,-1.505339622,1,0.905596852,1,0.367418468,1,-0.516611934,1,0.562503994,1
1.584002018,-8.978515625,1,-5.369552135,1,-10.84183311,1,0.091103382,1,-1.614055872,1,1.044994235,1,0.367126346,1,-0.52383405,1,0.564105451,1
1.588000059,-10.41309738,1,-5.784432888,1,-10.07387161,1,-0.052403904,1,-1.648905754,1,1.267735243,1,0.366080582,1,-0.531582117,1,0.566387117,1
1.591999531,-11.97813988,1,-6.809971809,1,-10.14863205,1,-0.336244345,1,-1.662176728,1,1.485954642,1,0.363696754,1,-0.539752483,1,0.56961745,1
1.596001029,-13.60614109,1,-7.549462795,1,-10.54118347,1,-0.664329171,1,-1.605428219,1,1.627993822,1,0.35954392,1,-0.548101902,1,0.573758423,1
1.599998713,-14.06275654,1,-7.274945259,1,-11.16261673,1,-0.97136724,1,-1.493866444,1,1.707036138,1,0.353758872,1,-0.556233466,1,0.578551412,1
1.603998184,-17.47495842,1,-5.818742275,1,-13.04554939,1,-1.210521817,1,-1.29047358,1,1.743993044,1,0.346482307,1,-0.56389904,1,0.583965719,1
1.60800004,-18.82313538,1,-5.175934792,1,-15.77925968,1,-1.292509556,1,-0.889241517,1,1.683455348,1,0.338262439,1,-0.570343196,1,0.589883208,1
1.611997962,-16.54759407,1,-5.408261299,1,-16.58563042,1,-1.295811534,1,-0.466799438,1,1.569089413,1,0.329687357,1,-0.575021923,1,0.596135855,1
1.615997434,-12.76708317,1,-5.333642483,1,-15.82043743,1,-1.272339106,1,-0.148131892,1,1.494425178,1,0.321031094,1,-0.578104377,1,0.602597713,1
1.619999766,-9.032107353,1,-5.304262638,1,-14.3979845,1,-1.269598007,1,0.036085077,1,1.485611558,1,0.31229049,1,-0.580135286,1,0.60927701,1
1.623997927,-5.994627476,1,-5.536552429,1,-12.98668385,1,-1.275303602,1,0.107976362,1,1.548843622,1,0.303356946,1,-0.581678212,1,0.616286457,1
1.627997398,-3.96864295,1,-5.819746971,1,-11.86369133,1,-1.293468833,1,0.098510072,1,1.653794885,1,0.294112027,1,-0.583157897,1,0.623754263,1
1.631999254,-2.963436127,1,-5.196315289,1,-11.30653191,1,-1.27169919,1,0.043486368,1,1.780024767,1,0.284560561,1,-0.584822476,1,0.631735265,1
1.635996938,-3.463783979,1,-5.440478802,1,-11.39383125,1,-1.214607596,1,-0.045532703,1,1.898700833,1,0.274908721,1,-0.586881757,1,0.64023602,1
1.639996648,-2.030870676,1,-6.113005638,1,-10.23962021,1,-1.199195862,1,-0.061796337,1,1.923431754,1,0.265191227,1,-0.589138627,1,0.64902252,1
1.643998504,-1.083149433,1,-6.471455097,1,-10.03274727,1,-1.194190502,1,-0.106954567,1,1.934053779,1,0.255470932,1,-0.591442287,1,0.657892525,1
1.647996187,-2.035569191,1,-6.671812534,1,-11.31607819,1,-1.210436344,1,-0.104100928,1,1.93603158,1,0.245669633,1,-0.593798876,1,0.666825056,1
1.651995897,-2.235344172,1,-7.514636993,1,-11.54685688,1,-1.232242465,1,-0.043393876,1,1.872566938,1,0.235815421,1,-0.595913291,1,0.675685048,1
1.655997992,-1.726732254,1,-7.082010269,1,-11.71477318,1,-1.258427501,1,0.061420083,1,1.763653159,1,0.226009384,1,-0.597568691,1,0.684268951,1
1.659995914,0.082943171,1,-6.911448956,1,-10.4673357,1,-1.206439018,1,0.088033311,1,1.669269919,1,0.2165066,1,-0.598735988,1,0.692446172,1
1.663995624,0.367459208,1,-6.511919498,1,-10.52799416,1,-1.184330106,1,0.132134438,1,1.585746169,1,0.207297057,1,-0.599687278,1,0.700267076,1
1.668003321,1.048614979,1,-6.674966335,1,-10.46505356,1,-1.142654061,1,0.180456713,1,1.480879664,1,0.198452935,1,-0.600316644,1,0.707702935,1
1.672007442,1.673893809,1,-6.397076607,1,-10.11771488,1,-1.07258606,1,0.22324197,1,1.366693616,1,0.190071344,1,-0.600613534,1,0.71467185,1
1.67600739,2.540723324,1,-6.08275938,1,-9.647047043,1,-0.976264238,1,0.24676469,1,1.250598431,1,0.182337433,1,-0.600657344,1,0.721106052,1
1.680009246,3.159238338,1,-5.936736107,1,-9.167272568,1,-0.888044596,1,0.246408284,1,1.157120228,1,0.175252631,1,-0.600541592,1,0.727057934,1
1.684007168,3.835123062,1,-5.928585529,1,-8.861744881,1,-0.803409457,1,0.23808223,1,1.055763125,1,0.168773293,1,-0.60034734,1,0.732542932,1
1.688006639,4.235554218,1,-5.990055084,1,-8.629878998,1,-0.722981572,1,0.215127677,1,0.949648917,1,0.162904382,1,-0.600104332,1,0.737528265,1
1.692008138,4.420519352,1,-6.075137615,1,-8.38181591,1,-0.658520162,1,0.186870322,1,0.849248111,1,0.157618359,1,-0.599880934,1,0.741999865,1
1.69600594,4.611005783,1,-6.110120773,1,-8.147497177,1,-0.609635293,1,0.142186224,1,0.748644531,1,0.152930155,1,-0.599666476,1,0.745507002,1
1.700005412,4.631994724,1,-6.011582375,1,-8.033555031,1,-0.564122975,1,0.104182325,1,0.650143683,1,0.148635358,1,-0.599609971,1,0.748947382,1
1.704007149,4.533564091,1,-5.925414085,1,-8.045525551,1,-0.526888788,1,0.074636698,1,0.551741242,1,0.144783571,1,-0.59962374,1,0.751899064,1
1.708004832,4.311491013,1,-5.694204807,1,-8.183214188,1,-0.465451181,1,0.048741106,1,0.436043203,1,0.141446546,1,-0.599659681,1,0.75430578,1
1.712004304,4.01752615,1,-5.462851048,1,-8.338611603,1,-0.39721933,1,0.058643755,1,0.320299894,1,0.138670966,1,-0.599658906,1,0.75615865,1
1.71600616,3.708543062,1,-5.221085548,1,-8.42371273,1,-0.316014469,1,0.086889215,1,0.194801629,1,0.136515379,1,-0.599528849,1,0.757444978,1
1.720003843,3.593578577,1,-5.014229298,1,-8.534683228,1,-0.223848969,1,0.12913534,1,0.068448514,1,0.135030657,1,-0.599179327,1,0.758151591,1
1.724003315,3.398469687,1,-4.904557705,1,-8.72317791,1,-0.133596897,1,0.185881257,1,-0.067941248,1,0.134254396,1,-0.59855926,1,0.758261263,1
1.728005171,3.272406101,1,-4.801980019,1,-8.873314857,1,-0.035348102,1,0.25456813,1,-0.205811217,1,0.13422291,1,-0.597611725,1,0.757748127,1
1.732002854,3.131824732,1,-4.638938904,1,-9.074043274,1,0.05939294,1,0.33306247,1,-0.355708748,1,0.134922683,1,-0.596290529,1,0.756593227,1
1.736002564,3.161221981,1,-4.41824007,1,-9.223989487,1,0.146527007,1,0.424245059,1,-0.507781148,1,0.136358038,1,-0.594550073,1,0.754768014,1
1.740004659,3.265265226,1,-4.14670372,1,-9.229318619,1,0.228020862,1,0.512059093,1,-0.670500219,1,0.13851735,1,-0.592374802,1,0.752247214,1
1.744002581,3.344075918,1,-3.988692284,1,-9.166374207,1,0.296834826,1,0.606666028,1,-0.822768748,1,0.141338229,1,-0.589745879,1,0.749058843,1
1.748002291,3.49065733,1,-3.860370636,1,-9.053546906,1,0.352756083,1,0.686031818,1,-0.966567934,1,0.144765511,1,-0.586677551,1,0.745241404,1
1.752004147,3.727671146,1,-3.69233036,1,-8.879664421,1,0.385157168,1,0.760901392,1,-1.094650149,1,0.148663655,1,-0.58320266,1,0.740866065,1
1.75600183,3.980730057,1,-3.50660634,1,-8.740479469,1,0.40913251,1,0.816848397,1,-1.204404354,1,0.152928472,1,-0.579399288,1,0.735991418,1
1.760001302,4.006696701,1,-3.317332268,1,-8.624768257,1,0.427633375,1,0.859706759,1,-1.297640324,1,0.157484084,1,-0.575307906,1,0.730710149,1
1.764003038,3.955285788,1,-3.131690741,1,-8.535309792,1,0.443996519,1,0.902078807,1,-1.379864931,1,0.162277415,1,-0.570967376,1,0.725087941,1
1.76800108,3.932095051,1,-2.910289764,1,-8.515515327,1,0.459018975,1,0.939112663,1,-1.444323421,1,0.167255685,1,-0.566397905,1,0.719192982,1
1.772001028,3.736657858,1,-2.67958498,1,-8.600903511,1,0.480212599,1,0.96833688,1,-1.497727036,1,0.172391474,1,-0.561648369,1,0.713097095,1
1.776002526,3.346891165,1,-2.612157106,1,-8.766975403,1,0.499401033,1,1.008041978,1,-1.543853045,1,0.177670315,1,-0.556707025,1,0.706843019,1
1.780000567,2.775107145,1,-2.491805553,1,-8.969717026,1,0.53329885,1,1.055142522,1,-1.585324764,1,0.183096677,1,-0.551534176,1,0.700471222,1
1.784000039,2.127565622,1,-2.503612995,1,-9.207839966,1,0.558538854,1,1.130704999,1,-1.625399113,1,0.188646898,1,-0.546058595,1,0.694018304,1
1.788007736,1.516180515,1,-2.534836531,1,-9.487634659,1,0.584713697,1,1.229997635,1,-1.661635756,1,0.194287881,1,-0.54017812,1,0.687532246,1
1.792011738,1.044055939,1,-2.583244324,1,-9.706008911,1,0.603921235,1,1.339488387,1,-1.694163322,1,0.199988633,1,-0.533825994,1,0.681038618,1
1.796011806,0.726417899,1,-2.56247735,1,-9.917833328,1,0.629846632,1,1.460333347,1,-1.719818711,1,0.205718011,1,-0.526964188,1,0.674582839,1
1.800013304,0.457245529,1,-2.489985228,1,-10.06992912,1,0.650547504,1,1.582987666,1,-1.742373943,1,0.211459622,1,-0.51957041,1,0.668210864,1
1.804011226,0.313947856,1,-2.394872665,1,-10.12413692,1,0.673165798,1,1.701121926,1,-1.757304192,1,0.217193186,1,-0.511657,1,0.661951542,1
1.808010697,0.203931108,1,-2.313309193,1,-10.08437252,1,0.696621895,1,1.814585924,1,-1.769426703,1,0.222907931,1,-0.503247201,1,0.655840218,1
1.812012553,0.307553381,1,-2.310348272,1,-9.785277367,1,0.716473401,1,1.917932153,1,-1.764625907,1,0.228570119,1,-0.49440521,1,0.649903178,1
1.816010475,0.278114557,1,-2.308816671,1,-9.833942413,1,0.737164736,1,1.987233043,1,-1.758030295,1,0.23418133,1,-0.485187411,1,0.644162238,1
1.820010185,0.409246087,1,-2.343651295,1,-9.630644798,1,0.75550282,1,2.054447651,1,-1.741676807,1,0.239735544,1,-0.475684702,1,0.638625681,1
1.824012041,0.598422468,1,-2.43486619,1,-9.424023628,1,0.760184169,1,2.097030401,1,-1.723005414,1,0.245176241,1,-0.465953946,1,0.633317411,1
1.828009725,0.764490962,1,-2.445796967,1,-9.210442543,1,0.761105597,1,2.12949729,1,-1.695549965,1,0.250473708,1,-0.456079692,1,0.628246665,1
1.832009196,0.816645384,1,-2.434551477,1,-9.076199532,1,0.769546509,1,2.139119148,1,-1.667901754,1,0.255664825,1,-0.446126908,1,0.62337774,1
1.836011291,0.848769069,1,-2.30111599,1,-8.996937752,1,0.783329427,1,2.141608477,1,-1.641463876,1,0.260760337,1,-0.436159134,1,0.618719816,1
1.840009212,0.851657748,1,-2.222960949,1,-8.922002792,1,0.806530058,1,2.129683971,1,-1.615917802,1,0.265809894,1,-0.426220685,1,0.614248276,1
1.844008923,0.72007817,1,-2.149570465,1,-8.915781975,1,0.844534159,1,2.112016439,1,-1.590294361,1,0.270865172,1,-0.416334063,1,0.609936178,1
1.848010778,0.491779983,1,-2.142613173,1,-8.932807922,1,0.885596156,1,2.100091219,1,-1.5731318,1,0.275988281,1,-0.40651983,1,0.605781972,1
1.852008462,0.28329283,1,-2.19909668,1,-9.002841949,1,0.949194849,1,2.089179516,1,-1.554619431,1,0.281234682,1,-0.396739185,1,0.601759613,1
1.856008172,-0.03159618,1,-2.289574862,1,-9.078355789,1,1.000409603,1,2.087694168,1,-1.540869236,1,0.28662616,1,-0.387000024,1,0.597871184,1
1.860010028,-0.321411371,1,-2.394630194,1,-9.242569923,1,1.061865687,1,2.075804234,1,-1.533593893,1,0.292160541,1,-0.37726444,1,0.594095588,1
1.864007711,-0.692005694,1,-2.471507311,1,-9.410173416,1,1.114529014,1,2.090098858,1,-1.531567216,1,0.297856212,1,-0.367513657,1,0.590408802,1
1.868007421,-1.164558411,1,-2.506067038,1,-9.606133461,1,1.165457606,1,2.100162745,1,-1.53503406,1,0.303694725,1,-0.357700169,1,0.586794972,1
1.87200892,-1.573069692,1,-2.646973133,1,-9.700140953,1,1.200384378,1,2.130915642,1,-1.538806081,1,0.309646606,1,-0.347780287,1,0.583269238,1
1.876006961,-1.889129758,1,-2.803365946,1,-9.817513466,1,1.225959897,1,2.172057152,1,-1.552781343,1,0.315674186,1,-0.337694377,1,0.57982415,1
1.880006671,-2.057489395,1,-2.835779428,1,-9.91686058,1,1.253755212,1,2.219436884,1,-1.557167888,1,0.321733057,1,-0.327407002,1,0.576488376,1
1.884008169,-2.152883291,1,-2.869879961,1,-9.951581001,1,1.256783962,1,2.26598978,1,-1.572672844,1,0.327782631,1,-0.316908419,1,0.573242128,1
1.888006091,-2.055015326,1,-2.91765213,1,-9.855876923,1,1.254343271,1,2.298020124,1,-1.577592254,1,0.333772451,1,-0.306226999,1,0.570100009,1
1.89200592,-2.030912399,1,-2.884430408,1,-9.786523819,1,1.249646783,1,2.321857691,1,-1.581514478,1,0.33969304,1,-0.295415998,1,0.567055464,1
1.896007657,-1.879425287,1,-2.868598461,1,-9.607420921,1,1.233082056,1,2.327009201,1,-1.57423985,1,0.345502526,1,-0.284533739,1,0.564114392,1
1.900005579,-1.737141728,1,-2.814943552,1,-9.538730621,1,1.223552346,1,2.331732988,1,-1.563927531,1,0.351199955,1,-0.273633003,1,0.561287642,1
1.90400517,-1.696679711,1,-2.766284227,1,-9.47349453,1,1.215726733,1,2.309335232,1,-1.538680911,1,0.356794238,1,-0.262775242,1,0.558589697,1
1.908013105,-1.687325716,1,-2.787640095,1,-9.489376068,1,1.208728433,1,2.279956818,1,-1.507472873,1,0.362291157,1,-0.252039969,1,0.556027114,1
1.912016869,-1.838322759,1,-2.727307081,1,-9.574866295,1,1.215233207,1,2.245672226,1,-1.475431323,1,0.367731571,1,-0.241453335,1,0.553605676,1
1.916016936,-2.302840471,1,-2.77697134,1,-9.772799492,1,1.234715462,1,2.210347414,1,-1.443815231,1,0.373173535,1,-0.231041193,1,0.551321805,1
1.920018673,-2.756719828,1,-2.802401543,1,-9.894183159,1,1.258602381,1,2.188350439,1,-1.424173355,1,0.378653169,1,-0.220753834,1,0.54914856,1
1.924016595,-3.32054615,1,-2.927733898,1,-10.06111813,1,1.276833534,1,2.18087101,1,-1.415334105,1,0.384165823,1,-0.210529506,1,0.547082126,1
1.928016424,-3.895927191,1,-3.010064602,1,-10.30446053,1,1.287350416,1,2.185834169,1,-1.412597537,1,0.389699847,1,-0.200309187,1,0.545108318,1
1.932018399,-4.298037529,1,-3.169674873,1,-10.44960976,1,1.300416827,1,2.204294205,1,-1.41534245,1,0.395245254,1,-0.19004339,1,0.54320848,1
1.93601644,-4.679273129,1,-3.201909542,1,-10.67669106,1,1.309183598,1,2.230995893,1,-1.427778602,1,0.40079999,1,-0.179667801,1,0.54137212,1
1.94001615,-5.013278961,1,-3.106142998,1,-10.8575325,1,1.324216843,1,2.258145094,1,-1.448662043,1,0.406372517,1,-0.169156373,1,0.53959012,1
1.944018126,-5.237586498,1,-2.925670385,1,-10.88784695,1,1.338812828,1,2.288869143,1,-1.470229626,1,0.41198346,1,-0.15849565,1,0.537831366,1
1.948016167,-5.374974251,1,-2.789373398,1,-10.85180759,1,1.362988949,1,2.307962179,1,-1.499855161,1,0.417705655,1,-0.147619233,1,0.536189139,1
1.952015877,-5.304781914,1,-2.690740585,1,-10.7116251,1,1.377221704,1,2.325727224,1,-1.527885199,1,0.423434019,1,-0.136676371,1,0.534435034,1
1.956017613,-5.205234528,1,-2.416407347,1,-10.61757088,1,1.385782719,1,2.324485779,1,-1.555143237,1,0.42919609,1,-0.125650063,1,0.532655597,1
1.960015416,-5.053050041,1,-2.099502325,1,-10.47525501,1,1.410307527,1,2.307531595,1,-1.577759504,1,0.434996456,1,-0.114609867,1,0.530826628,1
1.964015126,-4.958372116,1,-1.747567415,1,-10.30233669,1,1.433431745,1,2.277169228,1,-1.590606451,1,0.440886706,1,-0.103612661,1,0.528961241,1
1.968016863,-4.865643024,1,-1.660258055,1,-10.08503437,1,1.442357302,1,2.245476723,1,-1.601252317,1,0.446827918,1,-0.092705823,1,0.527063727,1
1.972014904,-4.87988615,1,-1.753475666,1,-9.872986794,1,1.444715738,1,2.193440199,1,-1.602558017,1,0.452772379,1,-0.081928425,1,0.525150716,1
1.976014614,-4.998757362,1,-2.056475401,1,-9.789355278,1,1.424768448,1,2.144470453,1,-1.587396741,1,0.458667278,1,-0.071324795,1,0.523235917,1
1.980016112,-4.975714207,1,-2.237186909,1,-9.646305084,1,1.363441706,1,2.08365345,1,-1.564710617,1,0.464371026,1,-0.060947988,1,0.521357,1
1.984014034,-4.956608772,1,-2.251217127,1,-9.59880352,1,1.294081092,1,2.011486053,1,-1.542913318,1,0.46979779,1,-0.05083622,1,0.519483089,1
1.988013864,-4.965644836,1,-2.06504488,1,-9.572361946,1,1.225387931,1,1.936743617,1,-1.512128234,1,0.474923581,1,-0.041019235,1,0.517628372,1
1.9920156,-5.014441013,1,-1.884597301,1,-9.519318581,1,1.16162324,1,1.848540068,1,-1.482134938,1,0.479762137,1,-0.031544134,1,0.515788674,1
1.996013522,-5.228282452,1,-1.80092001,1,-9.408120155,1,1.116481662,1,1.767534733,1,-1.445389032,1,0.484363079,1,-0.02242478,1,0.513961554,1
2.000013351,-5.533525944,1,-1.664691448,1,-9.437997818,1,1.078941345,1,1.688038588,1,-1.403969646,1,0.488778383,1,-0.013654046,1,0.512153924,1
2.004015207,-6.063568592,1,-1.588939309,1,-9.368483543,1,1.057749748,1,1.621946335,1,-1.37130785,1,0.493075788,1,-0.005193518,1,0.510389984,1
2.008012772,-6.490166187,1,-1.510658145,1,-9.260891914,1,1.043735743,1,1.57358253,1,-1.336294055,1,0.497280777,1,0.003002209,1,0.508667409,1
2.012012482,-6.83347559,1,-1.519598722,1,-9.148386955,1,1.020124435,1,1.530869722,1,-1.301206708,1,0.501403868,1,0.010982854,1,0.507011652,1
2.016014338,-7.022900581,1,-1.571468592,1,-8.915427208,1,1.000571728,1,1.486894131,1,-1.264028788,1,0.505426288,1,0.018742573,1,0.505421042,1
2.020012379,-7.185083389,1,-1.49834156,1,-8.630076408,1,0.973992467,1,1.441775918,1,-1.223824263,1,0.509338975,1,0.026279971,1,0.503906906,1
2.02401185,-7.242380142,1,-1.406399608,1,-8.237904549,1,0.945244372,1,1.402559161,1,-1.181011915,1,0.513127863,1,0.033592209,1,0.502490044,1
2.028019667,-7.165090561,1,-1.29330349,1,-7.805502892,1,0.905406773,1,1.358007431,1,-1.128629684,1,0.516788423,1,0.040675703,1,0.501197755,1
2.032023668,-6.878553391,1,-1.186908841,1,-7.398605824,1,0.867235839,1,1.304866076,1,-1.062355876,1,0.52028805,1,0.047475453,1,0.500035226,1
2.036023617,-6.631776333,1,-0.924037814,1,-7.042917728,1,0.832924545,1,1.230942249,1,-0.999990821,1,0.523632944,1,0.053937294,1,0.498984993,1
2.040025234,-6.299045563,1,-0.67350626,1,-6.645656109,1,0.790313721,1,1.149350166,1,-0.918682158,1,0.526819825,1,0.059984908,1,0.4980582,1
2.044023037,-6.139706135,1,-0.467370749,1,-6.311230659,1,0.760281801,1,1.044034958,1,-0.832578003,1,0.529870272,1,0.065538488,1,0.497232169,1
2.048022747,-6.113280773,1,-0.29491812,1,-6.07282114,1,0.724098444,1,0.93074584,1,-0.750991285,1,0.532794833,1,0.07055416,1,0.496506959,1
2.052024603,-6.177659512,1,-0.28776148,1,-5.884689808,1,0.689022362,1,0.81988579,1,-0.662551403,1,0.535575449,1,0.075005457,1,0.495862186,1
2.056022167,-6.28456831,1,-0.334826529,1,-5.794859409,1,0.651307225,1,0.711492121,1,-0.582951903,1,0.538223803,1,0.078904942,1,0.49529022,1
2.060022116,-6.6967659,1,-0.419862568,1,-5.782142639,1,0.608022392,1,0.61008966,1,-0.513058305,1,0.540693223,1,0.082294233,1,0.494755447,1
2.064023495,-7.149953365,1,-0.494693607,1,-5.879836559,1,0.547119796,1,0.527304471,1,-0.471191436,1,0.542966664,1,0.085250936,1,0.494242221,1
2.068021536,-7.522591114,1,-0.53201282,1,-5.927502155,1,0.475952715,1,0.456210434,1,-0.43770498,1,0.544978142,1,0.087873749,1,0.493700713,1
2.072021246,-7.78649807,1,-0.52116555,1,-5.895093918,1,0.396412969,1,0.401205301,1,-0.427662611,1,0.546667755,1,0.090239227,1,0.493096888,1
2.076022863,-7.766850471,1,-0.444542527,1,-5.750899315,1,0.312923551,1,0.351401687,1,-0.41189599,1,0.548030376,1,0.092400312,1,0.492446631,1
2.080020666,-7.631206512,1,-0.308419138,1,-5.544184208,1,0.223128662,1,0.288283795,1,-0.405055523,1,0.54903549,1,0.0943496,1,0.491716713,1
2.084020376,-7.45835638,1,-0.270864725,1,-5.244497299,1,0.141360343,1,0.214955613,1,-0.380983442,1,0.549692452,1,0.096029282,1,0.49090308,1
2.088022232,-7.221803188,1,-0.252692252,1,-5.051104069,1,0.062429689,1,0.121895015,1,-0.346356124,1,0.550007641,1,0.097374663,1,0.490001619,1
2.092020273,-7.284117699,1,-0.248294055,1,-4.846451283,1,-0.009427417,1,0.011942981,1,-0.30031538,1,0.550021529,1,0.098275632,1,0.489046812,1
2.096019983,-7.592096329,1,-0.25886631,1,-4.696025848,1,-0.078234926,1,-0.094021149,1,-0.237068325,1,0.549736142,1,0.098694213,1,0.48803556,1
2.100021839,-7.923080921,1,-0.321297973,1,-4.592091084,1,-0.138467833,1,-0.192599118,1,-0.173890933,1,0.549205661,1,0.098640002,1,0.48702237,1
2.104019642,-8.310043335,1,-0.459056675,1,-4.519332886,1,-0.194155186,1,-0.27955085,1,-0.116312474,1,0.548446238,1,0.098133937,1,0.48602733,1
2.108019114,-8.650158882,1,-0.634475529,1,-4.474509239,1,-0.251009613,1,-0.352023482,1,-0.047430292,1,0.547457397,1,0.097216822,1,0.485084772,1
2.112020969,-8.91686821,1,-0.733204544,1,-4.416367054,1,-0.303155154,1,-0.429067969,1,0.021235546,1,0.546277285,1,0.09590704,1,0.484226167,1
2.116018772,-9.126794815,1,-0.710852504,1,-4.389985561,1,-0.34694919,1,-0.50168401,1,0.088810965,1,0.544897079,1,0.094201796,1,0.483443797,1
2.120018244,-9.286478996,1,-0.702048838,1,-4.321718693,1,-0.376282781,1,-0.57789886,1,0.1535732,1,0.543384075,1,0.092097968,1,0.482738972,1
2.124019861,-9.572322845,1,-0.695431113,1,-4.30855751,1,-0.384937257,1,-0.654145241,1,0.217300937,1,0.541792989,1,0.089602187,1,0.482102215,1
2.128017664,-10.03378296,1,-0.786431015,1,-4.253294468,1,-0.38874808,1,-0.725458682,1,0.283921123,1,0.540192306,1,0.086716525,1,0.481536597,1
2.132017374,-10.69492817,1,-0.979863644,1,-4.21424818,1,-0.380371898,1,-0.784893751,1,0.336789429,1,0.53861165,1,0.083472222,1,0.481053859,1
2.13601923,-11.34576321,1,-1.288887382,1,-4.178902149,1,-0.369252235,1,-0.831982911,1,0.387651354,1,0.537075102,1,0.079954267,1,0.480643153,1
2.140016794,-11.90783024,1,-1.616436601,1,-4.207219601,1,-0.365095139,1,-0.864023447,1,0.430790275,1,0.535587311,1,0.076214105,1,0.480319738,1
2.144016743,4.139802933,1,-2.714444637,1,-7.928520203,1,-0.212282658,1,-1.214722753,1,0.813186765,1,0.534341216,1,0.071712807,1,0.480292976,1
2.148024321,-12.82548714,1,0.603361726,1,-4.705292225,1,0.104081877,1,-1.929935217,1,1.17082274,1,0.534385562,1,0.063877955,1,0.480412722,1
2.152027845,11.02310085,1,-6.141971111,1,-4.794710636,1,-0.520828724,1,-1.782562256,1,1.268705726,1,0.533533573,1,0.055043194,1,0.480862081,1
2.156027794,10.36886215,1,-11.30343628,1,-8.314432144,1,-0.449115485,1,-2.340662718,1,1.446053028,1,0.531525791,1,0.045267589,1,0.481392562,1
2.160029411,0.245029509,1,-10.92157555,1,-11.18736172,1,-0.596659064,1,-2.533400536,1,1.532213926,1,0.529546618,1,0.033679452,1,0.481520802,1
2.164027452,5.627061367,1,-10.14481068,1,-13.2437582,1,-0.81527096,1,-2.531071186,1,1.624976397,1,0.526693046,1,0.021809647,1,0.481886446,1
2.168027163,3.297056198,1,-10.61925602,1,-13.22250366,1,-0.952674031,1,-2.638684273,1,1.688184619,1,0.523170412,1,0.009503589,1,0.482463568,1
2.172029018,6.464853287,1,-8.498545647,1,-12.99806881,1,-0.812901855,1,-2.688953161,1,1.779986024,1,0.519553244,1,-0.003140291,1,0.483122498,1
2.176026821,2.416504383,1,-11.31133938,1,-13.15733719,1,-0.889245749,1,-3.037127256,1,1.738742948,1,0.516211331,1,-0.016610822,1,0.483597666,1
2.180026531,0.973093212,1,-10.04893589,1,-11.58675385,1,-0.9441154,1,-3.257902145,1,1.672429562,1,0.512536168,1,-0.030930428,1,0.483330071,1
2.184028149,0.914190352,1,-7.624322414,1,-9.763062477,1,-1.030341864,1,-3.622085094,1,1.647107482,1,0.508646965,1,-0.046125751,1,0.482402891,1
2.18802619,-2.278651714,1,-5.792873859,1,-8.992288589,1,-1.108216166,1,-3.95166564,1,1.633889198,1,0.504466772,1,-0.062591963,1,0.480772853,1
2.192025661,-4.712688923,1,-5.309083939,1,-9.595685959,1,-1.185767412,1,-4.212172985,1,1.616833329,1,0.500034153,1,-0.080056608,1,0.478586793,1
2.196027279,-6.554659843,1,-4.779810429,1,-10.99601746,1,-1.2061342,1,-4.350085258,1,1.549216628,1,0.495471865,1,-0.098069943,1,0.47656253,1
2.20002532,-10.79047298,1,-2.097395658,1,-13.77238369,1,-1.073486924,1,-4.36146307,1,1.418547153,1,0.491201669,1,-0.116261967,1,0.4735201,1
2.204024792,-15.9184761,1,-0.868650794,1,-15.55406952,1,-0.905226111,1,-4.103914738,1,1.164719701,1,0.487659216,1,-0.133702591,1,0.470073938,1
2.208026648,-17.4465313,1,1.720239282,1,-16.5267868,1,-0.625721216,1,-3.688982248,1,0.938965619,1,0.485113621,1,-0.149447292,1,0.466465563,1
2.212024689,-19.00427818,1,2.89636898,1,-16.47541428,1,-0.397238672,1,-3.259415627,1,0.763960242,1,0.483626962,1,-0.163338527,1,0.462930799,1
2.216024399,-17.20486641,1,2.753520966,1,-15.90501595,1,-0.248089194,1,-2.81675148,1,0.703250587,1,0.482890993,1,-0.175417349,1,0.459823608,1
2.220026016,-14.85971165,1,3.174139023,1,-14.74434662,1,-0.130068958,1,-2.444150209,1,0.774771154,1,0.482570201,1,-0.186100915,1,0.457505077,1
2.224023819,-11.46133995,1,2.963210821,1,-13.940341,1,-0.001959758,1,-2.149067879,1,0.889985561,1,0.482561201,1,-0.195750028,1,0.456166536,1
2.228023529,-8.643959045,1,2.301279068,1,-13.23250771,1,0.126438916,1,-1.929810286,1,1.009588003,1,0.482896864,1,-0.204721063,1,0.455752075,1
2.232025623,-6.627871037,1,0.466329396,1,-12.28091049,1,0.234479234,1,-1.765197992,1,1.090324044,1,0.483555883,1,-0.21320945,1,0.456062675,1
2.236023664,-5.17928648,1,-2.430302382,1,-11.32796001,1,0.286930501,1,-1.664393902,1,1.128090382,1,0.48446694,1,-0.221334159,1,0.456830323,1
2.240023613,-5.135297775,1,-5.210860729,1,-9.490627289,1,0.260140598,1,-1.590825677,1,1.133587718,1,0.48535189,1,-0.229227006,1,0.457844377,1
2.24402523,-3.782893419,1,-7.441735744,1,-7.845935822,1,0.210881665,1,-1.565161109,1,1.054751277,1,0.486068815,1,-0.236844599,1,0.458819926,1
2.248023033,-2.569624186,1,-8.236379623,1,-6.342805386,1,0.154111758,1,-1.63213563,1,0.959746599,1,0.486669838,1,-0.244367421,1,0.45940876,1
2.252022743,-1.970636129,1,-9.088150024,1,-5.49275589,1,0.03685325,1,-1.741978168,1,0.845023394,1,0.487041056,1,-0.252005398,1,0.459438682,1
2.256024599,-1.675913095,1,-9.734765053,1,-5.802200794,1,-0.114673987,1,-1.874042511,1,0.764565885,1,0.487051547,1,-0.25988844,1,0.458870888,1
2.26002264,-2.918830633,1,-9.026364326,1,-5.610743046,1,-0.303577989,1,-1.947851419,1,0.737700164,1,0.486462891,1,-0.268100768,1,0.457909733,1
2.26402235,-2.968603849,1,-7.974404335,1,-6.195635796,1,-0.421221405,1,-1.985237122,1,0.70362258,1,0.485324204,1,-0.276386112,1,0.456721634,1
2.268029928,-3.72369051,1,-6.111131668,1,-6.915976048,1,-0.531509578,1,-1.994168162,1,0.732411087,1,0.483766735,1,-0.284768164,1,0.455480963,1
2.27203393,-5.339587688,1,-5.390837669,1,-8.010621071,1,-0.688466609,1,-1.962439656,1,0.854280889,1,0.481574148,1,-0.293241858,1,0.454551369,1
2.276034117,-5.989954472,1,-3.951682568,1,-8.521155357,1,-0.791904688,1,-1.832227707,1,0.946819723,1,0.478666663,1,-0.301672488,1,0.454256147,1
2.280035734,-6.547482491,1,-3.539223433,1,-9.710576057,1,-0.802288234,1,-1.725629449,1,1.018738866,1,0.4754287,1,-0.30978021,1,0.454476595,1
2.284033775,-8.696154594,1,-3.284791708,1,-9.757037163,1,-0.866930366,1,-1.56035471,1,1.099094868,1,0.471856773,1,-0.317604721,1,0.455292881,1
2.288033485,-8.361065865,1,-3.593276024,1,-9.59859848,1,-0.886604428,1,-1.376265287,1,1.096875906,1,0.467899799,1,-0.324823886,1,0.456635267,1
2.292035341,-8.078510284,1,-4.157978058,1,-9.238476753,1,-0.907577813,1,-1.268655539,1,1.106305599,1,0.463810205,1,-0.331515372,1,0.458275497,1
2.296033382,-7.94205761,1,-4.796737194,1,-8.825418472,1,-0.993516684,1,-1.14439261,1,1.08381772,1,0.459388107,1,-0.337801546,1,0.460176587,1
2.300033331,-6.597309113,1,-5.438484669,1,-8.637052536,1,-1.030378222,1,-1.087001562,1,1.005905271,1,0.45469442,1,-0.343647361,1,0.462071747,1
2.304035187,-5.845242977,1,-5.589745522,1,-8.333580971,1,-1.072660923,1,-1.066782117,1,0.942978084,1,0.449923694,1,-0.34923014,1,0.463806629,1
2.30803299,-5.308146477,1,-5.237427235,1,-8.639595985,1,-1.1149683,1,-1.032380462,1,0.889582276,1,0.44499442,1,-0.354607522,1,0.465391964,1
2.312032461,-5.973360538,1,-4.171949863,1,-9.06637001,1,-1.136151075,1,-1.011041403,1,0.851181448,1,0.439982593,1,-0.359796137,1,0.466875196,1
2.316034317,-6.19429636,1,-3.398763895,1,-9.151352882,1,-1.163785696,1,-0.942563415,1,0.819403529,1,0.434846461,1,-0.36474359,1,0.468342632,1
2.320032358,-5.739393234,1,-2.238985538,1,-9.258060455,1,-1.138659835,1,-0.883490801,1,0.791628182,1,0.429696053,1,-0.36940521,1,0.469843417,1
2.324032307,-5.764259338,1,-1.410357237,1,-9.700515747,1,-1.103861332,1,-0.849264383,1,0.77938664,1,0.424640477,1,-0.373862356,1,0.471370459,1
2.328034163,-6.35281086,1,-1.445765734,1,-9.9186306,1,-1.085405231,1,-0.785180211,1,0.76468575,1,0.419681668,1,-0.378112316,1,0.472946435,1
2.332031727,-7.274327278,1,-1.975400329,1,-9.696433067,1,-1.075327992,1,-0.650124073,1,0.724971652,1,0.414703786,1,-0.381943703,1,0.474648297,1
2.336031437,-6.768399715,1,-1.334929109,1,-9.797206879,1,-1.014925599,1,-0.552891672,1,0.698425055,1,0.409858406,1,-0.385299355,1,0.47644484,1
2.340033293,-8.50161171,1,-1.208727002,1,-10.74430275,1,-0.961453855,1,-0.458503097,1,0.616495073,1,0.405233026,1,-0.388219893,1,0.478169739,1
2.344030857,-6.494828224,1,-0.500475347,1,-10.2531662,1,-0.83636272,1,-0.346400976,1,0.551723957,1,0.401014477,1,-0.390584707,1,0.479820907,1
2.348030806,-5.482196808,1,-0.361101151,1,-9.696077347,1,-0.760221779,1,-0.331932783,1,0.538932741,1,0.397200137,1,-0.392667711,1,0.48144123,1
2.352032423,-4.99858427,1,-0.748041093,1,-9.946850777,1,-0.667148054,1,-0.340328008,1,0.490702838,1,0.39376992,1,-0.394706368,1,0.482930928,1
2.356030464,-4.291052341,1,-1.439772844,1,-9.724594116,1,-0.59596324,1,-0.342094243,1,0.45978573,1,0.390733778,1,-0.396673203,1,0.484270006,1
2.360030174,-6.00695467,1,-1.933348894,1,-10.2410984,1,-0.513649404,1,-0.31173417,1,0.413930207,1,0.38804096,1,-0.398574799,1,0.485482544,1
2.364031792,-5.868914604,1,-2.021291256,1,-9.506404877,1,-0.428926617,1,-0.262778193,1,0.365026593,1,0.385729969,1,-0.400212288,1,0.486578554,1
2.368029594,-5.083612919,1,-2.542789459,1,-8.778370857,1,-0.394768357,1,-0.28414759,1,0.340751648,1,0.383713543,1,-0.401750803,1,0.487556368,1
2.372029543,-4.61536932,1,-2.613425493,1,-9.001886368,1,-0.36947903,1,-0.310097665,1,0.311376601,1,0.381853729,1,-0.403345078,1,0.488389045,1
2.376030922,-4.689858437,1,-2.39253664,1,-9.441898346,1,-0.310142219,1,-0.313658684,1,0.279072344,1,0.380224496,1,-0.404941678,1,0.48906967,1
2.380028963,-4.235363007,1,-1.770364404,1,-9.139135361,1,-0.272692353,1,-0.31734997,1,0.286433995,1,0.378811896,1,-0.406526268,1,0.489699721,1
2.384028673,-4.219948292,1,-1.675614238,1,-9.027910233,1,-0.235212788,1,-0.338974506,1,0.283261508,1,0.377549887,1,-0.408171415,1,0.490325451,1
2.388030529,-4.420808792,1,-1.941426277,1,-8.954062462,1,-0.192560002,1,-0.356967002,1,0.282241613,1,0.376462877,1,-0.409882337,1,0.490911245,1
2.392034292,-4.326113224,1,-2.03910327,1,-8.968969345,1,-0.159423113,1,-0.361701608,1,0.262454003,1,0.375543565,1,-0.411611885,1,0.491449594,1
2.396034002,-4.478713036,1,-2.21107316,1,-8.815446854,1,-0.121345334,1,-0.379955441,1,0.251811594,1,0.374799967,1,-0.413370311,1,0.491897374,1
2.400035858,-4.632784367,1,-2.117379904,1,-8.805010796,1,-0.089869134,1,-0.37705031,1,0.247245282,1,0.374210596,1,-0.415149033,1,0.492300689,1
2.404033422,-4.689750671,1,-1.90489006,1,-8.773848534,1,-0.067959026,1,-0.367248356,1,0.23868008,1,0.373728991,1,-0.416909188,1,0.492694914,1
2.408033133,-4.739646912,1,-1.59909296,1,-9.007562637,1,-0.022364549,1,-0.39431864,1,0.218219399,1,0.373428255,1,-0.41865328,1,0.493017793,1
2.41203475,-4.832056522,1,-1.474872828,1,-8.911162376,1,0.018650563,1,-0.397253156,1,0.196256518,1,0.373326182,1,-0.420431763,1,0.49323681,1
2.416032791,-5.19517231,1,-1.391898036,1,-8.991447449,1,0.066810749,1,-0.39095521,1,0.180352628,1,0.373437017,1,-0.422178149,1,0.493383974,1
2.420032501,-4.713775635,1,-1.430572271,1,-8.785887718,1,0.109943524,1,-0.400318742,1,0.16597949,1,0.37376219,1,-0.423892319,1,0.493448615,1
2.424034357,-4.532943249,1,-1.633617401,1,-8.759726524,1,0.137182057,1,-0.412391841,1,0.166832119,1,0.374248624,1,-0.42565006,1,0.493469507,1
2.428031921,-4.788817883,1,-1.877014995,1,-8.700612068,1,0.160864457,1,-0.411378682,1,0.161314487,1,0.374831527,1,-0.427423596,1,0.493481845,1
2.432031631,-4.725432396,1,-2.18088913,1,-8.641003609,1,0.183034778,1,-0.420734912,1,0.151233822,1,0.375534475,1,-0.429196656,1,0.493448019,1
2.436033487,-4.837368011,1,-2.523183584,1,-8.452411652,1,0.191302732,1,-0.425667942,1,0.149342313,1,0.376319766,1,-0.430984199,1,0.493369162,1
2.44003129,-4.867217541,1,-2.838908195,1,-8.366591454,1,0.19000569,1,-0.424650073,1,0.153159961,1,0.377116352,1,-0.432782501,1,0.493282884,1
2.444031,-4.885017872,1,-3.125409603,1,-8.247436523,1,0.176455215,1,-0.41961363,1,0.156652093,1,0.373572409,1,-0.442808121,1,0.493661016,1
2.448032856,-4.826689243,1,-3.404690266,1,-8.214129448,1,0.162872061,1,-0.410583168,1,0.161729872,1,0.374297768,1,-0.444476932,1,0.494324893,1
2.452030659,-4.908734798,1,-3.480120897,1,-8.162748337,1,0.140025765,1,-0.41214782,1,0.165560409,1,0.374902606,1,-0.446243972,1,0.494336665,1
2.456030369,-4.936744213,1,-3.40079236,1,-8.152040482,1,0.115600087,1,-0.401120543,1,0.171098322,1,0.375399202,1,-0.447992653,1,0.494375736,1
2.460032225,-5.034136295,1,-3.369513035,1,-8.153227806,1,0.0939698,1,-0.392484903,1,0.173234686,1,0.375797451,1,-0.449723721,1,0.494435102,1
2.464030266,-4.942681313,1,-3.296477079,1,-8.108483315,1,0.076906167,1,-0.389087349,1,0.174462184,1,0.376107395,1,-0.451435834,1,0.494518638,1
2.468029976,-4.914822578,1,-3.229245663,1,-8.124836922,1,0.057306603,1,-0.384896576,1,0.175552621,1,0.376335204,1,-0.453127742,1,0.49461776,1
2.472031832,-4.845033646,1,-3.077926874,1,-8.135519981,1,0.036686413,1,-0.375708371,1,0.178074226,1,0.376476258,1,-0.454802722,1,0.494724303,1
2.476029634,-4.860363483,1,-2.953728676,1,-8.208924294,1,0.02585436,1,-0.373481631,1,0.18479386,1,0.376547933,1,-0.456455708,1,0.494861037,1
2.480029106,-4.702923298,1,-2.772875547,1,-8.184202194,1,0.011633366,1,-0.352117032,1,0.181883171,1,0.376544088,1,-0.458079249,1,0.495038331,1
2.4840312,-4.811687469,1,-2.769900322,1,-8.212685585,1,0.014184272,1,-0.378666818,1,0.166703939,1,0.376546621,1,-0.459695309,1,0.495157599,1
2.488029242,-4.664022923,1,-3.010514736,1,-8.298480988,1,-0.002301991,1,-0.370345235,1,0.164753824,1,0.376537561,1,-0.461337388,1,0.495230019,1
2.492028713,-4.988436699,1,-2.865157604,1,-8.184263229,1,-0.005007781,1,-0.363222033,1,0.161780044,1,0.376498163,1,-0.462954611,1,0.495306551,1
2.496030807,-4.837947845,1,-2.764927626,1,-8.15504837,1,-0.004690227,1,-0.373900533,1,0.159529403,1,0.376445025,1,-0.464547336,1,0.495372921,1
2.500028849,-4.702431679,1,-2.598145247,1,-8.289521217,1,-0.006881466,1,-0.37180531,1,0.15853858,1,0.376403451,1,-0.466167271,1,0.495423079,1
2.50402832,-4.835782051,1,-2.637246132,1,-8.289988518,1,-0.010695181,1,-0.377381891,1,0.159082562,1,0.376359731,1,-0.467796028,1,0.495464385,1
2.508030176,-4.772721291,1,-2.890262365,1,-8.117591858,1,-0.010487659,1,-0.376445174,1,0.1555859,1,0.376304984,1,-0.469427615,1,0.495499581,1
2.512033701,-4.843465805,1,-2.895159245,1,-8.082780838,1,-0.020276658,1,-0.373515457,1,0.152444407,1,0.376229376,1,-0.471055925,1,0.495527267,1
2.516033649,-5.00308466,1,-2.892367363,1,-8.075731277,1,-0.028668547,1,-0.357679158,1,0.153062686,1,0.376118898,1,-0.472640812,1,0.49556461,1
2.520035267,-4.995944023,1,-2.884189606,1,-7.910744667,1,-0.040897004,1,-0.353203326,1,0.146930367,1,0.375965416,1,-0.474177003,1,0.495597869,1
2.52403307,-5.035046101,1,-2.951787472,1,-7.931184769,1,-0.059096418,1,-0.336890489,1,0.153105766,1,0.375731766,1,-0.475677252,1,0.495664358,1
2.52803278,-5.090515137,1,-3.026751995,1,-7.835752964,1,-0.076290503,1,-0.320932001,1,0.162542209,1,0.375404775,1,-0.477125764,1,0.495787472,1
2.532034636,-5.058135986,1,-3.065061331,1,-7.837123871,1,-0.095029436,1,-0.295905262,1,0.175277799,1,0.374970436,1,-0.478520125,1,0.495982081,1
2.5360322,-5.011471272,1,-3.152666807,1,-7.847416878,1,-0.119472444,1,-0.274046719,1,0.184664637,1,0.37441045,1,-0.479848683,1,0.496264935,1
2.54003191,-5.478255749,1,-3.191063404,1,-7.638778687,1,-0.147196218,1,-0.226826146,1,0.21948801,1,0.373696864,1,-0.481105566,1,0.496690661,1
2.544033527,-4.724653721,1,-2.979570866,1,-8.011949539,1,-0.150939867,1,-0.245047867,1,0.210802943,1,0.372868538,1,-0.482254833,1,0.49719578,1
2.548031569,-5.064522743,1,-3.063136578,1,-7.794131756,1,-0.162323713,1,-0.225023165,1,0.226477861,1,0.372007608,1,-0.483459413,1,0.49772644,1
2.552031279,-5.004964828,1,-2.991867065,1,-7.799552917,1,-0.174365193,1,-0.20786351,1,0.235232398,1,0.371031284,1,-0.484597951,1,0.498360276,1
2.556032658,-5.189253807,1,-2.78124547,1,-7.890739918,1,-0.179419309,1,-0.197235271,1,0.240704015,1,0.37000221,1,-0.485695362,1,0.499031872,1
2.560030699,-5.169345379,1,-2.640851736,1,-7.939211845,1,-0.183892131,1,-0.183413878,1,0.242342159,1,0.368941128,1,-0.486747503,1,0.499744892,1
2.564030409,-5.585679531,1,-2.582730055,1,-8.018767357,1,-0.196748957,1,-0.168609664,1,0.259238482,1,0.367829919,1,-0.487756938,1,0.500508249,1
2.568032026,-4.472576618,1,-2.659762621,1,-7.906048298,1,-0.189250767,1,-0.137255356,1,0.237826988,1,0.366641819,1,-0.488651991,1,0.501354873,1
2.572029591,-5.181987762,1,-2.398532629,1,-7.985973358,1,-0.187666073,1,-0.156955615,1,0.242300853,1,0.365532666,1,-0.489572108,1,0.502118111,1
2.576029301,-5.089736462,1,-2.449027061,1,-7.957587719,1,-0.18576014,1,-0.13908428,1,0.24352622,1,0.364412844,1,-0.490460753,1,0.502911747,1
2.580030918,-4.98990202,1,-2.371419191,1,-8.078344345,1,-0.180034593,1,-0.132809296,1,0.244457588,1,0.36329478,1,-0.491319895,1,0.503729045,1
2.584028721,-5.2870965,1,-2.375673532,1,-7.977453709,1,-0.190860286,1,-0.109683767,1,0.256631702,1,0.362150401,1,-0.492138356,1,0.504588425,1
2.588028431,-4.626671791,1,-2.178873062,1,-8.208093643,1,-0.174137175,1,-0.12326844,1,0.235123634,1,0.361003101,1,-0.49289614,1,0.505446494,1
2.592030287,-4.989042759,1,-2.248995304,1,-8.110879898,1,-0.167586878,1,-0.119831085,1,0.24113825,1,0.359939784,1,-0.493704706,1,0.506261826,1
2.59602809,-4.834679127,1,-2.567300081,1,-8.133402824,1,-0.174073681,1,-0.115459882,1,0.242765725,1,0.358867586,1,-0.494483113,1,0.507101417,1
2.600027561,-4.830766201,1,-2.596786022,1,-8.042537689,1,-0.193833455,1,-0.11044424,1,0.243019521,1,0.357714355,1,-0.495256364,1,0.507956088,1
2.604029417,-4.741652012,1,-2.615895748,1,-8.144851685,1,-0.185192376,1,-0.121724337,1,0.247581303,1,0.356551409,1,-0.496035218,1,0.508801758,1
2.60802722,-4.921718121,1,-2.648683548,1,-8.072867393,1,-0.198842347,1,-0.115128785,1,0.265522838,1,0.355357707,1,-0.496834397,1,0.509706199,1
2.61202693,-5.06751442,1,-2.68936801,1,-8.012927055,1,-0.206016093,1,-0.104132354,1,0.272874951,1,0.354086161,1,-0.497615308,1,0.510679722,1
2.616028786,-4.873037338,1,-2.884654284,1,-7.898972988,1,-0.22053872,1,-0.092787504,1,0.281999111,1,0.352747142,1,-0.498363376,1,0.511706471,1
2.62002635,-5.184895039,1,-2.652406693,1,-7.868645191,1,-0.228001893,1,-0.094427705,1,0.284910291,1,0.351340353,1,-0.499110222,1,0.512774527,1
2.62402606,-5.26645422,1,-2.530869484,1,-7.858051777,1,-0.230256721,1,-0.079774193,1,0.304349691,1,0.349891186,1,-0.499836087,1,0.513889015,1
2.628027678,-5.135614872,1,-2.505677223,1,-7.863536835,1,-0.241689369,1,-0.057704054,1,0.308484286,1,0.348359764,1,-0.50050962,1,0.515104115,1
2.632031202,-5.299427986,1,-2.193184853,1,-7.897933483,1,-0.244551823,1,-0.055247769,1,0.31195268,1,0.346787035,1,-0.501152873,1,0.516341686,1
2.636030912,-5.206153393,1,-2.366437197,1,-7.886909485,1,-0.262244374,1,-0.039240416,1,0.311251283,1,0.345178425,1,-0.501754999,1,0.517600417,1
2.64003253,-5.063745022,1,-2.262618542,1,-7.88476181,1,-0.271453619,1,-0.03930955,1,0.301813811,1,0.343494445,1,-0.50231874,1,0.518855751,1
2.644030571,-5.093482494,1,-2.241873264,1,-8.008038521,1,-0.271468103,1,-0.036603171,1,0.310594738,1,0.341802955,1,-0.502883136,1,0.520116866,1
2.648030281,-5.064528465,1,-2.250923395,1,-7.972864151,1,-0.279231042,1,-0.026668023,1,0.314654052,1,0.340066701,1,-0.503423095,1,0.521415889,1
2.652031898,-4.953700542,1,-2.276931524,1,-8.085982323,1,-0.274296761,1,-0.028642643,1,0.316165626,1,0.338326395,1,-0.503935218,1,0.522733212,1
2.65602994,-4.990532398,1,-2.266257524,1,-8.136152267,1,-0.276503086,1,-0.027780887,1,0.324569613,1,0.336572111,1,-0.504467905,1,0.524076581,1
2.66002965,-4.817586422,1,-2.205023766,1,-8.237462044,1,-0.27555269,1,-0.03244948,1,0.331280947,1,0.334813476,1,-0.505005956,1,0.525441647,1
2.664031506,-4.839810371,1,-2.216088772,1,-8.307067871,1,-0.262128323,1,-0.044193059,1,0.333173543,1,0.333064973,1,-0.505583286,1,0.526829004,1
2.668029547,-4.838745594,1,-2.23010087,1,-8.41480732,1,-0.249729246,1,-0.059232697,1,0.343487561,1,0.331366718,1,-0.50620985,1,0.528217554,1
2.672029018,-4.730679989,1,-2.535032988,1,-8.4445467,1,-0.254444182,1,-0.070948564,1,0.3560929,1,0.329682291,1,-0.506906211,1,0.529628515,1
2.676030636,-4.654150486,1,-2.531174898,1,-8.507261276,1,-0.276929289,1,-0.101496316,1,0.361332119,1,0.327908993,1,-0.507681847,1,0.531059027,1
2.680028677,-4.820491314,1,-2.449685574,1,-8.493639946,1,-0.267810971,1,-0.121448889,1,0.378517807,1,0.326111853,1,-0.50858444,1,0.532505631,1
2.684028387,-4.747934818,1,-2.474256277,1,-8.479075432,1,-0.263566405,1,-0.134633422,1,0.388838232,1,0.324333489,1,-0.509561658,1,0.533970237,1
2.688030481,-4.832634449,1,-2.401529551,1,-8.527558327,1,-0.259981334,1,-0.164261699,1,0.397860229,1,0.322569907,1,-0.510611355,1,0.535455108,1
2.692028522,-4.922399044,1,-2.263226986,1,-8.623054504,1,-0.255400419,1,-0.185834944,1,0.413620323,1,0.320792317,1,-0.511785865,1,0.536967337,1
2.696028233,-4.84743309,1,-2.667852402,1,-8.716795921,1,-0.28293699,1,-0.208300114,1,0.426046103,1,0.318249345,1,-0.513924539,1,0.539252579,1
2.70002985,-4.721282005,1,-2.245616913,1,-8.771715164,1,-0.294789881,1,-0.245090097,1,0.433428645,1,0.316325545,1,-0.5153144,1,0.540800869,1
2.704027653,-4.671292782,1,-1.862251043,1,-8.953899384,1,-0.274281412,1,-0.278845608,1,0.436137944,1,0.314451396,1,-0.516852438,1,0.542317569,1
2.708027363,-4.661097527,1,-1.865732431,1,-9.034480095,1,-0.266057938,1,-0.324645549,1,0.442840308,1,0.312614888,1,-0.518537879,1,0.543824911,1
2.712029219,-4.63830471,1,-1.796972752,1,-9.167834282,1,-0.259599179,1,-0.378015548,1,0.444401205,1,0.310836673,1,-0.52041477,1,0.54527235,1
2.716026783,-4.632845879,1,-1.734433293,1,-9.306088448,1,-0.256258488,1,-0.432168722,1,0.458609045,1,0.309102654,1,-0.522511661,1,0.546684802,1
2.72002697,-4.495150566,1,-1.969907999,1,-9.420778275,1,-0.25360465,1,-0.487323791,1,0.462848783,1,0.307402372,1,-0.524832368,1,0.548061609,1
2.724028587,-4.387518883,1,-1.771488667,1,-9.440542221,1,-0.25787285,1,-0.557175577,1,0.460590363,1,0.305711329,1,-0.527381599,1,0.549372315,1
2.72802639,-4.478426456,1,-1.52895534,1,-9.558635712,1,-0.254302084,1,-0.630110085,1,0.461753219,1,0.304076433,1,-0.530211091,1,0.550586998,1
2.7320261,-4.560387135,1,-1.482726574,1,-9.620707512,1,-0.247714654,1,-0.704891503,1,0.462380618,1,0.302517176,1,-0.533316076,1,0.551701367,1
2.736027956,-4.672413826,1,-1.415415645,1,-9.675642014,1,-0.245641544,1,-0.775394738,1,0.464708894,1,0.301005423,1,-0.536695957,1,0.552741826,1
2.740025759,-4.786835194,1,-1.640136242,1,-9.705827713,1,-0.239464954,1,-0.836962581,1,0.474991769,1,0.299541205,1,-0.54033643,1,0.553724587,1
2.744025707,-4.526572227,1,-1.994636774,1,-9.54251194,1,-0.245103538,1,-0.922171295,1,0.473302484,1,0.298106819,1,-0.544255018,1,0.554633021,1
2.748027086,-4.798098087,1,-1.788640857,1,-9.564705849,1,-0.244457692,1,-0.997876644,1,0.496613532,1,0.296684802,1,-0.548498273,1,0.555483878,1
2.752031088,-5.070347786,1,-1.942056537,1,-9.615019798,1,-0.249152318,1,-1.06905663,1,0.518296599,1,0.29523927,1,-0.553050041,1,0.556356311,1
2.756030798,-4.861423969,1,-2.346509457,1,-9.633603096,1,-0.25583455,1,-1.135270119,1,0.531913042,1,0.2937994,1,-0.557887197,1,0.557207525,1
2.760032415,-4.785444736,1,-3.031722307,1,-9.625034332,1,-0.328089654,1,-1.223410368,1,0.562786102,1,0.292171717,1,-0.563032985,1,0.558081031,1
2.764030457,-4.673438072,1,-2.584914207,1,-9.571313858,1,-0.362294942,1,-1.303380728,1,0.59079814,1,0.290304244,1,-0.568526983,1,0.558968186,1
2.768030405,-4.647104263,1,-2.587014675,1,-9.753314972,1,-0.381543845,1,-1.383218884,1,0.622700214,1,0.288307011,1,-0.574379981,1,0.559900105,1
2.772032499,-5.037770271,1,-3.094995022,1,-9.842420578,1,-0.423951656,1,-1.467627883,1,0.665374339,1,0.286141992,1,-0.580573261,1,0.56092459,1
2.77603054,-4.779724121,1,-3.519223213,1,-9.838312149,1,-0.505022883,1,-1.551267505,1,0.694008231,1,0.283689529,1,-0.587123156,1,0.562015951,1
2.780030012,-4.822991371,1,-3.228572607,1,-10.14952755,1,-0.573185742,1,-1.657791138,1,0.733744085,1,0.280897439,1,-0.594075024,1,0.563155293,1
2.78403163,-4.7110219,1,-3.287738323,1,-10.19595337,1,-0.644810259,1,-1.758294106,1,0.777548015,1,0.277771771,1,-0.601469278,1,0.564391792,1
2.788029671,-4.469171047,1,-3.588531971,1,-10.39188099,1,-0.698447347,1,-1.861909866,1,0.808885038,1,0.274338663,1,-0.609307647,1,0.565702379,1
2.792029142,-4.554868221,1,-3.547982216,1,-10.6265173,1,-0.734187722,1,-1.990401506,1,0.867298126,1,0.270658582,1,-0.617617488,1,0.567118108,1
2.796030998,-4.684900284,1,-4.063863754,1,-10.92337036,1,-0.76771301,1,-2.098697186,1,0.92590785,1,0.266745985,1,-0.626461864,1,0.568691611,1
2.800029039,-5.113305092,1,-4.540525436,1,-11.43433571,1,-0.81518507,1,-2.206919432,1,1.002300978,1,0.262518018,1,-0.635795116,1,0.570501447,1
2.804028749,-4.541981697,1,-5.171504021,1,-10.7421875,1,-0.906039,1,-2.349651575,1,1.105297565,1,0.257794261,1,-0.645656347,1,0.572646558,1
2.808030367,-4.479963779,1,-5.458874226,1,-11.07548904,1,-1.01092732,1,-2.527744055,1,1.210488915,1,0.252429664,1,-0.656251848,1,0.575188935,1
2.81202817,-5.014787197,1,-5.433959007,1,-11.11478043,1,-1.114123702,1,-2.700932503,1,1.343115568,1,0.246335119,1,-0.667667031,1,0.57817775,1
2.816028118,-4.683177471,1,-5.535125732,1,-11.03900719,1,-1.195461273,1,-2.869783163,1,1.476832271,1,0.239473835,1,-0.679825902,1,0.581753671,1
2.820029974,-4.54650259,1,-5.722900867,1,-11.43529129,1,-1.271327853,1,-3.057053328,1,1.614799857,1,0.231887862,1,-0.692788601,1,0.585947514,1
2.824027538,-4.990789413,1,-5.874543667,1,-11.80472088,1,-1.324205637,1,-3.19640708,1,1.742778778,1,0.223571032,1,-0.706485987,1,0.590800345,1
2.828027487,-4.122040749,1,-5.730212212,1,-11.83753395,1,-1.364952803,1,-3.406245708,1,1.905771494,1,0.214519262,1,-0.720947742,1,0.596417487,1
2.832029104,-5.15165472,1,-6.283047199,1,-12.30540371,1,-1.433153272,1,-3.586969137,1,2.069626331,1,0.204580218,1,-0.736311257,1,0.602949739,1
2.836027145,-4.639864922,1,-6.027242184,1,-12.29054737,1,-1.464020133,1,-3.783695459,1,2.209135056,1,0.193740085,1,-0.752420306,1,0.610386908,1
2.840026855,-5.305229664,1,-6.036287785,1,-12.96115208,1,-1.492868185,1,-4.019195557,1,2.371069431,1,0.182019651,1,-0.769488931,1,0.618794024,1
2.844028473,-5.270432472,1,-6.839473724,1,-12.6168642,1,-1.56205368,1,-4.144513607,1,2.528004408,1,0.169251442,1,-0.787257612,1,0.628314018,1
2.848026037,-5.34220314,1,-7.508011818,1,-13.48714638,1,-1.685738802,1,-4.328827381,1,2.70516181,1,0.154972121,1,-0.805682242,1,0.639208257,1
2.852025747,-6.2488451,1,-7.465637207,1,-12.86483574,1,-1.73718822,1,-4.431156635,1,2.762620449,1,0.139293388,1,-0.824550033,1,0.651175022,1
2.856027365,-5.785328865,1,-7.645095348,1,-14.18313217,1,-2.025529861,1,-4.679323673,1,3.135811806,1,0.121436492,1,-0.844230175,1,0.665096104,1
2.860025406,-4.221373081,1,-7.840976715,1,-14.06889439,1,-2.13215065,1,-4.853970528,1,3.373410225,1,0.100661553,1,-0.864554882,1,0.681568623,1
2.864025116,-5.583391666,1,-8.228001595,1,-14.24390221,1,-2.196074724,1,-5.100978851,1,3.613356829,1,0.077421822,1,-0.885659277,1,0.700564027,1
2.868026972,-10.9102087,1,-7.864656448,1,-13.89095211,1,-2.277975798,1,-5.075519562,1,3.698998213,1,0.051801361,1,-0.906999111,1,0.721892893,1
2.872030497,-14.29885483,1,-6.18109417,1,-14.93642712,1,-2.338530064,1,-4.923852444,1,3.656114817,1,0.024327893,1,-0.927521706,1,0.74485743,1
2.876030207,-14.48347759,1,-5.469202518,1,-15.02187157,1,-2.295621634,1,-4.811049938,1,3.616216898,1,-0.004472065,1,-0.94713515,1,0.769052029,1
2.880032063,-14.0306015,1,-5.816147804,1,-14.51493263,1,-2.146898508,1,-4.735171318,1,3.75343442,1,-0.034717277,1,-0.965935051,1,0.795177817,1
2.884029627,-13.64967918,1,-3.660775661,1,-16.34220123,1,-1.842139959,1,-4.646850109,1,3.874975443,1,-0.06672699,1,-0.983865917,1,0.824156165,1
2.888029099,-13.95965385,1,-3.62399292,1,-15.42948341,1,-1.511816978,1,-4.710821152,1,3.803843975,1,-0.099278584,1,-1.001232743,1,0.85500145,1
2.892030954,-13.41944504,1,-4.983935356,1,-15.73281288,1,-1.193709731,1,-4.756884575,1,3.80231595,1,-0.132113248,1,-1.018300891,1,0.887444794,1
2.896028996,-13.83216381,1,-7.196074009,1,-15.15955067,1,-1.062170148,1,-4.750404358,1,3.893941402,1,-0.16644831,1,-1.034803271,1,0.922288358,1
2.900028706,-13.40753269,1,-7.108764648,1,-14.95139503,1,-1.242927909,1,-4.790908337,1,4.080011368,1,-0.203911394,1,-1.050652623,1,0.960378647,1
2.904030561,-16.26315117,1,-7.916150093,1,-15.64765263,1,-1.340906024,1,-4.68640852,1,4.182260036,1,-0.245286688,1,-1.065454602,1,1.001892686,1
2.908028126,-17.5902195,1,-10.43657207,1,-14.15768051,1,-1.562075019,1,-4.485230446,1,4.333966732,1,-0.290009797,1,-1.078685403,1,1.046322227,1
2.912027836,-16.33579445,1,-11.72594929,1,-12.56391716,1,-2.146179438,1,-4.293682575,1,4.485050678,1,-0.33943215,1,-1.089900136,1,1.093902826,1
2.916029692,-17.95694542,1,-11.3623867,1,-12.95816708,1,-2.686249971,1,-4.010387421,1,4.396488667,1,-0.393032968,1,-1.099092007,1,1.143260002,1
2.920027494,-18.80413628,1,-8.071870804,1,-13.24099159,1,-3.005903721,1,-3.427398443,1,4.151296616,1,-0.447397232,1,-1.105763078,1,1.191373467,1
2.924027205,-19.14334297,1,-3.723139524,1,-15.39880085,1,-3.025638342,1,-2.739789009,1,3.868707418,1,-0.499402314,1,-1.109420061,1,1.235888958,1
2.928028822,-17.79600143,1,-1.090687275,1,-17.97667694,1,-2.631563902,1,-2.119612932,1,3.550301552,1,-0.546451867,1,-1.110396504,1,1.275703669,1
2.932026863,-14.19983196,1,-1.920407176,1,-19.58592415,1,-2.056958437,1,-1.561369181,1,3.194351673,1,-0.586591423,1,-1.109352112,1,1.310065866,1
2.936026573,-17.97627831,1,3.062788248,1,-17.69817924,1,-1.406833291,1,-1.415453076,1,3.098707676,1,-0.621073782,1,-1.107007265,1,1.340751886,1
2.940028429,-18.66521263,1,0.637480199,1,-19.53075981,1,-0.698671043,1,-0.981122732,1,2.877952099,1,-0.650059581,1,-1.103909612,1,1.368597031,1
2.944026709,-4.964861393,1,-6.520433426,1,-14.45510864,1,-0.428620309,1,-0.711726248,1,2.732197285,1,-0.673662364,1,-1.099583745,1,1.392623782,1
2.948026657,0.863371432,1,-9.925151825,1,-9.313310623,1,-0.315686315,1,-0.870733678,1,2.568516016,1,-0.694801927,1,-1.0950526,1,1.415295362,1
2.952028275,-5.679987431,1,-10.59405899,1,-10.46493435,1,-0.274157196,1,-1.039325476,1,2.412501812,1,-0.715487123,1,-1.09160459,1,1.437322378,1
2.956025839,-7.376255989,1,-10.93008614,1,-12.09720898,1,-0.491411626,1,-0.927023888,1,2.275602102,1,-0.735442162,1,-1.088322759,1,1.458132267,1
2.960025311,-7.142384529,1,-11.44892025,1,-11.96714306,1,-0.659280837,1,-0.822070837,1,2.040136576,1,-0.754400134,1,-1.085021377,1,1.476909518,1
2.964027166,-7.996632576,1,-12.02126312,1,-12.18745232,1,-0.719525576,1,-0.633966506,1,1.710055232,1,-0.771265984,1,-1.081953287,1,1.492854714,1
2.968024731,-7.408908844,1,-11.81290531,1,-12.45587826,1,-0.762654245,1,-0.378289163,1,1.372392774,1,-0.785129786,1,-1.079071045,1,1.50520277,1
2.972024202,-6.459409714,1,-11.34434032,1,-12.86799812,1,-0.778460801,1,-0.110915042,1,1.033207297,1,-0.795817256,1,-1.076342583,1,1.513839245,1
2.976026058,-6.001460552,1,-11.23753643,1,-12.71007156,1,-0.753587306,1,0.183389008,1,0.683854222,1,-0.803145409,1,-1.073777437,1,1.518669844,1
2.980023861,-5.227217674,1,-11.00219917,1,-12.27574921,1,-0.706005573,1,0.466997564,1,0.338386536,1,-0.806946635,1,-1.071401358,1,1.519677401,1
2.984023333,-3.779793501,1,-10.86463928,1,-11.63734913,1,-0.657178819,1,0.724239409,1,0.021473775,1,-0.807429254,1,-1.069234252,1,1.517109752,1
2.988025188,-1.972612381,1,-10.62171268,1,-10.86979675,1,-0.614024162,1,0.948576152,1,-0.276182503,1,-0.804930091,1,-1.067287683,1,1.511352062,1
2.992028713,-0.217488885,1,-10.29313183,1,-10.08074856,1,-0.578322172,1,1.112289071,1,-0.545234859,1,-0.79986012,1,-1.065605521,1,1.502836585,1
2.996028662,1.020774364,1,-9.868103027,1,-9.486359596,1,-0.54235816,1,1.238982201,1,-0.789252818,1,-0.792653561,1,-1.064222455,1,1.49202919,1
3.000030518,2.043108463,1,-9.239720345,1,-8.877579689,1,-0.508303583,1,1.338535309,1,-1.00158298,1,-0.783625722,1,-1.063123226,1,1.479290962,1
3.004028082,2.83514142,1,-8.524130821,1,-8.408982277,1,-0.451723278,1,1.42627573,1,-1.190653324,1,-0.772953212,1,-1.062260866,1,1.464879155,1
3.008028269,3.350079775,1,-7.82652998,1,-8.063696861,1,-0.364047289,1,1.499518514,1,-1.357783079,1,-0.760745525,1,-1.06159246,1,1.449018002,1
3.012029886,3.6844666,1,-7.134990692,1,-7.762018681,1,-0.263851672,1,1.577792168,1,-1.50781846,1,-0.746969819,1,-1.061032534,1,1.431794763,1
3.016027689,3.90289402,1,-6.53674984,1,-7.609195232,1,-0.136096776,1,1.656905293,1,-1.642710805,1,-0.731659174,1,-1.060503125,1,1.41332233,1
3.020027399,3.863513231,1,-6.040550709,1,-7.549266338,1,0.005534662,1,1.728633761,1,-1.762569904,1,-0.714800417,1,-1.0599401,1,1.3936975,1
3.024029016,3.849823475,1,-5.529965401,1,-7.443641186,1,0.154090092,1,1.821519613,1,-1.866078854,1,-0.696426988,1,-1.059253335,1,1.372995615,1
3.028026819,3.727857351,1,-5.194533348,1,-7.346292496,1,0.304314733,1,1.922206521,1,-1.951382399,1,-0.676541805,1,-1.058312774,1,1.351234794,1
3.032026529,3.954793215,1,-4.869080544,1,-7.126224041,1,0.455848515,1,2.019866943,1,-2.035261393,1,-0.655258417,1,-1.057038307,1,1.328552246,1
3.036028147,3.842228174,1,-4.616366863,1,-7.155786037,1,0.603489161,1,2.121874332,1,-2.096809387,1,-0.632664621,1,-1.055377483,1,1.305029988,1
3.040026188,3.796884775,1,-4.366547108,1,-7.152047634,1,0.74683851,1,2.218459129,1,-2.140228271,1,-0.608930886,1,-1.053251266,1,1.280844212,1
3.04402566,3.692423344,1,-4.011692047,1,-7.054759979,1,0.885886431,1,2.314740896,1,-2.166207314,1,-0.584243834,1,-1.050583839,1,1.25618279,1
3.048027277,3.559005737,1,-3.866615534,1,-7.022042274,1,1.017069578,1,2.417292595,1,-2.173850536,1,-0.558852255,1,-1.047321796,1,1.231275439,1
3.052025318,3.487139463,1,-3.682245731,1,-7.123834133,1,1.149059176,1,2.500058889,1,-2.180572033,1,-0.532866716,1,-1.043434858,1,1.206241846,1
3.05602479,3.167266607,1,-3.518265009,1,-7.197254181,1,1.271246314,1,2.596901417,1,-2.175912142,1,-0.506454527,1,-1.038917422,1,1.181244373,1
3.060026646,2.746346951,1,-3.4062078,1,-7.32365799,1,1.391484857,1,2.695661306,1,-2.163460493,1,-0.479757071,1,-1.033701301,1,1.156411171,1
3.06402421,2.520936251,1,-3.215747118,1,-7.407278061,1,1.510099292,1,2.801563501,1,-2.157619476,1,-0.452854156,1,-1.027763963,1,1.131793022,1
3.068024158,2.049688816,1,-3.153786182,1,-7.571707726,1,1.615125299,1,2.904991865,1,-2.15315032,1,-0.425804436,1,-1.02110517,1,1.107444882,1
3.072025776,1.535822749,1,-3.148314238,1,-7.720119476,1,1.709616899,1,3.009945631,1,-2.15019393,1,-0.398730218,1,-1.013722062,1,1.083433151,1
3.076023579,1.36769104,1,-2.99850893,1,-7.808192253,1,1.801519513,1,3.113418341,1,-2.169528723,1,-0.371660709,1,-1.005607724,1,1.059752941,1
3.08002305,1.035630345,1,-2.863145828,1,-7.960226059,1,1.884862781,1,3.207355738,1,-2.182464838,1,-0.344644368,1,-0.99681586,1,1.036428332,1
3.084024906,0.785607398,1,-2.757161617,1,-8.019086838,1,1.962057829,1,3.306474447,1,-2.213130236,1,-0.317745149,1,-0.987333238,1,1.01348412,1
3.08802247,0.407334924,1,-2.623641729,1,-8.109967232,1,2.040544271,1,3.402406693,1,-2.245741606,1,-0.290967584,1,-0.977200508,1,0.990922213,1
3.092022181,0.023476014,1,-2.474915981,1,-8.222189903,1,2.115892649,1,3.491096497,1,-2.27990365,1,-0.264358819,1,-0.966423392,1,0.968768835,1
3.096024036,-0.444022268,1,-2.401883602,1,-8.305988312,1,2.192338467,1,3.578932047,1,-2.338752508,1,-0.237902582,1,-0.955030799,1,0.947007656,1
3.100021839,-1.00992012,1,-2.355992556,1,-8.480658531,1,2.256638765,1,3.664688587,1,-2.400789499,1,-0.211595014,1,-0.943011642,1,0.925591528,1
3.104021549,-1.614413857,1,-2.419740677,1,-8.595925331,1,2.30905056,1,3.764886856,1,-2.471810341,1,-0.185489282,1,-0.930370986,1,0.904529512,1
3.108023405,-1.967307091,1,-2.524271011,1,-8.665008545,1,2.351068974,1,3.855068922,1,-2.540837526,1,-0.15964523,1,-0.917078376,1,0.883810222,1
3.11202693,-2.252407789,1,-2.486000061,1,-8.757933617,1,2.380629063,1,3.940264702,1,-2.62631321,1,-0.134088129,1,-0.903170407,1,0.863433957,1
3.116026878,-2.517785549,1,-2.416161537,1,-8.838129044,1,2.408361197,1,4.019377708,1,-2.716832876,1,-0.108858585,1,-0.888669252,1,0.843389034,1
3.120028496,-2.854424477,1,-2.399282217,1,-8.97837925,1,2.430437088,1,4.091896057,1,-2.79916954,1,-0.083979905,1,-0.873583913,1,0.823684752,1
3.124026299,-2.931366205,1,-2.232087374,1,-9.095088005,1,2.455855608,1,4.157013416,1,-2.893550396,1,-0.059478991,1,-0.857931674,1,0.804334462,1
3.128026009,-3.222993851,1,-2.096168756,1,-9.308932304,1,2.494133949,1,4.216486931,1,-2.981024981,1,-0.035321992,1,-0.841772735,1,0.785362065,1
3.132027626,-3.557285547,1,-1.851388216,1,-9.566239357,1,2.539063931,1,4.263431072,1,-3.074313641,1,-0.011495087,1,-0.825108707,1,0.766775191,1
3.136025667,-3.976215839,1,-1.664231658,1,-9.824861526,1,2.589408875,1,4.322536945,1,-3.159177065,1,0.012017735,1,-0.807933509,1,0.748573363,1
3.140025377,-4.178244114,1,-1.428150654,1,-10.03914165,1,2.659981251,1,4.386641026,1,-3.254597425,1,0.035268858,1,-0.790216327,1,0.7307809,1
3.144027233,-4.532683849,1,-1.359670281,1,-10.20752525,1,2.732377768,1,4.433922768,1,-3.338689804,1,0.058304768,1,-0.771985054,1,0.713388324,1
3.148025036,-4.743285656,1,-1.309533715,1,-10.36438179,1,2.797970295,1,4.484595299,1,-3.421940088,1,0.081076123,1,-0.75324744,1,0.696441889,1
3.152024508,-4.977343082,1,-1.332834959,1,-10.4798727,1,2.85818243,1,4.523654938,1,-3.500745773,1,0.103551149,1,-0.734027267,1,0.679967165,1
3.156026363,-4.91703558,1,-1.391735554,1,-10.51358223,1,2.903580904,1,4.56788063,1,-3.572493076,1,0.12566565,1,-0.714336276,1,0.663978994,1
3.160024166,-5.046757698,1,-1.562908173,1,-10.54451466,1,2.942532539,1,4.590441704,1,-3.633178711,1,0.14737834,1,-0.694237411,1,0.648505628,1
3.164023638,-5.200369835,1,-1.741213202,1,-10.62107563,1,2.959461689,1,4.604074955,1,-3.678948641,1,0.168614239,1,-0.673759103,1,0.633587837,1
3.168025255,-5.043336391,1,-1.756164193,1,-10.61196804,1,2.955253839,1,4.621157646,1,-3.720535517,1,0.189246833,1,-0.652977169,1,0.619270265,1
3.172023058,-5.282160282,1,-1.80777967,1,-10.94658661,1,2.965066195,1,4.603407383,1,-3.753920555,1,0.209325597,1,-0.631936193,1,0.605532348,1
3.17602253,-5.60350132,1,-1.838409662,1,-11.19233894,1,2.968265533,1,4.600741863,1,-3.773891687,1,0.22883898,1,-0.610702693,1,0.592381656,1
3.180024385,-5.908417702,1,-1.819235682,1,-11.55494785,1,2.971805096,1,4.597661018,1,-3.785966396,1,0.247800857,1,-0.589248955,1,0.579840422,1
3.18402195,-6.329409122,1,-1.849419951,1,-12.02205276,1,2.98849678,1,4.598426819,1,-3.800737143,1,0.266260296,1,-0.567613065,1,0.567895472,1
3.18802166,-6.881330967,1,-1.812776089,1,-12.55787849,1,3.022931337,1,4.624031067,1,-3.81222415,1,0.284282029,1,-0.54572916,1,0.556542158,1
3.192023516,-7.396166325,1,-1.721306205,1,-13.15445995,1,3.06922102,1,4.657412529,1,-3.840977192,1,0.30196774,1,-0.523543179,1,0.545744181,1
3.196021318,-7.736920357,1,-1.595357895,1,-13.69894695,1,3.120157719,1,4.696249008,1,-3.876524687,1,0.319570154,1,-0.50098753,1,0.53567946,1
3.200021029,-8.003394127,1,-1.457044005,1,-14.24070644,1,3.181124687,1,4.729121685,1,-3.918404818,1,0.336805284,1,-0.47811681,1,0.525843322,1
3.204022884,-8.162792206,1,-1.310942173,1,-14.72496986,1,3.245876551,1,4.757641792,1,-3.974231005,1,0.353908539,1,-0.454918116,1,0.516406059,1
3.208020449,-8.395642281,1,-1.262189746,1,-15.21542454,1,3.306132793,1,4.761797428,1,-4.025457859,1,0.37091893,1,-0.431450218,1,0.507329166,1
3.212020397,-8.697027206,1,-1.423372626,1,-15.50047207,1,3.370791912,1,4.760225296,1,-4.075029373,1,0.387848258,1,-0.407756239,1,0.498580098,1
3.216022253,-8.841194153,1,-1.78229332,1,-15.81885242,1,3.408660173,1,4.734476566,1,-4.124162197,1,0.404672623,1,-0.383907139,1,0.490133941,1
3.220020294,-9.166837692,1,-1.969095945,1,-16.1966877,1,3.419611931,1,4.688132763,1,-4.181796074,1,0.421313852,1,-0.359972835,1,0.481927246,1
3.224020004,-9.507633209,1,-2.090673685,1,-16.62132072,1,3.393577099,1,4.614040375,1,-4.246418476,1,0.437697798,1,-0.336036921,1,0.473865807,1
3.228021622,-9.96084404,1,-2.14690733,1,-17.01880646,1,3.348585606,1,4.517447948,1,-4.32392025,1,0.45373264,1,-0.31216827,1,0.465850651,1
3.232025623,-10.92965412,1,-2.318325043,1,-17.28253746,1,3.277780771,1,4.402057171,1,-4.393224716,1,0.469356269,1,-0.288420141,1,0.457833737,1
3.236025572,-11.97546577,1,-2.358201742,1,-17.67546272,1,3.190205097,1,4.282161236,1,-4.452132225,1,0.484493345,1,-0.264859587,1,0.449777663,1
3.240027189,-13.45972919,1,-1.944158316,1,-18.13361359,1,3.100726366,1,4.16310358,1,-4.501437664,1,0.49909541,1,-0.241513416,1,0.44170332,1
3.244024992,-15.46375751,1,-1.300031304,1,-18.55080414,1,3.034083366,1,4.048011303,1,-4.524726391,1,0.513191521,1,-0.218416363,1,0.433651984,1
3.24802494,-18.17844009,1,-0.529013216,1,-18.65313911,1,3.017267227,1,3.993695974,1,-4.517824173,1,0.526903331,1,-0.195491627,1,0.425752848,1
3.252026558,-20.75115585,1,0.161977321,1,-18.44280052,1,3.05862546,1,3.982722759,1,-4.495709419,1,0.540435314,1,-0.172590554,1,0.418211639,1
3.256024599,-23.3232708,1,-0.165568352,1,-17.72444153,1,3.078760386,1,4.008051395,1,-4.431146622,1,0.553850174,1,-0.149670213,1,0.411162674,1
3.260024309,-25.58069229,1,-1.020800829,1,-16.39956093,1,3.026606083,1,4.062298775,1,-4.340684414,1,0.566957951,1,-0.126662582,1,0.404816747,1
3.264026165,-26.70238304,1,-1.471541047,1,-14.31942749,1,2.902656794,1,4.069377422,1,-4.199622631,1,0.579475641,1,-0.103713058,1,0.399246454,1
3.268023729,-27.64999008,1,-0.553970039,1,-12.08106136,1,2.741228104,1,3.999968529,1,-4.014547348,1,0.591220737,1,-0.08117184,1,0.394445926,1
3.272023439,-28.16550827,1,0.94338733,1,-9.437537193,1,2.596970797,1,3.838280916,1,-3.782144308,1,0.602174938,1,-0.059420276,1,0.390355408,1
3.276025295,-28.34554291,1,3.149553299,1,-6.834868431,1,2.502600431,1,3.593565226,1,-3.503150463,1,0.612538397,1,-0.0388714,1,0.386874437,1
3.280023098,-27.82968712,1,5.591636658,1,-4.158459187,1,2.480073452,1,3.272428751,1,-3.176089764,1,0.622569382,1,-0.019914683,1,0.383931607,1
3.284022808,-27.25499153,1,8.422678947,1,-2.271269083,1,2.534590244,1,2.842815876,1,-2.818490267,1,0.632612348,1,-0.002956253,1,0.381404877,1
3.288024664,-26.38829041,1,10.8596859,1,-0.784772635,1,2.655080318,1,2.358740568,1,-2.452755451,1,0.642964721,1,0.011678536,1,0.379126549,1
3.292022228,-25.48264313,1,13.38356876,1,-0.067854114,1,2.8452878,1,1.841727138,1,-2.109698057,1,0.653918326,1,0.023876563,1,0.376933217,1
3.296021938,-25.30148125,1,15.48748779,1,0.145928785,1,3.037976265,1,1.333629966,1,-1.809676051,1,0.66561234,1,0.033676349,1,0.374636829,1
3.300024033,-25.81405449,1,16.51723289,1,0.031993136,1,3.19566083,1,0.886552274,1,-1.562513709,1,0.678004444,1,0.041333925,1,0.372119248,1
3.304022074,-27.33646011,1,16.58249474,1,-0.375515759,1,3.249133825,1,0.535870671,1,-1.383330584,1,0.690812409,1,0.047231175,1,0.369346797,1
3.308021784,-29.59122658,1,14.70311642,1,-0.361551404,1,3.11744976,1,0.300053209,1,-1.22306776,1,0.703458548,1,0.051820602,1,0.366403997,1
3.312023401,-31.1830864,1,12.45719528,1,-0.537128806,1,2.766111135,1,0.126422256,1,-1.085021377,1,0.715115845,1,0.055473313,1,0.3634606,1
3.316021204,-32.27225494,1,9.706537247,1,-0.113477059,1,2.193834305,1,0.012161774,1,-0.934027612,1,0.724912047,1,0.058329988,1,0.360585451,1
3.320020914,-32.033535,1,7.426914215,1,0.380901694,1,1.475718379,1,-0.078703783,1,-0.726174235,1,0.732128561,1,0.060464326,1,0.358014226,1
3.324023008,-30.8670063,1,5.667640686,1,1.083990455,1,0.661840618,1,-0.176529095,1,-0.463492721,1,0.736271977,1,0.061694834,1,0.355889022,1
3.328021288,-29.76802635,1,5.005032539,1,1.508093238,1,-0.097025074,1,-0.28106612,1,-0.116912127,1,0.737284541,1,0.061817534,1,0.354398489,1
3.33202076,-28.6344986,1,5.459534168,1,1.360097289,1,-0.722905457,1,-0.407570213,1,0.278317451,1,0.735567093,1,0.060582969,1,0.353709936,1
3.336022377,-27.74220085,1,6.146956444,1,1.214014411,1,-1.153346419,1,-0.524067163,1,0.706422746,1,0.731780708,1,0.057887133,1,0.353917032,1
3.34002018,-26.78776169,1,6.412970066,1,0.771455228,1,-1.405099034,1,-0.63162148,1,1.141339183,1,0.726687431,1,0.053693458,1,0.355125904,1
3.34401989,-25.73841858,1,5.95001173,1,0.114740491,1,-1.498966217,1,-0.734914184,1,1.548847556,1,0.72094965,1,0.048073918,1,0.357355535,1
3.348021746,-25.37540436,1,4.751814365,1,-0.279218942,1,-1.485478163,1,-0.78196919,1,1.917765379,1,0.715101242,1,0.041210372,1,0.36058712,1
3.352025509,-24.54874039,1,2.705525875,1,-0.743139386,1,-1.461418748,1,-0.781258345,1,2.234529018,1,0.709367335,1,0.033402137,1,0.364829242,1
3.356025457,-18.41963768,1,-3.835857153,1,-5.513575554,1,-1.597067237,1,-0.809732676,1,2.486777782,1,0.703537226,1,0.024873078,1,0.369977981,1
3.360027075,5.065648556,1,-12.76819038,1,-11.0143528,1,-2.117218256,1,-1.115768433,1,2.96905756,1,0.696067095,1,0.015086224,1,0.375939965,1
3.364025116,-10.03326225,1,-12.90707493,1,-12.78199863,1,-2.582649231,1,-1.120142937,1,3.119157076,1,0.686975241,1,0.003558539,1,0.382343292,1
3.368024588,10.72415829,1,-27.2854805,1,-16.27249908,1,-3.18158102,1,-0.377874672,1,2.844983339,1,0.675278008,1,-0.006262858,1,0.389774501,1
3.372026443,18.98913002,1,-32.17152023,1,-10.51250267,1,-3.440880299,1,-0.511339605,1,2.741705179,1,0.661976695,1,-0.014402672,1,0.397577852,1
3.376024008,24.60974312,1,-28.06933403,1,-8.1393013,1,-3.603434801,1,-0.878342867,1,2.655688763,1,0.64775753,1,-0.023169927,1,0.404414505,1
3.380023718,27.3468132,1,-26.21172142,1,-7.608801842,1,-4.001446247,1,-1.849662185,1,2.616723299,1,0.632321656,1,-0.03367494,1,0.409741998,1
3.384025574,23.6202507,1,-20.10265732,1,-3.560586214,1,-4.356303692,1,-2.925981998,1,2.533976793,1,0.615451753,1,-0.047488488,1,0.412570655,1
3.388023376,22.49294853,1,-18.478899,1,-0.308560878,1,-4.741763592,1,-4.054341316,1,2.545143604,1,0.597387314,1,-0.064597145,1,0.412988722,1
3.392023087,20.9888649,1,-12.59571362,1,-2.485586166,1,-5.049151897,1,-5.686218739,1,2.739339113,1,0.577764511,1,-0.086620875,1,0.410919458,1
3.396024942,6.548902988,1,-3.351400852,1,-10.33914566,1,-4.898985863,1,-6.938790798,1,2.713721991,1,0.558341444,1,-0.114039376,1,0.406592637,1
3.400022507,-13.74873257,1,5.886657238,1,-14.76596832,1,-4.625771999,1,-7.179356098,1,2.267308474,1,0.540115476,1,-0.143582329,1,0.40009135,1
3.404022217,-20.73937225,1,13.09668732,1,-18.11258125,1,-4.537230492,1,-6.785358429,1,2.054553986,1,0.522777736,1,-0.17198652,1,0.393190563,1
3.408024073,-22.66832542,1,20.49206161,1,-20.36785507,1,-4.117099285,1,-6.392220497,1,2.001278639,1,0.506500721,1,-0.198905751,1,0.387221515,1
3.412022114,-23.84476852,1,23.35912895,1,-19.18889427,1,-3.541276455,1,-6.052920818,1,2.028466702,1,0.492233336,1,-0.224582016,1,0.382229567,1
3.416021824,-19.72590065,1,26.20529556,1,-19.77331924,1,-2.823843002,1,-5.727517128,1,2.191244364,1,0.480371177,1,-0.249345869,1,0.378530085,1
3.420023203,-19.56793404,1,24.26019096,1,-19.17372131,1,-2.227927923,1,-5.438335419,1,2.443463564,1,0.470764428,1,-0.27346006,1,0.376446486,1
3.424021006,-21.33892632,1,16.85341072,1,-20.39059258,1,-1.667116046,1,-4.944596291,1,2.605742931,1,0.463095397,1,-0.296526581,1,0.376156032,1
3.428020716,-28.38793373,1,8.258254051,1,-19.858675,1,-1.261066914,1,-4.386296272,1,2.704404831,1,0.457007855,1,-0.318067163,1,0.37748298,1
3.432022572,-29.81194687,1,-2.297882557,1,-18.04301453,1,-1.119039178,1,-3.505382538,1,2.507330418,1,0.451406419,1,-0.336919457,1,0.380114734,1
3.436020851,-28.79465866,1,-9.527108192,1,-13.36703014,1,-1.15901053,1,-2.781699181,1,2.091753483,1,0.445868731,1,-0.352247536,1,0.383231759,1
3.4400208,-23.12825966,1,-13.41650295,1,-9.461963654,1,-1.189391851,1,-2.312391996,1,1.491414905,1,0.440349966,1,-0.364420503,1,0.385485202,1
3.444022417,-17.45451355,1,-13.80800819,1,-7.44299078,1,-1.321641564,1,-2.038574457,1,1.010085583,1,0.43501246,1,-0.374346375,1,0.386377156,1
3.448020458,-13.85543346,1,-10.43982315,1,-8.649841309,1,-1.508860946,1,-1.821348906,1,0.719188452,1,0.429489553,1,-0.382579505,1,0.386296749,1
3.452020168,-15.40960789,1,-5.39124155,1,-11.65716743,1,-1.645797372,1,-1.582910895,1,0.573909223,1,0.423329592,1,-0.389897972,1,0.385774076,1
3.456022024,-15.77309036,1,1.963715911,1,-14.11905193,1,-1.515717626,1,-1.127170563,1,0.599596143,1,0.417023897,1,-0.395827234,1,0.38563472,1
3.460020065,-14.6715374,1,7.796486855,1,-13.69764709,1,-1.224037528,1,-0.637166917,1,0.660105526,1,0.411105633,1,-0.400044948,1,0.386588871,1
3.464019537,-7.953629494,1,7.387590408,1,-10.19890022,1,-0.967282295,1,-0.448921859,1,0.775828421,1,0.405997097,1,-0.403082013,1,0.388593078,1
3.468021154,-5.520271301,1,2.409713507,1,-8.99532795,1,-0.792380035,1,-0.481718928,1,0.728714168,1,0.40159753,1,-0.405985653,1,0.390841186,1
3.472018957,-5.402682304,1,-2.304148436,1,-9.260497093,1,-0.696438313,1,-0.471373439,1,0.589563072,1,0.397915542,1,-0.408777177,1,0.392684042,1
3.476024866,-6.621629238,1,-4.96788168,1,-8.3997612,1,-0.619336843,1,-0.422610164,1,0.440336764,1,0.39476344,1,-0.411204189,1,0.393994451,1
3.48002696,-7.712899685,1,-6.550274372,1,-9.222851753,1,-0.570622087,1,-0.335802883,1,0.329366446,1,0.39204368,1,-0.413237572,1,0.39490962,1
3.484024763,-5.653372765,1,-6.031076431,1,-8.216394424,1,-0.616444886,1,-0.236111224,1,0.281472117,1,0.389415532,1,-0.414698333,1,0.395626545,1
3.488024473,-4.51395607,1,-3.461059809,1,-9.160703659,1,-0.669787645,1,-0.263859302,1,0.367818415,1,0.3864564,1,-0.416114688,1,0.396523714,1
3.492026329,-4.177179337,1,-2.120616198,1,-10.21984196,1,-0.666448116,1,-0.253440142,1,0.438769192,1,0.383298606,1,-0.417684615,1,0.397737354,1
3.496024132,-5.43158102,1,-1.809098959,1,-10.12834454,1,-0.606878042,1,-0.230430737,1,0.443102062,1,0.380176067,1,-0.419249475,1,0.399143606,1
3.500023842,-5.466158867,1,-0.978287041,1,-9.325074196,1,-0.550596416,1,-0.23097758,1,0.432146072,1,0.37727493,1,-0.420742035,1,0.400571883,1
3.504025698,-5.647053242,1,-0.348173171,1,-9.372467995,1,-0.466405153,1,-0.241577372,1,0.368120968,1,0.374709308,1,-0.422215641,1,0.401841104,1
3.5080235,-5.607906342,1,0.286556423,1,-9.372489929,1,-0.373685032,1,-0.240875497,1,0.299750507,1,0.372624934,1,-0.423602939,1,0.402818739,1
3.512023211,-5.723294735,1,0.119800277,1,-9.255450249,1,-0.274636418,1,-0.243866384,1,0.2692146,1,0.371020794,1,-0.424924731,1,0.403584898,1
3.516024828,-5.392786503,1,-0.578281641,1,-9.245175362,1,-0.201420665,1,-0.233706579,1,0.22575067,1,0.369811028,1,-0.426169395,1,0.404212415,1
3.520022869,-4.869225025,1,-1.753006577,1,-9.052258492,1,-0.158122957,1,-0.252756089,1,0.202456877,1,0.368895233,1,-0.427384973,1,0.404697865,1
3.524022818,-4.909136295,1,-2.567444324,1,-9.226316452,1,-0.121121272,1,-0.251229674,1,0.179314271,1,0.368171811,1,-0.428603202,1,0.405077726,1
3.528024673,-5.193413734,1,-2.464020014,1,-8.997451782,1,-0.101731621,1,-0.251429319,1,0.183419645,1,0.367578745,1,-0.429802239,1,0.405420095,1
3.532022476,-5.321378708,1,-2.334170103,1,-8.611289024,1,-0.092485867,1,-0.269198179,1,0.192837119,1,0.367042124,1,-0.431045771,1,0.405777246,1
3.536021948,-5.654107094,1,-2.559928417,1,-8.511488914,1,-0.087530784,1,-0.254557669,1,0.190611795,1,0.366524786,1,-0.432293952,1,0.406156093,1
3.540023804,-5.161856174,1,-2.848756075,1,-8.460709572,1,-0.092303157,1,-0.258449137,1,0.188636154,1,0.366002798,1,-0.433520526,1,0.406541705,1
3.544021606,-4.585968018,1,-3.000941038,1,-8.518731117,1,-0.104887225,1,-0.271025032,1,0.183463186,1,0.365473449,1,-0.43477574,1,0.40688765,1
3.548021078,-4.451218128,1,-2.79272747,1,-8.730072021,1,-0.107567869,1,-0.291680187,1,0.180086464,1,0.364920884,1,-0.436094463,1,0.407188803,1
3.552022696,-4.817713261,1,-2.220955133,1,-8.950847626,1,-0.095922329,1,-0.314970195,1,0.176098123,1,0.364405632,1,-0.437479824,1,0.40744704,1
3.556020498,-5.003414154,1,-1.7239995,1,-8.869819641,1,-0.070936233,1,-0.331785738,1,0.165884674,1,0.363986313,1,-0.438927799,1,0.407643437,1
3.56001997,-4.805825233,1,-1.449665427,1,-9.007665634,1,-0.030928673,1,-0.336979538,1,0.142614916,1,0.363736153,1,-0.440400422,1,0.407745957,1
3.564021826,-4.595206738,1,-1.39712286,1,-9.035645485,1,0.009249942,1,-0.359670848,1,0.122344054,1,0.363696098,1,-0.441899955,1,0.407733828,1
3.56801939,-4.711010456,1,-1.365365982,1,-9.003878593,1,0.040834609,1,-0.379748851,1,0.1038808,1,0.363839269,1,-0.443450987,1,0.40761584,1
3.5720191,-4.851202965,1,-1.520891428,1,-8.901414871,1,0.071045808,1,-0.395511717,1,0.092052013,1,0.364156961,1,-0.445041656,1,0.407415003,1
3.576020956,-5.006890774,1,-1.689672947,1,-8.732820511,1,0.096738383,1,-0.408464462,1,0.077922039,1,0.364618003,1,-0.446668178,1,0.407135755,1
3.580018759,-4.927044392,1,-1.769065261,1,-8.645389557,1,0.11212872,1,-0.417331815,1,0.066623986,1,0.365180492,1,-0.448316038,1,0.406782717,1
3.584018946,-4.855652332,1,-1.801320195,1,-8.620416641,1,0.125348061,1,-0.42480275,1,0.052288804,1,0.365843177,1,-0.449967802,1,0.406361163,1
3.588020802,-4.772241116,1,-1.665709615,1,-8.591954231,1,0.147401616,1,-0.428020746,1,0.041943252,1,0.366598189,1,-0.451635838,1,0.405879676,1
3.592018366,-4.880551815,1,-1.659276485,1,-8.58296299,1,0.166047931,1,-0.433602631,1,0.031878129,1,0.367459804,1,-0.45330146,1,0.405344784,1
3.596024275,-4.925688267,1,-1.734497786,1,-8.522411346,1,0.18563351,1,-0.431972116,1,0.016635567,1,0.368411213,1,-0.454950094,1,0.404758036,1
3.600026369,-4.914262772,1,-1.890344501,1,-8.419244766,1,0.202014789,1,-0.440508753,1,0.001683086,1,0.369474411,1,-0.456595272,1,0.404090911,1
3.604024649,-4.952008724,1,-2.103657484,1,-8.329758644,1,0.212533161,1,-0.437182426,1,-0.012382916,1,0.370625556,1,-0.458225846,1,0.40336439,1
3.608024359,-4.942881107,1,-2.463863373,1,-8.196947098,1,0.220675856,1,-0.428510576,1,-0.017169172,1,0.371835589,1,-0.459821165,1,0.402601302,1
3.612025738,-5.037605762,1,-2.78784132,1,-8.056927681,1,0.220951438,1,-0.418026,1,-0.017712342,1,0.373061538,1,-0.461381137,1,0.401839256,1
3.616023779,-5.156261921,1,-3.064209223,1,-7.9087286,1,0.211576477,1,-0.398953229,1,-0.018515393,1,0.374261171,1,-0.462882549,1,0.401079774,1
3.620023251,-5.144706249,1,-3.275048256,1,-7.852554798,1,0.203637153,1,-0.384315729,1,-0.008855093,1,0.375396669,1,-0.464327484,1,0.400394171,1
3.624024868,-5.075403214,1,-3.419197559,1,-7.798634052,1,0.186455265,1,-0.372064114,1,0.014483891,1,0.376444936,1,-0.46574229,1,0.399775505,1
3.628022671,-4.905795097,1,-3.700949192,1,-7.886558533,1,0.15939638,1,-0.364832282,1,0.035775084,1,0.377356321,1,-0.467138916,1,0.399272799,1
3.632022381,-4.911896706,1,-3.865747929,1,-7.856548309,1,0.13346611,1,-0.346728355,1,0.061851926,1,0.37812224,1,-0.468527645,1,0.398886412,1
3.636023998,-4.930622101,1,-4.056788445,1,-7.805519581,1,0.100046128,1,-0.339158863,1,0.082724042,1,0.378701508,1,-0.46991986,1,0.398628324,1
3.640022039,-4.931410313,1,-3.912281513,1,-7.6998806,1,0.078834407,1,-0.321764052,1,0.102403045,1,0.379126728,1,-0.471278161,1,0.398472965,1
3.644021511,-5.040019989,1,-3.731062174,1,-7.76743269,1,0.060348183,1,-0.30861336,1,0.123325504,1,0.379428327,1,-0.472619414,1,0.398420095,1
3.648023367,-4.96967411,1,-3.474004745,1,-7.797255039,1,0.040178098,1,-0.286806226,1,0.141444162,1,0.379588842,1,-0.473914593,1,0.398480892,1
3.65202117,-4.798291206,1,-3.443787813,1,-7.923921108,1,0.02252491,1,-0.277921706,1,0.153178111,1,0.379657686,1,-0.475193352,1,0.398630559,1
3.65602088,-4.839065552,1,-3.02635622,1,-7.895850182,1,0.009318965,1,-0.276040018,1,0.161018178,1,0.379615068,1,-0.476457655,1,0.398828745,1
3.660022736,-4.874487877,1,-2.7872684,1,-8.010567665,1,0.013448387,1,-0.277701557,1,0.159268484,1,0.379570067,1,-0.477722138,1,0.399030745,1
3.664020538,-4.87940836,1,-2.429822445,1,-8.087989807,1,0.029980779,1,-0.273186624,1,0.161025196,1,0.379554182,1,-0.478970468,1,0.399252117,1
3.668020248,-4.858715057,1,-2.151341915,1,-8.089007378,1,0.052497875,1,-0.267527938,1,0.155892134,1,0.37961638,1,-0.480219752,1,0.399461091,1
3.672022104,-4.852411747,1,-2.001529694,1,-8.180283546,1,0.07705985,1,-0.273687273,1,0.155181885,1,0.379782021,1,-0.481449187,1,0.399667025,1
3.676019907,-4.738939762,1,-1.857322454,1,-8.173088074,1,0.117555276,1,-0.269241631,1,0.155005872,1,0.380077988,1,-0.482681543,1,0.399858981,1
3.680019855,-4.688672543,1,-2.03233695,1,-8.245192528,1,0.136622161,1,-0.274638891,1,0.156742871,1,0.380491316,1,-0.483917713,1,0.400057197,1
3.684021711,-4.635216713,1,-2.016879082,1,-8.199081421,1,0.171073809,1,-0.277363628,1,0.159177274,1,0.381000996,1,-0.485184789,1,0.400257975,1
3.688019514,-4.652946949,1,-2.305705309,1,-8.193653107,1,0.200332701,1,-0.282301277,1,0.16798529,1,0.381645024,1,-0.486468375,1,0.400471598,1
3.692019224,-4.711033821,1,-2.381588936,1,-8.185416222,1,0.219191194,1,-0.287377059,1,0.178551286,1,0.382359535,1,-0.487792879,1,0.400719106,1
3.69602108,-4.843104839,1,-2.551622391,1,-8.212130547,1,0.217288911,1,-0.295159459,1,0.171344087,1,0.377625227,1,-0.496958017,1,0.403996915,1
3.700018883,-4.536689758,1,-2.582989454,1,-8.258347511,1,0.198747426,1,-0.316573143,1,0.172938094,1,0.378357291,1,-0.498355836,1,0.40421468,1
3.704018593,-4.748167515,1,-2.23622489,1,-8.276115417,1,0.225095645,1,-0.33532992,1,0.16094175,1,0.37912631,1,-0.499822736,1,0.404367894,1
3.70802021,-4.642873764,1,-2.233595848,1,-8.421153069,1,0.274030238,1,-0.348590016,1,0.171756327,1,0.38005501,1,-0.50133121,1,0.404497117,1
3.712018251,-4.546789169,1,-2.961290598,1,-8.084243774,1,0.281223267,1,-0.352143079,1,0.181026548,1,0.381107032,1,-0.502895117,1,0.404652447,1
3.716023922,-4.792622566,1,-2.851383686,1,-8.044194221,1,0.269474596,1,-0.359194636,1,0.181243256,1,0.382125676,1,-0.504487634,1,0.40481469,1
3.720025539,-4.905844212,1,-3.016289711,1,-8.037412643,1,0.255168468,1,-0.369437337,1,0.177944303,1,0.383120298,1,-0.506117523,1,0.404959589,1
3.724023581,-4.992588997,1,-2.591860771,1,-7.961637974,1,0.250431776,1,-0.380136788,1,0.180243805,1,0.384047985,1,-0.507775843,1,0.405092627,1
3.728023052,-5.081183434,1,-2.698211193,1,-7.991631985,1,0.248987928,1,-0.373574764,1,0.182637945,1,0.385001242,1,-0.509447753,1,0.405213028,1
3.732024908,-5.025780201,1,-2.582404852,1,-7.875704765,1,0.240083262,1,-0.379884779,1,0.187815666,1,0.385914117,1,-0.511128843,1,0.405341804,1
3.736022711,-5.170205593,1,-2.785836458,1,-7.821671486,1,0.232043937,1,-0.377390742,1,0.181683451,1,0.386791289,1,-0.512820721,1,0.405473888,1
3.740022421,-5.163650036,1,-2.747029305,1,-7.71006155,1,0.197026625,1,-0.381129354,1,0.179400176,1,0.387587637,1,-0.514500439,1,0.405592978,1
3.744024277,-5.224980831,1,-2.676091194,1,-7.719990253,1,0.187579334,1,-0.38133505,1,0.177190542,1,0.388312459,1,-0.516173244,1,0.405681193,1
3.748022079,-5.081391335,1,-2.554216862,1,-7.697398663,1,0.184595376,1,-0.382831126,1,0.175128877,1,0.38900578,1,-0.517855883,1,0.405766398,1
3.752021551,-5.285941124,1,-2.700799227,1,-7.7443223,1,0.173292786,1,-0.37163496,1,0.179295138,1,0.389681309,1,-0.519515634,1,0.405867904,1
3.756023407,-5.373878956,1,-2.748347998,1,-7.727087021,1,0.162256479,1,-0.365118086,1,0.189593747,1,0.390293896,1,-0.521154583,1,0.40599373,1
3.760020971,-5.048853874,1,-2.801109552,1,-7.586389065,1,0.163566738,1,-0.354706079,1,0.182444856,1,0.390856445,1,-0.522761703,1,0.406165063,1
3.764020681,-5.243898392,1,-2.951902151,1,-7.517670155,1,0.149019569,1,-0.345796764,1,0.193392396,1,0.391389549,1,-0.524350107,1,0.406353593,1
3.768022537,-5.223258018,1,-3.164289236,1,-7.422936916,1,0.135994703,1,-0.333371639,1,0.201864019,1,0.391836345,1,-0.525909245,1,0.406598151,1
3.77202034,-5.344064236,1,-3.220522881,1,-7.525960445,1,0.118018679,1,-0.325227171,1,0.213480681,1,0.392189264,1,-0.527438164,1,0.406903982,1
3.77602005,-5.5424366,1,-3.518368244,1,-7.464531422,1,0.077879772,1,-0.310641736,1,0.227947563,1,0.392401665,1,-0.528967917,1,0.4072842,1
3.780021667,-5.148774147,1,-3.246892214,1,-7.420732021,1,0.058317546,1,-0.305987448,1,0.237492368,1,0.392419904,1,-0.530463696,1,0.407736719,1
3.78401947,-5.301493168,1,-2.869701862,1,-7.771012783,1,0.060702108,1,-0.307434291,1,0.242214799,1,0.392412007,1,-0.53195101,1,0.408215731,1
3.78801918,-5.420642376,1,-2.780308962,1,-7.722272873,1,0.051451512,1,-0.295892537,1,0.259276986,1,0.392362058,1,-0.533454001,1,0.40875864,1
3.792020798,-5.447350979,1,-3.06743288,1,-7.668057442,1,0.043262161,1,-0.301801264,1,0.27058202,1,0.392246544,1,-0.534965575,1,0.409368992,1
3.7960186,-5.284211636,1,-3.211744308,1,-7.687298775,1,0.024063995,1,-0.297266275,1,0.286536962,1,0.392044514,1,-0.536503673,1,0.410022736,1
3.800018549,-5.063174248,1,-3.099625587,1,-7.87823534,1,0.02488425,1,-0.308397382,1,0.298701376,1,0.391775131,1,-0.538066149,1,0.410742581,1
3.804019928,-5.02008009,1,-3.035933256,1,-7.963227749,1,0.022071892,1,-0.324286819,1,0.312812895,1,0.391492754,1,-0.539698243,1,0.411497086,1
3.808017969,-5.144398689,1,-3.208788633,1,-8.128324509,1,0.006766214,1,-0.333816439,1,0.328545898,1,0.391130239,1,-0.541401625,1,0.412306845,1
3.812017441,-5.200273514,1,-3.338022947,1,-8.231245041,1,-0.021152789,1,-0.352263957,1,0.348669022,1,0.390665948,1,-0.543187976,1,0.413167179,1
3.816019058,-4.985089302,1,-2.805988789,1,-8.339256287,1,-0.01955945,1,-0.391206443,1,0.353359133,1,0.390116572,1,-0.545084596,1,0.414025486,1
3.820016623,-5.164863586,1,-2.399061203,1,-8.496933937,1,-0.008596906,1,-0.423203915,1,0.363766849,1,0.389617682,1,-0.547137082,1,0.414862007,1
3.824016094,-5.130849361,1,-2.410719633,1,-8.519471169,1,0.006935155,1,-0.460388452,1,0.372332305,1,0.38920483,1,-0.549334764,1,0.415676892,1
3.828018427,-5.121517181,1,-2.457370281,1,-8.518385887,1,0.011472885,1,-0.49560234,1,0.377457052,1,0.388842225,1,-0.551675498,1,0.41645664,1
3.832016706,-5.033878803,1,-2.439715385,1,-8.59576416,1,0.00976452,1,-0.535741091,1,0.388667166,1,0.388502717,1,-0.554157615,1,0.417191267,1
3.836022377,-4.98789835,1,-2.312818527,1,-8.638507843,1,0.020140318,1,-0.576695502,1,0.388426632,1,0.388190866,1,-0.556814969,1,0.417892337,1
3.840023994,-5.043035984,1,-2.20725894,1,-8.783015251,1,0.032918915,1,-0.62580955,1,0.395896882,1,0.387963653,1,-0.559635222,1,0.418529183,1
3.844021797,-5.336956978,1,-2.167687893,1,-8.74402523,1,0.053973943,1,-0.691260755,1,0.400482535,1,0.387839258,1,-0.562667787,1,0.419091046,1
3.848021269,-5.398852348,1,-2.391219616,1,-8.85840416,1,0.055253595,1,-0.746175528,1,0.40436396,1,0.387803197,1,-0.565945923,1,0.419559151,1
3.852023125,-4.959370613,1,-2.276627064,1,-9.120141983,1,0.053692907,1,-0.820694268,1,0.403455973,1,0.387808979,1,-0.569453955,1,0.419926047,1
3.856020689,-4.852666855,1,-2.448555231,1,-9.320058823,1,0.066118471,1,-0.895054102,1,0.417304307,1,0.387897134,1,-0.573251009,1,0.420203924,1
3.860020399,-4.68169117,1,-2.780446529,1,-9.309422493,1,0.07043384,1,-0.97014904,1,0.436752111,1,0.388064235,1,-0.577348471,1,0.420399666,1
3.864022017,-4.763192654,1,-3.300356627,1,-9.277567863,1,0.057086624,1,-1.051272273,1,0.462078631,1,0.388224125,1,-0.581773818,1,0.420573056,1
3.868019819,-5.080288887,1,-3.455488682,1,-9.49738121,1,0.044851523,1,-1.13320291,1,0.496208906,1,0.388357908,1,-0.586548924,1,0.420707613,1
3.872019529,-4.701663971,1,-3.578396559,1,-9.346250534,1,0.014785837,1,-1.219599366,1,0.530863225,1,0.388401151,1,-0.591677845,1,0.42084381,1
3.876021385,-4.843736649,1,-3.13628602,1,-9.414449692,1,-0.017096475,1,-1.323141813,1,0.550880194,1,0.388327241,1,-0.597199559,1,0.420938611,1
3.880019426,-4.935963631,1,-2.502410173,1,-9.468646049,1,0.003284932,1,-1.420009494,1,0.581249237,1,0.388283312,1,-0.603127718,1,0.420966297,1
3.884019136,-4.829525948,1,-2.540391922,1,-9.508808136,1,0.028577268,1,-1.508154511,1,0.594244421,1,0.388386607,1,-0.609446287,1,0.420910656,1
3.888020754,-4.864190578,1,-2.968896389,1,-9.607642174,1,0.020851279,1,-1.608661652,1,0.614524782,1,0.388586432,1,-0.616136551,1,0.420763433,1
3.892018795,-5.052157879,1,-3.119094849,1,-9.791221619,1,-0.009964045,1,-1.701478481,1,0.622313678,1,0.388778865,1,-0.623197973,1,0.420479238,1
3.896018267,-4.899266243,1,-3.33626008,1,-9.626227379,1,-0.057849385,1,-1.799622297,1,0.651360989,1,0.388860136,1,-0.630628765,1,0.420111656,1
3.900019646,-5.135485649,1,-3.432247639,1,-9.889909744,1,-0.104846708,1,-1.899772286,1,0.684234023,1,0.388773441,1,-0.638480425,1,0.419689029,1
3.904017448,-5.227512836,1,-3.223129511,1,-9.842477798,1,-0.150266528,1,-1.978364348,1,0.718114018,1,0.388505578,1,-0.646710932,1,0.419270456,1
3.90801692,-4.528416157,1,-3.340343475,1,-9.552456856,1,-0.171747372,1,-2.121105909,1,0.757266045,1,0.388128221,1,-0.655415416,1,0.418809414,1
3.912018538,-4.890072346,1,-3.215203047,1,-9.743800163,1,-0.153649807,1,-2.231059551,1,0.792121947,1,0.387815356,1,-0.66464138,1,0.41826269,1
3.91601634,-4.94257164,1,-3.600257874,1,-9.763316154,1,-0.162683859,1,-2.350968361,1,0.850490391,1,0.387539089,1,-0.674364984,1,0.417703569,1
3.92001605,-5.115177155,1,-4.242517948,1,-9.851523399,1,-0.203971624,1,-2.470603943,1,0.903644979,1,0.387115359,1,-0.684615672,1,0.417213768,1
3.924017906,-4.713018417,1,-3.883102417,1,-9.700842857,1,-0.250496715,1,-2.625390768,1,0.96987474,1,0.386508167,1,-0.695470572,1,0.416729867,1
3.928015947,-4.983842373,1,-3.39174366,1,-10.07775497,1,-0.263625383,1,-2.788677454,1,1.037495732,1,0.385778844,1,-0.70701164,1,0.416249663,1
3.932015419,-4.997075558,1,-3.108999252,1,-10.22712135,1,-0.277266502,1,-2.949414253,1,1.108236551,1,0.384979546,1,-0.719249845,1,0.415799141,1
3.936017036,-5.203643799,1,-3.414677858,1,-10.64769459,1,-0.294087291,1,-3.123603106,1,1.174452662,1,0.384126067,1,-0.732221186,1,0.415365338,1
3.940014839,-4.723198891,1,-3.753148794,1,-10.87325859,1,-0.319931239,1,-3.313186407,1,1.262235284,1,0.383192658,1,-0.745967627,1,0.414948136,1
3.944014311,-4.231412411,1,-4.167012215,1,-11.12909222,1,-0.334129274,1,-3.529798746,1,1.331212997,1,0.382157028,1,-0.760587811,1,0.414549738,1
3.948016167,-4.222613811,1,-4.218890667,1,-11.72525787,1,-0.341388136,1,-3.792124987,1,1.41808784,1,0.38122952,1,-0.776026547,1,0.414103866,1
3.952013731,-5.090773582,1,-4.622328758,1,-12.58533669,1,-0.317815185,1,-4.057938576,1,1.518420815,1,0.38029778,1,-0.792786181,1,0.413562298,1
3.95601964,-4.785438538,1,-6.16271925,1,-12.29380512,1,-0.375951052,1,-4.287761211,1,1.654688954,1,0.379248023,1,-0.810608983,1,0.413135946,1
3.960021496,-3.706054211,1,-6.954426765,1,-12.45605659,1,-0.468220204,1,-4.620898724,1,1.81031096,1,0.377700031,1,-0.829730153,1,0.412939191,1
3.964019299,-3.313769817,1,-6.963567734,1,-12.8221693,1,-0.50252974,1,-4.994394302,1,1.960951805,1,0.375829995,1,-0.85036999,1,0.412830234,1
3.968019009,-2.785954714,1,-7.19841814,1,-13.21901894,1,-0.550696969,1,-5.376766205,1,2.156575918,1,0.373667121,1,-0.872692466,1,0.412934721,1
3.972020626,-2.682893753,1,-7.710237026,1,-13.86410809,1,-0.616220713,1,-5.773125648,1,2.343654633,1,0.3710289,1,-0.896731079,1,0.41334036,1
3.976018429,-4.768945217,1,-8.831077576,1,-14.73221779,1,-0.74010843,1,-6.098686218,1,2.58126545,1,0.367567688,1,-0.922485113,1,0.414331079,1
3.980018139,-5.380025387,1,-8.830359459,1,-13.58337498,1,-0.827082157,1,-6.349320889,1,2.835187197,1,0.362868249,1,-0.949443638,1,0.416311711,1
3.984019995,-5.690745354,1,-10.55057716,1,-14.32303238,1,-1.030947685,1,-6.665316105,1,3.075445175,1,0.356249332,1,-0.978075087,1,0.419742078,1
3.988018036,-7.532087803,1,-9.523518562,1,-14.69460869,1,-1.109838128,1,-6.840635777,1,3.271113157,1,0.34801051,1,-1.00783205,1,0.424455971,1
3.992017746,-12.65095234,1,-9.454667091,1,-15.21306515,1,-1.090141773,1,-6.764282227,1,3.33918047,1,0.338154018,1,-1.037965298,1,0.430790067,1
3.996019363,-13.272439,1,-8.984063148,1,-14.69608307,1,-1.101909518,1,-6.636241913,1,3.446995258,1,0.326598972,1,-1.067652345,1,0.43905893,1
4.000017643,-10.09117413,1,-9.697201729,1,-15.01607323,1,-1.180559993,1,-6.764487267,1,3.617581844,1,0.312620044,1,-1.097522259,1,0.449747831,1
4.004017353,-10.76728535,1,-8.507016182,1,-15.25500584,1,-1.243596077,1,-6.835856438,1,3.735497952,1,0.295815706,1,-1.127897978,1,0.463025808,1
4.00801897,-15.11440468,1,-6.435220242,1,-17.43422699,1,-1.13279438,1,-6.794395924,1,3.777057171,1,0.276200175,1,-1.158346415,1,0.479309797,1
4.012016773,-18.18273544,1,-6.24973917,1,-17.05368996,1,-0.886806846,1,-6.519302368,1,3.801533461,1,0.254086524,1,-1.188026905,1,0.498913914,1
4.016016483,-16.62090302,1,-6.943574905,1,-15.45363426,1,-0.778784513,1,-6.367040634,1,3.861331701,1,0.228042766,1,-1.216644049,1,0.523293436,1
4.020018578,-18.11199188,1,-8.139369011,1,-15.82760334,1,-0.715743601,1,-6.309008598,1,3.84954381,1,0.197667569,1,-1.244731188,1,0.552337408,1
4.02401638,-19.95004463,1,-8.918113708,1,-15.90073586,1,-0.646830261,1,-6.070208549,1,3.919142246,1,0.161499977,1,-1.271883249,1,0.587498784,1
4.02801609,-16.98511124,1,-10.01335526,1,-14.18068027,1,-0.812580943,1,-5.85804081,1,4.17646122,1,0.11519926,1,-1.297701836,1,0.632759213,1
4.032017708,-16.73150063,1,-12.07979488,1,-13.52242661,1,-1.059223175,1,-5.747834682,1,4.259524822,1,0.055736084,1,-1.322304606,1,0.690429211,1
4.036015987,-20.12459373,1,-11.68233204,1,-14.45497513,1,-1.296811819,1,-5.376438141,1,4.229074478,1,-0.017686436,1,-1.344942927,1,0.761113584,1
4.040015697,-17.85858727,1,-10.03040981,1,-12.07060623,1,-1.558058858,1,-4.984613419,1,4.142795086,1,-0.105367996,1,-1.364601731,1,0.845056951,1
4.044017315,-14.93191433,1,-7.376983643,1,-10.85862923,1,-1.821399689,1,-4.643972397,1,3.967498779,1,-0.207317024,1,-1.381110907,1,0.942092121,1
4.048015118,-13.91643047,1,-4.507475853,1,-7.806301594,1,-1.904125571,1,-4.253964424,1,3.749392271,1,-0.320051163,1,-1.394313097,1,1.049134731,1
4.052015305,-6.865692616,1,-1.508832574,1,-10.3076067,1,-1.826367736,1,-3.823830843,1,3.611439466,1,-0.441392243,1,-1.40390563,1,1.164615154,1
4.056016922,-9.776391029,1,2.134765148,1,-15.03120804,1,-1.394649267,1,-3.531303644,1,3.489412069,1,-0.565945446,1,-1.409871459,1,1.284232616,1
4.060014725,-17.20327759,1,0.03943022,1,-20.90863419,1,-0.812885523,1,-2.911372423,1,3.167547703,1,-0.685090065,1,-1.412570357,1,1.400416732,1
4.064014435,-17.38918114,1,-1.241464853,1,-18.53088951,1,-0.313933671,1,-2.314993858,1,2.914876461,1,-0.786982656,1,-1.412131071,1,1.501380324,1
4.068016529,-15.26583099,1,1.795700908,1,-15.36686707,1,0.210614175,1,-2.089366674,1,2.780714512,1,-0.874621868,1,-1.409554005,1,1.589846969,1
4.072013855,-20.42419434,1,0.064306885,1,-16.71998405,1,0.778304517,1,-1.698542356,1,2.619450331,1,-0.950357974,1,-1.405828357,1,1.668735027,1
4.076019764,-11.84615612,1,-7.082544804,1,-15.34003925,1,0.821579039,1,-1.043488979,1,2.451717138,1,-1.007107258,1,-1.400374651,1,1.729599833,1
4.080021858,-4.826355457,1,-10.11263371,1,-12.89023113,1,0.748981774,1,-0.673893869,1,2.170293808,1,-1.047642708,1,-1.394199133,1,1.773975134,1
4.084019661,-3.921729803,1,-9.716444969,1,-11.54749107,1,0.693473339,1,-0.562914073,1,1.922810197,1,-1.078295231,1,-1.388247252,1,1.808044076,1
4.088019371,-6.442625523,1,-8.035419464,1,-10.99184704,1,0.583871901,1,-0.501876354,1,1.791139722,1,-1.104074597,1,-1.382669687,1,1.836891174,1
4.092021465,-9.255084038,1,-7.140422344,1,-11.178545,1,0.447280169,1,-0.298973441,1,1.652586579,1,-1.125420213,1,-1.377189279,1,1.860721827,1
4.096019745,-8.702969551,1,-7.14123106,1,-11.29685116,1,0.371160507,1,0.036709979,1,1.373480678,1,-1.139278293,1,-1.371921659,1,1.876502395,1
4.100019932,-6.568529606,1,-7.098929882,1,-10.76026726,1,0.382071763,1,0.341494232,1,1.042606473,1,-1.144230366,1,-1.367201447,1,1.88307035,1
4.104021072,-5.200839043,1,-6.407448769,1,-10.41258144,1,0.450882882,1,0.592285454,1,0.732149541,1,-1.141414165,1,-1.363202929,1,1.881890893,1
4.108019352,-4.496080399,1,-5.568119049,1,-10.19271183,1,0.517621219,1,0.799490094,1,0.454191387,1,-1.132297039,1,-1.359893084,1,1.874553204,1
4.112018585,-3.300110579,1,-5.117796898,1,-9.82682991,1,0.576524675,1,0.985234976,1,0.193256706,1,-1.117660046,1,-1.357196093,1,1.861821055,1
4.116020679,-1.859828234,1,-4.938278198,1,-9.169582367,1,0.64559412,1,1.136241436,1,-0.047646634,1,-1.098312259,1,-1.35504508,1,1.844526768,1
4.120018005,-0.378862202,1,-5.054741383,1,-8.411745071,1,0.708195627,1,1.255695701,1,-0.256446093,1,-1.075073957,1,-1.353356481,1,1.823493719,1
4.124017715,0.778009653,1,-4.780733109,1,-7.738394737,1,0.779373765,1,1.326194763,1,-0.431351066,1,-1.048645139,1,-1.352044702,1,1.799471736,1
4.128019333,1.407708168,1,-4.603783607,1,-7.177779198,1,0.826390147,1,1.393299699,1,-0.556753516,1,-1.019809961,1,-1.350952864,1,1.773229718,1
4.132017136,1.920895696,1,-4.583868027,1,-6.740826607,1,0.844750404,1,1.461452484,1,-0.651156187,1,-0.989110351,1,-1.34993434,1,1.7451967,1
4.136016846,2.457662821,1,-4.509357929,1,-6.390777588,1,0.860945582,1,1.528277278,1,-0.731715679,1,-0.956795096,1,-1.348860264,1,1.715569973,1
4.140018463,2.961024046,1,-4.534080982,1,-6.08241272,1,0.862496912,1,1.58510983,1,-0.79106456,1,-0.923189521,1,-1.347656608,1,1.684654355,1
4.144016266,3.380740166,1,-4.260566235,1,-5.917878628,1,0.863485932,1,1.631515503,1,-0.83818382,1,-0.888627946,1,-1.346257329,1,1.652752399,1
4.148015976,3.390941858,1,-4.221520424,1,-5.817682743,1,0.853526592,1,1.685226798,1,-0.868631124,1,-0.853485107,1,-1.344600201,1,1.620218158,1
4.15201807,3.276360989,1,-4.113673687,1,-5.837610245,1,0.83069706,1,1.748418093,1,-0.892269075,1,-0.81786561,1,-1.342608333,1,1.587118149,1
4.156015396,2.993073463,1,-4.037894726,1,-5.946195126,1,0.811110973,1,1.830799341,1,-0.922652841,1,-0.781767488,1,-1.340237617,1,1.553419471,1
4.160015583,2.651708364,1,-3.881037951,1,-6.030201912,1,0.787170112,1,1.921794534,1,-0.95405221,1,-0.74516046,1,-1.337415814,1,1.519086719,1
4.1640172,2.282953501,1,-3.645918608,1,-6.282622814,1,0.77360785,1,2.04120779,1,-1.000331402,1,-0.70787394,1,-1.33409667,1,1.483965993,1
4.168015003,1.928206563,1,-3.466995239,1,-6.540989876,1,0.76276356,1,2.17895174,1,-1.048997164,1,-0.669793248,1,-1.33019352,1,1.447925687,1
4.172014713,1.820016384,1,-3.224825859,1,-6.691737652,1,0.757992566,1,2.311671734,1,-1.099360943,1,-0.630990267,1,-1.325645208,1,1.411092281,1
4.176016808,1.692228436,1,-2.852613211,1,-6.816889763,1,0.772684395,1,2.466424704,1,-1.154950738,1,-0.591705799,1,-1.320404649,1,1.373724937,1
4.180015087,1.343990445,1,-2.552715778,1,-7.046122551,1,0.806406796,1,2.604619741,1,-1.209949732,1,-0.552055895,1,-1.314447284,1,1.336023331,1
4.184014797,1.127030492,1,-2.222850084,1,-7.2011199,1,0.851065397,1,2.7451756,1,-1.268394947,1,-0.512212217,1,-1.307734013,1,1.298223972,1
4.188016415,0.78965497,1,-2.098245859,1,-7.254843235,1,0.906675756,1,2.888082743,1,-1.32110548,1,-0.472506315,1,-1.300247908,1,1.260702729,1
4.192014217,0.433402479,1,-2.066353083,1,-7.365707397,1,0.955135226,1,3.037801027,1,-1.377295136,1,-0.433148623,1,-1.291952372,1,1.223676443,1
4.196020126,0.007648281,1,-2.120853662,1,-7.538778782,1,1.010173798,1,3.178786039,1,-1.434259892,1,-0.393752754,1,-1.282707334,1,1.186920404,1
4.200021744,-0.360367239,1,-2.246960163,1,-7.679639339,1,1.048537493,1,3.327897787,1,-1.490756154,1,-0.3557823,1,-1.272734761,1,1.151560426,1
4.204019547,-0.858659863,1,-2.34845376,1,-7.84513855,1,1.074981928,1,3.478107452,1,-1.53404665,1,-0.318934679,1,-1.261888146,1,1.117391944,1
4.208019257,-1.239624023,1,-2.417512894,1,-8.04019928,1,1.105640292,1,3.625366211,1,-1.571267366,1,-0.28336972,1,-1.250157356,1,1.084586382,1
4.212020874,-1.761958122,1,-2.415064335,1,-8.232027054,1,1.1287781,1,3.782160997,1,-1.607670307,1,-0.249311373,1,-1.237535,1,1.053339839,1
4.216018677,-2.060219049,1,-2.308602571,1,-8.357377052,1,1.154742718,1,3.946683407,1,-1.639236689,1,-0.216809645,1,-1.223985195,1,1.02370286,1
4.220018387,-2.282889605,1,-2.185931206,1,-8.406912804,1,1.189852715,1,4.10060358,1,-1.66645658,1,-0.18585825,1,-1.209530473,1,0.995708704,1
4.224020004,-2.431164265,1,-1.921053529,1,-8.483614922,1,1.228240728,1,4.251804829,1,-1.700163364,1,-0.156506434,1,-1.194210887,1,0.9694134,1
4.228017807,-2.623769283,1,-1.657537937,1,-8.523311615,1,1.283877969,1,4.382105827,1,-1.738506913,1,-0.128587455,1,-1.178089619,1,0.944714129,1
4.232017517,-2.730172634,1,-1.406911254,1,-8.525253296,1,1.342120051,1,4.507656574,1,-1.784571409,1,-0.101985022,1,-1.161226153,1,0.921516538,1
4.236019611,-2.704189539,1,-1.158603072,1,-8.532593727,1,1.418290615,1,4.613461018,1,-1.828765154,1,-0.076624177,1,-1.143699408,1,0.899797201,1
4.240016937,-2.67123723,1,-0.954548776,1,-8.601693153,1,1.497440577,1,4.696214199,1,-1.868747354,1,-0.052383211,1,-1.12558949,1,0.879483938,1
4.244017124,-2.576230288,1,-0.843431473,1,-8.531728745,1,1.577684999,1,4.766055584,1,-1.910416603,1,-0.029206453,1,-1.106981993,1,0.86053133,1
4.248018742,-2.640706539,1,-0.845765054,1,-8.395773888,1,1.659960985,1,4.824606895,1,-1.946549892,1,-0.007016591,1,-1.087937593,1,0.84288168,1
4.252016544,-2.792715073,1,-0.751072645,1,-8.35430336,1,1.747319698,1,4.883151054,1,-1.971175671,1,0.014283997,1,-1.06849575,1,0.826453209,1
4.256016254,-2.969100475,1,-0.810124159,1,-8.266691208,1,1.829573154,1,4.912813663,1,-2.000712872,1,0.0347168,1,-1.048722744,1,0.811223507,1
4.260017872,-3.300992966,1,-0.969811141,1,-8.237957954,1,1.893438697,1,4.943126202,1,-2.027780533,1,0.054347899,1,-1.028672814,1,0.797093153,1
4.264015198,-3.569540262,1,-1.173599839,1,-8.221278191,1,1.942043424,1,4.974655628,1,-2.058556318,1,0.073205762,1,-1.00835216,1,0.783957481,1
4.268014908,-3.889880657,1,-1.418256998,1,-8.253426552,1,1.975907207,1,4.998352051,1,-2.091459513,1,0.0913435,1,-0.987796664,1,0.771713734,1
4.272017002,-4.183380604,1,-1.663949966,1,-8.370589256,1,1.986419797,1,5.024375916,1,-2.1299088,1,0.108762965,1,-0.96701324,1,0.760270178,1
4.276015282,-4.531682014,1,-1.789781213,1,-8.541553497,1,1.990767121,1,5.043242455,1,-2.171959639,1,0.125499025,1,-0.946013927,1,0.749537051,1
4.280014992,-4.884986877,1,-1.893671989,1,-8.702791214,1,1.991586566,1,5.070491791,1,-2.214985371,1,0.141608179,1,-0.924796402,1,0.739428699,1
4.284016609,-5.319711685,1,-1.91667223,1,-8.948077202,1,1.9996171,1,5.105269909,1,-2.2684412,1,0.157160267,1,-0.903343916,1,0.729868889,1
4.288014889,-5.879921913,1,-1.8907125,1,-9.273715019,1,2.008001566,1,5.138324261,1,-2.322284937,1,0.172233939,1,-0.881630182,1,0.720802784,1
4.292014599,-6.183405399,1,-1.758201718,1,-9.494632721,1,2.031892776,1,5.186018944,1,-2.386834383,1,0.186928883,1,-0.8596313,1,0.712154269,1
4.296016216,-6.507860661,1,-1.639857769,1,-9.767603874,1,2.064810276,1,5.23334837,1,-2.451704741,1,0.201344147,1,-0.837313771,1,0.703871667,1
4.300014496,-6.623754501,1,-1.549620986,1,-9.986508369,1,2.121156216,1,5.269678116,1,-2.526981831,1,0.215572536,1,-0.814691484,1,0.695901513,1
4.304013729,-6.780493736,1,-1.503236294,1,-10.18888283,1,2.17767334,1,5.296080589,1,-2.603588104,1,0.229708105,1,-0.791821957,1,0.688208342,1
4.3080163,-6.933372974,1,-1.475780845,1,-10.27744675,1,2.253293991,1,5.325385094,1,-2.683012486,1,0.243814424,1,-0.768692851,1,0.680753112,1
4.312013626,-6.922580242,1,-1.54800427,1,-10.32215977,1,2.315521002,1,5.326835632,1,-2.75195241,1,0.257906556,1,-0.745363057,1,0.673540175,1
4.316019535,-6.959629059,1,-1.704332709,1,-10.40586376,1,2.367197514,1,5.325387478,1,-2.826250315,1,0.271963358,1,-0.721878946,1,0.666550934,1
4.320021629,-6.976158142,1,-1.975160718,1,-10.53072643,1,2.421073198,1,5.309715271,1,-2.895082951,1,0.285961866,1,-0.698286831,1,0.659773171,1
4.324019432,-7.038822651,1,-2.191057444,1,-10.60281467,1,2.452026844,1,5.275603294,1,-2.957543612,1,0.299880326,1,-0.674632728,1,0.653190017,1
4.328019142,-7.18620348,1,-2.459293365,1,-10.89834213,1,2.480084658,1,5.242093086,1,-3.026821136,1,0.313687086,1,-0.650956392,1,0.646781564,1
4.33202076,-7.510357857,1,-2.740196466,1,-11.2207756,1,2.49089694,1,5.204133034,1,-3.088761091,1,0.327366322,1,-0.627269566,1,0.640519321,1
4.336018562,-7.787931919,1,-3.07001996,1,-11.57241726,1,2.488873959,1,5.159168243,1,-3.15452528,1,0.340864897,1,-0.603585124,1,0.634392798,1
4.340018272,-8.125357628,1,-3.394257784,1,-12.0935154,1,2.478315592,1,5.11757946,1,-3.223225355,1,0.354154557,1,-0.579904914,1,0.628380537,1
4.34401989,-8.755346298,1,-3.763306141,1,-12.62494278,1,2.447610378,1,5.082970619,1,-3.301501274,1,0.36721164,1,-0.556225359,1,0.622431874,1
4.348017693,-9.517715454,1,-4.108859539,1,-13.34689713,1,2.417430162,1,5.049603939,1,-3.385360003,1,0.380012304,1,-0.532490313,1,0.616512537,1
4.352017403,-10.34116459,1,-4.410374165,1,-14.0525713,1,2.376413345,1,5.045166969,1,-3.475943804,1,0.392519653,1,-0.508614719,1,0.610619783,1
4.35601902,-11.19246006,1,-4.591065407,1,-14.91514492,1,2.332139254,1,5.047018528,1,-3.584123611,1,0.404738635,1,-0.484531581,1,0.604733229,1
4.360017776,-12.18636894,1,-4.850545406,1,-15.70125771,1,2.286926746,1,5.061696053,1,-3.698244572,1,0.416682184,1,-0.460178047,1,0.59880054,1
4.364017487,-13.34783459,1,-5.046978474,1,-16.45190811,1,2.252561808,1,5.087020397,1,-3.818373442,1,0.428356856,1,-0.43550092,1,0.592828214,1
4.368019581,-14.56453514,1,-5.060618401,1,-17.11376953,1,2.216850042,1,5.126121998,1,-3.948405504,1,0.439776003,1,-0.410448283,1,0.586786747,1
4.372017384,-15.77948189,1,-5.018985271,1,-17.67408562,1,2.193842888,1,5.158755779,1,-4.091351032,1,0.450967699,1,-0.384962142,1,0.580661416,1
4.376017094,-16.8776989,1,-4.359980583,1,-18.25678253,1,2.1744802,1,5.167367935,1,-4.240225315,1,0.461982012,1,-0.359069765,1,0.574384987,1
4.380018711,-17.94176674,1,-3.29602623,1,-18.7274971,1,2.182184696,1,5.154675007,1,-4.397057533,1,0.472903371,1,-0.332847595,1,0.567882836,1
4.384017467,-19.32096481,1,-1.517470121,1,-18.95029259,1,2.257363081,1,5.115876675,1,-4.537541389,1,0.483882189,1,-0.306376368,1,0.56113565,1
4.388017178,-21.02460289,1,0.315523118,1,-18.8182869,1,2.402666807,1,5.063886166,1,-4.660321712,1,0.495187193,1,-0.279753864,1,0.554176688,1
4.392018795,-23.15748787,1,1.216907263,1,-18.00906754,1,2.620389462,1,5.026736259,1,-4.739765644,1,0.507083535,1,-0.25301221,1,0.547128618,1
4.396016598,-25.04767227,1,1.669881701,1,-16.72455788,1,2.877607584,1,4.98338604,1,-4.767100811,1,0.519735813,1,-0.226214737,1,0.540183008,1
4.400016308,-27.4238472,1,0.541641891,1,-14.61654472,1,3.066108942,1,4.951154709,1,-4.720532417,1,0.533044398,1,-0.199498996,1,0.5335899,1
4.404018402,-29.21058464,1,-1.227655888,1,-12.13825035,1,3.136550903,1,4.886887074,1,-4.597158432,1,0.546589434,1,-0.173027322,1,0.527610302,1
4.408016682,-30.3601284,1,-2.333662033,1,-9.548034668,1,3.059735775,1,4.755363941,1,-4.40827322,1,0.559853613,1,-0.147139549,1,0.522345722,1
4.412015915,-31.09690666,1,-2.847931862,1,-6.610266209,1,2.879719973,1,4.547269821,1,-4.159272194,1,0.572368801,1,-0.122227132,1,0.517814338,1
4.416018486,-31.29755974,1,-2.173339605,1,-3.793762445,1,2.661357641,1,4.269612312,1,-3.844567299,1,0.58387953,1,-0.098690763,1,0.514018416,1
4.420016289,-30.88124657,1,-0.025522301,1,-1.514349103,1,2.450880766,1,3.899504423,1,-3.481859446,1,0.594373167,1,-0.07693392,1,0.51090461,1
4.424015999,-30.07450104,1,2.919025898,1,0.4807356,1,2.337635756,1,3.466381788,1,-3.07901001,1,0.604091048,1,-0.05734732,1,0.508374333,1
4.428017616,-29.40810966,1,6.620215893,1,1.835969329,1,2.376023769,1,2.985494375,1,-2.650013447,1,0.61357677,1,-0.040201325,1,0.506354392,1
4.432015419,-28.99548912,1,10.80382442,1,2.586824417,1,2.573825836,1,2.484683275,1,-2.244602919,1,0.623486459,1,-0.025623234,1,0.504731655,1
4.436015129,-29.38097191,1,14.43804264,1,2.957999468,1,2.917057991,1,2.011430264,1,-1.888558269,1,0.634472013,1,-0.01350584,1,0.503344178,1
4.440022945,-30.31953239,1,16.50024986,1,2.926030874,1,3.305077076,1,1.589447975,1,-1.600745559,1,0.646936595,1,-0.003585138,1,0.50205791,1
4.444026947,-31.80455589,1,16.94727325,1,2.917890787,1,3.655327797,1,1.243021011,1,-1.358421803,1,0.660882831,1,0.004489407,1,0.500801682,1
4.448027134,-33.4185257,1,16.11947823,1,2.985652924,1,3.850026846,1,0.965410769,1,-1.180164337,1,0.676025987,1,0.011316885,1,0.49947086,1
4.452029228,-34.34807968,1,14.3781004,1,3.298563957,1,3.802104712,1,0.715047896,1,-1.034280658,1,0.691385388,1,0.016700553,1,0.498164713,1
4.456027031,-34.66746902,1,11.61096191,1,3.763059855,1,3.495847702,1,0.490190804,1,-0.903695822,1,0.706029832,1,0.021030324,1,0.496740818,1
4.460026741,-34.15034103,1,7.973068237,1,4.390692234,1,2.88748455,1,0.300122231,1,-0.750552177,1,0.718857765,1,0.024391001,1,0.495260179,1
4.464028835,-32.97726822,1,4.233899593,1,4.943682194,1,2.012274265,1,0.073353514,1,-0.553183973,1,0.728678942,1,0.026692523,1,0.493797898,1
4.468027115,-31.20255089,1,1.639737129,1,5.348269939,1,0.971252143,1,-0.192431763,1,-0.297883868,1,0.734642982,1,0.027676525,1,0.492376059,1
4.472026825,-30.37365532,1,0.907716632,1,5.363915443,1,-0.081564203,1,-0.491360903,1,0.014643009,1,0.736365914,1,0.027047953,1,0.491042495,1
4.476027966,-29.29711723,1,1.836349607,1,4.945785522,1,-0.993281186,1,-0.782942772,1,0.355505228,1,0.734138787,1,0.024666172,1,0.489891589,1
4.480026245,-28.34123039,1,3.387495279,1,4.269888401,1,-1.649209023,1,-1.044627428,1,0.703259706,1,0.728757381,1,0.020531831,1,0.489026695,1
4.484025478,-27.52140808,1,5.029781818,1,3.073543549,1,-2.011231661,1,-1.288727522,1,1.023776054,1,0.721354127,1,0.014739556,1,0.488518953,1
4.488027096,-27.55456924,1,6.119351387,1,1.709339619,1,-2.130792856,1,-1.477313161,1,1.293076038,1,0.713029444,1,0.007499065,1,0.488369763,1
4.492025375,-4.750803947,1,4.08972311,1,-10.98414516,1,-1.785851359,1,-1.656867981,1,1.686874509,1,0.704834223,1,-0.001059726,1,0.488687187,1
4.496025085,-0.430682302,1,0.885245442,1,-13.78392124,1,-1.180030227,1,-2.005946398,1,2.21210885,1,0.6993891,1,-0.011850277,1,0.490116656,1
4.500026703,-11.80762291,1,-11.10099792,1,-18.91764832,1,-1.653873682,1,-1.551476836,1,2.033822298,1,0.693552852,1,-0.023053469,1,0.491943121,1
4.504024982,9.094669342,1,-30.00614738,1,-21.04084969,1,-1.774096608,1,-0.442602485,1,1.807325482,1,0.686750174,1,-0.030892763,1,0.495305926,1
4.508024216,19.05780792,1,-38.06814575,1,-15.73925209,1,-2.402440786,1,-0.470149517,1,1.726446509,1,0.678181291,1,-0.036572255,1,0.49979645,1
4.51202631,22.94881058,1,-29.77985001,1,-10.44198513,1,-2.673354626,1,-0.629724503,1,1.765184402,1,0.667798162,1,-0.042650964,1,0.503803492,1
4.516024113,23.31639862,1,-25.63404846,1,-8.60158062,1,-3.141914129,1,-1.28461051,1,1.887424231,1,0.65609026,1,-0.050005022,1,0.507357955,1
4.520023346,20.75406265,1,-17.19761467,1,-3.196964025,1,-3.452718496,1,-2.241936684,1,2.048451662,1,0.642807543,1,-0.060412232,1,0.509373426,1
4.52402544,21.3273468,1,-9.231063843,1,-1.876951933,1,-3.608868361,1,-3.298485279,1,2.19257617,1,0.628670752,1,-0.07431753,1,0.509588599,1
4.528023243,16.14890099,1,-5.893508434,1,-2.841587782,1,-3.829013348,1,-4.43168211,1,2.332911491,1,0.613957942,1,-0.092201523,1,0.507963777,1
4.532022953,8.374723434,1,-1.810545921,1,-4.545203209,1,-3.892511606,1,-5.412460327,1,2.428535223,1,0.598782361,1,-0.113847002,1,0.504508555,1
4.53602457,-1.688666463,1,-1.527377486,1,-12.81293106,1,-3.768891573,1,-6.10306263,1,2.448008537,1,0.584076285,1,-0.138606235,1,0.499731034,1
4.540022373,-14.82678795,1,5.905523777,1,-13.95527363,1,-3.447234631,1,-6.040215015,1,2.234667301,1,0.570395172,1,-0.16395618,1,0.494246125,1
4.544022083,-23.45833015,1,11.75803757,1,-18.36894608,1,-3.169803858,1,-5.431118965,1,2.166824341,1,0.558118522,1,-0.188090131,1,0.489289016,1
4.548023701,-26.22992134,1,14.52870655,1,-19.62527466,1,-2.994416475,1,-4.822869778,1,2.127156973,1,0.546447396,1,-0.210095331,1,0.485722989,1
4.552021503,-21.38895226,1,17.40567589,1,-18.18300247,1,-2.558863163,1,-4.30080843,1,2.236650467,1,0.535730302,1,-0.230151996,1,0.483755112,1
4.556021214,-16.62467766,1,17.6564827,1,-16.86042976,1,-2.05905509,1,-3.953583717,1,2.449848413,1,0.526627064,1,-0.249103025,1,0.483452022,1
4.560028553,-14.18350887,1,12.27687454,1,-16.73178291,1,-1.735985994,1,-3.675131798,1,2.707478046,1,0.518718898,1,-0.267420739,1,0.484820247,1
4.564032555,-13.10259724,1,8.287512779,1,-14.97291851,1,-1.479004025,1,-3.351850271,1,2.891449213,1,0.511477113,1,-0.285203934,1,0.487817824,1
4.568032742,-12.98325157,1,0.798110723,1,-13.81798935,1,-1.330012083,1,-3.098592281,1,2.940177679,1,0.504698217,1,-0.302096546,1,0.491914093,1
4.572033882,-14.03766632,1,-6.840679169,1,-12.21995735,1,-1.36490643,1,-2.873333216,1,2.854330301,1,0.497915477,1,-0.318159312,1,0.49662295,1
4.576032162,-15.14887714,1,-11.93679237,1,-9.380828857,1,-1.402097464,1,-2.69226408,1,2.521327496,1,0.490989804,1,-0.333118886,1,0.501105487,1
4.580031872,-16.92557526,1,-14.62158298,1,-7.783288479,1,-1.546060681,1,-2.578768015,1,2.0428617,1,0.48396036,1,-0.346712112,1,0.504427314,1
4.584033966,-17.75263214,1,-13.93315029,1,-6.130336761,1,-1.762467623,1,-2.422791719,1,1.497504592,1,0.476700217,1,-0.358838707,1,0.506213188,1
4.588031769,-16.23228264,1,-9.976899147,1,-6.474193573,1,-1.866539598,1,-2.287251234,1,1.071065545,1,0.469367176,1,-0.369550228,1,0.506445765,1
4.592031002,-16.59675026,1,-3.815598011,1,-9.354194641,1,-1.946648836,1,-2.048470497,1,0.856815994,1,0.461898655,1,-0.379030734,1,0.505918384,1
4.596033096,-14.95316029,1,1.337337136,1,-12.26997948,1,-1.914953709,1,-1.665963769,1,0.801185846,1,0.454254419,1,-0.387186587,1,0.505519032,1
4.600031376,-11.94701958,1,4.999202251,1,-13.78068638,1,-1.765342116,1,-1.246181011,1,0.928332746,1,0.446644992,1,-0.393891811,1,0.506130219,1
4.604030609,-11.76913166,1,6.13902092,1,-14.2745285,1,-1.582886338,1,-0.878581285,1,1.072067142,1,0.439150393,1,-0.39947331,1,0.508102417,1
4.608032227,-9.001267433,1,5.404417038,1,-13.14227772,1,-1.34156251,1,-0.626509726,1,1.130866766,1,0.432145536,1,-0.404044867,1,0.511111259,1
4.612030506,-9.217593193,1,1.394817948,1,-11.59937477,1,-1.191978812,1,-0.47379452,1,1.000678182,1,0.425746679,1,-0.407834053,1,0.514384985,1
4.616029739,-6.694715977,1,-1.338626862,1,-9.380069733,1,-1.002892256,1,-0.427514613,1,0.825183153,1,0.420268059,1,-0.410932124,1,0.517229795,1
4.620031357,-6.984576702,1,-4.026645184,1,-9.362935066,1,-0.906952143,1,-0.49504438,1,0.610539317,1,0.415621042,1,-0.413815796,1,0.519274533,1
4.62402916,-7.169205189,1,-5.09269762,1,-9.742078781,1,-0.843256116,1,-0.419150651,1,0.430055201,1,0.411656559,1,-0.416336358,1,0.520517945,1
4.62802887,-6.788086414,1,-4.032807827,1,-9.957080841,1,-0.847705305,1,-0.289979756,1,0.425354391,1,0.407858312,1,-0.418305039,1,0.521578491,1
4.632030487,-6.167849064,1,-1.592865586,1,-9.727250099,1,-0.835856318,1,-0.231318727,1,0.512084126,1,0.403893411,1,-0.419981003,1,0.52301544,1
4.63602829,-6.288683891,1,-1.482523084,1,-9.981292725,1,-0.785207152,1,-0.135748655,1,0.525788307,1,0.399921685,1,-0.421480387,1,0.524797976,1
4.640028,-4.832030296,1,-1.827113509,1,-9.043066978,1,-0.743647814,1,-0.134478673,1,0.520805359,1,0.39608261,1,-0.422759712,1,0.52669996,1
4.644030094,-5.393742561,1,-2.28131175,1,-9.003055573,1,-0.697775602,1,-0.132301152,1,0.478623658,1,0.392444015,1,-0.424051017,1,0.5285061,1
4.64802742,-6.116061687,1,-2.733721733,1,-9.213027954,1,-0.650050223,1,-0.084588021,1,0.427403182,1,0.389065474,1,-0.425150812,1,0.530148745,1
4.652027607,-5.505069256,1,-2.374441385,1,-8.936687469,1,-0.627689958,1,-0.06470678,1,0.423794448,1,0.385854304,1,-0.426060289,1,0.531753004,1
4.656029224,-4.925536156,1,-1.988656282,1,-8.875592232,1,-0.60407269,1,-0.071706623,1,0.411430538,1,0.382727236,1,-0.426936924,1,0.533354878,1
4.660027504,-4.96204567,1,-1.709326148,1,-8.93697834,1,-0.559557974,1,-0.071996763,1,0.375725746,1,0.3797732,1,-0.427792311,1,0.534840703,1
4.664027214,-5.013043404,1,-1.43426621,1,-8.972017288,1,-0.516299844,1,-0.075620994,1,0.354253531,1,0.377047151,1,-0.428604007,1,0.536201239,1
4.668028831,-5.177130222,1,-1.315681696,1,-9.086368561,1,-0.470224679,1,-0.066778772,1,0.33323729,1,0.37454164,1,-0.429372758,1,0.537484765,1
4.672026634,-4.892337799,1,-1.474080801,1,-9.079836845,1,-0.423356831,1,-0.068195313,1,0.323527187,1,0.37223953,1,-0.430103749,1,0.538716137,1
4.676026344,-4.461650372,1,-1.773834229,1,-9.302295685,1,-0.386488944,1,-0.090675838,1,0.312472552,1,0.370134175,1,-0.43085134,1,0.539893389,1
4.680033684,-4.631406307,1,-1.920690775,1,-9.39481926,1,-0.337863296,1,-0.098553196,1,0.299394548,1,0.368236065,1,-0.431635767,1,0.540992558,1
4.684037685,-3.958695889,1,-2.084714651,1,-9.07920742,1,-0.316567272,1,-0.140569195,1,0.313889802,1,0.366480976,1,-0.432520241,1,0.542070866,1
4.688037395,-4.36059618,1,-2.275646925,1,-9.064311028,1,-0.300575435,1,-0.17817682,1,0.320325583,1,0.364800721,1,-0.433574796,1,0.543118238,1
4.692039013,-4.632210732,1,-2.276956797,1,-8.957202911,1,-0.278584689,1,-0.196011424,1,0.329145551,1,0.363215834,1,-0.43473807,1,0.544158638,1
4.696036816,-4.387224197,1,-2.388610125,1,-8.790161133,1,-0.265860826,1,-0.222130567,1,0.337226599,1,0.361813426,1,-0.435741723,1,0.5451684,1
4.700036049,-4.473724365,1,-2.397179127,1,-8.937134743,1,-0.255565196,1,-0.235521197,1,0.339605123,1,0.360332787,1,-0.437069058,1,0.546204627,1
4.704037666,-4.271617889,1,-2.190127611,1,-8.867980957,1,-0.248395339,1,-0.259197652,1,0.332493186,1,0.35889557,1,-0.43846342,1,0.547203362,1
4.708035469,-4.469922543,1,-1.994635105,1,-8.862236023,1,-0.229095697,1,-0.28031233,1,0.322116703,1,0.357542306,1,-0.439943045,1,0.54814595,1
4.712035179,-4.746299267,1,-1.824592829,1,-8.872202873,1,-0.200277761,1,-0.299185842,1,0.312478662,1,0.356308579,1,-0.441465437,1,0.549013555,1
4.716037273,-4.94855547,1,-1.756461382,1,-8.795148849,1,-0.174100652,1,-0.305600107,1,0.292631596,1,0.355219126,1,-0.443013549,1,0.54981184,1
4.720034599,-4.926857471,1,-1.794441342,1,-8.737088203,1,-0.14994207,1,-0.31334421,1,0.280131251,1,0.354260087,1,-0.444584936,1,0.550541162,1
4.724034786,-4.797493458,1,-1.873124838,1,-8.753425598,1,-0.127412722,1,-0.335540473,1,0.260909051,1,0.353431553,1,-0.446177483,1,0.551170349,1
4.728036404,-4.751069069,1,-1.824368477,1,-8.713469505,1,-0.103097171,1,-0.337625086,1,0.239712611,1,0.352738947,1,-0.447780341,1,0.551692367,1
4.732034206,-4.81114769,1,-1.790899038,1,-8.679304123,1,-0.085997753,1,-0.345416248,1,0.221618816,1,0.352154851,1,-0.449383974,1,0.552144766,1
4.736033916,-4.846597195,1,-1.6984272,1,-8.695399284,1,-0.07483831,1,-0.350338668,1,0.20157288,1,0.351679176,1,-0.450981498,1,0.552488804,1
4.740035534,-4.848134518,1,-1.532870293,1,-8.717059135,1,-0.050623465,1,-0.359526098,1,0.169832543,1,0.351333499,1,-0.452563703,1,0.552718699,1
4.744033337,-5.08321619,1,-1.413806915,1,-8.763364792,1,-0.020736771,1,-0.362091422,1,0.147920445,1,0.351145983,1,-0.454137683,1,0.552824616,1
4.748033047,-4.925264835,1,-1.63638413,1,-8.5894804,1,0.003471483,1,-0.358766943,1,0.114320345,1,0.35110873,1,-0.455672652,1,0.552819669,1
4.752034664,-4.684886456,1,-1.953457832,1,-8.52908802,1,0.016293474,1,-0.36710155,1,0.101663478,1,0.351191461,1,-0.457176924,1,0.552710354,1
4.756032467,-4.827914715,1,-2.318796396,1,-8.456185341,1,0.023009764,1,-0.36173436,1,0.10157226,1,0.351328641,1,-0.458682567,1,0.552568376,1
4.760032654,-4.772127151,1,-2.828949213,1,-8.240012169,1,0.016721716,1,-0.357070148,1,0.11076545,1,0.351457238,1,-0.460187376,1,0.552458584,1
4.764034748,-4.901633263,1,-3.231379271,1,-7.969071865,1,0.004150879,1,-0.353808463,1,0.116931789,1,0.351527452,1,-0.461686909,1,0.552387357,1
4.768032551,-5.010062218,1,-3.610918999,1,-7.86658144,1,-0.022762192,1,-0.338948458,1,0.131426245,1,0.351499021,1,-0.463163465,1,0.552377462,1
4.772032738,-5.029350281,1,-3.752253294,1,-7.781274319,1,-0.038843453,1,-0.323007494,1,0.144060686,1,0.351345837,1,-0.464595675,1,0.552454352,1
4.776033878,-4.710342407,1,-3.963227272,1,-7.911013126,1,-0.071827412,1,-0.308007032,1,0.16609709,1,0.351059079,1,-0.465982378,1,0.552617192,1
4.780032158,-4.812572956,1,-3.640887022,1,-7.890158653,1,-0.102554373,1,-0.297440618,1,0.182343081,1,0.350583911,1,-0.467367202,1,0.5528754,1
4.784031391,-4.742716789,1,-3.290512323,1,-7.979054451,1,-0.105550431,1,-0.289587677,1,0.194300115,1,0.350015163,1,-0.46872887,1,0.553216398,1
4.788033009,-4.469764709,1,-3.363925457,1,-8.159407616,1,-0.14654094,1,-0.288227141,1,0.219290659,1,0.349319518,1,-0.470091552,1,0.553652585,1
4.792030811,-4.722947121,1,-2.739393234,1,-8.064540863,1,-0.136445522,1,-0.290501058,1,0.22177285,1,0.348524481,1,-0.471488178,1,0.554135978,1
4.796030045,-4.64816761,1,-2.439136505,1,-8.182826996,1,-0.127429351,1,-0.284372777,1,0.228970081,1,0.347760499,1,-0.47287342,1,0.554650426,1
4.800037861,-4.726005554,1,-2.117290497,1,-8.275951385,1,-0.106848821,1,-0.280433059,1,0.233154535,1,0.347044498,1,-0.474255562,1,0.555195689,1
4.804042339,-4.500856876,1,-2.052569866,1,-8.424418449,1,-0.088675216,1,-0.288038969,1,0.232809857,1,0.346407056,1,-0.475643665,1,0.555752337,1
4.808042526,-4.571787834,1,-1.749956965,1,-8.455965042,1,-0.066204369,1,-0.297132343,1,0.23592934,1,0.345834881,1,-0.477069616,1,0.556291461,1
4.812044144,-4.67134428,1,-1.682648182,1,-8.39781189,1,-0.024401352,1,-0.301032811,1,0.225871533,1,0.345419437,1,-0.478512168,1,0.556810081,1
4.816041946,-4.596442699,1,-1.79099226,1,-8.409622192,1,0.018507892,1,-0.305592865,1,0.233646438,1,0.345164835,1,-0.479964912,1,0.557337523,1
4.82004118,-4.519237995,1,-2.290736437,1,-8.391732216,1,0.036960289,1,-0.308837891,1,0.237705171,1,0.34503907,1,-0.481434315,1,0.557866156,1
4.824042797,-4.297345161,1,-2.567383528,1,-8.383702278,1,0.008404456,1,-0.336019158,1,0.231435493,1,0.344889522,1,-0.482964098,1,0.558371782,1
4.828041077,-4.696033478,1,-1.733310342,1,-8.340441704,1,0.053747613,1,-0.342104346,1,0.23501572,1,0.344784319,1,-0.484558553,1,0.558842361,1
4.832040787,-4.610842705,1,-1.789024234,1,-8.413624763,1,0.095206983,1,-0.341485143,1,0.253378898,1,0.344852298,1,-0.48617208,1,0.559360147,1
4.836042881,-4.511819363,1,-2.092334032,1,-8.377467155,1,0.090596013,1,-0.358381897,1,0.258450031,1,0.34496066,1,-0.48784104,1,0.559932888,1
4.840040684,-4.697303295,1,-1.976351142,1,-8.210959435,1,0.12260329,1,-0.370505333,1,0.25448513,1,0.345133603,1,-0.489562511,1,0.560461879,1
4.844040394,-4.58509922,1,-2.218343258,1,-8.340929985,1,0.098967373,1,-0.387971878,1,0.255157471,1,0.345354944,1,-0.491333365,1,0.56096828,1
4.848042488,-4.68619585,1,-2.023052216,1,-8.320548058,1,0.088354267,1,-0.406313211,1,0.238704965,1,0.345520735,1,-0.493170947,1,0.561412394,1
4.852040768,-4.843905449,1,-1.818700433,1,-8.397913933,1,0.075405277,1,-0.424241245,1,0.227059796,1,0.345674336,1,-0.495049417,1,0.561769545,1
4.856040478,-5.058446407,1,-1.210539103,1,-8.382498741,1,0.095028229,1,-0.43151027,1,0.21230647,1,0.345863938,1,-0.496966839,1,0.562050283,1
4.860042095,-5.116616249,1,-1.067458034,1,-8.379110336,1,0.130241945,1,-0.447670788,1,0.20626083,1,0.34620893,1,-0.498895407,1,0.562274516,1
4.864039898,-5.082378387,1,-1.704295039,1,-8.101330757,1,0.136423856,1,-0.45003593,1,0.19524236,1,0.346678674,1,-0.500868857,1,0.56243664,1
4.868039608,-5.295424938,1,-1.663134336,1,-8.131652832,1,0.119484499,1,-0.452673167,1,0.182852373,1,0.347131521,1,-0.502825677,1,0.562539697,1
4.872041702,-5.078369617,1,-1.886451721,1,-7.922930241,1,0.109153442,1,-0.444044113,1,0.169193283,1,0.347566664,1,-0.504766047,1,0.562602341,1
4.876039028,-5.036673546,1,-1.757012844,1,-7.975393295,1,0.113633312,1,-0.461097091,1,0.157263383,1,0.348015249,1,-0.50669229,1,0.562583208,1
4.880038738,-5.070174694,1,-1.841905951,1,-7.936670303,1,0.123945363,1,-0.457625926,1,0.14807719,1,0.348528862,1,-0.508622408,1,0.562522233,1
4.884040356,-5.124554157,1,-1.875715137,1,-7.899368763,1,0.131737575,1,-0.453527182,1,0.140483737,1,0.349088073,1,-0.510524392,1,0.562416136,1
4.888037682,-5.184211254,1,-1.896444201,1,-7.837717056,1,0.134823188,1,-0.451361179,1,0.13474457,1,0.349668503,1,-0.512411952,1,0.562303483,1
4.892037868,-5.304885387,1,-1.874023795,1,-7.847129822,1,0.133892164,1,-0.452550501,1,0.133312568,1,0.350272179,1,-0.514292121,1,0.562165201,1
4.896039486,-5.287696362,1,-1.999204636,1,-7.728620529,1,0.14375712,1,-0.439796418,1,0.124948017,1,0.350900948,1,-0.516154051,1,0.562019885,1
4.900037766,-5.244515419,1,-2.021214724,1,-7.830783367,1,0.141024306,1,-0.432972014,1,0.127405569,1,0.351539969,1,-0.517962933,1,0.561870217,1
4.904036999,-5.234190941,1,-2.061701059,1,-7.801678181,1,0.145721033,1,-0.426412165,1,0.125363946,1,0.352175862,1,-0.51975286,1,0.561730325,1
4.908038616,-5.963049412,1,-2.241801023,1,-7.905006886,1,0.130036324,1,-0.418122858,1,0.146947801,1,0.352781266,1,-0.52152133,1,0.561632335,1
4.912036896,-4.60679388,1,-2.525318861,1,-7.769291401,1,0.147767305,1,-0.397636622,1,0.133788615,1,0.353336155,1,-0.523207426,1,0.561614633,1
4.916036606,-5.211074352,1,-2.703372002,1,-7.868648052,1,0.134509996,1,-0.412381381,1,0.150954098,1,0.353919268,1,-0.524947762,1,0.561574578,1
4.920044422,-5.07851696,1,-2.692300797,1,-7.919873714,1,0.122816123,1,-0.415373176,1,0.164640665,1,0.35442239,1,-0.526722014,1,0.561593711,1
4.924048424,-5.084984779,1,-2.641346693,1,-8.146513939,1,0.127024814,1,-0.426998585,1,0.182069719,1,0.354884028,1,-0.528543115,1,0.561667442,1
4.928048611,-5.06501627,1,-2.809334278,1,-8.107094765,1,0.117334545,1,-0.447971642,1,0.192859247,1,0.355320334,1,-0.53042531,1,0.561783254,1
4.932051182,-5.133030415,1,-2.858717442,1,-8.120991707,1,0.115950443,1,-0.460716486,1,0.21442987,1,0.355703115,1,-0.532414854,1,0.561938822,1
4.936048508,-5.529684544,1,-2.9743402,1,-8.19679451,1,0.100410998,1,-0.476507366,1,0.254002482,1,0.356001943,1,-0.534506679,1,0.562196076,1
4.940048218,-4.598300457,1,-3.105413198,1,-8.203032494,1,0.11198581,1,-0.485128433,1,0.259325862,1,0.356238961,1,-0.536633909,1,0.56255275,1
4.944050312,-4.868115902,1,-3.022514343,1,-8.332539558,1,0.10150592,1,-0.522236645,1,0.291618973,1,0.351423174,1,-0.541519642,1,0.562758625,1
4.948047638,-4.96186018,1,-2.722949266,1,-8.348521233,1,0.102432877,1,-0.544049799,1,0.320226103,1,0.351713657,1,-0.543704569,1,0.563081563,1
4.952047825,-5.065540314,1,-2.58092165,1,-8.292637825,1,0.105074689,1,-0.567726314,1,0.342662305,1,0.351839751,1,-0.546252429,1,0.563645363,1
4.956049442,-5.140227318,1,-2.644868135,1,-8.332263947,1,0.101118401,1,-0.591061592,1,0.359466255,1,0.351933837,1,-0.548914313,1,0.564254165,1
4.960047245,-5.129159927,1,-2.417691469,1,-8.384814262,1,0.091710329,1,-0.61716634,1,0.366425663,1,0.351992309,1,-0.551689684,1,0.564877391,1
4.964046955,-5.135334015,1,-2.312759161,1,-8.473087311,1,0.089660585,1,-0.647616982,1,0.370475978,1,0.3520298,1,-0.554583728,1,0.565493166,1
4.968048573,-5.074012756,1,-2.357511044,1,-8.666497231,1,0.084898949,1,-0.683131754,1,0.378935784,1,0.352087915,1,-0.557600737,1,0.566072226,1
4.972046375,-5.062106133,1,-2.593711853,1,-8.86223793,1,0.071447968,1,-0.722526789,1,0.388533175,1,0.352106452,1,-0.56076026,1,0.566633105,1
4.976046085,-5.05572176,1,-2.600269556,1,-8.89418602,1,0.062487785,1,-0.78103894,1,0.40073505,1,0.352093935,1,-0.564110994,1,0.567165256,1
4.980047703,-5.041342735,1,-2.579563856,1,-9.202214241,1,0.046068456,1,-0.839271724,1,0.41484198,1,0.352053463,1,-0.567712009,1,0.567642748,1
4.984045982,-4.676251888,1,-2.551698446,1,-9.211062431,1,0.043607213,1,-0.908000648,1,0.436063647,1,0.351985425,1,-0.571567237,1,0.568113983,1
4.988045216,-4.763236523,1,-2.775290489,1,-9.378735542,1,0.047476321,1,-0.978943884,1,0.45527333,1,0.351922631,1,-0.575726271,1,0.568561077,1
4.99204731,-4.573613644,1,-2.857131958,1,-9.415179253,1,0.031329386,1,-1.052950263,1,0.478380948,1,0.351848572,1,-0.580178082,1,0.568976939,1
4.996045113,-4.594675064,1,-2.792255878,1,-9.505092621,1,0.019523237,1,-1.135670185,1,0.500774324,1,0.351744622,1,-0.584967077,1,0.569360971,1
5.000044346,-4.80185461,1,-2.70481801,1,-9.588209152,1,-0.005737068,1,-1.219128966,1,0.521716118,1,0.351581603,1,-0.590096533,1,0.569725513,1
5.00404644,-4.535411835,1,-2.367483616,1,-9.562529564,1,-0.018463975,1,-1.304510117,1,0.52809608,1,0.351379335,1,-0.595553756,1,0.570004582,1
5.008044243,-4.692231655,1,-2.101581573,1,-9.728918076,1,-0.028749973,1,-1.398436785,1,0.536240518,1,0.351183206,1,-0.601357877,1,0.570181847,1
5.012043953,-4.802222252,1,-2.118261099,1,-9.841239929,1,-0.04032696,1,-1.490525246,1,0.533459008,1,0.351027131,1,-0.60751754,1,0.570209026,1
5.01604557,-4.963691235,1,-2.377114058,1,-9.889353752,1,-0.079456791,1,-1.585708022,1,0.543507159,1,0.350847244,1,-0.614032209,1,0.570100546,1
5.020043373,-4.787422657,1,-2.422469378,1,-9.838057518,1,-0.10882093,1,-1.69178772,1,0.550007641,1,0.350605249,1,-0.620925009,1,0.569859564,1
5.024043083,-5.147787094,1,-2.724642038,1,-10.1608963,1,-0.144314513,1,-1.778092384,1,0.576346993,1,0.35029611,1,-0.628222108,1,0.569529653,1
5.028044701,-4.408503532,1,-2.828635216,1,-9.981086731,1,-0.185896754,1,-1.896828532,1,0.604091108,1,0.349855334,1,-0.63593322,1,0.569144666,1
5.032042503,-4.905923367,1,-3.010627747,1,-10.45860291,1,-0.207602143,1,-2.022598267,1,0.63476032,1,0.349339902,1,-0.644155622,1,0.568689287,1
5.036042213,-4.797667027,1,-2.776621342,1,-10.3615551,1,-0.22139594,1,-2.130596876,1,0.674727082,1,0.348779619,1,-0.652841806,1,0.568208456,1
5.04005003,-4.466914177,1,-3.056450844,1,-10.40903854,1,-0.22442165,1,-2.285114765,1,0.723816633,1,0.348181605,1,-0.662101567,1,0.567722023,1
5.044053555,-4.652457714,1,-3.041762114,1,-10.55422306,1,-0.240235716,1,-2.433238745,1,0.779249549,1,0.347556382,1,-0.67199409,1,0.567216933,1
5.048053265,-4.593414783,1,-3.008854151,1,-10.64824009,1,-0.250488311,1,-2.590255976,1,0.83831948,1,0.346874148,1,-0.682537198,1,0.566737652,1
5.052054882,-4.965044975,1,-3.224410534,1,-10.94081211,1,-0.270471543,1,-2.742800713,1,0.904349387,1,0.346128255,1,-0.693761468,1,0.566292107,1
5.056053162,-4.499790192,1,-3.219011545,1,-10.95032883,1,-0.295439124,1,-2.924870014,1,0.965734005,1,0.345285267,1,-0.705691874,1,0.565847754,1
5.060052395,-4.561099529,1,-3.458991766,1,-11.27176285,1,-0.316179961,1,-3.124420881,1,1.022567987,1,0.344363123,1,-0.7184183,1,0.565389633,1
5.064054489,-4.654718399,1,-3.631706476,1,-11.56317139,1,-0.341928482,1,-3.324234724,1,1.091514707,1,0.343361318,1,-0.731984258,1,0.564898551,1
5.068052292,-4.282416344,1,-3.712461233,1,-11.80118752,1,-0.351313591,1,-3.574647903,1,1.176207662,1,0.342289925,1,-0.746497691,1,0.564408541,1
5.072052002,-4.240225315,1,-4.043448925,1,-12.05295849,1,-0.332158357,1,-3.831418753,1,1.270161986,1,0.341248035,1,-0.762084007,1,0.563915312,1
5.076054096,-4.255829334,1,-4.197644711,1,-12.80678177,1,-0.306794256,1,-4.099225521,1,1.367579699,1,0.340300679,1,-0.77879554,1,0.563461661,1
5.080051899,-0.722270608,1,-2.371680975,1,-9.393914223,1,-0.058989417,1,-4.285194397,1,1.384189129,1,0.339542389,1,-0.796179712,1,0.562902749,1
5.084051609,-4.640715599,1,-0.50665611,1,-17.64590454,1,0.160104543,1,-4.935703754,1,1.512149692,1,0.340857148,1,-0.816190481,1,0.561701775,1
5.088053226,-7.39494276,1,-4.952163696,1,-13.64019299,1,0.173780203,1,-5.067757607,1,1.82035327,1,0.342018455,1,-0.837101817,1,0.561189413,1
5.092051506,-3.705298424,1,-9.759455681,1,-14.23204994,1,-0.013432907,1,-5.432784557,1,1.715029597,1,0.342607528,1,-0.859226704,1,0.560757935,1
5.096050739,-2.528538227,1,-6.192531586,1,-15.07463169,1,-0.083873942,1,-5.84321785,1,1.841969609,1,0.343647599,1,-0.882877111,1,0.559178829,1
5.100052357,-3.578852177,1,-5.510261536,1,-14.37947559,1,-0.118051082,1,-6.129467487,1,2.05303812,1,0.344066232,1,-0.908012569,1,0.557994783,1
5.104050159,-3.662530184,1,-7.47368145,1,-14.94781876,1,-0.211548015,1,-6.571082115,1,2.225812674,1,0.343960822,1,-0.934889615,1,0.557284415,1
5.10804987,-5.67418623,1,-7.955124378,1,-12.49453163,1,-0.295214385,1,-6.901198387,1,2.36548543,1,0.343804121,1,-0.963401198,1,0.556359828,1
5.112051487,-6.509155273,1,-9.991862297,1,-15.54167938,1,-0.439216226,1,-7.193419933,1,2.617419243,1,0.342433155,1,-0.993373513,1,0.55623728,1
5.11604929,-11.0328722,1,-9.477941513,1,-16.92594719,1,-0.554286838,1,-7.240862846,1,2.722822189,1,0.339766085,1,-1.024172425,1,0.557007909,1
5.120049,-12.16226292,1,-6.919795513,1,-16.43700981,1,-0.551352322,1,-7.249959946,1,2.881997108,1,0.335959017,1,-1.055223346,1,0.55884707,1
5.124051094,-8.667035103,1,-6.934107304,1,-16.13632774,1,-0.572897434,1,-7.395320892,1,3.090104342,1,0.330556273,1,-1.086794138,1,0.562450826,1
5.12804842,-9.454515457,1,-7.397124767,1,-16.23262978,1,-0.594625413,1,-7.584084511,1,3.254502296,1,0.323458016,1,-1.119250417,1,0.567777812,1
5.132048607,-12.54310417,1,-7.237923145,1,-17.67180252,1,-0.604725122,1,-7.618661404,1,3.353866577,1,0.314479828,1,-1.152312398,1,0.574980319,1
5.136050224,-16.47886658,1,-7.129525185,1,-18.11811829,1,-0.528379321,1,-7.477053165,1,3.398470402,1,0.303655982,1,-1.185222387,1,0.584300816,1
5.140048027,-15.25430298,1,-7.8612113,1,-16.39137077,1,-0.536632121,1,-7.342736721,1,3.503623486,1,0.289731294,1,-1.217561603,1,0.596948266,1
5.144047737,-14.16479301,1,-9.268146515,1,-15.7622242,1,-0.585855544,1,-7.322220802,1,3.562494755,1,0.271940023,1,-1.249653816,1,0.613418043,1
5.148049355,-17.79641914,1,-8.758292198,1,-15.96345329,1,-0.63593924,1,-7.214620113,1,3.622478485,1,0.249172524,1,-1.281489491,1,0.634714544,1
5.152047157,-18.01419067,1,-10.22956753,1,-13.71159363,1,-0.787617147,1,-7.070909977,1,3.835208178,1,0.218600631,1,-1.312671185,1,0.663587809,1
5.156046867,-15.41680813,1,-12.55257511,1,-11.95275974,1,-1.144816279,1,-7.086177349,1,4.137201309,1,0.173696756,1,-1.343584776,1,0.70585084,1
5.160054207,-17.36315918,1,-11.82698345,1,-12.48365116,1,-1.428291202,1,-7.005674362,1,4.26613903,1,0.109472558,1,-1.373897791,1,0.766277552,1
5.164058685,-21.76368523,1,-10.55156994,1,-11.69033146,1,-1.671898484,1,-6.71801424,1,4.236941338,1,0.021119433,1,-1.402499199,1,0.849803388,1
5.168058395,-22.77828789,1,-9.089476585,1,-11.19873714,1,-1.95319593,1,-6.199112892,1,4.192550659,1,-0.100444615,1,-1.427704573,1,0.965492368,1
5.172060013,-21.39678955,1,-6.355317593,1,-10.77475739,1,-2.120875835,1,-5.499744415,1,3.961062431,1,-0.260050952,1,-1.447930217,1,1.118222475,1
5.176057816,-14.55595207,1,-6.35667944,1,-10.16534424,1,-2.216979027,1,-4.597438812,1,3.81880188,1,-0.454643518,1,-1.461468339,1,1.305417895,1
5.180057049,-14.37717915,1,-10.97537041,1,-13.31029987,1,-2.442660093,1,-4.026650429,1,3.607294083,1,-0.668161154,1,-1.468084931,1,1.510788798,1
5.184058666,-18.34663773,1,-7.253171921,1,-16.02206039,1,-2.702730656,1,-3.593597651,1,3.289649725,1,-0.879877031,1,-1.469367266,1,1.713186979,1
5.188056469,-12.27799988,1,-3.255486488,1,-18.39510918,1,-2.304960489,1,-3.041349888,1,2.943429947,1,-1.063156009,1,-1.466496706,1,1.88721168,1
5.192055702,-18.28245163,1,2.05526042,1,-18.51169014,1,-1.73133719,1,-2.75772953,1,2.767956734,1,-1.214842081,1,-1.461032748,1,2.031642437,1
5.196057796,-32.62182236,1,6.342930317,1,-22.30188942,1,-0.895457983,1,-2.070504189,1,2.367627382,1,-1.327936888,1,-1.454339266,1,2.139696121,1
5.200055122,-25.14805031,1,3.749866486,1,-23.40806961,1,-0.167901099,1,-0.804538608,1,2.020846128,1,-1.391533375,0,-1.446964264,0,2.201689005,0
5.204054832,-9.76498127,1,-2.045627594,1,-20.78556824,1,0.301930487,1,-0.038587064,1,1.769055724,1,-1.413206697,0,-1.439778686,0,2.223884344,0
5.208056927,-3.846640825,1,-4.621472359,1,-17.39211082,1,0.742833793,1,0.401054084,1,1.459557056,1,-1.412818074,0,-1.433268309,0,2.225558758,0
5.212054729,-4.072789192,1,-6.145300865,1,-14.76569462,1,1.143484235,1,0.636322677,1,1.282688737,1,-1.400705457,0,-1.427569628,0,2.217206478,0
5.21605444,-6.224696636,1,-6.976891994,1,-14.39328766,1,1.196813107,1,0.90840584,1,1.226091266,1,-1.381634831,0,-1.422080994,0,2.202739716,0
5.220056057,-3.966066837,1,-7.815889835,1,-13.67515182,1,1.090685129,1,1.223301172,1,1.130809665,1,-1.355816722,0,-1.416587591,0,2.181267262,0
5.224053383,0.223922014,1,-8.342857361,1,-11.849473,1,0.988749683,1,1.420969129,1,1.028954744,1,-1.325116754,0,-1.411151648,0,2.154368401,0
5.228053093,2.755827188,1,-8.257243156,1,-10.20816898,1,0.935863018,1,1.509389162,1,0.92066592,1,-1.292793632,0,-1.40586102,0,2.12550211,0
5.232054234,3.847460508,1,-7.692871094,1,-9.525483131,1,0.86192888,1,1.577873588,1,0.806835771,1,-1.260111451,0,-1.400768399,0,2.096013546,0
5.236052036,4.833061695,1,-6.99677372,1,-9.151324272,1,0.772996902,1,1.649768233,1,0.680687428,1,-1.227291107,0,-1.395872116,0,2.066012144,0
5.240051746,5.786966324,1,-6.234256744,1,-8.864590645,1,0.699196935,1,1.702422619,1,0.528479815,1,-1.194052219,0,-1.391239285,0,2.03522253,0
5.244053364,6.339046001,1,-5.693846703,1,-8.717884064,1,0.688530266,1,1.744392157,1,0.362204492,1,-1.16032517,0,-1.386941195,0,2.003742456,0
5.24805212,6.6653862,1,-5.341756344,1,-8.543159485,1,0.712998271,1,1.792773604,1,0.175144941,1,-1.125619173,0,-1.383020282,0,1.971269488,0
5.25205183,6.900022984,1,-5.153645515,1,-8.328943253,1,0.749924064,1,1.856573343,1,-0.014150209,1,-1.089372873,0,-1.379464388,0,1.937343717,0
5.256053448,6.909156322,1,-5.230673313,1,-8.286750793,1,0.783119082,1,1.92881763,1,-0.20002462,1,-1.051317573,0,-1.376213789,0,1.901705146,0
5.260050774,6.634403706,1,-5.380188942,1,-8.349960327,1,0.790278196,1,2.01296854,1,-0.395797342,1,-1.011022925,0,-1.373188257,0,1.863833904,0
5.264050007,6.458627224,1,-5.351661205,1,-8.401374817,1,0.792334914,1,2.112136364,1,-0.594805896,1,-0.968318105,0,-1.370319366,0,1.823506594,0
5.268052101,6.287359238,1,-5.292480469,1,-8.512716293,1,0.773439765,1,2.21064496,1,-0.786110342,1,-0.923045695,0,-1.367497325,0,1.780489206,0
5.272049427,5.966765881,1,-5.077944279,1,-8.648239136,1,0.75077486,1,2.317850351,1,-0.975523591,1,-0.875295758,0,-1.3646245,0,1.734835386,0
5.276049614,5.702766895,1,-4.769842148,1,-8.774430275,1,0.723754048,1,2.433867455,1,-1.16579783,1,-0.825058341,0,-1.361573219,0,1.686504722,0
5.28005743,5.35240221,1,-4.396672726,1,-8.942708969,1,0.697446167,1,2.546298265,1,-1.348908901,1,-0.77248013,0,-1.358227015,0,1.635647178,0
5.284060955,4.908784866,1,-4.107675552,1,-9.102884293,1,0.676936984,1,2.675973892,1,-1.523911238,1,-0.717825532,0,-1.354448318,0,1.58252418,0
5.288061142,4.357738018,1,-3.853712559,1,-9.334192276,1,0.659899831,1,2.811697245,1,-1.678651214,1,-0.661459208,0,-1.350061655,0,1.527519941,0
5.292062759,3.673396826,1,-3.588756561,1,-9.573736191,1,0.649473429,1,2.967827797,1,-1.823013902,1,-0.603857875,0,-1.344884396,0,1.471140504,0
5.296061039,3.046131372,1,-3.318549156,1,-9.795761108,1,0.651616812,1,3.131582499,1,-1.944831848,1,-0.545692742,0,-1.33874476,0,1.414081097,0
5.300060272,2.295612097,1,-2.977940559,1,-9.946640015,1,0.65333879,1,3.303003788,1,-2.063066959,1,-0.487595648,0,-1.331516266,0,1.357017517,0
5.30406189,1.527350187,1,-2.615362406,1,-10.08881664,1,0.675737977,1,3.48735261,1,-2.158222675,1,-0.430266708,0,-1.323074102,0,1.30068469,0
5.308059692,0.850978136,1,-2.287815094,1,-10.1974802,1,0.696125984,1,3.675150156,1,-2.249190331,1,-0.374338567,0,-1.313347816,0,1.245751619,0
5.312059402,0.099305972,1,-2.044195175,1,-10.32499409,1,0.729632974,1,3.871465206,1,-2.331197023,1,-0.320426822,0,-1.302278042,0,1.192878246,0
5.31606102,-0.443247497,1,-1.724816203,1,-10.45901585,1,0.785449207,1,4.086297035,1,-2.404605865,1,-0.268876851,0,-1.289800167,0,1.142464399,0
5.320058823,-1.000368357,1,-1.398880124,1,-10.47588634,1,0.845573008,1,4.286592007,1,-2.468169212,1,-0.219980434,0,-1.27590847,0,1.094863892,0
5.324058533,-1.537513852,1,-1.020659208,1,-10.53060532,1,0.926451862,1,4.492268085,1,-2.526205778,1,-0.174026579,0,-1.260637999,0,1.050430775,0
5.328060627,-1.991558552,1,-0.670638263,1,-10.62239456,1,1.012680173,1,4.6899786,1,-2.568511248,1,-0.13112773,0,-1.244026065,0,1.009343863,0
5.332057953,-2.379695654,1,-0.39043057,1,-10.70054626,1,1.106984973,1,4.885932922,1,-2.605143785,1,-0.091313533,0,-1.226135254,0,0.971662402,0
5.336057663,-2.799269676,1,-0.209323347,1,-10.60617638,1,1.204477668,1,5.082355976,1,-2.638235807,1,-0.054490425,0,-1.207014561,0,0.937326312,0
5.34005928,-3.359376669,1,-0.097114936,1,-10.38692951,1,1.305146813,1,5.27020359,1,-2.66228652,1,-0.020502646,0,-1.18671155,0,0.906201065,0
5.34405756,-3.681848049,1,-0.108224459,1,-10.11457062,1,1.388730049,1,5.438148975,1,-2.682570696,1,0.01079704,0,-1.165341973,0,0.878138304,0
5.34805727,-4.093898296,1,-0.335052848,1,-9.851643562,1,1.462322474,1,5.597463608,1,-2.692731619,1,0.039535563,0,-1.142999768,0,0.85296011,0
5.352058887,-4.134130955,1,-0.661206126,1,-9.532779694,1,1.511080861,1,5.733791351,1,-2.698138237,1,0.065852426,0,-1.119787335,0,0.830464244,0
5.35605669,-4.386008263,1,-0.982867062,1,-9.247210503,1,1.537223697,1,5.82630825,1,-2.693746805,1,0.089894347,0,-1.095909595,0,0.810422182,0
5.3600564,-4.466110706,1,-1.44024229,1,-8.906856537,1,1.533851504,1,5.907595158,1,-2.680962086,1,0.111760244,0,-1.071468592,0,0.792630434,0
5.364058018,-4.562522888,1,-1.857333422,1,-8.705966949,1,1.498013377,1,5.959663868,1,-2.651629925,1,0.131536305,0,-1.046612024,0,0.776907206,0
5.36805582,-4.762638092,1,-2.17881012,1,-8.533788681,1,1.444371581,1,5.998244286,1,-2.619220495,1,0.149343923,0,-1.021450281,0,0.763047218,0
5.372055531,-5.084393978,1,-2.458021402,1,-8.485404968,1,1.381128311,1,6.018535137,1,-2.590071201,1,0.165354729,0,-0.996086955,0,0.750808537,0
5.376057148,-5.486221313,1,-2.693588018,1,-8.563520432,1,1.308784962,1,6.031483173,1,-2.558299065,1,0.179753184,0,-0.970579386,0,0.739980519,0
5.380054951,-5.857032776,1,-2.829644918,1,-8.70126915,1,1.242320895,1,6.049266815,1,-2.533946276,1,0.192730352,0,-0.944945693,0,0.730352044,0
5.384054184,-6.24005127,1,-2.740148306,1,-8.897130966,1,1.196128964,1,6.070767879,1,-2.514018774,1,0.204489648,0,-0.919194102,0,0.721777081,0
5.388055325,-6.838955402,1,-2.47710228,1,-9.315196991,1,1.171447158,1,6.093121052,1,-2.502813101,1,0.215276077,0,-0.89331454,0,0.714090645,0
5.392053127,-7.329216003,1,-2.162163734,1,-9.680779457,1,1.189794898,1,6.116357803,1,-2.501629829,1,0.225344345,0,-0.867297828,0,0.707141399,0
5.396052837,-7.908443451,1,-1.814255238,1,-10.16576958,1,1.235500216,1,6.158111095,1,-2.511073828,1,0.234951779,1,-0.841115952,1,0.700818419,1
5.400061131,-8.325805664,1,-1.5372504,1,-10.51989174,1,1.318404794,1,6.203864574,1,-2.532665491,1,0.244336724,1,-0.814701378,1,0.695005238,1
5.404064178,-8.711610794,1,-1.402260303,1,-10.87998581,1,1.42507863,1,6.259644032,1,-2.567224503,1,0.253690571,1,-0.788025141,1,0.689631402,1
5.408064365,-9.032258034,1,-1.309464455,1,-11.00893307,1,1.554340482,1,6.325514317,1,-2.600652933,1,0.26312831,1,-0.76105392,1,0.684645414,1
5.412065983,-9.27096653,1,-1.519483566,1,-11.19377422,1,1.672860742,1,6.379131794,1,-2.649220467,1,0.272741556,1,-0.73377037,1,0.680000782,1
5.416063309,-9.188077927,1,-1.872623324,1,-11.31875992,1,1.784028888,1,6.422179222,1,-2.704189777,1,0.282528371,1,-0.706208944,1,0.675652504,1
5.420063019,-9.111045837,1,-2.409300327,1,-11.52367973,1,1.848106861,1,6.440522671,1,-2.763900518,1,0.292461157,1,-0.678438723,1,0.671498895,1
5.42406559,-9.09693718,1,-3.021119833,1,-11.59464073,1,1.881950498,1,6.438430786,1,-2.829506874,1,0.30240947,1,-0.650532424,1,0.667489409,1
5.428063393,-9.072999001,1,-3.704327822,1,-11.7650528,1,1.883523464,1,6.416472912,1,-2.898947001,1,0.312273324,1,-0.622559786,1,0.663582385,1
5.432063103,-9.163718224,1,-4.361727715,1,-12.05749512,1,1.848972917,1,6.368494034,1,-2.978999376,1,0.321978927,1,-0.594589114,1,0.659689248,1
5.43606472,-9.355122566,1,-4.731518745,1,-12.66371632,1,1.788109779,1,6.298744678,1,-3.073927641,1,0.331440151,1,-0.566690445,1,0.655707359,1
5.440062523,-9.82901001,1,-4.827801228,1,-13.45532513,1,1.707857251,1,6.21814537,1,-3.185126305,1,0.340634286,1,-0.538927853,1,0.651531875,1
5.444062233,-10.62191486,1,-4.902147293,1,-14.14258289,1,1.637221336,1,6.146532536,1,-3.315635443,1,0.349557102,1,-0.511267185,1,0.647069275,1
5.448063374,-11.9998827,1,-4.769032478,1,-14.93283653,1,1.57837224,1,6.098917007,1,-3.461163759,1,0.35859865,1,-0.483296275,1,0.642525434,1
5.452061653,-13.40612793,1,-4.645035267,1,-15.56685352,1,1.528015137,1,6.073901653,1,-3.641180277,1,0.367156029,1,-0.455505013,1,0.637319207,1
5.456061363,-14.98411846,1,-4.571796417,1,-16.20831871,1,1.501727104,1,6.074356556,1,-3.842438221,1,0.375635028,1,-0.427452952,1,0.631649375,1
5.460063457,-16.71508408,1,-4.580533981,1,-16.73561478,1,1.483645439,1,6.095211506,1,-4.060614586,1,0.384078681,1,-0.39899677,1,0.625478566,1
5.464060783,-18.49191093,1,-4.645664215,1,-17.26872826,1,1.477979422,1,6.133002758,1,-4.293349743,1,0.392506003,1,-0.370036751,1,0.618792713,1
5.468060493,-20.13132095,1,-4.747314453,1,-17.36983109,1,1.444986105,1,6.179020882,1,-4.538472652,1,0.400872469,1,-0.340500146,1,0.611574292,1
5.472062588,-21.66369629,1,-4.540755272,1,-17.22883797,1,1.404019475,1,6.199674606,1,-4.773034573,1,0.409061015,1,-0.310400128,1,0.603809595,1
5.47606039,-23.36916733,1,-4.016599655,1,-16.96993828,1,1.341982484,1,6.192833424,1,-4.979239464,1,0.41697526,1,-0.279863715,1,0.595515072,1
5.480059624,-24.29422188,1,-2.671014786,1,-16.07366562,1,1.323400259,1,6.160987377,1,-5.162069321,1,0.424556702,1,-0.248991251,1,0.586785257,1
5.484061241,-25.62153053,1,-1.948669791,1,-14.88604641,1,1.357294559,1,6.052767277,1,-5.269537449,1,0.432008266,1,-0.218111143,1,0.577679157,1
5.488059044,-26.63200188,1,-1.417033315,1,-13.18885136,1,1.436846375,1,5.916408539,1,-5.294630527,1,0.439448029,1,-0.187467307,1,0.568418562,1
5.492058754,-27.86361504,1,-1.695033193,1,-11.12840557,1,1.528518438,1,5.725401878,1,-5.208695889,1,0.446942806,1,-0.157410681,1,0.559272945,1
5.496060371,-28.88831902,1,-2.851022243,1,-8.624511719,1,1.570005059,1,5.493886471,1,-5.005924225,1,0.454402864,1,-0.128285885,1,0.550532222,1
5.500058174,-29.54795837,1,-3.109889507,1,-6.073805809,1,1.556610584,1,5.178402901,1,-4.695078373,1,0.461571872,1,-0.100547001,1,0.542506576,1
5.504058361,-29.70351219,1,-2.304066181,1,-3.676383018,1,1.559115767,1,4.771337509,1,-4.304430962,1,0.468426645,1,-0.074654549,1,0.535312176,1
5.508059978,-29.84995461,1,-0.803402007,1,-1.426125169,1,1.593697309,1,4.32881546,1,-3.838099241,1,0.475100666,1,-0.051030416,1,0.529055417,1
5.512057781,-29.7668438,1,1.607509971,1,0.484925002,1,1.736045361,1,3.842150211,1,-3.31474781,1,0.481939733,1,-0.029929299,1,0.523865759,1
5.516057491,-29.55694962,1,4.577113152,1,1.759881139,1,1.98102653,1,3.350681543,1,-2.768989563,1,0.489425927,1,-0.01152675,1,0.519808173,1
5.520059586,-29.25819016,1,7.751504421,1,2.728476763,1,2.33148694,1,2.861832619,1,-2.235182762,1,0.498040646,1,0.004160416,1,0.516882777,1
5.524062634,-29.24890709,1,10.44133282,1,3.47196722,1,2.773059368,1,2.400962591,1,-1.738097191,1,0.508213043,1,0.017201222,1,0.515001297,1
5.528062344,-29.49338531,1,12.2314682,1,3.794644117,1,3.218617916,1,1.954301834,1,-1.320111632,1,0.520170569,1,0.027778957,1,0.513962507,1
5.532063961,-30.11022186,1,12.6496067,1,3.834922075,1,3.569144011,1,1.564450741,1,-0.969204605,1,0.533771396,1,0.036152638,1,0.513545096,1
5.536061764,-30.94697189,1,12.02853107,1,3.563661337,1,3.740362406,1,1.213482738,1,-0.669384718,1,0.548439026,1,0.042583,1,0.513602793,1
5.540060997,-32.20563507,1,10.23748398,1,3.5849998,1,3.705780745,1,0.936730266,1,-0.421995014,1,0.563416183,1,0.047370501,1,0.514013588,1
5.544063091,-33.22396469,1,7.994325638,1,3.543332577,1,3.444329262,1,0.730268776,1,-0.223508522,1,0.577812791,1,0.050857931,1,0.514739454,1
5.548061371,-34.02957916,1,4.969852924,1,3.576920986,1,2.937480688,1,0.58394742,1,-0.063127354,1,0.590701461,1,0.053339362,1,0.515695453,1
5.552060604,-34.1185379,1,2.09046483,1,3.703781366,1,2.187026262,1,0.470522821,1,0.095296927,1,0.601063251,1,0.055048894,1,0.516934752,1
5.556062222,-33.5134964,1,-0.304429293,1,4.077769756,1,1.269248486,1,0.372786373,1,0.281885833,1,0.608080268,1,0.05600768,1,0.518513262,1
5.560060501,-31.9146843,1,-1.162721038,1,4.195880413,1,0.325333357,1,0.229735553,1,0.517458439,1,0.611378849,1,0.056099202,1,0.520522654,1
5.564059734,-30.15953445,1,-0.9644261,1,4.588101387,1,-0.494123876,1,0.092330888,1,0.788944185,1,0.611130536,1,0.055137895,1,0.523023486,1
5.568061352,-28.45284271,1,0.141884208,1,4.334941864,1,-1.121608019,1,-0.097969234,1,1.107536554,1,0.608003974,1,0.052975159,1,0.52612716,1
5.572059155,-26.92994308,1,1.121733189,1,4.037055016,1,-1.501979709,1,-0.311843067,1,1.451136589,1,0.602885008,1,0.049386028,1,0.529871643,1
5.576058865,-25.714571,1,1.722134471,1,3.639814854,1,-1.646887422,1,-0.50940764,1,1.816270232,1,0.596740305,1,0.044349395,1,0.53433913,1
5.580060482,-8.460001945,1,0.574629188,1,-4.370491028,1,-1.486029506,1,-0.829140007,1,2.349725723,1,0.59052515,1,0.037655804,1,0.539663672,1
5.584058285,-15.12138557,1,2.596018314,1,-3.6994524,1,-0.781780303,1,-1.907552838,1,3.256832838,1,0.586253047,1,0.026706444,1,0.546231449,1
5.588057995,-11.70845222,1,-6.074795246,1,0.346573383,1,-1.460951567,1,-1.616412044,1,3.262285233,1,0.582147419,1,0.013395351,1,0.553071976,1
5.592060089,15.49851704,1,-18.64845657,1,-7.971975803,1,-1.905718088,1,-1.457755566,1,3.205270052,1,0.575286627,1,0.001371384,1,0.560689747,1
5.596057415,6.040981293,1,-22.24395943,1,-10.6463995,1,-2.204377174,1,-2.083478928,1,3.108809948,1,0.567122281,1,-0.011455815,1,0.567474604,1
5.600057125,7.003636837,1,-17.69892693,1,-13.20597744,1,-2.507267475,1,-2.012070656,1,2.959182262,1,0.557453215,1,-0.024929773,1,0.573364019,1
5.604059219,17.77498436,1,-13.6838522,1,-16.43168831,1,-2.158611536,1,-2.331950188,1,2.687688828,1,0.547879636,1,-0.038150121,1,0.578467488,1
5.608057022,9.209568977,1,-18.31687737,1,-12.2697649,1,-2.357118368,1,-2.939698458,1,2.220192909,1,0.53878516,1,-0.052347153,1,0.581379116,1
5.612056732,11.74057961,1,-17.86314774,1,-5.291047096,1,-2.419436693,1,-3.508036852,1,1.878637195,1,0.529152334,1,-0.067443222,1,0.581900358,1
5.61605835,13.1577425,1,-13.74801445,1,-2.365912437,1,-2.615096569,1,-4.604322433,1,1.822230816,1,0.519286573,1,-0.08507327,1,0.580147386,1
5.620056152,10.49440384,1,-6.000981808,1,-7.948309898,1,-2.603378057,1,-5.77259779,1,1.903102398,1,0.508926749,1,-0.10687048,1,0.576412082,1
5.624055862,-5.472794056,1,-2.565643549,1,-11.85398388,1,-2.469075441,1,-6.608845234,1,1.74449122,1,0.499658287,1,-0.132214338,1,0.57085377,1
5.628057003,-17.5833683,1,4.27902317,1,-14.86176014,1,-2.278472424,1,-6.477243423,1,1.330698133,1,0.491079539,1,-0.158355489,1,0.56362009,1
5.632055283,-17.06212807,1,11.47278118,1,-16.59203339,1,-1.961207271,1,-6.224697113,1,1.151459932,1,0.483916789,1,-0.183002204,1,0.55597657,1
5.636054516,-23.22241211,1,11.63010788,1,-20.48679733,1,-1.793310404,1,-5.944693089,1,1.169297338,1,0.477803677,1,-0.206793115,1,0.548577487,1
5.64005661,-26.64689827,1,14.42352009,1,-22.02289772,1,-1.404753208,1,-5.226911545,1,1.264311552,1,0.472658575,1,-0.22893624,1,0.542535424,1
5.644060135,-24.3083477,1,16.54254723,1,-22.27739143,1,-0.959511518,1,-4.469044209,1,1.465094566,1,0.468918294,1,-0.248650089,1,0.538452148,1
5.648059845,-23.67555428,1,16.71346283,1,-20.40839767,1,-0.544793606,1,-3.794336796,1,1.791221023,1,0.466347545,1,-0.266369224,1,0.536759377,1
5.652060986,-20.49475288,1,10.81960201,1,-18.51411057,1,-0.185063139,1,-3.152253866,1,2.048852682,1,0.464762151,1,-0.282208174,1,0.537443459,1
5.656059265,-17.08143616,1,5.661804199,1,-15.03155804,1,0.019198047,1,-2.690213203,1,2.262332201,1,0.463706821,1,-0.296507269,1,0.540081978,1
5.660058498,-12.58167839,1,-0.333195388,1,-12.93673229,1,0.164234579,1,-2.392172337,1,2.250335217,1,0.463013262,1,-0.309599161,1,0.543851793,1
5.664060593,-12.70086861,1,-6.369866848,1,-9.448327065,1,0.129175812,1,-2.272098064,1,2.108916044,1,0.462420285,1,-0.321900487,1,0.547738314,1
5.668057919,-11.91329765,1,-13.97064972,1,-7.587301254,1,-0.100184388,1,-2.192984104,1,1.746602654,1,0.461527526,1,-0.333307803,1,0.55086863,1
5.672057629,-6.655096531,1,-14.41144848,1,-3.632969618,1,-0.196879208,1,-2.280595303,1,1.382487655,1,0.460175514,1,-0.343750447,1,0.552586675,1
5.676059723,-11.05105114,1,-17.10151482,1,-2.633438826,1,-0.71543479,1,-2.351824045,1,1.214166999,1,0.458072186,1,-0.354516268,1,0.553162038,1
5.680057526,-10.85979748,1,-14.05413246,1,-4.931670189,1,-0.975518882,1,-2.375179768,1,1.010718942,1,0.454764992,1,-0.364991248,1,0.552952528,1
5.684057236,-12.35292339,1,-9.033180237,1,-7.207437038,1,-1.2562356,1,-2.204221487,1,0.935121238,1,0.450509965,1,-0.374965131,1,0.552370429,1
5.688058376,-11.00198936,1,-4.485878468,1,-10.04549694,1,-1.415636301,1,-1.880785704,1,0.929582536,1,0.445213377,1,-0.383945614,1,0.55213213,1
5.692056179,-9.009570122,1,0.265534431,1,-11.02057838,1,-1.458727002,1,-1.560555339,1,1.051953554,1,0.43918103,1,-0.391828299,1,0.552808762,1
5.696055889,-10.66470718,1,1.853003502,1,-11.60609341,1,-1.451665282,1,-1.242882609,1,1.183618069,1,0.432709992,1,-0.398263872,1,0.555809438,1
5.700057507,-9.369221687,1,1.82143116,1,-11.99193859,1,-1.316043615,1,-0.969931543,1,1.202972174,1,0.426163256,1,-0.404246002,1,0.558565855,1
5.704055309,-8.737848282,1,-1.248202443,1,-11.73451519,1,-1.235815525,1,-0.724931717,1,1.040963769,1,0.419794559,1,-0.409190267,1,0.561520457,1
5.708055019,-7.46391964,1,-1.645741582,1,-9.997240067,1,-1.097400546,1,-0.695920825,1,0.91106993,1,0.414126039,1,-0.413304687,1,0.56418401,1
5.71205616,-9.902914047,1,-4.472962379,1,-10.95824242,1,-1.070441842,1,-0.618923783,1,0.699916661,1,0.408970386,1,-0.417086244,1,0.566234469,1
5.716053963,-9.839108467,1,-4.118083477,1,-9.903167725,1,-0.960449159,1,-0.483550698,1,0.505495071,1,0.40429008,1,-0.419999659,1,0.567696512,1
5.720053673,-9.369113922,1,-3.118590593,1,-10.47327137,1,-0.838189006,1,-0.414419055,1,0.39994055,1,0.400257409,1,-0.422385395,1,0.568722606,1
5.724055767,-5.842461109,1,-1.697564244,1,-9.420498848,1,-0.790865779,1,-0.35796836,1,0.439052761,1,0.396628052,1,-0.424402893,1,0.569748461,1
5.728053093,-5.236029625,1,-1.994010687,1,-9.881816864,1,-0.735395789,1,-0.382054985,1,0.441517055,1,0.393058062,1,-0.426471859,1,0.570927858,1
5.732052803,-5.139718056,1,-2.456018686,1,-9.362923622,1,-0.672613323,1,-0.349243701,1,0.420537293,1,0.389794916,1,-0.428470224,1,0.572053254,1
5.73605442,-5.521181583,1,-2.518406153,1,-8.831601143,1,-0.640691638,1,-0.346817732,1,0.400510579,1,0.386709929,1,-0.430385321,1,0.573143542,1
5.7400527,-6.074355602,1,-2.18827033,1,-9.014838219,1,-0.581043839,1,-0.348358274,1,0.335664153,1,0.383877397,1,-0.432227015,1,0.574082911,1
5.744051933,-6.224568844,1,-0.679792941,1,-9.38832283,1,-0.497578442,1,-0.317024022,1,0.271877617,1,0.381409883,1,-0.433917016,1,0.574775875,1
5.748053074,-6.391506195,1,0.516411245,1,-9.526633263,1,-0.38204217,1,-0.298741013,1,0.214675888,1,0.3794415,1,-0.435423136,1,0.575261891,1
5.752051353,-5.993391037,1,0.918541908,1,-9.722174644,1,-0.263448417,1,-0.283302248,1,0.163852304,1,0.378018141,1,-0.436782867,1,0.575571358,1
5.756051064,-5.458459377,1,0.508795202,1,-9.580278397,1,-0.161911756,1,-0.280468732,1,0.123541757,1,0.377122581,1,-0.438039869,1,0.575688481,1
5.760052681,-5.074494839,1,-0.689528883,1,-9.551257133,1,-0.076533943,1,-0.295539588,1,0.075101845,1,0.37667188,1,-0.439261198,1,0.575633287,1
5.764056683,-4.566277504,1,-2.023479223,1,-9.287566185,1,-0.018434728,1,-0.328168005,1,0.049101226,1,0.37659359,1,-0.440500885,1,0.57536298,1
5.768056393,-4.536353588,1,-2.855926275,1,-9.092027664,1,0.004345328,1,-0.352946699,1,0.046250742,1,0.37672475,1,-0.441833168,1,0.574996591,1
5.772058487,-4.824234486,1,-3.328808308,1,-8.879434586,1,0.014092643,1,-0.371052116,1,0.057930347,1,0.37693727,1,-0.443260431,1,0.574613392,1
5.77605629,-4.844055176,1,-3.522109747,1,-8.631390572,1,0.013469387,1,-0.377603322,1,0.076776065,1,0.377125919,1,-0.444751441,1,0.574282885,1
5.780056,-4.88193655,1,-3.488956928,1,-8.625297546,1,0.001049967,1,-0.396340728,1,0.087328404,1,0.377280146,1,-0.446308792,1,0.573982775,1
5.784058094,-4.70056057,1,-3.070442677,1,-8.739037514,1,0.002142964,1,-0.406287998,1,0.099612899,1,0.377407879,1,-0.447934985,1,0.573717773,1
5.78805542,-4.48661232,1,-2.778443098,1,-8.745337486,1,0.004471531,1,-0.422159344,1,0.113743827,1,0.377517998,1,-0.449637502,1,0.573486209,1
5.79205513,-4.68031168,1,-2.578457117,1,-8.763055801,1,0.006652673,1,-0.435728252,1,0.125384942,1,0.377622306,1,-0.451411426,1,0.573277175,1
5.796057224,-4.997829437,1,-2.211108685,1,-8.613924026,1,0.020534098,1,-0.442786694,1,0.122743711,1,0.377758026,1,-0.453233957,1,0.573061883,1
5.80005455,-5.387827396,1,-2.007071972,1,-8.500309944,1,0.032521363,1,-0.440279782,1,0.109298214,1,0.37797755,1,-0.455049276,1,0.572819412,1
5.804054737,-5.312898636,1,-1.913940072,1,-8.451055527,1,0.056802973,1,-0.425358117,1,0.093416415,1,0.378290415,1,-0.456812203,1,0.572528005,1
5.808056355,-5.115904808,1,-1.939180374,1,-8.464548111,1,0.078818627,1,-0.422286093,1,0.07229393,1,0.378715634,1,-0.458518952,1,0.572170317,1
5.812054157,-4.914800167,1,-2.028530359,1,-8.538108826,1,0.092182532,1,-0.426636159,1,0.06115412,1,0.379238427,1,-0.460194975,1,0.571746588,1
5.816053391,-4.91084528,1,-1.842188239,1,-8.516306877,1,0.110864937,1,-0.425649107,1,0.042245094,1,0.379867077,1,-0.461841941,1,0.571249366,1
5.820054531,-5.046572208,1,-1.572906137,1,-8.523573875,1,0.130640686,1,-0.42764774,1,0.020523392,1,0.380603909,1,-0.463480622,1,0.570675254,1
5.824052811,-5.064779758,1,-1.320390821,1,-8.581823349,1,0.162245959,1,-0.433586121,1,-0.004225019,1,0.381490171,1,-0.465087235,1,0.569991827,1
5.828052521,-5.030323982,1,-1.219869733,1,-8.612799644,1,0.196717307,1,-0.438015491,1,-0.025801018,1,0.382558972,1,-0.466683328,1,0.569197357,1
5.832053661,-4.893689156,1,-1.394808888,1,-8.640630722,1,0.230445132,1,-0.442360014,1,-0.049265437,1,0.383820206,1,-0.468263924,1,0.568307161,1
5.836051464,-4.860539436,1,-1.819239736,1,-8.51668644,1,0.252629757,1,-0.453907579,1,-0.061180104,1,0.385242164,1,-0.46984309,1,0.567323387,1
5.840051174,-4.82583046,1,-2.217879057,1,-8.355347633,1,0.276835233,1,-0.454737902,1,-0.069127157,1,0.386787832,1,-0.471425623,1,0.56627661,1
5.844052792,-4.853221416,1,-2.527392626,1,-8.290592194,1,0.283066541,1,-0.457211465,1,-0.072826907,1,0.388400972,1,-0.473014504,1,0.565199673,1
5.848050594,-4.721059322,1,-2.930218458,1,-8.1605196,1,0.291976929,1,-0.44957456,1,-0.057700973,1,0.390020192,1,-0.474596441,1,0.564166486,1
5.852050304,-4.741730213,1,-3.017344236,1,-8.183425903,1,0.285104603,1,-0.455624282,1,-0.047989283,1,0.391637921,1,-0.476200461,1,0.563175321,1
5.856052399,-4.698245049,1,-3.378165483,1,-8.066234589,1,0.277465641,1,-0.451037139,1,-0.022787981,1,0.393188536,1,-0.477831483,1,0.562248766,1
5.860049725,-4.827111721,1,-3.740475178,1,-7.957092285,1,0.254689276,1,-0.451770097,1,0.002652438,1,0.394634724,1,-0.479494333,1,0.561422467,1
5.864048958,-4.863505363,1,-4.094044685,1,-7.74094677,1,0.223064736,1,-0.444930226,1,0.029092833,1,0.39591831,1,-0.481182069,1,0.560706079,1
5.868051052,-4.814046383,1,-4.351559162,1,-7.738839149,1,0.188515916,1,-0.430902302,1,0.059877478,1,0.397004545,1,-0.482873261,1,0.560132265,1
5.872049332,-4.665723324,1,-4.386686325,1,-7.72589159,1,0.14493911,1,-0.417951792,1,0.090642802,1,0.397882402,1,-0.484551042,1,0.559706926,1
5.876048565,-4.699088097,1,-4.148145676,1,-7.769139767,1,0.109185107,1,-0.400017083,1,0.114555031,1,0.398510098,1,-0.48622027,1,0.559416533,1
5.880049706,-4.824715614,1,-3.795042515,1,-7.892543793,1,0.088774703,1,-0.393499076,1,0.137084678,1,0.398989916,1,-0.487882197,1,0.559250176,1
5.884053707,-4.979008675,1,-3.272471189,1,-7.878767967,1,0.079832457,1,-0.387313902,1,0.158146173,1,0.399350673,1,-0.489550442,1,0.559180856,1
5.888053417,-4.997240543,1,-3.023012638,1,-7.855321884,1,0.081388764,1,-0.378249913,1,0.165604129,1,0.399683386,1,-0.491209567,1,0.55916661,1
5.892055035,-4.712641716,1,-2.770955563,1,-7.949812889,1,0.086290427,1,-0.371548116,1,0.174343184,1,0.399981827,1,-0.492854655,1,0.559218466,1
5.896052361,-4.756311417,1,-2.307373762,1,-8.103277206,1,0.104025669,1,-0.359954327,1,0.175579771,1,0.400306612,1,-0.494460791,1,0.559303284,1
5.900051594,-4.822106838,1,-1.756001711,1,-8.181297302,1,0.152902633,1,-0.363210291,1,0.183229402,1,0.400768727,1,-0.49606812,1,0.559410632,1
5.904053211,-4.815341949,1,-1.532582283,1,-8.204346657,1,0.193070069,1,-0.370405674,1,0.175559372,1,0.401407629,1,-0.497701943,1,0.559512198,1
5.908051014,-4.844843388,1,-1.836492777,1,-8.151463509,1,0.219994023,1,-0.391311735,1,0.16425775,1,0.402222037,1,-0.499370784,1,0.559555054,1
5.912050724,-4.875564575,1,-2.136358261,1,-8.146077156,1,0.222173706,1,-0.399019957,1,0.151300967,1,0.403128594,1,-0.501072049,1,0.559501171,1
5.916052341,-4.840203762,1,-2.016032219,1,-8.164448738,1,0.249485537,1,-0.417632252,1,0.137068868,1,0.404144615,1,-0.502804995,1,0.559359968,1
5.920050144,-4.812663078,1,-2.664396763,1,-7.990086079,1,0.269896984,1,-0.422333896,1,0.142474994,1,0.40528056,1,-0.504578412,1,0.559195697,1
5.924049854,-4.968771458,1,-2.851621151,1,-7.922023296,1,0.263397485,1,-0.419234812,1,0.141055197,1,0.406421602,1,-0.506346107,1,0.559033036,1
5.928051949,-5.01018858,1,-3.220170259,1,-7.766008377,1,0.24892275,1,-0.423327029,1,0.13895373,1,0.407542616,1,-0.508110762,1,0.558854878,1
5.932049274,-5.008867264,1,-2.928559542,1,-7.782718182,1,0.230997086,1,-0.417402506,1,0.146207631,1,0.408576131,1,-0.509883344,1,0.558683515,1
5.936048985,-5.152275085,1,-3.017263174,1,-7.7087183,1,0.223230794,1,-0.407653004,1,0.159159169,1,0.409553349,1,-0.511643052,1,0.558558345,1
5.940051079,-5.113407135,1,-3.185829878,1,-7.68232584,1,0.201079264,1,-0.396588564,1,0.170249835,1,0.410423696,1,-0.513378263,1,0.558516622,1
5.944048405,-5.142382622,1,-2.983222008,1,-7.60312891,1,0.172277614,1,-0.381771326,1,0.177640274,1,0.394644618,1,-0.529712915,1,0.560582638,1
5.948047638,-5.302493095,1,-2.872366905,1,-7.580812931,1,0.163041368,1,-0.371275425,1,0.187178493,1,0.395585537,1,-0.530938268,1,0.562017858,1
5.952049732,-5.368402958,1,-2.886934042,1,-7.483990669,1,0.145976186,1,-0.345365107,1,0.187905282,1,0.396122575,1,-0.532544076,1,0.562185705,1
5.956047535,-5.453132629,1,-3.280923128,1,-7.332139969,1,0.103697337,1,-0.328945607,1,0.196855351,1,0.396505058,1,-0.534084022,1,0.562423885,1
5.960046768,-5.491288662,1,-2.926632166,1,-7.245002747,1,0.063358128,1,-0.304769993,1,0.194780126,1,0.396677017,1,-0.535561502,1,0.562696993,1
5.964048386,-5.705063343,1,-2.912011623,1,-7.236028194,1,0.049510457,1,-0.268859148,1,0.200893208,1,0.396738112,1,-0.536929548,1,0.56302917,1
5.968046188,-5.528172493,1,-2.955621243,1,-7.187510014,1,0.031687621,1,-0.230994001,1,0.20853667,1,0.396689236,1,-0.53816998,1,0.563459456,1
5.972045898,-5.499484539,1,-3.079916954,1,-7.144510269,1,0.010746541,1,-0.208246171,1,0.207630441,1,0.396509916,1,-0.539300561,1,0.563965857,1
5.976047516,-5.444485664,1,-3.247349977,1,-7.085284233,1,-0.010594302,1,-0.180174649,1,0.215411201,1,0.396221489,1,-0.540349185,1,0.564526081,1
5.980045319,-5.469500542,1,-3.35928154,1,-7.112606525,1,-0.029338017,1,-0.159520492,1,0.230443761,1,0.395803928,1,-0.541316509,1,0.565170109,1
5.984045029,-5.654250145,1,-3.454607248,1,-7.185740948,1,-0.058598287,1,-0.136718482,1,0.251464605,1,0.395235121,1,-0.54224211,1,0.565936506,1
5.988046646,-4.821297646,1,-3.522579193,1,-7.174093246,1,-0.073447265,1,-0.095498554,1,0.259032995,1,0.394481242,1,-0.543051064,1,0.566860855,1
5.992044449,-5.21580267,1,-3.324212313,1,-7.395684719,1,-0.082041569,1,-0.102457426,1,0.273566633,1,0.393676698,1,-0.543838739,1,0.567819655,1
5.996044159,-5.275125504,1,-3.280829906,1,-7.558294296,1,-0.104921915,1,-0.092690505,1,0.287018389,1,0.392765582,1,-0.544628441,1,0.56885457,1
6.000045776,-5.217577457,1,-3.178815603,1,-7.55774498,1,-0.10757789,1,-0.073342972,1,0.30873096,1,0.391755253,1,-0.545395255,1,0.569989383,1
6.004048824,-5.282838345,1,-2.954421997,1,-7.57554388,1,-0.110451981,1,-0.072184741,1,0.317178965,1,0.390676528,1,-0.546146035,1,0.571232378,1
6.008048534,-5.354148388,1,-3.051136732,1,-7.636238575,1,-0.117153816,1,-0.065742597,1,0.329067826,1,0.389563084,1,-0.546904147,1,0.572510064,1
6.012050629,-5.288208485,1,-2.923182964,1,-7.631403446,1,-0.141045138,1,-0.053195927,1,0.338987857,1,0.388343155,1,-0.547624588,1,0.57384932,1
6.016047955,-5.278475285,1,-2.721044302,1,-7.723151684,1,-0.138307184,1,-0.049344175,1,0.34044534,1,0.387064755,1,-0.548332691,1,0.575226784,1
6.020047665,-5.211688995,1,-2.594473839,1,-7.790969849,1,-0.133809239,1,-0.046907298,1,0.339126855,1,0.385787308,1,-0.549030066,1,0.576621294,1
6.024049759,-5.373620033,1,-2.484342098,1,-7.817180634,1,-0.134207711,1,-0.044690039,1,0.35036397,1,0.384506822,1,-0.549727857,1,0.578051031,1
6.028047562,-5.218050003,1,-2.496143103,1,-7.936441898,1,-0.129862666,1,-0.045160398,1,0.354945362,1,0.383212686,1,-0.550423265,1,0.579506457,1
6.032046795,-5.131922245,1,-2.476188421,1,-8.095943451,1,-0.124045648,1,-0.054708697,1,0.357602179,1,0.381929696,1,-0.551139116,1,0.580958605,1
6.036047935,-4.959486008,1,-2.504786015,1,-8.309654236,1,-0.117652372,1,-0.075322844,1,0.364127696,1,0.380682409,1,-0.551908731,1,0.582412481,1
6.040045738,-4.884725094,1,-2.572744846,1,-8.414648056,1,-0.113133848,1,-0.101032414,1,0.372072786,1,0.379453599,1,-0.552780092,1,0.583857417,1
6.044045448,-4.922018051,1,-2.553126097,1,-8.496372223,1,-0.105179854,1,-0.137521699,1,0.379174531,1,0.378267586,1,-0.553775311,1,0.585287452,1
6.048047066,-4.829497337,1,-2.5136168,1,-8.594899178,1,-0.088863097,1,-0.173939943,1,0.392517865,1,0.377135932,1,-0.554926097,1,0.586703181,1
6.052044868,-4.845433712,1,-2.625063181,1,-8.730374336,1,-0.084938958,1,-0.213348076,1,0.401468456,1,0.376061022,1,-0.556236207,1,0.588103354,1
6.056044579,-4.708231926,1,-2.517853975,1,-8.915457726,1,-0.067653067,1,-0.263165325,1,0.400810659,1,0.375051856,1,-0.557709217,1,0.589443922,1
6.060046196,-4.696384907,1,-2.798684835,1,-8.884015083,1,-0.078153871,1,-0.327076614,1,0.402698368,1,0.374105275,1,-0.559399366,1,0.590698302,1
6.064043999,-4.708432198,1,-2.295179844,1,-9.018709183,1,-0.075089499,1,-0.37804848,1,0.415886492,1,0.373152494,1,-0.561312497,1,0.591891468,1
6.068043709,-4.696382046,1,-2.396361828,1,-9.20465374,1,-0.049272597,1,-0.436179489,1,0.429193288,1,0.372285157,1,-0.563439965,1,0.593047678,1
6.072045803,-4.452552319,1,-2.583235979,1,-9.408773422,1,-0.034259595,1,-0.502944946,1,0.43549946,1,0.371540844,1,-0.565813124,1,0.594134748,1
6.076043129,-4.496174812,1,-2.597211123,1,-9.575303078,1,-0.024229437,1,-0.588050425,1,0.445024103,1,0.370873809,1,-0.568490922,1,0.595139503,1
6.080042839,-4.867975712,1,-2.510209084,1,-9.492058754,1,-0.008950971,1,-0.685301185,1,0.469516098,1,0.370294809,1,-0.571530998,1,0.596066177,1
6.084044933,-4.81757021,1,-2.566533089,1,-9.534122467,1,0.005130218,1,-0.775550008,1,0.482899219,1,0.369811833,1,-0.574947357,1,0.596918344,1
6.088042259,-4.595248699,1,-2.650932312,1,-9.779848099,1,0.017852355,1,-0.871282399,1,0.493552834,1,0.36943996,1,-0.578725755,1,0.597671449,1
6.092042446,-4.368529797,1,-2.451412201,1,-9.992964745,1,0.010760494,1,-0.977051079,1,0.506789327,1,0.369142354,1,-0.582894623,1,0.59831506,1
6.096043587,-4.284188747,1,-1.93033123,1,-10.1556139,1,0.024062321,1,-1.089700937,1,0.525372326,1,0.368927628,1,-0.587497175,1,0.598833144,1
6.100040913,-4.482000828,1,-1.822815776,1,-10.12921238,1,0.042283047,1,-1.20255518,1,0.520328641,1,0.368862927,1,-0.592528224,1,0.599196136,1
6.104040623,-4.675902843,1,-2.008507967,1,-10.31648064,1,0.050759435,1,-1.315293193,1,0.514141142,1,0.368972957,1,-0.597975373,1,0.599338949,1
6.10804224,-4.561911583,1,-2.421180487,1,-10.31007862,1,0.024683885,1,-1.427935123,1,0.517076969,1,0.369160354,1,-0.603833258,1,0.59927392,1
6.112040043,-4.398960114,1,-2.539362431,1,-10.278862,1,-0.027705621,1,-1.556680441,1,0.525345385,1,0.36929664,1,-0.610149086,1,0.599023163,1
6.116039753,-4.356472492,1,-2.139658451,1,-10.19881439,1,-0.013931173,1,-1.693443418,1,0.534684241,1,0.369464278,1,-0.616971254,1,0.598563552,1
6.12004137,-4.608836174,1,-2.619383574,1,-10.18018055,1,0.009624902,1,-1.81164515,1,0.553905666,1,0.369815618,1,-0.624300539,1,0.597937465,1
6.124044895,-4.493988514,1,-3.322918653,1,-10.07755947,1,0.005400329,1,-1.943444252,1,0.582108796,1,0.370275259,1,-0.632124424,1,0.597202063,1
6.128044605,-4.763110638,1,-3.576457262,1,-10.44555855,1,-0.025228862,1,-2.057304382,1,0.61362958,1,0.370754659,1,-0.640448868,1,0.596346676,1
6.132046223,-4.666145325,1,-4.138513088,1,-10.55416393,1,-0.110342897,1,-2.18166399,1,0.67228961,1,0.371001661,1,-0.649282098,1,0.595497787,1
6.136044502,-4.77413702,1,-3.695007086,1,-10.48976707,1,-0.190489948,1,-2.286006212,1,0.707007289,1,0.370909661,1,-0.658601642,1,0.594668865,1
6.140044212,-3.932671547,1,-3.047410965,1,-10.27514935,1,-0.206175819,1,-2.475805759,1,0.761717916,1,0.370654345,1,-0.668545246,1,0.593763351,1
6.144045353,-4.826411724,1,-3.007256269,1,-10.58304405,1,-0.185018107,1,-2.60663271,1,0.797562778,1,0.370497406,1,-0.679157734,1,0.592760861,1
6.148043156,-4.660542488,1,-3.509211302,1,-10.39766693,1,-0.183387786,1,-2.764408588,1,0.86503011,1,0.370413214,1,-0.690370262,1,0.59175092,1
6.152042389,-4.839488983,1,-4.376384735,1,-10.66831875,1,-0.233268827,1,-2.923873186,1,0.935357273,1,0.370224655,1,-0.702287436,1,0.590770364,1
6.156044483,-4.253097057,1,-4.232188225,1,-10.79038906,1,-0.284525961,1,-3.121892929,1,1.025473475,1,0.369799316,1,-0.714964151,1,0.589829266,1
6.160041809,-4.393210888,1,-4.296387672,1,-11.09643078,1,-0.334574878,1,-3.335276365,1,1.110887885,1,0.369154453,1,-0.728548288,1,0.588928819,1
6.164041519,-4.685240269,1,-4.854314804,1,-11.56180763,1,-0.370811254,1,-3.551090717,1,1.220000148,1,0.368315607,1,-0.743078947,1,0.58809334,1
6.168043613,-4.207244873,1,-5.60752964,1,-11.58677197,1,-0.416454196,1,-3.781209707,1,1.333940506,1,0.367226183,1,-0.7585935,1,0.587390721,1
6.172041416,-3.682188272,1,-6.136083126,1,-11.81743717,1,-0.441790193,1,-4.053225517,1,1.465596199,1,0.365845591,1,-0.775224507,1,0.586859882,1
6.176041126,-3.697945118,1,-6.261865139,1,-12.2414732,1,-0.441129118,1,-4.343939304,1,1.611709118,1,0.364306927,1,-0.793096542,1,0.586511612,1
6.180042744,-4.083175182,1,-6.922394276,1,-12.75312996,1,-0.413939565,1,-4.619310379,1,1.787946939,1,0.36262393,1,-0.812275767,1,0.586485028,1
6.184040546,-3.699482918,1,-8.409327507,1,-12.80712128,1,-0.477355897,1,-4.880924702,1,1.963732243,1,0.360510319,1,-0.832681835,1,0.586939692,1
6.188040257,-2.976342201,1,-8.232223511,1,-13.11877441,1,-0.524880588,1,-5.228271008,1,2.171156168,1,0.357811689,1,-0.854498625,1,0.587878525,1
6.192041397,-2.504095078,1,-8.729225159,1,-13.6325655,1,-0.596678138,1,-5.612383842,1,2.424547911,1,0.354358196,1,-0.878029823,1,0.589494169,1
6.196038723,-2.793186903,1,-9.681919098,1,-13.60686302,1,-0.734321296,1,-5.99095726,1,2.687125683,1,0.350249112,1,-0.902814329,1,0.593788624,1
6.200038433,-4.755656242,1,-10.23950672,1,-13.98944187,1,-0.934982896,1,-6.305754662,1,2.905151844,1,0.344097674,1,-0.929800987,1,0.597303748,1
6.204040051,-5.028957844,1,-10.22799492,1,-14.30653477,1,-1.13423717,1,-6.687316895,1,3.227308512,1,0.336000085,1,-0.958393633,1,0.602271736,1
6.208037853,-5.94022131,1,-10.94438648,1,-14.31071663,1,-1.308748603,1,-6.915508747,1,3.42175889,1,0.325609267,1,-0.988443911,1,0.608905792,1
6.212037563,-7.169848442,1,-11.05916405,1,-15.24463558,1,-1.501609921,1,-7.120826244,1,3.663276434,1,0.31265384,1,-1.019569755,1,0.617583632,1
6.216038704,-10.71689224,1,-9.755030632,1,-16.61091805,1,-1.57780087,1,-7.21091795,1,3.794095516,1,0.296967387,1,-1.051431894,1,0.628628135,1
6.220036507,-12.17484093,1,-7.836018085,1,-15.9612236,1,-1.552203298,1,-7.174742222,1,3.903947353,1,0.278684258,1,-1.083340645,1,0.642316282,1
6.22403574,-11.37469673,1,-8.28553772,1,-16.10600281,1,-1.543899894,1,-7.242249489,1,4.000301838,1,0.257570386,1,-1.115344048,1,0.659079969,1
6.228037834,-13.64430332,1,-7.395257473,1,-16.71997452,1,-1.555302024,1,-7.251145363,1,4.073899269,1,0.232972383,1,-1.147421718,1,0.67939055,1
6.23203516,-18.16179466,1,-6.584664345,1,-17.86248589,1,-1.517668366,1,-7.091571331,1,4.127837658,1,0.204181761,1,-1.179014087,1,0.704050779,1
6.23603487,-17.79287338,1,-7.107712269,1,-16.35577774,1,-1.514757276,1,-6.868959904,1,4.201290607,1,0.169878021,1,-1.209527135,1,0.734439433,1
6.240036964,-15.16601276,1,-7.40891552,1,-15.52134991,1,-1.456247807,1,-6.780131817,1,4.172595024,1,0.129178941,1,-1.238992095,1,0.771345437,1
6.244040489,-19.72584915,1,-7.724080563,1,-16.83790016,1,-1.223003149,1,-6.58862114,1,4.11828661,1,0.082246132,1,-1.267421007,1,0.815045357,1
6.248039722,-22.28328896,1,-7.883900166,1,-17.47422981,1,-0.907449722,1,-6.162324429,1,4.110167027,1,0.027856059,1,-1.293797731,1,0.867426693,1
6.252041817,-18.98111153,1,-9.612835884,1,-15.74290657,1,-0.849673033,1,-5.951378822,1,4.295893192,1,-0.038169127,1,-1.31787324,1,0.932191491,1
6.256039619,-19.42478752,1,-10.99290466,1,-15.48875618,1,-0.876449704,1,-5.802873611,1,4.287240505,1,-0.1185617,1,-1.339987993,1,1.011473179,1
6.260038853,-21.29406357,1,-9.903898239,1,-14.18737316,1,-1.056727052,1,-5.45051527,1,4.249346256,1,-0.21394296,1,-1.359424353,1,1.105283737,1
6.26404047,-18.38633919,1,-9.221749306,1,-11.544837,1,-1.311645985,1,-5.035521507,1,4.20604229,1,-0.324872017,1,-1.37517941,1,1.213706017,1
6.268038273,-15.69219398,1,-7.192662716,1,-10.6247282,1,-1.525435567,1,-4.573568821,1,3.944275379,1,-0.447382927,1,-1.386842728,1,1.332624197,1
6.272037983,-13.37260056,1,-6.172321796,1,-7.095331192,1,-1.609861493,1,-4.018030643,1,3.735419035,1,-0.573052645,1,-1.394419789,1,1.453997135,1
6.2760396,-11.53337765,1,-5.651680946,1,-7.480930805,1,-1.814650893,1,-3.631267786,1,3.641888142,1,-0.698618352,1,-1.39785111,1,1.574558735,1
6.280037403,-12.5108881,1,-2.424404144,1,-16.22548485,1,-1.583159685,1,-3.18651247,1,3.196222067,1,-0.816727936,1,-1.398347139,1,1.687346935,1
6.284037113,-21.49511147,1,-4.154707909,1,-20.40927887,1,-1.089596748,1,-2.490989208,1,2.715028524,1,-0.915395379,1,-1.396794796,1,1.7821908,1
6.288038731,-22.35047722,1,-2.215898752,1,-18.5103035,1,-0.856182873,1,-1.875822902,1,2.450833082,1,-0.992912412,1,-1.393375158,1,1.856944442,1
6.292036533,-28.24636459,1,1.993728042,1,-20.72644234,1,-0.244254827,1,-1.396309137,1,2.136205912,1,-1.053043127,1,-1.389058352,1,1.915766597,1
6.296036243,-17.94223595,1,-4.261815071,1,-18.69428825,1,0.06322363,1,-0.566424668,1,1.864437103,1,-1.09183681,1,-1.383835554,1,1.954956055,1
6.300037861,-6.761715412,1,-9.160798073,1,-15.86598873,1,0.161316216,1,-0.070709966,1,1.519244909,1,-1.112848401,1,-1.378348351,1,1.976848125,1
6.304035664,-2.396291018,1,-11.24269772,1,-13.54394245,1,0.247265249,1,0.180425867,1,1.142736912,1,-1.122580647,1,-1.373449206,1,1.987579942,1
6.308035374,-3.830603838,1,-10.87021923,1,-12.49256611,1,0.267786622,1,0.24702926,1,0.917229354,1,-1.12635982,1,-1.369397521,1,1.992528439,1
6.312036991,-6.355021477,1,-9.621581078,1,-12.47528648,1,0.14790526,1,0.390512079,1,0.758980989,1,-1.127007008,1,-1.365830183,1,1.99405694,1
6.316034794,-5.798077106,1,-9.075801849,1,-12.20455742,1,0.030506946,1,0.586828351,1,0.582343161,1,-1.123808861,1,-1.362566233,1,1.991138339,1
6.320034504,-2.895191431,1,-9.349946022,1,-10.93668079,1,-0.020192927,1,0.761172056,1,0.364287615,1,-1.116203189,1,-1.359673619,1,1.983376265,1
6.324036121,-0.069005266,1,-9.452804565,1,-9.639932632,1,-0.037289485,1,0.859155059,1,0.121130228,1,-1.104803085,1,-1.357357502,1,1.971592069,1
6.328034401,1.264577031,1,-9.020266533,1,-8.843298912,1,-0.050896987,1,0.902532279,1,-0.117558107,1,-1.09048748,1,-1.35575223,1,1.956767797,1
6.332034111,1.707334638,1,-8.309210777,1,-8.543635368,1,-0.08612518,1,0.947946787,1,-0.317318678,1,-1.073968768,1,-1.354792118,1,1.939583063,1
6.336035728,2.255203009,1,-7.680187225,1,-8.386466026,1,-0.106982037,1,1.004099488,1,-0.510849774,1,-1.055143595,1,-1.354353428,1,1.919915676,1
6.340033531,2.948040724,1,-7.176419258,1,-8.184074402,1,-0.10095638,1,1.05460763,1,-0.705101848,1,-1.033788919,1,-1.354386091,1,1.897621036,1
6.344032764,3.947619677,1,-6.744271755,1,-7.838530064,1,-0.06943997,1,1.100616932,1,-0.895256817,1,-1.00974834,1,-1.354875565,1,1.872658134,1
6.348034382,4.758945465,1,-6.24024868,1,-7.489974022,1,-0.02586076,1,1.151409745,1,-1.073224425,1,-0.982897282,1,-1.355736017,1,1.844976783,1
6.352032185,5.434091091,1,-5.722798347,1,-7.217716217,1,0.032083265,1,1.202276945,1,-1.22046423,1,-0.95317024,1,-1.356856942,1,1.814565182,1
6.356031895,5.719300747,1,-5.25318718,1,-7.097259045,1,0.094801694,1,1.266352534,1,-1.353994489,1,-0.920489311,1,-1.358100295,1,1.781382442,1
6.360033989,5.81550312,1,-5.009625912,1,-7.039244175,1,0.160377756,1,1.328951478,1,-1.468251109,1,-0.884819329,1,-1.35931468,1,1.745418191,1
6.364037037,5.852757454,1,-4.766287327,1,-7.014056206,1,0.229794145,1,1.394105792,1,-1.560983539,1,-0.846322775,1,-1.360395074,1,1.70685482,1
6.368036747,5.757727146,1,-4.651613235,1,-7.036281586,1,0.288209945,1,1.47659564,1,-1.63331306,1,-0.805144966,1,-1.361201644,1,1.665808558,1
6.372038841,5.531728745,1,-4.601577282,1,-6.993062019,1,0.336198807,1,1.575309157,1,-1.694336653,1,-0.761441827,1,-1.36158216,1,1.622411013,1
6.376036167,5.148641586,1,-4.462587833,1,-7.02742815,1,0.371539026,1,1.691897154,1,-1.734405637,1,-0.715450346,1,-1.361367583,1,1.576838493,1
6.380035877,4.678039074,1,-4.32219696,1,-7.174305916,1,0.388268709,1,1.826579809,1,-1.770083427,1,-0.667530775,1,-1.360417843,1,1.529395938,1
6.384037971,4.120279312,1,-4.066545486,1,-7.393414021,1,0.416212171,1,1.984212995,1,-1.799586296,1,-0.618015051,1,-1.358599782,1,1.480400443,1
6.388035774,3.601918697,1,-3.833765507,1,-7.572257519,1,0.438148797,1,2.158669949,1,-1.821202397,1,-0.56725198,1,-1.355777979,1,1.430208921,1
6.392035484,3.277521133,1,-3.477691889,1,-7.782552719,1,0.473542333,1,2.344607592,1,-1.845236421,1,-0.515882015,1,-1.351843715,1,1.379475474,1
6.396037102,2.920006514,1,-3.027431488,1,-7.969446182,1,0.526361108,1,2.531186104,1,-1.859976411,1,-0.464430988,1,-1.346723318,1,1.328790665,1
6.400034904,2.630079508,1,-2.64472723,1,-8.138055801,1,0.588578105,1,2.72589159,1,-1.869189501,1,-0.413661242,1,-1.340372324,1,1.278975606,1
6.404034615,2.274540424,1,-2.317918777,1,-8.275867462,1,0.668373585,1,2.915184021,1,-1.87576139,1,-0.364153802,1,-1.332773805,1,1.230666876,1
6.408036232,1.828244805,1,-1.926342607,1,-8.472763062,1,0.76622051,1,3.114263296,1,-1.886609435,1,-0.31633532,1,-1.323916793,1,1.184360981,1
6.412034035,1.384314299,1,-1.760556102,1,-8.597396851,1,0.875661254,1,3.309152365,1,-1.892811418,1,-0.270512462,1,-1.313815713,1,1.14043057,1
6.416033745,0.800724745,1,-1.626936316,1,-8.766210556,1,0.988293588,1,3.507830143,1,-1.904028058,1,-0.226930812,1,-1.302462339,1,1.099168181,1
6.420035362,0.223166287,1,-1.60004425,1,-8.875341415,1,1.100163698,1,3.705423832,1,-1.915056705,1,-0.185723171,1,-1.289903164,1,1.060697675,1
6.424033642,-0.267306566,1,-1.635312676,1,-8.830048561,1,1.202453017,1,3.905310869,1,-1.930029273,1,-0.147005752,1,-1.276146054,1,1.025123477,1
6.428032875,-0.84919709,1,-1.700126171,1,-8.893650055,1,1.296661019,1,4.104737759,1,-1.94436717,1,-0.110754952,1,-1.261245847,1,0.992396414,1
6.432034969,-1.350401282,1,-1.783557534,1,-8.956031799,1,1.372358441,1,4.311085701,1,-1.968259573,1,-0.076940492,1,-1.245220423,1,0.962422729,1
6.436032295,-1.936515093,1,-1.80475378,1,-9.029319763,1,1.432804346,1,4.504454613,1,-1.990926623,1,-0.045457181,1,-1.228102088,1,0.935044229,1
6.440032482,-2.415226936,1,-1.983480692,1,-8.963594437,1,1.467745543,1,4.715862274,1,-2.016345263,1,-0.01627787,1,-1.20992732,1,0.910162985,1
6.4440341,-2.808321476,1,-1.966827273,1,-9.165913582,1,1.511114359,1,4.886006355,1,-2.04598999,1,0.168938756,1,-1.074144125,1,0.78634429,1
6.448032379,-3.121960878,1,-2.217844486,1,-9.075688362,1,1.517882347,1,5.070165634,1,-2.065479755,1,0.184602037,1,-1.052916765,1,0.777629137,1
6.452032089,-3.405748844,1,-2.196191549,1,-8.96860981,1,1.521672249,1,5.237330914,1,-2.079625845,1,0.19791548,1,-1.031112313,1,0.769273281,1
6.456033707,-3.520203829,1,-2.056095123,1,-8.862591743,1,1.530920982,1,5.386715412,1,-2.096573591,1,0.210340232,1,-1.008601665,1,0.761866212,1
6.460031509,-3.63174963,1,-2.028230906,1,-8.738600731,1,1.531597257,1,5.512103081,1,-2.106165886,1,0.221922249,1,-0.985505462,1,0.75535661,1
6.464031219,-3.714549303,1,-1.921586514,1,-8.567501068,1,1.532527089,1,5.624558449,1,-2.109349251,1,0.232744038,1,-0.961894989,1,0.749679804,1
6.46803236,-3.775896072,1,-1.897232771,1,-8.462547302,1,1.542950034,1,5.705770969,1,-2.111045837,1,0.242905453,1,-0.937879026,1,0.744748831,1
6.472030163,-3.834185362,1,-1.832863688,1,-8.337409019,1,1.550671697,1,5.763065338,1,-2.113281965,1,0.252493173,1,-0.913556159,1,0.740492046,1
6.476029873,-3.862558365,1,-1.7821877,1,-8.247174263,1,1.56650579,1,5.803957939,1,-2.108132601,1,0.261613458,1,-0.889038801,1,0.736816943,1
6.480031967,-3.981087685,1,-1.859787226,1,-8.19589901,1,1.584110022,1,5.817419052,1,-2.103447676,1,0.270343989,1,-0.864392519,1,0.733658552,1
6.48402977,-4.116507053,1,-1.958662033,1,-8.159282684,1,1.600427628,1,5.821309566,1,-2.105887175,1,0.278768361,1,-0.839706898,1,0.730932176,1
6.488035679,-4.267711639,1,-2.082697392,1,-8.204739571,1,1.615898371,1,5.813381672,1,-2.1140306,1,0.286944807,1,-0.815009773,1,0.72856915,1
6.492037773,-4.549269676,1,-2.266579866,1,-8.306637764,1,1.633888245,1,5.783346653,1,-2.128780842,1,0.294975996,1,-0.790354133,1,0.726445436,1
6.496036053,-4.863461971,1,-2.443259954,1,-8.537792206,1,1.648278117,1,5.749984741,1,-2.146584749,1,0.30289048,1,-0.7657848,1,0.724515915,1
6.500035763,-5.268774509,1,-2.537806273,1,-8.781440735,1,1.655424356,1,5.719878197,1,-2.179981232,1,0.310734183,1,-0.741307378,1,0.722702503,1
6.504036903,-5.789609432,1,-2.765541077,1,-9.059830666,1,1.675109625,1,5.693473816,1,-2.212575912,1,0.318540424,1,-0.716882944,1,0.720970631,1
6.508034706,-6.417263985,1,-3.017105341,1,-9.392147064,1,1.693173528,1,5.673007965,1,-2.261829138,1,0.326368243,1,-0.692486525,1,0.719296217,1
6.512033939,-7.107150555,1,-3.259040117,1,-9.819667816,1,1.716584682,1,5.666285515,1,-2.322165728,1,0.334256411,1,-0.668069661,1,0.717600644,1
6.516035557,-7.864068031,1,-3.527354479,1,-10.19920444,1,1.734464884,1,5.671890736,1,-2.40301156,1,0.34222877,1,-0.643556237,1,0.715850115,1
6.52003336,-8.587137222,1,-3.790917158,1,-10.59592819,1,1.7540977,1,5.700994015,1,-2.490666389,1,0.350291312,1,-0.618848383,1,0.714018285,1
6.52403307,-9.099761963,1,-4.089404583,1,-11.07490921,1,1.782558084,1,5.737010002,1,-2.599311352,1,0.358474761,1,-0.593877733,1,0.71206671,1
6.528034687,-9.579883575,1,-4.315158367,1,-11.5151186,1,1.815860629,1,5.777642727,1,-2.712073565,1,0.366827905,1,-0.568576872,1,0.70995754,1
6.53203249,-10.04498291,1,-4.351895332,1,-12.02797699,1,1.850105524,1,5.824263573,1,-2.852466583,1,0.375372112,1,-0.542913854,1,0.707657754,1
6.5360322,-10.40274811,1,-4.550729275,1,-12.5147028,1,1.89401865,1,5.874722481,1,-3.010071993,1,0.384165704,1,-0.516845167,1,0.705088258,1
6.540033817,-10.80462551,1,-4.523731232,1,-13.25659084,1,1.946830273,1,5.910512447,1,-3.195150614,1,0.393250227,1,-0.490330458,1,0.702172995,1
6.54403162,-10.99641895,1,-4.453227043,1,-13.8145771,1,2.020724297,1,5.932304859,1,-3.391830683,1,0.402705699,1,-0.463394403,1,0.698844314,1
6.54803133,-10.96858406,1,-4.540420532,1,-14.46554852,1,2.088365793,1,5.925168991,1,-3.59331584,1,0.412557244,1,-0.436075568,1,0.695052803,1
6.552033424,-11.29944038,1,-4.556364059,1,-15.25533581,1,2.157044172,1,5.891918659,1,-3.805428505,1,0.422827899,1,-0.408464432,1,0.690733969,1
6.55603075,-11.87587357,1,-4.444530964,1,-15.75359821,1,2.226638317,1,5.842549801,1,-4.031836987,1,0.433471084,1,-0.380601048,1,0.685833037,1
6.560030937,-12.90810585,1,-4.216299057,1,-16.17848206,1,2.289689064,1,5.770887852,1,-4.264637947,1,0.444467962,1,-0.352529049,1,0.68031919,1
6.564032555,-14.16281986,1,-4.345376968,1,-16.39752769,1,2.340735197,1,5.712101936,1,-4.490156651,1,0.455766112,1,-0.32422471,1,0.674202323,1
6.568030357,-15.41549778,1,-4.854392052,1,-16.50812531,1,2.355825663,1,5.633202076,1,-4.712778091,1,0.467204005,1,-0.295706362,1,0.667505622,1
6.572030067,-16.785923,1,-5.481677532,1,-16.56925011,1,2.316063643,1,5.541292667,1,-4.917061806,1,0.478577554,1,-0.26703468,1,0.660257936,1
6.576031685,-18.53322601,1,-5.75685215,1,-16.51788521,1,2.231957912,1,5.430538177,1,-5.111581802,1,0.48962304,1,-0.23826623,1,0.652472913,1
6.580029488,-20.96617699,1,-5.393541813,1,-16.88084793,1,2.097311974,1,5.296273708,1,-5.286821365,1,0.50014329,1,-0.209505051,1,0.644150019,1
6.584029198,-23.17982292,1,-4.360786438,1,-17.01915741,1,1.963779569,1,5.168079376,1,-5.448295593,1,0.509963751,1,-0.180789128,1,0.635321975,1
6.588030815,-25.62798691,1,-2.547762156,1,-16.93905258,1,1.898738384,1,5.03677702,1,-5.574306011,1,0.519203544,1,-0.152171642,1,0.626045585,1
6.592028618,-28.24630547,1,-1.257184982,1,-16.12363052,1,1.926742315,1,4.942132473,1,-5.659543037,1,0.528151095,1,-0.123658337,1,0.616461873,1
6.596027851,-30.73093605,1,-0.513814509,1,-14.59630394,1,2.000659227,1,4.865581036,1,-5.68856144,1,0.537065208,1,-0.095235541,1,0.60680002,1
6.600028992,-33.02191544,1,-1.449622869,1,-12.47258663,1,2.042968273,1,4.801505089,1,-5.629584789,1,0.545958281,1,-0.066990644,1,0.597321689,1
6.604026794,-34.34632111,1,-2.835999966,1,-9.86525631,1,1.980378032,1,4.713375568,1,-5.474357605,1,0.554500997,1,-0.039120965,1,0.588317752,1
6.608032703,-34.7452774,1,-3.216741085,1,-7.207714558,1,1.844110131,1,4.535109997,1,-5.21905899,1,0.562370598,1,-0.012072783,1,0.579968452,1
6.612035275,-34.82004929,1,-2.779030085,1,-4.590186119,1,1.66609323,1,4.257377625,1,-4.880340099,1,0.569397986,1,0.0136367,1,0.5723418,1
6.616033077,-33.78268433,1,-0.584913969,1,-1.975883603,1,1.534726977,1,3.916886568,1,-4.479180813,1,0.575596988,1,0.037562311,1,0.565475583,1
6.62003231,-32.50589752,1,2.838441133,1,0.191762373,1,1.517651677,1,3.463166475,1,-4.032352924,1,0.581358492,1,0.059238054,1,0.559281349,1
6.624034405,-30.90686798,1,7.164272308,1,1.949583292,1,1.678995013,1,2.945855856,1,-3.557492256,1,0.587320685,1,0.078316435,1,0.553692579,1
6.628032207,-30.39028358,1,11.3569603,1,3.230685472,1,2.017374992,1,2.405329943,1,-3.070776701,1,0.594230056,1,0.094577923,1,0.548618495,1
6.632031441,-30.41223526,1,14.86034966,1,3.939523697,1,2.497680664,1,1.891710758,1,-2.636374235,1,0.602773964,1,0.108093843,1,0.544022739,1
6.636033058,-31.35480881,1,16.98569107,1,4.296064377,1,3.035921812,1,1.415091038,1,-2.244109631,1,0.613355279,1,0.119071171,1,0.53975898,1
6.640030861,-32.43816376,1,16.971632,1,4.509419441,1,3.481355906,1,1.018239379,1,-1.899256825,1,0.625937641,1,0.127836183,1,0.535814762,1
6.644030571,-33.44799042,1,15.6099205,1,4.517892361,1,3.730354071,1,0.652966678,1,-1.588859081,1,0.639925957,1,0.13463524,1,0.532126188,1
6.648032188,-34.67737579,1,13.61544228,1,4.586752415,1,3.735687017,1,0.363243729,1,-1.330932975,1,0.654455423,1,0.139760122,1,0.528664708,1
6.652029991,-35.74042511,1,10.8926096,1,4.435278893,1,3.467861891,1,0.14107126,1,-1.119143724,1,0.668463767,1,0.143539429,1,0.525375783,1
6.656029701,-35.74727249,1,7.249135494,1,4.56289196,1,2.881655455,1,0.004158837,1,-0.920528114,1,0.680802345,1,0.146317735,1,0.522332489,1
6.660031319,-34.73511887,1,3.686109781,1,4.818919182,1,2.008518696,1,-0.13086164,1,-0.691913366,1,0.690240324,1,0.148172572,1,0.519637406,1
6.664029121,-33.04137802,1,1.029554844,1,5.057186127,1,0.963802755,1,-0.294487566,1,-0.414872289,1,0.695878208,1,0.148945823,1,0.517365932,1
6.668028831,-31.40987015,1,0.339273989,1,5.096318722,1,-0.081151515,1,-0.492082387,1,-0.084938809,1,0.697356939,1,0.148387924,1,0.515564561,1
6.672030926,-29.70352554,1,1.603503942,1,4.817005634,1,-0.974839449,1,-0.697545946,1,0.28689611,1,0.695003152,1,0.14631772,1,0.514330983,1
6.676028252,-23.55430222,1,2.469458342,1,1.030415177,1,-1.61691606,1,-0.966192186,1,0.737632453,1,0.689668834,1,0.14252314,1,0.513774574,1
6.680027962,-14.82613564,1,7.538858414,1,0.06364549,1,-1.246287346,1,-2.013889074,1,2.114245892,1,0.683546424,1,0.134682566,1,0.514462054,1
6.684029579,-28.08186531,1,10.9502182,1,0.976357102,1,-1.007979512,1,-2.391850948,1,2.80195117,1,0.679717422,1,0.120933548,1,0.516528249,1
6.688026905,4.278594494,1,-4.411184311,1,0.458952099,1,-1.551572084,1,-1.709152102,1,2.889055729,1,0.67495054,1,0.107536092,1,0.520299971,1
6.692026138,9.655062675,1,-16.87101936,1,-8.534527779,1,-1.737911701,1,-2.047868013,1,3.14973259,1,0.668850064,1,0.094357938,1,0.52522552,1
6.696028233,-4.063590527,1,-23.94650269,1,-15.68924904,1,-2.235035896,1,-2.116807461,1,3.312307835,1,0.661431611,1,0.079937324,1,0.529586136,1
6.700026035,8.538105011,1,-22.7267971,1,-20.87463951,1,-2.488080978,1,-1.536435843,1,3.316083431,1,0.652284086,1,0.066161588,1,0.535736024,1
6.704025745,10.1718502,1,-24.15114594,1,-17.27930832,1,-2.746138096,1,-1.679952264,1,3.163027287,1,0.64231199,1,0.053207126,1,0.542302012,1
6.708027363,9.705323219,1,-21.31471252,1,-9.905359268,1,-2.820283175,1,-2.014687538,1,2.75828886,1,0.63135457,1,0.040284216,1,0.547517657,1
6.712025166,13.93159485,1,-16.84690094,1,-5.16521883,1,-2.918559551,1,-2.758239508,1,2.437853336,1,0.620049477,1,0.026600381,1,0.55038619,1
6.716024876,12.08764553,1,-10.87064838,1,-2.833417654,1,-3.161628485,1,-3.937283993,1,2.365006685,1,0.607848704,1,0.010157895,1,0.550518155,1
6.720026493,9.670724869,1,-5.989144802,1,-2.770694017,1,-3.203604221,1,-5.091241837,1,2.378945827,1,0.595100582,1,-0.010074682,1,0.548122168,1
6.724024296,1.315684915,1,-5.730099678,1,-5.759972572,1,-3.290877342,1,-6.072602749,1,2.215997696,1,0.582277596,1,-0.033894371,1,0.543391168,1
6.728029728,-9.11178875,1,0.017549094,1,-11.42280865,1,-3.009488106,1,-6.410871983,1,1.885070443,1,0.570027411,1,-0.059439428,1,0.536605537,1
6.732031822,-20.01516342,1,7.197759628,1,-17.40686417,1,-2.850732565,1,-6.282421112,1,1.527217746,1,0.55882746,1,-0.084670067,1,0.528629243,1
6.736029625,-23.33289146,1,11.32735634,1,-19.97120285,1,-2.550170898,1,-5.695687771,1,1.368239999,1,0.548695624,1,-0.10807579,1,0.520861864,1
6.740029335,-22.26931572,1,15.5218277,1,-20.39394951,1,-2.096842527,1,-5.130306721,1,1.411830902,1,0.540194333,1,-0.129454181,1,0.514304757,1
6.744031429,-20.02454758,1,16.02110481,1,-19.77543449,1,-1.750040174,1,-4.716553688,1,1.726814508,1,0.533153117,1,-0.149560452,1,0.509516895,1
6.748028755,-18.57990265,1,16.951334,1,-19.08069611,1,-1.292732477,1,-4.204413891,1,2.122296333,1,0.527454972,1,-0.168854758,1,0.507137716,1
6.752028465,-18.33379936,1,11.75132847,1,-17.35215759,1,-0.971122563,1,-3.730842829,1,2.457467318,1,0.522927165,1,-0.187190741,1,0.507100463,1
6.75603056,-19.59555817,1,4.191168785,1,-15.80080318,1,-0.734414279,1,-3.283932924,1,2.611379623,1,0.519146383,1,-0.20442903,1,0.509013832,1
6.760028362,-20.43380737,1,-4.07772398,1,-13.07530022,1,-0.604990065,1,-2.835704327,1,2.447792053,1,0.515912592,1,-0.220044449,1,0.511866689,1
6.764027596,-20.29826546,1,-10.50268459,1,-8.891656876,1,-0.65134722,1,-2.468199968,1,2.033947945,1,0.512825549,1,-0.233696431,1,0.51458025,1
6.768029213,-15.29532433,1,-13.82656384,1,-5.372190952,1,-0.77684021,1,-2.314608574,1,1.546346664,1,0.50962323,1,-0.245484307,1,0.516192079,1
6.772027493,-14.41640186,1,-14.11520958,1,-4.541033268,1,-1.149130821,1,-2.203802347,1,1.282662034,1,0.50571245,1,-0.256183058,1,0.516722441,1
6.776026726,-10.12856388,1,-8.808413506,1,-5.655405045,1,-1.319430709,1,-2.05617857,1,0.997587264,1,0.500556409,1,-0.265701801,1,0.5166381,1
6.780027866,-10.67068863,1,-6.094419003,1,-8.21172142,1,-1.495309711,1,-2.020416021,1,0.943933904,1,0.495170802,1,-0.274837762,1,0.516051471,1
6.784025669,-12.59413815,1,-1.06759584,1,-11.84157467,1,-1.54355216,1,-1.669361949,1,0.980633795,1,0.489058256,1,-0.283171892,1,0.515932977,1
6.788025379,-12.40056324,1,2.873307467,1,-12.75592136,1,-1.425551891,1,-1.243643045,1,1.04141593,1,0.482804,1,-0.290213048,1,0.516817689,1
6.792026997,-10.7659483,1,3.01374054,1,-11.84710312,1,-1.278349996,1,-0.88196516,1,1.109968424,1,0.476873398,1,-0.295963883,1,0.518771887,1
6.796024799,-10.56526279,1,1.563592196,1,-10.52519321,1,-1.14537549,1,-0.665844977,1,1.093899488,1,0.471268028,1,-0.300700128,1,0.521423161,1
6.800024033,-9.840403557,1,-2.617361069,1,-9.556788445,1,-1.035029888,1,-0.542387128,1,0.898103058,1,0.466098577,1,-0.304645777,1,0.52404964,1
6.80402565,-9.991456985,1,-5.959136486,1,-9.907231331,1,-0.983320117,1,-0.443079054,1,0.626613855,1,0.461516649,1,-0.307792336,1,0.525967002,1
6.808023453,-9.071022987,1,-4.417499065,1,-9.342014313,1,-0.919477761,1,-0.377742618,1,0.495184571,1,0.457299352,1,-0.310220897,1,0.527301311,1
6.812022686,-7.143880844,1,-3.678300381,1,-9.538187027,1,-0.910929263,1,-0.327715456,1,0.483538806,1,0.453298718,1,-0.312348545,1,0.528480113,1
6.81602478,-5.428552628,1,-2.048460484,1,-10.33989906,1,-0.86203593,1,-0.276091278,1,0.505500674,1,0.449327976,1,-0.314269483,1,0.529786646,1
6.820022106,-4.488431454,1,-1.293293595,1,-9.982152939,1,-0.804498613,1,-0.309758455,1,0.555898845,1,0.445531011,1,-0.316244602,1,0.531268716,1
6.824021816,-5.398505211,1,-1.798920274,1,-10.16966248,1,-0.707783043,1,-0.307204694,1,0.538590133,1,0.442021817,1,-0.318313599,1,0.532797873,1
6.828023911,-5.023464203,1,-2.515369654,1,-9.128165245,1,-0.650933027,1,-0.339333832,1,0.525386989,1,0.438862711,1,-0.320370257,1,0.534245372,1
6.832021713,-5.539152622,1,-2.811363697,1,-9.201992989,1,-0.610306442,1,-0.350321442,1,0.490786582,1,0.435919881,1,-0.32249245,1,0.535563588,1
6.836021423,-5.654267788,1,-2.451715469,1,-9.22196579,1,-0.546251476,1,-0.341778129,1,0.436454564,1,0.433231294,1,-0.324520946,1,0.536731303,1
6.840023041,-5.641290665,1,-1.090640306,1,-9.039887428,1,-0.465282172,1,-0.34386149,1,0.395723641,1,0.43089211,1,-0.326454759,1,0.537716925,1
6.844020844,-5.537232399,1,-0.097764887,1,-9.076313019,1,-0.381611973,1,-0.349356651,1,0.350740612,1,0.428929657,1,-0.328335464,1,0.538537323,1
6.848026752,-5.860975266,1,0.159834832,1,-9.187703133,1,-0.284997433,1,-0.343766659,1,0.300985038,1,0.427382052,1,-0.330146313,1,0.539180398,1
6.85202837,-5.758916378,1,-0.214096889,1,-9.206016541,1,-0.181028798,1,-0.339507103,1,0.238470644,1,0.426316738,1,-0.331834465,1,0.539614618,1
6.856026173,-5.044076443,1,-1.2150383,1,-9.091804504,1,-0.10679774,1,-0.353235662,1,0.187227145,1,0.425675154,1,-0.333436131,1,0.539828658,1
6.860025883,-4.745748043,1,-2.483159304,1,-9.108439445,1,-0.059963673,1,-0.376250416,1,0.162165314,1,0.425344378,1,-0.335048676,1,0.539860368,1
6.8640275,-4.758261681,1,-3.185576677,1,-8.828650475,1,-0.03984097,1,-0.391785264,1,0.159129456,1,0.425170332,1,-0.336709917,1,0.539799869,1
6.868025303,-5.030737877,1,-3.468443632,1,-8.449362755,1,-0.041038785,1,-0.416873008,1,0.169608861,1,0.425041169,1,-0.338457406,1,0.539718986,1
6.872025013,-5.300033092,1,-3.514955521,1,-8.321538925,1,-0.046095416,1,-0.420725822,1,0.182914302,1,0.424884468,1,-0.340272665,1,0.539666593,1
6.876027107,-5.200836658,1,-3.329394817,1,-8.444134712,1,-0.053333022,1,-0.418194383,1,0.192110434,1,0.424683332,1,-0.34211126,1,0.539661825,1
6.880024433,-4.761567116,1,-3.027077675,1,-8.527335167,1,-0.055300303,1,-0.427800417,1,0.196069449,1,0.42446208,1,-0.343965173,1,0.53967756,1
6.884024143,-4.560292721,1,-2.895226479,1,-8.514361382,1,-0.057957385,1,-0.448368698,1,0.208284751,1,0.42422545,1,-0.345878601,1,0.539690197,1
6.888026237,-4.793024063,1,-2.745588541,1,-8.563085556,1,-0.053694583,1,-0.467765212,1,0.200727686,1,0.424006283,1,-0.347886711,1,0.539679885,1
6.892024517,-5.011199474,1,-2.639753819,1,-8.489466667,1,-0.04203862,1,-0.476882339,1,0.192208439,1,0.423833072,1,-0.349933326,1,0.539621532,1
6.896024227,-5.256364822,1,-2.505479336,1,-8.390713692,1,-0.036465477,1,-0.482107908,1,0.181344748,1,0.423723936,1,-0.351989388,1,0.539503872,1
6.900025845,-5.272411823,1,-2.326993942,1,-8.430419922,1,-0.022030085,1,-0.490745306,1,0.153986707,1,0.423680782,1,-0.354037255,1,0.539297283,1
6.904024124,-5.338505745,1,-2.012315035,1,-8.470891953,1,-0.009039601,1,-0.489040732,1,0.133087099,1,0.4237113,1,-0.356059879,1,0.539010406,1
6.908023357,-5.379443169,1,-1.769625783,1,-8.414588928,1,0.017626844,1,-0.490960479,1,0.107197762,1,0.423861742,1,-0.358043194,1,0.538615346,1
6.912024975,-5.318514824,1,-1.455650568,1,-8.475229263,1,0.046210516,1,-0.498138934,1,0.078437701,1,0.424168646,1,-0.360001385,1,0.538103938,1
6.916022778,-5.503025055,1,-1.130141377,1,-8.540234566,1,0.080796614,1,-0.498281687,1,0.04697923,1,0.424642086,1,-0.36191994,1,0.537475467,1
6.920022011,-5.267949581,1,-0.922510386,1,-8.617747307,1,0.135563284,1,-0.501472354,1,0.014928518,1,0.425345242,1,-0.363793641,1,0.536712766,1
6.924023628,-5.213636398,1,-1.040920973,1,-8.623873711,1,0.17477423,1,-0.509809971,1,-0.013757927,1,0.426280171,1,-0.365639985,1,0.535832047,1
6.928021431,-5.001558304,1,-1.394297957,1,-8.583592415,1,0.217586458,1,-0.518918216,1,-0.034851205,1,0.427431822,1,-0.367480457,1,0.534834146,1
6.932021141,-5.138535976,1,-1.678037167,1,-8.519622803,1,0.259253383,1,-0.52664572,1,-0.060284827,1,0.428787023,1,-0.369306505,1,0.533709824,1
6.936023235,-5.142961979,1,-2.035800219,1,-8.369071007,1,0.288635522,1,-0.526651919,1,-0.076569334,1,0.430321515,1,-0.371111184,1,0.53250134,1
6.940020561,-5.10490799,1,-2.499876022,1,-8.349528313,1,0.307986677,1,-0.534879744,1,-0.084233612,1,0.431975812,1,-0.372904181,1,0.531234801,1
6.944019794,-5.235527515,1,-2.718754768,1,-8.14845562,1,0.309367925,1,-0.529239237,1,-0.077821508,1,0.398709029,1,-0.436644733,1,0.459275186,1
6.948021412,-5.287293434,1,-3.081724405,1,-7.954109192,1,0.306173593,1,-0.514462292,1,-0.052485678,1,0.400615722,1,-0.438070804,1,0.458248734,1
6.952018738,-5.328007698,1,-3.685433626,1,-7.682024956,1,0.297469884,1,-0.506066144,1,-0.039458763,1,0.402293354,1,-0.439880252,1,0.457169503,1
6.956018925,-4.947344303,1,-4.497622013,1,-7.533810616,1,0.239697754,1,-0.496314853,1,0.000990514,1,0.403776199,1,-0.441696107,1,0.456214219,1
6.960020542,-5.128583431,1,-4.793958187,1,-7.402295589,1,0.19547534,1,-0.481128156,1,0.023609646,1,0.404993594,1,-0.443511516,1,0.455409586,1
6.964018345,-5.196909904,1,-4.662263393,1,-7.327658653,1,0.147640839,1,-0.453099489,1,0.06256678,1,0.405949354,1,-0.445300251,1,0.454766005,1
6.968024254,-5.478588104,1,-4.148626804,1,-7.312687874,1,0.116296984,1,-0.432660908,1,0.084782392,1,0.406682312,1,-0.447056562,1,0.454290003,1
6.972025871,-5.288798809,1,-3.820277929,1,-7.515554905,1,0.098160796,1,-0.415408611,1,0.101611368,1,0.407254219,1,-0.448765695,1,0.453929245,1
6.976024628,-5.264420509,1,-3.327958107,1,-7.53125906,1,0.094521023,1,-0.396086961,1,0.112940662,1,0.407757819,1,-0.450426042,1,0.453653127,1
6.980024338,-5.254560471,1,-2.920064211,1,-7.702393055,1,0.10617315,1,-0.3786048,1,0.127771571,1,0.408234298,1,-0.452039361,1,0.453478307,1
6.984025478,-5.1466465,1,-2.80848074,1,-7.779984951,1,0.109563701,1,-0.376194298,1,0.138403505,1,0.40873009,1,-0.453628868,1,0.453356266,1
6.988023281,-5.2070508,1,-2.359386921,1,-7.767716885,1,0.141158715,1,-0.379676372,1,0.142351702,1,0.409266174,1,-0.455243677,1,0.453253835,1
6.992022514,-5.286004066,1,-2.371847868,1,-7.863881588,1,0.183693185,1,-0.367174029,1,0.144748703,1,0.40995121,1,-0.456835955,1,0.45318073,1
6.996024132,-5.05692482,1,-2.629248142,1,-7.890673161,1,0.21104604,1,-0.36378029,1,0.163614228,1,0.410749316,1,-0.458419114,1,0.453167021,1
7.000021935,-4.897132874,1,-2.842712402,1,-7.90892601,1,0.21524854,1,-0.37070331,1,0.16799219,1,0.4115794,1,-0.460031688,1,0.453193128,1
7.004021645,-4.875305176,1,-3.248144388,1,-7.915664196,1,0.209902987,1,-0.385617793,1,0.181369781,1,0.412430227,1,-0.461695373,1,0.453232646,1
7.008023739,-4.964838982,1,-2.961001873,1,-7.813900471,1,0.188874379,1,-0.399482518,1,0.191616476,1,0.413175941,1,-0.463431805,1,0.453304619,1
7.012021065,-5.123507977,1,-2.8913095,1,-7.775486946,1,0.207153887,1,-0.407068908,1,0.192181259,1,0.41393888,1,-0.465226799,1,0.453370422,1
7.016020775,-5.154430866,1,-2.748232841,1,-7.667660713,1,0.202157795,1,-0.413354486,1,0.195710063,1,0.414736569,1,-0.4670434,1,0.453425258,1
7.020022869,-5.269561291,1,-2.705262423,1,-7.664202213,1,0.2000705,1,-0.413604259,1,0.19295013,1,0.415518463,1,-0.4688766,1,0.453476995,1
7.024020672,-5.361555099,1,-2.699038982,1,-7.541872501,1,0.186616674,1,-0.409634709,1,0.185145497,1,0.41628018,1,-0.470692456,1,0.453505635,1
7.028020382,-5.369365215,1,-2.646747351,1,-7.444484711,1,0.193401262,1,-0.398746014,1,0.180725917,1,0.417037427,1,-0.472467482,1,0.453523248,1
7.032021999,-5.48276186,1,-2.793154001,1,-7.390305042,1,0.187001541,1,-0.374334395,1,0.17513743,1,0.417795122,1,-0.474172413,1,0.453546643,1
7.036019802,-5.546086788,1,-3.099969149,1,-7.266664505,1,0.176964745,1,-0.350522518,1,0.175498068,1,0.418496996,1,-0.475785404,1,0.453612179,1
7.040019512,-5.574228287,1,-2.991898537,1,-7.233660698,1,0.161722749,1,-0.331634223,1,0.170191705,1,0.419133842,1,-0.477327049,1,0.453697205,1
7.04402113,-5.576480389,1,-3.085922003,1,-7.104784012,1,0.145749435,1,-0.308105856,1,0.178934887,1,0.419678748,1,-0.478772581,1,0.453836918,1
7.048018932,-5.663651466,1,-3.33282733,1,-7.027042389,1,0.11573144,1,-0.283696026,1,0.181067646,1,0.420114815,1,-0.480149508,1,0.454027832,1
7.052018642,-5.68632412,1,-3.261105061,1,-6.947664261,1,0.071568295,1,-0.261324942,1,0.177280158,1,0.420375407,1,-0.481438875,1,0.454269052,1
7.05602026,-5.733092308,1,-3.021463394,1,-7.010613918,1,0.050629862,1,-0.23974441,1,0.174412802,1,0.420485437,1,-0.482641697,1,0.454533041,1
7.060018063,-5.808506012,1,-2.836661577,1,-7.05091095,1,0.036743473,1,-0.209636673,1,0.176180705,1,0.420513242,1,-0.483747244,1,0.45484817,1
7.064017773,-5.705783844,1,-2.816064596,1,-6.994423389,1,0.032135982,1,-0.185553014,1,0.179823011,1,0.420475483,1,-0.484762281,1,0.455221951,1
7.06801939,-5.707890511,1,-2.977529049,1,-7.067181587,1,0.019020475,1,-0.152440131,1,0.183877736,1,0.420370281,1,-0.485669762,1,0.45566228,1
7.072017193,-5.647288799,1,-3.148986101,1,-7.131677151,1,0.005876807,1,-0.129284605,1,0.19047673,1,0.420175433,1,-0.486495644,1,0.456176609,1
7.076016426,-5.601727486,1,-3.345108032,1,-7.099905968,1,-0.016821679,1,-0.101047896,1,0.206992179,1,0.419865578,1,-0.487233996,1,0.456792891,1
7.080018044,-5.516991138,1,-3.563984394,1,-6.971305847,1,-0.041621339,1,-0.072854221,1,0.227159142,1,0.419401497,1,-0.487905264,1,0.457532853,1
7.084016323,-5.513702869,1,-3.676280499,1,-6.981532574,1,-0.07239034,1,-0.048916955,1,0.25410521,1,0.418762803,1,-0.488520145,1,0.458411306,1
7.088021278,-5.494757652,1,-3.546499729,1,-6.966877937,1,-0.088172607,1,-0.016480558,1,0.273160487,1,0.417953014,1,-0.489071578,1,0.459437311,1
7.092023373,-5.366000652,1,-3.456470966,1,-7.189607143,1,-0.117299542,1,-0.005111851,1,0.29480809,1,0.416983426,1,-0.489563674,1,0.46060124,1
7.096021652,-5.351561546,1,-3.271725416,1,-7.280986309,1,-0.132128432,1,0.010731592,1,0.309575081,1,0.41589421,1,-0.490040004,1,0.461856455,1
7.100020885,-5.455693722,1,-3.089617014,1,-7.418709278,1,-0.143954247,1,0.013119064,1,0.323344916,1,0.414717793,1,-0.49051103,1,0.463194847,1
7.104022503,-5.470478535,1,-3.030442238,1,-7.397257805,1,-0.15816769,1,0.014878003,1,0.333420336,1,0.41345036,1,-0.490989387,1,0.464587778,1
7.108020782,-5.527371883,1,-3.053380489,1,-7.475664616,1,-0.164019331,1,0.018081291,1,0.343026042,1,0.412131608,1,-0.49147433,1,0.466021001,1
7.112020493,-5.299397945,1,-3.178196192,1,-7.541596889,1,-0.167053506,1,0.018935893,1,0.361008704,1,0.410774946,1,-0.49196291,1,0.467511684,1
7.116021633,-5.171456814,1,-3.340278149,1,-7.657028198,1,-0.180416182,1,0.014099152,1,0.379954368,1,0.409342349,1,-0.492489725,1,0.469082654,1
7.120019436,-5.003439903,1,-3.628331184,1,-7.7846632,1,-0.191810459,1,0.011145156,1,0.403379351,1,0.407823145,1,-0.493067056,1,0.470728993,1
7.124019146,-4.970581055,1,-3.657461166,1,-7.910358429,1,-0.218783841,1,-0.007653107,1,0.4296031,1,0.40617159,1,-0.493720621,1,0.47247234,1
7.128020763,-5.180024147,1,-3.168754101,1,-7.926717758,1,-0.228913218,1,-0.025076322,1,0.448068738,1,0.404416531,1,-0.494471759,1,0.47427097,1
7.132018566,-5.421462536,1,-2.921736002,1,-8.03842926,1,-0.232253477,1,-0.037167251,1,0.461208671,1,0.402624875,1,-0.495305866,1,0.476113856,1
7.136018276,-4.911662102,1,-2.881563902,1,-8.246462822,1,-0.228381917,1,-0.063413717,1,0.467262745,1,0.40082103,1,-0.496199965,1,0.4779782,1
7.14002037,-5.030491352,1,-2.766720533,1,-8.289758682,1,-0.234339982,1,-0.098076276,1,0.477898359,1,0.399021238,1,-0.497233689,1,0.479816407,1
7.144017696,-5.025626183,1,-2.807524204,1,-8.391553879,1,-0.233120874,1,-0.127475962,1,0.477420568,1,0.397219121,1,-0.498387933,1,0.481621712,1
7.148017883,-5.23513937,1,-2.367450714,1,-8.5458498,1,-0.226871163,1,-0.15251638,1,0.487328291,1,0.395445704,1,-0.499659091,1,0.483409584,1
7.152019501,-5.045938015,1,-2.502443314,1,-8.656853676,1,-0.213838845,1,-0.191056356,1,0.494256854,1,0.393712848,1,-0.50103277,1,0.485173255,1
7.156017303,-4.818806171,1,-2.813723087,1,-8.719788551,1,-0.211642548,1,-0.234640315,1,0.496139884,1,0.392046481,1,-0.502568126,1,0.486882865,1
7.160017014,-4.819499969,1,-3.435835838,1,-8.826233864,1,-0.25257203,1,-0.297940075,1,0.505928218,1,0.390328765,1,-0.504320383,1,0.48854059,1
7.164018154,-4.857652664,1,-2.786098957,1,-8.87878418,1,-0.280432642,1,-0.352122366,1,0.520822167,1,0.388468921,1,-0.506299078,1,0.490154415,1
7.168016434,-4.838658333,1,-2.666664839,1,-9.141724586,1,-0.260828376,1,-0.412441581,1,0.536418796,1,0.386621475,1,-0.508509517,1,0.491742611,1
7.172015667,-4.663880825,1,-2.887059689,1,-9.361074448,1,-0.248006448,1,-0.482539117,1,0.549435616,1,0.384855092,1,-0.51098001,1,0.493272245,1
7.176016808,-4.683721066,1,-3.105078459,1,-9.541067123,1,-0.257153779,1,-0.574299216,1,0.567513287,1,0.383132279,1,-0.513781369,1,0.494741023,1
7.18001461,-4.8506217,1,-2.989379406,1,-9.609782219,1,-0.245701924,1,-0.685314059,1,0.596637249,1,0.381448001,1,-0.516969562,1,0.496139467,1
7.18401432,-4.75540638,1,-3.212398052,1,-9.702450752,1,-0.245287254,1,-0.783414483,1,0.626169741,1,0.379800946,1,-0.520596266,1,0.497487366,1
7.188015938,-4.672401428,1,-3.448220253,1,-9.824537277,1,-0.274762928,1,-0.8867383,1,0.659081995,1,0.378102541,1,-0.524653733,1,0.498826087,1
7.192014217,-4.320701599,1,-2.907195568,1,-10.03206444,1,-0.273402423,1,-1.016974092,1,0.679534376,1,0.376372844,1,-0.529180765,1,0.500081062,1
7.196013451,-4.67415905,1,-2.468321323,1,-10.43975544,1,-0.241684407,1,-1.124128819,1,0.713970184,1,0.374949843,1,-0.533799171,1,0.50119555,1
7.200015545,-4.473883629,1,-2.996403694,1,-10.44788074,1,-0.253918797,1,-1.24467063,1,0.739741802,1,0.373400688,1,-0.539273918,1,0.502330005,1
7.204012871,-4.435287476,1,-3.530395985,1,-10.39027119,1,-0.32378459,1,-1.371889234,1,0.755852938,1,0.371708095,1,-0.545231402,1,0.503367007,1
7.20801878,-4.467665672,1,-2.616643667,1,-10.32537842,1,-0.357727945,1,-1.523605824,1,0.771784902,1,0.36986649,1,-0.551735401,1,0.504240334,1
7.212020874,-4.77547121,1,-1.564202428,1,-10.42860985,1,-0.307623327,1,-1.683687925,1,0.801199317,1,0.368143797,1,-0.558867335,1,0.504963219,1
7.2160182,-4.949409008,1,-1.998907566,1,-10.61069202,1,-0.247799948,1,-1.803134203,1,0.812092125,1,0.366724581,1,-0.566544712,1,0.50556463,1
7.220018387,-4.385196209,1,-3.403686523,1,-10.71754551,1,-0.278583169,1,-1.93922472,1,0.851941526,1,0.365431994,1,-0.574702263,1,0.506074429,1
7.224020004,-4.822459698,1,-3.707689047,1,-11.37059307,1,-0.389752299,1,-2.082068205,1,0.897951126,1,0.363846511,1,-0.583458304,1,0.506537199,1
7.228017807,-4.039576054,1,-2.663030624,1,-10.82414436,1,-0.452149898,1,-2.238918066,1,0.92618686,1,0.361902297,1,-0.592801213,1,0.506948948,1
7.232017517,-4.036066055,1,-2.218057394,1,-11.01261139,1,-0.42660135,1,-2.446241617,1,0.966898739,1,0.359981686,1,-0.602918208,1,0.507221699,1
7.236019135,-4.442647934,1,-2.355489492,1,-11.22989464,1,-0.383873761,1,-2.623327017,1,1.020910501,1,0.35826534,1,-0.613811851,1,0.50741446,1
7.240016937,-4.342795372,1,-3.783666849,1,-11.51823711,1,-0.39765954,1,-2.815800905,1,1.086469054,1,0.356623471,1,-0.625480652,1,0.507589042,1
7.244016647,-3.810470581,1,-3.7366395,1,-11.93762493,1,-0.437335461,1,-3.055907965,1,1.161057711,1,0.354852319,1,-0.638039052,1,0.507744789,1
7.248017788,-3.421227694,1,-3.695251703,1,-12.56441116,1,-0.484112322,1,-3.329049349,1,1.248995066,1,0.352927327,1,-0.651679039,1,0.50787127,1
7.252016068,-3.576003551,1,-4.214931965,1,-13.29919434,1,-0.512340903,1,-3.611438274,1,1.348531246,1,0.350873053,1,-0.666507483,1,0.50797987,1
7.256015301,-3.42675662,1,-5.577568054,1,-13.45843983,1,-0.564914286,1,-3.904446602,1,1.469747066,1,0.348608047,1,-0.682540953,1,0.50815022,1
7.260016441,-2.950426102,1,-7.233665466,1,-13.44388866,1,-0.652950644,1,-4.249019623,1,1.629088998,1,0.345945716,1,-0.699971616,1,0.50851208,1
7.264014721,-3.041686773,1,-8.739480019,1,-13.71608734,1,-0.733489275,1,-4.598834038,1,1.810225844,1,0.342744201,1,-0.718952715,1,0.509174764,1
7.268013954,-3.947731018,1,-9.750445366,1,-14.22678089,1,-0.804747045,1,-4.953102112,1,2.036743641,1,0.338903546,1,-0.739535868,1,0.510312378,1
7.272016048,-3.260219097,1,-10.77028942,1,-14.10963058,1,-0.880779088,1,-5.276897907,1,2.280184031,1,0.334260046,1,-0.761679053,1,0.512205958,1
7.276013851,-2.973824501,1,-11.34569931,1,-14.13574696,1,-1.024269581,1,-5.711653709,1,2.574753284,1,0.328471959,1,-0.785607457,1,0.515052259,1
7.280013084,-2.618838072,1,-11.88181877,1,-14.52564049,1,-1.166652083,1,-6.134756088,1,2.847771883,1,0.321288645,1,-0.81151849,1,0.518947303,1
7.284015179,-3.638880253,1,-13.53633881,1,-15.160676,1,-1.40151608,1,-6.542170525,1,3.20723629,1,0.312338531,1,-0.83940345,1,0.524221539,1
7.288012981,-3.9144063,1,-14.01223564,1,-14.34293175,1,-1.644160032,1,-6.829992294,1,3.597446918,1,0.30060482,1,-0.868926704,1,0.531638086,1
7.292012691,-3.306484222,1,-15.18158627,1,-15.08542824,1,-1.966938496,1,-7.153661728,1,3.99627471,1,0.285363376,1,-0.900151849,1,0.541909099,1
7.296014309,-4.29441309,1,-13.04306126,1,-16.31244087,1,-2.180240631,1,-7.413043976,1,4.311445713,1,0.266571045,1,-0.93269223,1,0.555155158,1
7.300012112,-9.709867477,1,-10.29201221,1,-16.39750481,1,-2.28550148,1,-7.592601299,1,4.47322607,1,0.244388476,1,-0.966243327,1,0.571371555,1
7.304011822,-16.03116226,1,-6.645554543,1,-17.80679512,1,-2.254769087,1,-7.487791538,1,4.499567509,1,0.219490945,1,-0.999817967,1,0.590348423,1
7.308013439,-16.86714935,1,-5.235268593,1,-17.56752396,1,-2.161104202,1,-7.296190739,1,4.552095413,1,0.191804305,1,-1.032402039,1,0.612511039,1
7.312011242,-18.23571205,1,-6.619533062,1,-16.99544716,1,-2.12358737,1,-7.18550539,1,4.671911716,1,0.160501033,1,-1.064162493,1,0.638744831,1
7.316010475,-21.333004,1,-7.085694313,1,-17.28042412,1,-2.074179411,1,-7.006916523,1,4.668593884,1,0.12500371,1,-1.094941378,1,0.669448912,1
7.320012093,-23.14483261,1,-6.864195824,1,-15.3386116,1,-1.924432635,1,-6.619180679,1,4.628563404,1,0.085604571,1,-1.124004722,1,0.704509854,1
7.324009895,-21.78708458,1,-9.029573441,1,-16.29002571,1,-1.763350129,1,-6.307035923,1,4.65968132,1,0.041622899,1,-1.150976419,1,0.744814694,1
7.328015327,-25.78283691,1,-8.057789803,1,-16.89925003,1,-1.676638365,1,-6.013697147,1,4.608813763,1,-0.00712512,1,-1.175977111,1,0.790442765,1
7.332016945,-23.03485489,1,-9.661235809,1,-15.03770924,1,-1.600923657,1,-5.669970989,1,4.709623337,1,-0.061737277,1,-1.198621511,1,0.842292309,1
7.336014748,-20.84826851,1,-12.59355545,1,-12.9548254,1,-1.831473708,1,-5.544216156,1,4.869862556,1,-0.124378324,1,-1.219220757,1,0.902041495,1
7.340014935,-22.12218475,1,-10.67508507,1,-13.36283779,1,-2.289186716,1,-5.212266922,1,4.776422024,1,-0.196102321,1,-1.237424612,1,0.969373345,1
7.344016552,-18.30471611,1,-9.725667953,1,-9.709402084,1,-2.64823103,1,-4.796329975,1,4.619102478,1,-0.273620069,1,-1.252557039,1,1.040803909,1
7.348014355,-12.36817169,1,-7.151196957,1,-8.047889709,1,-3.139112234,1,-4.29685545,1,4.511371136,1,-0.356654316,1,-1.264191628,1,1.115899324,1
7.352013588,-7.298116684,1,-6.971455097,1,-8.729129791,1,-3.432704449,1,-3.521050453,1,4.124773026,1,-0.44036907,1,-1.271958947,1,1.189758062,1
7.356015682,-12.26673126,1,-6.358139515,1,-11.95662308,1,-3.702715158,1,-3.252260685,1,3.778021097,1,-0.521172225,1,-1.276575327,1,1.25925684,1
7.360013485,-14.25981998,1,-6.182603836,1,-17.00842857,1,-3.528603792,1,-2.601983547,1,3.140944242,1,-0.595340669,1,-1.279187441,1,1.321535349,1
7.364013195,-17.13247108,1,-2.191920757,1,-16.68423462,1,-3.220852137,1,-2.308668613,1,2.730889797,1,-0.659554183,1,-1.280288696,1,1.374438643,1
7.368014336,-26.17095184,1,3.388553143,1,-18.30905151,1,-2.480798721,1,-1.989414811,1,2.347513437,1,-0.715806782,1,-1.280480623,1,1.421069384,1
7.372012615,-21.17698097,1,0.760068119,1,-19.0908165,1,-1.832563758,1,-1.127254367,1,2.141310453,1,-0.760400295,1,-1.279055476,1,1.458781123,1
7.376011848,-8.60123539,1,-5.05149889,1,-17.08977318,1,-1.538414836,1,-0.50283879,1,1.817410827,1,-0.793312788,1,-1.27577436,1,1.4861449,1
7.380013466,-0.905334234,1,-9.055347443,1,-13.7925806,1,-1.339941382,1,-0.150927663,1,1.434053183,1,-0.816716135,1,-1.271948218,1,1.504588485,1
7.384011269,-0.468345702,1,-9.726125717,1,-12.09376907,1,-1.189204693,1,-0.014408821,1,1.230092764,1,-0.83409971,1,-1.268281102,1,1.51751709,1
7.388010502,-4.04487896,1,-9.448740959,1,-12.32084179,1,-1.213382125,1,0.163634613,1,1.176639676,1,-0.848417342,1,-1.264521003,1,1.527532458,1
7.392012119,-5.068935394,1,-9.10682869,1,-12.25459099,1,-1.285968542,1,0.459368914,1,1.095397472,1,-0.859925866,1,-1.260271788,1,1.534360647,1
7.396009922,-3.105950356,1,-9.108117104,1,-11.33201694,1,-1.309747934,1,0.786179543,1,0.94405514,1,-0.867473722,1,-1.255532503,1,1.536812782,1
7.400009632,-0.507577181,1,-8.904548645,1,-10.11548042,1,-1.276485562,1,1.046258688,1,0.763619721,1,-0.870822608,1,-1.250548482,1,1.534876347,1
7.404011726,1.047035694,1,-8.571167946,1,-9.359574318,1,-1.224057674,1,1.264629483,1,0.613798141,1,-0.870550156,1,-1.245467424,1,1.529314518,1
7.408008575,1.944562078,1,-8.141860008,1,-9.070399284,1,-1.184545159,1,1.451633215,1,0.479469687,1,-0.86731106,1,-1.240286946,1,1.520790577,1
7.412008286,2.704406023,1,-7.850859642,1,-8.845090866,1,-1.127366304,1,1.610625029,1,0.344465643,1,-0.86157155,1,-1.235048294,1,1.509820223,1
7.41601038,3.553323269,1,-7.661411762,1,-8.621095657,1,-1.038374782,1,1.753507257,1,0.213161722,1,-0.85349375,1,-1.229782701,1,1.496656299,1
7.420007706,4.274651527,1,-7.68648386,1,-8.310484886,1,-0.926869094,1,1.876287699,1,0.077111863,1,-0.843283892,1,-1.22454679,1,1.481633663,1
7.424007893,5.103408813,1,-7.853188038,1,-7.94178772,1,-0.818519533,1,1.982350826,1,-0.048914187,1,-0.831129611,1,-1.219337702,1,1.464986205,1
7.428009033,5.561754704,1,-8.081832886,1,-7.584224701,1,-0.736218095,1,2.087152958,1,-0.169762611,1,-0.817262948,1,-1.214129567,1,1.446895599,1
7.432006836,5.72538662,1,-8.213717461,1,-7.322414398,1,-0.669061065,1,2.198333263,1,-0.282702476,1,-0.801898241,1,-1.208866954,1,1.427490711,1
7.436006546,5.653859615,1,-8.31895256,1,-7.197575092,1,-0.617145717,1,2.303232193,1,-0.402375311,1,-0.785130858,1,-1.203527689,1,1.406795502,1
7.440007687,5.474681854,1,-8.33995533,1,-7.15449667,1,-0.567984164,1,2.411378384,1,-0.532104373,1,-0.767035604,1,-1.19810915,1,1.384842992,1
7.444005489,5.193595409,1,-8.30800724,1,-7.126033783,1,-0.54268676,1,2.516183138,1,-0.650342584,1,-0.747708678,1,-1.192569971,1,1.361689806,1
7.448010921,4.721133232,1,-8.228027344,1,-7.101979733,1,-0.510035098,1,2.631450891,1,-0.774582624,1,-0.725987256,1,-1.186689734,1,1.335678816,1
7.452012539,3.99487114,1,-8.291369438,1,-7.0922966,1,-0.488473564,1,2.765927315,1,-0.89461422,1,-0.704436302,1,-1.180736184,1,1.310257554,1
7.456010342,3.266272068,1,-8.338263512,1,-7.127262592,1,-0.473813862,1,2.921006203,1,-1.017270327,1,-0.68176651,1,-1.174438477,1,1.283628702,1
7.460010052,2.500944138,1,-8.361797333,1,-7.187559128,1,-0.457117438,1,3.094224453,1,-1.134662747,1,-0.657961428,1,-1.167687535,1,1.255761862,1
7.464011669,1.865161419,1,-8.316328049,1,-7.225151062,1,-0.436865181,1,3.274981499,1,-1.250566959,1,-0.63311857,1,-1.160381794,1,1.226759315,1
7.468009472,1.271428704,1,-8.185339928,1,-7.277200222,1,-0.419537157,1,3.461233854,1,-1.354307652,1,-0.607393026,1,-1.152445912,1,1.196783066,1
7.472009182,0.823909581,1,-7.915361404,1,-7.333902836,1,-0.37986967,1,3.65136075,1,-1.45945096,1,-0.580920696,1,-1.143809676,1,1.166002393,1
7.476010799,0.420299709,1,-7.585165024,1,-7.38682127,1,-0.328244418,1,3.823383093,1,-1.564083695,1,-0.55380702,1,-1.134450078,1,1.134585261,1
7.480008602,0.086322248,1,-7.198339462,1,-7.386970043,1,-0.248616546,1,3.993308067,1,-1.667233467,1,-0.526221991,1,-1.124365568,1,1.102800012,1
7.484007835,-0.243427381,1,-6.891847134,1,-7.40880394,1,-0.149579108,1,4.141510963,1,-1.767502427,1,-0.498273432,1,-1.113545656,1,1.070839167,1
7.488009453,-0.661519229,1,-6.161014557,1,-8.871472359,1,-0.057321928,1,4.342480183,1,-1.923205733,1,-0.469907224,1,-1.101971984,1,1.038691401,1
7.492006779,-0.476442188,1,-5.54656744,1,-7.2109375,1,0.134853944,1,4.447387695,1,-1.980495095,1,-0.440831959,1,-1.08959043,1,1.006221294,1
7.496006489,-1.092251301,1,-5.673643112,1,-7.022218227,1,0.322127581,1,4.473617554,1,-2.050646067,1,-0.412182242,1,-1.076687574,1,0.974824727,1
7.500008583,-2.601718664,1,-5.937149525,1,-7.610101223,1,0.482880771,1,4.640946865,1,-2.132689476,1,-0.383587778,1,-1.063132167,1,0.944063544,1
7.504005909,-3.107794523,1,-6.316397667,1,-7.498929977,1,0.584558785,1,4.778766155,1,-2.231486797,1,-0.355047554,1,-1.048707604,1,0.913739741,1
7.508006096,-3.253008366,1,-6.259156227,1,-7.423348904,1,0.710016549,1,4.895135403,1,-2.336486578,1,-0.326703787,1,-1.033519387,1,0.883895397,1
7.512007713,-3.666561604,1,-6.251451015,1,-7.30264616,1,0.821595132,1,4.981081009,1,-2.43387723,1,-0.298647344,1,-1.017651558,1,0.854667783,1
7.516005516,-4.126966476,1,-6.47065258,1,-7.325759888,1,0.907120109,1,5.074396133,1,-2.511194229,1,-0.271093339,1,-1.001118183,1,0.826217234,1
7.520004749,-4.537558556,1,-6.644268513,1,-7.328800678,1,0.964358091,1,5.154703617,1,-2.598579168,1,-0.244204432,1,-0.98393178,1,0.798586845,1
7.52400589,-4.95965147,1,-6.622212887,1,-7.412647724,1,1.011269808,1,5.226559639,1,-2.691962719,1,-0.218037695,1,-0.966137052,1,0.771756649,1
7.528003693,-5.38779974,1,-6.604361534,1,-7.411458015,1,1.057850003,1,5.288153172,1,-2.778064013,1,-0.192600176,1,-0.947779775,1,0.745708346,1
7.532003403,-5.822142601,1,-6.46290493,1,-7.449164867,1,1.103926063,1,5.346735954,1,-2.871949911,1,-0.167897582,1,-0.928875744,1,0.720450759,1
7.536004543,-6.133244038,1,-6.306351185,1,-7.491493225,1,1.144241333,1,5.393640995,1,-2.955961466,1,-0.143941164,1,-0.909457564,1,0.695973039,1
7.540002346,-6.361611366,1,-6.13647604,1,-7.458931446,1,1.185038447,1,5.435142517,1,-3.034599304,1,-0.120729461,1,-0.889562488,1,0.672285914,1
7.544002533,-6.500577927,1,-5.91425848,1,-7.49187994,1,1.233379841,1,5.458400249,1,-3.108779192,1,-0.0982676,1,-0.869237304,1,0.649403334,1
7.54800415,-6.687981606,1,-5.785281181,1,-7.563199997,1,1.287316918,1,5.473451138,1,-3.170773983,1,-0.076531626,1,-0.848544478,1,0.627335548,1
7.552001953,-7.019154549,1,-5.717114449,1,-7.564023495,1,1.342105031,1,5.492890358,1,-3.227166891,1,-0.055473164,1,-0.827497959,1,0.60608232,1
7.556001663,-7.411841869,1,-5.676188469,1,-7.618571758,1,1.415882111,1,5.49491787,1,-3.270068407,1,-0.035072926,1,-0.806134701,1,0.585660219,1
7.560003757,-7.742943764,1,-5.599168777,1,-7.674492359,1,1.477101564,1,5.50092411,1,-3.311343908,1,-0.015307344,1,-0.784473181,1,0.566075861,1
7.564001083,-7.943825245,1,-5.576357841,1,-7.755083561,1,1.553774357,1,5.497331142,1,-3.34922123,1,0.003892205,1,-0.762540638,1,0.547272444,1
7.568000317,-8.157237053,1,-5.717344761,1,-7.84252739,1,1.616489768,1,5.487612247,1,-3.377584934,1,0.022538662,1,-0.740388036,1,0.529245853,1
7.572008133,-8.326295853,1,-5.83438015,1,-7.943147182,1,1.679844737,1,5.46482563,1,-3.405689478,1,0.04063917,1,-0.718069315,1,0.511985421,1
7.576011658,-8.519135475,1,-6.099028587,1,-8.120774269,1,1.738356709,1,5.432618618,1,-3.414874792,1,0.05820293,1,-0.695616722,1,0.495477438,1
7.580011368,-8.898659706,1,-6.292235374,1,-8.403419495,1,1.792549014,1,5.39899683,1,-3.433423042,1,0.075239129,1,-0.673090577,1,0.479700059,1
7.584013462,-9.36166954,1,-6.512282372,1,-8.689005852,1,1.843740344,1,5.364196301,1,-3.439459085,1,0.091782957,1,-0.650489867,1,0.464618146,1
7.588010788,-9.916002274,1,-6.703597069,1,-9.008918762,1,1.892334938,1,5.338121891,1,-3.463671684,1,0.107883222,1,-0.627821684,1,0.450161099,1
7.592010975,-10.57526112,1,-6.876642704,1,-9.362821579,1,1.936651945,1,5.324319363,1,-3.490446329,1,0.123582132,1,-0.605045557,1,0.4362607,1
7.596012592,-11.22707176,1,-7.044134617,1,-9.763255119,1,1.985472202,1,5.311208248,1,-3.53587842,1,0.138954848,1,-0.582118213,1,0.422812223,1
7.600010395,-11.68987846,1,-7.140878677,1,-10.15468311,1,2.023338795,1,5.323825836,1,-3.599700212,1,0.154038489,1,-0.55898869,1,0.40973115,1
7.604010105,-12.04184628,1,-7.274173737,1,-10.48858929,1,2.075948238,1,5.335133553,1,-3.665722847,1,0.168885216,1,-0.535603344,1,0.396948218,1
7.608011723,-12.32188416,1,-7.441531181,1,-10.69102383,1,2.129622221,1,5.33339119,1,-3.732167244,1,0.183545262,1,-0.512003541,1,0.384451032,1
7.612009525,-12.74271202,1,-7.486483097,1,-11.27114201,1,2.194032669,1,5.338507175,1,-3.815422773,1,0.198085561,1,-0.488193423,1,0.372170687,1
7.616009235,-13.09345818,1,-7.667469025,1,-11.78079319,1,2.259297609,1,5.338209152,1,-3.897539854,1,0.212539166,1,-0.464146733,1,0.360082567,1
7.620010853,-13.54620266,1,-7.804932594,1,-12.28879642,1,2.338483095,1,5.341044903,1,-3.991208315,1,0.226951793,1,-0.439849257,1,0.348129749,1
7.624008179,-13.91954994,1,-7.856345177,1,-12.87250996,1,2.417520285,1,5.327093601,1,-4.086174011,1,0.241361603,1,-0.41535762,1,0.336305261,1
7.628007412,-14.36083698,1,-7.808236599,1,-13.51919556,1,2.51299119,1,5.297941685,1,-4.178664207,1,0.255822003,1,-0.390691519,1,0.324564666,1
7.632009029,-15.03197193,1,-7.622738838,1,-14.09527779,1,2.61799264,1,5.256116867,1,-4.276248932,1,0.270381331,1,-0.365907669,1,0.31289649,1
7.636006832,-15.86906338,1,-7.303238392,1,-14.56968975,1,2.74549222,1,5.211576462,1,-4.373595238,1,0.28511706,1,-0.341029167,1,0.30127722,1
7.640006542,-16.9245739,1,-6.922558308,1,-14.90292263,1,2.896575689,1,5.161057472,1,-4.475244045,1,0.300133437,1,-0.316056997,1,0.289699078,1
7.644008636,-17.94561577,1,-6.437228203,1,-15.05277634,1,3.067414522,1,5.108326912,1,-4.570475578,1,0.315501958,1,-0.290998638,1,0.278152645,1
7.648005962,-18.9674511,1,-6.052287579,1,-15.01538372,1,3.240395069,1,5.041012764,1,-4.669239044,1,0.331284642,1,-0.265877396,1,0.266641289,1
7.652005196,-20.13856316,1,-5.819590569,1,-14.95759487,1,3.419358492,1,4.96608305,1,-4.754354477,1,0.347483128,1,-0.240734443,1,0.255151808,1
7.65600729,-21.17596817,1,-5.771319866,1,-14.7375021,1,3.578096151,1,4.874688625,1,-4.829480648,1,0.36406523,1,-0.21561487,1,0.243743017,1
7.660005093,-22.32092476,1,-4.652200222,1,-13.75010014,1,3.721839666,1,4.781298161,1,-4.905875683,1,0.380952239,1,-0.190546811,1,0.232415229,1
7.664004326,-20.23236084,1,3.407174826,1,-14.79705334,1,3.935983181,1,4.508294106,1,-5.101986408,1,0.398269951,1,-0.165681347,1,0.220822573,1
7.668005943,-18.89680481,1,4.674535751,1,-15.08689022,1,4.243257523,1,4.169692993,1,-5.257098198,1,0.416514128,1,-0.141574517,1,0.20849891,1
7.672003746,-21.28803825,1,3.216709614,1,-13.0799818,1,4.597415924,1,4.008867741,1,-5.32831955,1,0.435816586,1,-0.117934227,1,0.195845544,1
7.676003456,-24.10004044,1,2.806339741,1,-12.17811012,1,4.892934799,1,3.806922674,1,-5.278689861,1,0.456177294,1,-0.094664231,1,0.183358386,1
7.680005074,-25.52082443,1,1.140147567,1,-10.92541599,1,5.000959873,1,3.583409548,1,-5.130574226,1,0.477017373,1,-0.072090618,1,0.171349481,1
7.684002876,-27.73817253,1,-0.196754739,1,-9.229369164,1,4.931040287,1,3.381014824,1,-4.927674294,1,0.49761644,1,-0.050364356,1,0.160051852,1
7.688002586,-29.5287571,1,-1.743739367,1,-7.310882092,1,4.680541515,1,3.222956419,1,-4.681877136,1,0.517303824,1,-0.029472182,1,0.149645984,1
7.692010403,-29.89295197,1,-2.064460516,1,-5.59825325,1,4.281534672,1,3.03311348,1,-4.423418999,1,0.53544879,1,-0.009502114,1,0.140181899,1
7.696014404,-29.22294426,1,-1.361298084,1,-4.042919636,1,3.785503626,1,2.785723448,1,-4.149088383,1,0.552217245,1,0.009691483,1,0.13288714,1
7.700014114,-28.64430046,1,0.389304876,1,-2.700626612,1,3.266949177,1,2.490107059,1,-3.852237463,1,0.566192567,1,0.027137311,1,0.124930359,1
7.704015732,-28.12801743,1,3.184494972,1,-1.487090707,1,2.812141657,1,2.156537294,1,-3.572849274,1,0.578059435,1,0.042991389,1,0.117480114,1
7.708013058,-28.36134911,1,6.105644226,1,-0.468313575,1,2.451751947,1,1.814036489,1,-3.290519238,1,0.588206887,1,0.057167351,1,0.110382728,1
7.712012768,-29.37994194,1,8.349257469,1,0.474427462,1,2.211581469,1,1.485824823,1,-3.00545311,1,0.597078562,1,0.069666207,1,0.103608243,1
7.716013908,-30.95707703,1,10.14283276,1,1.344743848,1,2.074223042,1,1.19095695,1,-2.712804079,1,0.605152786,1,0.080542736,1,0.097185649,1
7.720011711,-32.68644333,1,12.04801273,1,2.024134159,1,2.039350986,1,0.925176919,1,-2.416420698,1,0.61284405,1,0.089882135,1,0.091161393,1
7.724011421,-33.64118576,1,13.98524857,1,2.643650293,1,2.061882496,1,0.685325325,1,-2.130946875,1,0.620510995,1,0.097764537,1,0.085581109,1
7.728013515,-34.22013474,1,14.98308849,1,3.247379303,1,2.115721703,1,0.453993708,1,-1.855766535,1,0.628352523,1,0.10426569,1,0.080417953,1
7.732010841,-34.08415222,1,14.73385715,1,3.969567537,1,2.125284433,1,0.258635223,1,-1.601617575,1,0.63635093,1,0.109493122,1,0.075654097,1
7.736010551,-32.995121,1,12.76666069,1,4.694772243,1,1.980402708,1,0.067600772,1,-1.311802864,1,0.644111991,1,0.113512658,1,0.071340531,1
7.740012646,-31.49337578,1,9.493058205,1,5.456913471,1,1.652899742,1,-0.164383531,1,-0.985511661,1,0.650989413,1,0.11613287,1,0.067531243,1
7.744010448,-29.72855186,1,6.087241173,1,5.922327042,1,1.118192434,1,-0.42144385,1,-0.598987162,1,0.656208515,1,0.117142446,1,0.064280093,1
7.748010159,-27.93369675,1,3.599567652,1,5.922762394,1,0.451918811,1,-0.715805292,1,-0.204562739,1,0.65905422,1,0.116339564,1,0.061595839,1
7.752011299,-26.80024719,1,2.427221775,1,5.543715,1,-0.254249245,1,-0.998206139,1,0.189940721,1,0.659191847,1,0.113643005,1,0.05946159,1
7.756009102,-25.79139328,1,2.732926369,1,4.334506512,1,-0.882240593,1,-1.283782244,1,0.522559941,1,0.656700194,1,0.109151177,1,0.057806809,1
7.760008335,-25.36511993,1,3.14790988,1,3.132815123,1,-1.361775517,1,-1.525666595,1,0.795755446,1,0.652032495,1,0.103079624,1,0.056474824,1
7.764010429,-4.845842361,1,-17.76822472,1,-6.509055138,1,-2.640789747,1,-1.884729743,1,1.168778062,1,0.644595504,1,0.095391892,1,0.055477191,1
7.768008709,-16.35546112,1,-9.052727699,1,-1.791342735,1,-4.301795006,1,-2.982436419,1,1.592438102,1,0.62973386,1,0.084435798,1,0.054101083,1
7.772007942,-14.95911121,1,3.656683683,1,-4.348006725,1,-4.169896126,1,-2.878546,1,1.8805691,1,0.612803817,1,0.070236616,1,0.052944001,1
7.77600956,12.86839676,1,-6.318274975,1,-11.15764236,1,-4.379309177,1,-2.643166542,1,1.494766593,1,0.595629096,1,0.057590514,1,0.052313495,1
7.780007362,8.263959885,1,-9.150644302,1,-16.10874367,1,-4.277217865,1,-3.017393827,1,1.480777144,1,0.57815069,1,0.044881288,1,0.050963946,1
7.784006596,3.849041224,1,-9.758719444,1,-21.17041969,1,-4.009531498,1,-2.744271994,1,1.339701414,1,0.561546028,1,0.031953216,1,0.049483299,1
7.788008213,13.22368145,1,-9.635558128,1,-20.89005089,1,-3.794950008,1,-2.772300005,1,1.350894451,1,0.545912504,1,0.019990297,1,0.048281595,1
7.792006016,13.60650826,1,-7.500464439,1,-15.83961868,1,-3.699842691,1,-3.246658564,1,1.422364712,1,0.531086504,1,0.006756092,1,0.046872739,1
7.796005726,8.153610229,1,-1.583780646,1,-11.64120102,1,-3.80069828,1,-3.810204983,1,1.504166842,1,0.515995264,1,-0.008328415,1,0.044845164,1
7.80000782,9.104330063,1,6.433691978,1,-9.427272797,1,-3.690349579,1,-4.499301434,1,1.873727441,1,0.501024842,1,-0.026085464,1,0.042615425,1
7.804004669,7.904917717,1,16.57095528,1,-13.21760178,1,-3.062167168,1,-5.38796711,1,2.423659801,1,0.487398237,1,-0.047513902,1,0.040779438,1
7.808004379,-6.728121281,1,15.97453213,1,-17.50519943,1,-2.56814146,1,-5.930989742,1,2.590754032,1,0.476376802,1,-0.07239759,1,0.039342668,1
7.812012196,-18.03666878,1,15.74509144,1,-21.78358841,1,-2.157251596,1,-5.70053196,1,2.438080788,1,0.46710515,1,-0.097886644,1,0.037610788,1
7.81601572,-20.41969299,1,16.57149506,1,-21.94064713,1,-1.80798161,1,-5.228075027,1,2.586225271,1,0.459284782,1,-0.121870041,1,0.036782462,1
7.820016861,-24.83422661,1,13.50291729,1,-23.85829735,1,-1.451013088,1,-4.698596001,1,2.669058084,1,0.452655494,1,-0.144402668,1,0.037504233,1
7.824018002,-23.63148499,1,11.10206223,1,-21.13289642,1,-1.067186713,1,-4.095793247,1,2.687413454,1,0.447297305,1,-0.164910421,1,0.039537977,1
7.828016281,-18.73012352,1,7.692610741,1,-18.71915817,1,-0.695598125,1,-3.69092226,1,2.661201715,1,0.443379223,1,-0.183491632,1,0.042559978,1
7.832015514,-18.02477646,1,3.471118689,1,-14.76848888,1,-0.540334225,1,-3.433437586,1,2.623425007,1,0.440208107,1,-0.200944588,1,0.046109188,1
7.836017132,-16.87789154,1,-4.717921257,1,-12.76009846,1,-0.496668041,1,-3.196863174,1,2.46952486,1,0.437428594,1,-0.217215911,1,0.049790703,1
7.840015411,-17.61671448,1,-9.83493042,1,-10.59568501,1,-0.623746634,1,-3.002517939,1,2.297016144,1,0.434451401,1,-0.232511118,1,0.053295296,1
7.844015121,-17.49765015,1,-13.98498154,1,-7.913934708,1,-0.829885244,1,-2.794052601,1,1.971300244,1,0.430827022,1,-0.246652201,1,0.056313135,1
7.848016739,-16.20253181,1,-15.74951363,1,-5.782465935,1,-1.082297564,1,-2.628114462,1,1.668124795,1,0.426482916,1,-0.259508908,1,0.058458712,1
7.852014542,-14.17249775,1,-14.8715477,1,-4.405478001,1,-1.414031863,1,-2.487593412,1,1.416889071,1,0.421076685,1,-0.271338433,1,0.05992002,1
7.856014252,-9.769980431,1,-11.82318497,1,-4.723732471,1,-1.689094067,1,-2.387360811,1,1.273420691,1,0.414608955,1,-0.282388359,1,0.06087577,1
7.860016346,-9.892447472,1,-7.265927792,1,-7.056511879,1,-1.942782402,1,-2.284353495,1,1.274675846,1,0.407079577,1,-0.293028653,1,0.061836056,1
7.864013672,-9.247512817,1,-2.761222839,1,-9.686078072,1,-2.078619242,1,-2.062744379,1,1.260846734,1,0.398608744,1,-0.303020746,1,0.063147098,1
7.868012905,-9.723445892,1,0.35464716,1,-11.159585,1,-2.033143997,1,-1.810632944,1,1.285133481,1,0.389838398,1,-0.312143594,1,0.064927205,1
7.872014999,-13.33310413,1,2.066706896,1,-12.06135368,1,-2.032563925,1,-1.428500533,1,1.325488091,1,0.38090843,1,-0.32014811,1,0.067463368,1
7.876012325,-13.04119015,1,3.695066214,1,-12.66040993,1,-1.858193994,1,-1.079373479,1,1.336386442,1,0.372064412,1,-0.326759696,1,0.070759475,1
7.880011559,-13.0158186,1,1.475259185,1,-12.00452042,1,-1.65510726,1,-0.727666676,1,1.144622445,1,0.363800645,1,-0.331930488,1,0.074313059,1
7.884013653,-11.09564495,1,-0.403559506,1,-11.04262543,1,-1.465444803,1,-0.496028692,1,0.927815378,1,0.356602967,1,-0.335671365,1,0.077520303,1
7.888011456,-11.84260559,1,-1.964308262,1,-10.91669846,1,-1.286477208,1,-0.31419453,1,0.636594951,1,0.350220978,1,-0.33826077,1,0.080042183,1
7.892011166,-9.131233215,1,-1.379904151,1,-10.37774944,1,-1.068437219,1,-0.23362352,1,0.451585114,1,0.3449651,1,-0.340021551,1,0.081809409,1
7.896012783,-7.179664135,1,-1.367729902,1,-10.85272121,1,-0.96406126,1,-0.143363863,1,0.324985206,1,0.340477437,1,-0.341248721,1,0.083062842,1
7.900010586,-4.960500717,1,0.313795924,1,-10.57596493,1,-0.867748499,1,-0.118705466,1,0.360937744,1,0.336428076,1,-0.342156887,1,0.08424183,1
7.904010296,-4.764713287,1,-0.00858899,1,-10.41937256,1,-0.785129368,1,-0.15445286,1,0.399721175,1,0.332664251,1,-0.343198836,1,0.085587814,1
7.908011436,-5.930460453,1,-1.674840212,1,-9.769822121,1,-0.678594708,1,-0.136984125,1,0.369583488,1,0.329288602,1,-0.344246864,1,0.08693096,1
7.912009239,-6.086171627,1,-2.461894751,1,-8.822272301,1,-0.623203814,1,-0.143622756,1,0.328282535,1,0.326285183,1,-0.345227361,1,0.088143654,1
7.916008949,-5.719298363,1,-2.995733976,1,-8.543930054,1,-0.590389252,1,-0.142471924,1,0.293721348,1,0.32351163,1,-0.346158445,1,0.089193165,1
7.92001009,-5.682727814,1,-2.667018414,1,-8.796855927,1,-0.563974798,1,-0.12054199,1,0.277631551,1,0.32086578,1,-0.347025543,1,0.090154476,1
7.924008369,-5.548263073,1,-2.244037151,1,-8.852657318,1,-0.536875606,1,-0.096108459,1,0.280748516,1,0.318316102,1,-0.347785205,1,0.09114138,1
7.928007603,-5.800951481,1,-1.895320058,1,-8.847640991,1,-0.500209391,1,-0.071944229,1,0.261186481,1,0.315903962,1,-0.348446339,1,0.09213268,1
7.932015419,-5.355740547,1,-1.349652648,1,-8.846920967,1,-0.450936794,1,-0.084523156,1,0.225209415,1,0.313686669,1,-0.349048197,1,0.093012147,1
7.936019421,-5.455052376,1,-0.58285439,1,-9.169792175,1,-0.389425218,1,-0.073827952,1,0.189514205,1,0.311742187,1,-0.349607348,1,0.093755104,1
7.940019131,-5.638355732,1,0.067284435,1,-9.283121109,1,-0.307263464,1,-0.051647097,1,0.161097556,1,0.310121596,1,-0.350048959,1,0.094380006,1
7.944021225,-5.108673573,1,-0.169367835,1,-9.344650269,1,-0.234364107,1,-0.065143339,1,0.12992312,1,0.308858871,1,-0.350438535,1,0.094893798,1
7.948018551,-4.775413036,1,-0.991546392,1,-9.433838844,1,-0.173546404,1,-0.076992288,1,0.105154678,1,0.307446539,1,-0.34909004,1,0.099862628,1
7.952018261,-4.146435261,1,-2.086832285,1,-9.347105026,1,-0.12691173,1,-0.117463596,1,0.093870521,1,0.306761771,1,-0.349573314,1,0.100134104,1
7.956020355,-4.028710365,1,-2.982803822,1,-9.154911041,1,-0.112940334,1,-0.153187692,1,0.117101371,1,0.306192994,1,-0.350213766,1,0.100390509,1
7.960018158,-4.199003696,1,-3.437418699,1,-9.049865723,1,-0.118383914,1,-0.192681298,1,0.145469666,1,0.305627286,1,-0.351034045,1,0.100693084,1
7.964016914,-4.298190594,1,-3.43881917,1,-8.926870346,1,-0.119256474,1,-0.233016953,1,0.170476139,1,0.305019498,1,-0.352039039,1,0.101058111,1
7.968018532,-4.300492287,1,-2.972798347,1,-9.017558098,1,-0.126610622,1,-0.257200032,1,0.1945353,1,0.30438447,1,-0.35318625,1,0.101479173,1
7.972016335,-4.210746765,1,-2.256318331,1,-8.931904793,1,-0.120349802,1,-0.28727302,1,0.205449238,1,0.303721964,1,-0.354466259,1,0.101956978,1
7.976016045,-4.482858181,1,-1.597850323,1,-8.88783741,1,-0.110979661,1,-0.30874005,1,0.212489203,1,0.303089142,1,-0.355858326,1,0.102435417,1
7.980017662,-4.700775146,1,-1.089920044,1,-8.801965714,1,-0.085160628,1,-0.316631228,1,0.204474151,1,0.302535415,1,-0.357306123,1,0.102902912,1
7.984015465,-4.778020382,1,-0.933425546,1,-8.793936729,1,-0.050737545,1,-0.324534744,1,0.187151924,1,0.302125245,1,-0.358768106,1,0.103295684,1
7.988015175,-4.762037754,1,-1.025317669,1,-8.846138954,1,-0.016958609,1,-0.332745641,1,0.166964799,1,0.301885992,1,-0.360236496,1,0.103599712,1
7.992016792,-4.515339851,1,-1.504412055,1,-8.786941528,1,0.010068685,1,-0.345866323,1,0.152217031,1,0.301814049,1,-0.361724496,1,0.103816591,1
7.996014595,-4.421999454,1,-1.769987941,1,-8.808620453,1,0.035716549,1,-0.366001278,1,0.137656838,1,0.301852018,1,-0.363255203,1,0.103963099,1
8.000013351,-4.406284809,1,-1.824154377,1,-8.798433304,1,0.056660622,1,-0.389393747,1,0.12323337,1,0.302026063,1,-0.364860415,1,0.10401278,1
8.004014969,-4.56014061,1,-1.445056319,1,-8.865335464,1,0.091058359,1,-0.412385494,1,0.107241906,1,0.302335918,1,-0.366536081,1,0.103969201,1
8.008012772,-4.72463131,1,-0.940483868,1,-8.834290504,1,0.135823533,1,-0.426063865,1,0.083438754,1,0.302844048,1,-0.368258417,1,0.103820927,1
8.012012482,-4.737920284,1,-0.880952716,1,-8.80939579,1,0.176399514,1,-0.436790258,1,0.053521208,1,0.303562969,1,-0.369992733,1,0.103553995,1
8.016014099,-4.686224461,1,-1.375727773,1,-8.732068062,1,0.211754248,1,-0.448546231,1,0.036484838,1,0.304471672,1,-0.371739745,1,0.103171699,1
8.020011902,-4.609252453,1,-2.107618332,1,-8.585231781,1,0.227267146,1,-0.455548882,1,0.01102793,1,0.305526108,1,-0.373487771,1,0.102681488,1
8.024011612,-4.656846523,1,-2.865704536,1,-8.305233002,1,0.217506126,1,-0.460244268,1,0.007209526,1,0.306621253,1,-0.375241131,1,0.102133974,1
8.028012276,-4.78443718,1,-3.446334124,1,-8.085348129,1,0.197341263,1,-0.449239492,1,0.027776921,1,0.307639539,1,-0.376996249,1,0.101624765,1
8.032010078,-4.802223682,1,-4.005073071,1,-7.76399374,1,0.158869147,1,-0.442272276,1,0.049956433,1,0.308510661,1,-0.378747225,1,0.101200782,1
8.036009789,-4.955364704,1,-4.328593254,1,-7.558570385,1,0.113651291,1,-0.420466781,1,0.085927419,1,0.309162229,1,-0.380485564,1,0.100912534,1
8.040011406,-4.971050262,1,-4.597562313,1,-7.471290588,1,0.063437708,1,-0.390290856,1,0.125645757,1,0.309556305,1,-0.382160813,1,0.100814551,1
8.044009209,-4.967130184,1,-4.691803455,1,-7.30188179,1,0.009727508,1,-0.367611349,1,0.160772219,1,0.30966112,1,-0.383789033,1,0.10090217,1
8.048008919,-5.125689983,1,-4.557118893,1,-7.3101964,1,-0.036982402,1,-0.339289814,1,0.18789126,1,0.309511334,1,-0.385345459,1,0.101155885,1
8.052016258,-5.118008614,1,-4.267437935,1,-7.286979198,1,-0.083412774,1,-0.30798018,1,0.222197607,1,0.309102714,1,-0.386833191,1,0.101580232,1
8.056019783,-5.078906059,1,-3.850833416,1,-7.502743721,1,-0.114398375,1,-0.277240545,1,0.241518259,1,0.308484614,1,-0.388229907,1,0.102147929,1
8.060019493,-4.884784698,1,-3.829594135,1,-7.726345062,1,-0.157269925,1,-0.255362242,1,0.265699416,1,0.307676107,1,-0.389551044,1,0.102857023,1
8.064021111,-4.85887146,1,-3.196460485,1,-7.868262768,1,-0.178902119,1,-0.241735935,1,0.28552705,1,0.306681871,1,-0.390823305,1,0.103675157,1
8.068018913,-4.844647884,1,-2.733382463,1,-8.036622047,1,-0.18382223,1,-0.228921279,1,0.298024088,1,0.305606246,1,-0.392073929,1,0.104573213,1
8.072018623,-4.785040855,1,-2.376749754,1,-8.147967339,1,-0.173218831,1,-0.228375569,1,0.310797513,1,0.304527104,1,-0.393306136,1,0.105537929,1
8.076020241,-4.717336655,1,-2.101174116,1,-8.295066833,1,-0.167640403,1,-0.224077433,1,0.314552814,1,0.303457439,1,-0.394536316,1,0.10653349,1
8.080018044,-4.645254135,1,-2.011137486,1,-8.358180046,1,-0.144271314,1,-0.224985987,1,0.305692792,1,0.302460194,1,-0.395768583,1,0.10752634,1
8.084017754,-4.604048729,1,-2.051144838,1,-8.330048561,1,-0.125443593,1,-0.228694201,1,0.306798488,1,0.301538199,1,-0.396993637,1,0.10850285,1
8.088019371,-4.594477654,1,-2.34790802,1,-8.28121376,1,-0.118115522,1,-0.231834337,1,0.306757122,1,0.30067873,1,-0.398238689,1,0.109473899,1
8.092017174,-4.743937492,1,-2.28035593,1,-8.200408936,1,-0.10919752,1,-0.229989603,1,0.300726384,1,0.299852908,1,-0.399479598,1,0.110420458,1
8.09601593,-4.782249928,1,-2.240356684,1,-8.188043594,1,-0.098822154,1,-0.236002937,1,0.300808698,1,0.299062788,1,-0.400729209,1,0.111373045,1
8.100018501,-4.807918549,1,-2.179583549,1,-8.133329391,1,-0.109050386,1,-0.229250118,1,0.29261452,1,0.298280597,1,-0.40196529,1,0.112319186,1
8.104016304,-5.512565136,1,-2.406070471,1,-8.101315498,1,-0.131639108,1,-0.138072997,1,0.272886038,1,0.29744935,1,-0.40304926,1,0.113267735,1
8.108016014,-4.397964478,1,-1.224886417,1,-7.93985796,1,-0.030281711,1,-0.234197199,1,0.307590276,1,0.2968027,1,-0.404135972,1,0.114204697,1
8.112016678,-5.30202198,1,-1.552777529,1,-8.47151947,1,-0.05929688,1,-0.213510275,1,0.276763976,1,0.296240926,1,-0.405324787,1,0.115145452,1
8.116014481,-4.964138031,1,-1.805649519,1,-7.71301651,1,-0.033188004,1,-0.218402013,1,0.27793172,1,0.295686841,1,-0.406471789,1,0.116023943,1
8.120014191,-5.305476665,1,-3.06927824,1,-7.863526821,1,-0.04559505,1,-0.187930077,1,0.275804073,1,0.295212924,1,-0.407570601,1,0.116915368,1
8.124015808,-4.891768456,1,-2.696570158,1,-7.706793785,1,-0.068450622,1,-0.18819733,1,0.27844727,1,0.294617206,1,-0.408598632,1,0.117842473,1
8.128013611,-5.123521805,1,-2.322096348,1,-7.831969738,1,-0.099014618,1,-0.179931521,1,0.274050117,1,0.293910742,1,-0.409626573,1,0.118763626,1
8.132013321,-5.33665514,1,-2.325570822,1,-7.67373991,1,-0.111486368,1,-0.165871441,1,0.275084108,1,0.29312712,1,-0.410598606,1,0.119684391,1
8.136013985,-5.273035049,1,-2.566328049,1,-7.629280567,1,-0.124500848,1,-0.147738293,1,0.281247377,1,0.292274475,1,-0.411520213,1,0.12065509,1
8.140011787,-5.612061977,1,-2.658517838,1,-7.529047489,1,-0.151334584,1,-0.111678764,1,0.299446404,1,0.29130137,1,-0.412364453,1,0.121695615,1
8.144011497,-4.992453098,1,-2.499498129,1,-7.782001972,1,-0.151674062,1,-0.12371096,1,0.282788992,1,0.29027316,1,-0.413129747,1,0.122755617,1
8.148013115,-5.31291008,1,-2.736548901,1,-7.681886196,1,-0.189168245,1,-0.112640567,1,0.291495055,1,0.289171517,1,-0.413913131,1,0.12381646,1
8.152010918,-5.215044498,1,-2.563171148,1,-7.609537125,1,-0.208584845,1,-0.093873084,1,0.292028517,1,0.287943244,1,-0.414632648,1,0.124899626,1
8.156010628,-5.501339436,1,-2.23483181,1,-7.75906992,1,-0.209588811,1,-0.071120813,1,0.304080248,1,0.286639631,1,-0.415291727,1,0.126048401,1
8.160012245,-5.038177967,1,-1.949574471,1,-7.847469807,1,-0.204321787,1,-0.053275067,1,0.302655905,1,0.285314977,1,-0.415867358,1,0.127252072,1
8.164010048,-5.171544075,1,-1.949220181,1,-7.950561523,1,-0.202789962,1,-0.063684329,1,0.296618491,1,0.284023434,1,-0.416428,1,0.128437683,1
8.168009758,-5.090353012,1,-1.823600173,1,-7.947139263,1,-0.20481132,1,-0.051437568,1,0.290978998,1,0.282745421,1,-0.416967094,1,0.12959753,1
8.172017097,-5.069039345,1,-1.871177316,1,-8.042099953,1,-0.193951547,1,-0.043371599,1,0.289081812,1,0.281483591,1,-0.4174698,1,0.130754516,1
8.176020622,-5.053951263,1,-1.878714085,1,-8.034885406,1,-0.188248038,1,-0.043375503,1,0.283446372,1,0.280253261,1,-0.417952567,1,0.131900281,1
8.180020332,-4.952174664,1,-2.036105394,1,-8.072361946,1,-0.185806349,1,-0.050049298,1,0.277018666,1,0.279057026,1,-0.418438852,1,0.133015752,1
8.18402195,-5.011009693,1,-2.163258314,1,-8.088568687,1,-0.198015139,1,-0.050871182,1,0.282890111,1,0.2778382,1,-0.418934435,1,0.134142324,1
8.188019753,-4.869368553,1,-2.060069323,1,-8.154060364,1,-0.190308124,1,-0.055983804,1,0.290687829,1,0.276593387,1,-0.419443369,1,0.13529101,1
8.192019463,-4.750040531,1,-2.122386932,1,-8.310730934,1,-0.180786535,1,-0.066103794,1,0.297789842,1,0.275382519,1,-0.419995099,1,0.136462376,1
8.19602108,-4.799018383,1,-2.166194677,1,-8.426373482,1,-0.174007863,1,-0.086367197,1,0.310376078,1,0.268959552,1,-0.450778663,1,0.116579399,1
8.200018883,-4.795265198,1,-2.12582016,1,-8.562964439,1,-0.169424042,1,-0.101698838,1,0.320083082,1,0.267731458,1,-0.451474071,1,0.11781618,1
8.204018593,-4.628754616,1,-1.902160645,1,-8.668313026,1,-0.160630435,1,-0.134390861,1,0.327548474,1,0.266533792,1,-0.452268243,1,0.119064339,1
8.20802021,-4.819903374,1,-1.781730294,1,-8.832140923,1,-0.146513224,1,-0.162034497,1,0.338863611,1,0.265369862,1,-0.4531928,1,0.120328598,1
8.212018013,-4.66972065,1,-1.612837195,1,-8.818260193,1,-0.126378939,1,-0.197617367,1,0.337055832,1,0.264276892,1,-0.454240978,1,0.121567249,1
8.216017723,-4.767365456,1,-1.639914989,1,-8.962669373,1,-0.114650324,1,-0.236608505,1,0.344241679,1,0.263265133,1,-0.455436796,1,0.122784518,1
8.220019341,-4.672376156,1,-1.731139779,1,-8.928026199,1,-0.09398029,1,-0.277807772,1,0.349980384,1,0.262322485,1,-0.456782192,1,0.123974189,1
8.224017143,-4.644018173,1,-1.879435062,1,-9.020419121,1,-0.072979718,1,-0.317648441,1,0.3529796,1,0.261472523,1,-0.458304226,1,0.125139996,1
8.2280159,-4.655640602,1,-2.039805889,1,-9.034535408,1,-0.059308767,1,-0.366489798,1,0.358791053,1,0.260711074,1,-0.459991962,1,0.126274928,1
8.232017517,-4.727780819,1,-2.28339386,1,-8.941262245,1,-0.070935875,1,-0.405142754,1,0.373547107,1,0.259950638,1,-0.461850792,1,0.127411768,1
8.23601532,-4.651285648,1,-2.218417883,1,-8.959970474,1,-0.073997147,1,-0.448575824,1,0.384217829,1,0.259150237,1,-0.463886529,1,0.128561512,1
8.24001503,-4.820484161,1,-2.249571562,1,-9.242257118,1,-0.067453668,1,-0.491527885,1,0.399961829,1,0.258341253,1,-0.466106176,1,0.129721299,1
8.244017601,-4.440195084,1,-2.432112694,1,-9.368372917,1,-0.070773453,1,-0.541919053,1,0.41650188,1,0.25754115,1,-0.468518972,1,0.130906165,1
8.24801445,-4.558689594,1,-2.387890577,1,-9.54851532,1,-0.080345519,1,-0.617325068,1,0.439844787,1,0.256691247,1,-0.47119084,1,0.132105127,1
8.25201416,-4.596828461,1,-2.498315334,1,-9.479797363,1,-0.076532871,1,-0.687425554,1,0.459326595,1,0.25582394,1,-0.474170744,1,0.133314699,1
8.256015778,-4.593932152,1,-2.737264395,1,-9.532381058,1,-0.091286682,1,-0.770930946,1,0.483655006,1,0.254930288,1,-0.477461129,1,0.134527221,1
8.260014534,-4.596615791,1,-2.802321196,1,-9.670436859,1,-0.103624545,1,-0.836777568,1,0.509586513,1,0.253967643,1,-0.481068641,1,0.135779336,1
8.264012337,-4.373301506,1,-3.05265069,1,-9.695263863,1,-0.127738476,1,-0.920153379,1,0.539338648,1,0.252897143,1,-0.485010833,1,0.137078479,1
8.268014908,-4.357784748,1,-2.797838449,1,-9.777590752,1,-0.149455279,1,-1.003767252,1,0.57293421,1,0.251706481,1,-0.489292651,1,0.13843146,1
8.272012711,-4.654711246,1,-2.204214334,1,-9.902276039,1,-0.142157808,1,-1.089461803,1,0.601209402,1,0.250450045,1,-0.493935078,1,0.139826044,1
8.276012421,-4.737900257,1,-2.246970892,1,-10.05220222,1,-0.138471991,1,-1.170841336,1,0.628059685,1,0.249216035,1,-0.498911291,1,0.141256809,1
8.280014038,-4.791849136,1,-2.754379034,1,-10.29561043,1,-0.194469735,1,-1.257651925,1,0.645027637,1,0.247857392,1,-0.504253447,1,0.1427055,1
8.284011841,-4.141829014,1,-2.727720737,1,-10.17129421,1,-0.260548264,1,-1.368175387,1,0.657217383,1,0.246247172,1,-0.50997442,1,0.144121453,1
8.288011551,-4.486005783,1,-2.343137264,1,-10.4569912,1,-0.287337393,1,-1.483543754,1,0.678984463,1,0.244474605,1,-0.516163111,1,0.145493701,1
8.29201889,-4.7292943,1,-2.986727953,1,-10.57718945,1,-0.331433922,1,-1.582671881,1,0.722209871,1,0.242528796,1,-0.522793829,1,0.146928996,1
8.296022415,-4.383157253,1,-3.604826689,1,-10.2375679,1,-0.397127718,1,-1.688075542,1,0.757948339,1,0.240309536,1,-0.529833317,1,0.148432881,1
8.300022125,-4.522979736,1,-3.450846195,1,-10.54827213,1,-0.459414005,1,-1.813005447,1,0.808859587,1,0.237770379,1,-0.537378311,1,0.150043234,1
8.304023743,-4.31742382,1,-3.113832951,1,-10.52945614,1,-0.504625738,1,-1.933532953,1,0.863746583,1,0.234930038,1,-0.5454368,1,0.151783779,1
8.308021545,-4.48119688,1,-2.898897648,1,-10.74291706,1,-0.534199655,1,-2.084066629,1,0.924768686,1,0.231847093,1,-0.554080963,1,0.1536915,1
8.312021255,-4.592232227,1,-2.880003214,1,-11.18594456,1,-0.554019272,1,-2.216600657,1,0.973870397,1,0.228593886,1,-0.563320041,1,0.155731037,1
8.316021919,-4.417014122,1,-2.821889162,1,-11.47399998,1,-0.585541248,1,-2.360756636,1,1.036415577,1,0.225143582,1,-0.573150873,1,0.157928526,1
8.320019722,-3.950995207,1,-3.417114258,1,-11.45383358,1,-0.648291528,1,-2.526766539,1,1.096516132,1,0.221363798,1,-0.58361578,1,0.160322189,1
8.324019432,-3.93276,1,-3.479375601,1,-11.63507175,1,-0.708392143,1,-2.70686698,1,1.160292268,1,0.217220455,1,-0.594816446,1,0.162893608,1
8.328021049,-3.707494974,1,-3.084796906,1,-11.68109798,1,-0.752529442,1,-2.9070158,1,1.233032584,1,0.212735623,1,-0.606781006,1,0.165617332,1
8.332018852,-3.595575571,1,-3.844813824,1,-12.37142086,1,-0.801776528,1,-3.167533398,1,1.328704596,1,0.207851082,1,-0.61975354,1,0.168683738,1
8.336018562,-3.356845379,1,-3.642123461,1,-12.76849079,1,-0.854421318,1,-3.408622265,1,1.429984331,1,0.202591449,1,-0.633733332,1,0.172022954,1
8.34002018,-3.580703735,1,-4.582929611,1,-13.36446667,1,-0.923870087,1,-3.687637568,1,1.547780275,1,0.19679065,1,-0.64883846,1,0.175794736,1
8.344017029,-3.214195967,1,-5.21642971,1,-13.16605186,1,-0.999207318,1,-3.952493906,1,1.665707469,1,0.190353915,1,-0.665062785,1,0.180026755,1
8.348016739,-2.656244516,1,-5.718157768,1,-13.24263573,1,-1.054666877,1,-4.285833836,1,1.815742254,1,0.183212042,1,-0.682539046,1,0.184862807,1
8.352018356,-3.25389576,1,-6.534851074,1,-13.72298241,1,-1.083753705,1,-4.63232851,1,1.992542863,1,0.175366804,1,-0.701473296,1,0.190438926,1
8.356016159,-3.303370476,1,-8.361465454,1,-13.7878437,1,-1.179749489,1,-4.909100056,1,2.205977917,1,0.166522011,1,-0.721705198,1,0.19706966,1
8.360015869,-2.290113926,1,-8.557926178,1,-14.33655548,1,-1.286453128,1,-5.301445961,1,2.424041033,1,0.156303957,1,-0.743320286,1,0.204946011,1
8.364017487,-2.663990498,1,-8.393625259,1,-15.33222008,1,-1.380379796,1,-5.716198444,1,2.650626659,1,0.144655019,1,-0.766623259,1,0.214177087,1
8.368015289,-3.36075139,1,-9.569682121,1,-15.40001488,1,-1.540850878,1,-6.088729858,1,2.894216299,1,0.131190002,1,-0.791556001,1,0.225046843,1
8.372014999,-3.501360893,1,-11.66325092,1,-15.00686169,1,-1.75276947,1,-6.459381104,1,3.197347403,1,0.115270332,1,-0.817947567,1,0.238007978,1
8.376016617,-6.793054104,1,-13.19604111,1,-15.74795437,1,-2.00177002,1,-6.691086292,1,3.525310755,1,0.096135281,1,-0.845604897,1,0.253747076,1
8.38001442,-8.093183517,1,-12.10728931,1,-14.72747231,1,-2.209598064,1,-6.815852165,1,3.77666688,1,0.073472545,1,-0.873733282,1,0.272536546,1
8.384013176,-7.244797707,1,-10.88108444,1,-13.91507149,1,-2.453061819,1,-6.953473091,1,4.014787674,1,0.047067847,1,-0.902181149,1,0.294559062,1
8.388014793,-8.915418625,1,-8.447995186,1,-15.64972401,1,-2.645048857,1,-7.095081806,1,4.247835636,1,0.016459288,1,-0.930752277,1,0.320258737,1
8.392012596,-17.92315292,1,-6.707882881,1,-18.36663628,1,-2.678655386,1,-6.994007587,1,4.308609486,1,-0.017993702,1,-0.959065914,1,0.349562943,1
8.396012306,-19.44125557,1,-5.067270279,1,-18.22618866,1,-2.520009756,1,-6.643610477,1,4.322647572,1,-0.055147007,1,-0.985659838,1,0.381908566,1
8.400013924,-16.77860069,1,-5.468048096,1,-16.51651764,1,-2.324243546,1,-6.514035225,1,4.446886063,1,-0.094989158,1,-1.010542512,1,0.417758375,1
8.404011726,-18.45861244,1,-6.891443253,1,-16.42590332,1,-2.170189619,1,-6.434187412,1,4.546823502,1,-0.138180107,1,-1.034175038,1,0.457867146,1
8.408011436,-21.92421722,1,-6.106505394,1,-16.13069153,1,-2.119370699,1,-6.303005219,1,4.552865028,1,-0.18479678,1,-1.056398869,1,0.501827538,1
8.412018776,-23.12572861,1,-7.861581326,1,-16.3325386,1,-2.038961887,1,-6.178599834,1,4.603067875,1,-0.235029846,1,-1.077002406,1,0.549671054,1
8.416022301,-24.35111809,1,-8.813374519,1,-16.95953369,1,-2.069559336,1,-5.998099804,1,4.732407093,1,-0.289496481,1,-1.095734954,1,0.60195744,1
8.420022011,-23.70405579,1,-10.22815132,1,-15.22363758,1,-2.253018618,1,-5.732615471,1,4.858850956,1,-0.348845303,1,-1.111986876,1,0.658781886,1
8.424023628,-20.23216057,1,-12.56697559,1,-12.37585258,1,-2.640735865,1,-5.484424591,1,4.919083118,1,-0.413125575,1,-1.125548124,1,0.719412208,1
8.428021431,-18.71291733,1,-11.47083282,1,-11.62447834,1,-3.22867775,1,-5.18586874,1,4.886793137,1,-0.482214212,1,-1.136279583,1,0.782808781,1
8.432021141,-14.63213158,1,-9.886566162,1,-8.864188194,1,-3.744015932,1,-4.693533897,1,4.658844471,1,-0.553624094,1,-1.144083142,1,0.846039653,1
8.436023712,-7.726878166,1,-8.260547638,1,-9.653950691,1,-4.13039875,1,-3.99866581,1,4.394111156,1,-0.624167085,1,-1.148480177,1,0.906083822,1
8.440020561,-14.06575584,1,-5.227688789,1,-12.83550739,1,-4.317761421,1,-3.598893642,1,4.085083485,1,-0.691845179,1,-1.150076985,1,0.961645424,1
8.444020271,-21.87166023,1,-5.751796246,1,-18.11966324,1,-3.892190456,1,-2.995241404,1,3.387997627,1,-0.753128529,1,-1.150119185,1,1.010651588,1
8.448022842,-18.46354103,1,-1.611210465,1,-17.36205673,1,-3.305392742,1,-2.441904068,1,2.855286121,1,-0.802331686,1,-1.147825956,1,1.052136779,1
8.452020645,-16.88523293,1,5.519565582,1,-16.23586464,1,-2.454450846,1,-2.282246828,1,2.65314889,1,-0.845802069,1,-1.146006823,1,1.087014198,1
8.456019402,-24.16947937,1,5.245421886,1,-19.43943214,1,-1.456023574,1,-1.690732002,1,2.395969629,1,-0.881638825,1,-1.143714547,1,1.117960691,1
8.460021019,-13.0335598,1,-2.551424026,1,-17.84171295,1,-0.969634235,1,-0.902301073,1,2.157889843,1,-0.907653093,1,-1.139775991,1,1.141256452,1
8.464018822,-6.625205517,1,-8.101875305,1,-15.46698666,1,-0.554564834,1,-0.403355896,1,1.811722755,1,-0.925556004,1,-1.135007858,1,1.157642245,1
8.468017578,-7.19487381,1,-10.39231014,1,-13.75937366,1,-0.217286617,1,-0.076077633,1,1.523117423,1,-0.937085688,1,-1.130254507,1,1.168727517,1
8.472019196,-8.50322628,1,-10.50292587,1,-13.17728615,1,-0.157938048,1,0.230937347,1,1.448404908,1,-0.94454819,1,-1.125295877,1,1.176252961,1
8.476016998,-8.54841423,1,-11.00760174,1,-13.09578419,1,-0.2985681,1,0.589194953,1,1.399493814,1,-0.94965291,1,-1.119711757,1,1.180925608,1
8.480016708,-5.2181077,1,-11.32736492,1,-11.72358418,1,-0.434373856,1,0.944984436,1,1.273420453,1,-0.952332139,1,-1.113558888,1,1.182260513,1
8.484017372,-2.26033926,1,-10.77645969,1,-10.44918919,1,-0.457566023,1,1.20175457,1,1.123937607,1,-0.95264411,1,-1.107145667,1,1.180594444,1
8.488015175,-0.760667861,1,-9.533439636,1,-9.508144379,1,-0.405857861,1,1.404265761,1,0.990674376,1,-0.950790524,1,-1.100679755,1,1.17657721,1
8.492014885,0.148121417,1,-8.386356354,1,-9.026321411,1,-0.343213171,1,1.573377013,1,0.87534827,1,-0.94707644,1,-1.094182372,1,1.170716166,1
8.496016502,1.334009886,1,-7.578312397,1,-8.469438553,1,-0.235431418,1,1.711250424,1,0.75079453,1,-0.941680431,1,-1.087673068,1,1.163314104,1
8.500014305,2.755996227,1,-7.189854622,1,-7.828809738,1,-0.068842441,1,1.810446501,1,0.613815844,1,-0.934586287,1,-1.08129859,1,1.154584408,1
8.504014015,3.899071693,1,-7.06774044,1,-7.228127956,1,0.133187547,1,1.868952155,1,0.463094532,1,-0.925842285,1,-1.075174093,1,1.144801259,1
8.508014679,4.721007347,1,-7.095338345,1,-6.616438866,1,0.332814872,1,1.921678901,1,0.318332821,1,-0.915540636,1,-1.069333076,1,1.134138823,1
8.512012482,5.186499119,1,-7.390865326,1,-6.22150135,1,0.495228976,1,1.952149987,1,0.191927537,1,-0.903943896,1,-1.063777566,1,1.122790337,1
8.516012192,5.399483681,1,-7.788554668,1,-5.899875641,1,0.62231791,1,1.990319848,1,0.053717628,1,-0.891227961,1,-1.05847919,1,1.110792398,1
8.520013809,5.374808311,1,-8.174968719,1,-5.613899708,1,0.707322359,1,2.031740427,1,-0.082247719,1,-0.877508342,1,-1.053422213,1,1.098100781,1
8.524011612,5.436558247,1,-8.387156487,1,-5.427430153,1,0.778330028,1,2.077174425,1,-0.224024147,1,-0.862856269,1,-1.048590422,1,1.084648132,1
8.528011322,5.026533604,1,-7.933894634,1,-6.956233025,1,0.760379851,1,2.168022156,1,-0.406013161,1,-0.847326875,1,-1.043967843,1,1.070315599,1
8.532012939,5.848032951,1,-8.279623032,1,-4.111628056,1,0.888903677,1,2.216774225,1,-0.580997884,1,-0.830273211,1,-1.039538026,1,1.054341197,1
8.536015511,6.42935276,1,-7.237817764,1,-4.384449005,1,0.923900008,1,2.125538111,1,-0.666303933,1,-0.813106775,1,-1.035454512,1,1.038594484,1
8.540015221,4.617878914,1,-7.708046913,1,-5.398057461,1,0.948641419,1,2.209121227,1,-0.786115527,1,-0.795530319,1,-1.031541586,1,1.022505999,1
8.544017792,4.491989136,1,-7.981279373,1,-5.185995579,1,0.925288022,1,2.283163309,1,-0.943860531,1,-0.777119637,1,-1.027635217,1,1.005405664,1
8.548014641,4.342149258,1,-7.491304398,1,-5.147140503,1,0.94285512,1,2.32915163,1,-1.107765079,1,-0.757961452,1,-1.023840189,1,0.987356067,1
8.552015305,3.846634388,1,-6.953333855,1,-5.278114796,1,0.988776505,1,2.375458717,1,-1.27484262,1,-0.737922788,1,-1.020187974,1,0.968399763,1
8.556016922,3.546340227,1,-6.70263195,1,-5.401506424,1,1.019355178,1,2.436077833,1,-1.410598993,1,-0.717016459,1,-1.016580462,1,0.948560476,1
8.560014725,3.108193159,1,-6.428817272,1,-5.545581341,1,1.052467465,1,2.492888451,1,-1.548060775,1,-0.695350051,1,-1.012919784,1,0.927919745,1
8.564013481,2.537058115,1,-6.144548893,1,-5.626861572,1,1.101302743,1,2.564430475,1,-1.687753797,1,-0.672834754,1,-1.009164929,1,0.90642041,1
8.568015099,1.989243865,1,-5.768661499,1,-5.826853752,1,1.173837066,1,2.632337809,1,-1.825745225,1,-0.649426877,1,-1.005276561,1,0.884104371,1
8.572012901,1.430975437,1,-5.447593689,1,-6.023090839,1,1.257187963,1,2.71549058,1,-1.95316112,1,-0.625035942,1,-1.001180887,1,0.860947132,1
8.576012611,0.736129761,1,-5.119012356,1,-6.255792618,1,1.346107841,1,2.802619696,1,-2.078796864,1,-0.599716842,1,-0.996782005,1,0.837038994,1
8.580014229,0.065900356,1,-4.880346775,1,-6.482614517,1,1.436564088,1,2.893520832,1,-2.197657824,1,-0.573490381,1,-0.992032409,1,0.812398493,1
8.584012032,-0.516426742,1,-4.833969116,1,-6.669003963,1,1.514849663,1,3.003093719,1,-2.311743259,1,-0.546424687,1,-0.986828029,1,0.78707993,1
8.588010788,-0.935623646,1,-4.695764542,1,-6.796480656,1,1.589629054,1,3.107656717,1,-2.42614603,1,-0.518582404,1,-0.981117368,1,0.761107266,1
8.592012405,-1.321285248,1,-4.457979679,1,-7.037648678,1,1.665277004,1,3.228138924,1,-2.543956518,1,-0.490064532,1,-0.974830508,1,0.734570086,1
8.596010208,-1.473459363,1,-4.281176567,1,-6.98970747,1,1.755353451,1,3.324583054,1,-2.642130136,1,-0.460930705,1,-0.967921555,1,0.707566559,1
8.600009918,-2.076220512,1,-4.122834682,1,-7.195248127,1,1.830813885,1,3.422755718,1,-2.729872704,1,-0.431406558,1,-0.960377753,1,0.680368543,1
8.604011536,-2.880615473,1,-4.022734165,1,-7.558141708,1,1.912636161,1,3.543075562,1,-2.817030191,1,-0.401529729,1,-0.952136457,1,0.652983308,1
8.608009338,-3.449177742,1,-3.927703381,1,-7.902465343,1,1.975201845,1,3.664130211,1,-2.922706127,1,-0.371389866,1,-0.943115592,1,0.625449657,1
8.612009048,-4.003687859,1,-3.754820347,1,-8.196863174,1,2.051168919,1,3.792097807,1,-3.026264429,1,-0.341014504,1,-0.933287144,1,0.597779751,1
8.616010666,-4.541458607,1,-3.600373268,1,-8.442418098,1,2.12403059,1,3.927490234,1,-3.124835014,1,-0.310511291,1,-0.922601581,1,0.570094168,1
8.620008469,-5.092006683,1,-3.414505005,1,-8.616733551,1,2.185586452,1,4.065634251,1,-3.212777853,1,-0.280011445,1,-0.911000967,1,0.542522609,1
8.624008179,-5.646615505,1,-3.352417231,1,-8.670417786,1,2.243257761,1,4.211070061,1,-3.298775196,1,-0.249637485,1,-0.898429751,1,0.515162706,1
8.628009796,-5.99757719,1,-3.229148865,1,-8.800455093,1,2.299394846,1,4.363383293,1,-3.379271507,1,-0.219536573,1,-0.884845912,1,0.488155156,1
8.632007599,-6.236771584,1,-3.153484821,1,-8.835174561,1,2.34746027,1,4.497632027,1,-3.442584276,1,-0.189815074,1,-0.870259643,1,0.461599797,1
8.636006355,-6.247746468,1,-3.140305281,1,-8.791009903,1,2.391732454,1,4.623425961,1,-3.503646374,1,-0.160636976,1,-0.854705632,1,0.435665071,1
8.640007973,-6.250015259,1,-3.052265882,1,-8.862800598,1,2.436482191,1,4.725529194,1,-3.547626972,1,-0.132139221,1,-0.838257909,1,0.410500914,1
8.644005775,-6.230249882,1,-3.020959854,1,-8.869399071,1,2.465935946,1,4.802800655,1,-3.576029062,1,-0.104424089,1,-0.821012855,1,0.386211455,1
8.648005486,-6.227332592,1,-2.941151619,1,-8.98466301,1,2.501905441,1,4.864339352,1,-3.603085041,1,-0.077556543,1,-0.803049147,1,0.362861812,1
8.652007103,-6.196453094,1,-2.827439785,1,-9.014392853,1,2.538308382,1,4.910152912,1,-3.609602451,1,-0.051553108,1,-0.784464121,1,0.340530574,1
8.656011581,-6.15805769,1,-2.712667227,1,-9.1537323,1,2.580601692,1,4.935486317,1,-3.611303806,1,-0.026427453,1,-0.765351653,1,0.31924805,1
8.660011292,-6.324097157,1,-2.743181467,1,-9.362880707,1,2.624702692,1,4.939932823,1,-3.606610775,1,-0.002143605,1,-0.74580431,1,0.299021512,1
8.664012909,-6.441351891,1,-2.670783758,1,-9.562361717,1,2.673224688,1,4.929286957,1,-3.595603943,1,0.021312987,1,-0.725921988,1,0.279852986,1
8.668010712,-6.62943697,1,-2.697042942,1,-9.735809326,1,2.716697216,1,4.913980961,1,-3.585599899,1,0.044011127,1,-0.705775201,1,0.261673778,1
8.672010422,-6.934595108,1,-2.777653694,1,-10.00414085,1,2.764014482,1,4.892808437,1,-3.570170403,1,0.065992445,1,-0.685408235,1,0.244469315,1
8.676011086,-7.308493614,1,-2.854142189,1,-10.33199883,1,2.806143045,1,4.867334366,1,-3.563948154,1,0.087332375,1,-0.664853156,1,0.228153646,1
8.680008888,-7.684329987,1,-2.95351243,1,-10.54687691,1,2.853392839,1,4.84841013,1,-3.552960634,1,0.108063288,1,-0.644128561,1,0.212688044,1
8.684008598,-8.056899071,1,-3.070744753,1,-10.86549187,1,2.885351181,1,4.827385426,1,-3.548650026,1,0.128230616,1,-0.623232603,1,0.198015615,1
8.688009262,-8.341287613,1,-3.13462615,1,-11.17512608,1,2.931518555,1,4.809055805,1,-3.563390255,1,0.147908479,1,-0.602183938,1,0.184027657,1
8.692007065,-8.827409744,1,-3.28873539,1,-11.56833458,1,2.954792976,1,4.785700321,1,-3.579067945,1,0.167127177,1,-0.580993414,1,0.170662314,1
8.696006775,-8.946791649,1,-3.430727243,1,-11.8485651,1,2.973149776,1,4.759927273,1,-3.613659382,1,0.186392203,1,-0.559049249,1,0.158665955,1
8.700008392,-9.214188576,1,-3.495030642,1,-12.27970791,1,2.983716488,1,4.741633415,1,-3.654031038,1,0.20476,1,-0.537576795,1,0.146291405,1
8.704006195,-9.48028183,1,-3.62492466,1,-12.82050991,1,2.988424301,1,4.702316761,1,-3.703274012,1,0.222742334,1,-0.516002536,1,0.13429448,1
8.708005905,-9.647524834,1,-3.709488153,1,-13.28925323,1,2.999554873,1,4.669793129,1,-3.754396439,1,0.240365386,1,-0.4943358,1,0.122631282,1
8.712007523,-9.914639473,1,-3.804758549,1,-13.83526421,1,3.007205963,1,4.629137039,1,-3.807898045,1,0.257672518,1,-0.472579032,1,0.111242078,1
8.716005325,-10.22870922,1,-3.80014658,1,-14.50883389,1,3.027035475,1,4.588466167,1,-3.868587255,1,0.274695188,1,-0.450749964,1,0.100120202,1
8.720005035,-10.56075478,1,-3.728886843,1,-15.444314,1,3.048132658,1,4.537421227,1,-3.934957504,1,0.291493893,1,-0.428872287,1,0.089193434,1
8.724006653,-11.17717266,1,-3.481911659,1,-16.40793228,1,3.086794376,1,4.477446556,1,-4.005344391,1,0.30813998,1,-0.406961739,1,0.078425065,1
8.728004456,-12.13856411,1,-2.914992094,1,-17.40056992,1,3.141113043,1,4.425916195,1,-4.080207825,1,0.324697435,1,-0.384999543,1,0.067773275,1
8.732004166,-13.32158947,1,-2.338960886,1,-18.07770729,1,3.204927444,1,4.402746201,1,-4.170503616,1,0.341237426,1,-0.362926722,1,0.057216372,1
8.736004829,-14.57212734,1,-1.751880646,1,-18.60675621,1,3.291374922,1,4.376857758,1,-4.281786919,1,0.357854784,1,-0.340638459,1,0.04671444,1
8.740002632,-15.73847198,1,-0.977459669,1,-19.02757454,1,3.378996134,1,4.355399609,1,-4.4016366,1,0.374598056,1,-0.318115592,1,0.036189493,1
8.744002342,-16.86861038,1,0.182061985,1,-19.40907669,1,3.472197056,1,4.315776825,1,-4.518101692,1,0.391486704,1,-0.295358658,1,0.025630604,1
8.74800396,-18.02197456,1,2.317889214,1,-19.7640686,1,3.605818033,1,4.271615982,1,-4.629266739,1,0.408583164,1,-0.272408128,1,0.015041959,1
8.752001762,-19.94919777,1,4.456341743,1,-20.10796928,1,3.797467232,1,4.21105957,1,-4.731286049,1,0.426118463,1,-0.249330759,1,0.00443456,1
8.756001472,-21.92350197,1,5.136044025,1,-19.85634613,1,4.03104353,1,4.21770525,1,-4.803427219,1,0.444230616,1,-0.226012528,1,-0.006050439,1
8.760004044,-23.49942207,1,5.532536507,1,-19.04599762,1,4.266159534,1,4.246114254,1,-4.836406708,1,0.462999105,1,-0.202349648,1,-0.016204298,1
8.764000893,-25.69612503,1,3.903197527,1,-17.38466644,1,4.409152985,1,4.303540707,1,-4.824782372,1,0.482202113,0,-0.17834343,0,-0.025815286,0
8.768000603,-28.01214981,1,1.502078295,1,-15.25432205,1,4.353749752,1,4.379972458,1,-4.738659859,1,0.501225471,0,-0.153988421,0,-0.034609798,0
8.772003174,-29.67609406,1,-0.594095349,1,-12.6249218,1,4.124474525,1,4.437767982,1,-4.563949585,1,0.519313633,0,-0.129487947,0,-0.042321637,0
8.776006699,-30.76157951,1,-1.356127381,1,-9.76914978,1,3.759743929,1,4.413831234,1,-4.299340248,1,0.535844743,0,-0.105247177,0,-0.048778921,0
8.780006409,-31.35258484,1,-0.64231813,1,-6.777885437,1,3.38112998,1,4.312073708,1,-3.964700699,1,0.550602734,0,-0.081740111,0,-0.053923517,0
8.784007072,-31.25749397,1,1.829854608,1,-4.066029072,1,3.044641733,1,4.108767509,1,-3.582483768,1,0.563714623,0,-0.059436321,0,-0.057841681,0
8.788004875,-30.35623169,1,5.137729645,1,-1.326154351,1,2.810739279,1,3.794939041,1,-3.156421185,1,0.575526297,0,-0.038827591,0,-0.06066408,0
8.792004585,-28.93105125,1,8.80758667,1,0.815489292,1,2.713494301,1,3.367634773,1,-2.706810236,1,0.586586237,0,-0.020398611,0,-0.062598594,0
8.796006203,-27.7831707,1,12.41021442,1,2.35213995,1,2.754110813,1,2.851774931,1,-2.256836891,1,0.597498596,0,-0.004526303,0,-0.063890241,0
8.800004005,-26.91373634,1,15.20760059,1,3.34773016,1,2.913751364,1,2.302999735,1,-1.814029098,1,0.60881114,0,0.008576625,0,-0.064744361,0
8.804003716,-26.74372482,1,16.89131737,1,3.760969877,1,3.100387573,1,1.760158539,1,-1.417873621,1,0.620840907,0,0.018937957,0,-0.065324701,0
8.808005333,-27.81569099,1,17.55675697,1,3.780371428,1,3.278678179,1,1.255480766,1,-1.061651111,1,0.633597553,0,0.026699163,0,-0.065798461,0
8.812003136,-29.28539085,1,17.20051956,1,3.749084473,1,3.356680155,1,0.836838484,1,-0.783250511,1,0.646880209,0,0.032243162,0,-0.066254541,0
8.816002846,-30.76742363,1,16.21068382,1,3.247155428,1,3.324718714,1,0.49392128,1,-0.565904081,1,0.660266757,0,0.035965502,0,-0.066781536,0
8.820004463,-31.93193817,1,14.3499155,1,2.711796761,1,3.084094048,1,0.232231483,1,-0.411774606,1,0.673102856,0,0.038291816,0,-0.067422815,0
8.824002266,-32.91178513,1,11.98318291,1,2.229799271,1,2.639633179,1,0.0422519,1,-0.311754256,1,0.684597254,0,0.039615691,0,-0.068210803,0
8.828001022,-33.11997986,1,9.373691559,1,2.00457406,1,1.992228746,1,-0.101559438,1,-0.23921226,1,0.693857551,0,0.040216055,0,-0.069140576,0
8.83200264,-32.20451355,1,6.412096024,1,2.085439682,1,1.132184625,1,-0.251262844,1,-0.1312702,1,0.700083196,0,0.040158302,0,-0.070153691,0
8.836000443,-30.33337021,1,4.587758541,1,1.95570612,1,0.222798556,1,-0.428913772,1,0.000931073,1,0.702755213,0,0.039309248,0,-0.071238667,0
8.840000153,-13.21005154,1,-14.96656799,1,-1.885317445,1,-1.775173545,1,-0.989529908,1,0.448091507,1,0.700089872,0,0.036761317,0,-0.072359726,0
8.844002724,-30.61581039,1,-12.7424469,1,6.094928265,1,-4.35649395,1,-2.210513592,1,1.352193117,1,0.687680244,0,0.029679189,0,-0.073683418,0
8.847999573,-38.27765274,1,5.86971426,1,10.50271606,1,-5.243863583,1,-2.832997561,1,2.158921719,1,0.66774559,0,0.017019494,0,-0.074718043,0
8.851999283,7.387796402,1,10.42414951,1,8.118317604,1,-4.935464859,1,-2.540579557,1,2.451855659,1,0.647512436,0,0.002963369,0,-0.07379403,0
8.8560009,7.386190891,1,1.857742667,1,-4.202087879,1,-5.37868309,1,-3.178572655,1,2.838886023,1,0.626882613,0,-0.012441423,0,-0.072048202,0
8.859997749,-14.05009937,1,0.302462071,1,-18.27072334,1,-5.18595171,1,-3.093951702,1,2.999313593,1,0.605523407,0,-0.029832939,0,-0.069837421,0
8.863998413,-3.603207827,1,-8.792147636,1,-27.02822304,1,-4.659245014,1,-2.345268965,1,2.763799429,1,0.585775852,0,-0.045197215,0,-0.066349551,0
8.868000031,5.903996468,1,-19.80393982,1,-28.36889839,1,-4.711884975,1,-1.985284567,1,2.604781389,1,0.56693393,0,-0.058294531,0,-0.062056456,0
8.871997833,4.611176968,1,-19.30746269,1,-21.80073738,1,-4.826429367,1,-1.860432386,1,2.352935791,1,0.547439158,0,-0.070050709,0,-0.057734847,0
8.875997543,7.144080639,1,-12.28423595,1,-15.35425758,1,-4.856748104,1,-2.056809187,1,2.310326815,1,0.527727544,0,-0.081313223,0,-0.053694516,0
8.879999161,7.084119797,1,0.714592338,1,-11.68730164,1,-4.813480377,1,-2.600302935,1,2.601267815,1,0.508009434,0,-0.094196841,0,-0.049746476,0
8.883996964,8.333335876,1,11.4922905,1,-12.2649374,1,-4.581404209,1,-3.418682814,1,2.914852619,1,0.488488555,0,-0.109998211,0,-0.045802832,0
8.887996674,4.356561184,1,10.86710358,1,-12.17788029,1,-4.363474369,1,-4.301137447,1,3.175931454,1,0.470318615,0,-0.12936078,0,-0.041893058,0
8.891997337,-7.217028618,1,15.69443321,1,-14.73350239,1,-3.884099007,1,-4.678163528,1,2.935420752,1,0.453337342,0,-0.151116341,0,-0.038942508,0
8.896000862,-12.52803421,1,16.95481873,1,-17.70679474,1,-3.33495903,1,-4.753244877,1,2.49860096,1,0.438594818,0,-0.172831774,0,-0.037249312,0
8.900000572,-19.19277954,1,16.77437592,1,-21.16390038,1,-2.784504414,1,-4.618623734,1,2.042441845,1,0.426216483,0,-0.193739459,0,-0.036907207,0
8.90400219,-22.54362106,1,14.78141117,1,-21.30821037,1,-2.160434008,1,-4.188969135,1,1.652572513,1,0.416393399,0,-0.212834045,0,-0.037370116,0
8.907999992,-22.05323601,1,11.26569653,1,-19.46406937,1,-1.600267053,1,-3.849803925,1,1.370765448,1,0.409209609,0,-0.229961902,0,-0.038332555,0
8.911999702,-19.87667084,1,8.347602844,1,-16.49773788,1,-1.214088798,1,-3.527356386,1,1.338069797,1,0.403825045,0,-0.245641351,0,-0.039275412,0
8.91600132,-16.7908783,1,2.833646297,1,-15.1986351,1,-0.967773438,1,-3.237686396,1,1.401443481,1,0.399636269,0,-0.260207176,0,-0.039531086,0
8.919999123,-15.95509148,1,-1.422212958,1,-13.13088989,1,-0.888751328,1,-2.980177402,1,1.502756357,1,0.395833582,0,-0.273971319,0,-0.0389896,0
8.923997879,-13.16549683,1,-5.738043308,1,-11.64403248,1,-0.894392252,1,-2.694364071,1,1.476605177,1,0.391889781,0,-0.2867226,0,-0.03775306,0
8.92800045,-12.26538467,1,-7.00576973,1,-8.944112778,1,-0.943820357,1,-2.50488019,1,1.366009116,1,0.387817264,0,-0.298485041,0,-0.036376387,0
8.931997299,-11.63833046,1,-8.557890892,1,-6.580581665,1,-1.074096441,1,-2.338866711,1,1.231881022,1,0.383437067,0,-0.309407949,0,-0.035165235,0
8.935997009,-9.688185692,1,-7.028277397,1,-5.105763912,1,-1.173726797,1,-2.207091331,1,1.059962153,1,0.378633589,0,-0.31951946,0,-0.034249514,0
8.93999958,-7.782082081,1,-5.011229992,1,-5.283295155,1,-1.281883955,1,-2.137521267,1,0.989305198,1,0.373531252,0,-0.32910499,0,-0.033624209,0
8.943997383,-7.11201334,1,-2.907005787,1,-6.740248203,1,-1.381850362,1,-2.043967724,1,0.992581487,1,0.368002146,0,-0.338326186,0,-0.03294953,0
8.947997093,-7.687105179,1,-0.742421746,1,-8.700547218,1,-1.444940448,1,-1.872180581,1,1.030407667,1,0.36202693,0,-0.345705122,0,-0.029028155,0
8.951998711,-12.60716438,1,-0.194765031,1,-11.95031357,1,-1.551653266,1,-1.456393242,1,1.082128167,1,0.355414987,0,-0.353486419,0,-0.027345024,0
8.955996513,-16.08490753,1,2.077465773,1,-12.88665771,1,-1.487602592,1,-0.95268178,1,1.097821116,1,0.348347485,0,-0.359544486,0,-0.024712626,0
8.95999527,-13.60289574,1,2.892698526,1,-12.0504427,1,-1.316661119,1,-0.499271959,1,1.041714311,1,0.341620445,0,-0.363662541,0,-0.021452244,0
8.963996887,-13.66463661,1,1.4764117,1,-11.79885101,1,-1.122474432,1,-0.187366039,1,0.846652985,1,0.335472792,0,-0.366213381,0,-0.018078431,0
8.967995644,-9.42375946,1,-0.554993093,1,-10.2889719,1,-0.979204953,1,-0.028867986,1,0.675500214,1,0.33028084,0,-0.367534399,0,-0.01512711,0
8.971995354,-8.221729279,1,-2.084308863,1,-10.1322031,1,-0.829131782,1,-0.004141925,1,0.464857578,1,0.325827479,0,-0.36835146,0,-0.012850018,0
8.975996017,-6.249351025,1,-3.184118271,1,-10.23734093,1,-0.767795265,1,0.011394257,1,0.35787046,1,0.322061568,0,-0.368839085,0,-0.011187369,0
8.97999382,-5.55178833,1,-2.782587528,1,-10.18158245,1,-0.732351899,1,0.034578834,1,0.357259631,1,0.318552613,0,-0.369196415,0,-0.009722228,0
8.98399353,-4.490628242,1,-2.329982281,1,-9.64142704,1,-0.74027884,1,0.005418768,1,0.427879512,1,0.315000236,0,-0.369604945,0,-0.008084311,0
8.987995148,-4.546926975,1,-2.441779137,1,-9.274492264,1,-0.719598651,1,-0.041111294,1,0.447351933,1,0.31143257,0,-0.370217383,0,-0.006311461,0
8.99199295,-5.209134579,1,-2.683033466,1,-9.101680756,1,-0.683021307,1,-0.069630951,1,0.425761163,1,0.308003724,0,-0.370961189,0,-0.004592006,0
8.995991707,-5.646439075,1,-2.374623775,1,-9.006277084,1,-0.652920663,1,-0.069675542,1,0.395772219,1,0.304760635,0,-0.3717314,0,-0.003008018,0
8.999993324,-6.172421932,1,-1.719904661,1,-9.125579834,1,-0.606237948,1,-0.039649803,1,0.383253396,1,0.301681995,0,-0.37240988,0,-0.001484208,0
9.003991127,-5.869918346,1,-1.364989638,1,-9.077555656,1,-0.561112165,1,-0.00435311,1,0.380549669,1,0.2987957,0,-0.372932136,0,5.90E-05,0
9.007990837,-4.761991501,1,-1.577620983,1,-8.933255196,1,-0.532715082,1,-0.034721777,1,0.375949144,1,0.29603973,0,-0.373452365,0,0.00159776,0
9.011992455,-5.014494896,1,-1.396495581,1,-9.164035797,1,-0.481043041,1,-0.033692647,1,0.345403612,1,0.293480396,0,-0.373997927,0,0.003038239,0
9.015995979,-5.206191063,1,-0.768743038,1,-8.943305969,1,-0.420609027,1,-0.039691135,1,0.300222576,1,0.291192234,0,-0.374499917,0,0.004326553,0
9.019995689,-5.564181328,1,-0.29550004,1,-8.978926659,1,-0.350843847,1,-0.043486003,1,0.249856099,1,0.289248407,0,-0.37498343,0,0.005409467,0
9.023997307,-5.42837286,1,-0.04937245,1,-9.126042366,1,-0.283438772,1,-0.039396763,1,0.208389401,1,0.287651837,0,-0.375400424,0,0.006307541,0
9.027994156,-4.644690514,1,-0.641104639,1,-9.300481796,1,-0.213341296,1,-0.046386022,1,0.172950745,1,0.286395431,0,-0.375766426,0,0.007040714,0
9.03199482,-4.010801315,1,-1.566826224,1,-9.400942802,1,-0.177432865,1,-0.074477807,1,0.163292855,1,0.285385847,0,-0.376176327,0,0.007656839,0
9.035996437,-3.909868956,1,-2.580622196,1,-9.28751564,1,-0.158639759,1,-0.111140914,1,0.174047604,1,0.28451708,0,-0.37671566,0,0.008232933,0
9.03999424,-4.240572453,1,-3.153138161,1,-9.02513504,1,-0.152032226,1,-0.147566855,1,0.192278847,1,0.283679307,0,-0.377420485,0,0.008833274,0
9.043992996,-4.81159687,1,-3.307763338,1,-8.80951786,1,-0.154787481,1,-0.174788103,1,0.204556435,1,0.282842159,0,-0.378263265,0,0.009449852,0
9.047994614,-4.959644318,1,-2.885152817,1,-8.791166306,1,-0.146047071,1,-0.19649893,1,0.201655746,1,0.28200829,0,-0.379196882,0,0.010074656,0
9.051992416,-4.755259037,1,-2.166803122,1,-8.856469154,1,-0.142890468,1,-0.205520034,1,0.207411826,1,0.281204373,0,-0.380195439,0,0.010678305,0
9.055992126,-4.595070839,1,-1.452771425,1,-8.868066788,1,-0.128813207,1,-0.214739889,1,0.206064269,1,0.280428529,0,-0.381237596,0,0.011283875,0
9.059993744,-4.558570862,1,-1.190871,1,-8.889281273,1,-0.109891705,1,-0.222062245,1,0.19405818,1,0.279730558,0,-0.38231051,0,0.011853824,0
9.063991547,-4.624248028,1,-1.090278745,1,-8.825041771,1,-0.072148383,1,-0.233609647,1,0.165188596,1,0.279180467,0,-0.383389056,0,0.012337389,0
9.067991257,-4.884588718,1,-1.036383271,1,-8.847495079,1,-0.03742978,1,-0.244354129,1,0.132721022,1,0.278835356,0,-0.384478807,0,0.012666869,0
9.071992874,-5.01812315,1,-1.167438745,1,-8.835374832,1,-0.005079757,1,-0.247222185,1,0.106778249,1,0.27867496,0,-0.385555327,0,0.012867978,0
9.075990677,-4.908382893,1,-1.249401927,1,-8.789204597,1,0.030976607,1,-0.256245345,1,0.085129827,1,0.278693497,0,-0.38663137,0,0.012962654,0
9.079989433,-4.863761902,1,-1.368625164,1,-8.738115311,1,0.057787806,1,-0.265313417,1,0.072650857,1,0.278864235,0,-0.387728035,0,0.012985482,0
9.083991051,-4.829457283,1,-1.391944647,1,-8.597880363,1,0.084426679,1,-0.273501068,1,0.057272762,1,0.2791664,0,-0.388837904,0,0.012923704,0
9.087988853,-4.822069168,1,-1.430016637,1,-8.510835648,1,0.107850209,1,-0.276622802,1,0.035332933,1,0.279594809,0,-0.389941037,0,0.012791233,0
9.091988564,-5.012382984,1,-1.646562576,1,-8.478239059,1,0.127349019,1,-0.28005892,1,0.022713823,1,0.280150294,0,-0.391045988,0,0.012579611,0
9.095990181,-4.895821571,1,-1.964427233,1,-8.406490326,1,0.139742076,1,-0.276657909,1,0.010009103,1,0.280791759,0,-0.392140061,0,0.012313965,0
9.099987984,-4.875049114,1,-2.176007271,1,-8.320804596,1,0.145771593,1,-0.277877986,1,0.008158866,1,0.281475127,0,-0.393220305,0,0.012007294,0
9.10398674,-4.888697147,1,-2.362521648,1,-8.299268723,1,0.140534148,1,-0.283782542,1,0.006432517,1,0.282174766,0,-0.394302666,0,0.011692272,0
9.107989311,-5.007783413,1,-2.402182817,1,-8.150593758,1,0.141356468,1,-0.275972664,1,0.009021251,1,0.282868505,0,-0.395386666,0,0.011380902,0
9.111987114,-5.038582802,1,-2.504755974,1,-8.052354813,1,0.140699536,1,-0.267515451,1,0.013339737,1,0.283548862,0,-0.39643231,0,0.011101671,0
9.115986824,-4.946897507,1,-2.644405127,1,-8.036946297,1,0.136819467,1,-0.254384816,1,0.017370012,1,0.284210473,0,-0.397448242,0,0.010850267,0
9.119988441,-4.813931465,1,-2.818826437,1,-8.091388702,1,0.124915197,1,-0.249128401,1,0.027146233,1,0.284808099,0,-0.398439825,0,0.010640017,0
9.123986244,-4.901487827,1,-3.017242193,1,-8.045991898,1,0.111002825,1,-0.237715498,1,0.041951086,1,0.28534323,0,-0.399419725,0,0.010475435,0
9.127985001,-4.822519302,1,-3.190527201,1,-7.938959122,1,0.092907205,1,-0.229537696,1,0.055119976,1,0.285781711,0,-0.40038085,0,0.010391674,0
9.131986618,-4.873563766,1,-3.314189434,1,-7.931889534,1,0.076261155,1,-0.219992697,1,0.071608983,1,0.286124468,0,-0.401307464,0,0.010383481,0
9.135991096,-4.798304558,1,-3.503237486,1,-7.882558346,1,0.048316125,1,-0.205414712,1,0.084944695,1,0.286340415,0,-0.402212471,0,0.010451749,0
9.13999176,-4.789490223,1,-3.672449112,1,-7.859205246,1,0.016512346,1,-0.19017981,1,0.105412498,1,0.286414504,0,-0.403075367,0,0.010616306,0
9.143993378,-4.842548847,1,-3.735828161,1,-7.751805305,1,-0.013544034,1,-0.174528062,1,0.125468314,1,0.286313832,0,-0.403909743,0,0.010875653,0
9.14799118,-4.862546921,1,-3.575661659,1,-7.752621651,1,-0.039993178,1,-0.159999281,1,0.144930989,1,0.286064506,0,-0.404702753,0,0.011246724,0
9.151989937,-4.900981426,1,-3.237211466,1,-7.869058132,1,-0.061541487,1,-0.143654481,1,0.171698689,1,0.285680175,0,-0.405465901,0,0.011723189,0
9.155991554,-4.807320118,1,-2.86446023,1,-7.980246544,1,-0.073241785,1,-0.135573909,1,0.178480208,1,0.285182327,0,-0.406199306,0,0.012287755,0
9.159989357,-4.812730312,1,-2.404985905,1,-8.059132576,1,-0.084209219,1,-0.133396924,1,0.185753345,1,0.284623146,0,-0.40691781,0,0.012896729,0
9.163989067,-4.740865707,1,-2.252801657,1,-8.174037933,1,-0.081277847,1,-0.132045582,1,0.185640812,1,0.284044385,0,-0.407630175,0,0.013522669,0
9.167990685,-4.752859116,1,-1.938335061,1,-8.166660309,1,-0.075161107,1,-0.128334671,1,0.18136546,1,0.283486634,0,-0.40834108,0,0.014132551,0
9.171988487,-4.79651022,1,-1.9220047,1,-8.155906677,1,-0.057092499,1,-0.129607111,1,0.170265868,1,0.282988608,0,-0.409029484,0,0.014710422,0
9.175988197,-4.759543419,1,-1.926277995,1,-8.125828743,1,-0.050640799,1,-0.124648333,1,0.166776523,1,0.282546878,0,-0.409707308,0,0.01526535,0
9.179989815,-4.755358219,1,-1.927204728,1,-8.175891876,1,-0.039068349,1,-0.12088047,1,0.149413556,1,0.282164216,0,-0.410363466,0,0.015778614,0
9.183987617,-4.738502979,1,-1.974641919,1,-8.094199181,1,-0.028365117,1,-0.121418908,1,0.146387368,1,0.281838268,0,-0.41099894,0,0.016260862,0
9.187987328,-4.698955059,1,-2.061325788,1,-8.173219681,1,-0.022532068,1,-0.119823292,1,0.133822888,1,0.281561553,0,-0.411619574,0,0.016691925,0
9.191988945,-4.686665535,1,-2.126205444,1,-8.11724472,1,-0.01657477,1,-0.123776451,1,0.134946659,1,0.281313598,0,-0.412233323,0,0.017115306,0
9.195986748,-4.642808914,1,-2.228834867,1,-8.180793762,1,-0.016991748,1,-0.123284176,1,0.125344411,1,0.255928963,0,-0.46465686,0,-0.023913646,0
9.199986458,-4.720289707,1,-2.132655859,1,-8.224019051,1,-0.016484363,1,-0.125459775,1,0.126505628,1,0.255673766,0,-0.465260684,0,-0.02350745,0
9.203988075,-5.377390862,1,-1.970732689,1,-8.228874207,1,-0.015693035,1,-0.105123647,1,0.139588505,1,0.255409181,0,-0.465852261,0,-0.023069253,0
9.207985878,-4.312783718,1,-1.949182034,1,-8.324216843,1,0.003950331,1,-0.128172904,1,0.115270369,1,0.255203694,0,-0.46640712,0,-0.02264449,0
9.211985588,-4.741324902,1,-1.992145419,1,-8.228580475,1,0.007459702,1,-0.136487395,1,0.11174047,1,0.255073279,0,-0.467039913,0,-0.022298601,0
9.215988159,-4.701028347,1,-2.010716915,1,-8.12728405,1,0.016197106,1,-0.135935888,1,0.109358318,1,0.254977614,0,-0.46767652,0,-0.021980511,0
9.219985008,-4.69727087,1,-2.133094311,1,-8.188076019,1,0.023900768,1,-0.140283376,1,0.107979223,1,0.254912853,0,-0.468319297,0,-0.021662757,0
9.223984718,-4.654177666,1,-2.269268513,1,-8.226860046,1,0.026547242,1,-0.142132133,1,0.110237136,1,0.254871815,0,-0.468972772,0,-0.021350546,0
9.227986336,-4.660442829,1,-2.192195415,1,-8.199759483,1,0.031534683,1,-0.150468633,1,0.111879893,1,0.25483346,0,-0.469645381,0,-0.021030616,0
9.231983185,-4.870986462,1,-2.272104502,1,-8.202323914,1,0.029878384,1,-0.143704116,1,0.128380388,1,0.254784912,0,-0.470343083,0,-0.0206677,0
9.235982895,-4.514679432,1,-2.347254276,1,-8.195955276,1,0.038440783,1,-0.157203957,1,0.131883174,1,0.254746318,0,-0.471050352,0,-0.020281652,0
9.239985466,-4.675947189,1,-2.483282089,1,-8.161910057,1,0.033919528,1,-0.167749256,1,0.13893117,1,0.254711092,0,-0.471823424,0,-0.019889399,0
9.243983269,-4.691520691,1,-2.646086693,1,-8.143489838,1,0.031741526,1,-0.172330558,1,0.150090039,1,0.254650265,0,-0.47263068,0,-0.019463265,0
9.247982979,-4.794363976,1,-2.653954744,1,-8.185823441,1,0.018734224,1,-0.185082063,1,0.161925867,1,0.254524708,0,-0.473487586,0,-0.018976115,0
9.251983643,-4.871866703,1,-2.594449282,1,-8.149344444,1,0.012422424,1,-0.183395654,1,0.185869172,1,0.254341155,0,-0.474375397,0,-0.018432707,0
9.255987167,-4.465762138,1,-2.451406479,1,-8.182351112,1,0.008912163,1,-0.178575233,1,0.197225496,1,0.254088938,0,-0.475273311,0,-0.017798033,0
9.259986877,-4.601988316,1,-2.181012869,1,-8.343794823,1,0.018382957,1,-0.215358302,1,0.203088075,1,0.253837854,0,-0.476228207,0,-0.017149357,0
9.263988495,-4.706702232,1,-2.111763,1,-8.409685135,1,0.017676855,1,-0.224671081,1,0.210757837,1,0.253601611,0,-0.477283239,0,-0.016498141,0
9.267986298,-4.649163723,1,-2.032627583,1,-8.418518066,1,0.036877882,1,-0.229638413,1,0.219330192,1,0.253405929,0,-0.478374869,0,-0.015820701,0
9.271986008,-4.721518993,1,-2.127145052,1,-8.419034004,1,0.044117026,1,-0.249848664,1,0.228278533,1,0.253242075,0,-0.479533166,0,-0.015117149,0
9.275987625,-5.038725376,1,-2.029140472,1,-8.397965431,1,0.051305495,1,-0.260365188,1,0.245416611,1,0.253090292,0,-0.480765462,0,-0.014372199,0
9.279985428,-4.753481865,1,-2.045553207,1,-8.319403648,1,0.07439667,1,-0.268321276,1,0.250143558,1,0.252969533,0,-0.482035846,0,-0.0135747,0
9.283985138,-4.699987888,1,-2.204393148,1,-8.421164513,1,0.082641803,1,-0.29455471,1,0.250513464,1,0.252917647,0,-0.483374357,0,-0.012788587,0
9.287985802,-4.691514492,1,-2.114436388,1,-8.542121887,1,0.096740119,1,-0.313144952,1,0.26167205,1,0.252910703,0,-0.48480013,0,-0.01200374,0
9.291983604,-4.557569027,1,-2.257331133,1,-8.596785545,1,0.09860342,1,-0.335713744,1,0.278213888,1,0.252925724,0,-0.48632437,0,-0.011181146,0
9.295983315,-4.889328003,1,-2.18289113,1,-8.59376049,1,0.107474223,1,-0.359025568,1,0.283287227,1,0.252933711,0,-0.487956136,0,-0.010344843,0
9.299983978,-4.891804695,1,-2.39041543,1,-8.458659172,1,0.117247842,1,-0.376651138,1,0.289137125,1,0.25300011,0,-0.489670247,0,-0.00950868,0
9.303981781,-4.943031311,1,-2.512031794,1,-8.761737823,1,0.11208462,1,-0.410626024,1,0.30277434,1,0.253069162,0,-0.491484553,0,-0.00866042,0
9.307981491,-4.555000782,1,-2.660597801,1,-8.685884476,1,0.079372518,1,-0.436628759,1,0.308453679,1,0.253039062,0,-0.493424714,0,-0.007793922,0
9.311984062,-4.589365482,1,-2.250801325,1,-8.825833321,1,0.082688928,1,-0.47958988,1,0.30675292,1,0.252959102,0,-0.495507658,0,-0.006967136,0
9.315980911,-4.651449203,1,-2.208000898,1,-8.903346062,1,0.097279057,1,-0.506831646,1,0.311817735,1,0.252952009,0,-0.49772346,0,-0.006171973,0
9.319980621,-4.554273129,1,-2.456565142,1,-9.050474167,1,0.1111608,1,-0.549287558,1,0.325728625,1,0.25298357,0,-0.500095069,0,-0.00535619,0
9.323983192,-4.587130547,1,-2.886757851,1,-9.197175026,1,0.099758103,1,-0.600430548,1,0.347113341,1,0.2530047,0,-0.502651215,0,-0.00452617,0
9.327980995,-4.497749329,1,-3.246837139,1,-9.307780266,1,0.070190758,1,-0.660211504,1,0.366106004,1,0.252944946,0,-0.505446076,0,-0.003677447,0
9.331980705,-4.377628326,1,-3.002089739,1,-9.235941887,1,0.020618007,1,-0.718881011,1,0.390403628,1,0.252685428,0,-0.508499861,0,-0.002798973,0
9.335982323,-4.453876495,1,-2.719003677,1,-9.375947952,1,0.040208872,1,-0.783313572,1,0.413311273,1,0.252362996,0,-0.511816502,0,-0.00188033,0
9.339980125,-4.414381027,1,-2.93241477,1,-9.399704933,1,0.035402458,1,-0.840252459,1,0.452486873,1,0.252030671,0,-0.515407443,0,-0.000879054,0
9.343979836,-4.376605511,1,-3.078017473,1,-9.421711922,1,0.005636639,1,-0.913253486,1,0.475973219,1,0.251578808,0,-0.519256175,0,0.000182933,0
9.347980499,-4.475492954,1,-3.003305674,1,-9.515062332,1,-0.035647154,1,-0.973277628,1,0.49871549,1,0.250979781,0,-0.523407817,0,0.00126797,0
9.351978302,-4.149682522,1,-2.521677971,1,-9.463219643,1,-0.050269417,1,-1.053263783,1,0.507678986,1,0.250252008,0,-0.527827859,0,0.002360242,0
9.355978012,-4.442978859,1,-2.11999917,1,-9.602592468,1,-0.039456218,1,-1.136857867,1,0.516530633,1,0.249533832,0,-0.532586694,0,0.003403988,0
9.35997963,-4.730148315,1,-1.995869994,1,-9.674152374,1,-0.012591265,1,-1.225942254,1,0.539705157,1,0.248892665,0,-0.537678301,0,0.004438925,0
9.363977432,-4.860035896,1,-2.754535198,1,-9.655117989,1,-0.010382025,1,-1.305405021,1,0.552923143,1,0.248338461,0,-0.543128967,0,0.005460481,0
9.367976189,-4.863230705,1,-3.212668419,1,-9.690459251,1,-0.073058024,1,-1.400494099,1,0.581339955,1,0.247645751,0,-0.548915267,0,0.006471359,0
9.371977806,-4.767689705,1,-2.934873581,1,-10.04385662,1,-0.132324532,1,-1.503032207,1,0.602462947,1,0.246685937,0,-0.555129886,0,0.007503364,0
9.375981331,-4.227851868,1,-2.21970129,1,-10.04068565,1,-0.141371012,1,-1.624949932,1,0.635647833,1,0.245562866,0,-0.561790109,0,0.00854882,0
9.379981041,-4.561355591,1,-2.601591349,1,-10.33385086,1,-0.138147205,1,-1.725095153,1,0.678503871,1,0.244436383,0,-0.568928897,0,0.009641455,0
9.383982658,-4.374687195,1,-3.243237257,1,-10.076087,1,-0.168215051,1,-1.843198061,1,0.718625009,1,0.243182614,0,-0.576520622,0,0.010824288,0
9.387980461,-4.714399815,1,-3.511953115,1,-10.38219166,1,-0.209023729,1,-1.974893093,1,0.766546965,1,0.241738483,0,-0.584650397,0,0.012070034,0
9.391980171,-4.836215496,1,-3.525007486,1,-10.64052391,1,-0.266683936,1,-2.093497753,1,0.828588426,1,0.240009174,0,-0.593304515,0,0.013464463,0
9.395982742,-4.747672081,1,-3.842765093,1,-11.06150341,1,-0.330496699,1,-2.225604773,1,0.907031119,1,0.237902507,0,-0.602512538,0,0.015087814,0
9.399979591,-4.115653992,1,-3.581837177,1,-10.96669388,1,-0.363874406,1,-2.381028652,1,0.973083436,1,0.235486642,0,-0.612333953,0,0.016894292,0
9.403979301,-4.39071846,1,-3.642635345,1,-11.98836136,1,-0.391490608,1,-2.564027309,1,1.039196849,1,0.232813478,0,-0.622904181,0,0.018901244,0
9.407981873,-3.928358078,1,-3.33313036,1,-11.93520737,1,-0.400810987,1,-2.722403288,1,1.128489614,1,0.229947209,0,-0.634174049,0,0.021100858,0
9.411979675,-3.406751394,1,-4.083852291,1,-12.08910179,1,-0.429169714,1,-2.963525295,1,1.222740054,1,0.226799265,0,-0.646310866,0,0.023606388,0
9.415979385,-4.958231926,1,-5.598241329,1,-13.92777443,1,-0.549982011,1,-3.12208271,1,1.30735147,1,0.223221153,0,-0.6593768,0,0.026397131,0
9.419980049,2.615236998,1,-0.917322278,1,-11.14384365,1,-0.299461991,1,-3.601486206,1,1.477080345,1,0.21927315,0,-0.672962964,0,0.029564952,0
9.423977852,-8.338368416,1,-2.389006138,1,-15.57579041,1,-0.390876472,1,-3.755994797,1,1.573961139,1,0.215707392,0,-0.689028203,0,0.032945164,0
9.427977562,-3.847474813,1,-9.091339111,1,-12.41129684,1,-0.582053304,1,-4.066337585,1,1.821614861,1,0.211010143,0,-0.705655217,0,0.037434414,0
9.431979179,-0.503610969,1,-10.00233936,1,-14.08586407,1,-0.675641418,1,-4.535494328,1,1.812051535,1,0.205346122,0,-0.723952413,0,0.042081069,0
9.435976982,-1.84950757,1,-5.145311832,1,-14.74180984,1,-0.598296762,1,-4.89656496,1,2.090464592,1,0.199377075,0,-0.7440328,0,0.047174577,0
9.439975739,-3.017473936,1,-7.124080658,1,-14.49691868,1,-0.507472515,1,-5.245298862,1,2.394439936,1,0.19256185,0,-0.765663981,0,0.053917911,0
9.443977356,-3.678200483,1,-11.51175022,1,-14.6410923,1,-0.544640899,1,-5.601814747,1,2.568962336,1,0.184938043,0,-0.788848162,0,0.061875369,0
9.447975159,-4.657016754,1,-13.24123859,1,-15.14257717,1,-0.777914226,1,-5.922256947,1,2.805365086,1,0.175564215,0,-0.812431991,0,0.073059,0
9.451974869,-4.138828754,1,-11.76266766,1,-14.744277,1,-0.978809834,1,-6.27202034,1,3.166273117,1,0.163865149,0,-0.838413835,0,0.084294938,0
9.455976486,-1.927467465,1,-11.88635826,1,-14.98817921,1,-1.170187473,1,-6.706542969,1,3.431303501,1,0.149233729,0,-0.866113067,0,0.097964384,0
9.459974289,-2.374321461,1,-10.33384609,1,-14.89729691,1,-1.287925363,1,-7.115367889,1,3.758255959,1,0.131752416,0,-0.895531058,0,0.114236698,0
9.463973999,-6.844779491,1,-9.911287308,1,-15.98071957,1,-1.319683433,1,-7.375701904,1,4.011678219,1,0.111154184,0,-0.926248133,0,0.133688673,0
9.467975616,-8.019659042,1,-8.553666115,1,-15.51725101,1,-1.321513534,1,-7.528542995,1,4.211536407,1,0.087428734,0,-0.957497716,0,0.156479031,0
9.471973419,-8.782061577,1,-7.560801983,1,-16.22654343,1,-1.366865039,1,-7.760447502,1,4.38036108,1,0.060097631,0,-0.989265859,0,0.182994694,0
9.475973129,-16.38877678,1,-6.861464024,1,-18.37647438,1,-1.26601553,1,-7.739812374,1,4.471173286,1,0.029149132,0,-1.021155,0,0.21340403,0
9.479974747,-20.14131927,1,-7.713600636,1,-18.69950867,1,-1.271501064,1,-7.386791706,1,4.616085052,1,-0.006041254,0,-1.051639676,0,0.248432606,0
9.483972549,-17.24938011,1,-8.203235626,1,-17.65704155,1,-1.308822393,1,-7.209141731,1,4.701186657,1,-0.046275139,0,-1.08030498,0,0.288502634,0
9.487971306,-19.40584183,1,-9.843919754,1,-17.02802658,1,-1.315589547,1,-7.038926601,1,4.817555428,1,-0.092162579,0,-1.107456326,0,0.334209144,0
9.491973877,-21.54410744,1,-10.48409462,1,-16.45230675,1,-1.449615121,1,-6.703891754,1,4.990501404,1,-0.144621596,0,-1.132433772,0,0.386372805,0
9.495977402,-20.60577393,1,-12.66763401,1,-16.94955063,1,-1.535961509,1,-6.423044682,1,5.080275536,1,-0.204236895,0,-1.154821396,0,0.445263356,0
9.499977112,-21.82568932,1,-12.55948734,1,-17.01533127,1,-1.704902887,1,-6.226913452,1,5.083061695,1,-0.270475775,0,-1.174595356,0,0.510345936,0
9.503978729,-21.09789467,1,-12.76873684,1,-16.2232914,1,-1.971803308,1,-6.007515907,1,5.154931068,1,-0.343737245,0,-1.191777349,0,0.581546187,0
9.507976532,-18.58435249,1,-14.26946545,1,-13.503829,1,-2.40850687,1,-5.81329298,1,5.259773254,1,-0.424660385,0,-1.205886722,0,0.659044206,0
9.511976242,-18.00539589,1,-12.74610424,1,-13.05810261,1,-2.942361593,1,-5.455366135,1,5.16220808,1,-0.512269735,0,-1.216585875,0,0.741161585,0
9.515977859,-13.9087677,1,-11.32309151,1,-9.266113281,1,-3.396802187,1,-4.955769062,1,5.01157999,1,-0.602203369,0,-1.223577738,0,0.823441207,0
9.519975662,-6.205377579,1,-8.864673615,1,-8.858641624,1,-3.8918612,1,-4.292355061,1,4.837313175,1,-0.691606402,0,-1.226473927,0,0.902931213,0
9.523974419,-6.239245892,1,-5.957052231,1,-10.02332401,1,-4.197147369,1,-3.728773832,1,4.638723373,1,-0.776597142,0,-1.225585222,0,0.976008415,0
9.527976036,-12.58864784,1,-3.659613371,1,-15.01658344,1,-4.079321861,1,-3.382071972,1,4.225937843,1,-0.85603261,0,-1.222385645,0,1.042649627,0
9.531973839,-12.8972559,1,-0.74289149,1,-16.85528374,1,-3.381271601,1,-2.871759653,1,3.605161667,1,-0.924248695,0,-1.218026876,0,1.099338174,0
9.535973549,-17.14300537,1,7.68031311,1,-17.47995186,1,-2.273424149,1,-2.583167791,1,3.099414349,1,-0.980722904,0,-1.213423014,0,1.147341847,0
9.539975166,-24.3095932,1,11.56488705,1,-20.46809006,1,-0.710958302,1,-1.998166203,1,2.566123962,1,-1.023917675,0,-1.208967686,0,1.187167168,0
9.543972969,-12.80002785,1,3.113207579,1,-19.23722839,1,0.252684981,1,-1.081715226,1,2.200278044,1,-1.051048875,0,-1.203835487,0,1.215355039,0
9.547972679,-3.984077215,1,-4.160833836,1,-16.35928154,1,0.891232669,1,-0.491542846,1,1.805057168,1,-1.065823674,0,-1.198327661,0,1.233703732,0
9.551974297,-3.058891058,1,-8.113938332,1,-13.56863403,1,1.398174405,1,-0.173565283,1,1.400152802,1,-1.071863532,0,-1.193353295,0,1.24515748,0
9.555972099,-4.67084074,1,-9.576413155,1,-12.24068546,1,1.643433094,1,0.110612705,1,1.192494273,1,-1.072125912,0,-1.188904285,0,1.252072334,0
9.559970856,-4.497965336,1,-10.85056114,1,-11.59280014,1,1.552150011,1,0.444907814,1,1.090958714,1,-1.06871438,0,-1.184374928,0,1.255348682,0
9.563972473,-1.764024138,1,-11.68713188,1,-10.2005291,1,1.320444345,1,0.789493501,1,0.961283207,1,-1.062491775,0,-1.179567695,0,1.254851222,0
9.567970276,0.94889158,1,-11.76066589,1,-8.524962425,1,1.10938406,1,1.033183098,1,0.806918502,1,-1.05413425,0,-1.174678922,0,1.251048684,0
9.571969986,2.39998436,1,-10.62406826,1,-7.66183424,1,0.974648476,1,1.210432172,1,0.645645022,1,-1.044144034,0,-1.169922471,0,1.244722247,0
9.575971603,3.252422094,1,-8.936767578,1,-7.208044529,1,0.874341428,1,1.364915013,1,0.490517944,1,-1.032745719,0,-1.165349364,0,1.236332417,0
9.579969406,4.200535774,1,-7.265226841,1,-6.841775894,1,0.835440636,1,1.477180481,1,0.333083719,1,-1.020053387,0,-1.160981536,0,1.226209998,0
9.583969116,5.04685688,1,-5.937507629,1,-6.578813553,1,0.872787654,1,1.539860725,1,0.154337019,1,-1.006102681,0,-1.156948328,0,1.214693666,0
9.587970734,5.735864162,1,-5.167845249,1,-6.163719654,1,0.969796419,1,1.584228396,1,-0.03952058,1,-0.990846217,0,-1.153368354,0,1.202028751,0
9.591968536,6.47440052,1,-4.659213066,1,-5.768857956,1,1.110732913,1,1.619574785,1,-0.231577188,1,-0.974047601,0,-1.150270104,0,1.188180089,0
9.595968246,6.716071606,1,-4.458632469,1,-5.529113293,1,1.257048726,1,1.664262652,1,-0.427092493,1,-0.955590069,0,-1.14762187,0,1.173148274,0
9.59996891,6.622665405,1,-4.418295383,1,-5.468199253,1,1.396803379,1,1.69662571,1,-0.607418418,1,-0.935545623,0,-1.145363092,0,1.156981587,0
9.603966713,6.530145168,1,-4.459134579,1,-5.532505035,1,1.507545948,1,1.73663187,1,-0.782847106,1,-0.913992643,0,-1.143453121,0,1.139690518,0
9.607966423,6.291108131,1,-4.659666061,1,-5.579395771,1,1.583571792,1,1.778340816,1,-0.95060271,1,-0.891017199,0,-1.141825557,0,1.121240139,0
9.61196804,6.144433975,1,-4.846728802,1,-5.631365776,1,1.635769963,1,1.816654921,1,-1.105452538,1,-0.866754889,0,-1.140397906,0,1.101644039,0
9.615965843,5.848501682,1,-4.890925407,1,-5.812030792,1,1.65724802,1,1.861088395,1,-1.25568676,1,-0.84136492,0,-1.139139056,0,1.080948114,0
9.619972229,5.283567429,1,-4.890276909,1,-6.034439564,1,1.655596375,1,1.922752738,1,-1.391752124,1,-0.814881444,0,-1.137916923,0,1.059077501,0
9.623973846,4.715613842,1,-4.751386166,1,-6.280696869,1,1.64531374,1,1.990638375,1,-1.523055673,1,-0.787369967,0,-1.136668801,0,1.036034226,0
9.627971649,4.13310957,1,-4.599822998,1,-6.56995821,1,1.621687293,1,2.081737757,1,-1.639510036,1,-0.758856893,0,-1.135257602,0,1.011792779,0
9.631971359,3.481061697,1,-4.26930809,1,-6.838876724,1,1.607635856,1,2.174596786,1,-1.760441303,1,-0.729312122,0,-1.133612752,0,0.986324906,0
9.635972977,2.879084587,1,-3.946673393,1,-7.17457962,1,1.607279181,1,2.282328606,1,-1.86979425,1,-0.698714316,0,-1.13162744,0,0.959637702,0
9.639970779,2.360826015,1,-3.444037914,1,-7.496873856,1,1.618562937,1,2.390990257,1,-1.978564143,1,-0.667060852,0,-1.129229188,0,0.931785107,0
9.64397049,1.842274904,1,-2.883979082,1,-7.800121784,1,1.650791883,1,2.512856722,1,-2.076761007,1,-0.634386599,0,-1.126337409,0,0.902852654,0
9.647972107,1.354921103,1,-2.409204245,1,-8.070410728,1,1.70678997,1,2.641052485,1,-2.179903746,1,-0.600696087,0,-1.122865081,0,0.872940242,0
9.65196991,0.835763037,1,-2.016415119,1,-8.311394691,1,1.779212356,1,2.768423319,1,-2.269883871,1,-0.566016376,0,-1.11873877,0,0.842168808,0
9.65596962,0.314065903,1,-1.687797904,1,-8.51108551,1,1.866169333,1,2.909675837,1,-2.36190486,1,-0.530424297,0,-1.113875628,0,0.810677052,0
9.659971237,0.017649988,1,-1.350569963,1,-8.799413681,1,1.963556767,1,3.043437719,1,-2.440725565,1,-0.49407649,0,-1.108205676,0,0.778669119,0
9.66396904,-0.407411009,1,-1.113548517,1,-8.889777184,1,2.058360577,1,3.184062958,1,-2.511718512,1,-0.457177699,0,-1.101667166,0,0.746376216,0
9.667967796,-0.72592634,1,-0.860322654,1,-9.127709389,1,2.158864498,1,3.307724476,1,-2.575478077,1,-0.419960111,0,-1.094225526,0,0.7140311,0
9.671970367,-1.243261576,1,-0.844284892,1,-9.245734215,1,2.252513409,1,3.442683458,1,-2.621299267,1,-0.382690132,0,-1.085859656,0,0.681937575,0
9.67596817,-1.772220016,1,-0.816392303,1,-9.476346016,1,2.345155239,1,3.580424547,1,-2.655548334,1,-0.345618516,0,-1.076493263,0,0.650343657,0
9.67996788,-2.35402441,1,-0.855701268,1,-9.642868042,1,2.426002741,1,3.717859268,1,-2.667951107,1,-0.308999181,0,-1.066089988,0,0.619504571,0
9.683970451,-2.706636667,1,-0.81073314,1,-9.813175201,1,2.504610777,1,3.861094713,1,-2.676261425,1,-0.273059666,0,-1.054629922,0,0.589624166,0
9.6879673,-3.099597216,1,-0.861850381,1,-10.03892231,1,2.574743748,1,3.988022566,1,-2.67589426,1,-0.238008335,0,-1.042141318,0,0.560905933,0
9.691967964,-3.514547825,1,-0.872933209,1,-10.19128323,1,2.632371902,1,4.121407986,1,-2.667807102,1,-0.204030007,0,-1.028657436,0,0.533509433,0
9.695969582,-3.964861155,1,-0.982745528,1,-10.28872871,1,2.685452938,1,4.249981403,1,-2.651988268,1,-0.169625029,0,-1.013703942,0,0.508795738,0
9.699967384,-4.307569981,1,-1.083049297,1,-10.44842911,1,2.724277973,1,4.373271942,1,-2.635324478,1,-0.138121754,0,-0.998288095,0,0.484320641,0
9.703967094,-4.54241991,1,-1.150301456,1,-10.56699085,1,2.752002239,1,4.491948605,1,-2.629518509,1,-0.107928634,0,-0.981981874,0,0.461308569,0
9.707968712,-4.604654312,1,-1.183691502,1,-10.69485092,1,2.760240078,1,4.59473753,1,-2.623386145,1,-0.079032592,0,-0.964863837,0,0.439703494,0
9.711966515,-4.859371662,1,-1.178109169,1,-10.88814354,1,2.766018391,1,4.693195343,1,-2.619692564,1,-0.051447898,0,-0.947006583,0,0.419473618,0
9.715965271,-4.964322567,1,-1.046843886,1,-11.05997944,1,2.770204544,1,4.781181335,1,-2.630121708,1,-0.025093725,0,-0.928472221,0,0.400515646,0
9.719966888,-5.086894035,1,-0.859443486,1,-11.21321487,1,2.780280828,1,4.866603851,1,-2.633960009,1,0.000109474,0,-0.909312248,0,0.382774681,0
9.723965645,-5.191031933,1,-0.634243965,1,-11.41412449,1,2.799736977,1,4.929339886,1,-2.650309563,1,0.024267737,0,-0.889598787,0,0.36617142,0
9.727964401,-5.345418453,1,-0.472013593,1,-11.7160778,1,2.837193727,1,4.990777969,1,-2.67372179,1,0.04752202,0,-0.869387984,0,0.350620925,0
9.731966019,-5.372808933,1,-0.280015886,1,-11.94084358,1,2.880836725,1,5.044439793,1,-2.688342094,1,0.069992125,0,-0.848719895,0,0.336042821,0
9.735963821,-5.543644428,1,-0.076557323,1,-12.13891029,1,2.933786392,1,5.088628769,1,-2.719298601,1,0.091787674,0,-0.827652693,0,0.322373331,0
9.739969254,-5.571470737,1,0.00332106,1,-12.3707571,1,2.995659113,1,5.113186836,1,-2.754626751,1,0.113020502,0,-0.806228638,0,0.309514135,0
9.743970871,-5.55348444,1,0.138266951,1,-12.55816746,1,3.055484295,1,5.141088009,1,-2.783216,1,0.133753657,0,-0.784501016,0,0.297424912,0
9.747968674,-5.591270924,1,-0.038820256,1,-12.73436928,1,3.109544992,1,5.147542,1,-2.808499098,1,0.154029652,0,-0.762533009,0,0.286072254,0
9.751968384,-5.62614727,1,-0.175650269,1,-12.90424824,1,3.159219503,1,5.148587227,1,-2.830069304,1,0.173831105,0,-0.740373969,0,0.275438339,0
9.755970955,-5.653850555,1,-0.381361276,1,-13.05571079,1,3.18407321,1,5.135084152,1,-2.847820044,1,0.193152279,0,-0.718093514,0,0.265488893,0
9.759967804,-5.720415592,1,-0.598891735,1,-13.26149273,1,3.199856281,1,5.1072855,1,-2.864934921,1,0.211967707,0,-0.695729136,0,0.256180435,0
9.763968468,-5.910120964,1,-0.679320395,1,-13.49279499,1,3.196726799,1,5.07732296,1,-2.883374691,1,0.230277836,0,-0.673335016,0,0.247459933,0
9.767970085,-6.053829193,1,-0.87239486,1,-13.76897335,1,3.182605505,1,5.043728352,1,-2.897731543,1,0.248053893,0,-0.650938988,0,0.239291742,0
9.771967888,-6.416688442,1,-0.952017486,1,-14.15680027,1,3.161816359,1,5.007204533,1,-2.917835236,1,0.265317023,0,-0.628540099,0,0.231630012,0
9.775967598,-7.15765667,1,-1.03731513,1,-14.70658493,1,3.124290228,1,4.977209091,1,-2.938548803,1,0.282072008,0,-0.606154919,0,0.224418536,0
9.779969215,-7.439719677,1,-1.093554735,1,-15.1468029,1,3.093799353,1,4.962186337,1,-2.965652704,1,0.298312128,0,-0.58372736,0,0.217616692,0
9.783967018,-7.985716343,1,-1.294336796,1,-15.69024563,1,3.070231676,1,4.954636097,1,-2.986908197,1,0.314109623,0,-0.561225951,0,0.211217105,0
9.787965775,-8.695737839,1,-1.490707397,1,-16.36354065,1,3.052538395,1,4.951797962,1,-3.03172946,1,0.329510152,0,-0.538628042,0,0.205181137,0
9.791967392,-9.56816864,1,-1.644880652,1,-16.965271,1,3.039420605,1,4.973956585,1,-3.075395584,1,0.344566911,0,-0.51586318,0,0.199449867,0
9.795965195,-10.41278553,1,-1.756129742,1,-17.80723381,1,3.022801399,1,4.98926878,1,-3.165655613,1,0.359365284,0,-0.492853254,0,0.193915367,0
9.799964905,-11.27850056,1,-1.843293428,1,-18.60409164,1,3.007148027,1,5.019881248,1,-3.271192551,1,0.373946071,0,-0.469557464,0,0.188464567,0
9.803966522,-12.35297775,1,-1.63625145,1,-19.41473198,1,2.963860035,1,5.037156105,1,-3.41527462,1,0.388312995,0,-0.445924133,0,0.182961822,0
9.807964325,-13.43816376,1,-1.4448241,1,-20.10707855,1,2.920455217,1,5.065090656,1,-3.590350389,1,0.402469248,0,-0.42187947,0,0.177306801,0
9.811964035,-14.52588081,1,-1.204701662,1,-20.35258102,1,2.858079672,1,5.111568451,1,-3.783324957,1,0.416388929,0,-0.397331595,0,0.171385959,0
9.815965652,-15.57512283,1,-0.728168964,1,-20.19192314,1,2.773142338,1,5.142989159,1,-3.9914608,1,0.429988116,0,-0.372239292,0,0.165176123,0
9.819963455,-16.51574516,1,0.224348903,1,-20.03758812,1,2.67541337,1,5.142013073,1,-4.163843155,1,0.443164587,0,-0.346691489,0,0.158685595,0
9.823963165,-17.32428932,1,2.015352249,1,-19.86536598,1,2.632266283,1,5.105967522,1,-4.260068417,1,0.455941617,0,-0.320893466,0,0.15203619,0
9.827963829,-18.80066109,1,2.950350285,1,-19.18287468,1,2.663957357,1,5.074717045,1,-4.275382519,1,0.468501776,0,-0.295048416,0,0.145496756,0
9.831961632,-19.93244362,1,3.916777134,1,-18.45739937,1,2.764193773,1,5.053881645,1,-4.203694344,1,0.481045991,0,-0.269258797,0,0.139420986,0
9.835961342,-21.84228516,1,3.276609898,1,-18.653759,1,2.799355745,1,5.085047722,1,-4.157365799,1,0.493596852,0,-0.243599296,0,0.133979246,0
9.839962959,-21.41187668,1,4.023684978,1,-14.8177309,1,2.913421154,1,4.967103004,1,-3.795003891,1,0.506138206,0,-0.21822992,0,0.129566655,0
9.843960762,-25.73497963,1,1.772317648,1,-13.69980717,1,2.881554604,1,4.852183819,1,-3.485117197,1,0.518363059,0,-0.193989798,0,0.126382232,0
9.847960472,-27.0473423,1,0.856021106,1,-11.48418808,1,2.761600256,1,4.803854465,1,-3.078193665,1,0.529998958,0,-0.170686409,0,0.12465255,0
9.85196209,-28.57889938,1,1.362915158,1,-8.819797516,1,2.568963289,1,4.679121017,1,-2.642262936,1,0.540683508,0,-0.148518279,0,0.124485627,0
9.855959892,-30.11914635,1,3.226577282,1,-6.131306171,1,2.44524622,1,4.507761002,1,-2.170454264,1,0.550517142,0,-0.127808556,0,0.125798494,0
9.859965324,-30.84040642,1,5.936666012,1,-3.615162134,1,2.437072277,1,4.267809868,1,-1.68135035,1,0.559943676,0,-0.108803593,0,0.128545508,0
9.863966942,-30.94641876,1,8.749729156,1,-1.387269258,1,2.525094509,1,3.95681572,1,-1.204284072,1,0.569443405,0,-0.091804892,0,0.132502809,0
9.867964745,-29.92505264,1,11.86267185,1,0.551676631,1,2.714378357,1,3.577543974,1,-0.760129511,1,0.579470754,0,-0.077005424,0,0.13742806,0
9.871964455,-28.801054,1,14.66386986,1,2.011544228,1,2.97761488,1,3.140580177,1,-0.366029829,1,0.590442359,0,-0.064552568,0,0.143008649,0
9.875966072,-27.86426353,1,17.45729637,1,2.613875389,1,3.286601543,1,2.641040087,1,-0.047697313,1,0.602629781,0,-0.054517008,0,0.148850575,0
9.879963875,-28.16549873,1,18.81867218,1,3.182538509,1,3.552346468,1,2.175086498,1,0.167339176,1,0.616040111,0,-0.046779577,0,0.154574215,0
9.883963585,-29.43932533,1,18.70808601,1,3.499311924,1,3.70503974,1,1.761046767,1,0.322929442,1,0.630346119,0,-0.04097924,0,0.159973621,0
9.887965202,-30.9686203,1,17.48010063,1,3.863737583,1,3.694628716,1,1.402429342,1,0.414438963,1,0.644994557,0,-0.036788985,0,0.164933473,0
9.891963005,-32.42917633,1,15.5072937,1,3.973779917,1,3.460883856,1,1.087931871,1,0.455805987,1,0.659204006,0,-0.033900723,0,0.169340387,0
9.895962715,-33.23260117,1,12.97359371,1,4.086879253,1,2.970352173,1,0.805716634,1,0.451451868,1,0.671995997,0,-0.032055352,0,0.173109695,0
9.899964333,-33.29660034,1,9.712982178,1,4.497545719,1,2.261595726,1,0.564635396,1,0.461624116,1,0.682430506,0,-0.031076662,0,0.176249221,0
9.903962135,-32.59142685,1,6.651371002,1,4.507438183,1,1.386415362,1,0.332534611,1,0.467817724,1,0.689672589,0,-0.030879702,0,0.178815499,0
9.907961845,-29.25749588,1,3.78339529,1,3.773759365,1,0.414848953,1,0.006617239,1,0.586435258,1,0.693266869,0,-0.031635839,0,0.180889219,0
9.911963463,-17.98874283,1,-10.92200661,1,2.58351016,1,-1.520837784,1,-0.714239955,1,1.082208633,1,0.691223323,0,-0.034638699,0,0.182539672,0
9.915961266,-35.73906326,1,-3.601091623,1,8.797371864,1,-3.183784723,1,-1.83292985,1,2.011885643,1,0.681515813,0,-0.042504046,0,0.184077501,0
9.919960976,-33.2417984,1,5.409817696,1,12.75750351,1,-3.821363449,1,-2.429528236,1,2.762848139,1,0.667163432,0,-0.055300269,0,0.186175525,0
9.923962593,-2.439448118,1,9.865373611,1,10.35359192,1,-3.679538727,1,-2.408097982,1,3.138334751,1,0.651923776,0,-0.070243448,0,0.189584881,0
9.927960396,2.253342628,1,3.795429468,1,-0.096590258,1,-3.999919176,1,-2.791399717,1,3.46653223,1,0.636298418,0,-0.086430185,0,0.194032192,0
9.931960106,-16.06768227,1,-1.925505638,1,-14.81643295,1,-3.927118063,1,-2.86384201,1,3.473040342,1,0.619841218,0,-0.104010932,0,0.198549137,0
9.935961723,-9.198454857,1,-12.70225811,1,-23.59893417,1,-3.615707874,1,-2.155918598,1,3.252793789,1,0.604191422,0,-0.120011128,0,0.20375298,0
9.939959526,-0.053240463,1,-26.54270172,1,-24.67793846,1,-3.743510962,1,-1.639993787,1,3.041235447,1,0.588849247,0,-0.133303612,0,0.210087359,0
9.943959236,3.255740404,1,-31.93946457,1,-19.66959763,1,-4.149548531,1,-1.380945683,1,2.769615412,1,0.572254896,0,-0.144636273,0,0.216589868,0
9.947961807,6.021119118,1,-27.88999748,1,-13.39942455,1,-4.458001614,1,-1.571302772,1,2.59981966,1,0.554031312,0,-0.154151425,0,0.222061917,0
9.951958656,5.982217312,1,-18.89952469,1,-8.555659294,1,-4.82208395,1,-1.934495807,1,2.552304268,1,0.534537375,0,-0.165461048,0,0.227318004,0
9.955958366,5.646568298,1,-3.95791316,1,-5.613114834,1,-5.036900043,1,-2.804597378,1,2.528817415,1,0.513962567,0,-0.178708464,0,0.23137939,0
9.959960938,7.330636501,1,6.093758106,1,-6.197227001,1,-4.76320076,1,-3.594299555,1,2.518595934,1,0.493603647,0,-0.194792405,0,0.234171718,0
9.96395874,1.686727643,1,7.462809563,1,-7.652374268,1,-4.401958942,1,-4.522886753,1,2.281715393,1,0.475094974,0,-0.213668123,0,0.235211641,0
9.967956543,-8.473002434,1,12.1153574,1,-12.56722736,1,-3.843565226,1,-4.832434654,1,1.762332559,1,0.45887202,0,-0.234204486,0,0.233958572,0
9.971959114,-15.84763336,1,15.57263374,1,-17.83426094,1,-3.320652723,1,-4.735026836,1,1.363269806,1,0.445291489,0,-0.254189253,0,0.231030717,0
9.975956917,-21.16919136,1,17.40811157,1,-21.70490456,1,-2.816445827,1,-4.290605545,1,1.169817805,1,0.433844626,0,-0.272736371,0,0.227737859,0
9.979962349,-22.29007912,1,17.01710892,1,-21.61546326,1,-2.349983692,1,-3.703869581,1,1.15675652,1,0.424267352,0,-0.289197028,0,0.225165293,0
9.983963966,-19.98376274,1,17.56103516,1,-19.33426476,1,-1.787920475,1,-3.263282299,1,1.352461576,1,0.416297168,0,-0.303912282,0,0.223988459,0
9.987961769,-19.43600845,1,14.51178074,1,-17.91298485,1,-1.345402837,1,-2.929589987,1,1.590872288,1,0.409907788,0,-0.317599416,0,0.224434808,0
9.991961479,-17.69976807,1,7.315091133,1,-16.374403,1,-1.076768517,1,-2.524050951,1,1.731988311,1,0.404510468,0,-0.330276728,0,0.226350978,0
9.995963097,-14.19353199,1,-0.330650389,1,-13.38247299,1,-0.898740947,1,-2.222781897,1,1.684613943,1,0.399669349,0,-0.341663778,0,0.229163051,0
9.999960899,-13.64144135,1,-6.924690723,1,-10.6335535,1,-0.882420659,1,-2.097575665,1,1.471467733,1,0.395236701,0,-0.352094799,0,0.23181805,0
10.00396061,-12.66612053,1,-11.6649065,1,-8.288444519,1,-0.972872674,1,-1.906439781,1,1.085362196,1,0.390888661,0,-0.361434191,0,0.233603477,0
10.00796223,-9.692047119,1,-11.40044498,1,-5.938715935,1,-1.090023875,1,-1.84247601,1,0.785410464,1,0.386576116,0,-0.36976397,0,0.234240562,0
10.01196003,-6.575721264,1,-9.241791725,1,-5.268320084,1,-1.242626429,1,-1.761410236,1,0.596243918,1,0.381973028,0,-0.377450317,0,0.234036118,0
10.01595974,-4.600532532,1,-5.05388546,1,-6.346066475,1,-1.382033706,1,-1.724881291,1,0.610712826,1,0.376879334,0,-0.384802282,0,0.233637497,0
10.0199604,-8.443490982,1,-1.766449094,1,-9.465513229,1,-1.490627408,1,-1.590682387,1,0.692101479,1,0.371098101,0,-0.391987085,0,0.233625069,0
10.02395821,-14.97589874,1,2.154616594,1,-13.32415771,1,-1.484207869,1,-1.143422723,1,0.761232018,1,0.364828467,0,-0.398211867,0,0.23443599,0
10.02795792,-14.0813303,1,6.256322384,1,-13.12072277,1,-1.249612451,1,-0.597568333,1,0.802162766,1,0.358631134,0,-0.402512431,0,0.236295238,0
10.03196049,-12.15350533,1,5.219544888,1,-11.34387016,1,-1.016274452,1,-0.272410274,1,0.731389523,1,0.35307014,0,-0.405206054,0,0.238805011,0
10.03595734,-7.568640709,1,2.605524778,1,-9.08218956,1,-0.868140519,1,-0.178969949,1,0.671869814,1,0.348355949,0,-0.406917572,0,0.241363421,0
10.03995705,-9.091984749,1,-0.956974685,1,-10.08509159,1,-0.744110525,1,-0.152334467,1,0.494258255,1,0.3442626,0,-0.408415169,0,0.243500888,0
10.04395962,-6.242769241,1,-3.648459673,1,-9.202610016,1,-0.659140825,1,-0.10648483,1,0.33113414,1,0.340871215,0,-0.409403026,0,0.244992882,0
10.04795742,-6.782307148,1,-5.091651917,1,-9.467802048,1,-0.609080553,1,-0.090619914,1,0.222953364,1,0.337959349,0,-0.410165042,0,0.245970592,0
10.05195713,-6.105937004,1,-4.481479168,1,-9.079708099,1,-0.617798626,1,-0.052154005,1,0.217527032,1,0.33520025,0,-0.410700828,0,0.24675189,0
10.05595875,-5.143769741,1,-3.17877984,1,-9.185619354,1,-0.624437511,1,-0.08368741,1,0.272608787,1,0.332324088,0,-0.411278635,0,0.247676671,0
10.05995655,-4.623051643,1,-2.637401581,1,-9.460802078,1,-0.622488678,1,-0.083841786,1,0.313379616,1,0.329380214,0,-0.411978304,0,0.24877426,0
10.06395531,-4.629563808,1,-2.328394175,1,-9.394407272,1,-0.596143126,1,-0.122549638,1,0.305028886,1,0.326481223,0,-0.412777603,0,0.249908611,0
10.06795692,-4.919308186,1,-2.204977036,1,-9.353491783,1,-0.565618932,1,-0.136772558,1,0.293368787,1,0.323721051,0,-0.41364482,0,0.250971794,0
10.07195473,-5.249218464,1,-1.464818001,1,-9.251422882,1,-0.518425345,1,-0.146404266,1,0.278475821,1,0.321147501,0,-0.414556175,0,0.251947165,0
10.07595444,-5.640931606,1,-0.520437062,1,-9.472140312,1,-0.453685433,1,-0.157332957,1,0.254809499,1,0.318828255,0,-0.415468127,0,0.252853394,0
10.07995606,-5.801043987,1,0.370815426,1,-9.319366455,1,-0.347732157,1,-0.130604401,1,0.22154443,1,0.316912085,0,-0.416307449,0,0.253656715,0
10.08395386,-5.349372864,1,0.414574116,1,-9.075735092,1,-0.248016,1,-0.152555242,1,0.179626316,1,0.315463513,0,-0.417086929,0,0.254309237,0
10.08795357,-5.251046181,1,-0.236390054,1,-9.292658806,1,-0.147321761,1,-0.154419065,1,0.129453182,1,0.314499736,0,-0.417862445,0,0.254745811,0
10.09195423,-4.620532513,1,-0.792592824,1,-9.31668663,1,-0.078220055,1,-0.162848547,1,0.100919604,1,0.31394273,0,-0.418604016,0,0.255007118,0
10.09595203,-3.996233225,1,-1.429246306,1,-9.373642921,1,-0.016435573,1,-0.198484823,1,0.096356668,1,0.313693166,0,-0.419404566,0,0.255172104,0
10.09995747,-3.929239988,1,-1.761105299,1,-9.498296738,1,0.022357123,1,-0.239037126,1,0.105270714,1,0.313661605,0,-0.42035085,0,0.255296081,0
10.10395908,-4.47183609,1,-1.816865206,1,-9.283762932,1,0.061551243,1,-0.280343533,1,0.119126365,1,0.313781083,0,-0.421482176,0,0.255411148,0
10.10795689,-4.865290642,1,-1.95000577,1,-9.091918945,1,0.096639812,1,-0.298775703,1,0.120759264,1,0.314047277,0,-0.422729075,0,0.255527437,0
10.1119566,-4.920382023,1,-2.228843689,1,-8.951499939,1,0.130834982,1,-0.319415361,1,0.116296053,1,0.314461231,0,-0.424059629,0,0.255616963,0
10.11595917,-4.747991562,1,-2.52728653,1,-8.903826714,1,0.151410535,1,-0.33947745,1,0.109280713,1,0.31501475,0,-0.425448596,0,0.255645305,0
10.11995602,-4.350814342,1,-2.546212196,1,-8.897388458,1,0.167200327,1,-0.367678821,1,0.107799746,1,0.31566301,0,-0.426925182,0,0.255622506,0
10.12395668,-4.498119831,1,-2.312350512,1,-8.798745155,1,0.172962621,1,-0.38867557,1,0.109063998,1,0.316362828,0,-0.428509384,0,0.255553633,0
10.1279583,-4.82401228,1,-2.145177126,1,-8.733342171,1,0.193562791,1,-0.408800542,1,0.097701281,1,0.317136526,0,-0.430150658,0,0.255458087,0
10.1319561,-4.829380989,1,-2.018937588,1,-8.679391861,1,0.210988969,1,-0.431041807,1,0.071784429,1,0.318046838,0,-0.431850374,0,0.255243659,0
10.13595581,-4.709342003,1,-1.990789175,1,-8.737744331,1,0.23481375,1,-0.450789332,1,0.045399398,1,0.319086492,0,-0.433597594,0,0.254880726,0
10.13995743,-4.738940716,1,-1.852432132,1,-8.805436134,1,0.25355491,1,-0.478489816,1,0.021997688,1,0.320275038,0,-0.435405433,0,0.254374683,0
10.14395523,-4.575304985,1,-1.902909279,1,-8.7502985,1,0.267721981,1,-0.498146504,1,0.002830209,1,0.321583807,0,-0.437278837,0,0.253747314,0
10.14795494,-4.886994362,1,-1.913108945,1,-8.677007675,1,0.287140191,1,-0.514878452,1,-0.018536575,1,0.32300669,0,-0.439202309,0,0.25300315,0
10.15195656,-4.974687576,1,-1.954733491,1,-8.539376259,1,0.30858022,1,-0.529285848,1,-0.049948588,1,0.324572563,0,-0.441140413,0,0.252123266,0
10.15595436,-5.066505909,1,-1.766451597,1,-8.456305504,1,0.337846428,1,-0.533324778,1,-0.080700658,1,0.326299012,0,-0.443068236,0,0.251110762,0
10.15995407,-4.97543478,1,-1.687884688,1,-8.489835739,1,0.370453537,1,-0.543404162,1,-0.097401604,1,0.328203678,0,-0.444999248,0,0.249973327,0
10.16395474,-4.935700417,1,-1.648615241,1,-8.53958416,1,0.406211644,1,-0.54909128,1,-0.112439871,1,0.33028537,0,-0.446929604,0,0.248746499,0
10.16795254,-5.051570415,1,-1.869675517,1,-8.453848839,1,0.436923057,1,-0.56086731,1,-0.127208963,1,0.332537532,0,-0.448878884,0,0.247433424,0
10.17195225,-4.905478954,1,-2.099683762,1,-8.357658386,1,0.465539426,1,-0.560500324,1,-0.134111166,1,0.334941864,0,-0.450828075,0,0.246053651,0
10.17595387,-4.780508041,1,-2.549139261,1,-8.298788071,1,0.47840789,1,-0.564851403,1,-0.131701604,1,0.337440759,0,-0.452773929,0,0.244661272,0
10.17995167,-4.932569981,1,-2.842122555,1,-8.24997139,1,0.487348944,1,-0.560062826,1,-0.12010061,1,0.339967787,0,-0.454737365,0,0.243300274,0
10.18395138,-4.718236446,1,-3.266257286,1,-8.155900002,1,0.483707815,1,-0.56649971,1,-0.108761154,1,0.342488766,0,-0.456705928,0,0.241973013,0
10.187953,-5.041069508,1,-3.39714551,1,-8.085843086,1,0.482623994,1,-0.563731551,1,-0.099096678,1,0.344990879,0,-0.458696604,0,0.240690708,0
10.1919508,-4.973391533,1,-3.731447697,1,-7.975821972,1,0.464951485,1,-0.557825565,1,-0.057399064,1,0.347424209,0,-0.460700333,0,0.23950243,0
10.19594955,-4.864972591,1,-4.222602367,1,-7.856822968,1,0.437393814,1,-0.552460551,1,-0.04184464,1,0.277476698,0,-0.527919292,0,0.242472231,0
10.19995117,-4.804980278,1,-4.453291416,1,-7.837715149,1,0.388743699,1,-0.544750988,1,-0.007786349,1,0.279534042,0,-0.529994309,0,0.241667122,0
10.20394898,-4.975076199,1,-4.435492039,1,-7.644160271,1,0.361151218,1,-0.523687482,1,0.019838076,1,0.281372309,0,-0.532052457,0,0.241009042,0
10.20794869,-5.01804018,1,-4.365619183,1,-7.563061714,1,0.33099255,1,-0.506433189,1,0.043121573,1,0.283019274,0,-0.534063935,0,0.240488499,0
10.2119503,-5.155084133,1,-3.948185921,1,-7.547402859,1,0.31865418,1,-0.479362607,1,0.060043227,1,0.284517646,0,-0.536016881,0,0.240084663,0
10.21594811,-5.190522194,1,-3.697793245,1,-7.588597775,1,0.310612172,1,-0.461502999,1,0.077334128,1,0.285929084,0,-0.537893593,0,0.239784703,0
10.21995449,-5.057042122,1,-3.260831118,1,-7.811792374,1,0.303968668,1,-0.440433204,1,0.087090768,1,0.287266135,0,-0.53971535,0,0.239552975,0
10.22395515,-4.882829666,1,-2.588361025,1,-8.013415337,1,0.328501642,1,-0.440972298,1,0.091478862,1,0.288613677,0,-0.541519701,0,0.239369422,0
10.22795296,-4.89178896,1,-2.412455559,1,-7.997085094,1,0.351279944,1,-0.440496176,1,0.098417662,1,0.29004845,0,-0.543317139,0,0.239210099,0
10.23195267,-4.904417515,1,-2.432397604,1,-8.013072968,1,0.38669011,1,-0.44270125,1,0.106780805,1,0.291590869,0,-0.545127869,0,0.23908855,0
10.23595429,-4.745182514,1,-2.788952351,1,-8.191117287,1,0.385109007,1,-0.468162686,1,0.111399792,1,0.293206871,0,-0.54699409,0,0.238969028,0
10.23995304,-4.572014809,1,-2.509686947,1,-8.143703461,1,0.374260366,1,-0.487540424,1,0.107803062,1,0.294785768,0,-0.548957825,0,0.238816217,0
10.24395275,-4.87025404,1,-2.258443832,1,-8.180113792,1,0.417214751,1,-0.504478633,1,0.110096946,1,0.296463728,0,-0.550982833,0,0.238632798,0
10.24795437,-4.837281227,1,-2.636420012,1,-8.144277573,1,0.45430097,1,-0.498461097,1,0.118038148,1,0.298304737,0,-0.553037643,0,0.23845695,0
10.25195217,-4.8402071,1,-3.106299639,1,-7.959693432,1,0.46599713,1,-0.510914564,1,0.109604575,1,0.300248682,0,-0.555100918,0,0.23828043,0
10.25595093,-4.807034016,1,-3.199828148,1,-7.960338593,1,0.457277149,1,-0.524169028,1,0.112491921,1,0.302205861,0,-0.5572052,0,0.238057792,0
10.25995255,-4.732529163,1,-2.957872629,1,-8.03123951,1,0.434315413,1,-0.536096454,1,0.115492731,1,0.304112703,0,-0.559364498,0,0.237821341,0
10.26395035,-4.845221996,1,-2.493097067,1,-8.06511116,1,0.451376081,1,-0.545421004,1,0.11978931,1,0.30600965,0,-0.561571836,0,0.237580791,0
10.26795006,-4.902212143,1,-2.66992116,1,-8.043520927,1,0.467322588,1,-0.557700753,1,0.119667828,1,0.307982862,0,-0.563823104,0,0.237336516,0
10.27195168,-4.773028851,1,-2.705067158,1,-8.014133453,1,0.472980887,1,-0.568853796,1,0.122334607,1,0.310001522,0,-0.566108763,0,0.237074345,0
10.27594948,-5.076046944,1,-2.717712879,1,-7.914772987,1,0.487677038,1,-0.582227588,1,0.122245006,1,0.312070727,0,-0.568450987,0,0.236787423,0
10.27994919,-5.031477928,1,-2.777657032,1,-7.833970547,1,0.491304785,1,-0.583397508,1,0.125931531,1,0.314177364,0,-0.570817292,0,0.23649849,0
10.28395081,-5.121617794,1,-2.923853159,1,-7.760344028,1,0.479993731,1,-0.593508422,1,0.129719779,1,0.316283733,0,-0.573222935,0,0.236204654,0
10.28794861,-5.142383099,1,-2.862249613,1,-7.724275589,1,0.47952345,1,-0.603720129,1,0.124630742,1,0.318376362,0,-0.575656652,0,0.235881686,0
10.29194737,-5.155329227,1,-2.853504896,1,-7.664827347,1,0.474093139,1,-0.603588879,1,0.124722101,1,0.320466459,0,-0.578104138,0,0.235547125,0
10.29594898,-5.248270512,1,-2.917180777,1,-7.547321796,1,0.46888122,1,-0.601788282,1,0.12170095,1,0.322548211,0,-0.580558896,0,0.235194102,0
10.29994774,-5.50072813,1,-2.945301056,1,-7.402658939,1,0.467617333,1,-0.608705997,1,0.124817036,1,0.324625671,0,-0.583015501,0,0.234829351,0
10.30394745,-5.381551266,1,-3.101720572,1,-7.253109932,1,0.455995053,1,-0.603556931,1,0.119711384,1,0.326689184,0,-0.585474432,0,0.234439075,0
10.30794811,-5.478551865,1,-3.086135387,1,-7.329245567,1,0.444956422,1,-0.596948206,1,0.118078865,1,0.328707904,0,-0.587901771,0,0.234045357,0
10.31194592,-5.41156292,1,-3.17912221,1,-7.26642704,1,0.42797336,1,-0.594207883,1,0.114111669,1,0.330678225,0,-0.590298355,0,0.233647197,0
10.31594563,-5.505017281,1,-3.389761925,1,-7.218761921,1,0.412341744,1,-0.581557572,1,0.116653807,1,0.332575619,0,-0.592671335,0,0.233258948,0
10.3199482,-5.480744362,1,-3.709123373,1,-7.169438362,1,0.393503696,1,-0.561879575,1,0.130836204,1,0.334365964,0,-0.594990849,0,0.232920453,0
10.32394505,-5.407144547,1,-3.951900482,1,-7.149208546,1,0.362170964,1,-0.550701678,1,0.143069893,1,0.336019039,0,-0.597280204,0,0.232663438,0
10.32794476,-5.421793461,1,-4.397894859,1,-7.078382015,1,0.320095718,1,-0.535877407,1,0.166757986,1,0.337484062,0,-0.599545062,0,0.232497543,0
10.33194733,-5.343559742,1,-4.398882866,1,-7.045890808,1,0.274013013,1,-0.526649892,1,0.193894714,1,0.338684618,0,-0.601800144,0,0.232461393,0
10.33594513,-5.522973537,1,-4.300430298,1,-7.095956326,1,0.246195689,1,-0.519238174,1,0.219842881,1,0.339648277,0,-0.604046941,0,0.232565165,0
10.33995056,-5.640007019,1,-4.119536877,1,-7.087345123,1,0.229219452,1,-0.495157927,1,0.248480707,1,0.340460956,0,-0.606276274,0,0.232807696,0
10.34395218,-5.534395218,1,-4.10003233,1,-7.044711113,1,0.210344627,1,-0.485857874,1,0.279930621,1,0.341115475,0,-0.608482361,0,0.233217672,0
10.34794998,-5.706923485,1,-4.17707777,1,-7.07409811,1,0.190301284,1,-0.467388362,1,0.302505553,1,0.341590047,0,-0.610664964,0,0.233774349,0
10.35194969,-5.593259335,1,-4.154435635,1,-7.053274155,1,0.165317491,1,-0.454268664,1,0.328460753,1,0.34189707,0,-0.612817705,0,0.234472707,0
10.35595131,-5.520940781,1,-4.370682716,1,-7.147633076,1,0.139452323,1,-0.443414062,1,0.354462862,1,0.342032731,0,-0.614964426,0,0.235302106,0
10.35994911,-5.354464054,1,-4.337486267,1,-7.133257389,1,0.083998099,1,-0.442488909,1,0.383522838,1,0.341913283,0,-0.617125154,0,0.236282021,0
10.36394882,-5.385891438,1,-4.112230778,1,-7.641079426,1,0.066432796,1,-0.446258575,1,0.402771741,1,0.341582179,0,-0.619338453,0,0.237368062,0
10.36795044,-5.345928669,1,-4.234291553,1,-7.711619854,1,0.043642316,1,-0.462901562,1,0.429225951,1,0.341123044,0,-0.621590078,0,0.238552883,0
10.37194824,-5.440849781,1,-3.848366976,1,-7.606991291,1,0.030573582,1,-0.484571546,1,0.463464111,1,0.340522975,0,-0.623981833,0,0.239847004,0
10.37594795,-5.531262398,1,-4.009536266,1,-7.520571232,1,0.032354977,1,-0.50700444,1,0.494689703,1,0.339810193,0,-0.626491129,0,0.241271108,0
10.37994862,-5.390206337,1,-4.231452942,1,-7.594882011,1,0.022456709,1,-0.521600902,1,0.517301857,1,0.339033753,0,-0.629097462,0,0.242785066,0
10.38394642,-5.289271832,1,-3.835417747,1,-7.746297359,1,0.00996562,1,-0.535440445,1,0.538358212,1,0.338145435,0,-0.631793022,0,0.244390294,0
10.38794613,-5.248728275,1,-3.314888954,1,-7.841123104,1,0.012370316,1,-0.559044957,1,0.551478684,1,0.337210536,0,-0.634583592,0,0.24605082,0
10.3919487,-5.352083206,1,-3.130170822,1,-8.004984856,1,0.019288916,1,-0.593564928,1,0.549210072,1,0.336312056,0,-0.63748759,0,0.24768205,0
10.39594555,-5.415884018,1,-3.187901258,1,-8.236438751,1,0.00939759,1,-0.637753427,1,0.554482222,1,0.335415602,0,-0.640538096,0,0.249282509,0
10.39994526,-5.215846539,1,-3.404620409,1,-8.480776787,1,-0.014643535,1,-0.693690181,1,0.559506834,1,0.334492028,0,-0.643779159,0,0.250809133,0
10.40394783,-5.105787754,1,-3.146954298,1,-8.6702528,1,-0.016995994,1,-0.758041918,1,0.555499971,1,0.333545804,0,-0.647241235,0,0.25225836,0
10.40794563,-5.163334846,1,-2.990579367,1,-8.812898636,1,0.003141543,1,-0.834850192,1,0.570401192,1,0.33268562,0,-0.650980592,0,0.253626943,0
10.41194534,-5.072873116,1,-3.121029854,1,-8.84233284,1,0.022758583,1,-0.93054992,1,0.588421643,1,0.33194688,0,-0.655075788,0,0.254930079,0
10.41594601,-5.263249397,1,-3.275449991,1,-9.101846695,1,0.044019505,1,-1.031521559,1,0.604789972,1,0.33133176,0,-0.659564078,0,0.256155878,0
10.41994381,-4.94483614,1,-3.470602512,1,-9.142946243,1,0.055595461,1,-1.129171133,1,0.638536632,1,0.33079654,0,-0.664455056,0,0.257343888,0
10.42394352,-4.773150921,1,-3.481782436,1,-9.322556496,1,0.059853327,1,-1.227652073,1,0.663045645,1,0.330305517,0,-0.66975832,0,0.258520246,0
10.42794514,-4.809432507,1,-3.612381935,1,-9.47533226,1,0.049539067,1,-1.331296682,1,0.685777605,1,0.3298226,0,-0.675461411,0,0.259675682,0
10.43194294,-4.687725067,1,-3.15995121,1,-9.407975197,1,0.045060966,1,-1.445858359,1,0.698184669,1,0.329327703,0,-0.681617618,0,0.260738939,0
10.43594265,-4.859923363,1,-2.678802252,1,-9.670621872,1,0.063162759,1,-1.566337466,1,0.710982859,1,0.328959614,0,-0.688229263,0,0.261663169,0
10.43994427,-4.873747826,1,-2.555193663,1,-9.822499275,1,0.086610936,1,-1.680303931,1,0.72067672,1,0.328759074,0,-0.695297778,0,0.262450188,0
10.44394207,-4.903318405,1,-2.462072611,1,-9.697211266,1,0.101457775,1,-1.811613798,1,0.736887693,1,0.328711301,0,-0.702844381,0,0.263112962,0
10.44794178,-4.948115826,1,-2.581861019,1,-9.787459373,1,0.11219956,1,-1.942133069,1,0.736345589,1,0.328947723,0,-0.7097435,0,0.267405093,0
10.4519434,-5.236848831,1,-3.065255642,1,-10.21920872,1,0.099919997,1,-2.063098669,1,0.758654237,1,0.329189986,0,-0.718307257,0,0.267710447,0
10.4559412,-5.175757408,1,-3.414851427,1,-9.981319427,1,0.047766689,1,-2.202732086,1,0.792326212,1,0.329331011,0,-0.727380574,0,0.267963409,0
10.45994663,-4.472756863,1,-2.866900921,1,-9.674654961,1,0.043632671,1,-2.372186661,1,0.809478641,1,0.329421163,0,-0.737056732,0,0.268073291,0
10.4639492,-4.686945438,1,-2.614830017,1,-9.987657547,1,0.089523353,1,-2.53600955,1,0.843485296,1,0.329729855,0,-0.747422099,0,0.267998517,0
10.46794605,-4.72784853,1,-2.598474503,1,-9.941414833,1,0.138628572,1,-2.700938463,1,0.883970678,1,0.330305815,0,-0.758440316,0,0.267829537,0
10.47194672,-4.657959461,1,-3.076011658,1,-10.04811573,1,0.176158205,1,-2.881067514,1,0.915118158,1,0.331152976,0,-0.770169079,0,0.267533362,0
10.47594833,-4.54861927,1,-3.068499088,1,-10.29935646,1,0.187203199,1,-3.065321207,1,0.967987239,1,0.332181156,0,-0.782637715,0,0.267104477,0
10.47994614,-4.648218155,1,-3.2445333,1,-10.61649323,1,0.187171295,1,-3.261608601,1,1.038671136,1,0.33328265,0,-0.795906544,0,0.266611397,0
10.48394585,-4.647428989,1,-3.249737501,1,-10.89080906,1,0.195766702,1,-3.481431484,1,1.079583883,1,0.334463239,0,-0.810033083,0,0.266030043,0
10.48794746,-4.511802673,1,-3.421661854,1,-11.11533928,1,0.223880172,1,-3.719015598,1,1.138401389,1,0.335885286,0,-0.825072885,0,0.265221745,0
10.49194527,-4.940351009,1,-3.905833244,1,-11.68564892,1,0.24281542,1,-3.967028141,1,1.217066169,1,0.337530017,0,-0.841156602,0,0.26427421,0
10.49594498,-4.386026859,1,-5.637849331,1,-11.54720306,1,0.205236226,1,-4.219444752,1,1.315654039,1,0.339180708,0,-0.858274937,0,0.263278365,0
10.49994659,-4.016104698,1,-6.40578413,1,-12.02975655,1,0.13192001,1,-4.545853615,1,1.426124215,1,0.340633631,0,-0.87661016,0,0.262234777,0
10.5039444,-4.792786598,1,-6.861999512,1,-13.14442635,1,0.098720081,1,-4.851097107,1,1.544241667,1,0.34195751,0,-0.896332502,0,0.261113435,0
10.50794411,-4.16749382,1,-7.028147697,1,-12.77736187,1,0.077841587,1,-5.170937538,1,1.725903869,1,0.34303683,0,-0.917369723,0,0.260183632,0
10.51194572,-2.995038033,1,-8.382890701,1,-12.94812298,1,0.046850782,1,-5.568839073,1,1.914981961,1,0.343802452,0,-0.940054536,0,0.259550661,0
10.51594353,-3.20806551,1,-9.079385757,1,-13.55609322,1,0.034045432,1,-6.007566929,1,2.132328272,1,0.344266176,0,-0.964580119,0,0.259185672,0
10.51994324,-3.744565487,1,-9.88662529,1,-13.75803185,1,-0.029322546,1,-6.39045763,1,2.397028446,1,0.344051629,0,-0.990997791,0,0.259453803,0
10.52394486,-3.148925543,1,-10.56902313,1,-13.49174213,1,-0.071214154,1,-6.792285442,1,2.678839922,1,0.342778563,0,-1.019230723,0,0.260723561,0
10.52794266,-3.411011219,1,-11.75830936,1,-13.68652248,1,-0.172724918,1,-7.205230236,1,2.982918024,1,0.34013176,0,-1.049398422,0,0.263252765,0
10.53194141,-6.954191208,1,-12.22259235,1,-14.96434116,1,-0.264493823,1,-7.487474442,1,3.254317045,1,0.335564435,0,-1.081310391,0,0.267464489,0
10.53594303,-7.300244808,1,-11.07304287,1,-15.42791843,1,-0.296187222,1,-7.718827248,1,3.462061167,1,0.329002321,0,-1.114414573,0,0.273564816,0
10.53994083,-9.744062424,1,-10.64515018,1,-15.7787962,1,-0.296436161,1,-7.842889309,1,3.605218649,1,0.320392281,0,-1.148483753,0,0.281732708,0
10.54394054,-9.166187286,1,-9.076014519,1,-14.50024605,1,-0.206804022,1,-8.156879425,1,3.813155651,1,0.309684604,0,-1.183484912,0,0.292344213,0
10.54794216,-13.66012001,1,-8.224149704,1,-14.23333073,1,-0.02499125,1,-8.262353897,1,3.93576622,1,0.296254903,0,-1.219544053,0,0.306202352,0
10.55193996,-18.68562317,1,-6.634065151,1,-14.58244133,1,0.301161557,1,-8.097779274,1,3.975477219,1,0.279749751,0,-1.255358338,0,0.324118674,0
10.55593967,-23.71048355,1,-9.973702431,1,-16.91262817,1,0.331920296,1,-7.83232069,1,4.183178425,1,0.257306337,0,-1.290589452,0,0.348966837,0
10.55994034,-25.05562973,1,-10.1557827,1,-17.2875061,1,0.34359625,1,-7.292828083,1,4.27143383,1,0.224640563,0,-1.32402122,0,0.384242624,0
10.56393814,-22.49258232,1,-12.14967823,1,-15.52917194,1,0.320797235,1,-6.935633659,1,4.348683357,1,0.178224489,0,-1.355293751,0,0.433272004,0
10.56793785,-23.1499939,1,-14.22172832,1,-15.00357628,1,0.217818275,1,-6.626389503,1,4.45088625,1,0.11339432,0,-1.384679317,0,0.500596285,0
10.57193947,-23.78312492,1,-14.63793755,1,-14.89596939,1,-0.142375976,1,-6.309395313,1,4.681664467,1,0.018482476,0,-1.411768913,0,0.597109497,0
10.57593727,-23.10578537,1,-13.25435257,1,-15.20518208,1,-0.418762535,1,-6.037195683,1,4.727953434,1,-0.117990501,0,-1.435527921,0,0.733877361,0
10.57993698,-24.16046906,1,-12.65777969,1,-13.87492275,1,-0.643144071,1,-5.687148094,1,4.750507832,1,-0.305797815,0,-1.454558969,0,0.921040058,0
10.58394527,-23.56763458,1,-9.48177433,1,-13.0419693,1,-1.023120284,1,-5.325536251,1,4.78303051,1,-0.54982543,0,-1.466742039,0,1.163180351,0
10.5879488,-21.17739105,1,-5.570138454,1,-11.26741982,1,-1.147300005,1,-4.835974693,1,4.500808239,1,-0.821703851,0,-1.470764875,0,1.432023048,0
10.59194851,-12.93334198,1,-2.686893702,1,-10.86429405,1,-1.056050897,1,-4.273954868,1,4.150147915,1,-1.07093811,0,-1.467345238,0,1.678072333,0
10.59595013,-4.918900967,1,-5.701501369,1,-10.46424484,1,-0.925203919,1,-3.640869379,1,3.743938923,1,-1.266840458,0,-1.459002852,0,1.871139169,0
10.59994793,-8.733618736,1,-4.689916134,1,-13.35788536,1,-0.798011243,1,-3.423144817,1,3.504127979,1,-1.415432692,0,-1.448060155,0,2.017228365,0
10.60394764,-11.59466267,1,-2.825860977,1,-16.55664825,1,-0.369405806,1,-2.994079828,1,3.260861158,1,-1.526109099,0,-1.435842991,0,2.126444578,0
10.60794926,-16.25967789,1,-7.167510509,1,-16.49646759,1,-0.094236352,1,-2.692361355,1,2.864282131,1,-1.607339978,0,-1.42360127,0,2.207618952,0
10.61194611,-24.61631012,1,-4.512245655,1,-16.04936218,1,0.116043255,1,-2.423063517,1,2.505151033,1,-1.668957472,0,-1.412218213,0,2.269980907,0
10.61594582,-23.21585655,1,-5.570772648,1,-18.04260826,1,0.274877578,1,-1.555562615,1,2.186617136,1,-1.709923506,0,-1.401943207,0,2.312329531,0
10.61994839,-10.87637329,1,-10.66748142,1,-16.17948914,1,0.247477487,1,-0.783167779,1,1.814275861,1,-1.728011131,0,-1.393307328,0,2.331809521,0
10.62394619,-3.67293334,1,-13.18789482,1,-13.91817284,1,0.139713988,1,-0.339752704,1,1.367814779,1,-1.733507156,0,-1.386702299,0,2.338176727,0
10.6279459,-2.640701294,1,-12.14459419,1,-12.57216644,1,0.072737202,1,-0.155212611,1,1.018364668,1,-1.73391366,0,-1.38184762,0,2.339010715,0
10.63194752,-4.262200832,1,-9.698694229,1,-12.02213955,1,-0.02157009,1,-0.024025278,1,0.80584532,1,-1.73257637,0,-1.378216505,0,2.337762356,0
10.63594532,-4.961985111,1,-7.815862656,1,-11.78154087,1,-0.087820038,1,0.21149981,1,0.610407352,1,-1.728817225,0,-1.375454664,0,2.333684444,0
10.63994408,-2.528554678,1,-6.945750713,1,-10.92716885,1,-0.05759887,1,0.511454463,1,0.355907232,1,-1.720392704,0,-1.373754382,0,2.324763536,0
10.64394569,0.138322636,1,-6.217368126,1,-9.761757851,1,0.074495114,1,0.733468533,1,0.067647487,1,-1.707417727,0,-1.373275399,0,2.311543465,0
10.6479435,1.697952867,1,-5.219183445,1,-8.87214756,1,0.246366113,1,0.905225635,1,-0.184375539,1,-1.690640092,0,-1.373942614,0,2.295079231,0
10.65194321,2.285182476,1,-4.17154026,1,-8.625198364,1,0.420064092,1,1.040363073,1,-0.390704632,1,-1.670512557,0,-1.375524759,0,2.275930166,0
10.65594482,3.080848455,1,-3.573551893,1,-8.502388954,1,0.585150957,1,1.186535358,1,-0.578487217,1,-1.646765947,0,-1.377855897,0,2.253774643,0
10.65994263,4.153098106,1,-3.312799454,1,-8.121553421,1,0.756458461,1,1.307656288,1,-0.750905156,1,-1.619227171,0,-1.38082695,0,2.228460073,0
10.66394234,5.137065887,1,-3.227938652,1,-7.85076189,1,0.927826941,1,1.408777833,1,-0.918946743,1,-1.587899446,0,-1.384348392,0,2.199998617,0
10.66794395,5.5969491,1,-3.3721838,1,-7.604018211,1,1.055357575,1,1.509007573,1,-1.063241124,1,-1.552624464,0,-1.38831234,0,2.168166399,0
10.67194176,5.733599186,1,-3.50783062,1,-7.493957043,1,1.145448208,1,1.624136925,1,-1.180303335,1,-1.512979507,0,-1.392562747,0,2.132366419,0
10.67594147,5.54952383,1,-3.765091896,1,-7.498317719,1,1.170791149,1,1.758834004,1,-1.275121808,1,-1.468275666,0,-1.396926045,0,2.091687202,0
10.67994213,5.283792019,1,-3.984056711,1,-7.548285484,1,1.167275429,1,1.913037777,1,-1.358503699,1,-1.417722464,0,-1.401224375,0,2.045126438,0
10.68393993,5.060486794,1,-4.010419369,1,-7.713765144,1,1.129833937,1,2.079560518,1,-1.432157874,1,-1.360713959,0,-1.405277252,0,1.99197197,0
10.68793964,5.005277634,1,-3.776020765,1,-7.794978142,1,1.081914425,1,2.241557837,1,-1.488163233,1,-1.297042608,0,-1.408888578,0,1.931926489,0
10.69194126,4.901533604,1,-3.315372705,1,-7.92995882,1,1.033352733,1,2.417612553,1,-1.538967252,1,-1.226469755,0,-1.411823511,0,1.864722133,0
10.69594002,4.849092484,1,-2.827457428,1,-8.052825928,1,0.99784261,1,2.576035261,1,-1.575178385,1,0.051563587,0,-1.248042941,0,0.922633886,0
10.69993877,4.641613007,1,-2.274225712,1,-8.260206223,1,0.978368819,1,2.728127241,1,-1.605139494,1,0.072206058,0,-1.237056494,0,0.904991806,0
10.70394707,4.288423061,1,-1.829347849,1,-8.442035675,1,0.982154012,1,2.875448942,1,-1.623250365,1,0.091735162,0,-1.225361347,0,0.888433099,0
10.70795059,3.907610416,1,-1.311059594,1,-8.615393639,1,1.013046622,1,3.026185751,1,-1.6384238,1,0.110163398,0,-1.212949157,0,0.873044312,0
10.7119503,3.429376364,1,-0.818108201,1,-8.813786507,1,1.061329484,1,3.173750401,1,-1.654043794,1,0.127596751,0,-1.199854851,0,0.858825564,0
10.71595192,3.11604023,1,-0.555585206,1,-8.923410416,1,1.126186609,1,3.318799734,1,-1.660062313,1,0.144089833,0,-1.186088562,0,0.84579432,0
10.71994972,2.629107475,1,-0.309699118,1,-9.027679443,1,1.198550105,1,3.471498728,1,-1.661739707,1,0.159674868,0,-1.171647429,0,0.833961904,0
10.72394943,2.201178551,1,-0.197283238,1,-9.108509064,1,1.272916079,1,3.619067669,1,-1.653955698,1,0.174314097,0,-1.156556845,0,0.823398709,0
10.72795105,1.77320087,1,-0.224087417,1,-9.235767365,1,1.347440124,1,3.770469904,1,-1.639107943,1,0.188047469,0,-1.140840054,0,0.814102352,0
10.73194885,1.110607266,1,-0.270231575,1,-9.393762589,1,1.420182586,1,3.921209812,1,-1.616600752,1,0.200880319,0,-1.124492764,0,0.806048036,0
10.73594856,0.354564071,1,-0.313342243,1,-9.600356102,1,1.479016304,1,4.089702606,1,-1.597892404,1,0.212840274,0,-1.107491493,0,0.799201071,0
10.73995018,-0.295594215,1,-0.345584095,1,-9.881321907,1,1.541459203,1,4.26536274,1,-1.582781672,1,0.223942474,0,-1.08979702,0,0.79352355,0
10.74394798,-1.029732466,1,-0.342799455,1,-10.07286263,1,1.590868115,1,4.442677021,1,-1.561666369,1,0.234283805,1,-1.071407557,1,0.78891778,1
10.74794769,-1.515344381,1,-0.324250013,1,-10.26208591,1,1.639519453,1,4.627129078,1,-1.539509296,1,0.243851811,1,-1.052318454,1,0.785368264,1
10.75194836,-1.968283534,1,-0.229765788,1,-10.45103741,1,1.692009807,1,4.799403191,1,-1.528318167,1,0.252774775,1,-1.032523274,1,0.78275156,1
10.75594616,-2.361762285,1,-0.149526998,1,-10.58027458,1,1.742403388,1,4.976931095,1,-1.521576405,1,0.261170238,1,-1.012065172,1,0.78095603,1
10.75994587,-2.798366547,1,-0.09090618,1,-10.6311245,1,1.798987746,1,5.142581463,1,-1.519333839,1,0.269138277,1,-0.990933597,1,0.779909074,1
10.76394844,-3.046972036,1,-0.101432219,1,-10.73550415,1,1.857301235,1,5.291563511,1,-1.520979047,1,0.27679503,1,-0.969193816,1,0.779504061,1
10.76794529,-3.238048077,1,-0.167679548,1,-10.73187637,1,1.917165399,1,5.414325237,1,-1.521813989,1,0.28422457,1,-0.946933329,1,0.779645681,1
10.771945,-3.328576326,1,-0.257648736,1,-10.75336742,1,1.967008471,1,5.522619724,1,-1.529840708,1,0.291506767,1,-0.924222231,1,0.780251503,1
10.77594757,-3.46453476,1,-0.358918428,1,-10.69402313,1,2.017710924,1,5.610059261,1,-1.536465764,1,0.298695832,1,-0.901135325,1,0.781246603,1
10.77994537,-3.802677155,1,-0.475853235,1,-10.73435879,1,2.05934453,1,5.693196774,1,-1.535927296,1,0.305792212,1,-0.877720356,1,0.782608151,1
10.78394508,-3.994800806,1,-0.513652265,1,-10.80709076,1,2.09878397,1,5.767320156,1,-1.549212337,1,0.312807322,1,-0.854017377,1,0.784311295,1
10.7879467,-4.348954201,1,-0.514177501,1,-10.93095779,1,2.146939039,1,5.83007431,1,-1.558115721,1,0.319829345,1,-0.830040693,1,0.786271274,1
10.7919445,-4.624950886,1,-0.455476344,1,-11.02988052,1,2.190528393,1,5.896402836,1,-1.57062161,1,0.326880217,1,-0.805818677,1,0.788484693,1
10.79594421,-4.857104301,1,-0.318228573,1,-11.16601086,1,2.248037338,1,5.942338943,1,-1.584118247,1,0.334017217,1,-0.781370282,1,0.79092741,1
10.79994583,-5.118529797,1,-0.13353169,1,-11.29705048,1,2.316705227,1,5.99464941,1,-1.601763964,1,0.341301203,1,-0.756725729,1,0.79356885,1
10.80394363,-5.319375992,1,0.051026259,1,-11.40192127,1,2.392808437,1,6.041881084,1,-1.618598104,1,0.348790169,1,-0.731890619,1,0.796399713,1
10.80794334,-5.362337589,1,0.325326681,1,-11.56689072,1,2.485928059,1,6.08246994,1,-1.640874743,1,0.356569827,1,-0.706871629,1,0.799395025,1
10.81194496,-5.188885689,1,0.63300252,1,-11.74513054,1,2.598669767,1,6.104617119,1,-1.653857112,1,0.364703774,1,-0.681732655,1,0.80257374,1
10.81594276,-5.11841774,1,0.932402551,1,-11.96616077,1,2.72450614,1,6.092356682,1,-1.651609421,1,0.373264611,1,-0.656585634,1,0.805932462,1
10.81994247,-5.158750057,1,1.077837706,1,-12.2667923,1,2.874167681,1,6.077695847,1,-1.645078063,1,0.382337958,1,-0.631514072,1,0.809485137,1
10.82395077,-5.506507397,1,1.146520972,1,-12.68582535,1,3.037761688,1,6.062470436,1,-1.636613846,1,0.391975641,1,-0.606557548,1,0.81325531,1
10.82795334,-6.036252975,1,1.040104747,1,-13.00072575,1,3.197917461,1,6.052197456,1,-1.634953499,1,0.402200162,1,-0.581696033,1,0.817272604,1
10.83195305,-6.607645035,1,0.686889231,1,-13.29341602,1,3.336671114,1,6.051183224,1,-1.641844392,1,0.412964225,1,-0.556877613,1,0.821535349,1
10.83595467,-7.263936996,1,0.261471242,1,-13.7251091,1,3.450205564,1,6.052041531,1,-1.647698164,1,0.424221158,1,-0.532095611,1,0.826019228,1
10.83995247,-7.900225639,1,-0.283063561,1,-14.15093422,1,3.522329092,1,6.074913025,1,-1.673543096,1,0.435851574,1,-0.507279515,1,0.830720544,1
10.84395218,-8.285286903,1,-0.740222573,1,-14.60986614,1,3.563097239,1,6.099153519,1,-1.71002984,1,0.447724551,1,-0.48238185,1,0.83559829,1
10.8479538,-8.567492485,1,-0.999593258,1,-14.99458408,1,3.569358826,1,6.126971245,1,-1.7656703,1,0.459721446,1,-0.457360059,1,0.840620935,1
10.8519516,-8.758040428,1,-1.057801366,1,-15.3594532,1,3.551603317,1,6.145683765,1,-1.833238482,1,0.47178486,1,-0.43219921,1,0.845713198,1
10.85595131,-8.650641441,1,-1.059724212,1,-15.95353031,1,3.526468277,1,6.145641804,1,-1.90394938,1,0.483864635,1,-0.406927824,1,0.850825667,1
10.85995293,-8.470101357,1,-0.831183493,1,-16.53846741,1,3.500892162,1,6.127318382,1,-1.980167508,1,0.495957136,1,-0.381599903,1,0.855925381,1
10.86395073,-8.525274277,1,-0.577402592,1,-17.23579788,1,3.470496178,1,6.100112438,1,-2.045949697,1,0.508076191,1,-0.356288433,1,0.860974193,1
10.86795044,-8.804309845,1,-0.277432412,1,-17.97305298,1,3.456637859,1,6.067567825,1,-2.109960556,1,0.520238698,1,-0.330999851,1,0.865987897,1
10.87195206,-9.376974106,1,-0.027148927,1,-18.66316605,1,3.448390007,1,6.049780369,1,-2.166921616,1,0.532478273,1,-0.305751294,1,0.871019006,1
10.87594986,-10.22642231,1,0.264496446,1,-19.33815002,1,3.471404552,1,6.043879032,1,-2.225081444,1,0.54485023,1,-0.28049168,1,0.876099706,1
10.87994957,-11.33576393,1,0.500949562,1,-20.15716743,1,3.491495371,1,6.045422077,1,-2.287896872,1,0.557415783,1,-0.255177259,1,0.881250918,1
10.88395023,-12.62392712,1,0.667611182,1,-20.84262085,1,3.497731209,1,6.066326618,1,-2.35567379,1,0.57013762,1,-0.229748696,1,0.88649857,1
10.88794804,-14.02072525,1,0.740065575,1,-21.4061203,1,3.488995314,1,6.103289127,1,-2.438891172,1,0.58296001,1,-0.204122975,1,0.891849756,1
10.89194775,-15.59382057,1,0.696192443,1,-21.72490883,1,3.440122128,1,6.16260004,1,-2.533462286,1,0.595794082,1,-0.178215012,1,0.897323549,1
10.89594936,-17.07476997,1,0.951027572,1,-21.77132416,1,3.368565559,1,6.22211647,1,-2.64523983,1,0.608509302,1,-0.151939407,1,0.902898371,1
10.89994717,-18.50107193,1,2.000983,1,-21.88785362,1,3.273195028,1,6.267755985,1,-2.747631073,1,0.621010363,1,-0.125312269,1,0.9085536,1
10.90394688,-19.95614433,1,4.136812687,1,-21.94426155,1,3.211019278,1,6.281614304,1,-2.821156502,1,0.633310199,1,-0.098450534,1,0.914297819,1
10.90794945,-22.16695595,1,6.561333656,1,-21.59294128,1,3.260488987,1,6.304191113,1,-2.860107183,1,0.645719111,1,-0.071465358,1,0.920217156,1
10.9119463,-24.4226284,1,7.696732998,1,-20.73836327,1,3.384501934,1,6.336647511,1,-2.847758055,1,0.658632278,1,-0.044444438,1,0.926481068,1
10.91594696,-26.47480583,1,7.928432465,1,-19.36393166,1,3.515406847,1,6.37776947,1,-2.774272442,1,0.672229469,1,-0.017490325,1,0.933318555,1
10.91994858,-28.84869957,1,6.048577785,1,-17.20788574,1,3.557628393,1,6.417201042,1,-2.627119064,1,0.686381876,1,0.009213012,1,0.940964818,1
10.92394638,-30.59121132,1,3.106550932,1,-14.46533298,1,3.414207697,1,6.443406582,1,-2.402373552,1,0.700569749,1,0.035450429,1,0.949670136,1
10.92794609,-31.27231598,1,1.644134879,1,-11.60715199,1,3.133580685,1,6.359726429,1,-2.131727934,1,0.714157403,1,0.060833152,1,0.959448934,1
10.93194771,-31.59328079,1,1.864382267,1,-8.579929352,1,2.793548107,1,6.145999908,1,-1.831080317,1,0.726780176,1,0.084876522,1,0.970028102,1
10.93594551,-32.49753189,1,3.76589942,1,-5.991618633,1,2.479255199,1,5.82626009,1,-1.51129663,1,0.73839134,1,0.107188739,1,0.981140673,1
10.93994522,-32.22528458,1,6.665056229,1,-3.008731604,1,2.245877981,1,5.45686388,1,-1.184209943,1,0.749114335,0,0.127469644,0,0.992560089,0
10.94395161,-32.00077438,1,10.26817036,1,-0.497262776,1,2.170606375,1,4.930497646,1,-0.843038023,1,0.759456754,0,0.145382211,0,1.00393784,0
10.94795609,-31.30357552,1,14.69234371,1,1.664162636,1,2.271115065,1,4.336145878,1,-0.507243574,1,0.76861167,0,0.162485629,0,1.006276488,0
10.9519558,-31.19088364,1,18.9912262,1,3.256561756,1,2.522057056,1,3.68488121,1,-0.185785964,1,0.779907942,0,0.17491509,0,1.016654968,0
10.95595741,-31.74710464,1,22.55967712,1,4.438565731,1,2.854981422,1,3.0398314,1,0.106193945,1,0.792371809,0,0.184516311,0,1.026209116,0
10.95995617,-33.10852432,1,24.0164566,1,5.385014057,1,3.160981655,1,2.446885109,1,0.353776634,1,0.806039512,0,0.191496342,0,1.034855366,0
10.96395493,-34.6571579,1,22.97299194,1,6.062712193,1,3.311071634,1,1.963547826,1,0.573597193,1,0.820546567,0,0.196187511,0,1.042676926,0
10.96795654,-35.57671738,1,21.11003304,1,6.026114464,1,3.196574688,1,1.522930503,1,0.749232769,1,0.835031569,0,0.198934123,0,1.049737215,0
10.97195435,-36.00801086,1,18.02004433,1,5.960263729,1,2.724433422,1,1.12311244,1,0.900517046,1,0.848201513,0,0.19999522,0,1.055989504,0
10.97595406,-36.56958008,1,14.05735207,1,5.820629597,1,1.919134378,1,0.787710428,1,1.055744052,1,0.858666897,0,0.199551225,0,1.061542869,0
10.97995567,-36.78445816,1,10.25969601,1,5.453453541,1,0.871706963,1,0.48828885,1,1.231378913,1,0.86528182,0,0.197734073,0,1.066544294,0
10.98395348,-36.33953476,1,8.201853752,1,4.718304634,1,-0.266481876,1,0.212734953,1,1.412511945,1,0.867388129,0,0.194632351,0,1.071128488,0
10.98795223,-35.32104874,1,8.423201561,1,3.858501196,1,-1.309710026,1,-0.075026326,1,1.584938049,1,0.864977479,0,0.190238014,0,1.075296164,0
10.99195385,-34.67169571,1,10.32679844,1,2.54096055,1,-2.082171917,1,-0.332429945,1,1.73139894,1,0.858817041,0,0.184648916,0,1.079054713,0
10.99595165,-28.58069992,1,13.15279579,1,-3.232408047,1,-2.414414883,1,-0.661097944,1,1.967403054,1,0.850246966,0,0.177910581,0,1.082465768,0
10.99995136,-19.91335106,1,29.76833916,1,-6.203323364,1,0.019748144,1,-1.501042128,1,3.634464502,1,0.845408082,0,0.166858166,0,1.086578012,0
11.00395298,-25.76231003,1,12.19899845,1,-5.760402679,1,0.503390908,1,-1.499726176,1,3.854862213,1,0.84834981,0,0.150938362,0,1.09229672,0
11.00795174,-7.468784809,1,-5.790696144,1,-5.55685854,1,-0.024002748,1,-0.56570363,1,3.671398401,1,0.849945068,0,0.137105703,0,1.099014044,0
11.01195049,3.536694765,1,-29.73880768,1,-8.818191528,1,0.254885286,1,-0.606622815,1,4.210612774,1,0.851771474,0,0.123995155,0,1.107899308,0
11.01595211,-2.449036598,1,-46.22475052,1,-13.10629749,1,-0.83591789,1,-0.530488968,1,4.525095463,1,0.852005959,0,0.109029591,0,1.117601991,0
11.01994991,9.054337502,1,-48.90729904,1,-13.01526356,1,-2.010046005,1,0.037359942,1,4.693989277,1,0.847369075,0,0.094638951,0,1.12921226,0
11.02394962,13.5171814,1,-51.51931381,1,-6.903091431,1,-3.154972076,1,-0.224614635,1,4.56503582,1,0.838195026,0,0.080604218,0,1.14148438,0
11.02795124,16.26553535,1,-46.11727905,1,0.845426798,1,-4.030213833,1,-0.848658621,1,4.258043289,1,0.824505568,0,0.066202499,0,1.151863933,0
11.03194904,14.99143124,1,-41.60141754,1,4.701892376,1,-5.079023361,1,-1.790075421,1,4.000864029,1,0.806666136,0,0.050496247,0,1.159362316,0
11.03594875,12.60978603,1,-35.18747711,1,5.141635895,1,-5.764451504,1,-2.986306429,1,3.730305672,1,0.785244107,0,0.03277963,0,1.163418889,0
11.03995132,8.712880135,1,-28.27113724,1,3.433906794,1,-6.503812313,1,-4.129283905,1,3.338002682,1,0.760427237,0,0.01267649,0,1.163506627,0
11.04394817,-0.394601196,1,-20.73475647,1,1.534746051,1,-6.951951504,1,-5.139964104,1,3.016757011,1,0.733545005,0,-0.009663553,0,1.1603477,0
11.04794788,-12.00830269,1,-1.634499431,1,-5.568087101,1,-6.518219948,1,-5.580853939,1,2.079490662,1,0.706669748,0,-0.032771822,0,1.153809071,0
11.05195046,-21.34392357,1,9.201233864,1,-11.47463703,1,-6.190665722,1,-5.292135239,1,1.19425869,1,0.681637824,0,-0.053656507,0,1.144799352,0
11.0559473,-24.5234108,1,22.54538345,1,-15.32158566,1,-5.677626133,1,-4.84032917,1,0.898728549,1,0.658494651,0,-0.07209193,0,1.135366321,0
11.05994606,-21.41496658,1,29.7179718,1,-18.97358704,1,-5.0095191,1,-4.365982533,1,0.936739981,1,0.637795269,0,-0.088924624,0,1.12707448,0
11.06395435,-18.99894714,1,35.18881607,1,-21.83210373,1,-4.126799107,1,-4.047551632,1,1.30445981,1,0.620060682,0,-0.10511601,0,1.120709181,0
11.06795788,-19.35277748,1,36.57099533,1,-23.32432365,1,-3.22155118,1,-3.638018847,1,1.789928555,1,0.605878949,0,-0.121281348,0,1.116940022,0
11.07195759,-21.01262665,1,28.9074955,1,-25.01851845,1,-2.412446976,1,-3.08213377,1,2.180426121,1,0.594768941,0,-0.136942223,0,1.115858436,0
11.07596016,-22.20541763,1,15.2268734,1,-21.42271233,1,-1.933554173,1,-2.492951393,1,2.351819754,1,0.585964322,0,-0.151279896,0,1.117336273,0
11.07995796,-19.78168106,1,1.784388781,1,-16.90969467,1,-1.640742779,1,-2.077598572,1,2.155453682,1,0.578446805,0,-0.163865983,0,1.119933486,0
11.08395767,-16.56228447,1,-7.935946465,1,-11.56176472,1,-1.569348216,1,-1.81859076,1,1.702277541,1,0.571617663,0,-0.174603492,0,1.122262716,0
11.08795929,-11.3734684,1,-11.85231686,1,-7.602169514,1,-1.589492083,1,-1.713484168,1,1.249124169,1,0.565150857,0,-0.18366614,0,1.123466253,0
11.09195709,-11.07832623,1,-12.29620552,1,-7.148102283,1,-1.78224802,1,-1.670525312,1,0.910528719,1,0.55839175,0,-0.191704571,0,1.123491049,0
11.09595585,-9.937314034,1,-6.003294945,1,-8.849877357,1,-1.826443315,1,-1.519156814,1,0.766471803,1,0.551277876,0,-0.198888421,0,1.122897625,0
11.09995747,-13.51292706,1,-0.07726448,1,-12.88603115,1,-1.861427069,1,-1.173779607,1,0.725407064,1,0.543883562,0,-0.205096662,0,1.122592449,0
11.10395527,-12.50619316,1,7.352843761,1,-13.52726364,1,-1.658017159,1,-0.715842426,1,0.817961812,1,0.536692739,0,-0.20991914,0,1.123296976,0
11.10795498,-11.5299902,1,9.793097496,1,-12.20584869,1,-1.3576653,1,-0.413786471,1,0.888679802,1,0.530245304,0,-0.213564023,0,1.12517786,0
11.1119566,-10.1000042,1,6.917889595,1,-9.860836029,1,-1.09456718,1,-0.231811851,1,0.855308652,1,0.524862766,0,-0.216416568,0,1.12764287,0
11.1159544,-10.60853577,1,2.496669769,1,-10.0425024,1,-0.859204233,1,-0.161207557,1,0.628567457,1,0.520505607,0,-0.218616545,0,1.129931808,0
11.11995411,-7.824987888,1,-2.422627449,1,-8.47025013,1,-0.709753871,1,-0.125879765,1,0.375242203,1,0.517050683,0,-0.220055729,0,1.131423473,0
11.12395573,-5.854769707,1,-4.729692936,1,-8.36564064,1,-0.62755686,1,-0.165785432,1,0.237979725,1,0.514225602,0,-0.221162662,0,1.132186651,0
11.12795353,-5.639014721,1,-4.311266899,1,-9.130449295,1,-0.606562614,1,-0.14952077,1,0.220630497,1,0.511651754,0,-0.222159937,0,1.132658124,0
11.13195324,-4.889229774,1,-3.315126419,1,-9.616335869,1,-0.586997151,1,-0.118983462,1,0.282894611,1,0.509130061,0,-0.223100424,0,1.133292317,0
11.13595486,-4.382502556,1,-2.802665949,1,-9.264128685,1,-0.580401599,1,-0.12391305,1,0.335225731,1,0.506585002,0,-0.224128723,0,1.134183884,0
11.13995266,-4.488279343,1,-2.799423933,1,-9.190514565,1,-0.548280597,1,-0.152624354,1,0.326680571,1,0.504121304,0,-0.225265875,0,1.135106564,0
11.14395237,-5.266266346,1,-2.575759649,1,-8.753538132,1,-0.522097707,1,-0.120006025,1,0.281036556,1,0.501804531,0,-0.226366356,0,1.135923624,0
11.14795399,-4.070919991,1,-2.596531391,1,-9.323676109,1,-0.468413293,1,-0.168730244,1,0.291254342,1,0.499641776,0,-0.227387711,0,1.136668682,0
11.15195179,-3.522045851,1,-2.229308128,1,-9.353074074,1,-0.4189744,1,-0.228552148,1,0.323974341,1,0.497687638,0,-0.228641942,0,1.137399673,0
11.1559515,-4.110314369,1,-2.078357697,1,-9.306118011,1,-0.386303306,1,-0.250759512,1,0.350100726,1,0.495901048,0,-0.230138928,0,1.138150454,0
11.15995312,-4.679729462,1,-1.719247103,1,-9.0558815,1,-0.347122103,1,-0.270033151,1,0.342759728,1,0.494258195,0,-0.231716871,0,1.138903737,0
11.16395092,-5.541526794,1,-1.209671259,1,-8.702433586,1,-0.291323096,1,-0.25891605,1,0.317337513,1,0.4928298,0,-0.233283982,0,1.139578342,0
11.16795063,-6.148081779,1,-0.87201333,1,-8.576205254,1,-0.227845833,1,-0.234608352,1,0.277269125,1,0.491648763,0,-0.234711811,0,1.140185475,0
11.17195225,-5.904003143,1,-0.915130734,1,-8.597998619,1,-0.162504539,1,-0.212508887,1,0.233420759,1,0.490756422,0,-0.235994622,0,1.140673637,0
11.17595005,-4.914537907,1,-1.316589832,1,-8.711777687,1,-0.108526126,1,-0.199793011,1,0.213327006,1,0.490130335,0,-0.23713176,0,1.141085863,0
11.17994881,-4.136468887,1,-2.110593319,1,-9.015412331,1,-0.06398987,1,-0.23649928,1,0.208805561,1,0.489711523,0,-0.238294125,0,1.141427159,0
11.1839571,-4.331834316,1,-2.701622963,1,-8.930983543,1,-0.052771263,1,-0.26492089,1,0.217197731,1,0.489426285,0,-0.239583984,0,1.141711473,0
11.18796063,-4.525194645,1,-2.928134441,1,-8.77067852,1,-0.036588103,1,-0.294315249,1,0.223383829,1,0.489193648,0,-0.240987226,0,1.141975403,0
11.19196034,-5.224208355,1,-2.951967001,1,-8.571425438,1,-0.029679311,1,-0.302346438,1,0.221464902,1,0.488999903,0,-0.242455572,0,1.1422019,0
11.19596195,-5.04898262,1,-2.862859488,1,-8.590232849,1,-0.021090288,1,-0.304694176,1,0.212288529,1,0.488419116,0,-0.242098197,0,1.135083199,0
11.19995976,-4.663508892,1,-2.881024361,1,-8.614548683,1,-0.019946426,1,-0.306612909,1,0.20593451,1,0.488302886,0,-0.243575752,0,1.135253072,0
11.20395851,-4.469433308,1,-2.717333794,1,-8.66409111,1,-0.015819516,1,-0.323227137,1,0.208910838,1,0.488187283,0,-0.245081604,0,1.135397196,0
11.20796013,-4.696960449,1,-2.56097579,1,-8.723378181,1,-0.014930834,1,-0.338153541,1,0.204701483,1,0.488099813,0,-0.246641725,0,1.135517955,0
11.21195793,-5.064748764,1,-2.2958076,1,-8.584760666,1,-0.005932651,1,-0.344282418,1,0.185459331,1,0.488051564,0,-0.24821867,0,1.135565281,0
11.21595764,-5.200447083,1,-2.11961031,1,-8.541208267,1,0.01445538,1,-0.348908335,1,0.15892908,1,0.488079131,0,-0.249764949,0,1.135523558,0
11.21996021,-5.150899887,1,-1.965483785,1,-8.565037727,1,0.029612534,1,-0.352608621,1,0.130433887,1,0.488208294,0,-0.251280665,0,1.135371804,0
11.22395706,-5.048571587,1,-1.920740128,1,-8.605233192,1,0.053972688,1,-0.353723019,1,0.107093073,1,0.488448024,0,-0.252750695,0,1.13512814,0
11.22795677,-4.909026623,1,-1.955622911,1,-8.558395386,1,0.069400817,1,-0.357191324,1,0.0893576,1,0.488782644,0,-0.254184067,0,1.134796143,0
11.23195934,-4.968548775,1,-1.918923497,1,-8.520986557,1,0.093226798,1,-0.36338383,1,0.061452746,1,0.489208937,0,-0.255595654,0,1.134364367,0
11.23595715,-5.077558994,1,-1.865252256,1,-8.441905975,1,0.115330696,1,-0.361435264,1,0.038746987,1,0.489751518,0,-0.256969273,0,1.133850336,0
11.23995686,-5.05730772,1,-1.800879359,1,-8.494205475,1,0.143816262,1,-0.360861778,1,0.019026782,1,0.490416378,0,-0.258294493,0,1.13324976,0
11.24395847,-5.077002525,1,-1.752778172,1,-8.471478462,1,0.16992335,1,-0.371782184,1,-0.002451081,1,0.491213739,0,-0.259602994,0,1.132565737,0
11.24795628,-4.923202991,1,-1.796484709,1,-8.427301407,1,0.200123861,1,-0.37479195,1,-0.01201194,1,0.492133737,0,-0.260891765,0,1.131816626,0
11.25195599,-4.860757351,1,-1.996379018,1,-8.376806259,1,0.217849568,1,-0.380448043,1,-0.02780262,1,0.493185133,0,-0.262186915,0,1.130997419,0
11.2559576,-4.881868839,1,-2.29971981,1,-8.330444336,1,0.2409174,1,-0.386985838,1,-0.029896464,1,0.494327784,0,-0.263482273,0,1.130139589,0
11.25995541,-4.914399147,1,-2.689839602,1,-8.265800476,1,0.255961567,1,-0.3872343,1,-0.025297154,1,0.495552301,0,-0.264794379,0,1.129274011,0
11.26395512,-4.784663677,1,-3.091295004,1,-8.140983582,1,0.256948769,1,-0.394295454,1,-0.016229771,1,0.496804178,0,-0.266125232,0,1.12842536,0
11.26795673,-4.698493481,1,-3.495387316,1,-8.154459953,1,0.235901609,1,-0.3955338,1,0.014203361,1,0.497997731,0,-0.267506838,0,1.127639055,0
11.27195549,-4.82759428,1,-3.523889542,1,-8.055980682,1,0.221609727,1,-0.395188093,1,0.033671934,1,0.499102145,0,-0.268934578,0,1.126940012,0
11.27595425,-4.80424881,1,-3.753566027,1,-8.104005814,1,0.205483839,1,-0.393009484,1,0.06020017,1,0.500125051,0,-0.270408243,0,1.126329303,0
11.27995586,-4.854857922,1,-3.778780222,1,-8.029773712,1,0.179014355,1,-0.392573386,1,0.081864975,1,0.501024187,0,-0.271932095,0,1.125807166,0
11.28395367,-4.79098177,1,-3.833695889,1,-8.055746078,1,0.166152358,1,-0.400853664,1,0.101762861,1,0.5018453,0,-0.273492366,0,1.125336289,0
11.28795338,-4.730056763,1,-3.577879667,1,-8.060954094,1,0.15030098,1,-0.393389583,1,0.119349048,1,0.502566874,0,-0.275103092,0,1.124958873,0
11.29195499,-4.789465427,1,-3.269146681,1,-8.059497833,1,0.15395993,1,-0.394011289,1,0.132177562,1,0.503258348,0,-0.276723921,0,1.124637008,0
11.2959528,-4.704898834,1,-2.803972721,1,-8.154810905,1,0.157115951,1,-0.39193511,1,0.142029315,1,0.50394839,0,-0.278364897,0,1.12435329,0
11.29995251,-4.812150478,1,-2.498262644,1,-8.167725563,1,0.185002387,1,-0.397054881,1,0.142891333,1,0.504709899,0,-0.280020475,0,1.12407887,0
11.3039608,-4.794621944,1,-2.212361097,1,-8.200944901,1,0.230451524,1,-0.399116784,1,0.154729024,1,0.505611777,0,-0.28169325,0,1.123814464,0
11.30796433,-4.776679039,1,-2.424353838,1,-8.187161446,1,0.262173504,1,-0.406136155,1,0.159250066,1,0.506670892,0,-0.283409357,0,1.123567343,0
11.31196404,-4.765429974,1,-2.580320358,1,-8.220052719,1,0.281596899,1,-0.413416624,1,0.164679185,1,0.507823408,0,-0.285160393,0,1.12333107,0
11.31596565,-4.667131901,1,-2.821335077,1,-8.186580658,1,0.288100243,1,-0.426667184,1,0.171458721,1,0.509024858,0,-0.286955774,0,1.123088837,0
11.31996346,-4.707886696,1,-2.856228828,1,-8.21189785,1,0.300095111,1,-0.428956985,1,0.191069126,1,0.510256231,0,-0.288800776,0,1.122874022,0
11.32396317,-4.753414631,1,-3.019210577,1,-8.095273972,1,0.312656701,1,-0.435477018,1,0.205594286,1,0.511532724,0,-0.290697664,0,1.122711658,0
11.32796478,-4.764334202,1,-3.428969383,1,-8.053175926,1,0.290633857,1,-0.437114149,1,0.220960721,1,0.512791574,0,-0.292643875,0,1.122600079,0
11.33196259,-4.874041557,1,-2.90609479,1,-8.05447197,1,0.283785731,1,-0.452072173,1,0.217588156,1,0.51394856,0,-0.29463312,0,1.122491121,0
11.3359623,-4.972187519,1,-2.608785152,1,-8.154459953,1,0.283632249,1,-0.453519106,1,0.232437268,1,0.515125632,0,-0.29666388,0,1.122373104,0
11.33996296,-4.855216503,1,-2.50829339,1,-8.23661232,1,0.25369522,1,-0.468649447,1,0.229600176,1,0.516245961,0,-0.298726797,0,1.122264385,0
11.34396076,-4.912508011,1,-1.990443945,1,-8.182060242,1,0.269505501,1,-0.493585974,1,0.221468002,1,0.517328739,0,-0.300855994,0,1.122091055,0
11.34796047,-4.927383423,1,-2.185808659,1,-8.18614769,1,0.292577535,1,-0.505228877,1,0.221398771,1,0.518528581,0,-0.303031385,0,1.121857524,0
11.35196304,-4.873469353,1,-2.238896847,1,-8.148654938,1,0.306716263,1,-0.516772568,1,0.222075403,1,0.519801021,0,-0.305251509,0,1.121595383,0
11.3559618,-4.903130531,1,-2.438197136,1,-8.038444519,1,0.317716807,1,-0.533459067,1,0.216247916,1,0.521144867,0,-0.307503939,0,1.121301889,0
11.35996151,-4.828008652,1,-2.815582037,1,-8.035837173,1,0.314974666,1,-0.541933358,1,0.221632078,1,0.522524297,0,-0.309801936,0,1.120973229,0
11.36396217,-5.049298763,1,-2.993745089,1,-7.978902817,1,0.279704422,1,-0.560119867,1,0.224209443,1,0.523816109,0,-0.31216228,0,1.120635033,0
11.36795998,-5.141198158,1,-2.888169765,1,-7.859043598,1,0.273237437,1,-0.572743177,1,0.210941181,1,0.525039911,0,-0.314562976,0,1.12023139,0
11.37195969,-5.172193527,1,-2.768508673,1,-7.971941948,1,0.282576084,1,-0.570398927,1,0.215938389,1,0.526286304,0,-0.316974282,0,1.119793177,0
11.37596035,-5.076553345,1,-2.767888069,1,-7.96899271,1,0.285728991,1,-0.583204746,1,0.218517289,1,0.527556479,0,-0.319412112,0,1.1193645,0
11.37995815,-5.249977112,1,-2.779641628,1,-7.906869411,1,0.277576268,1,-0.599743426,1,0.218188301,1,0.528830349,0,-0.321903676,0,1.118897915,0
11.38395786,-5.193770409,1,-2.772307396,1,-7.759922028,1,0.278012484,1,-0.599153936,1,0.214069366,1,0.530091286,0,-0.324411005,0,1.118406415,0
11.38795948,-5.301416874,1,-3.068778276,1,-7.769883156,1,0.263190746,1,-0.601333916,1,0.21845673,1,0.531353831,0,-0.326916993,0,1.117913485,0
11.39195728,-5.161627769,1,-2.978964567,1,-7.671635628,1,0.231953934,1,-0.61463809,1,0.21829021,1,0.532515168,0,-0.329456061,0,1.117396712,0
11.39595699,-5.244280338,1,-2.675978661,1,-7.773385048,1,0.229042962,1,-0.608758748,1,0.202953041,1,0.533604443,0,-0.331990778,0,1.116847396,0
11.39995861,-5.364709377,1,-2.459909439,1,-7.768251419,1,0.225664198,1,-0.612308443,1,0.20462285,1,0.534702897,0,-0.334514767,0,1.116281986,0
11.40395641,-5.341442585,1,-2.485556841,1,-7.734051228,1,0.233667001,1,-0.619543552,1,0.203644782,1,0.535811484,0,-0.337045521,0,1.1156919,0
11.40795612,-5.440711498,1,-2.561526775,1,-7.718938828,1,0.228141412,1,-0.618177176,1,0.190039024,1,0.536932051,0,-0.339576602,0,1.115062594,0
11.41195774,-5.431969643,1,-2.480001688,1,-7.714151382,1,0.226010934,1,-0.621737897,1,0.190382376,1,0.538056791,0,-0.342100888,0,1.114416957,0
11.41595554,-5.470937252,1,-2.556702614,1,-7.70766592,1,0.224519938,1,-0.629769862,1,0.196905077,1,0.539179444,0,-0.344649255,0,1.113765478,0
11.41995525,-5.50741291,1,-2.542157888,1,-7.686759949,1,0.230700567,1,-0.634886861,1,0.196246326,1,0.540322602,0,-0.347214818,0,1.11309576,0
11.42396355,-5.535017967,1,-2.668916464,1,-7.647377968,1,0.224418595,1,-0.639738083,1,0.200845793,1,0.541459084,0,-0.349805087,0,1.112428784,0
11.42796707,-5.476079464,1,-2.926070929,1,-7.687603951,1,0.214194372,1,-0.650208175,1,0.205278575,1,0.542563677,0,-0.352433324,0,1.111756086,0
11.43196678,-5.414433002,1,-3.211061954,1,-7.740829945,1,0.2002922,1,-0.656908333,1,0.221414044,1,0.543636203,0,-0.355102301,0,1.111087203,0
11.4359684,-5.38456583,1,-3.147369385,1,-7.778100491,1,0.18400465,1,-0.677970648,1,0.235483736,1,0.544624567,0,-0.357857585,0,1.110442996,0
11.4399662,-5.343866825,1,-3.032041073,1,-8.319531441,1,0.192859054,1,-0.698533773,1,0.249625951,1,0.545600116,0,-0.360723555,0,1.109802604,0
11.44396591,-5.184076309,1,-3.392927647,1,-8.349850655,1,0.190378129,1,-0.737024248,1,0.272976428,1,0.546602547,0,-0.363716722,0,1.109171033,0
11.44796753,-5.27165699,1,-3.464006424,1,-8.125439644,1,0.175904438,1,-0.787240565,1,0.315042585,1,0.547323585,0,-0.365027636,0,1.101692796,0
11.45196533,-5.371467113,1,-3.554131031,1,-7.984418869,1,0.168496281,1,-0.817605913,1,0.350212991,1,0.548221946,0,-0.368465424,0,1.101115584,0
11.45596504,-5.396139145,1,-3.954657555,1,-7.866580486,1,0.169868514,1,-0.837359548,1,0.389485538,1,0.549084902,0,-0.372064412,0,1.100618005,0
11.45996571,-5.254625797,1,-4.028486252,1,-7.826567173,1,0.15475972,1,-0.863283396,1,0.421266198,1,0.549899518,0,-0.375809491,0,1.100191593,0
11.46396446,-5.471451759,1,-3.800963402,1,-7.874043465,1,0.136239082,1,-0.904022932,1,0.445097327,1,0.55062741,0,-0.379740953,0,1.099797964,0
11.46796322,-5.512461662,1,-3.367454052,1,-8.092033386,1,0.117822208,1,-0.935400486,1,0.465848297,1,0.55128628,0,-0.383819282,0,1.099397421,0
11.47196484,-5.447843552,1,-3.358270884,1,-8.262562752,1,0.10769733,1,-0.974047601,1,0.47741577,1,0.551884413,0,-0.388056517,0,1.098978519,0
11.47596264,-5.292193413,1,-3.262643814,1,-8.515282631,1,0.104688361,1,-1.026885152,1,0.495048612,1,0.55248493,0,-0.392477781,0,1.098495007,0
11.47996235,-5.134262562,1,-3.426000118,1,-8.664320946,1,0.094904087,1,-1.093640447,1,0.517943621,1,0.553089261,0,-0.397151023,0,1.097950578,0
11.48396397,-5.106355667,1,-3.519714355,1,-8.782583237,1,0.094035223,1,-1.16565299,1,0.554804742,1,0.553708136,0,-0.402118742,0,1.097354531,0
11.48796177,-4.976508617,1,-3.600782394,1,-8.860713005,1,0.087767586,1,-1.251320124,1,0.5797472,1,0.554336846,0,-0.407413304,0,1.096680284,0
11.49196053,-4.931377888,1,-3.662264585,1,-8.941532135,1,0.082444802,1,-1.335967898,1,0.616190255,1,0.554965377,0,-0.413075924,0,1.095941305,0
11.4959631,-4.914274216,1,-3.501051426,1,-8.98711586,1,0.081532523,1,-1.424506903,1,0.656634152,1,0.555618823,0,-0.419096589,0,1.095122099,0
11.49995995,-5.230504036,1,-3.467301846,1,-9.196043015,1,0.074911617,1,-1.506893754,1,0.682264507,1,0.556304812,0,-0.425486624,0,1.094214082,0
11.50395966,-5.043689728,1,-3.246464014,1,-9.03843689,1,0.048586994,1,-1.58825922,1,0.702795982,1,0.556974471,0,-0.432197273,0,1.09320426,0
11.50796223,-5.209240913,1,-3.099473238,1,-9.547988892,1,0.020039503,1,-1.688658118,1,0.725708902,1,0.557604551,0,-0.439275563,0,1.092055678,0
11.51195908,-5.076180458,1,-2.549933434,1,-9.412644386,1,-0.007124905,1,-1.784447432,1,0.745200932,1,0.55817771,0,-0.446719885,0,1.09076941,0
11.51595974,-4.803256512,1,-2.420177937,1,-9.376597404,1,-0.001300098,1,-1.921034455,1,0.749476373,1,0.558827341,0,-0.454593033,0,1.089239717,0
11.51996136,-5.277210712,1,-2.129308701,1,-9.587505341,1,0.031145291,1,-2.03091526,1,0.765731752,1,0.559695423,0,-0.462899745,0,1.087415576,0
11.52395916,-5.049600124,1,-2.303246975,1,-9.445792198,1,0.054014906,1,-2.16117692,1,0.779473305,1,0.560795069,0,-0.471654087,0,1.085360527,0
11.52795887,-5.167448521,1,-2.811501503,1,-9.591304779,1,0.072413757,1,-2.293577194,1,0.800590396,1,0.5621261,0,-0.480889082,0,1.083031058,0
11.53196049,-4.874072552,1,-2.794612646,1,-9.529135704,1,0.072681673,1,-2.429384232,1,0.834148288,1,0.563607395,0,-0.490607202,0,1.080465794,0
11.53595829,-4.909357548,1,-2.710039854,1,-9.654164314,1,0.075163744,1,-2.584780931,1,0.870609939,1,0.565231681,0,-0.50089407,0,1.077640772,0
11.539958,-4.804088116,1,-2.696239948,1,-9.657047272,1,0.111413956,1,-2.733795166,1,0.909236431,1,0.567090034,0,-0.511760831,0,1.074570179,0
11.54396534,-4.785816669,1,-2.823461771,1,-9.913881302,1,0.139079526,1,-2.902676821,1,0.952387631,1,0.569263577,0,-0.523258805,0,1.071190953,0
11.54796982,-4.644028187,1,-3.018718243,1,-10.17280483,1,0.148986608,1,-3.095344067,1,1.021248341,1,0.571686149,0,-0.535494864,0,1.067533851,0
11.55196953,-4.969333172,1,-3.081719398,1,-10.52249718,1,0.146116123,1,-3.288879395,1,1.082737684,1,0.574310958,0,-0.548507035,0,1.06358695,0
11.55597019,-4.721002102,1,-2.9820292,1,-10.76719666,1,0.159439921,1,-3.511391878,1,1.15152657,1,0.577186644,0,-0.562324882,0,1.059284806,0
11.559968,-4.425441742,1,-2.975982666,1,-11.37031269,1,0.225971147,1,-3.749141455,1,1.207867146,1,0.580516577,0,-0.577069163,0,1.054539919,0
11.56396771,-4.252845287,1,-3.447938919,1,-11.59263515,1,0.253852278,1,-3.995281696,1,1.279523373,1,0.584383309,0,-0.592715561,0,1.04930675,0
11.56796932,-4.233103275,1,-3.455704451,1,-12.43597031,1,0.273906827,1,-4.284497738,1,1.329994917,1,0.588713884,0,-0.609402716,0,1.043474436,0
11.57196713,-4.554417133,1,-3.653767824,1,-13.14920902,1,0.304992199,1,-4.623132229,1,1.391380906,1,0.59373343,0,-0.627225101,0,1.036832452,0
11.57596588,-4.263960361,1,-4.604890347,1,-13.32411003,1,0.302576691,1,-4.946895599,1,1.476308465,1,0.599393606,0,-0.646268427,0,1.029371023,0
11.57996845,-3.683217287,1,-5.463692665,1,-13.80902672,1,0.292764127,1,-5.340181828,1,1.579134583,1,0.605693042,0,-0.666676283,0,1.021000862,0
11.58396626,-3.180186749,1,-6.553558826,1,-14.01117706,1,0.282233387,1,-5.760024071,1,1.709462762,1,0.612724423,0,-0.688626885,0,1.011627913,0
11.58796597,-3.395409107,1,-7.603827,1,-14.00488758,1,0.257923067,1,-6.190361023,1,1.888697743,1,0.620539546,0,-0.712303817,0,1.001201391,0
11.59196758,-3.533501625,1,-9.201095581,1,-13.72005081,1,0.191305056,1,-6.627110958,1,2.112912178,1,0.628981054,0,-0.737788737,0,0.989828587,0
11.59596634,-4.74464035,1,-10.38426781,1,-13.60978031,1,0.095222764,1,-6.995829582,1,2.360015392,1,0.637886047,0,-0.765049398,0,0.977606833,0
11.5999651,-6.723126888,1,-11.51380444,1,-14.52093792,1,-0.015079284,1,-7.274614334,1,2.608540535,1,0.647109747,0,-0.793891728,0,0.964728057,0
11.60396671,-6.695868015,1,-11.67909336,1,-15.51702785,1,-0.077119842,1,-7.506734848,1,2.816855192,1,0.656667113,0,-0.82397294,0,0.951254249,0
11.60796452,-9.32433033,1,-11.1577034,1,-15.86602402,1,-0.128735647,1,-7.611593246,1,2.981798172,1,0.666707575,0,-0.85499239,0,0.937110007,0
11.61196423,-7.003636837,1,-9.551285744,1,-15.48577213,1,-0.22699143,1,-7.923554897,1,3.280730009,1,0.677355826,0,-0.887101114,0,0.922338068,0
11.61596584,-9.39986515,1,-8.957388878,1,-16.5831871,1,-0.291036397,1,-8.11858654,1,3.457910538,1,0.688824177,0,-0.920567155,0,0.906443417,0
11.61996365,-11.92636299,1,-6.157625675,1,-16.17117691,1,-0.110554539,1,-8.374032021,1,3.670238256,1,0.702006638,0,-0.954964757,0,0.88923651,0
11.62396336,-20.15549469,1,-8.066256523,1,-17.7201252,1,0.099020727,1,-8.066842079,1,3.700036049,1,0.717092693,0,-0.989625752,0,0.870917559,0
11.62796497,-20.87830734,1,-8.854394913,1,-17.57447052,1,0.1471567,1,-7.772955418,1,3.823357105,1,0.732992411,0,-1.0232867,0,0.852734208,0
11.63196278,-20.39946175,1,-10.45582199,1,-16.38839912,1,0.06765984,1,-7.47344923,1,3.862985849,1,0.749087393,0,-1.056157947,0,0.83458215,0
11.63596153,-20.23878479,1,-11.23467159,1,-15.75059509,1,0.015907781,1,-7.230591774,1,3.850198269,1,0.765835047,0,-1.088166833,0,0.815688491,0
11.6399641,-21.47696495,1,-12.71165085,1,-14.86789799,1,-0.144118473,1,-6.945055962,1,4.05846262,1,0.782605648,0,-1.119452596,0,0.796662569,0
11.64396191,-22.30885506,1,-13.320261,1,-15.23336029,1,-0.37422356,1,-6.553110123,1,4.29880476,1,0.797391415,0,-1.150376081,0,0.779204011,0
11.64796066,-22.54828644,1,-13.41089249,1,-15.59572792,1,-0.600514531,1,-6.240285873,1,4.316559792,1,0.810522139,0,-1.180546522,0,0.762798548,0
11.65196323,-22.02954292,1,-13.00100613,1,-13.76569271,1,-0.875540972,1,-5.92505312,1,4.445131779,1,0.822173119,0,-1.209928513,0,0.747130513,0
11.65596104,-22.44219398,1,-12.04938412,1,-12.83626461,1,-1.264259338,1,-5.568129063,1,4.537229538,1,0.830985844,0,-1.238785625,0,0.733218491,0
11.65996075,-21.69955254,1,-9.928956985,1,-11.83317184,1,-1.475626588,1,-5.012512684,1,4.382497311,1,0.836718738,0,-1.266254306,0,0.721353352,0
11.66396236,-16.55719376,1,-7.552467346,1,-11.35406685,1,-1.589613438,1,-4.439354897,1,4.13398838,1,0.839284897,0,-1.291577816,0,0.712264538,0
11.66796589,-11.62341404,1,-7.378227234,1,-10.09248352,1,-1.597021222,1,-3.858562946,1,3.748531103,1,0.839542866,0,-1.314404488,0,0.7053653,0
11.6719656,-7.151089191,1,-5.293491364,1,-13.1027813,1,-1.355377197,1,-3.277541876,1,3.531914473,1,0.837140918,0,-1.334734559,0,0.701629043,0
11.67596722,-11.1242857,1,0.595860898,1,-17.90215874,1,-0.775788546,1,-2.838977575,1,3.382596254,1,0.831590295,0,-1.353189468,0,0.702925265,0
11.67996502,-17.49794388,1,-1.139843583,1,-20.15860748,1,-0.251766533,1,-2.137670279,1,3.142363548,1,0.822418451,0,-1.369522095,0,0.710224926,0
11.68396473,-21.43351746,1,0.661494613,1,-19.40716743,1,0.269745231,1,-1.645215154,1,2.839560986,1,0.808660865,0,-1.383387804,0,0.724274695,0
11.68796635,-29.31261826,1,1.745325327,1,-21.1234436,1,0.932359874,1,-0.903441072,1,2.567078352,1,0.791110754,0,-1.394843459,0,0.744583905,0
11.69196415,-18.07037544,1,-4.492770195,1,-20.02863503,1,1.31635499,1,0.076635621,1,2.342226744,1,0.761499405,0,-1.402884007,0,0.779289484,0
11.69596386,-7.514658451,1,-9.468144417,1,-16.71658707,1,1.453998685,1,0.809388995,1,1.956161976,1,0.740734398,0,-1.403862596,0,0.795058846,0
11.69996548,-1.996290565,1,-10.66233158,1,-13.41038895,1,1.530591726,1,1.160540104,1,1.62665391,1,0.698826969,0,-1.405520201,0,0.843628764,0
11.70396328,-1.915841222,1,-9.875989914,1,-12.10064316,1,1.482132792,1,1.277673006,1,1.453277111,1,0.657836616,0,-1.405557871,0,0.891337276,0
11.70796299,-2.375808716,1,-8.662804604,1,-11.2465353,1,1.331675291,1,1.364520669,1,1.354386568,1,0.617708981,0,-1.404650807,0,0.937728882,0
11.71196556,-0.973798692,1,-8.620306969,1,-10.3847456,1,1.184313416,1,1.468682885,1,1.246516705,1,0.578218699,0,-1.402903914,0,0.982878447,0
11.71596241,1.539817929,1,-8.822940826,1,-9.098753929,1,1.056941271,1,1.538613796,1,1.084148765,1,0.540760815,0,-1.400271297,0,1.02541399,0
11.71996307,3.475720406,1,-8.50082016,1,-7.761143208,1,0.956923783,1,1.556841254,1,0.891204774,1,0.50725764,0,-1.396876097,0,1.063493729,0
11.72396469,4.641996384,1,-7.761305332,1,-7.040445328,1,0.871384621,1,1.526834488,1,0.713329196,1,0.478593379,0,-1.392952561,0,1.096314907,0
11.72796249,5.068655491,1,-6.9645648,1,-6.912603378,1,0.790639222,1,1.500766158,1,0.537119687,1,0.454717994,0,-1.388669968,0,1.123959541,0
11.73196125,5.212711811,1,-6.221158504,1,-6.862066269,1,0.732392311,1,1.497877836,1,0.34911862,1,0.435320079,0,-1.384028077,0,1.146778226,0
11.73596287,5.377574921,1,-5.533368587,1,-6.780751705,1,0.699293375,1,1.506328344,1,0.14479062,1,0.420484006,0,-1.378976583,0,1.164795876,0
11.73996067,5.568193913,1,-5.156646729,1,-6.668171883,1,0.699459791,1,1.536585569,1,-0.072164848,1,0.410198271,0,-1.373472571,0,1.178135157,0
11.74396038,5.628528118,1,-4.713983536,1,-6.671352863,1,0.70490247,1,1.575963378,1,-0.293314606,1,0.404181778,0,-1.367467761,0,1.187140226,0
11.74796104,5.518845081,1,-4.382759094,1,-6.786397934,1,0.723786056,1,1.642396688,1,-0.4949435,1,0.401924014,0,-1.36093533,0,1.192364454,0
11.75195885,5.206802845,1,-4.022004128,1,-6.901686192,1,0.74453789,1,1.722767353,1,-0.688322604,1,0.402777284,0,-1.353828907,0,1.194500446,0
11.75595856,4.899895668,1,-3.662627935,1,-7.093593121,1,0.772250354,1,1.822957158,1,-0.864719093,1,0.406149566,0,-1.346090555,0,1.194157243,0
11.75996018,4.594326973,1,-3.365417957,1,-7.190834999,1,0.805555582,1,1.938557267,1,-1.032044768,1,0.411464691,0,-1.337675691,0,1.1919415,0
11.76395798,4.306511402,1,-3.058406115,1,-7.351974964,1,0.836928725,1,2.066149712,1,-1.172451496,1,0.418136895,0,-1.328564882,0,1.188454509,0
11.76795769,4.141578674,1,-2.766553164,1,-7.424338818,1,0.863776267,1,2.191503286,1,-1.311227679,1,0.425722629,0,-1.318768859,0,1.184143305,0
11.77195931,3.812164783,1,-2.545795679,1,-7.53458786,1,0.892509222,1,2.3228302,1,-1.418880939,1,0.433811694,0,-1.30828619,0,1.179419041,0
11.77595711,3.435297012,1,-2.349230766,1,-7.709240913,1,0.913290262,1,2.463199854,1,-1.522659898,1,0.442040801,0,-1.297128677,0,1.174624801,0
11.77995682,2.901679754,1,-2.27787447,1,-7.878305912,1,0.928063035,1,2.611152411,1,-1.601806521,1,0.450137675,0,-1.285284042,0,1.170024633,0
11.78395748,2.404979467,1,-2.256956339,1,-8.11455822,1,0.924224138,1,2.768440247,1,-1.673456192,1,0.457730323,0,-1.272735,0,1.165957332,0
11.78796101,1.974824071,1,-2.232129812,1,-8.334766388,1,0.917720318,1,2.919899464,1,-1.731517911,1,0.464716971,0,-1.259509802,0,1.162504792,0
11.79196072,1.547451138,1,-2.134013891,1,-8.501603127,1,0.902979434,1,3.078636885,1,-1.778068066,1,0.470920801,0,-1.245632291,0,1.159799814,0
11.79596138,1.058537841,1,-1.983142614,1,-8.671220779,1,0.890851021,1,3.239517689,1,-1.816741586,1,0.476349115,0,-1.231105089,0,1.157850862,0
11.79995918,0.551708817,1,-1.711900115,1,-8.830169678,1,0.88457489,1,3.397215605,1,-1.853199601,1,0.481011152,0,-1.215945721,0,1.156672001,0
11.80395889,0.086944088,1,-1.432725787,1,-8.958893776,1,0.895241141,1,3.564063072,1,-1.887933016,1,0.485000968,0,-1.200134158,0,1.156212687,0
11.80796146,-0.377377689,1,-1.193315744,1,-9.163521767,1,0.913390696,1,3.721610546,1,-1.929736376,1,0.488464653,0,-1.183686733,0,1.156385303,0
11.81195831,-0.958720863,1,-0.930555224,1,-9.336034775,1,0.945428789,1,3.887454748,1,-1.964377999,1,0.491491377,0,-1.166597724,0,1.157134414,0
11.81595898,-1.506683469,1,-0.646820247,1,-9.447351456,1,0.99128449,1,4.049935341,1,-2.002320528,1,0.494196743,0,-1.148859024,0,1.158415198,0
11.81996059,-1.984929562,1,-0.52904284,1,-9.542516708,1,1.039360642,1,4.212766171,1,-2.04621768,1,0.496658593,0,-1.130467892,0,1.160181999,0
11.8239584,-2.383994579,1,-0.422400504,1,-9.594207764,1,1.092349768,1,4.37635994,1,-2.077913761,1,0.498932838,0,-1.111436844,0,1.162393808,0
11.82795811,-2.736740112,1,-0.472699642,1,-9.661213875,1,1.127916694,1,4.533144474,1,-2.102248192,1,0.501002908,0,-1.091798067,0,1.165064454,0
11.83195877,-3.068389654,1,-0.494653106,1,-9.709988594,1,1.178145409,1,4.681015968,1,-2.125712395,1,0.502884269,0,-1.071569443,0,1.168161273,0
11.83595657,-3.537786007,1,-0.630376518,1,-9.685264587,1,1.208928943,1,4.819935799,1,-2.143651724,1,0.504625738,0,-1.050817251,0,1.17163372,0
11.83995628,-4.051467896,1,-0.744120955,1,-9.671497345,1,1.23306036,1,4.953911304,1,-2.150166035,1,0.506162941,0,-1.029548883,0,1.175509691,0
11.8439579,-4.491523743,1,-0.907325566,1,-9.633434296,1,1.246764064,1,5.084115982,1,-2.15740943,1,0.507532716,0,-1.007808685,0,1.179730773,0
11.8479557,-4.957629681,1,-1.101258755,1,-9.582621574,1,1.252381086,1,5.206406116,1,-2.15203023,1,0.508708715,0,-0.985630989,0,1.184293628,0
11.85195541,-5.348962784,1,-1.33354187,1,-9.555940628,1,1.241185188,1,5.330820084,1,-2.14372468,1,0.509619713,0,-0.963026941,0,1.189221501,0
11.85595703,-5.6361413,1,-1.429620743,1,-9.561276436,1,1.234831214,1,5.460184574,1,-2.124367476,1,0.510245621,0,-0.940032601,0,1.194533348,0
11.85995483,-5.914507866,1,-1.492359281,1,-9.591254234,1,1.230481148,1,5.572041035,1,-2.101140738,1,0.510618985,0,-0.916652918,0,1.200218558,0
11.86395454,-6.144296646,1,-1.359303355,1,-9.690331459,1,1.226378918,1,5.681359768,1,-2.076731205,1,0.510822833,0,-0.892926335,0,1.206208229,0
11.86795616,-6.355797768,1,-1.31268096,1,-9.786828995,1,1.236461639,1,5.773764133,1,-2.05718708,1,0.510910392,0,-0.868905425,0,1.212473989,0
11.87195396,-6.567878246,1,-1.096768498,1,-9.886807442,1,1.262879252,1,5.86686945,1,-2.027533531,1,0.51098299,0,-0.844609618,0,1.218980908,0
11.87595367,-6.736340046,1,-0.960989118,1,-9.999717712,1,1.31382978,1,5.951151848,1,-1.999497056,1,0.511146545,0,-0.820052862,0,1.225709081,0
11.87995529,-6.954661369,1,-0.806592941,1,-10.13676548,1,1.38083899,1,6.026134491,1,-1.974862814,1,0.511517584,0,-0.795274615,0,1.23264575,0
11.88395309,-7.121413231,1,-0.647004187,1,-10.27731228,1,1.472698689,1,6.101397038,1,-1.948254228,1,0.51220113,0,-0.770276785,0,1.239746094,0
11.88795185,-7.33064127,1,-0.603842258,1,-10.41061592,1,1.571651459,1,6.165876389,1,-1.931008816,1,0.513302743,0,-0.745082796,0,1.24699533,0
11.89195347,-7.542719841,1,-0.57460779,1,-10.58347416,1,1.682663321,1,6.237869263,1,-1.915548682,1,0.514868796,0,-0.719694495,0,1.254391789,0
11.89595127,-7.60344553,1,-0.676555216,1,-10.68270683,1,1.802777886,1,6.287124634,1,-1.897922993,1,0.51694566,0,-0.694142163,0,1.261917591,0
11.89995098,-7.612643242,1,-0.845271766,1,-10.83149433,1,1.915998101,1,6.322505474,1,-1.889820933,1,0.519588292,0,-0.668489635,0,1.2695328,0
11.9039526,-7.719576359,1,-1.122055769,1,-10.92464161,1,2.034145355,1,6.345427036,1,-1.875695825,1,0.522810519,0,-0.64275676,0,1.277210116,0
11.90795708,-7.791833401,1,-1.513124943,1,-10.9954052,1,2.127912045,1,6.352302551,1,-1.865986943,1,0.5265854,0,-0.61702919,0,1.284946203,0
11.91195679,-7.931198597,1,-1.870962262,1,-11.1353054,1,2.21223259,1,6.336863041,1,-1.858962774,1,0.530868471,0,-0.591351688,0,1.292700887,0
11.91595841,-8.199986458,1,-2.333975554,1,-11.2840662,1,2.26806283,1,6.309418201,1,-1.866434813,1,0.535630047,0,-0.56578207,0,1.30039084,0
11.91995621,-8.525302887,1,-2.864575624,1,-11.4464674,1,2.291856289,1,6.271924973,1,-1.889420629,1,0.540770948,0,-0.540323317,0,1.307971478,0
11.92395592,-8.840773582,1,-3.421934605,1,-11.64889622,1,2.284482718,1,6.22712183,1,-1.925835013,1,0.546208799,0,-0.514976859,0,1.315374851,0
11.92795754,-9.212555885,1,-4.030611992,1,-12.02833176,1,2.251890659,1,6.18107748,1,-1.983710408,1,0.551837265,0,-0.489726543,0,1.322543621,0
11.93195534,-9.63640213,1,-4.488940239,1,-12.45757389,1,2.188630342,1,6.125785828,1,-2.056626558,1,0.557565749,0,-0.464547604,0,1.329406738,0
11.93595505,-10.13462925,1,-4.85913372,1,-13.00408173,1,2.111133814,1,6.066563129,1,-2.139313936,1,0.563319802,0,-0.439431161,0,1.335923672,0
11.93995667,-10.84706497,1,-5.063292027,1,-13.60538864,1,2.018531084,1,6.011744976,1,-2.248927593,1,0.569048285,0,-0.414337516,0,1.342029929,0
11.94395447,-11.77139759,1,-5.059155464,1,-14.35222912,1,1.932760239,1,5.959080219,1,-2.375915051,1,0.574748397,0,-0.389195651,0,1.347658634,0
11.94795418,-12.69960308,1,-4.813141346,1,-14.94607544,1,1.861488581,1,5.908769131,1,-2.530145407,1,0.579962194,0,-0.361187756,0,1.342530847,0
11.9519558,-13.78477192,1,-4.579705715,1,-15.55163097,1,1.812286735,1,5.857032299,1,-2.697091341,1,0.585768044,0,-0.335799932,0,1.347030997,0
11.9559536,-14.9744997,1,-4.335386276,1,-15.92331314,1,1.783332586,1,5.820765018,1,-2.885367393,1,0.59172821,0,-0.31017065,0,1.350927114,0
11.95995235,-16.16137886,1,-4.048775673,1,-16.27278519,1,1.781611085,1,5.780530453,1,-3.093291283,1,0.597904086,0,-0.284257948,0,1.354175687,0
11.96395397,-17.46542358,1,-3.752052307,1,-16.37061882,1,1.782671332,1,5.731651306,1,-3.308365822,1,0.604336798,0,-0.258026928,0,1.356736183,0
11.96795178,-19.00764465,1,-3.195444822,1,-16.31458664,1,1.7902174,1,5.675818443,1,-3.5352633,1,0.611037076,0,-0.231468439,0,1.358582139,0
11.97195149,-20.64206123,1,-2.407179594,1,-16.29438591,1,1.811265349,1,5.59721756,1,-3.758245468,1,0.618002892,0,-0.204632178,0,1.359684706,0
11.9759531,-22.47937012,1,-1.24486196,1,-16.12319565,1,1.848830581,1,5.508920193,1,-3.961346388,1,0.625237703,0,-0.177573964,0,1.360065341,0
11.97995091,-24.38779068,1,0.223313376,1,-15.75154591,1,1.924749374,1,5.406624317,1,-4.133560181,1,0.632816136,0,-0.150393307,0,1.359802485,0
11.98395062,-26.47176552,1,1.276248336,1,-14.66123295,1,2.059084177,1,5.319390297,1,-4.259009361,1,0.640878081,0,-0.123164847,0,1.359042525,0
11.98795223,-28.83897781,1,1.663715601,1,-13.04155254,1,2.219902754,1,5.25357151,1,-4.319592476,1,0.649551272,0,-0.095946804,0,1.358026981,0
11.99195004,-31.17524338,1,1.177633286,1,-10.88942814,1,2.370325327,1,5.200246811,1,-4.313293934,1,0.658830345,0,-0.068831787,0,1.357025385,0
11.99594975,-33.03833389,1,-0.01106213,1,-8.406693459,1,2.417310715,1,5.137433529,1,-4.225431919,1,0.668481529,0,-0.042007823,0,1.356296062,0
11.99995041,-33.88061905,1,-0.452867329,1,-5.843962193,1,2.378812551,1,5.01412344,1,-4.043362617,1,0.678107858,0,-0.015798332,0,1.356021881,0
12.00394821,-34.11872482,1,-0.201129332,1,-3.28420639,1,2.297286987,1,4.81389904,1,-3.795060635,1,0.6874668,0,0.009362774,0,1.356263876,0
12.00794792,-33.92503738,1,0.659950376,1,-0.876488328,1,2.206789494,1,4.550669193,1,-3.470073938,1,0.6964885,0,0.033063743,0,1.357027054,0
12.01195049,-33.02217865,1,2.768670082,1,1.534041166,1,2.177045822,1,4.21394062,1,-3.08131671,1,0.70529598,0,0.054943424,0,1.358304739,0
12.01594734,-32.25988007,1,5.580979824,1,3.530603409,1,2.246656418,1,3.819238663,1,-2.642990351,1,0.71420747,0,0.074602097,0,1.360097766,0
12.01994705,-31.60552597,1,8.800958633,1,5.323768616,1,2.464451551,1,3.403191328,1,-2.181481361,1,0.723780751,0,0.091827221,0,1.362358451,0
12.02394962,-30.78451347,1,12.09359169,1,5.97121954,1,2.799689054,1,2.939665079,1,-1.759816647,1,0.734544039,0,0.106539607,0,1.364961743,0
12.02795315,-30.67536354,1,14.36837292,1,6.627080441,1,3.162872553,1,2.481768608,1,-1.39459765,1,0.746792018,0,0.118792281,0,1.367638111,0
12.03195286,-31.65693474,1,15.0380249,1,6.977862835,1,3.452093124,1,2.036324978,1,-1.088993311,1,0.760365546,0,0.128765553,0,1.370231748,0
12.03595448,-32.33630371,1,14.48932743,1,7.252994537,1,3.610987186,1,1.633546829,1,-0.832384288,1,0.774837494,0,0.13670738,0,1.372595072,0
12.03995228,-32.90493393,1,13.02951527,1,7.474970818,1,3.5704422,1,1.236083627,1,-0.643968701,1,0.78952527,0,0.142843828,0,1.374562025,0
12.04395199,-33.21196365,1,10.605793,1,7.456283569,1,3.285277605,1,0.879335761,1,-0.516004026,1,0.803495407,0,0.147443846,0,1.375977993,0
12.04795361,-32.85940933,1,7.420881748,1,7.396410942,1,2.697167158,1,0.555859745,1,-0.402645767,1,0.815669298,0,0.150756523,0,1.376802921,0
12.05195141,-32.9052887,1,4.368140697,1,7.184965134,1,1.879961848,1,0.240937412,1,-0.302521646,1,0.824889898,0,0.152866691,0,1.376998186,0
12.05595112,-32.90877151,1,2.843018532,1,6.656795025,1,0.941603422,1,-0.05913496,1,-0.235599279,1,0.830482006,0,0.15389581,0,1.37652123,0
12.05995274,-32.70355988,1,2.794263124,1,5.909891605,1,-0.005309644,1,-0.334029943,1,-0.195026994,1,0.83216548,0,0.153994128,0,1.375353694,0
12.06395054,-25.57221222,1,-0.88071692,1,0.27264297,1,-0.982313752,1,-0.670413971,1,-0.065258451,1,0.830018163,0,0.15313898,0,1.37349987,0
12.0679493,-19.88612175,1,-2.898686647,1,4.595255852,1,-2.137684107,1,-1.839992762,1,0.806258142,1,0.823062181,0,0.149016082,0,1.37091291,0
12.07195091,-45.32030106,1,15.18581486,1,7.392391205,1,-2.088546515,1,-2.845861197,1,1.689503074,1,0.813984513,0,0.138422504,0,1.367272496,0
12.07594872,-2.63594389,1,8.440810204,1,11.87557793,1,-2.262923956,1,-2.151613235,1,1.648940563,1,0.804926872,0,0.126602709,0,1.364547491,0
12.07994843,18.08877754,1,-5.180017948,1,-0.325916111,1,-2.282221556,1,-2.732292175,1,2.09620595,1,0.79574728,0,0.114798464,0,1.363004208,0
12.083951,-8.877604485,1,-11.70656204,1,-14.11213207,1,-2.750272274,1,-3.258978367,1,2.428724527,1,0.785464585,0,0.099580444,0,1.360579014,0
12.08794785,1.333508968,1,-16.92573166,1,-23.79715729,1,-2.828004599,1,-2.76537466,1,2.648860693,1,0.774180114,0,0.083897442,0,1.35935843,0
12.09194756,8.578886986,1,-21.98789406,1,-25.9827137,1,-2.892492771,1,-2.425316572,1,2.634868145,1,0.762816429,0,0.069039516,0,1.359822869,0
12.09595013,6.442511082,1,-23.20517159,1,-18.38492012,1,-3.31932354,1,-2.284534454,1,2.401728153,1,0.750485778,0,0.055379499,0,1.360733747,0
12.09994888,10.88548279,1,-16.54853821,1,-12.49726105,1,-3.574369907,1,-2.651133537,1,2.388941526,1,0.736645341,0,0.041759048,0,1.361189485,0
12.10394859,11.93819618,1,-1.33287847,1,-9.685470581,1,-3.45893383,1,-3.475620031,1,2.637462378,1,0.722469866,0,0.026000688,0,1.360576868,0
12.10794926,8.609023094,1,1.69996655,1,-6.655908585,1,-3.446430683,1,-4.500444412,1,2.751611233,1,0.708865285,0,0.006841176,0,1.358335614,0
12.11194706,5.491570473,1,4.000133514,1,-9.107473373,1,-3.414016724,1,-5.634652138,1,2.872764349,1,0.694984674,0,-0.015950728,0,1.353706956,0
12.11594677,-6.129426956,1,7.235751152,1,-12.44673061,1,-3.174574852,1,-6.184386253,1,2.741908789,1,0.681995451,0,-0.041517746,0,1.347403407,0
12.11994743,-20.53543472,1,10.56820011,1,-17.51321602,1,-2.96186924,1,-6.117851734,1,2.406347275,1,0.670089424,0,-0.067291997,0,1.339907527,0
12.12394619,-22.37864685,1,13.35263157,1,-20.64274025,1,-2.557024717,1,-5.646431923,1,2.206800938,1,0.659654677,0,-0.091451347,0,1.332598686,0
12.1279459,-20.51669312,1,14.19677067,1,-19.34054565,1,-2.225173712,1,-5.249504566,1,2.209456205,1,0.650636256,0,-0.114045106,0,1.326267958,0
12.13194656,-17.70909119,1,12.62239456,1,-19.09628296,1,-1.810981154,1,-5.019989967,1,2.293056011,1,0.643309116,0,-0.135814101,0,1.321033835,0
12.13594437,-19.9778862,1,8.655363083,1,-15.83960056,1,-1.575883269,1,-4.730620861,1,2.508548737,1,0.637212873,0,-0.157266498,0,1.317018032,0
12.13994408,-17.42846489,1,1.961099625,1,-13.05158329,1,-1.431696653,1,-4.363957405,1,2.66033721,1,0.631640136,0,-0.178035766,0,1.314552903,0
12.14394569,-19.93968391,1,-5.8711133,1,-11.07421303,1,-1.534372926,1,-4.09000206,1,2.686445236,1,0.625975251,0,-0.198089421,0,1.313268661,0
12.14794922,-20.48210335,1,-11.09666824,1,-9.496073723,1,-1.746335983,1,-3.708688498,1,2.407683849,1,0.61960268,0,-0.21670714,0,1.312470078,0
12.15194893,-17.3750515,1,-14.14741421,1,-7.958467484,1,-2.04961729,1,-3.219534874,1,2.063594341,1,0.61222595,0,-0.233202562,0,1.31171,0
12.1559515,-17.82182503,1,-11.35272408,1,-6.56068182,1,-2.352227211,1,-2.978103638,1,1.821458578,1,0.603719115,0,-0.247757286,0,1.310978293,0
12.15994835,-18.93001938,1,-5.394171238,1,-9.525188446,1,-2.477017641,1,-2.576568365,1,1.537240863,1,0.594170392,0,-0.260720491,0,1.310185075,0
12.16394901,-21.95211601,1,-0.366741151,1,-15.10947132,1,-2.318933964,1,-1.856169701,1,1.177053094,1,0.584655106,0,-0.271213263,0,1.309703112,0
12.16795063,-24.76921654,1,5.798281193,1,-15.31071854,1,-1.993979216,1,-0.949899852,1,0.954995275,1,0.575749278,0,-0.278131306,0,1.310166597,0
12.17194843,-18.92212296,1,12.11365032,1,-12.16449833,1,-1.389363408,1,-0.476257533,1,0.834658086,1,0.568567812,0,-0.282463074,0,1.311787605,0
12.17594814,-10.42619896,1,5.883289337,1,-9.310566902,1,-1.031534195,1,-0.295502067,1,0.654467642,1,0.563290894,0,-0.285239756,0,1.313599586,0
12.17994881,-6.348083973,1,1.247553706,1,-9.323676109,1,-0.767403126,1,-0.377192169,1,0.411697984,1,0.559395432,0,-0.287513435,0,1.314744353,0
12.18394661,-5.612532139,1,-2.823949575,1,-10.14492893,1,-0.622386754,1,-0.421367109,1,0.234796286,1,0.556564331,0,-0.289555103,0,1.314967513,0
12.18794632,-8.635875702,1,-3.73459816,1,-9.506743431,1,-0.54525733,1,-0.331099719,1,0.215287387,1,0.554294527,0,-0.291299164,0,1.314887285,0
12.19194794,-5.789720058,1,-4.190155029,1,-8.494789124,1,-0.549860239,1,-0.321911722,1,0.274735153,1,0.552082956,0,-0.29290396,0,1.315043688,0
12.19594669,-5.066248417,1,-4.341482639,1,-9.497103691,1,-0.552664757,1,-0.319785178,1,0.292900234,1,0.550792992,0,-0.293186188,0,1.308976412,0
12.1999464,-4.753658772,1,-3.747504473,1,-9.591183662,1,-0.520997465,1,-0.418507516,1,0.334096313,1,0.548590302,0,-0.295146585,0,1.309282303,0
12.20394707,-4.158696651,1,-2.361727953,1,-9.92195797,1,-0.494630724,1,-0.463511914,1,0.375735551,1,0.546454251,0,-0.297403276,0,1.309582233,0
12.20794487,-5.253677845,1,-0.292777449,1,-10.14797497,1,-0.439273059,1,-0.482047141,1,0.394607842,1,0.544469535,0,-0.299812675,0,1.309941292,0
12.21194458,-6.372315407,1,1.255625129,1,-9.273972511,1,-0.323404104,1,-0.496005625,1,0.355402291,1,0.542847097,0,-0.302270412,0,1.310236692,0
12.2159462,-7.442236423,1,1.959242105,1,-8.726949692,1,-0.176906258,1,-0.493986934,1,0.268140972,1,0.541820467,0,-0.304621518,0,1.310294032,0
12.219944,-7.352881908,1,1.956122637,1,-8.852062225,1,-0.019027837,1,-0.459083021,1,0.154879764,1,0.541518688,0,-0.306685925,0,1.310022354,0
12.22394371,-4.355191708,1,0.446021467,1,-9.609902382,1,0.09445411,1,-0.478863299,1,0.094950348,1,0.541861117,0,-0.308511853,0,1.309445024,0
12.22794437,-3.905585051,1,-0.641407311,1,-10.1298399,1,0.177295655,1,-0.513509512,1,0.090870634,1,0.542634785,0,-0.310408175,0,1.308697701,0
12.23194218,-4.285945415,1,-1.729288936,1,-9.241419792,1,0.216179147,1,-0.560046256,1,0.104131959,1,0.543681443,0,-0.312451303,0,1.307873845,0
12.23594189,-6.524913788,1,-2.241083145,1,-8.43692112,1,0.240575567,1,-0.556133389,1,0.10358379,1,0.544861317,0,-0.314591944,0,1.307038426,0
12.2399435,-6.49337244,1,-3.019174099,1,-7.938731194,1,0.246484816,1,-0.517649591,1,0.097478352,1,0.546095192,0,-0.316628039,0,1.306225061,0
12.24394131,-5.635877609,1,-3.530781746,1,-8.018330574,1,0.205308974,1,-0.474350005,1,0.097069941,1,0.547241986,0,-0.318535805,0,1.305483937,0
12.24794102,-4.909207821,1,-3.172178507,1,-8.210345268,1,0.176437259,1,-0.452943087,1,0.110918202,1,0.548187435,0,-0.320289969,0,1.304854393,0
12.25194264,-6.275639534,1,-2.302396774,1,-7.76433897,1,0.150032878,1,-0.383086026,1,0.102353893,1,0.5489856,0,-0.321977079,0,1.304310799,0
12.25594044,-6.214551449,1,-2.40759778,1,-8.023099899,1,0.162498653,1,-0.415617704,1,0.114424683,1,0.549796402,0,-0.323616266,0,1.303813457,0
12.25994015,-5.976394176,1,-1.531763911,1,-8.208235741,1,0.171593532,1,-0.412610501,1,0.073781282,1,0.550646961,0,-0.325226992,0,1.303235292,0
12.26394177,-5.790233135,1,-0.975753009,1,-8.312501907,1,0.195578784,1,-0.407513976,1,0.04065926,1,0.551612794,0,-0.326732665,0,1.302534699,0
12.26794529,-5.596245289,1,-0.611022413,1,-8.374437332,1,0.230818152,1,-0.403038174,1,0.005221494,1,0.552725434,0,-0.328157663,0,1.301724076,0
12.271945,-5.616761208,1,-0.76025486,1,-8.47637558,1,0.267562389,1,-0.402855545,1,-0.028666697,1,0.554015636,0,-0.32950592,0,1.300796032,0
12.27594662,-5.576314449,1,-0.876892924,1,-8.240558624,1,0.308449298,1,-0.405198246,1,-0.060917232,1,0.555520773,0,-0.330777764,0,1.299728036,0
12.27994442,-5.630223751,1,-1.245195746,1,-8.249350548,1,0.3408961,1,-0.404614717,1,-0.079714254,1,0.557199001,0,-0.332006365,0,1.298567772,0
12.28394413,-5.427519321,1,-1.76355195,1,-8.261019707,1,0.369166553,1,-0.413225353,1,-0.096753262,1,0.559025645,0,-0.333206832,0,1.297332048,0
12.28794575,-5.23558712,1,-2.202105522,1,-8.373842239,1,0.382635087,1,-0.412831038,1,-0.101114646,1,0.560943127,0,-0.334399521,0,1.296054363,0
12.29194355,-5.108956814,1,-2.62172389,1,-8.323440552,1,0.378556013,1,-0.420284361,1,-0.092557356,1,0.56289047,0,-0.335599184,0,1.294765472,0
12.29594326,-5.239309788,1,-2.925163746,1,-8.057012558,1,0.371115476,1,-0.418704689,1,-0.084743515,1,0.564816594,0,-0.336830258,0,1.29348588,0
12.29994488,-5.109670162,1,-3.186075687,1,-7.997859001,1,0.359858125,1,-0.406477064,1,-0.0668175,1,0.56669569,0,-0.338060319,0,1.292274117,0
12.30394268,-5.107564449,1,-3.429480314,1,-7.875573635,1,0.340316296,1,-0.407501459,1,-0.044695087,1,0.568477094,0,-0.339315534,0,1.291143298,0
12.30794239,-5.248897552,1,-3.669460058,1,-7.690060139,1,0.317569107,1,-0.391408116,1,-0.020905517,1,0.570134461,0,-0.340588868,0,1.290114641,0
12.31194305,-5.216743946,1,-3.867606878,1,-7.665929794,1,0.289445937,1,-0.392282158,1,0.00200882,1,0.571659565,0,-0.341887832,0,1.289180279,0
12.31594181,-5.148689747,1,-3.910930634,1,-7.641469479,1,0.258321881,1,-0.38008371,1,0.030508032,1,0.57302773,0,-0.343219876,0,1.288355827,0
12.31994152,-5.327629089,1,-3.697870731,1,-7.525464535,1,0.229309216,1,-0.367647618,1,0.045154743,1,0.574241102,0,-0.344562978,0,1.287616491,0
12.32394218,-5.358737469,1,-3.338287354,1,-7.591564655,1,0.218667626,1,-0.354173213,1,0.065154433,1,0.575358927,0,-0.345887065,0,1.286979079,0
12.32793999,-5.293148041,1,-3.155800819,1,-7.686064243,1,0.214582741,1,-0.340696633,1,0.081584744,1,0.576414108,0,-0.347202599,0,1.286434054,0
12.3319397,-5.043896198,1,-3.280347586,1,-7.86380434,1,0.200316682,1,-0.348113835,1,0.101106793,1,0.577418864,0,-0.348548472,0,1.285962582,0
12.33594132,-5.030288696,1,-2.663057089,1,-8.082653999,1,0.191138238,1,-0.358105153,1,0.099647924,1,0.578348637,0,-0.349962473,0,1.285492897,0
12.33994007,-5.061726093,1,-1.962583661,1,-8.163016319,1,0.233153552,1,-0.36676529,1,0.105614349,1,0.579363704,0,-0.351408124,0,1.285003901,0
12.34393883,-4.98806572,1,-1.851374865,1,-8.300658226,1,0.27754432,1,-0.380098581,1,0.108914815,1,0.580546916,0,-0.352893919,0,1.284525275,0
12.34794045,-4.990101814,1,-2.187637329,1,-8.253808975,1,0.313414663,1,-0.398640752,1,0.105558835,1,0.581914186,0,-0.354427546,0,1.284002066,0
12.35193825,-5.006476402,1,-2.649757147,1,-8.245078087,1,0.332669497,1,-0.41854462,1,0.108587548,1,0.583419144,0,-0.356014609,0,1.283430219,0
12.35593796,-4.91982317,1,-2.754700184,1,-8.172588348,1,0.333976239,1,-0.441914201,1,0.119355164,1,0.584961712,0,-0.357703865,0,1.282820702,0
12.35994053,-5.125439167,1,-2.97903347,1,-8.057933807,1,0.348544836,1,-0.464654326,1,0.130640224,1,0.586559772,0,-0.359496176,0,1.282196045,0
12.36393738,-5.042595387,1,-2.980044365,1,-7.90260601,1,0.348535866,1,-0.469013005,1,0.141742304,1,0.588172495,0,-0.361344993,0,1.281574488,0
12.36793709,-5.102035522,1,-3.311767101,1,-7.845873356,1,0.345006138,1,-0.477540612,1,0.153466359,1,0.589778244,0,-0.363242179,0,1.280978203,0
12.37193966,-5.130730152,1,-3.179667473,1,-7.763629913,1,0.30652383,1,-0.485145599,1,0.160967276,1,0.591276646,0,-0.365193248,0,1.280400753,0
12.37593746,-5.230532169,1,-2.680508137,1,-7.644971371,1,0.310624868,1,-0.491296858,1,0.170030951,1,0.592715561,0,-0.367191017,0,1.279812574,0
12.37993717,-5.383414268,1,-2.594053268,1,-7.599336147,1,0.332132578,1,-0.490561992,1,0.177788496,1,0.594208062,0,-0.369216144,0,1.279245257,0
12.38393879,-5.447164536,1,-2.593864679,1,-7.552719593,1,0.328531027,1,-0.483469099,1,0.1806214,1,0.595728219,0,-0.371213078,0,1.278715134,0
12.38794231,-5.420648575,1,-2.583761692,1,-7.486685753,1,0.328814179,1,-0.475562334,1,0.172341213,1,0.597232223,0,-0.373204619,0,1.278178811,0
12.39194202,-5.500962257,1,-2.584020138,1,-7.455401897,1,0.323599964,1,-0.475522399,1,0.173542514,1,0.598738313,0,-0.375166982,0,1.277635813,0
12.39594269,-5.609724998,1,-2.60640049,1,-7.373513222,1,0.324552,1,-0.468500108,1,0.170514852,1,0.600233734,0,-0.377113819,0,1.27709949,0
12.39994049,-5.662494659,1,-3.085033178,1,-7.241200924,1,0.29909724,1,-0.460362375,1,0.168064818,1,0.601686418,0,-0.379031301,0,1.276564121,0
12.4039402,-5.715172768,1,-2.84166503,1,-7.1186409,1,0.270686388,1,-0.446686268,1,0.155353814,1,0.603018343,0,-0.380898714,0,1.276031256,0
12.40794182,-5.814941883,1,-2.779069185,1,-7.074810028,1,0.272528708,1,-0.43286857,1,0.164821908,1,0.604297698,0,-0.382719636,0,1.275520921,0
12.41193962,-5.732151031,1,-2.867917061,1,-7.049180508,1,0.259303182,1,-0.41193518,1,0.163042039,1,0.605530262,0,-0.38447547,0,1.275077701,0
12.41593838,-5.744495392,1,-3.10999465,1,-6.994919777,1,0.230932504,1,-0.394711137,1,0.167435229,1,0.606661558,0,-0.386176646,0,1.274677277,0
12.41994,-5.768548965,1,-3.273411274,1,-6.923086643,1,0.200769871,1,-0.372409135,1,0.168287978,1,0.607647657,0,-0.3878268,0,1.274327517,0
12.4239378,-5.800596714,1,-3.354399204,1,-6.903441906,1,0.168930054,1,-0.347955108,1,0.175316319,1,0.608492196,0,-0.389396012,0,1.274050355,0
12.42793751,-5.807306767,1,-3.410603285,1,-6.890760422,1,0.145534962,1,-0.319514751,1,0.181207404,1,0.609193742,0,-0.390896916,0,1.27385366,0
12.43193913,-5.807872772,1,-3.553767681,1,-6.793530464,1,0.112315327,1,-0.292238265,1,0.19911924,1,0.60974741,0,-0.392332792,0,1.273762345,0
12.43593693,-5.854519367,1,-3.591032028,1,-6.758759499,1,0.075274199,1,-0.26568222,1,0.208651051,1,0.610110939,0,-0.39371255,0,1.273796082,0
12.43993664,-5.902746677,1,-3.36909008,1,-6.714145184,1,0.032048997,1,-0.236352667,1,0.216494948,1,0.610270381,0,-0.395019054,0,1.273927212,0
12.44393921,-5.988502502,1,-3.143119097,1,-6.727795601,1,0.006050837,1,-0.210161433,1,0.221095309,1,0.512965679,0,-0.500232041,0,1.415349126,0
12.44793606,-5.929804325,1,-3.042762518,1,-6.700467587,1,-0.003350792,1,-0.176354125,1,0.233792961,1,0.513684094,0,-0.500756264,0,1.410995483,0
12.45193672,-5.893617153,1,-3.078237772,1,-6.818701267,1,-0.021699715,1,-0.146282613,1,0.23729682,1,0.513355732,0,-0.501768172,0,1.411580086,0
12.45593834,-6.000425339,1,-3.288077831,1,-6.76779747,1,-0.051073253,1,-0.114318125,1,0.250710309,1,0.512893915,0,-0.502702475,0,1.412252188,0
12.45993614,-6.009126663,1,-3.427039623,1,-6.746938705,1,-0.072682373,1,-0.082205161,1,0.262401193,1,0.512261212,0,-0.503545463,0,1.413052678,0
12.46393585,-5.896529675,1,-3.503118277,1,-6.77677536,1,-0.101032034,1,-0.050418876,1,0.279521763,1,0.51145792,0,-0.50429672,0,1.413990259,0
12.46793747,-5.871671677,1,-3.587793112,1,-6.825800419,1,-0.131648839,1,-0.022111181,1,0.301442683,1,0.510479689,0,-0.504991472,0,1.415056109,0
12.47193527,-5.880104065,1,-3.537035227,1,-6.888235092,1,-0.154876113,1,0.006049391,1,0.317778468,1,0.50932169,0,-0.505618393,0,1.416273475,0
12.47593498,-5.757688999,1,-3.493364573,1,-6.957540512,1,-0.178891659,1,0.031928308,1,0.337243915,1,0.507998407,0,-0.506187975,0,1.417623162,0
12.4799366,-5.750193596,1,-3.35314703,1,-7.082262993,1,-0.197357327,1,0.049737722,1,0.360418469,1,0.506523669,0,-0.506729484,0,1.419109344,0
12.4839344,-5.746629715,1,-3.151295662,1,-7.309551239,1,-0.214765996,1,0.063151479,1,0.378175139,1,0.504920959,0,-0.507235527,0,1.420703769,0
12.48793411,-5.842339516,1,-2.943115711,1,-7.34960556,1,-0.225125045,1,0.08900883,1,0.400395691,1,0.503211141,0,-0.507721543,0,1.422425151,0
12.49193573,-5.623675346,1,-3.031579018,1,-7.422912598,1,-0.227491587,1,0.101095758,1,0.409547091,1,0.501412332,0,-0.508168221,0,1.42426753,0
12.49593353,-5.628702164,1,-3.091356993,1,-7.462754726,1,-0.233819187,1,0.09650863,1,0.425859094,1,0.499581903,0,-0.508614361,0,1.426158547,0
12.49993324,-5.645756245,1,-3.201077938,1,-7.438230991,1,-0.246349216,1,0.099717848,1,0.4450441,1,0.497668564,0,-0.509104788,0,1.428120255,0
12.50393486,-5.567359447,1,-3.101028204,1,-7.480269909,1,-0.260032952,1,0.103328668,1,0.463563144,1,0.495657861,0,-0.509605348,0,1.430175066,0
12.50793743,-5.504258633,1,-2.969881296,1,-7.58534956,1,-0.269073665,1,0.095388934,1,0.476911992,1,0.493573338,0,-0.510145485,0,1.432281137,0
12.51193714,-5.5327425,1,-2.672356606,1,-7.619753361,1,-0.271292061,1,0.096012667,1,0.484072775,1,0.491440415,0,-0.510722995,0,1.434430361,0
12.51593971,-5.511199474,1,-2.472971678,1,-7.783202648,1,-0.277425915,1,0.083660372,1,0.490192056,1,0.489274204,0,-0.511320651,0,1.436601996,0
12.51993656,-5.414976597,1,-2.499932051,1,-7.846211433,1,-0.274928212,1,0.068960845,1,0.487076819,1,0.487115532,0,-0.511968613,0,1.438743353,0
12.52393723,-5.349338531,1,-2.415355921,1,-8.04147625,1,-0.281851202,1,0.047597419,1,0.487072527,1,0.484977514,0,-0.512679458,0,1.440842628,0
12.52793884,-5.268420696,1,-2.225264311,1,-8.17979908,1,-0.269542187,1,0.017723003,1,0.481640875,1,0.482869178,0,-0.513461888,0,1.442881346,0
12.53193665,-5.337249279,1,-2.185372829,1,-8.366912842,1,-0.264023811,1,-0.011745628,1,0.48916322,1,0.480819881,0,-0.514359295,0,1.444862127,0
12.53593636,-5.315396309,1,-2.175185204,1,-8.51468277,1,-0.251998663,1,-0.056594573,1,0.483487457,1,0.478857696,0,-0.515382648,0,1.446780205,0
12.53993797,-5.063793659,1,-2.321657658,1,-8.785694122,1,-0.240790874,1,-0.109181859,1,0.486024857,1,0.476991415,0,-0.516560674,0,1.448588967,0
12.54393578,-4.916865826,1,-2.076107979,1,-9.104138374,1,-0.230357707,1,-0.178305805,1,0.476129234,1,0.475220621,0,-0.517948747,0,1.450253725,0
12.54793453,-4.99954319,1,-1.941720128,1,-9.306227684,1,-0.209808648,1,-0.251126856,1,0.480170667,1,0.473589003,0,-0.519591451,0,1.451774597,0
12.55193615,-4.887931824,1,-2.091645241,1,-9.475152969,1,-0.194613576,1,-0.337425619,1,0.483828068,1,0.472100198,0,-0.521517515,0,1.453144789,0
12.55593395,-4.85129261,1,-2.03476429,1,-9.651649475,1,-0.169493467,1,-0.431846142,1,0.485310048,1,0.47078526,0,-0.5237661,0,1.454329252,0
12.55993366,-4.845415115,1,-1.893995166,1,-9.730502129,1,-0.142065912,1,-0.525292039,1,0.488183171,1,0.469648182,0,-0.526356816,0,1.455335617,0
12.56393528,-4.848234653,1,-1.931009412,1,-9.738798141,1,-0.113249972,1,-0.629100323,1,0.498968959,1,0.468726486,0,-0.529313207,0,1.456158638,0
12.56793308,-4.814367294,1,-2.120261669,1,-9.816636086,1,-0.101899095,1,-0.726298332,1,0.508142948,1,0.467968404,0,-0.532642126,0,1.456815243,0
12.57193279,-4.724012852,1,-2.325801849,1,-9.926187515,1,-0.114297561,1,-0.832659006,1,0.508691192,1,0.467297524,0,-0.536342323,0,1.457296371,0
12.57593441,-4.832305431,1,-2.521246433,1,-10.00886631,1,-0.149878949,1,-0.934853256,1,0.513178408,1,0.46663481,0,-0.540423214,0,1.457580566,0
12.57993221,-4.647700787,1,-1.982340932,1,-9.971767426,1,-0.169031322,1,-1.058418274,1,0.522027552,1,0.465954453,0,-0.544913292,0,1.45764792,0
12.58393192,-4.883224964,1,-1.623972416,1,-10.08278084,1,-0.141064346,1,-1.1643399,1,0.522570848,1,0.465412587,0,-0.549819291,0,1.457493544,0
12.58793354,-4.755613804,1,-1.991678119,1,-10.02302742,1,-0.124971785,1,-1.279314756,1,0.526353002,1,0.465070724,0,-0.555126011,0,1.457133412,0
12.59193134,-4.802089691,1,-2.458411694,1,-10.06908798,1,-0.11092525,1,-1.397627592,1,0.538553953,1,0.464916676,0,-0.560868144,0,1.456545949,0
12.59593105,-4.925832272,1,-2.605962753,1,-10.21026993,1,-0.093789987,1,-1.520489335,1,0.567300797,1,0.464905083,0,-0.567076087,0,1.455803275,0
12.59993267,-4.602176189,1,-3.420349836,1,-10.36560345,1,-0.120167628,1,-1.646157146,1,0.613143981,1,0.464960456,0,-0.573796272,0,1.454934239,0
12.60393047,-4.969056129,1,-3.694407463,1,-10.85385704,1,-0.192525059,1,-1.777617216,1,0.672263265,1,0.464860201,0,-0.581062436,0,1.453998089,0
12.60793018,-4.149391651,1,-3.137209415,1,-10.47700882,1,-0.2335127,1,-1.920956492,1,0.710189044,1,0.464545131,0,-0.58887738,0,1.452990532,0
12.6119318,-4.040638447,1,-2.909465551,1,-10.73219013,1,-0.219303429,1,-2.10233283,1,0.757948399,1,0.46428284,0,-0.59739238,0,1.45181632,0
12.6159296,-4.48265934,1,-2.912176132,1,-11.05266571,1,-0.176278323,1,-2.258867741,1,0.809672415,1,0.464256734,0,-0.606589019,0,1.450484395,0
12.61992931,-4.384532928,1,-4.15045929,1,-11.21827602,1,-0.186944515,1,-2.437865973,1,0.88680768,1,0.464376807,0,-0.616511047,0,1.449048162,0
12.62393093,-4.293684006,1,-4.636437416,1,-11.32932949,1,-0.246621937,1,-2.646103859,1,0.971116543,1,0.464397788,0,-0.62725842,0,1.447514296,0
12.62792873,-3.905260324,1,-5.101919174,1,-11.90548325,1,-0.315842152,1,-2.889909983,1,1.059652328,1,0.464244008,0,-0.638972342,0,1.445880413,0
12.63193417,-3.579972506,1,-5.495329857,1,-12.44894314,1,-0.385915786,1,-3.138090849,1,1.166985631,1,0.463906497,0,-0.651735783,0,1.444104195,0
12.63593578,-3.69805789,1,-6.36969614,1,-13.1052494,1,-0.468782604,1,-3.409208298,1,1.293952942,1,0.463319063,0,-0.665646195,0,1.44227612,0
12.63993359,-3.629598379,1,-7.061171055,1,-13.09029388,1,-0.548643291,1,-3.71386981,1,1.458610892,1,0.462441385,0,-0.680837035,0,1.440431952,0
12.6439333,-3.1223979,1,-7.785547256,1,-13.02238369,1,-0.616916716,1,-4.028425694,1,1.625702739,1,0.461224735,0,-0.697441399,0,1.438660264,0
12.64793491,-3.441452026,1,-8.392029762,1,-13.26869583,1,-0.660203099,1,-4.375760555,1,1.808237314,1,0.459788948,0,-0.715537667,0,1.43691504,0
12.65193367,-4.308487415,1,-9.151968002,1,-13.7145853,1,-0.694775879,1,-4.680209637,1,2.032365561,1,0.458115697,0,-0.735193551,0,1.435369015,0
12.65593338,-3.962340117,1,-9.763220787,1,-13.44393063,1,-0.756222546,1,-4.985570431,1,2.25603652,1,0.455978781,0,-0.756304204,0,1.434249163,0
12.65993404,-2.885962248,1,-9.783097267,1,-13.62596512,1,-0.813947022,1,-5.373995304,1,2.48718977,1,0.453367889,0,-0.779047489,0,1.433468342,0
12.66393185,-2.626268864,1,-9.988823891,1,-14.48046494,1,-0.895093679,1,-5.774044991,1,2.747058868,1,0.450281084,0,-0.803691626,0,1.43302393,0
12.66793156,-3.878478289,1,-10.28586292,1,-14.32705021,1,-1.008759379,1,-6.144443035,1,3.067141771,1,0.446330458,0,-0.830148578,0,1.43319428,0
12.67193317,-4.346552849,1,-11.58526993,1,-14.518507,1,-1.211240768,1,-6.484976768,1,3.364244223,1,0.440968275,0,-0.858548522,0,1.434387803,0
12.67593098,-5.393859386,1,-12.01259518,1,-14.58288383,1,-1.452088356,1,-6.784340858,1,3.678613901,1,0.433869749,0,-0.888542533,0,1.436702251,0
12.67992973,-7.706174374,1,-12.54850674,1,-15.40885258,1,-1.732959032,1,-6.978764534,1,3.961674929,1,0.42439124,0,-0.919950008,0,1.440648079,0
12.68393135,-10.4259901,1,-11.01693058,1,-16.71620178,1,-1.925653458,1,-7.052182674,1,4.140769482,1,0.412390947,0,-0.952224851,0,1.446399093,0
12.68792915,-14.72830009,1,-8.121650696,1,-17.06821442,1,-1.933900356,1,-6.921900749,1,4.198698997,1,0.398451179,0,-0.98452282,0,1.4539572,0
12.69192886,-14.55235672,1,-7.798069954,1,-16.9156971,1,-2.014570951,1,-6.839055061,1,4.342547417,1,0.382296711,0,-1.016461611,0,1.463800311,0
12.69593048,-14.54087734,1,-8.464042664,1,-17.18871117,1,-2.17169404,1,-6.808026314,1,4.464836597,1,0.366690636,0,-1.047971249,0,1.469326138,0
12.69992828,-19.1770401,1,-8.261118889,1,-18.57459068,1,-2.174155951,1,-6.711295128,1,4.43996191,1,0.344829738,0,-1.079590321,0,1.484330416,0
12.70392799,-21.37575722,1,-8.293250084,1,-17.30730438,1,-2.162510395,1,-6.40591526,1,4.480358601,1,0.320131361,0,-1.110192895,0,1.50239563,0
12.70793057,-19.9124012,1,-9.441923141,1,-17.43949509,1,-2.161707878,1,-6.241196156,1,4.511769295,1,0.291420162,0,-1.139705777,0,1.524615526,0
12.71192741,-23.3787899,1,-10.57406425,1,-17.60453415,1,-2.119386911,1,-6.020000935,1,4.57163763,1,0.258489907,0,-1.168267727,0,1.551233172,0
12.71592712,-23.27405739,1,-10.41162682,1,-15.79724503,1,-2.129604578,1,-5.710604668,1,4.745205402,1,0.219455972,0,-1.195392132,0,1.584338784,0
12.7199297,-20.63326836,1,-13.00182247,1,-13.37397289,1,-2.463030815,1,-5.752620697,1,4.902731895,1,0.172182664,0,-1.221666336,0,1.625126243,0
12.7239275,-22.73479462,1,-12.25147152,1,-13.62376308,1,-3.034493446,1,-5.583865166,1,4.967990875,1,0.114294671,0,-1.246980309,0,1.674818277,0
12.72792721,-21.85445976,1,-11.37786865,1,-10.95207119,1,-3.443393707,1,-5.302508831,1,4.81650877,1,0.046432726,0,-1.27027154,0,1.732486844,0
12.73192883,-16.71060562,1,-11.80010128,1,-7.10934639,1,-4.046567917,1,-4.917624474,1,4.828307629,1,-0.032537539,0,-1.290885091,0,1.799357176,0
12.73592663,-10.92545319,1,-9.568358421,1,-6.131020069,1,-4.72996664,1,-4.45356226,1,4.581794262,1,-0.123075284,0,-1.308127642,0,1.875060678,0
12.73992634,-8.109642029,1,-8.674654961,1,-8.146909714,1,-5.181499481,1,-3.94476676,1,4.254593372,1,-0.220589399,0,-1.321596265,0,1.95529747,0
12.74392796,-16.90992928,1,-8.733556747,1,-12.04701996,1,-5.379669189,1,-3.620439291,1,3.694983721,1,-0.319869339,0,-1.331983566,0,2.035769939,0
12.74792576,-19.96246338,1,-8.889550209,1,-12.09611511,1,-5.446833611,1,-3.208273649,1,3.035427809,1,-0.414360195,0,-1.339901209,0,2.110607147,0
12.75193119,-29.20083237,1,5.892453671,1,-15.4381609,1,-4.947440147,1,-2.909353733,1,2.560367823,1,-0.502309382,0,-1.345797062,0,2.179314137,0
12.75593281,-33.72439194,1,7.000026703,1,-20.956007,1,-3.773291826,1,-1.995539546,1,1.928658962,1,-0.5758847,0,-1.349872231,0,2.2369349,0
12.75993061,-15.50858784,1,2.126985312,1,-18.16516876,1,-2.996147871,1,-1.101871133,1,1.529684544,1,-0.630047679,0,-1.350914598,0,2.278596163,0
12.76393032,-2.375228167,1,0.389457732,1,-14.05643654,1,-2.215389729,1,-0.818589449,1,1.154717803,1,-0.669735432,0,-1.350632787,0,2.308561563,0
12.76793289,-3.136122465,1,-1.472793341,1,-12.59499645,1,-1.480622053,1,-0.748479426,1,0.88921684,1,-0.699940681,0,-1.350505114,0,2.33198905,0
12.77192974,-6.809374809,1,-3.800517321,1,-13.61785793,1,-1.014080644,1,-0.495565504,1,0.733597398,1,-0.723153591,0,-1.35033083,0,2.350729227,0
12.77592945,-5.975369453,1,-5.353896141,1,-12.76412296,1,-0.754076838,1,-0.219792873,1,0.671225727,1,-0.740118623,0,-1.349525213,0,2.364526272,0
12.77993107,-4.307137489,1,-6.285527706,1,-11.24693298,1,-0.592328012,1,0.022823779,1,0.646468818,1,-0.752546191,0,-1.348022699,0,2.374517679,0
12.78392887,-2.382797718,1,-7.336628914,1,-9.858048439,1,-0.511759579,1,0.259820461,1,0.628873706,1,-0.761149585,0,-1.345868707,0,2.381099701,0
12.78792763,-0.969643474,1,-8.110796928,1,-8.981976509,1,-0.51547581,1,0.500424683,1,0.623020887,1,-0.766466975,0,-1.343048453,0,2.384467602,0
12.7919302,0.213872209,1,-8.084150314,1,-8.541893005,1,-0.57273972,1,0.738981187,1,0.63656646,1,-0.769019961,0,-1.339516759,0,2.384864092,0
12.795928,1.026674867,1,-7.463416576,1,-8.353700638,1,-0.630742788,1,0.964408875,1,0.659925103,1,-0.769287705,0,-1.335257292,0,2.382652998,0
12.79992771,1.926492572,1,-6.697885036,1,-8.182426453,1,-0.652132511,1,1.158580065,1,0.677242935,1,-0.767612517,0,-1.330336452,0,2.378273249,0
12.80392933,2.965019703,1,-6.039891243,1,-7.991687775,1,-0.615931094,1,1.325058222,1,0.693788648,1,-0.764224768,0,-1.324847102,0,2.372156382,0
12.80792713,3.851548195,1,-5.590596199,1,-7.75951767,1,-0.538142025,1,1.492636442,1,0.700335383,1,-0.759174287,0,-1.318836689,0,2.364551306,0
12.81192589,4.443209171,1,-5.394043446,1,-7.605680466,1,-0.428761244,1,1.643198848,1,0.708668053,1,-0.752486467,0,-1.312342644,0,2.355628014,0
12.81592751,4.916806221,1,-5.246777534,1,-7.485581398,1,-0.315114528,1,1.799679995,1,0.693705082,1,-0.744163871,0,-1.305385828,0,2.345468044,0
12.81992531,4.979738712,1,-5.380298138,1,-7.370903969,1,-0.194413096,1,1.963142514,1,0.669969857,1,-0.734104395,0,-1.297987223,0,2.333978415,0
12.82392502,4.967408657,1,-5.705049992,1,-7.205388069,1,-0.08748012,1,2.131061077,1,0.630339265,1,-0.722279489,0,-1.29014349,0,2.321106911,0
12.82792664,4.843900681,1,-6.023729801,1,-7.114644051,1,-0.00274863,1,2.304621458,1,0.578049004,1,-0.708812714,0,-1.281863689,0,2.306894064,0
12.83192444,4.594327927,1,-6.213274479,1,-7.053333759,1,0.062482666,1,2.486761332,1,0.503218174,1,-0.69371748,0,-1.273137927,0,2.291257381,0
12.83592415,4.223907471,1,-6.355995655,1,-6.993041039,1,0.118419349,1,2.678579569,1,0.421658218,1,-0.676999271,0,-1.263967514,0,2.274122715,0
12.83992577,3.919193745,1,-6.354633808,1,-7.025261402,1,0.165785223,1,2.87745595,1,0.319826186,1,-0.658665121,0,-1.254319072,0,2.255460024,0
12.84392357,3.690346956,1,-6.32377243,1,-6.966700554,1,0.21164304,1,3.081320524,1,0.215563029,1,-0.638842404,0,-1.244166017,0,2.235364676,0
12.84792328,3.484645367,1,-6.252507687,1,-6.944219112,1,0.25887394,1,3.280756712,1,0.104904957,1,-0.61770153,0,-1.233494639,0,2.213991404,0
12.8519249,3.298335314,1,-6.038348198,1,-6.892923355,1,0.315133423,1,3.469969034,1,-0.001491746,1,-0.595472336,0,-1.222279549,0,2.191611767,0
12.8559227,3.156798363,1,-5.805716991,1,-6.861218452,1,0.385552913,1,3.658646345,1,-0.110769093,1,-0.572304845,0,-1.210505128,0,2.168399572,0
12.85992241,2.715585947,1,-5.534554482,1,-7.449152946,1,0.456951588,1,3.85253787,1,-0.233175606,1,-0.5483374,0,-1.19813931,0,2.144541025,0
12.86392403,2.355587482,1,-5.220097542,1,-5.875449181,1,0.61800921,1,4.067315102,1,-0.383775473,1,-0.523033023,0,-1.18512392,0,2.119541883,0
12.86792183,3.123434305,1,-4.397688866,1,-6.277537346,1,0.77207607,1,4.126311779,1,-0.45400244,1,-0.497432172,0,-1.171609402,0,2.094813108,0
12.87192822,1.972184181,1,-4.17909956,1,-7.00706768,1,0.949661553,1,4.26859808,1,-0.553069293,1,-0.471677363,0,-1.157720566,0,2.070534229,0
12.87592983,1.535188198,1,-4.345012188,1,-7.087997437,1,1.102357149,1,4.431783199,1,-0.685165763,1,-0.445370972,0,-1.143195868,0,2.046225786,0
12.87992764,1.37086463,1,-4.193470001,1,-6.982197762,1,1.249231458,1,4.57103014,1,-0.829972506,1,-0.418536305,0,-1.128098011,0,2.021813869,0
12.88392735,1.271050215,1,-3.980329037,1,-6.977179527,1,1.394758582,1,4.684499264,1,-0.983576536,1,-0.39125362,0,-1.112497926,0,1.997383237,0
12.88792896,0.972138107,1,-4.00452137,1,-6.941631317,1,1.523809314,1,4.786486149,1,-1.130091548,1,-0.363718927,0,-1.096440077,0,1.973106027,0
12.89192677,0.569443285,1,-4.225117207,1,-6.952459335,1,1.625133038,1,4.880376816,1,-1.257315397,1,-0.336190522,0,-1.079911709,0,1.949154615,0
12.89592648,0.126329035,1,-4.382717133,1,-6.967131138,1,1.697301269,1,4.974785805,1,-1.386506438,1,-0.308882445,0,-1.062886596,0,1.925626993,0
12.89992714,-0.453343749,1,-4.495609283,1,-6.96493721,1,1.751946926,1,5.071601391,1,-1.52173245,1,-0.281902611,0,-1.045357227,0,1.902526379,0
12.90392494,-0.900624633,1,-4.525041103,1,-7.010790348,1,1.789822102,1,5.167885303,1,-1.648192286,1,-0.255312532,0,-1.027291417,0,1.879864573,0
12.90792465,-1.276128531,1,-4.423746109,1,-7.038831234,1,1.813741565,1,5.254690647,1,-1.77069366,1,-0.22922942,0,-1.008703232,0,1.857694268,0
12.91192627,-1.491488695,1,-4.30529356,1,-7.129946232,1,1.830989838,1,5.324964046,1,-1.889216304,1,-0.203744352,0,-0.989606142,0,1.836068034,0
12.91592503,-1.697859168,1,-4.237363815,1,-7.251004696,1,1.842449546,1,5.381578445,1,-1.997571349,1,-0.178970486,0,-0.970059335,0,1.815079331,0
12.91992378,-1.801389217,1,-4.053077698,1,-7.323085308,1,1.861221194,1,5.404047012,1,-2.095217705,1,-0.154911935,0,-0.950147867,0,1.794746399,0
12.9239254,-2.148406744,1,-3.870860815,1,-7.391703129,1,1.889738679,1,5.41739893,1,-2.188946247,1,-0.131570965,0,-0.929938793,0,1.775129795,0
12.9279232,-2.589731932,1,-3.629240751,1,-7.475851536,1,1.923053145,1,5.425524235,1,-2.276949406,1,-0.108917907,0,-0.909487545,0,1.756220579,0
12.93192291,-2.990931749,1,-3.45272994,1,-7.591360569,1,1.954502702,1,5.429373741,1,-2.36328578,1,-0.086882226,0,-0.888789058,0,1.737968683,0
12.93592453,-3.318913221,1,-3.343871832,1,-7.716727734,1,2.000658512,1,5.433976173,1,-2.44605422,1,-0.065411061,0,-0.867859602,0,1.72036612,0
12.93992233,-3.612708569,1,-3.226599216,1,-7.786188126,1,2.058290958,1,5.429786205,1,-2.525390625,1,-0.044433251,0,-0.846706212,0,1.703369498,0
12.94392204,-3.821487427,1,-3.186663628,1,-7.846274853,1,2.108282089,1,5.425195217,1,-2.604911804,1,-0.023928415,0,-0.825343013,0,1.686969876,0
12.94792461,-4.195633411,1,-3.256042719,1,-7.93717289,1,2.158165455,1,5.411834717,1,-2.676249743,1,-0.003238624,0,-0.802858591,0,1.663318038,0
12.95192242,-4.475020409,1,-3.436752081,1,-8.069067955,1,2.191836596,1,5.397203445,1,-2.7436378,1,0.016314615,0,-0.781159043,0,1.648077965,0
12.95592213,-4.905990124,1,-3.69701004,1,-8.237691879,1,2.219321728,1,5.381350994,1,-2.803137779,1,0.035364516,0,-0.759326279,0,1.633394957,0
12.9599247,-5.488670349,1,-3.861251831,1,-8.520789146,1,2.249132633,1,5.368567467,1,-2.865556717,1,0.053940173,0,-0.737337947,0,1.619238257,0
12.96392155,-6.010179043,1,-3.973110914,1,-8.903040886,1,2.273482561,1,5.360721588,1,-2.928560257,1,0.072065167,0,-0.715195119,0,1.60556531,0
12.9679203,-6.577152252,1,-4.003632069,1,-9.319859505,1,2.298655272,1,5.36655283,1,-3.006561756,1,0.089781508,0,-0.69285053,0,1.592330933,0
12.97192287,-7.1512146,1,-4.099320412,1,-9.567063332,1,2.341139793,1,5.378978252,1,-3.075074196,1,0.107170708,0,-0.670258403,0,1.579455018,0
12.97591972,-7.693886757,1,-4.190498352,1,-10.02518272,1,2.373290539,1,5.38411808,1,-3.154852629,1,0.124254301,0,-0.647444248,0,1.566948056,0
12.97991943,-8.246203423,1,-4.376358509,1,-10.41490841,1,2.409165382,1,5.408541679,1,-3.240419865,1,0.141076863,0,-0.624359012,0,1.554739475,0
12.98392201,-8.501232147,1,-4.550584316,1,-10.64365959,1,2.435919762,1,5.427654266,1,-3.332559824,1,0.15763779,0,-0.600960612,0,1.542786837,0
12.98791981,-8.534539223,1,-4.694501877,1,-11.17864513,1,2.479233027,1,5.426769257,1,-3.43438983,1,0.174004555,0,-0.577316344,0,1.531033158,0
12.99192524,-8.758876801,1,-4.519693851,1,-11.61894989,1,2.521305323,1,5.417416573,1,-3.534070015,1,0.190211728,0,-0.55345124,0,1.519455314,0
12.99592686,-8.959126472,1,-4.436880112,1,-12.22750473,1,2.571545362,1,5.378038883,1,-3.635624886,1,0.206289724,0,-0.529459476,0,1.508016109,0
12.99992561,-9.125423431,1,-4.132927895,1,-12.83638477,1,2.644914627,1,5.330295563,1,-3.746522903,1,0.222339153,0,-0.505381048,0,1.496653318,0
13.00392532,-9.553151131,1,-3.838116169,1,-13.4253397,1,2.728869438,1,5.270541668,1,-3.853760719,1,0.238442272,0,-0.481259584,0,1.485350728,0
13.00792694,-10.55657578,1,-3.125510693,1,-13.8443718,1,2.834949493,1,5.210480213,1,-3.970771074,1,0.254657239,0,-0.45711413,0,1.474078298,0
13.01192474,-11.63593578,1,-2.745065451,1,-14.15867996,1,2.966754436,1,5.171059608,1,-4.087935925,1,0.271097958,0,-0.432870805,0,1.462812662,0
13.0159235,-12.48678303,1,-2.436541796,1,-14.44478321,1,3.097739458,1,5.107811451,1,-4.210221767,1,0.287821084,0,-0.408520609,0,1.451545835,0
13.01992512,-13.63321877,1,-2.467899323,1,-14.71834755,1,3.215581417,1,5.06368494,1,-4.320612907,1,0.304794967,0,-0.384079278,0,1.440297604,0
13.02392387,-14.94870377,1,-2.517786741,1,-15.07587719,1,3.313769102,1,5.002875328,1,-4.439290524,1,0.321948409,0,-0.359530151,0,1.429071069,0
13.02792263,-16.21256447,1,-2.966410637,1,-15.26904774,1,3.376873493,1,4.949179649,1,-4.56802702,1,0.339161634,0,-0.33485955,0,1.417834401,0
13.0319252,-17.67868042,1,-3.43541193,1,-15.68063641,1,3.381855011,1,4.899368763,1,-4.696120262,1,0.356266081,0,-0.310031474,0,1.406552911,0
13.03592205,-19.03882408,1,-3.980693579,1,-16.04712486,1,3.326132774,1,4.845097065,1,-4.832140446,1,0.373025894,0,-0.285031319,0,1.395200372,0
13.03992367,-20.55983543,1,-4.177297592,1,-16.37803841,1,3.240245819,1,4.778589725,1,-4.972823143,1,0.389247119,0,-0.259873748,0,1.383743644,0
13.04392433,-22.26209641,1,-3.660568237,1,-16.74811363,1,3.111611128,1,4.694456577,1,-5.12634182,1,0.404810786,0,-0.234587342,0,1.372088909,0
13.04792213,-23.8489399,1,-2.298575878,1,-17.01309395,1,2.991165876,1,4.589836121,1,-5.282272816,1,0.419631451,0,-0.20923093,0,1.360172153,0
13.05192184,-25.41707802,1,0.396912932,1,-17.13068771,1,2.940104485,1,4.448016644,1,-5.439053059,1,0.433871776,0,-0.183883727,0,1.34790349,0
13.05592346,-27.29760361,1,2.857206106,1,-16.30204773,1,3.00175786,1,4.324524879,1,-5.569138527,1,0.447877407,0,-0.158629313,0,1.335285783,0
13.05992127,-29.57299423,1,3.842439651,1,-14.69660473,1,3.147483826,1,4.249176979,1,-5.659966946,1,0.462027699,0,-0.133359537,0,1.322502494,0
13.06392098,-31.48405838,1,2.934231281,1,-12.59978008,1,3.270920992,1,4.177837849,1,-5.680086136,1,0.476431489,0,-0.108061627,0,1.309782147,0
13.06792164,-32.87495041,1,0.503285468,1,-10.18522358,1,3.23747015,1,4.097060204,1,-5.596772671,1,0.490667403,0,-0.082907036,0,1.297440767,0
13.0719204,-33.18751526,1,-1.355537534,1,-7.710757732,1,3.050467491,1,3.942216635,1,-5.398373127,1,0.504107356,0,-0.058248054,0,1.285746455,0
13.07592011,-33.30561066,1,-2.058535576,1,-5.162652016,1,2.749011755,1,3.709763527,1,-5.112685204,1,0.51623255,0,-0.03461659,0,1.274843931,0
13.07992172,-32.9649086,1,-1.32774353,1,-2.698157787,1,2.419499874,1,3.420335531,1,-4.739541054,1,0.526802897,0,-0.012402316,0,1.264857769,0
13.08391953,-32.38423157,1,1.294638157,1,-0.463256687,1,2.178409815,1,3.08935833,1,-4.309988499,1,0.535980701,0,0.008013513,0,1.255842447,0
13.08791924,-31.41008186,1,4.900922298,1,1.513048649,1,2.092905521,1,2.695641518,1,-3.819494247,1,0.544341147,0,0.026302822,0,1.247846007,0
13.0919199,-30.363657,1,8.790174484,1,2.865863323,1,2.212999344,1,2.274939775,1,-3.302506447,1,0.552659452,0,0.042223092,0,1.240876079,0
13.0959177,-30.00601196,1,12.01943111,1,3.91678071,1,2.49982357,1,1.874059796,1,-2.786268711,1,0.561747134,0,0.055703066,0,1.234908223,0
13.09991741,-29.80682373,1,14.12017441,1,4.391633034,1,2.895480871,1,1.480416656,1,-2.297680855,1,0.572235048,0,0.066808186,0,1.229929805,0
13.10391903,-30.22260857,1,14.1922369,1,4.715787888,1,3.244696379,1,1.112561345,1,-1.840892553,1,0.584259987,0,0.075658351,0,1.225821853,0
13.10791683,-30.60960007,1,12.21310043,1,5.006243706,1,3.421133995,1,0.826929092,1,-1.39516902,1,0.597384691,0,0.08247304,0,1.222595334,0
13.11192226,-30.77590179,1,10.23394585,1,4.883553028,1,3.395447254,1,0.560309112,1,-1.010922313,1,0.610875785,0,0.087467648,0,1.220217943,0
13.11592484,-30.90577888,1,8.195218086,1,4.573569775,1,3.164123535,1,0.313892066,1,-0.704054892,1,0.623903751,0,0.09084402,0,1.218421936,0
13.11992264,-31.06108665,1,6.030004501,1,4.205812454,1,2.699048758,1,0.11977879,1,-0.464790016,1,0.63554883,0,0.092898786,0,1.217038989,0
13.12392235,-30.59202957,1,3.528165579,1,3.883562565,1,2.022509098,1,-0.039230868,1,-0.25504455,1,0.64495033,0,0.093878165,0,1.215982437,0
13.12792397,-30.02332878,1,1.886308551,1,3.88278842,1,1.227535129,1,-0.201871723,1,-0.073347077,1,0.651388764,0,0.093881257,0,1.215162277,0
13.13192177,-29.04990578,1,1.349822402,1,3.806324005,1,0.415547132,1,-0.371910959,1,0.095880494,1,0.65460521,0,0.092937037,0,1.214504838,0
13.13592148,-27.79495049,1,2.131541252,1,3.3379848,1,-0.306771338,1,-0.557959437,1,0.247883648,1,0.654728472,0,0.09104909,0,1.213923693,0
13.1399231,-24.08069801,1,0.987446368,1,0.779632032,1,-0.956754863,1,-0.784513295,1,0.409409285,1,0.652187824,0,0.088152118,0,1.213335514,0
13.1439209,1.26650095,1,-24.17330933,1,-0.929038346,1,-3.456509829,1,-1.59232688,1,0.741867363,1,0.643874228,0,0.0831846,0,1.212485909,0
13.14792061,-33.28649902,1,-3.671503782,1,3.415939093,1,-5.047290325,1,-3.06084919,1,1.128484607,1,0.62558949,0,0.0733798,0,1.209684491,0
13.15192223,1.326353192,1,9.991792679,1,1.366048813,1,-4.540287971,1,-2.474075794,1,1.192671537,1,0.606340945,0,0.061277557,0,1.207215071,0
13.15592003,22.82551193,1,1.971004486,1,-6.227506638,1,-4.716936588,1,-3.181487799,1,1.161996126,1,0.587932706,0,0.049759537,0,1.204785585,0
13.15991974,-2.206684113,1,7.099214554,1,-17.34061623,1,-4.538209915,1,-3.797162771,1,1.227256536,1,0.568887055,0,0.034979697,0,1.201075673,0
13.16392136,7.593771935,1,8.556408882,1,-25.62444305,1,-3.344014883,1,-3.398645163,1,0.891731441,1,0.553143561,0,0.020675,0,1.197002172,0
13.16791916,8.795994759,1,-0.83657217,1,-27.35228157,1,-3.249368191,1,-3.61983633,1,0.901963115,1,0.54007262,0,0.006870622,0,1.192732811,0
13.17191887,5.484222412,1,-0.560600877,1,-20.26750755,1,-3.057627439,1,-3.670992374,1,0.928100407,1,0.527312815,0,-0.007602437,0,1.188497066,0
13.17592049,8.762403488,1,10.03764153,1,-15.86141777,1,-2.490975857,1,-4.123402119,1,1.091817737,1,0.516356587,0,-0.022946242,0,1.184256911,0
13.17991829,2.714954138,1,16.48095131,1,-17.9937458,1,-2.067407131,1,-4.826851368,1,1.468088865,1,0.507483125,0,-0.041083623,0,1.1798805,0
13.183918,-5.922454834,1,18.09416008,1,-18.56606865,1,-1.796569467,1,-5.258271217,1,1.884796977,1,0.499870896,0,-0.06212052,0,1.17593956,0
13.18791866,-11.3178215,1,18.7684269,1,-17.55633736,1,-1.182225585,1,-5.170819759,1,2.123256445,1,0.494142592,0,-0.084345564,0,1.173067451,0
13.19191742,-13.42498493,1,17.38444328,1,-20.39663506,1,-0.765764475,1,-5.07919693,1,2.283508778,1,0.490489334,0,-0.106569909,0,1.171119213,0
13.19591618,-19.87125015,1,15.23771954,1,-21.97908783,1,-0.486981511,1,-4.896832466,1,2.490424395,1,0.489349008,0,-0.127715707,0,1.158890843,0
13.19991779,-23.12563896,1,12.16631508,1,-21.39261055,1,-0.02605278,1,-4.316501141,1,2.40819478,1,0.488237917,0,-0.14868702,0,1.158936143,0
13.2039156,-18.33090973,1,8.311985016,1,-19.15504456,1,0.337958097,1,-3.90586257,1,2.274886847,1,0.488825232,0,-0.167486206,0,1.159497857,0
13.20791531,-16.7572422,1,3.133250475,1,-16.26814079,1,0.53970474,1,-3.684054375,1,2.187518597,1,0.490507931,0,-0.185083151,0,1.160281181,0
13.21191692,-17.09343338,1,-1.818870544,1,-12.34764004,1,0.6905123,1,-3.487657785,1,2.073545218,1,0.492925942,0,-0.201778769,0,1.16105175,0
13.21591473,-17.80237961,1,-9.806296349,1,-10.15555573,1,0.496194959,1,-3.297171831,1,2.002319574,1,0.495142221,0,-0.217555717,0,1.161770463,0
13.21991444,-18.31638145,1,-15.00346851,1,-7.659604549,1,0.09910585,1,-2.994399786,1,1.904268742,1,0.496062845,0,-0.23236534,0,1.162726521,0
13.22391701,-20.36824989,1,-18.51634407,1,-6.861207962,1,-0.281144768,1,-2.676805019,1,1.739655614,1,0.495473444,0,-0.245815724,0,1.163736343,0
13.22791386,-21.95905113,1,-21.03527069,1,-5.773105621,1,-0.739492297,1,-2.207673311,1,1.526879549,1,0.493117362,0,-0.257508427,0,1.164901376,0
13.23191929,-16.75978851,1,-17.93614578,1,-4.220168591,1,-1.098351836,1,-1.852785468,1,1.269252777,1,0.489108413,0,-0.267249882,0,1.166033626,0
13.23592091,-11.45399094,1,-11.19347477,1,-5.033254147,1,-1.412421346,1,-1.681699991,1,1.191284299,1,0.483805537,0,-0.275754273,0,1.16708672,0
13.23991871,-9.365129471,1,-5.681073189,1,-7.764369488,1,-1.651890874,1,-1.535047531,1,1.211923242,1,0.477286041,0,-0.283675015,0,1.168420196,0
13.24391842,-7.930985451,1,-1.902168989,1,-10.91927052,1,-1.747724891,1,-1.250187874,1,1.231953025,1,0.469817132,0,-0.290814549,0,1.170312762,0
13.24792004,-10.37796307,1,2.35351181,1,-12.8985405,1,-1.630941391,1,-1.030512571,1,1.265611053,1,0.46235007,0,-0.297233999,0,1.172812343,0
13.25191784,-12.69416618,1,2.802078962,1,-12.38345242,1,-1.456999063,1,-0.545029342,1,1.201784253,1,0.455197275,0,-0.302229971,0,1.175994277,0
13.25591755,-10.74488831,1,1.487187862,1,-10.87910557,1,-1.289430261,1,-0.255920738,1,1.086106539,1,0.448635817,0,-0.305632949,0,1.179621339,0
13.25991917,-9.94913578,1,-1.710036159,1,-9.229615211,1,-1.145094752,1,-0.103841349,1,0.868088126,1,0.442755938,0,-0.307935715,0,1.183004856,0
13.26391697,-6.332226276,1,-3.223518848,1,-8.383777618,1,-1.111762047,1,-0.124638081,1,0.735406637,1,0.43739453,0,-0.309674978,0,1.185859919,0
13.26791668,-6.557582855,1,-4.436964989,1,-9.876907349,1,-1.065768123,1,-0.110203505,1,0.579756975,1,0.43230772,0,-0.311249673,0,1.188138247,0
13.2719183,-5.499218464,1,-2.904863596,1,-9.8126297,1,-1.031047106,1,-0.044986732,1,0.570514858,1,0.427516311,0,-0.312457889,0,1.190167904,0
13.2759161,-5.669354916,1,-1.228447914,1,-10.30821609,1,-0.984017372,1,-0.002171942,1,0.620170236,1,0.422785491,0,-0.313547254,0,1.19241643,0
13.27991581,-6.006886482,1,-1.16462481,1,-10.02694416,1,-0.92599839,1,0.0253042,1,0.630985379,1,0.418215096,0,-0.314528286,0,1.194854021,0
13.28391743,-6.278522968,1,-1.694562078,1,-9.39779377,1,-0.855992794,1,0.023105163,1,0.593807638,1,0.413902283,0,-0.315414965,0,1.197264671,0
13.28791523,-5.387001514,1,-2.174869776,1,-8.888645172,1,-0.794810474,1,-0.011611145,1,0.547730148,1,0.409917355,0,-0.316318125,0,1.199472308,0
13.29191494,-4.805587769,1,-2.460921288,1,-8.880497932,1,-0.760694683,1,-0.039759353,1,0.533829033,1,0.406179547,0,-0.317262709,0,1.201495647,0
13.29591751,-5.08754015,1,-2.649855137,1,-8.848227501,1,-0.751869082,1,-0.01791011,1,0.541251779,1,0.402524769,0,-0.31820792,0,1.203528285,0
13.29991436,-5.078588009,1,-2.155324221,1,-8.837375641,1,-0.734459937,1,-0.011132117,1,0.531760931,1,0.398899794,0,-0.319108129,0,1.205594301,0
13.30391407,-6.341739178,1,-0.8809129,1,-8.66208744,1,-0.700448334,1,0.044916932,1,0.481970191,1,0.395425618,0,-0.319876879,0,1.207567453,0
13.30791664,-4.496024132,1,0.071894847,1,-9.046964645,1,-0.605216205,1,-0.00449359,1,0.44926253,1,0.392218471,0,-0.320479721,0,1.209404469,0
13.31191444,-4.770706177,1,-0.05930838,1,-9.348989487,1,-0.536627948,1,-0.007333013,1,0.421277344,1,0.389410615,0,-0.32118094,0,1.211102605,0
13.31591415,-4.520899296,1,-0.876473546,1,-9.468492508,1,-0.478055656,1,-0.016909327,1,0.383958608,1,0.386902481,0,-0.321833193,0,1.212662339,0
13.31991577,-3.912850142,1,-1.992063284,1,-9.437906265,1,-0.436763555,1,-0.06328278,1,0.374142438,1,0.384628356,0,-0.322545886,0,1.21407783,0
13.32391357,-3.755764008,1,-2.987222433,1,-9.384984016,1,-0.422856241,1,-0.101320602,1,0.385822684,1,0.382489592,0,-0.323413938,0,1.215428352,0
13.32791328,-4.01033926,1,-3.391100168,1,-9.04334259,1,-0.423362046,1,-0.135555789,1,0.407349646,1,0.380363107,0,-0.324424207,0,1.216786861,0
13.3319149,-4.412797451,1,-3.327504396,1,-8.957436562,1,-0.426405698,1,-0.181477129,1,0.436410785,1,0.378218234,0,-0.325650305,0,1.218202233,0
13.3359127,-4.723315716,1,-2.635988712,1,-8.88454628,1,-0.431944698,1,-0.201343745,1,0.455407351,1,0.376037151,0,-0.327023268,0,1.219661713,0
13.33991242,-5.026632309,1,-2.100695372,1,-8.870963097,1,-0.428262323,1,-0.209029689,1,0.455230981,1,0.373840123,0,-0.32845363,0,1.221149206,0
13.34391403,-5.029280663,1,-1.726424575,1,-8.748602867,1,-0.415895581,1,-0.204572916,1,0.436988473,1,0.371682823,0,-0.329880506,0,1.222598314,0
13.34791184,-4.81322813,1,-1.561544299,1,-8.782939911,1,-0.399076253,1,-0.206749931,1,0.40119198,1,0.369614601,0,-0.33126086,0,1.223932624,0
13.35191727,-4.739645958,1,-1.181988001,1,-8.984737396,1,-0.373114854,1,-0.220830038,1,0.352699161,1,0.367697865,0,-0.332603067,0,1.225090504,0
13.35591888,-4.882536888,1,-0.606699407,1,-9.259538651,1,-0.331683874,1,-0.243181571,1,0.305510223,1,0.365983069,0,-0.333931237,0,1.2260288,0
13.35991669,-5.000946045,1,-0.132854536,1,-9.145897865,1,-0.278459579,1,-0.254744351,1,0.261859,1,0.36450991,0,-0.335268706,0,1.22677815,0
13.3639164,-4.793818474,1,0.367898315,1,-9.0952034,1,-0.214280844,1,-0.281218797,1,0.213036314,1,0.363330185,0,-0.336606801,0,1.22732079,0
13.36791897,-4.723358154,1,0.577715576,1,-9.234570503,1,-0.14736183,1,-0.300076962,1,0.160952374,1,0.362513542,0,-0.337962419,0,1.227625847,0
13.37191582,-4.555374622,1,0.393165797,1,-9.192177773,1,-0.075399548,1,-0.321564317,1,0.11616499,1,0.362044096,0,-0.33931756,0,1.22770822,0
13.37591648,-4.716413021,1,-0.402424276,1,-9.102944374,1,-0.032591499,1,-0.338371783,1,0.080421448,1,0.361866266,0,-0.340692282,0,1.227601528,0
13.3799181,-4.659566879,1,-1.288564324,1,-8.925428391,1,0.000366894,1,-0.345496774,1,0.061879788,1,0.361886591,0,-0.342080712,0,1.227366567,0
13.3839159,-4.615886211,1,-1.549421787,1,-8.898666382,1,0.022402391,1,-0.355217606,1,0.048935782,1,0.362040341,0,-0.343469054,0,1.227045536,0
13.38791466,-4.475874424,1,-1.507889509,1,-8.850802422,1,0.037755128,1,-0.361156672,1,0.050256148,1,0.362287194,0,-0.344870031,0,1.22669971,0
13.39191628,-4.486243725,1,-1.508478045,1,-8.719322205,1,0.054681927,1,-0.36456123,1,0.045923017,1,0.362590283,0,-0.346291363,0,1.226346135,0
13.39591503,-4.674659729,1,-1.939394355,1,-8.563881874,1,0.054736279,1,-0.3675448,1,0.04652242,1,0.362930477,0,-0.347726464,0,1.225989461,0
13.39991379,-4.914735794,1,-2.5079,1,-8.202400208,1,0.04141207,1,-0.361781776,1,0.063572153,1,0.363234639,0,-0.349163949,0,1.225657105,0
13.40391541,-4.887733936,1,-3.18586421,1,-7.990158558,1,0.005012984,1,-0.337605268,1,0.094247073,1,0.363402605,0,-0.350589633,0,1.225440264,0
13.40791321,-4.591656685,1,-3.817963123,1,-7.849991798,1,-0.039134242,1,-0.323044866,1,0.136711627,1,0.363353014,0,-0.351988465,0,1.225393891,0
13.41191292,-4.710864067,1,-3.994551182,1,-7.672888279,1,-0.087273926,1,-0.298954129,1,0.167121604,1,0.363051444,0,-0.353361249,0,1.225525022,0
13.41591454,-4.673568726,1,-4.088511467,1,-7.786593437,1,-0.148620248,1,-0.27349788,1,0.194744155,1,0.362486422,0,-0.354686916,0,1.225818515,0
13.41991234,-5.152712345,1,-3.306656122,1,-7.712134361,1,-0.193431675,1,-0.24879092,1,0.219071731,1,0.361652136,0,-0.355958879,0,1.226244092,0
13.42391205,-5.000022888,1,-2.735071421,1,-7.896686554,1,-0.212943271,1,-0.22113958,1,0.221511126,1,0.360647053,0,-0.357144117,0,1.226786017,0
13.42791367,-4.777701855,1,-2.369477749,1,-8.280447006,1,-0.233492121,1,-0.210328385,1,0.23577705,1,0.359544694,0,-0.358268917,0,1.227382064,0
13.43191147,-4.656793118,1,-1.983643889,1,-8.510940552,1,-0.237901554,1,-0.211884171,1,0.235128537,1,0.35837847,0,-0.359385431,0,1.228000879,0
13.43591118,-4.520345211,1,-1.593886137,1,-8.530871391,1,-0.233175695,1,-0.211196259,1,0.244620964,1,0.357209653,0,-0.360522091,0,1.228644729,0
13.4399128,-4.867731571,1,-1.136888504,1,-8.53322506,1,-0.208268866,1,-0.217917919,1,0.238807246,1,0.356098175,0,-0.361666143,0,1.229282379,0
13.4439106,-4.648253918,1,-1.173092365,1,-8.505000114,1,-0.17034243,1,-0.211272568,1,0.22976692,1,0.24714084,0,-0.55929786,0,1.380273581,0
13.44791031,-4.37769413,1,-1.506565213,1,-8.754828453,1,-0.162527472,1,-0.22210741,1,0.227492705,1,0.24783276,0,-0.560200691,0,1.369928122,0
13.45191097,-4.419122219,1,-1.428064585,1,-8.642475128,1,-0.138620704,1,-0.239932254,1,0.226272538,1,0.246816009,0,-0.561316848,0,1.370688558,0
13.45590973,-4.414589405,1,-1.558259845,1,-8.747173309,1,-0.113370985,1,-0.23947899,1,0.227077395,1,0.245910138,0,-0.562476635,0,1.371449828,0
13.45990944,-4.440268993,1,-1.694363952,1,-8.711644173,1,-0.110074885,1,-0.263328314,1,0.235741287,1,0.245053425,0,-0.56368804,0,1.372218609,0
13.4639101,-4.774470329,1,-1.589826107,1,-8.524726868,1,-0.102036677,1,-0.273070186,1,0.233747363,1,0.244207382,0,-0.564953387,0,1.372995257,0
13.46790886,-4.771501541,1,-1.933986068,1,-8.466573715,1,-0.096192852,1,-0.283763766,1,0.245977357,1,0.243401349,0,-0.566262543,0,1.373780131,0
13.47191429,-4.581804752,1,-2.362338305,1,-8.553813934,1,-0.126194775,1,-0.302364141,1,0.254358977,1,0.242518574,0,-0.567637384,0,1.374605179,0
13.47591591,-4.594902039,1,-2.079057932,1,-8.456859589,1,-0.150077641,1,-0.319258809,1,0.270472318,1,0.241490617,0,-0.569096744,0,1.375466228,0
13.47991371,-4.651824474,1,-1.765639544,1,-8.356721878,1,-0.137560457,1,-0.317087442,1,0.28219977,1,0.240430549,0,-0.570601225,0,1.376370907,0
13.48391438,-4.670176506,1,-1.863072872,1,-8.384477615,1,-0.135247856,1,-0.31933099,1,0.293614089,1,0.239363894,0,-0.572117209,0,1.37733829,0
13.48791599,-4.806335449,1,-1.954560041,1,-8.333333015,1,-0.148284763,1,-0.330197871,1,0.30266878,1,0.238239631,0,-0.573666692,0,1.378359795,0
13.4919138,-4.771526814,1,-1.851832032,1,-8.185567856,1,-0.152127802,1,-0.331101447,1,0.310433269,1,0.237070262,0,-0.575247049,0,1.379407525,0
13.49591446,-4.895502567,1,-1.703835011,1,-8.165154457,1,-0.156150222,1,-0.339169353,1,0.314041167,1,0.235870898,0,-0.576842487,0,1.380473614,0
13.49991608,-4.960536003,1,-1.532243013,1,-8.168144226,1,-0.151696116,1,-0.34497416,1,0.314525306,1,0.234653682,0,-0.578458428,0,1.381552219,0
13.50391388,-4.920787811,1,-1.595660567,1,-8.196715355,1,-0.149652183,1,-0.348233283,1,0.308564395,1,0.23346895,0,-0.580093086,0,1.382613659,0
13.50791264,-4.901182175,1,-1.715924621,1,-8.231719017,1,-0.164420307,1,-0.353100628,1,0.30106771,1,0.23226741,0,-0.581741929,0,1.383646011,0
13.51191425,-4.885859013,1,-1.584014773,1,-8.219514847,1,-0.175893754,1,-0.353291094,1,0.29672116,1,0.231030479,0,-0.583394766,0,1.384654045,0
13.51591206,-4.921969414,1,-1.609325409,1,-8.214720726,1,-0.175698847,1,-0.356466204,1,0.296432912,1,0.229783505,0,-0.585047185,0,1.385644078,0
13.51991177,-5.01180172,1,-1.718948603,1,-8.240721703,1,-0.17900902,1,-0.361566752,1,0.301085621,1,0.228513658,0,-0.586719871,0,1.386651874,0
13.52391338,-4.957213879,1,-1.597558737,1,-8.334902763,1,-0.190374136,1,-0.365766197,1,0.301812053,1,0.227207661,0,-0.588417768,0,1.387667894,0
13.52791214,-4.76614666,1,-1.470493197,1,-8.352479935,1,-0.190863162,1,-0.372938037,1,0.301668823,1,0.225879699,0,-0.590126038,0,1.388688087,0
13.5319109,-4.87279129,1,-1.452914119,1,-8.441019058,1,-0.185576916,1,-0.384068519,1,0.295396,1,0.224561155,0,-0.591878951,0,1.389689326,0
13.53591251,-4.844802856,1,-1.696202278,1,-8.482809067,1,-0.186019331,1,-0.39513123,1,0.29522422,1,0.223267198,0,-0.59366107,0,1.390666008,0
13.53991032,-4.916971684,1,-1.829038978,1,-8.459379196,1,-0.192058116,1,-0.408712506,1,0.298784673,1,0.221966535,0,-0.595495701,0,1.39164114,0
13.54391003,-4.885297298,1,-1.816355586,1,-8.415998459,1,-0.195235103,1,-0.423179328,1,0.315656006,1,0.220617831,0,-0.597386003,0,1.392660618,0
13.5479126,-4.922838688,1,-1.799111485,1,-8.440581322,1,-0.197114229,1,-0.432226807,1,0.334589958,1,0.219209835,0,-0.599337816,0,1.393756986,0
13.55190945,-4.917545795,1,-1.751882195,1,-8.452528,1,-0.202099115,1,-0.44301042,1,0.357980043,1,0.217751071,0,-0.601349771,0,1.394936204,0
13.55590916,-4.84675312,1,-1.878895402,1,-8.468333244,1,-0.211189181,1,-0.460570842,1,0.373077124,1,0.216219112,0,-0.603424311,0,1.396195769,0
13.55991173,-4.975474358,1,-2.010541201,1,-8.455746651,1,-0.221270114,1,-0.477176845,1,0.388887793,1,0.214611158,0,-0.605573773,0,1.397508621,0
13.56390953,-5.003531933,1,-2.049684286,1,-8.521158218,1,-0.243745029,1,-0.502538502,1,0.401129514,1,0.212902561,0,-0.607817471,0,1.398875833,0
13.56790829,-5.117202282,1,-2.003825665,1,-8.56475544,1,-0.262949407,1,-0.52142477,1,0.413052857,1,0.211070433,0,-0.61014998,0,1.400303721,0
13.57191086,-4.992449284,1,-1.848879099,1,-8.653951645,1,-0.269969463,1,-0.544310749,1,0.425857008,1,0.209158465,0,-0.612577736,0,1.401767373,0
13.57590866,-4.971745491,1,-1.507098079,1,-8.790081024,1,-0.278885543,1,-0.574726701,1,0.441459209,1,0.207192421,0,-0.615112066,0,1.403275847,0
13.57990837,-4.962674618,1,-1.386631489,1,-8.817874908,1,-0.283725291,1,-0.609312236,1,0.458021224,1,0.205177322,0,-0.617807329,0,1.404823303,0
13.58390999,-5.035560608,1,-1.500645518,1,-8.937657356,1,-0.29642725,1,-0.641374052,1,0.456363738,1,0.203115255,0,-0.620631337,0,1.406389117,0
13.58790779,-4.833001137,1,-1.778320551,1,-8.98101902,1,-0.318066657,1,-0.683789611,1,0.462805629,1,0.200970218,0,-0.62358886,0,1.40795064,0
13.59191227,-4.823122978,1,-1.884278059,1,-9.166021347,1,-0.346367389,1,-0.734328568,1,0.469185263,1,0.198711589,0,-0.626728773,0,1.40952754,0
13.59591389,-4.866932869,1,-1.963124752,1,-9.307342529,1,-0.362165064,1,-0.775865853,1,0.487031847,1,0.196365863,0,-0.630061865,0,1.411109567,0
13.59991169,-4.60930109,1,-2.155420542,1,-9.385911942,1,-0.386971861,1,-0.826592982,1,0.515135527,1,0.193893075,0,-0.633595288,0,1.41277647,0
13.6039114,-4.837766647,1,-2.481766701,1,-9.581066132,1,-0.404256642,1,-0.885660589,1,0.539546609,1,0.191261008,0,-0.637356639,0,1.414545178,0
13.60791302,-4.508013248,1,-2.565063953,1,-9.731093407,1,-0.439850867,1,-0.953141928,1,0.583501637,1,0.18844375,0,-0.641385078,0,1.41643095,0
13.61191082,-4.592609406,1,-2.611143112,1,-9.825708389,1,-0.468888283,1,-1.027395487,1,0.618315637,1,0.185410172,0,-0.645712674,0,1.418455362,0
13.61591053,-4.582361221,1,-2.682599783,1,-9.912705421,1,-0.507934749,1,-1.106269002,1,0.662107646,1,0.182148382,0,-0.6503703,0,1.420630693,0
13.6199131,-4.67895937,1,-2.521166325,1,-9.925653458,1,-0.53777796,1,-1.185817361,1,0.697943985,1,0.178642765,0,-0.655371368,0,1.422963262,0
13.62390995,-4.889422417,1,-2.528406143,1,-10.02342319,1,-0.577455163,1,-1.265884519,1,0.738154471,1,0.174901292,0,-0.660706043,0,1.425447106,0
13.62791061,-4.701854229,1,-2.509493113,1,-10.11368275,1,-0.626678646,1,-1.347519636,1,0.773040175,1,0.17088221,0,-0.666377306,0,1.428068638,0
13.63191223,-4.674474716,1,-2.506679535,1,-10.32684517,1,-0.682822824,1,-1.444730401,1,0.803173423,1,0.166544288,0,-0.672408164,0,1.430845499,0
13.63591003,-4.526277065,1,-2.406350136,1,-10.35400105,1,-0.72834599,1,-1.542274237,1,0.840662837,1,0.161894858,0,-0.678828597,0,1.433756351,0
13.63990974,-4.471786022,1,-2.256154776,1,-10.52271366,1,-0.769727349,1,-1.656167388,1,0.877646446,1,0.156969205,0,-0.6856938,0,1.436818838,0
13.64391041,-4.632019043,1,-2.277519226,1,-10.69915199,1,-0.800692439,1,-1.775224447,1,0.929468393,1,0.151763126,0,-0.693021774,0,1.440073729,0
13.64790916,-4.761868,1,-2.213342905,1,-10.9668808,1,-0.812898338,1,-1.898354053,1,0.983590901,1,0.146290407,0,-0.700856686,0,1.443573117,0
13.65190792,-4.075838089,1,-2.480036974,1,-10.84504509,1,-0.835642815,1,-2.031318188,1,1.053904414,1,0.140510619,0,-0.709209085,0,1.447403193,0
13.65590954,-4.130461693,1,-2.480004787,1,-11.1398859,1,-0.859117329,1,-2.191624165,1,1.122771978,1,0.134393096,0,-0.718175411,0,1.451560616,0
13.6599083,-4.496612072,1,-2.558612823,1,-11.55137634,1,-0.885429502,1,-2.343349457,1,1.189695954,1,0.127902701,0,-0.727773964,0,1.456094742,0
13.66390801,-3.900621414,1,-2.574746847,1,-11.45915985,1,-0.909466624,1,-2.522640228,1,1.27738595,1,0.121002369,0,-0.738027394,0,1.461045623,0
13.66790962,-3.559950352,1,-2.814282417,1,-11.83395004,1,-0.950783491,1,-2.736177444,1,1.362874985,1,0.113594234,0,-0.749086916,0,1.466500521,0
13.67190743,-3.525550842,1,-3.09436202,1,-12.33894444,1,-1.01118505,1,-2.970614195,1,1.462778091,1,0.105569661,0,-0.761047721,0,1.472498536,0
13.67590618,-3.806446791,1,-3.821146965,1,-12.90253925,1,-1.102599621,1,-3.214360476,1,1.561303616,1,0.0967502,0,-0.773965657,0,1.479106903,0
13.67990875,-3.470046282,1,-3.679234505,1,-13.32835388,1,-1.193219781,1,-3.480072737,1,1.676399112,1,0.086987428,0,-0.787863135,0,1.486439705,0
13.68390656,-2.680958986,1,-4.097367287,1,-13.77383041,1,-1.24893856,1,-3.799219847,1,1.7944628,1,0.076270975,0,-0.802951336,0,1.494622707,0
13.68790627,-2.182912111,1,-5.266210079,1,-14.12858105,1,-1.351734519,1,-4.147271633,1,1.918219805,1,0.064432412,0,-0.819315374,0,1.503775477,0
13.69190788,-2.312143564,1,-5.897274971,1,-14.6786623,1,-1.472127438,1,-4.561017036,1,2.080198765,1,0.051191352,0,-0.837149978,0,1.514083624,0
13.69590569,-4.673295975,1,-11.91066074,1,-13.01884842,1,-1.718595624,1,-4.625167847,1,1.981126547,1,0.040360615,0,-0.856706142,0,1.511790633,0
13.6999054,0.710455656,1,-6.077962875,1,-16.28269577,1,-1.65575695,1,-5.645250797,1,2.626465797,1,0.024078213,0,-0.877675891,0,1.524917603,0
13.70390701,-8.919214249,1,-9.335295677,1,-15.44235897,1,-1.737663507,1,-5.552357197,1,2.824237585,1,0.004264484,0,-0.900155306,0,1.54158926,0
13.70790577,-6.140188217,1,-14.15603256,1,-14.42277908,1,-2.104361296,1,-5.765892982,1,3.20141983,1,-0.019139923,0,-0.922684014,0,1.561605692,0
13.71190548,-7.797549725,1,-12.67254066,1,-14.50839424,1,-2.434080362,1,-5.892870426,1,3.321155787,1,-0.047024094,0,-0.945598722,0,1.584874153,0
13.71591377,-9.420369148,1,-9.874097824,1,-14.4451189,1,-2.577872515,1,-5.891739845,1,3.558047771,1,-0.078570172,0,-0.968257487,0,1.611215115,0
13.71991634,-9.885335922,1,-10.83456039,1,-15.45462608,1,-2.812287807,1,-5.891758442,1,3.806452513,1,-0.114547484,0,-0.990298986,0,1.641608715,0
13.72391701,-10.97690868,1,-11.62465668,1,-16.19882011,1,-3.055897951,1,-5.867768288,1,3.954776287,1,-0.155294821,0,-1.011536241,0,1.676034331,0
13.72791958,-13.71424389,1,-10.74479771,1,-16.73592567,1,-3.16487956,1,-5.733016968,1,4.087080956,1,-0.200336486,0,-1.031553507,0,1.714199185,0
13.73191643,-17.43483925,1,-8.641749382,1,-18.39718437,1,-3.113679409,1,-5.565522194,1,4.215930939,1,-0.249189734,0,-1.049882531,0,1.756226301,0
13.73591614,-20.30324554,1,-6.926735878,1,-18.39445305,1,-3.042850971,1,-5.36249876,1,4.286970139,1,-0.301080883,0,-1.066279292,0,1.801642418,0
13.73991776,-19.40898705,1,-7.717114925,1,-17.47161865,1,-2.918828726,1,-5.224879742,1,4.327341557,1,-0.355664909,0,-1.0807271,0,1.850172639,0
13.74391556,-21.10737991,1,-9.732821465,1,-16.38777161,1,-2.879426479,1,-5.228604317,1,4.353595257,1,-0.412782073,0,-1.093631983,0,1.901615739,0
13.74791622,-22.2585659,1,-8.488376617,1,-15.26438904,1,-2.890374184,1,-5.04111433,1,4.383972168,1,-0.472662956,0,-1.104710579,0,1.95580411,0
13.75191689,-19.71420097,1,-8.407094955,1,-14.23387623,1,-3.106807709,1,-5.043015003,1,4.47380352,1,-0.535369873,0,-1.113806009,0,2.012553215,0
13.75591564,-22.92590332,1,-9.06223011,1,-14.28827286,1,-3.27036953,1,-4.766865253,1,4.512318134,1,-0.600916207,0,-1.120764136,0,2.07124877,0
13.75991535,-19.89322662,1,-9.453834534,1,-10.92464924,1,-3.650693417,1,-4.484686852,1,4.631473541,1,-0.668100536,0,-1.12477529,0,2.13052845,0
13.76391602,-17.46544456,1,-10.76145744,1,-9.996116638,1,-4.147982121,1,-4.253684998,1,4.597251415,1,-0.737108111,0,-1.126203537,0,2.189653873,0
13.76791477,-15.15827656,1,-7.294833183,1,-9.493510246,1,-4.602395058,1,-3.718254328,1,4.393008232,1,-0.805039287,0,-1.125103116,0,2.245542526,0
13.77191353,-17.71022797,1,-2.791296244,1,-11.13133907,1,-4.726415634,1,-3.282340527,1,4.041201115,1,-0.869049489,0,-1.121896505,0,2.295665503,0
13.77591515,-22.20077324,1,-0.462231427,1,-15.42881012,1,-4.279789448,1,-2.802743912,1,3.548858643,1,-0.926484823,0,-1.117604375,0,2.339345455,0
13.77991295,-19.57539368,1,1.570998669,1,-17.52435303,1,-3.536545515,1,-2.328074694,1,3.048109055,1,-0.974749386,0,-1.112862825,0,2.37562561,0
13.78391266,-13.33943272,1,4.808563709,1,-14.31704807,1,-2.701646566,1,-2.127415419,1,2.917518377,1,-1.015142798,0,-1.107756615,0,2.406773329,0
13.78791428,-18.19955444,1,7.934185505,1,-12.57874966,1,-1.840279937,1,-2.194683552,1,3.018183231,1,-1.05105269,0,-1.101970911,0,2.43678689,0
13.79191208,-25.90287971,1,3.307282209,1,-16.97883224,1,-1.237879992,1,-1.513224363,1,2.965706348,1,-1.081598401,0,-1.095122576,0,2.4642694,0
13.79591179,-16.11447144,1,-4.404916286,1,-14.71256351,1,-0.777594268,1,-0.766145349,1,2.674448252,1,-1.103255272,0,-1.087133527,0,2.484162331,0
13.79991341,-11.66385365,1,-8.369170189,1,-11.96236801,1,-0.459669828,1,-0.386585623,1,2.429031372,1,-1.117965817,0,-1.079016447,0,2.498054504,0
13.80391121,-13.57823467,1,-9.567404747,1,-11.74849796,1,-0.382734627,1,-0.083007105,1,2.330157757,1,-1.128753066,0,-1.070894837,0,2.508502483,0
13.80791092,-13.79272938,1,-10.47162342,1,-11.5579977,1,-0.606056511,1,0.258104891,1,2.347291708,1,-1.137292504,0,-1.062288046,0,2.516034603,0
13.81191254,-12.32220745,1,-11.026618,1,-11.16881371,1,-0.870862961,1,0.614715695,1,2.299248457,1,-1.144338012,0,-1.053094864,0,2.520711899,0
13.81591034,-9.069372177,1,-10.82547379,1,-10.13938618,1,-1.042931676,1,0.910274088,1,2.166234493,1,-1.149718881,0,-1.043674111,0,2.522458553,0
13.81991005,-6.773893356,1,-9.698162079,1,-9.134148598,1,-1.111249089,1,1.11155498,1,2.015338421,1,-1.153538227,0,-1.034389019,0,2.521858692,0
13.82391167,-5.221842289,1,-8.395856857,1,-8.523152351,1,-1.124381065,1,1.258722782,1,1.903280735,1,-1.156071424,0,-1.025313616,0,2.519581079,0
13.82790947,-3.645922422,1,-7.605832577,1,-8.10804081,1,-1.101460099,1,1.360096693,1,1.773739934,1,-1.157510519,0,-1.016458154,0,2.516034603,0
13.83190918,-2.02850008,1,-7.418591499,1,-7.637040138,1,-1.022294998,1,1.416989684,1,1.626508951,1,-1.157996893,0,-1.00799644,0,2.511575699,0
13.83591747,-0.805147707,1,-7.952311516,1,-6.977419853,1,-0.928199828,1,1.44096458,1,1.459263921,1,-1.157566071,0,-1.000053406,0,2.506424665,0
13.839921,0.096959651,1,-8.52501297,1,-6.454933643,1,-0.855641186,1,1.449063301,1,1.298212528,1,-1.156349182,0,-0.992687643,0,2.500745296,0
13.84392071,0.678831339,1,-8.861702919,1,-6.082761288,1,-0.81323123,1,1.453431368,1,1.13564837,1,-1.154612303,0,-0.985893786,0,2.494668722,0
13.84792233,1.101860762,1,-9.135550499,1,-5.839862347,1,-0.785023093,1,1.461869121,1,0.97217536,1,-1.152370095,0,-0.979671419,0,2.488134623,0
13.85192013,1.448941946,1,-9.381809235,1,-5.681579113,1,-0.765218258,1,1.475403905,1,0.782226384,1,-1.149661064,0,-0.974074721,0,2.481112957,0
13.85591984,1.684288621,1,-9.430563927,1,-5.554604053,1,-0.762880504,1,1.48910892,1,0.577180088,1,-1.146441698,0,-0.969153106,0,2.473509312,0
13.85992146,1.929810762,1,-9.404900551,1,-5.45865202,1,-0.749125361,1,1.513694286,1,0.351338565,1,-1.142651439,0,-0.96497792,0,2.465236187,0
13.86391926,1.964062572,1,-9.176142693,1,-5.296922684,1,-0.73614496,1,1.555965543,1,0.107082218,1,-1.138159752,0,-0.961581588,0,2.456154346,0
13.86791802,2.074192047,1,-9.028894424,1,-5.324171066,1,-0.717298031,1,1.615001559,1,-0.160829157,1,-1.132791758,0,-0.959006369,0,2.446047068,0
13.87192059,2.163969278,1,-8.853776932,1,-5.251716137,1,-0.658186674,1,1.67585063,1,-0.417047739,1,-1.126379848,0,-0.957239747,0,2.434836626,0
13.87591744,2.181774378,1,-8.497819901,1,-5.273481846,1,-0.579387724,1,1.741046071,1,-0.680903316,1,-1.118769169,0,-0.956255794,0,2.422488213,0
13.87991715,2.102802515,1,-8.089853287,1,-5.235125065,1,-0.474239886,1,1.809831023,1,-0.924985707,1,-1.109842062,0,-0.956009567,0,2.408973694,0
13.88391972,1.985912561,1,-7.859224796,1,-5.161220551,1,-0.35349974,1,1.886699438,1,-1.157132387,1,-1.099500775,0,-0.956421375,0,2.394277811,0
13.88791752,1.927242637,1,-7.655617714,1,-5.149663925,1,-0.222165033,1,1.963838696,1,-1.382581711,1,-1.087633371,0,-0.957403064,0,2.378352165,0
13.89191723,1.792154431,1,-7.454361916,1,-5.151643753,1,-0.088144891,1,2.046188831,1,-1.595875263,1,-1.07419312,0,-0.958895743,0,2.361170769,0
13.89591789,1.682829618,1,-7.340494156,1,-5.118755817,1,0.033792332,1,2.131424904,1,-1.793952703,1,-1.05917418,0,-0.960804284,0,2.342711926,0
13.8999157,1.600908279,1,-7.282933712,1,-5.192428112,1,0.157322064,1,2.209930182,1,-1.973001599,1,-1.042615652,0,-0.963032603,0,2.322989941,0
13.90391541,1.308162689,1,-7.220731735,1,-5.171216488,1,0.252640903,1,2.307895184,1,-2.137257576,1,-1.024548888,0,-0.965475559,0,2.302000999,0
13.90791702,1.098424435,1,-7.111691475,1,-5.294904232,1,0.338795632,1,2.393785,1,-2.288995028,1,-1.005018115,0,-0.968039274,0,2.279720783,0
13.91191483,0.673607707,1,-7.023853302,1,-5.429548264,1,0.426801115,1,2.496222973,1,-2.426632166,1,-0.984033287,0,-0.970621169,0,2.256132603,0
13.91591454,0.334423393,1,-6.861974239,1,-5.569051743,1,0.503088474,1,2.605284214,1,-2.559161186,1,-0.961609662,0,-0.973117232,0,2.231222153,0
13.91991615,0.028644426,1,-6.579826832,1,-5.671604156,1,0.585448265,1,2.715863705,1,-2.679015875,1,-0.937700272,0,-0.975446939,0,2.204957008,0
13.92391396,-0.477549762,1,-6.215064049,1,-5.806462288,1,0.680295229,1,2.838901997,1,-2.804344893,1,-0.91225785,0,-0.977519751,0,2.177301884,0
13.92791367,-0.908922493,1,-5.892430782,1,-5.943982601,1,0.786100984,1,2.970107794,1,-2.929395914,1,-0.885202229,0,-0.979266167,0,2.148222446,0
13.93191528,-1.402229548,1,-5.624081135,1,-6.023035526,1,0.892134547,1,3.098060369,1,-3.060503721,1,-0.85653013,0,-0.980623126,0,2.117734671,0
13.93591309,-1.732913256,1,-5.496294975,1,-6.193414211,1,1.01081562,1,3.223869562,1,-3.186879396,1,-0.826191902,0,-0.981507778,0,2.085810184,0
13.9399128,-2.105900049,1,-5.422637463,1,-6.196004868,1,1.12007153,1,3.35383296,1,-3.307979345,1,-0.794273853,0,-0.981859863,0,2.052545309,0
13.94391441,-2.44410491,1,-5.307197094,1,-6.168886185,1,1.215319276,1,3.472919226,1,-3.429010391,1,-0.76089412,0,-0.981588483,0,2.018016577,0
13.94791222,-2.791972637,1,-5.301861286,1,-6.164458275,1,1.297996998,1,3.589920759,1,-3.539083719,1,-0.723690867,0,-0.980410874,0,1.968838692,0
13.95191097,-3.173661232,1,-5.415251732,1,-6.193525791,1,1.363479018,1,3.693669319,1,-3.645561934,1,-0.687993765,0,-0.978643239,0,1.932264805,0
13.95591927,-3.480630159,1,-5.432694912,1,-6.169730186,1,1.418054938,1,3.803837538,1,-3.736486912,1,-0.651452899,0,-0.97605747,0,1.894914031,0
13.95992279,-3.695675135,1,-5.398667812,1,-6.143753529,1,1.462602019,1,3.890419483,1,-3.834851742,1,-0.614304185,0,-0.97260797,0,1.856975555,0
13.9639225,-3.967805624,1,-5.241916656,1,-6.173051834,1,1.499984384,1,3.973254442,1,-3.919077158,1,-0.576733828,0,-0.968277991,0,1.818623304,0
13.96792412,-4.217372417,1,-5.07407093,1,-6.142613411,1,1.53581214,1,4.045358181,1,-3.995600224,1,-0.53894186,0,-0.963043988,0,1.780064464,0
13.97192192,-4.428506374,1,-4.853795052,1,-6.11839819,1,1.573977351,1,4.103063583,1,-4.070670128,1,-0.501146317,0,-0.956908882,0,1.741521478,0
13.97592163,-4.540613651,1,-4.67902565,1,-6.188028812,1,1.607811093,1,4.151888847,1,-4.136702538,1,-0.463490218,0,-0.949884295,0,1.703158021,0
13.97992325,-4.6569767,1,-4.540494442,1,-6.192118168,1,1.649956942,1,4.182328701,1,-4.19097805,1,-0.426167876,0,-0.942004144,0,1.665175438,0
13.98392105,-5.016888142,1,-4.424871922,1,-6.267544746,1,1.685812473,1,4.208339691,1,-4.232509613,1,-0.38933742,0,-0.933273494,0,1.627768397,0
13.98791981,-5.432683945,1,-4.226438046,1,-6.403065205,1,1.73604095,1,4.245605946,1,-4.272486687,1,-0.353091776,0,-0.923685908,0,1.591047645,0
13.99192143,-5.840223312,1,-4.04161787,1,-6.621897221,1,1.784273982,1,4.273959637,1,-4.309342384,1,-0.317507029,0,-0.913248837,0,1.555112362,0
13.99591923,-6.256046772,1,-3.879853487,1,-6.841557026,1,1.842810631,1,4.308021069,1,-4.334942341,1,-0.282624066,0,-0.901958704,0,1.520048141,0
13.99991894,-6.614222527,1,-3.723841906,1,-7.018590927,1,1.900788307,1,4.342134476,1,-4.371031284,1,-0.248456925,0,-0.88983655,0,1.485880971,0
14.00392056,-7.052526474,1,-3.652821541,1,-7.227394581,1,1.964090347,1,4.385031223,1,-4.399385929,1,-0.215041637,0,-0.876882434,0,1.452657938,0
14.00791836,-7.283655643,1,-3.554013491,1,-7.357489586,1,2.025292158,1,4.420844555,1,-4.425693035,1,-0.182434574,0,-0.863094687,0,1.420441508,0
14.01191807,-7.438745975,1,-3.508233786,1,-7.473923683,1,2.078758717,1,4.451735973,1,-4.440508366,1,-0.150687724,0,-0.848533988,0,1.389277577,0
14.01591969,-7.55683136,1,-3.49604702,1,-7.547573566,1,2.134907246,1,4.476764679,1,-4.455004215,1,-0.119863376,0,-0.833238065,0,1.359236598,0
14.01991749,-7.780537128,1,-3.481284142,1,-7.720649719,1,2.184332609,1,4.485948563,1,-4.457819462,1,-0.089993313,0,-0.817266822,0,1.330341578,0
14.0239172,-7.905832291,1,-3.637025356,1,-7.825907707,1,2.216943026,1,4.502545357,1,-4.456469059,1,-0.061129726,0,-0.800682068,0,1.302616954,0
14.02791977,-8.132666588,1,-3.806578159,1,-7.969667912,1,2.244688034,1,4.503066063,1,-4.454433441,1,-0.033297736,0,-0.783533037,0,1.276060462,0
14.03191662,-8.310333252,1,-4.038050175,1,-8.180700302,1,2.256692648,1,4.497925758,1,-4.437857628,1,-0.006525148,0,-0.765889108,0,1.250671864,0
14.03591633,-8.563878059,1,-4.214278698,1,-8.430130005,1,2.269381285,1,4.47934103,1,-4.432805061,1,0.019176932,0,-0.747817457,0,1.226433992,0
14.0399189,-8.874792099,1,-4.363441944,1,-8.703557968,1,2.262826681,1,4.462793827,1,-4.417933464,1,0.043831065,0,-0.729377508,0,1.203285336,0
14.0439167,-9.171663284,1,-4.595901489,1,-9.024726868,1,2.266265154,1,4.437943935,1,-4.412848949,1,0.067480966,0,-0.710612714,0,1.181151748,0
14.04791641,-9.651144028,1,-4.755953789,1,-9.546305656,1,2.267455578,1,4.409502983,1,-4.410283089,1,0.0901976,0,-0.691582084,0,1.159962893,0
14.05191803,-10.09337234,1,-4.882611275,1,-10.1227293,1,2.271555185,1,4.385122299,1,-4.421579838,1,0.112096786,0,-0.672300577,0,1.139611721,0
14.05591583,-10.58874702,1,-4.91216898,1,-10.63638687,1,2.293867826,1,4.36594677,1,-4.452581406,1,0.13329345,0,-0.652759671,0,1.119989276,0
14.05991554,-10.97367954,1,-4.863687038,1,-11.48801231,1,2.333459139,1,4.342655182,1,-4.494108677,1,0.153943628,0,-0.632953644,0,1.100978613,0
14.06391716,-11.30962086,1,-4.73379612,1,-12.34011364,1,2.391422749,1,4.323536873,1,-4.549111366,1,0.174177289,0,-0.612895012,0,1.082489491,0
14.06791496,-11.85679626,1,-4.606211662,1,-13.27586269,1,2.479032516,1,4.311590672,1,-4.599096298,1,0.194122702,0,-0.592561245,0,1.064490438,0
14.07191372,-12.51099873,1,-4.624588013,1,-14.14470196,1,2.586205721,1,4.293029785,1,-4.654537201,1,0.213891447,0,-0.571962237,0,1.046964526,0
14.07592106,-13.30680943,1,-4.617111683,1,-14.91911697,1,2.715988874,1,4.281077862,1,-4.706300735,1,0.233579114,0,-0.551093519,0,1.029898405,0
14.07992554,-14.36091709,1,-4.657588959,1,-15.55167675,1,2.85554266,1,4.274576187,1,-4.761225224,1,0.253280431,0,-0.529922724,0,1.013266444,0
14.08392525,-15.67339611,1,-4.335626602,1,-16.13737106,1,3.005383968,1,4.280641079,1,-4.824778557,1,0.273035794,0,-0.508423269,0,0.997074485,0
14.08792591,-16.56093407,1,-2.879575729,1,-16.52154922,1,3.167030811,1,4.276675701,1,-4.91170311,1,0.292916775,0,-0.48654139,0,0.981257617,0
14.09192371,-16.80664444,1,-1.533053041,1,-16.96458626,1,3.367404461,1,4.241920471,1,-5.005141735,1,0.313116133,0,-0.464353561,0,0.965670407,0
14.09592342,-18.08853531,1,-2.290283203,1,-16.94207573,1,3.561471939,1,4.233486652,1,-5.076112747,1,0.333660036,0,-0.441886693,0,0.950397968,0
14.09992504,-19.75721741,1,-2.491908789,1,-17.07762718,1,3.72861743,1,4.219835281,1,-5.133226395,1,0.354462683,0,-0.419077337,0,0.935512781,0
14.10392284,-21.17420387,1,-1.836458564,1,-17.32842064,1,3.847499609,1,4.166460514,1,-5.175815582,1,0.375360698,0,-0.396040559,0,0.921057761,0
14.10792255,-22.15537834,1,-0.404428184,1,-17.5224514,1,3.942653418,1,4.079685211,1,-5.206186295,1,0.396211714,0,-0.372938842,0,0.906993389,0
14.11192417,-23.64611053,1,1.028354645,1,-17.1433239,1,4.07095623,1,4.001915932,1,-5.214967251,1,0.417050511,0,-0.349841058,0,0.893345058,0
14.11592197,-25.90491295,1,2.01403594,1,-16.12302589,1,4.252984047,1,3.969237089,1,-5.207895279,1,0.43803966,0,-0.326681674,0,0.880236745,0
14.11992168,-28.46307182,1,1.858389378,1,-14.70170689,1,4.400225163,1,3.966083288,1,-5.171908379,1,0.4592233,0,-0.303377211,0,0.86778599,0
14.1239233,-30.51624489,1,0.409014285,1,-12.60652542,1,4.420650959,1,3.991052151,1,-5.084231853,1,0.480235398,0,-0.279884726,0,0.85620296,0
14.1279211,-31.3914814,1,-0.596305668,1,-10.37601662,1,4.297067165,1,3.961706161,1,-4.946069717,1,0.500509262,0,-0.256385893,0,0.845615983,0
14.13192082,-31.67006874,1,-1.020859718,1,-7.831901073,1,4.074638844,1,3.854069471,1,-4.74241972,1,0.519595623,0,-0.23326166,0,0.836049438,0
14.13592243,-31.17606544,1,-0.453391641,1,-5.440022945,1,3.794559002,1,3.684640884,1,-4.485764503,1,0.537225902,0,-0.210903883,0,0.827506006,0
14.13992024,-30.26587486,1,1.51010561,1,-3.120083094,1,3.531589985,1,3.410375834,1,-4.191411018,1,0.553375661,0,-0.189744994,0,0.819880545,0
14.14391995,-28.58823013,1,4.497788429,1,-1.165131688,1,3.333341122,1,3.039964676,1,-3.859825373,1,0.568315923,0,-0.170230359,0,0.81300056,0
14.14792156,-27.13113594,1,7.635684967,1,0.331047446,1,3.234785318,1,2.586205482,1,-3.500832558,1,0.582425773,0,-0.152761519,0,0.806699753,0
14.15191937,-25.96928406,1,10.46852589,1,1.465334058,1,3.247623682,1,2.101920128,1,-3.132183075,1,0.596222043,0,-0.137589112,0,0.800810575,0
14.15591908,-25.63936615,1,12.90177631,1,2.000442266,1,3.326838732,1,1.605142236,1,-2.775626898,1,0.610076427,0,-0.124782972,0,0.795239747,0
14.15992069,-25.96198845,1,14.22941971,1,2.263885736,1,3.420754671,1,1.147410035,1,-2.428658009,1,0.624225378,0,-0.114281788,0,0.789896429,0
14.1639185,-26.95331764,1,14.21557999,1,2.414774895,1,3.44346118,1,0.744005859,1,-2.096252203,1,0.638531923,0,-0.105903804,0,0.784787178,0
14.16791821,-27.98945236,1,13.69926357,1,2.442829847,1,3.370950937,1,0.397048652,1,-1.77730751,1,0.652680337,0,-0.099433541,0,0.779952645,0
14.17192078,-28.90985489,1,13.12088299,1,2.254768372,1,3.177756786,1,0.099017277,1,-1.485831261,1,0.666269362,0,-0.094670251,0,0.775379419,0
14.17591763,-29.76926231,1,12.42753887,1,1.97210741,1,2.83655715,1,-0.129835397,1,-1.233572721,1,0.678724587,0,-0.091347948,0,0.771056771,0
14.17991829,-30.15309715,1,11.26534081,1,1.51825738,1,2.336086988,1,-0.301661462,1,-1.020888209,1,0.689469099,0,-0.08918146,0,0.767006457,0
14.18391991,-30.32229042,1,9.523944855,1,1.554304719,1,1.719484091,1,-0.430661708,1,-0.811947405,1,0.697939694,0,-0.087978818,0,0.763232231,0
14.18791771,-30.14370918,1,8.217926025,1,1.316066504,1,1.017552972,1,-0.56192708,1,-0.602669179,1,0.703720212,0,-0.087666921,0,0.759774446,0
14.19191742,-29.61140251,1,7.295363903,1,1.104330897,1,0.286353558,1,-0.674382091,1,-0.378099173,1,0.70660758,0,-0.088271357,0,0.756665826,0
14.19592476,-28.78285599,1,7.482747555,1,0.769901395,1,-0.376876414,1,-0.803324103,1,-0.158862516,1,0.704746127,0,-0.0855105,0,0.738333285,0
14.19992924,-27.8260994,1,8.135419846,1,0.20126389,1,-0.895870924,1,-0.939232886,1,0.056194186,1,0.702372193,0,-0.088038765,0,0.735915422,0
14.20392895,-26.73927879,1,8.894974709,1,-0.350092173,1,-1.226486683,1,-1.057700276,1,0.274280608,1,0.698254347,0,-0.09150897,0,0.733836651,0
14.20793057,-8.278144836,1,-15.02591705,1,-9.847474098,1,-2.47594595,1,-1.351568937,1,0.60630399,1,0.691866815,0,-0.096231967,0,0.73209244,0
14.21192837,-11.37330723,1,-20.30282784,1,0.279168695,1,-5.754772186,1,-2.380080462,1,0.918622315,1,0.675052524,0,-0.103622213,0,0.729944944,0
14.21592808,-25.80685043,1,7.627268791,1,-3.878501415,1,-5.4136796,1,-2.690481186,1,1.667996049,1,0.652796865,0,-0.115660451,0,0.727530539,0
14.21992874,15.12881279,1,-0.675120652,1,-9.033041954,1,-5.371245384,1,-2.152543068,1,1.349499822,1,0.631545603,0,-0.126600862,0,0.72675252,0
14.2239275,13.00513172,1,-5.996051311,1,-16.53372765,1,-5.394451141,1,-2.800764084,1,1.505532742,1,0.610029697,0,-0.137974337,0,0.725573242,0
14.22792625,6.048893929,1,-3.613270283,1,-23.50987053,1,-4.983737469,1,-2.645023823,1,1.466329694,1,0.589356303,0,-0.150511965,0,0.724277258,0
14.23192787,14.51170349,1,-3.650623798,1,-25.48044968,1,-4.372256279,1,-2.546467543,1,1.477053046,1,0.570813537,0,-0.162348419,0,0.723474681,0
14.23592663,13.65660191,1,-9.952578545,1,-18.75161743,1,-4.59223938,1,-2.881792784,1,1.487021923,1,0.553070843,0,-0.174582437,0,0.72280246,0
14.23992539,10.16908073,1,-2.371177435,1,-12.03763771,1,-4.758632183,1,-3.382456303,1,1.658217311,1,0.534545958,0,-0.18847172,0,0.721611142,0
14.243927,16.44392204,1,15.61689949,1,-11.91844463,1,-4.075265408,1,-4.172364712,1,2.278271437,1,0.51679647,0,-0.205323339,0,0.720737457,0
14.24792481,5.231105804,1,17.72148705,1,-13.55560398,1,-3.946772575,1,-5.307330132,1,2.849494934,1,0.500849128,0,-0.226929098,0,0.720546961,0
14.25192452,-6.307679176,1,20.70541,1,-18.31931305,1,-3.340193272,1,-5.581740379,1,2.895807028,1,0.486287415,0,-0.251868963,0,0.720337033,0
14.25592613,-12.90786743,1,18.70499229,1,-18.44574356,1,-2.93586421,1,-5.518427849,1,2.946014881,1,0.473801762,0,-0.276853055,0,0.720378995,0
14.25992394,-22.01099014,1,18.15831566,1,-22.42252731,1,-2.554995298,1,-5.319617748,1,2.984893084,1,0.462532699,0,-0.301693201,0,0.721242309,0
14.26392365,-25.31702042,1,16.56663704,1,-22.46170616,1,-2.036993027,1,-4.744322777,1,2.778410435,1,0.452837884,0,-0.32487011,0,0.722761989,0
14.26792526,-21.4594841,1,15.0321312,1,-20.16837692,1,-1.414768696,1,-4.346138,1,2.516892672,1,0.445364207,0,-0.345766246,0,0.724577546,0
14.27192307,-22.2418766,1,10.97313213,1,-18.23605919,1,-0.908700347,1,-4.144180775,1,2.262802362,1,0.440179855,0,-0.365202308,0,0.72598362,0
14.27592182,-25.0292511,1,1.39998877,1,-15.9697094,1,-0.710496724,1,-3.824361086,1,2.012069225,1,0.436594814,0,-0.383260965,0,0.727016866,0
14.27992439,-25.94913864,1,-6.01819849,1,-13.20293808,1,-0.725087583,1,-3.368849277,1,1.83393538,1,0.433434457,0,-0.399563491,0,0.728002191,0
14.28392315,-23.88697243,1,-10.32977676,1,-11.74401665,1,-0.745663702,1,-2.939334631,1,1.570734501,1,0.430121928,0,-0.413867474,0,0.729007483,0
14.28792286,-23.81542969,1,-12.46303368,1,-9.473900795,1,-0.877869666,1,-2.51359129,1,1.266482234,1,0.426644295,0,-0.426217973,0,0.729726553,0
14.29192543,-16.068964,1,-12.44215775,1,-7.296184063,1,-1.014440298,1,-2.086852551,1,0.991113245,1,0.422733068,0,-0.436395228,0,0.730057955,0
14.29592228,-9.682922363,1,-9.182153702,1,-5.985431671,1,-1.193142533,1,-1.952990532,1,0.904601753,1,0.418237865,0,-0.445229948,0,0.730214834,0
14.29992199,-6.718657017,1,-5.044227123,1,-7.46308279,1,-1.37437582,1,-1.858312368,1,0.936467052,1,0.412959516,0,-0.453700125,0,0.730519474,0
14.30392456,-8.072695732,1,-2.732085228,1,-10.1117115,1,-1.486893773,1,-1.696991205,1,0.983463824,1,0.406885535,0,-0.461833209,0,0.731269002,0
14.30792046,-11.26846695,1,0.29944551,1,-11.54506111,1,-1.459817052,1,-1.399393439,1,0.987459779,1,0.400353789,0,-0.46908626,0,0.732605934,0
14.31192017,-13.62028122,1,1.734120131,1,-12.07411194,1,-1.361005068,1,-0.909835637,1,0.933411181,1,0.393808186,0,-0.474869788,0,0.734588563,0
14.31592846,-11.78127575,1,2.658753157,1,-10.19773865,1,-1.224709868,1,-0.551458597,1,0.893583715,1,0.387477845,0,-0.478898287,0,0.737148523,0
14.31993198,-11.0361948,1,1.876973271,1,-10.15610123,1,-1.066806555,1,-0.302560061,1,0.781121135,1,0.38157475,0,-0.481725633,0,0.739958942,0
14.3239336,-7.384398937,1,-0.396007955,1,-8.701444626,1,-0.980963588,1,-0.205172002,1,0.681457639,1,0.376288593,0,-0.483708024,0,0.742598534,0
14.32793522,-8.933124542,1,-2.449683189,1,-10.5257206,1,-0.901722312,1,-0.109741233,1,0.512751818,1,0.371433765,0,-0.485211164,0,0.744862676,0
14.33193302,-7.622505665,1,-2.954835892,1,-9.713993073,1,-0.818731487,1,0.022164907,1,0.392681062,1,0.367171973,0,-0.485984117,0,0.746680617,0
14.33593273,-6.548593998,1,-2.8089118,1,-9.420303345,1,-0.791380823,1,0.029913519,1,0.374406755,1,0.36318478,0,-0.486443341,0,0.74834621,0
14.33993435,-6.155940533,1,-2.49196434,1,-9.487778664,1,-0.770869613,1,0.069425263,1,0.366076708,1,0.359314978,0,-0.486769587,0,0.749982476,0
14.34393215,-4.721654415,1,-1.257475495,1,-9.727255821,1,-0.769985437,1,0.271710813,1,0.288454056,1,0.35539788,0,-0.48652491,0,0.751641393,0
14.34793186,-5.400966644,1,-2.188887358,1,-9.06624794,1,-0.664470732,1,0.028762557,1,0.390627444,1,0.351790011,0,-0.486598194,0,0.753302455,0
14.35193348,-5.224113941,1,-1.938181996,1,-9.369515419,1,-0.631154895,1,0.033175085,1,0.366672695,1,0.348411381,0,-0.48696062,0,0.754959106,0
14.35593128,-4.82195282,1,-2.151522875,1,-8.933976173,1,-0.603014767,1,0.035029788,1,0.362506986,1,0.345212042,0,-0.487329215,0,0.756553888,0
14.35993004,-4.642701626,1,-2.420091867,1,-8.867124557,1,-0.603263676,1,0.035211474,1,0.391295969,1,0.34202069,0,-0.487707287,0,0.758220434,0
14.36393166,-4.450338364,1,-2.740063906,1,-8.971844673,1,-0.592116535,1,0.038051955,1,0.416929841,1,0.338772744,0,-0.488074183,0,0.760008931,0
14.36792946,-5.884214401,1,-2.272222996,1,-9.047263145,1,-0.580840409,1,0.078048334,1,0.410565376,1,0.335551739,0,-0.488434464,0,0.76187259,0
14.37192917,-5.265886784,1,-1.534921288,1,-8.724683762,1,-0.558751643,1,0.082928501,1,0.392428637,1,0.332399487,0,-0.488652766,0,0.763718009,0
14.37593079,-4.984965324,1,-0.285655856,1,-9.009839058,1,-0.507029295,1,0.088963635,1,0.358083069,1,0.329419315,0,-0.488813609,0,0.765459001,0
14.37992859,-4.879669666,1,0.430058122,1,-9.337565422,1,-0.41838479,1,0.056994356,1,0.316472948,1,0.326817274,0,-0.488951892,0,0.767012239,0
14.3839283,-5.268544674,1,0.382357925,1,-9.238180161,1,-0.35619542,1,0.058126085,1,0.282949328,1,0.324634731,0,-0.489122808,0,0.76838553,0
14.38792992,-4.543951511,1,-0.40873912,1,-9.389166832,1,-0.292123556,1,0.060040336,1,0.244071722,1,0.322765082,0,-0.489216626,0,0.769604445,0
14.39192772,-4.343440056,1,-1.506098866,1,-9.288288116,1,-0.252662629,1,0.029556833,1,0.226203024,1,0.321178734,0,-0.489361227,0,0.770673513,0
14.39592743,-4.080265522,1,-2.424021482,1,-9.363075256,1,-0.240519822,1,-0.000336454,1,0.230929971,1,0.319729924,0,-0.489575684,0,0.771665215,0
14.39992905,-4.090892792,1,-2.81990099,1,-9.26776886,1,-0.236167535,1,-0.042698566,1,0.236910671,1,0.318326712,0,-0.489956856,0,0.772632182,0
14.40392685,-4.566443443,1,-2.789866686,1,-9.184670448,1,-0.239446744,1,-0.077893682,1,0.249104932,1,0.316921055,0,-0.49049437,0,0.773599267,0
14.40792656,-4.391319275,1,-2.203841925,1,-9.124492645,1,-0.225929722,1,-0.113473468,1,0.249957368,1,0.315538257,0,-0.491159052,0,0.774534702,0
14.41192722,-4.359342575,1,-1.606921792,1,-9.125634193,1,-0.204619214,1,-0.148464024,1,0.238465607,1,0.314264536,0,-0.49197343,0,0.775401711,0
14.41592598,-4.486234665,1,-1.288048148,1,-9.122047424,1,-0.18008031,1,-0.183347017,1,0.224015012,1,0.313130081,0,-0.492891431,0,0.776165545,0
14.41992474,-4.287011147,1,-1.066369057,1,-9.073785782,1,-0.153469443,1,-0.201849848,1,0.199977458,1,0.31216234,0,-0.493885219,0,0.776815712,0
14.42392635,-4.719343185,1,-0.971907735,1,-8.948675156,1,-0.120395191,1,-0.220873803,1,0.170170739,1,0.311379969,0,-0.494933277,0,0.777316689,0
14.42792416,-4.713634014,1,-1.042680144,1,-8.894030571,1,-0.090578988,1,-0.23404707,1,0.14004086,1,0.310793042,0,-0.495982021,0,0.777666688,0
14.43192387,-4.723270416,1,-1.235390782,1,-8.777675629,1,-0.055548538,1,-0.244514406,1,0.114584751,1,0.310397267,0,-0.497050196,0,0.777891099,0
14.43593216,-4.514137745,1,-1.418910146,1,-8.69847393,1,-0.026296845,1,-0.245062321,1,0.099094935,1,0.310183644,0,-0.498117954,0,0.778004706,0
14.43993568,-4.679145813,1,-1.326109886,1,-8.693020821,1,-0.002392092,1,-0.259372711,1,0.086545035,1,0.310111284,0,-0.499197274,0,0.778055549,0
14.44393539,-4.649906635,1,-1.158401847,1,-8.66674614,1,0.024107328,1,-0.261786997,1,0.079969577,1,0.083550282,0,-0.629621685,0,0.872010946,0
14.44793797,-4.698635101,1,-0.970050037,1,-8.709671974,1,0.06222821,1,-0.26586464,1,0.068228319,1,0.085531622,0,-0.63144207,0,0.85539484,0
14.45193481,-4.673100471,1,-0.973160386,1,-8.635268211,1,0.088951401,1,-0.275111169,1,0.047897134,1,0.085733399,0,-0.632544756,0,0.855573535,0
14.45593453,-4.696630478,1,-1.254223228,1,-8.61196804,1,0.117066219,1,-0.278392375,1,0.035554316,1,0.086093873,0,-0.633669376,0,0.855675697,0
14.4599371,-4.790999413,1,-1.620341182,1,-8.529129982,1,0.140642509,1,-0.282595754,1,0.020349734,1,0.086602077,0,-0.634804726,0,0.855695069,0
14.4639349,-4.806738853,1,-1.991960406,1,-8.470187187,1,0.149840534,1,-0.287373364,1,0.014204212,1,0.087208264,0,-0.635946751,0,0.855659306,0
14.46793461,-4.801230907,1,-2.245758295,1,-8.334025383,1,0.153419897,1,-0.286430568,1,0.014046881,1,0.087842397,0,-0.637105882,0,0.855600595,0
14.47193623,-4.720356464,1,-2.644904375,1,-8.136822701,1,0.149228975,1,-0.281505466,1,0.027974062,1,0.088460095,0,-0.638245523,0,0.855589449,0
14.47593403,-4.700920582,1,-2.972193718,1,-8.063058853,1,0.138316631,1,-0.272026926,1,0.049517512,1,0.089010008,0,-0.639361441,0,0.855661333,0
14.47993374,-4.728892326,1,-3.449798346,1,-7.883900166,1,0.1124755,1,-0.265561551,1,0.080655612,1,0.089400478,0,-0.640467405,0,0.855850458,0
14.48393536,-4.716042995,1,-3.966195345,1,-7.77060318,1,0.075925075,1,-0.253881067,1,0.113899343,1,0.089568451,0,-0.641541302,0,0.856212318,0
14.48793316,-4.632870674,1,-4.459854603,1,-7.627421379,1,0.01784024,1,-0.228670537,1,0.153287038,1,0.089436084,0,-0.642557204,0,0.856770158,0
14.49193287,-4.620361805,1,-4.593552589,1,-7.563564301,1,-0.022239273,1,-0.209283248,1,0.194958255,1,0.088964961,0,-0.643488348,0,0.857545495,0
14.49593449,-4.632214546,1,-4.388275623,1,-7.574491024,1,-0.071924284,1,-0.19233574,1,0.231808901,1,0.088201135,0,-0.644364476,0,0.858510256,0
14.49993229,-4.74327898,1,-3.951633692,1,-7.721189022,1,-0.107605502,1,-0.172389865,1,0.25824219,1,0.087147027,0,-0.645181477,0,0.859658897,0
14.503932,-4.717298985,1,-3.422693253,1,-7.846358776,1,-0.136544988,1,-0.16100885,1,0.286033154,1,0.085891441,0,-0.645940185,0,0.860931516,0
14.50793362,-4.667970181,1,-3.166709185,1,-8.079555511,1,-0.151417762,1,-0.156355962,1,0.301006436,1,0.084481604,0,-0.646662474,0,0.862314701,0
14.51193142,-4.65523243,1,-2.638097048,1,-8.128432274,1,-0.169966713,1,-0.152160168,1,0.312548041,1,0.0829271,0,-0.647376359,0,0.863796115,0
14.51593113,-4.433200359,1,-2.505372286,1,-8.271538734,1,-0.185129821,1,-0.15201658,1,0.321654081,1,0.081312306,0,-0.648081183,0,0.865314484,0
14.51993179,-4.358962536,1,-2.013453722,1,-8.401472092,1,-0.17435959,1,-0.155478954,1,0.316788286,1,0.079653993,0,-0.648795307,0,0.866853535,0
14.5239296,-4.235507965,1,-1.772629857,1,-8.51014328,1,-0.168520048,1,-0.157168031,1,0.318238676,1,0.078049399,0,-0.649519026,0,0.868375659,0
14.52792931,-4.24871397,1,-1.590167999,1,-8.665719032,1,-0.149486855,1,-0.174143985,1,0.302902013,1,0.07652235,0,-0.650274575,0,0.869857907,0
14.53193092,-4.203125477,1,-1.681549788,1,-8.683894157,1,-0.139300421,1,-0.18946974,1,0.301140457,1,0.075077742,0,-0.651080489,0,0.871300161,0
14.53592873,-4.231171608,1,-1.636495471,1,-8.658480644,1,-0.125941306,1,-0.203825176,1,0.300572842,1,0.073668413,0,-0.651953995,0,0.872742057,0
14.53992844,-4.478592396,1,-1.815618515,1,-8.622246742,1,-0.111178249,1,-0.215012744,1,0.299701452,1,0.072330251,0,-0.652873576,0,0.874173701,0
14.54393005,-4.563529015,1,-1.909978151,1,-8.444210052,1,-0.102531433,1,-0.221149907,1,0.291925043,1,0.071039639,0,-0.653827131,0,0.875585318,0
14.54792786,-4.696771622,1,-2.06184411,1,-8.393961906,1,-0.092636578,1,-0.220434189,1,0.296068847,1,0.069793984,0,-0.654793978,0,0.876981616,0
14.55192661,-4.669308186,1,-2.172485828,1,-8.286301613,1,-0.09021116,1,-0.220889553,1,0.29123953,1,0.068579257,0,-0.655756533,0,0.878375888,0
14.55593491,-4.558916092,1,-2.375422001,1,-8.271979332,1,-0.106421657,1,-0.226534307,1,0.289897233,1,0.067359194,0,-0.656731009,0,0.87975806,0
14.55993843,-4.716895103,1,-2.194617748,1,-8.179005623,1,-0.106076688,1,-0.228901342,1,0.292676091,1,0.066073418,0,-0.657723308,0,0.881156087,0
14.56393814,-4.744163513,1,-2.218116999,1,-8.117120743,1,-0.110284127,1,-0.223385587,1,0.30441165,1,0.064778917,0,-0.658706784,0,0.882578433,0
14.56793976,-4.774456024,1,-2.22431612,1,-8.119387627,1,-0.115263768,1,-0.216709256,1,0.30896765,1,0.063422874,0,-0.659668982,0,0.884053469,0
14.57193756,-4.781256676,1,-1.817978978,1,-8.273251534,1,-0.106334396,1,-0.221248552,1,0.306792736,1,0.062062822,0,-0.660614729,0,0.885536194,0
14.57593727,-4.931075573,1,-1.829908848,1,-8.269569397,1,-0.107207872,1,-0.221325099,1,0.316725463,1,0.06071049,0,-0.661578417,0,0.88704592,0
14.57993889,-4.776067257,1,-2.143301725,1,-8.159622192,1,-0.117280148,1,-0.222565666,1,0.325728625,1,0.059313331,0,-0.662536681,0,0.88860631,0
14.58393669,-4.647081375,1,-2.328231812,1,-8.291264534,1,-0.145810902,1,-0.23236531,1,0.325442523,1,0.057824984,0,-0.663515031,0,0.890180469,0
14.5879364,-4.837763786,1,-1.921370506,1,-8.22569561,1,-0.150103867,1,-0.243640304,1,0.328848124,1,0.056245111,0,-0.664539695,0,0.89177227,0
14.59193707,-4.721749306,1,-2.09292841,1,-8.306723595,1,-0.141457975,1,-0.243074819,1,0.338886261,1,0.054668207,0,-0.665581524,0,0.89339143,0
14.59593487,-4.801043034,1,-2.24797821,1,-8.429636002,1,-0.163039476,1,-0.251615912,1,0.353450239,1,0.053014584,0,-0.666640997,0,0.895076632,0
14.59993458,-5.075140476,1,-1.842383504,1,-8.23742485,1,-0.160879016,1,-0.258561343,1,0.354516476,1,0.051288139,0,-0.667746603,0,0.896809161,0
14.60393715,-4.979579926,1,-1.687618732,1,-8.308718681,1,-0.152376503,1,-0.270232379,1,0.360760123,1,0.049585391,0,-0.668875694,0,0.898558199,0
14.607934,-4.833196163,1,-1.634223342,1,-8.430969238,1,-0.14493303,1,-0.276698589,1,0.363156974,1,0.047884528,0,-0.670031846,0,0.900340617,0
14.61193276,-4.651678085,1,-1.673910022,1,-8.488433838,1,-0.144686341,1,-0.302041918,1,0.365500182,1,0.046204168,0,-0.671255529,0,0.902120411,0
14.61593533,-4.763292789,1,-1.798707604,1,-8.522465706,1,-0.137386963,1,-0.314980686,1,0.363723904,1,0.044526197,0,-0.672552049,0,0.903904796,0
14.61993313,-4.789407253,1,-1.977531195,1,-8.58357811,1,-0.129499987,1,-0.343187571,1,0.373082101,1,0.042875312,0,-0.673924804,0,0.905700803,0
14.62393284,-4.872002125,1,-2.175977707,1,-8.575139999,1,-0.138843536,1,-0.361098588,1,0.382586509,1,0.041179918,0,-0.675394356,0,0.90756309,0
14.62793446,-4.799211025,1,-1.8765136,1,-8.608529091,1,-0.137516961,1,-0.387011915,1,0.391250819,1,0.039425891,0,-0.676957488,0,0.909468174,0
14.63193226,-4.819826603,1,-1.582008481,1,-8.614458084,1,-0.123742104,1,-0.409877837,1,0.402066886,1,0.037678629,0,-0.678621531,0,0.91142118,0
14.63593197,-4.834252834,1,-1.625291705,1,-8.622943878,1,-0.111453041,1,-0.430320948,1,0.407949567,1,0.035950828,0,-0.680362761,0,0.913427711,0
14.63993359,-4.808487892,1,-1.66550386,1,-8.621394157,1,-0.10036277,1,-0.453875929,1,0.416799456,1,0.034240015,0,-0.682188869,0,0.915481627,0
14.64393139,-4.974514961,1,-1.624198914,1,-8.634755135,1,-0.086793207,1,-0.47335276,1,0.429347605,1,0.03252985,0,-0.684102416,0,0.91758734,0
14.6479311,-4.895203114,1,-1.751097202,1,-8.800984383,1,-0.073656574,1,-0.500685811,1,0.441104382,1,0.030845841,0,-0.686094224,0,0.919740438,0
14.65193272,-4.825550079,1,-1.903017282,1,-8.923213959,1,-0.079617739,1,-0.52702111,1,0.446322709,1,0.029122313,0,-0.688203275,0,0.921966136,0
14.65593052,-4.741373062,1,-2.052232504,1,-8.980817795,1,-0.078246281,1,-0.557463109,1,0.468749374,1,0.027340161,0,-0.69042933,0,0.924265862,0
14.65993023,-4.773454666,1,-2.231283665,1,-9.151097298,1,-0.079699829,1,-0.60859859,1,0.489970922,1,0.025491901,0,-0.692806184,0,0.926660955,0
14.66393185,-4.75381422,1,-2.339200497,1,-9.291093826,1,-0.088559411,1,-0.650102913,1,0.515272379,1,0.023547797,0,-0.695367992,0,0.929182053,0
14.66792965,-4.531789303,1,-2.672867537,1,-9.384205818,1,-0.106718644,1,-0.708120525,1,0.547117054,1,0.021448437,0,-0.698132515,0,0.931855738,0
14.67192936,-4.500487328,1,-2.64353776,1,-9.590714455,1,-0.1249533,1,-0.774162292,1,0.570120633,1,0.019147618,0,-0.701143146,0,0.934690058,0
14.67593002,-4.630242348,1,-2.76756978,1,-9.570457458,1,-0.155958757,1,-0.847644567,1,0.610632539,1,0.016641637,0,-0.704427302,0,0.937697768,0
14.67993355,-4.487010479,1,-2.802899599,1,-9.51209259,1,-0.183391005,1,-0.92507261,1,0.638575554,1,0.013878476,0,-0.708011389,0,0.940905571,0
14.68393326,-4.641923904,1,-2.544318676,1,-9.585308075,1,-0.208501443,1,-1.004165649,1,0.662877083,1,0.01090846,0,-0.711911738,0,0.944262207,0
14.68793583,-4.726363659,1,-2.370339394,1,-9.795248985,1,-0.237406954,1,-1.079831481,1,0.681068897,1,0.007723847,0,-0.716106296,0,0.947768092,0
14.69193363,-4.69348526,1,-2.231501102,1,-9.887626648,1,-0.280812234,1,-1.169924855,1,0.695774555,1,0.004309654,0,-0.720626891,0,0.951387346,0
14.69593334,-4.906408787,1,-2.371670246,1,-10.23572254,1,-0.329195023,1,-1.253704667,1,0.700811148,1,0.003178644,0,-0.726102769,0,0.938156962,0
14.69993496,-4.251083851,1,-2.353926659,1,-10.20332909,1,-0.388392597,1,-1.347994924,1,0.711504042,1,-0.000758881,0,-0.731293678,0,0.941923022,0
14.70393276,-4.256219864,1,-2.249810934,1,-10.44498158,1,-0.429246545,1,-1.458449125,1,0.72165668,1,-0.005002124,0,-0.736898184,0,0.945800602,0
14.70793247,-4.290502548,1,-2.288820982,1,-10.61473846,1,-0.46219036,1,-1.569965124,1,0.762392104,1,-0.009533901,0,-0.742934406,0,0.949882329,0
14.71193314,-4.127487183,1,-2.810765982,1,-10.72556782,1,-0.491953939,1,-1.683717012,1,0.793764114,1,-0.014376216,0,-0.749398947,0,0.954211771,0
14.71593094,-3.909292936,1,-3.350340366,1,-11.11293411,1,-0.542390823,1,-1.821822405,1,0.84617269,1,-0.019638712,0,-0.756352425,0,0.958887219,0
14.71993065,-4.140318871,1,-3.546830654,1,-11.20900059,1,-0.619803488,1,-1.966902614,1,0.919170499,1,-0.025458848,0,-0.763837576,0,0.963962853,0
14.72393227,-4.228993893,1,-4.131178379,1,-11.88946819,1,-0.707817852,1,-2.121809721,1,0.987888575,1,-0.032057092,0,-0.77191329,0,0.969617367,0
14.72793007,-3.645287514,1,-3.443154097,1,-12.1506834,1,-0.761332095,1,-2.304311991,1,1.063739419,1,-0.039338361,0,-0.780601501,0,0.975795984,0
14.73192978,-3.36991787,1,-3.206971169,1,-12.56260204,1,-0.780047834,1,-2.523341179,1,1.157189846,1,-0.047295462,0,-0.790055633,0,0.982676387,0
14.7359314,-3.768343925,1,-3.380279064,1,-13.2034893,1,-0.786864877,1,-2.738375425,1,1.233500004,1,-0.055848006,0,-0.800329685,0,0.990262866,0
14.7399292,-3.230257988,1,-4.090728283,1,-13.26522732,1,-0.838290036,1,-2.979762793,1,1.348156333,1,-0.065174483,0,-0.811419666,0,0.998708427,0
14.74392891,-3.071764231,1,-4.509999275,1,-13.7580328,1,-0.889262497,1,-3.260996342,1,1.443115711,1,-0.075479038,0,-0.823481262,0,1.008115053,0
14.74793053,-2.960288286,1,-4.738383293,1,-14.02035236,1,-0.956519961,1,-3.572950602,1,1.572481751,1,-0.086954869,0,-0.836601198,0,1.018645525,0
14.75192833,-3.079540014,1,-5.668417931,1,-14.73997402,1,-1.03843534,1,-3.901690245,1,1.704770446,1,-0.099869378,0,-0.850881457,0,1.030596375,0
14.75592804,-2.689478159,1,-6.283845901,1,-15.08042431,1,-1.107006431,1,-4.245500565,1,1.875660419,1,-0.114417113,0,-0.866317511,0,1.044147491,0
14.75992966,-2.559695721,1,-6.586982727,1,-15.66450405,1,-1.173547268,1,-4.629775524,1,2.069485903,1,-0.130984202,0,-0.88294512,0,1.05976367,0
14.76392746,-1.873958468,1,-7.537623405,1,-15.74427223,1,-1.198049426,1,-5.077754498,1,2.290554523,1,-0.149758533,0,-0.900951505,0,1.077815056,0
14.76792717,-1.446155906,1,-9.310191154,1,-16.07622528,1,-1.321164489,1,-5.526324749,1,2.520729065,1,-0.171386555,0,-0.920320272,0,1.098831534,0
14.77192879,-2.556226015,1,-10.08947849,1,-16.773283,1,-1.459220886,1,-6.018250465,1,2.744927883,1,-0.196539879,0,-0.941112876,0,1.123254776,0
14.77592659,-4.628727913,1,-10.79565907,1,-16.09023857,1,-1.582984686,1,-6.349257946,1,3.013956308,1,-0.225672469,0,-0.962906361,0,1.15156877,0
14.7799263,-6.103442669,1,-12.69765282,1,-16.07743073,1,-1.747613549,1,-6.59370327,1,3.287243605,1,-0.259527057,0,-0.98505342,0,1.184433222,0
14.78392792,-7.113918304,1,-12.93249607,1,-15.72697353,1,-1.995459437,1,-6.744090557,1,3.591910601,1,-0.298767328,0,-1.006929278,0,1.222302914,0
14.78792572,-6.09231329,1,-11.30721092,1,-13.37605095,1,-2.192690134,1,-6.708771706,1,3.810335398,1,-0.343826026,0,-1.027778387,0,1.265203834,0
14.79192448,-4.942849636,1,-8.942547798,1,-16.36745834,1,-2.262582779,1,-7.094203949,1,4.223778248,1,-0.395038158,0,-1.047806978,0,1.314452291,0
14.79592609,-12.97199345,1,-8.190361977,1,-18.97776794,1,-2.289221525,1,-7.089803696,1,4.389383316,1,-0.452741921,0,-1.066594005,0,1.370216608,0
14.79993057,-18.29550552,1,-9.093998909,1,-19.51097107,1,-2.364080191,1,-6.90930748,1,4.480156898,1,-0.515276253,0,-1.083162069,0,1.430724144,0
14.80393028,-20.24976349,1,-10.45720768,1,-18.5838089,1,-2.512629747,1,-6.651607513,1,4.592635632,1,-0.581670523,0,-1.096861243,0,1.494637847,0
14.8079319,-18.59182358,1,-8.973085403,1,-17.82570839,1,-2.671446562,1,-6.396266937,1,4.757454872,1,-0.652108192,0,-1.10732162,0,1.561912179,0
14.8119297,-20.37873077,1,-8.34458065,1,-17.33172989,1,-2.727062225,1,-6.309565067,1,4.791974545,1,-0.725304365,0,-1.114761829,0,1.631530404,0
14.81592941,-22.56611824,1,-9.112330437,1,-16.71672249,1,-2.778954506,1,-6.298590183,1,4.873394489,1,-0.800709128,0,-1.119671702,0,1.703164577,0
14.81993008,-21.86288261,1,-8.871338844,1,-16.36128807,1,-2.966137648,1,-6.212080002,1,4.987801075,1,-0.878029406,0,-1.121669292,0,1.776294827,0
14.82392788,-22.87944031,1,-8.206617355,1,-16.49587059,1,-3.078830719,1,-6.080884457,1,4.952724934,1,-0.955684602,0,-1.120836258,0,1.84906888,0
14.82792759,-21.41345215,1,-9.867222786,1,-12.83632088,1,-3.267935991,1,-5.926474094,1,5.005262852,1,-1.032191992,0,-1.117266297,0,1.920076132,0
14.83192921,-17.98460388,1,-11.20603943,1,-11.63277626,1,-3.80903697,1,-5.682260036,1,5.066291809,1,-1.107521176,0,-1.110746622,0,1.988287568,0
14.83592701,-15.47284603,1,-9.700414658,1,-10.42067909,1,-4.323707581,1,-5.271412849,1,4.935788631,1,-1.180304289,0,-1.101589084,0,2.051463604,0
14.83992672,-13.22823429,1,-6.131462574,1,-10.27248955,1,-4.623517513,1,-4.638073921,1,4.71028614,1,-1.247478724,0,-1.090447664,0,2.106808901,0
14.84392834,-16.94340515,1,-3.324307442,1,-13.43768406,1,-4.634684563,1,-4.173771858,1,4.427520752,1,-1.308016062,0,-1.078002453,0,2.1542418,0
14.84792614,-21.41443062,1,-2.32966876,1,-16.41740227,1,-4.317543983,1,-3.567673922,1,3.849093199,1,-1.36077714,0,-1.065426946,0,2.193868876,0
14.85192585,-16.99715614,1,2.953119516,1,-15.78193855,1,-3.673388243,1,-3.063690662,1,3.183298826,1,-1.404686809,0,-1.054184675,0,2.225773811,0
14.85592747,-21.28601837,1,14.23808289,1,-14.81756115,1,-2.389199734,1,-2.923126459,1,2.891342163,1,-1.440573931,0,-1.043927789,0,2.252966881,0
14.85992527,-26.07479286,1,9.572099686,1,-18.90762138,1,-1.194650173,1,-2.139774799,1,2.526371479,1,-1.467164278,0,-1.034387112,0,2.275714874,0
14.86392498,-12.11883259,1,0.594198227,1,-17.30593109,1,-0.460413694,1,-1.331767082,1,2.167611599,1,-1.48318994,0,-1.025655985,0,2.290624857,0
14.8679266,-5.622240067,1,-4.320151329,1,-13.4408865,1,0.171125978,1,-0.969945848,1,1.76038146,1,-1.492132187,0,-1.018220782,0,2.3004632,0
14.8719244,-7.185935974,1,-6.766105652,1,-11.98166847,1,0.550585687,1,-0.790088594,1,1.527373195,1,-1.497031689,0,-1.011977553,0,2.308039665,0
14.87592411,-7.526723385,1,-8.208899498,1,-11.61551094,1,0.532597482,1,-0.53768909,1,1.48304832,1,-1.499722958,0,-1.006191254,0,2.313879728,0
14.87992477,-5.111400604,1,-10.20129871,1,-10.59340477,1,0.30180642,1,-0.24995622,1,1.435908198,1,-1.501129031,0,-1.00047195,0,2.317542076,0
14.88392258,-2.237838507,1,-10.52825356,1,-9.016046524,1,0.068097427,1,-0.015456783,1,1.334671497,1,-1.501780152,0,-0.994963765,0,2.319170237,0
14.88792229,-1.19136548,1,-9.722297668,1,-8.088760376,1,-0.094076112,1,0.181554124,1,1.203720808,1,-1.501891971,0,-0.989881575,0,2.319226265,0
14.89192486,-0.401107371,1,-8.130273819,1,-7.646822453,1,-0.207663894,1,0.386236429,1,1.08970356,1,-1.50126493,0,-0.985235572,0,2.31773138,0
14.89592362,0.514671504,1,-6.47925663,1,-7.321167469,1,-0.237442374,1,0.579547405,1,0.962287545,1,-1.499704719,0,-0.981001675,0,2.314757824,0
14.89992333,1.994035125,1,-5.005160332,1,-7.270794868,1,-0.155901805,1,0.721891403,1,0.809460819,1,-1.497002244,0,-0.977272034,0,2.310519695,0
14.90392399,2.736752033,1,-3.897510529,1,-7.224822044,1,0.020143939,1,0.839488447,1,0.629158616,1,-1.493015289,0,-0.974154174,0,2.305356503,0
14.90792179,3.67364049,1,-3.31073451,1,-6.850729942,1,0.262577564,1,0.962846994,1,0.459918886,1,-1.487418771,0,-0.971683085,0,2.299260139,0
14.9119215,4.531797409,1,-3.532039165,1,-6.429597855,1,0.525423229,1,1.083887219,1,0.302958429,1,-1.480056763,0,-0.969807327,0,2.292262554,0
14.91592312,4.983104706,1,-4.124755383,1,-6.200714111,1,0.738761365,1,1.196179748,1,0.150035173,1,-1.471032739,0,-0.968460083,0,2.28439641,0
14.91992664,5.56126976,1,-4.730257511,1,-5.985028267,1,0.909836948,1,1.318019748,1,0.002130666,1,-1.460507393,0,-0.967630088,0,2.275640011,0
14.92392635,6.044683456,1,-5.247366428,1,-5.809229374,1,1.039227724,1,1.4208318,1,-0.147551179,1,-1.448639989,0,-0.967285752,0,2.265987635,0
14.92792797,6.400363922,1,-5.671032429,1,-5.58981514,1,1.112720013,1,1.519589305,1,-0.289236367,1,-1.435700178,0,-0.96739471,0,2.25551343,0
14.93192577,6.540895939,1,-5.947454453,1,-5.489926815,1,1.1483289,1,1.612784624,1,-0.432075769,1,-1.421871305,0,-0.96793896,0,2.244221687,0
14.93592453,6.550560951,1,-5.945251465,1,-5.39577961,1,1.16332531,1,1.706912875,1,-0.567864358,1,-1.407260537,0,-0.968880296,0,2.232105255,0
14.93992615,6.322150707,1,-5.723402977,1,-5.445038319,1,1.171726823,1,1.799016953,1,-0.700585961,1,-1.391887188,0,-0.970185876,0,2.219141483,0
14.94392395,6.288841724,1,-5.3306036,1,-5.424048901,1,1.195828676,1,1.890429497,1,-0.834322631,1,-0.796206474,0,-1.052677274,0,1.919681191,0
14.94792366,6.1677742,1,-4.844856739,1,-5.523718834,1,1.226260304,1,1.972165585,1,-0.96451968,1,-0.776167393,0,-1.048086405,0,1.884815574,0
14.95192623,6.074486256,1,-4.260062218,1,-5.701774597,1,1.288876772,1,2.050634384,1,-1.094973922,1,-0.756351411,0,-1.045134068,0,1.86773181,0
14.95592308,5.821592331,1,-3.674563408,1,-5.914840221,1,1.370599389,1,2.130721807,1,-1.21381247,1,-0.735455155,0,-1.04212606,0,1.849701643,0
14.95992279,5.636837006,1,-3.260490894,1,-6.085041523,1,1.463112593,1,2.208201885,1,-1.335203648,1,-0.713474751,0,-1.039003372,0,1.830795407,0
14.96392536,5.378801346,1,-2.887777805,1,-6.343617916,1,1.574381471,1,2.287450314,1,-1.437817574,1,-0.690395474,0,-1.035723329,0,1.811054707,0
14.96792316,5.038255692,1,-2.591922045,1,-6.572170734,1,1.689723849,1,2.362844229,1,-1.535942316,1,-0.666280925,0,-1.032211185,0,1.790594578,0
14.97192287,4.42116785,1,-2.425053358,1,-6.919383049,1,1.808967829,1,2.452005148,1,-1.62778604,1,-0.64114821,0,-1.028413773,0,1.769446611,0
14.97592449,3.597157001,1,-2.079219103,1,-8.917434692,1,1.879220366,1,2.631540298,1,-1.812198043,1,-0.614860773,0,-1.024237752,0,1.747349739,0
14.9799223,4.309167385,1,-1.186187267,1,-6.716485977,1,2.074490547,1,2.642600298,1,-1.822022557,1,-0.587080121,0,-1.019646049,0,1.724164128,0
14.98392201,3.116918325,1,-1.818387508,1,-7.45287466,1,2.150444269,1,2.698696136,1,-1.855373859,1,-0.559310794,0,-1.014677882,0,1.701445818,0
14.98792362,1.519318342,1,-2.57239604,1,-8.217735291,1,2.215122461,1,2.876163483,1,-1.919901848,1,-0.531011522,0,-1.009045839,0,1.678385139,0
14.99192143,1.470059514,1,-2.57466507,1,-8.359316826,1,2.259960413,1,3.014351606,1,-2.010329247,1,-0.50211823,0,-1.002670527,0,1.654747605,0
14.99592114,1.082330346,1,-2.254920483,1,-8.474674225,1,2.301917076,1,3.131508112,1,-2.086032867,1,-0.472796887,0,-0.995648801,0,1.630723476,0
14.99992275,0.782339811,1,-1.853863001,1,-8.675140381,1,2.341800213,1,3.251399517,1,-2.149767399,1,-0.443227828,0,-0.987941504,0,1.60650754,0
15.00392056,0.292532802,1,-1.852174878,1,-8.889046669,1,2.362961054,1,3.37059164,1,-2.183570147,1,-0.413709611,0,-0.979500771,0,1.582352281,0
15.00792027,0.068713352,1,-1.715211511,1,-9.17582798,1,2.386679173,1,3.486996889,1,-2.225968838,1,-0.384368241,0,-0.97028327,0,1.558372617,0
15.01192093,-0.286290646,1,-1.453490376,1,-9.365493774,1,2.428313971,1,3.609982252,1,-2.280339956,1,-0.355191886,0,-0.960310161,0,1.53459084,0
15.01591873,-0.768496037,1,-1.07515049,1,-9.646882057,1,2.482716322,1,3.715049505,1,-2.325195313,1,-0.326191366,0,-0.949579656,0,1.511094689,0
15.01991844,-1.057128191,1,-0.674963534,1,-9.963734627,1,2.541465044,1,3.840974569,1,-2.391480923,1,-0.297357678,0,-0.938093781,0,1.487887502,0
15.02392006,-1.104853034,1,-0.323548943,1,-9.820407867,1,2.613991499,1,3.913860321,1,-2.418476105,1,-0.268752724,0,-0.925880551,0,1.465108871,0
15.02791786,-1.627694607,1,-0.387276769,1,-10.07377243,1,2.677831888,1,4.003090858,1,-2.456535339,1,-0.240568787,0,-0.913019717,0,1.44297576,0
15.03191757,-1.935827613,1,-0.493371427,1,-10.29161167,1,2.730242491,1,4.102242947,1,-2.500815153,1,-0.21277006,0,-0.899447262,0,1.421404839,0
15.03591919,-2.143498659,1,-0.519798815,1,-10.41599083,1,2.775803566,1,4.194991112,1,-2.546966791,1,-0.185406789,0,-0.885166466,0,1.40040946,0
15.03992176,-2.265210867,1,-0.428070426,1,-10.53835964,1,2.818276644,1,4.273427486,1,-2.583962917,1,-0.15854843,0,-0.870235801,0,1.380035639,0
15.04392147,-2.406864405,1,-0.332491696,1,-10.61287785,1,2.847448587,1,4.346806526,1,-2.609355927,1,-0.1323044,0,-0.85467869,0,1.360404015,0
15.04792404,-2.502126694,1,-0.258566976,1,-10.74482632,1,2.871394634,1,4.409244061,1,-2.627307653,1,-0.106764466,0,-0.838545978,0,1.341569543,0
15.05192184,-2.654679298,1,-0.116902493,1,-10.85988426,1,2.897701025,1,4.466450214,1,-2.63615346,1,-0.081949301,0,-0.82186234,0,1.323571444,0
15.05592156,-2.830724239,1,0.114320904,1,-10.99129486,1,2.932529211,1,4.514678001,1,-2.631414413,1,-0.057836022,0,-0.804678977,0,1.306437254,0
15.05992317,-3.038529873,1,0.404667407,1,-11.15661812,1,2.980978489,1,4.557466507,1,-2.618308067,1,-0.034447432,0,-0.787036419,0,1.290247679,0
15.06392098,-3.275887728,1,0.558019817,1,-11.34085369,1,3.035423756,1,4.595486641,1,-2.593368292,1,-0.011732277,0,-0.768968225,0,1.275020003,0
15.06792069,-3.654614687,1,0.627063394,1,-11.45422935,1,3.091700077,1,4.637987614,1,-2.563952446,1,0.010335489,0,-0.750504255,0,1.260769367,0
15.0719223,-3.972375154,1,0.590555072,1,-11.6301384,1,3.145561934,1,4.682785034,1,-2.536213398,1,0.031782515,0,-0.731650114,0,1.247474194,0
15.07592106,-4.167456627,1,0.400283515,1,-11.86055374,1,3.194914818,1,4.716127396,1,-2.50560379,1,0.052642945,0,-0.712443471,0,1.235106111,0
15.07992077,-4.36673975,1,0.174786627,1,-11.94727421,1,3.215372324,1,4.740245342,1,-2.479156733,1,0.072890282,0,-0.692938805,0,1.223623514,0
15.08392143,-4.580807686,1,-0.067612611,1,-12.16671467,1,3.229681253,1,4.762888908,1,-2.458909512,1,0.092529111,0,-0.673177242,0,1.21295166,0
15.08791924,-4.898448944,1,-0.237904787,1,-12.41014481,1,3.232309818,1,4.777634144,1,-2.44153595,1,0.111553542,0,-0.653197765,0,1.203047514,0
15.09191895,-5.335423946,1,-0.387073457,1,-12.67606926,1,3.214541674,1,4.800682545,1,-2.444114208,1,0.129982486,0,-0.633002758,0,1.193810105,0
15.09592056,-5.723461151,1,-0.542667806,1,-12.91297245,1,3.20429945,1,4.819406509,1,-2.464263916,1,0.147894114,0,-0.612588048,0,1.185116649,0
15.09991837,-6.113218784,1,-0.660110354,1,-13.17525768,1,3.18492651,1,4.835056782,1,-2.497177124,1,0.165336832,0,-0.591972053,0,1.176879048,0
15.10391808,-6.497422218,1,-0.809984744,1,-13.44929981,1,3.173021555,1,4.851261139,1,-2.552104473,1,0.182377443,0,-0.571141839,0,1.169003963,0
15.10791969,-6.759289265,1,-0.919917643,1,-13.81604767,1,3.165694237,1,4.862747192,1,-2.610380411,1,0.199101985,0,-0.550106406,0,1.161390662,0
15.1119175,-7.097967148,1,-0.858565211,1,-14.22513008,1,3.171195269,1,4.866724968,1,-2.684919119,1,0.215587124,0,-0.528881073,0,1.153984666,0
15.11591721,-7.450703144,1,-0.914043307,1,-14.73032475,1,3.191530228,1,4.86541605,1,-2.769382,1,0.231920838,0,-0.507475197,0,1.146702647,0
15.11991882,-7.883178711,1,-0.94145149,1,-15.29701328,1,3.223625183,1,4.863884449,1,-2.860988379,1,0.248180777,0,-0.485884666,0,1.139522076,0
15.12391663,-8.431947708,1,-0.963367462,1,-15.80993748,1,3.26461935,1,4.86376667,1,-2.957876921,1,0.264402062,0,-0.464111924,0,1.132406116,0
15.12791634,-8.995679855,1,-1.04387641,1,-16.40795326,1,3.309531212,1,4.868949413,1,-3.049096823,1,0.28063345,0,-0.442143738,0,1.125356913,0
15.13191795,-9.786785126,1,-1.210641503,1,-16.94152832,1,3.366249323,1,4.874557495,1,-3.14102602,1,0.296892107,0,-0.419955939,0,1.118408799,0
15.13591576,-10.80810165,1,-1.482230425,1,-17.40906143,1,3.419896364,1,4.879680157,1,-3.233150721,1,0.313190848,0,-0.397520036,0,1.111546278,0
15.13991451,-11.89081478,1,-1.817297101,1,-17.94221306,1,3.443622351,1,4.881653786,1,-3.333606482,1,0.329479516,0,-0.374852836,0,1.104756594,0
15.14391613,-13.15957737,1,-2.162978888,1,-18.40372086,1,3.44234848,1,4.87393856,1,-3.447908401,1,0.345672786,0,-0.351951361,0,1.097988725,0
15.14791393,-14.58787537,1,-2.498408079,1,-18.78209114,1,3.418299198,1,4.867660522,1,-3.573685646,1,0.361670077,0,-0.328800917,0,1.09117341,0
15.15191364,-16.11534309,1,-2.505899191,1,-18.98385239,1,3.371422052,1,4.850411415,1,-3.707278252,1,0.377402753,0,-0.305407554,0,1.084278822,0
15.15591621,-17.69709969,1,-2.095513344,1,-18.93725395,1,3.308697939,1,4.819376469,1,-3.845465899,1,0.39279297,0,-0.281806827,0,1.077236533,0
15.15991974,-19.04952621,1,-0.757467151,1,-19.14092636,1,3.244784355,1,4.76262331,1,-3.9824965,1,0.407821476,0,-0.258041203,0,1.070034385,0
15.16391945,-20.48866463,1,1.589401603,1,-19.23689461,1,3.234629869,1,4.677387714,1,-4.088943958,1,0.422552109,0,-0.234234378,0,1.062657833,0
15.16792107,-22.0265007,1,3.844339132,1,-18.73286438,1,3.309420109,1,4.599397659,1,-4.128396034,1,0.437248617,0,-0.210526049,0,1.055261135,0
15.17191887,-24.26788712,1,5.222764015,1,-17.51397324,1,3.465268135,1,4.56114006,1,-4.105825424,1,0.452197462,0,-0.186896458,0,1.048115611,0
15.17591858,-26.83013344,1,5.21808815,1,-15.76640415,1,3.617012739,1,4.540319443,1,-4.008366585,1,0.46752587,0,-0.163376451,0,1.041533828,0
15.1799202,-29.2089119,1,3.859325171,1,-13.54817009,1,3.63982749,1,4.528966904,1,-3.815508127,1,0.482917756,0,-0.140076011,0,1.035831571,0
15.183918,-30.87978363,1,2.990790844,1,-10.99309731,1,3.543842077,1,4.480211258,1,-3.544002771,1,0.497887522,0,-0.117230862,0,1.03128159,0
15.18791771,-31.90517998,1,2.969977617,1,-8.21286869,1,3.371174812,1,4.371357441,1,-3.207415819,1,0.512090504,0,-0.095181406,0,1.028002143,0
15.19191837,-32.40723038,1,4.052615643,1,-5.388706684,1,3.185667038,1,4.202031612,1,-2.82652688,1,0.525389075,0,-0.074280053,0,1.026024342,0
15.19591618,-31.91911697,1,6.596457958,1,-2.720147848,1,3.023514271,1,3.930719614,1,-2.42406249,1,0.535354853,0,-0.052650839,0,1.016942978,0
15.19991589,-30.89216995,1,9.73747921,1,-0.345529318,1,2.948574781,1,3.554022074,1,-2.027716875,1,0.547256649,0,-0.03521838,0,1.017048001,0
15.2039175,-29.52373505,1,12.96475887,1,1.696282506,1,2.989109755,1,3.109267712,1,-1.641005635,1,0.559090376,0,-0.02001288,0,1.01782012,0
15.20791531,-27.8374958,1,15.44902706,1,3.003815651,1,3.11164546,1,2.620959044,1,-1.303995013,1,0.571263015,0,-0.007169487,0,1.019016504,0
15.21191502,-26.64412498,1,17.98923874,1,3.683152437,1,3.260879755,1,2.079707146,1,-1.011940718,1,0.584006071,0,0.003222262,0,1.020281434,0
15.21591663,-26.72476006,1,18.59499359,1,4.040706158,1,3.366350651,1,1.570340753,1,-0.796808958,1,0.597285748,0,0.011283398,0,1.021342993,0
15.21991444,-27.74232674,1,18.22262764,1,3.950974226,1,3.392831564,1,1.112906694,1,-0.610279322,1,0.610836327,0,0.01726649,0,1.022079825,0
15.22391415,-29.11118698,1,17.28829765,1,3.721718073,1,3.333322525,1,0.725624561,1,-0.488775432,1,0.624326468,0,0.02151724,0,1.022408485,0
15.22791672,-30.27438545,1,15.91371155,1,3.20091939,1,3.116349459,1,0.410103172,1,-0.42850855,1,0.637259781,0,0.024412135,0,1.022270203,0
15.23191357,-31.24670029,1,14.05401134,1,2.91757226,1,2.737116337,1,0.172455221,1,-0.408843905,1,0.648994446,0,0.026329281,0,1.021614194,0
15.23591232,-31.50301361,1,11.8253088,1,2.678698778,1,2.19994545,1,-0.010401351,1,-0.392214775,1,0.658874154,0,0.027559998,0,1.020530224,0
15.23991489,-31.19990921,1,9.52507019,1,2.72031498,1,1.565139294,1,-0.169527546,1,-0.353209794,1,0.666382551,0,0.028205976,0,1.019113302,0
15.24391174,-30.22517014,1,8.007978439,1,2.400250673,1,0.89378792,1,-0.332727581,1,-0.275865406,1,0.67125684,0,0.028206902,0,1.017508388,0
15.24791241,-29.02867889,1,7.005471706,1,1.829829931,1,0.262828648,1,-0.517769039,1,-0.146923661,1,0.673511624,0,0.02741543,0,1.015784264,0
15.25191402,-5.066653728,1,-21.53146935,1,-2.314289331,1,-2.214218855,1,-1.072413921,1,0.252118438,1,0.670557022,0,0.024925845,0,1.014014125,0
15.25591278,-36.83135986,1,-6.132565975,1,7.064981461,1,-4.326611519,1,-2.687818527,1,1.260725617,1,0.656075418,0,0.017430175,0,1.011660099,0
15.25991249,-17.0694046,1,12.31193447,1,5.216021538,1,-3.783776283,1,-2.171556234,1,1.726803541,1,0.640092075,0,0.005268807,0,1.010569453,0
15.26391411,22.14184952,1,0.688807249,1,-5.02270031,1,-3.917895555,1,-2.202192068,1,1.84646666,1,0.624738276,0,-0.005491552,0,1.011331558,0
15.26791191,-0.214654088,1,-4.853552818,1,-17.42026138,1,-3.883904696,1,-2.865787745,1,2.166458845,1,0.609084785,0,-0.018607276,0,1.011966228,0
15.27191067,-1.753774405,1,-9.072245598,1,-25.91760254,1,-3.535688639,1,-2.226063967,1,2.200677633,1,0.594099045,0,-0.032082926,0,1.013285279,0
15.27591229,11.29262066,1,-18.45848846,1,-28.25596237,1,-3.387024641,1,-1.838060498,1,2.32915473,1,0.580255926,0,-0.043768659,0,1.01643014,0
15.27991581,9.593341827,1,-24.17435455,1,-19.84714699,1,-3.978663683,1,-1.82190311,1,2.198963404,1,0.565367281,0,-0.054768696,0,1.020134091,0
15.28391552,8.157689095,1,-15.7441597,1,-12.80523586,1,-4.314447403,1,-2.16581893,1,2.242817163,1,0.548504949,0,-0.066127874,0,1.023503423,0
15.28791714,8.930376053,1,3.451971531,1,-11.68705559,1,-4.048388958,1,-2.866005898,1,2.493157625,1,0.531404614,0,-0.079528823,0,1.026426673,0
15.29191589,2.597601414,1,10.0174284,1,-10.03613663,1,-4.084079266,1,-3.728818178,1,2.663192272,1,0.515106499,0,-0.09607321,0,1.028943181,0
15.2959156,-2.472170353,1,13.7093401,1,-11.32112122,1,-3.750861883,1,-4.252468109,1,2.587941885,1,0.499200225,0,-0.115325943,0,1.030294776,0
15.29991722,-2.15329051,1,12.01210308,1,-12.15963554,1,-3.374035358,1,-4.792759895,1,2.493433952,1,0.484902442,0,-0.135960013,0,1.030739665,0
15.30391407,-13.40884781,1,13.35502434,1,-18.93259048,1,-2.893950939,1,-5.116671085,1,2.126829386,1,0.472477585,0,-0.158035621,0,1.029807687,0
15.30791378,-23.22974014,1,14.43761826,1,-23.1760807,1,-2.305035114,1,-4.680685997,1,1.625449777,1,0.462491542,0,-0.179017112,0,1.027585864,0
15.31191635,-22.90366745,1,13.79364109,1,-22.4765873,1,-1.800194025,1,-4.097946167,1,1.349424362,1,0.454756767,0,-0.19733195,0,1.025055408,0
15.31591415,-19.80847549,1,11.40602684,1,-18.8655014,1,-1.358370543,1,-3.746450663,1,1.25869894,1,0.448925138,0,-0.213662952,0,1.022831798,0
15.31991386,-16.93734741,1,8.566542625,1,-16.43030548,1,-1.00027144,1,-3.489117384,1,1.377926826,1,0.444523513,0,-0.228942871,0,1.02124989,0
15.32391548,-14.34203434,1,4.514178276,1,-15.45110321,1,-0.800902426,1,-3.244815588,1,1.527896166,1,0.44108206,0,-0.24362646,0,1.020725131,0
15.32791328,-13.52710342,1,-0.134477526,1,-13.29927921,1,-0.753049791,1,-2.987836123,1,1.65049541,1,0.437865973,0,-0.257604718,0,1.021207809,0
15.33191299,-14.08618927,1,-4.745296001,1,-12.0084095,1,-0.762733281,1,-2.736283064,1,1.584240317,1,0.434533775,0,-0.270726442,0,1.022315264,0
15.33591461,-13.53142929,1,-7.552933216,1,-8.996328354,1,-0.766966164,1,-2.494875431,1,1.385920167,1,0.431204051,0,-0.282714546,0,1.023382068,0
15.33991242,-14.1736393,1,-9.23165226,1,-6.9247365,1,-0.882495105,1,-2.342067957,1,1.16981566,1,0.427764833,0,-0.293619454,0,1.024013519,0
15.34391213,-11.41777515,1,-9.945286751,1,-5.399242401,1,-1.044788122,1,-2.094856024,1,0.947368801,1,0.423832744,0,-0.303421974,0,1.02421391,0
15.34791374,-8.517784119,1,-7.350642681,1,-5.123920441,1,-1.199362159,1,-1.9961375,1,0.816878736,1,0.419411808,0,-0.312317252,0,1.024050236,0
15.35191155,-9.039410591,1,-4.624192715,1,-6.877333164,1,-1.329589725,1,-1.840945959,1,0.777181983,1,0.414396763,0,-0.3206411,0,1.023800969,0
15.35591126,-10.53897476,1,-1.525870681,1,-9.162327766,1,-1.383726239,1,-1.611537218,1,0.837443948,1,0.408920884,0,-0.328274786,0,1.02398777,0
15.35991287,-13.2041254,1,-0.147324413,1,-11.28161335,1,-1.394375443,1,-1.226643443,1,0.898851871,1,0.40304628,0,-0.334869176,0,1.024964929,0
15.36391068,-14.85018063,1,1.774617195,1,-12.50645828,1,-1.300196767,1,-0.763343334,1,0.894901097,1,0.396981657,0,-0.339966387,0,1.026850343,0
15.36791039,-14.13278008,1,2.439042091,1,-11.61901569,1,-1.119815111,1,-0.37699607,1,0.811701477,1,0.391281068,0,-0.343327641,0,1.029308677,0
15.371912,-11.7832222,1,1.47096467,1,-9.789784431,1,-0.983551681,1,-0.107043892,1,0.627494991,1,0.386273563,0,-0.345342815,0,1.031779289,0
15.37590981,-6.381545544,1,-0.391620636,1,-10.99189663,1,-0.818416297,1,-0.08570689,1,0.506719887,1,0.381931484,0,-0.346306384,0,1.033855081,0
15.37990952,-6.232905865,1,-1.865231752,1,-10.59862709,1,-0.718357205,1,-0.106541015,1,0.411598086,1,0.378319919,0,-0.347405612,0,1.035506129,0
15.38391113,-5.838487148,1,-2.869148254,1,-9.864969254,1,-0.662898123,1,-0.088026613,1,0.371435761,1,0.375109136,0,-0.348358929,0,1.03687799,0
15.38790894,-5.470685482,1,-2.937937737,1,-9.676280975,1,-0.654366553,1,-0.048754022,1,0.346205741,1,0.372009784,0,-0.349106997,0,1.038204193,0
15.39190865,-5.495714188,1,-2.454182148,1,-9.545398712,1,-0.63636899,1,-0.022496259,1,0.33222425,1,0.368985057,0,-0.349734783,0,1.039489508,0
15.39591026,-5.262599468,1,-1.515295982,1,-9.606878281,1,-0.60386157,1,-0.027167633,1,0.326009631,1,0.36604315,0,-0.350297719,0,1.040780067,0
15.39991474,-5.145680428,1,-1.177865267,1,-9.660172462,1,-0.557869911,1,-0.029416066,1,0.29195863,1,0.363313675,0,-0.350837231,0,1.04195714,0
15.40391445,-5.748510838,1,-0.698416948,1,-9.784713745,1,-0.497601181,1,0.013537782,1,0.250817895,1,0.360841036,0,-0.351257026,0,1.043029189,0
15.40791607,-5.450363636,1,-0.592212617,1,-9.421114922,1,-0.437330663,1,0.023789883,1,0.252198249,1,0.358632386,0,-0.351542085,0,1.044045448,0
15.41191387,-5.21953392,1,-0.974373698,1,-9.369253159,1,-0.37908268,1,0.030668402,1,0.229926467,1,0.356658876,0,-0.351771921,0,1.045051455,0
15.41591263,-4.811578274,1,-1.891664028,1,-9.152999878,1,-0.338771403,1,0.042650107,1,0.210798278,1,0.354909152,0,-0.351929933,0,1.045989037,0
15.41991425,-4.649015427,1,-2.412629604,1,-8.867772102,1,-0.316039056,1,0.039259955,1,0.194221169,1,0.353299618,0,-0.352061301,0,1.046848297,0
15.42391205,-4.68138361,1,-2.871140003,1,-8.764046669,1,-0.296970665,1,0.016080217,1,0.190061375,1,0.351793647,0,-0.352230877,0,1.047653317,0
15.42791176,-4.692613125,1,-2.871748924,1,-8.66699791,1,-0.295265555,1,0.01669815,1,0.196991414,1,0.350343168,0,-0.352433681,0,1.048441052,0
15.43191338,-4.564050198,1,-2.532539845,1,-8.940709114,1,-0.29115355,1,0.019294811,1,0.201106846,1,0.34888792,0,-0.352635235,0,1.049263,0
15.43591118,-4.404574871,1,-2.073688984,1,-9.083721161,1,-0.282878429,1,0.010629497,1,0.209944665,1,0.347449005,0,-0.352854878,0,1.050101519,0
15.43991089,-4.331775188,1,-1.889494061,1,-9.182335854,1,-0.257162929,1,-0.010974864,1,0.218507305,1,0.346085012,0,-0.353148729,0,1.050952196,0
15.44391251,-4.303092003,1,-1.690763712,1,-9.170793533,1,-0.242270023,1,-0.019214554,1,0.219786316,1,0.344795048,0,-0.35350436,0,1.051801205,0
15.44791031,-4.153735638,1,-1.898539782,1,-9.09094429,1,-0.219336897,1,-0.038077336,1,0.225205824,1,0.344769359,0,-0.353595376,0,1.041154742,0
15.45191002,-4.138204575,1,-1.967772007,1,-9.047430038,1,-0.196178168,1,-0.058142014,1,0.223989204,1,0.343644381,0,-0.354084849,0,1.041985393,0
15.45591164,-4.104213715,1,-2.0558846,1,-8.981222153,1,-0.181787521,1,-0.078017645,1,0.204954505,1,0.34263432,0,-0.354635566,0,1.04273963,0
15.45990944,-3.916330338,1,-1.91371727,1,-9.160780907,1,-0.156844094,1,-0.113203257,1,0.194206759,1,0.341724336,0,-0.35525912,0,1.043411613,0
15.46390915,-3.909700871,1,-1.715000153,1,-9.172082901,1,-0.13726294,1,-0.144651771,1,0.183312029,1,0.340925753,0,-0.355988741,0,1.043995023,0
15.46791077,-3.979958057,1,-1.543704271,1,-9.187428474,1,-0.111057691,1,-0.173486441,1,0.174944237,1,0.340254545,0,-0.356831044,0,1.044484377,0
15.47190857,-4.267090321,1,-1.362557292,1,-8.992803574,1,-0.094522029,1,-0.193141252,1,0.156273484,1,0.339704603,0,-0.357750297,0,1.044883013,0
15.47590828,-4.338360786,1,-1.270525098,1,-8.851601601,1,-0.06529925,1,-0.214384109,1,0.134621486,1,0.339271784,0,-0.358712316,0,1.045177221,0
15.47991085,-4.544071198,1,-1.312697649,1,-8.676372528,1,-0.038901001,1,-0.226871312,1,0.111957707,1,0.33899048,0,-0.359711766,0,1.045363784,0
15.4839077,-4.583380699,1,-1.397703767,1,-8.609155655,1,-0.021278659,1,-0.231598839,1,0.096771844,1,0.338842988,0,-0.360708654,0,1.045459151,0
15.48790741,-4.458773136,1,-1.464277864,1,-8.556860924,1,0.000776379,1,-0.23028861,1,0.080338061,1,0.33880204,0,-0.361696482,0,1.045476556,0
15.49190998,-4.335053921,1,-1.570922256,1,-8.595366478,1,0.020767884,1,-0.239922062,1,0.064193256,1,0.338858068,0,-0.362682372,0,1.045435905,0
15.49590778,-4.34524107,1,-1.728217363,1,-8.654331207,1,0.034367822,1,-0.240788803,1,0.062949397,1,0.339006871,0,-0.363665223,0,1.04535377,0
15.49990559,-4.450332165,1,-1.886348844,1,-8.592651367,1,0.042603798,1,-0.241116077,1,0.056878395,1,0.339189827,0,-0.364653885,0,1.045251369,0
15.50390816,-4.384144306,1,-2.147109032,1,-8.399728775,1,0.048704244,1,-0.243817568,1,0.057456579,1,0.339411438,0,-0.36564973,0,1.045133829,0
15.50790596,-4.400339603,1,-2.329057932,1,-8.373168945,1,0.061316535,1,-0.252888471,1,0.052090913,1,0.339678586,0,-0.366661549,0,1.044990182,0
15.51190567,-4.392624855,1,-2.381000757,1,-8.423059464,1,0.05891075,1,-0.255158395,1,0.051377706,1,0.339978665,0,-0.367691487,0,1.044828176,0
15.51590729,-4.460607052,1,-2.3468647,1,-8.362030983,1,0.057130776,1,-0.254845023,1,0.056098044,1,0.340263128,0,-0.368725777,0,1.044681549,0
15.51991081,-4.433557034,1,-2.349040985,1,-8.28478241,1,0.060548142,1,-0.249051183,1,0.062629029,1,0.340540707,0,-0.369768173,0,1.044548392,0
15.52390957,-4.449383736,1,-2.384392023,1,-8.232462883,1,0.061195031,1,-0.242100984,1,0.066896491,1,0.340809077,0,-0.370792568,0,1.044456244,0
15.52791119,-4.456310272,1,-2.487940788,1,-8.185422897,1,0.063110732,1,-0.235860243,1,0.071540564,1,0.341085672,0,-0.371782184,0,1.044394374,0
15.53190899,-4.47740078,1,-2.557860851,1,-8.211859703,1,0.062043548,1,-0.224654049,1,0.079958208,1,0.341349602,0,-0.372754455,0,1.04437685,0
15.5359087,-4.515716076,1,-2.578300238,1,-8.185734749,1,0.06154383,1,-0.212973014,1,0.08898025,1,0.34158054,0,-0.373697579,0,1.044412851,0
15.53991032,-4.526515961,1,-2.617154121,1,-8.122296333,1,0.063009143,1,-0.201350227,1,0.103421286,1,0.34179759,0,-0.374611139,0,1.044500709,0
15.54390812,-4.508733749,1,-2.798126221,1,-8.043129921,1,0.05924014,1,-0.18698068,1,0.112805761,1,0.341982782,0,-0.375487328,0,1.044657826,0
15.54790783,-4.50480938,1,-2.978530884,1,-8.033390045,1,0.048577555,1,-0.176814154,1,0.13171652,1,0.342112422,0,-0.376330793,0,1.044893146,0
15.55190945,-4.432235241,1,-3.104967117,1,-8.011530876,1,0.040878966,1,-0.166724205,1,0.147687778,1,0.342172623,0,-0.377159536,0,1.045207143,0
15.55590725,-4.474760532,1,-3.385929346,1,-7.914428234,1,0.012656856,1,-0.15477775,1,0.16887641,1,0.342124343,0,-0.377973348,0,1.045615435,0
15.55990696,-4.523880005,1,-3.644257784,1,-7.872240067,1,-0.005835721,1,-0.141158193,1,0.181817144,1,0.341956973,0,-0.378765702,0,1.046113253,0
15.56390953,-4.486469746,1,-3.82016325,1,-7.827992916,1,-0.038207181,1,-0.128086805,1,0.201336071,1,0.341644466,0,-0.379524797,0,1.046704292,0
15.56790638,-4.491250992,1,-3.644418478,1,-7.861117363,1,-0.071119785,1,-0.119673297,1,0.212789491,1,0.341178238,0,-0.380263388,0,1.047362685,0
15.57190609,-4.46099472,1,-3.208583355,1,-8.016119003,1,-0.087370209,1,-0.109314166,1,0.23214671,1,0.340596735,0,-0.380992264,0,1.048096657,0
15.57590866,-4.569538593,1,-2.843817472,1,-8.074416161,1,-0.099680468,1,-0.102070078,1,0.242868215,1,0.339910626,0,-0.381702602,0,1.048917174,0
15.57990646,-4.54651165,1,-2.618590593,1,-8.127414703,1,-0.106964283,1,-0.090129167,1,0.251912266,1,0.339168489,0,-0.382399231,0,1.049792171,0
15.58390617,-4.571797848,1,-2.430342913,1,-8.164377213,1,-0.11051432,1,-0.081610806,1,0.258416146,1,0.338390708,0,-0.383061081,0,1.050700426,0
15.58790779,-4.519659042,1,-2.41651845,1,-8.215906143,1,-0.110254645,1,-0.082196385,1,0.256771594,1,0.337605506,0,-0.383711785,0,1.051622033,0
15.59190559,-4.438436985,1,-2.253465176,1,-8.251927376,1,-0.105583914,1,-0.072059758,1,0.25165081,1,0.336836219,0,-0.384339869,0,1.052541494,0
15.5959053,-4.387499332,1,-2.132571936,1,-8.360854149,1,-0.102436066,1,-0.078451842,1,0.245205343,1,0.336081147,0,-0.38495788,0,1.053453684,0
15.59990692,-4.368989944,1,-2.036104202,1,-8.371541023,1,-0.088452406,1,-0.07480114,1,0.24492836,1,0.335366905,0,-0.385562688,0,1.054346204,0
15.60390472,-4.356447697,1,-1.86869514,1,-8.391591072,1,-0.079212621,1,-0.074020468,1,0.243126139,1,0.334697247,0,-0.386175752,0,1.055225492,0
15.60790348,-4.289288521,1,-1.837707043,1,-8.40678978,1,-0.056905873,1,-0.090194285,1,0.239251539,1,0.334104776,0,-0.386805356,0,1.056080699,0
15.6119051,-4.302511215,1,-1.800902247,1,-8.585496902,1,-0.043139942,1,-0.101403289,1,0.238420025,1,0.333582878,0,-0.387478828,0,1.056919217,0
15.6159029,-4.344668865,1,-1.822272301,1,-8.560840607,1,-0.030364161,1,-0.109835871,1,0.242330372,1,0.333128065,0,-0.38818872,0,1.05774343,0
15.61990261,-3.960749388,1,-2.000777245,1,-8.575180054,1,-0.014473684,1,-0.126921833,1,0.23463285,1,0.332730472,0,-0.388936937,0,1.058560491,0
15.62390423,-4.334589958,1,-2.23446846,1,-8.504374504,1,-0.002239358,1,-0.144535273,1,0.228093609,1,0.332424402,0,-0.389748931,0,1.059303999,0
15.62790203,-4.520675659,1,-2.570004463,1,-8.239899635,1,-0.007438512,1,-0.150243267,1,0.231049135,1,0.332126915,0,-0.390615404,0,1.060031891,0
15.63190174,-4.507236004,1,-2.60629487,1,-8.170674324,1,-0.003769874,1,-0.153442234,1,0.235763431,1,0.331816733,0,-0.391498864,0,1.06076932,0
15.63590336,-4.59832859,1,-2.590428829,1,-8.349775314,1,-0.012092106,1,-0.151427433,1,0.245816812,1,0.331490993,0,-0.392387956,0,1.061540008,0
15.63990688,-4.335012436,1,-2.617549896,1,-8.375237465,1,-0.027744064,1,-0.161492437,1,0.249168128,1,0.331105769,0,-0.393297315,0,1.062334776,0
15.64390755,-4.634010792,1,-2.658050299,1,-8.487909317,1,-0.048978537,1,-0.161524281,1,0.266634792,1,0.330642283,0,-0.39425391,0,1.063161373,0
15.64790821,-4.655321121,1,-2.375090837,1,-8.31558609,1,-0.047511429,1,-0.153410822,1,0.280317664,1,0.330101937,0,-0.395204067,0,1.064063072,0
15.65190506,-4.786194324,1,-2.571177244,1,-8.329547882,1,-0.057589889,1,-0.155580938,1,0.288493514,1,0.32952708,0,-0.396157622,0,1.065010548,0
15.65590572,-4.86943388,1,-2.671904325,1,-8.30025959,1,-0.068087332,1,-0.145061925,1,0.304856986,1,0.328895628,0,-0.397102594,0,1.06602025,0
15.65990734,-4.407169342,1,-2.520524263,1,-8.358202934,1,-0.070929691,1,-0.133764476,1,0.321675092,1,0.328186691,0,-0.398032784,0,1.067132473,0
15.66390514,-4.511487961,1,-2.434566736,1,-8.404075623,1,-0.08272773,1,-0.138619483,1,0.334061444,1,0.32742694,0,-0.398970336,0,1.068283677,0
15.66790485,-4.632864952,1,-2.520098209,1,-8.33176136,1,-0.094829425,1,-0.146985918,1,0.344868124,1,0.326600254,0,-0.399944663,0,1.069484353,0
15.67190647,-4.733235359,1,-2.377621889,1,-8.331780434,1,-0.094919309,1,-0.142649621,1,0.35984838,1,0.325739801,0,-0.400942862,0,1.070724249,0
15.67590427,-4.640532017,1,-2.457715034,1,-8.388085365,1,-0.103392355,1,-0.14515692,1,0.366852224,1,0.324829161,0,-0.401953757,0,1.072020769,0
15.67990398,-4.705654621,1,-2.486824989,1,-8.406861305,1,-0.114785932,1,-0.144663915,1,0.382739007,1,0.323864818,0,-0.402988315,0,1.073376417,0
15.6839056,-4.391413212,1,-2.528543949,1,-8.533130646,1,-0.114716306,1,-0.158846259,1,0.389045,1,0.322875977,0,-0.404043734,0,1.074756503,0
15.6879034,-4.55109024,1,-2.382727861,1,-8.512422562,1,-0.111004613,1,-0.165066421,1,0.408530056,1,0.321858019,0,-0.405163586,0,1.076183677,0
15.69190216,-4.59004879,1,-2.446393967,1,-8.554571152,1,-0.115397982,1,-0.177440614,1,0.424458861,1,0.320823431,0,-0.406339109,0,1.077670217,0
15.69590473,-4.511109352,1,-2.235028744,1,-8.666239738,1,-0.12715663,1,-0.184170797,1,0.434389919,1,0.299598873,0,-0.436376005,0,1.100405693,0
15.69990253,-4.716170788,1,-1.890110016,1,-8.742494583,1,-0.107714921,1,-0.199673757,1,0.446345538,1,0.298445284,0,-0.437628835,0,1.102003455,0
15.70390225,-4.726513863,1,-2.084688425,1,-8.833659172,1,-0.103627205,1,-0.214259297,1,0.452019334,1,0.297334254,0,-0.438950717,0,1.103635907,0
15.70790386,-4.732164383,1,-1.89804399,1,-8.990312576,1,-0.100534372,1,-0.238635123,1,0.462564379,1,0.296212554,0,-0.440353006,0,1.105286241,0
15.71190167,-4.89087677,1,-1.804611564,1,-9.08641243,1,-0.058236744,1,-0.268344134,1,0.466979682,1,0.295181185,0,-0.441866994,0,1.106942058,0
15.71590138,-4.193325996,1,-2.365690947,1,-9.29529953,1,-0.055058792,1,-0.302652985,1,0.483683348,1,0.294257075,0,-0.443497509,0,1.10858953,0
15.71990299,-4.145700455,1,-2.987038612,1,-9.51518631,1,-0.079519182,1,-0.361345947,1,0.494496584,1,0.293306917,0,-0.445337325,0,1.110225916,0
15.7239008,-3.934037209,1,-3.073200226,1,-9.463602066,1,-0.142026529,1,-0.42944324,1,0.514063954,1,0.292147458,0,-0.447435975,0,1.111857891,0
15.72790051,-4.157425404,1,-2.317639828,1,-9.42455864,1,-0.133608401,1,-0.486912489,1,0.542971373,1,0.290858269,0,-0.449804306,0,1.113512874,0
15.73190212,-3.968725681,1,-2.656394482,1,-9.549360275,1,-0.112137124,1,-0.534225285,1,0.577434242,1,0.289617836,0,-0.452403814,0,1.115254879,0
15.73589993,-3.972650766,1,-3.372518778,1,-9.566396713,1,-0.160746276,1,-0.591198385,1,0.600037575,1,0.288302958,0,-0.455231667,0,1.117066264,0
15.73989964,-4.097389221,1,-2.391984463,1,-9.784805298,1,-0.176777154,1,-0.674153686,1,0.613588512,1,0.286815882,0,-0.458344549,0,1.118849993,0
15.74390125,-4.008348465,1,-1.484820962,1,-9.942649841,1,-0.154205129,1,-0.749996185,1,0.64316535,1,0.285355538,0,-0.461774707,0,1.120653272,0
15.74789906,-4.047345638,1,-1.784914494,1,-10.08591366,1,-0.14119491,1,-0.828071117,1,0.651532412,1,0.283954054,0,-0.465542912,0,1.122456789,0
15.75189877,-4.233629704,1,-2.147509575,1,-10.1180582,1,-0.159766376,1,-0.921542168,1,0.662555218,1,0.282576054,0,-0.469638705,0,1.124196053,0
15.75590134,-4.098110199,1,-1.972156048,1,-10.0063343,1,-0.168275908,1,-1.024233937,1,0.680977464,1,0.281159341,0,-0.474119633,0,1.125873208,0
15.75989819,-4.482897282,1,-1.639269352,1,-10.28119469,1,-0.148998961,1,-1.116655588,1,0.68507129,1,0.279772669,0,-0.478995562,0,1.12748456,0
15.76390457,-4.021077156,1,-2.215705633,1,-10.22635555,1,-0.149477944,1,-1.214154482,1,0.714825213,1,0.278465152,0,-0.48423934,0,1.129081845,0
15.76790524,-4.371460438,1,-2.253776789,1,-10.25420761,1,-0.163147792,1,-1.331163287,1,0.75173223,1,0.277085066,0,-0.489936471,0,1.130676985,0
15.77190399,-4.274562359,1,-2.372223139,1,-10.28308201,1,-0.163648784,1,-1.440323353,1,0.782666862,1,0.275655627,0,-0.496106595,0,1.132307172,0
15.77590275,-4.695126057,1,-2.562944889,1,-10.62046337,1,-0.169422805,1,-1.55572331,1,0.830901861,1,0.274198294,0,-0.502758086,0,1.133985877,0
15.77990532,-4.573822975,1,-3.526072502,1,-10.76444626,1,-0.250330031,1,-1.667474747,1,0.866913915,1,0.272514224,0,-0.509887338,0,1.13574779,0
15.78390312,-3.586016655,1,-3.438394547,1,-10.81403542,1,-0.346076131,1,-1.814786315,1,0.902745426,1,0.270454198,0,-0.517525554,0,1.137527108,0
15.78790283,-4.141037464,1,-3.00993681,1,-11.54117393,1,-0.4289307,1,-1.955082297,1,0.963760376,1,0.267983079,0,-0.525793433,0,1.139370203,0
15.79190445,-3.501656294,1,-2.443758965,1,-11.57671261,1,-0.475145102,1,-2.121363163,1,1.018797398,1,0.265184492,0,-0.534700632,0,1.141307592,0
15.79590225,-3.768291473,1,-2.673217058,1,-11.98860645,1,-0.499467582,1,-2.283147097,1,1.052008629,1,0.26221472,0,-0.544288456,0,1.143285513,0
15.79990101,-3.71509099,1,-3.091648102,1,-12.30414009,1,-0.544482768,1,-2.493663311,1,1.102419734,1,0.259083986,0,-0.554627299,0,1.145288348,0
15.80390263,-4.256400585,1,-3.237689495,1,-13.24274063,1,-0.577971935,1,-2.684725285,1,1.145896554,1,0.255752116,0,-0.565801144,0,1.147321939,0
15.80790043,-3.968343973,1,-4.145477772,1,-13.39914227,1,-0.663673639,1,-2.860603571,1,1.22577548,1,0.252132118,0,-0.577706873,0,1.149460793,0
15.81190014,-2.522700071,1,-4.093667507,1,-13.17870998,1,-0.737156689,1,-3.123454571,1,1.315982699,1,0.248023868,0,-0.590530455,0,1.151769042,0
15.81590176,-2.599887609,1,-4.91185379,1,-13.43526363,1,-0.779659569,1,-3.433398008,1,1.4134022,1,0.243521422,0,-0.604585826,0,1.154338956,0
15.81989956,-3.037560463,1,-5.036455631,1,-13.75702095,1,-0.8105461,1,-3.699612617,1,1.55644834,1,0.238721922,0,-0.619845927,0,1.157185316,0
15.82389927,-2.771749973,1,-5.985748768,1,-13.66179657,1,-0.855730891,1,-3.999952793,1,1.717384458,1,0.233369067,0,-0.636351168,0,1.16062808,0
15.82790089,-2.606013298,1,-7.089381695,1,-14.07187176,1,-0.91477102,1,-4.337531567,1,1.890812993,1,0.227419108,0,-0.654234052,0,1.164653659,0
15.83189774,-2.012511253,1,-6.952315331,1,-14.3806448,1,-0.970105648,1,-4.692815304,1,2.069784641,1,0.220743969,0,-0.673583329,0,1.169350505,0
15.83589745,-1.772824645,1,-6.829211235,1,-14.8654108,1,-1.006705999,1,-5.10565424,1,2.264263391,1,0.21329172,0,-0.694581866,0,1.174843788,0
15.83990002,-2.819253922,1,-7.99134779,1,-15.46297455,1,-1.027236819,1,-5.462851524,1,2.463807821,1,0.205099463,0,-0.717252612,0,1.181232691,0
15.84389782,-2.57796669,1,-9.100038528,1,-15.40011406,1,-1.138416886,1,-5.813999653,1,2.66029191,1,0.195832089,0,-0.741377175,0,1.188685775,0
15.84789753,-2.350694656,1,-10.64600086,1,-13.76282883,1,-1.284076214,1,-6.057031155,1,2.759408474,1,0.185032308,0,-0.766665339,0,1.197112083,0
15.85189915,-1.892580748,1,-8.623332977,1,-16.9583683,1,-1.390248775,1,-6.705786228,1,3.095852613,1,0.172858655,0,-0.794078708,0,1.206932545,0
15.85589695,-6.083343983,1,-9.691583633,1,-15.8622818,1,-1.527988076,1,-6.873437881,1,3.352186441,1,0.158442333,0,-0.822988689,0,1.218855739,0
15.85989666,-4.804717064,1,-11.92716694,1,-15.56770325,1,-1.798809528,1,-7.136163235,1,3.600046158,1,0.141138315,0,-0.852761507,0,1.233221173,0
15.86389828,-4.594522953,1,-10.24268627,1,-13.81931305,1,-1.981474876,1,-7.391487598,1,3.751654863,1,0.120831914,0,-0.883504272,0,1.249861598,0
15.86789608,-6.441857338,1,-8.082256317,1,-15.37071514,1,-2.086170435,1,-7.480801582,1,3.982856035,1,0.097430088,0,-0.914780736,0,1.269349575,0
15.87189579,-13.61016655,1,-6.968988895,1,-17.66969681,1,-2.134010792,1,-7.403487206,1,4.148263931,1,0.070520602,0,-0.945908904,0,1.292336941,0
15.87589741,-18.58604813,1,-7.119893551,1,-17.96563721,1,-2.082021952,1,-7.032781601,1,4.219358444,1,0.040452607,0,-0.975703657,0,1.318705797,0
15.87989521,-18.30992699,1,-9.926590919,1,-16.49005318,1,-2.0544312,1,-6.69745779,1,4.391071796,1,0.007056628,0,-1.003541589,0,1.348787308,0
15.88389969,-17.70335197,1,-10.69852161,1,-16.58603477,1,-2.187836885,1,-6.427871704,1,4.476331711,1,-0.03070634,0,-1.029529214,0,1.383233905,0
15.88790131,-18.22024536,1,-10.61274719,1,-15.54007339,1,-2.187332153,1,-6.297840595,1,4.470144749,1,-0.072231449,0,-1.05404973,0,1.421170592,0
15.89189911,-19.05092049,1,-11.53698921,1,-16.06410599,1,-2.271939754,1,-6.186134338,1,4.663135052,1,-0.118246973,0,-1.07719326,0,1.463580966,0
15.89589882,-21.90702438,1,-9.49097538,1,-16.93680763,1,-2.431770563,1,-5.934839725,1,4.747936726,1,-0.169933751,0,-1.098509908,0,1.511325121,0
15.89990139,-21.05657387,1,-8.75526619,1,-14.69383049,1,-2.624131441,1,-5.646665096,1,4.715306282,1,-0.226318762,0,-1.11747849,0,1.563060403,0
15.90389824,-18.44299889,1,-10.92412281,1,-12.04578686,1,-3.029682875,1,-5.396398067,1,4.76042223,1,-0.287781864,0,-1.134052753,0,1.618692398,0
15.90789795,-16.66204643,1,-10.47754002,1,-11.94908714,1,-3.575315952,1,-5.10576725,1,4.658537865,1,-0.354677081,0,-1.148057818,0,1.677681804,0
15.91190052,-14.47342777,1,-6.862165451,1,-9.609262466,1,-3.942088366,1,-4.527442455,1,4.374331474,1,-0.424020499,0,-1.159082532,0,1.737086773,0
15.91589832,-13.95535564,1,-5.214353085,1,-9.241112709,1,-4.104559422,1,-3.964808464,1,4.078969479,1,-0.492542326,0,-1.166804433,0,1.794105291,0
15.91989803,-18.57917213,1,-2.301634312,1,-12.79936028,1,-4.069892406,1,-3.543222427,1,3.674628496,1,-0.558616698,0,-1.171977282,0,1.848014474,0
15.92389965,-18.28032875,1,1.37967205,1,-18.87731361,1,-3.420958281,1,-2.838295698,1,2.969939232,1,-0.617057204,0,-1.175270677,0,1.894997835,0
15.92789745,-15.72351456,1,5.572356224,1,-17.69618416,1,-2.497251034,1,-2.250231743,1,2.521274567,1,-0.664286852,0,-1.176866174,0,1.933322906,0
15.93189716,-14.96585655,1,11.57761002,1,-14.13205433,1,-1.558909535,1,-1.95152998,1,2.485808611,1,-0.703682721,0,-1.176985741,0,1.967180014,0
15.93589878,-20.53991508,1,7.430389404,1,-18.10222435,1,-0.572958469,1,-1.477208018,1,2.313174725,1,-0.736546755,0,-1.175936341,0,1.998213649,0
15.93989658,-11.28811455,1,-1.856368542,1,-16.42838478,1,0.124373093,1,-0.78262651,1,1.920042634,1,-0.759521782,0,-1.173436165,0,2.022207975,0
15.94389629,-4.32755661,1,-6.003946781,1,-12.45489311,1,0.544985771,1,-0.423025101,1,1.659095049,1,-0.774077773,0,-1.170188069,0,2.039519787,0
15.94789696,-5.650940895,1,-7.552379608,1,-11.32351971,1,0.666568458,1,-0.265651792,1,1.585855126,1,-0.782926917,0,-1.16770184,0,2.045305252,0
15.95189476,-7.375120163,1,-9.008043289,1,-11.03931808,1,0.474502116,1,-0.05715701,1,1.62330842,1,-0.79222703,0,-1.163625717,0,2.057976246,0
15.95589447,-5.959136009,1,-10.45137215,1,-10.60338402,1,0.188202858,1,0.221497834,1,1.612164736,1,-0.800818622,0,-1.158754706,0,2.068784952,0
15.95989609,-3.566466093,1,-10.25402546,1,-9.469825745,1,-0.012204719,1,0.453741372,1,1.53205812,1,-0.808162212,0,-1.153274179,0,2.077174425,0
15.96389389,-2.567035437,1,-8.945997238,1,-8.836310387,1,-0.140541613,1,0.633387923,1,1.459055543,1,-0.814148307,0,-1.147446275,0,2.083385706,0
15.9678936,-2.064718485,1,-7.394176483,1,-8.617782593,1,-0.221353948,1,0.813647687,1,1.389113069,1,-0.81885314,0,-1.141318679,0,2.087726355,0
15.97189522,-1.019880176,1,-6.125324726,1,-8.32662487,1,-0.214006767,1,0.968091071,1,1.300048351,1,-0.822050333,0,-1.134948254,0,2.090257883,0
15.97589302,0.035006106,1,-5.36827898,1,-7.967658043,1,-0.113776907,1,1.09909296,1,1.194092035,1,-0.823487163,0,-1.128473043,0,2.091104746,0
15.97989273,0.983742476,1,-4.838012218,1,-7.449389935,1,0.046611059,1,1.21864748,1,1.064604282,1,-0.822953939,0,-1.122002602,0,2.090348482,0
15.98389435,1.930619955,1,-4.638355732,1,-6.866936684,1,0.234283447,1,1.330767512,1,0.937602162,1,-0.820331216,0,-1.11559248,0,2.08804512,0
15.98789215,2.612060785,1,-4.569292545,1,-6.356920719,1,0.435879081,1,1.422540665,1,0.813295603,1,-0.815693855,0,-1.109264612,0,2.084374905,0
15.99189186,3.190292597,1,-4.760942936,1,-5.949184895,1,0.627060533,1,1.508758664,1,0.69294709,1,-0.80920136,0,-1.103036642,0,2.079498529,0
15.99589348,3.740258217,1,-5.063426495,1,-5.556139469,1,0.798336804,1,1.57339108,1,0.560634851,1,-0.801042974,0,-1.096953392,0,2.073539257,0
15.99989128,4.362033367,1,-5.371147156,1,-5.115427494,1,0.939029992,1,1.615778327,1,0.441756606,1,-0.79144311,0,-1.091049314,0,2.066663265,0
16.00389671,4.917989731,1,-5.601139069,1,-4.664134502,1,1.051277399,1,1.630757689,1,0.325189441,1,-0.780765176,0,-1.085383177,0,2.059108019,0
16.00789833,5.258452892,1,-5.843822002,1,-4.325607777,1,1.132862449,1,1.62211132,1,0.207051873,1,-0.769238472,0,-1.079983473,0,2.051014662,0
16.01189613,5.340649128,1,-6.040195465,1,-4.104121685,1,1.178686023,1,1.613273621,1,0.097256392,1,-0.757122397,0,-1.074882269,0,2.042510033,0
16.01589584,5.275857925,1,-6.132938385,1,-3.999062538,1,1.20839107,1,1.591862559,1,-0.015529359,1,-0.744527876,0,-1.07008934,0,2.033612967,0
16.01989746,5.061347961,1,-6.214515209,1,-3.927820206,1,1.218475223,1,1.581312418,1,-0.137998939,1,-0.731503963,0,-1.065601587,0,2.024285793,0
16.02389526,4.67910099,1,-6.165739059,1,-4.034509659,1,1.219752312,1,1.580918193,1,-0.252284765,1,-0.718025148,0,-1.061388969,0,2.014446974,0
16.02789497,4.259776592,1,-6.041930199,1,-4.145133495,1,1.220512033,1,1.594018459,1,-0.378584504,1,-0.704079866,0,-1.057405114,0,2.004044294,0
16.0318985,3.838271618,1,-5.777175903,1,-4.364913464,1,1.234686971,1,1.618670106,1,-0.507789791,1,-0.689494014,0,-1.053605318,0,1.992926359,0
16.03589439,3.127796412,1,-5.538393974,1,-4.826550484,1,1.26728642,1,1.670605898,1,-0.650078714,1,-0.674117982,0,-1.049964905,0,1.980977058,0
16.0398941,1.999699235,1,-5.061526299,1,-4.570194244,1,1.338358402,1,1.854786992,1,-0.908792377,1,-0.657204986,0,-1.046342611,0,1.96735394,0
16.04389763,3.731899261,1,-4.165291786,1,-4.657933712,1,1.45228672,1,1.763153434,1,-0.965606332,1,-0.638977587,0,-1.042841315,0,1.952780724,0
16.04789543,1.979554415,1,-4.30117321,1,-5.706057549,1,1.552422166,1,1.8250314,1,-1.092579722,1,-0.620087624,0,-1.039505124,0,1.937876344,0
16.05189514,1.271713138,1,-4.864010334,1,-6.11072731,1,1.604864836,1,1.961336255,1,-1.244046807,1,-0.599916101,0,-1.035949707,0,1.921796322,0
16.05589676,1.316590786,1,-4.817297459,1,-6.12349987,1,1.673259854,1,2.066228867,1,-1.407089114,1,-0.57845217,0,-1.032197714,0,1.904427767,0
16.05989456,1.101063013,1,-4.4696064,1,-6.330493927,1,1.760819077,1,2.155081749,1,-1.55871129,1,-0.55567646,0,-1.028271675,0,1.885881662,0
16.06389427,0.684194684,1,-4.313270092,1,-6.613408566,1,1.819142938,1,2.24994421,1,-1.68537581,1,-0.531809688,0,-1.024097443,0,1.866355777,0
16.06789589,0.257130444,1,-4.275875092,1,-6.949636936,1,1.867795229,1,2.358255863,1,-1.799357891,1,-0.507056594,0,-1.019567251,0,1.845983505,0
16.07189369,-0.064409435,1,-4.161175728,1,-7.062569618,1,1.911459208,1,2.465648174,1,-1.910970211,1,-0.481526256,0,-1.014590025,0,1.824847937,0
16.0758934,-0.520436347,1,-4.034141541,1,-7.263663292,1,1.967442155,1,2.579713345,1,-2.020647526,1,-0.455269843,0,-1.009133339,0,1.803026438,0
16.07989502,-1.021170259,1,-3.801964045,1,-7.487540722,1,2.02395606,1,2.706662655,1,-2.117806196,1,-0.428352118,0,-1.003117919,0,1.780610681,0
16.08389282,-1.426646709,1,-3.616836309,1,-7.6493783,1,2.079988003,1,2.837950945,1,-2.205644369,1,-0.400888741,0,-0.996447861,0,1.75772202,0
16.08789253,-1.76673615,1,-3.415075779,1,-7.857100487,1,2.137206316,1,2.968868494,1,-2.290663004,1,-0.372979939,0,-0.989091039,0,1.73446703,0
16.09189415,-2.127967834,1,-3.288270473,1,-8.077617645,1,2.194289446,1,3.100930929,1,-2.373899937,1,-0.344724059,0,-0.980994463,0,1.710951328,0
16.09589195,-2.378327131,1,-3.168523788,1,-8.377925873,1,2.251343489,1,3.234766483,1,-2.459940434,1,-0.316234797,0,-0.972145021,0,1.687288165,0
16.09989166,-2.755380392,1,-2.919034004,1,-8.59453392,1,2.31704855,1,3.3676126,1,-2.536819458,1,-0.287566006,0,-0.962513804,0,1.663557887,0
16.10389328,-3.082178116,1,-2.68409276,1,-8.840548515,1,2.386248589,1,3.512691498,1,-2.615701675,1,-0.258793026,0,-0.952044427,0,1.639871478,0
16.10789108,-3.535764933,1,-2.474453211,1,-9.013558388,1,2.451007366,1,3.648616552,1,-2.696974277,1,-0.230000138,0,-0.940715909,0,1.616306663,0
16.11189079,-3.645130634,1,-2.202595472,1,-8.825661659,1,2.540906429,1,3.798631907,1,-2.771159649,1,-0.201241642,0,-0.928486347,0,1.592954278,0
16.11589241,-4.027141571,1,-2.130144358,1,-8.884922981,1,2.615749598,1,3.927286148,1,-2.828558922,1,-0.172627091,0,-0.91539216,0,1.569991708,0
16.11989021,-4.230279922,1,-2.21693635,1,-8.976412773,1,2.679956675,1,4.059434414,1,-2.881891251,1,-0.144332051,0,-0.901422262,0,1.547562003,0
16.12389565,-4.161204815,1,-2.378437519,1,-8.969694138,1,2.725778818,1,4.180500507,1,-2.924130917,1,-0.116514355,0,-0.886582017,0,1.52575314,0
16.12789726,-4.116795063,1,-2.464944601,1,-8.928881645,1,2.769916058,1,4.277658463,1,-2.950182199,1,-0.089302577,0,-0.870961547,0,1.504698753,0
16.13189697,-4.073735714,1,-2.45825243,1,-8.916353226,1,2.803537607,1,4.366745949,1,-2.960785627,1,-0.062849797,0,-0.854620278,0,1.484555483,0
16.13589668,-4.087199688,1,-2.5311656,1,-8.883741379,1,2.833666086,1,4.422486305,1,-2.956387043,1,-0.037231874,0,-0.837660253,0,1.465393305,0
16.1398983,-4.153366566,1,-2.499270678,1,-8.991951942,1,2.858355045,1,4.473052979,1,-2.942461967,1,-0.012498328,0,-0.820171833,0,1.447278976,0
16.1438961,-4.407127857,1,-2.473912001,1,-9.123538017,1,2.877410173,1,4.508932114,1,-2.932106256,1,0.011353008,0,-0.802213192,0,1.430203557,0
16.14789581,-4.684819698,1,-2.398045063,1,-9.257613182,1,2.918106556,1,4.54493475,1,-2.904370546,1,0.03438174,0,-0.783837676,0,1.414156079,0
16.15189552,-4.996665478,1,-2.289632559,1,-9.500066757,1,2.954352617,1,4.570209026,1,-2.890659094,1,0.056641471,0,-0.765099227,0,1.399110794,0
16.15589523,-5.266270161,1,-2.329498291,1,-9.766890526,1,3.004517078,1,4.597913265,1,-2.870579481,1,0.078219108,0,-0.746032715,0,1.385021567,0
16.15989304,-5.656302452,1,-2.297355175,1,-10.06558323,1,3.062759399,1,4.614903927,1,-2.853566408,1,0.099205442,0,-0.726667404,0,1.371838212,0
16.16389465,-6.199915409,1,-2.282379627,1,-10.38240051,1,3.126746416,1,4.635984898,1,-2.845991611,1,0.119714282,0,-0.707034349,0,1.35947907,0
16.16789246,-6.824163437,1,-2.30445838,1,-10.68929005,1,3.211807489,1,4.663803577,1,-2.854464293,1,0.139839768,0,-0.687116504,0,1.347875118,0
16.17189217,-7.250855446,1,-2.435819387,1,-10.97692966,1,3.29814744,1,4.696643829,1,-2.87646699,1,0.159715936,0,-0.666895866,0,1.336922288,0
16.17589378,-7.779875755,1,-2.586188316,1,-11.32487392,1,3.37208724,1,4.733943462,1,-2.913582563,1,0.179402441,0,-0.646355808,0,1.326530457,0
16.17989159,-8.286399841,1,-2.841365337,1,-11.67125607,1,3.452672482,1,4.763304234,1,-2.969544649,1,0.198933676,0,-0.625490963,0,1.316614628,0
16.1838913,-8.540284157,1,-3.08118844,1,-12.08689308,1,3.512675285,1,4.794781685,1,-3.03822732,1,0.218368724,0,-0.604298174,0,1.307071686,0
16.18789291,-8.820445061,1,-3.274007559,1,-12.56117439,1,3.569330931,1,4.805192947,1,-3.125843525,1,0.237710118,0,-0.582798421,0,1.297826171,0
16.19189072,-9.115218163,1,-3.503263235,1,-13.12163162,1,3.617376089,1,4.796792507,1,-3.22211957,1,0.256976783,0,-0.561080158,0,1.288793564,0
16.19589043,-9.344120026,1,-3.768352985,1,-13.74516582,1,3.658176422,1,4.77355051,1,-3.313345432,1,0.275016218,0,-0.538125455,0,1.275994778,0
16.19989204,-9.92485714,1,-3.956006289,1,-14.37392712,1,3.681903839,1,4.748347759,1,-3.415113449,1,0.294092,0,-0.516067147,0,1.267234087,0
16.20388985,-10.6935873,1,-3.900499582,1,-14.94241333,1,3.710952997,1,4.709818363,1,-3.512323141,1,0.313063264,0,-0.493883222,0,1.258588672,0
16.20788956,-11.52672482,1,-3.669641972,1,-15.50259018,1,3.74286294,1,4.669734001,1,-3.623046398,1,0.331944942,0,-0.471561968,0,1.250017047,0
16.21189117,-12.34275818,1,-3.089235783,1,-15.98256016,1,3.771515846,1,4.624206543,1,-3.742133617,1,0.350775003,0,-0.449118763,0,1.241472006,0
16.21588898,-13.0548315,1,-2.466788054,1,-16.53896523,1,3.812111378,1,4.57779789,1,-3.854842186,1,0.369565874,0,-0.426538914,0,1.232933521,0
16.21988869,-13.92015934,1,-2.321393967,1,-16.85878372,1,3.858018398,1,4.528333187,1,-3.959461212,1,0.388323039,0,-0.403836668,0,1.224419117,0
16.22389031,-14.96586037,1,-2.270385504,1,-17.09364128,1,3.894036055,1,4.479397297,1,-4.048140526,1,0.407047629,0,-0.38101995,0,1.215992451,0
16.22788811,-16.08132935,1,-1.922207475,1,-17.17549515,1,3.914670467,1,4.417595387,1,-4.136060715,1,0.42566821,0,-0.358131647,0,1.207657814,0
16.23188782,-17.10894966,1,-1.290853262,1,-17.40712166,1,3.904373646,1,4.326491356,1,-4.225550175,1,0.444127113,0,-0.335211158,0,1.199378252,0
16.23588944,-18.14508438,1,-0.109082922,1,-17.63262367,1,3.867743731,1,4.214110851,1,-4.330703735,1,0.462326556,0,-0.312346131,0,1.191040039,0
16.23988724,-19.11128235,1,2.161469936,1,-18.00158119,1,3.836429119,1,4.052323341,1,-4.428668499,1,0.480235219,0,-0.289646208,0,1.182563901,0
16.24389267,-20.03294563,1,4.488230228,1,-17.92691422,1,3.863658905,1,3.886103868,1,-4.475440979,1,0.497974396,0,-0.267259479,0,1.173956633,0
16.24789429,-21.67931747,1,6.298509598,1,-16.95341301,1,3.974808216,1,3.761923075,1,-4.474776745,1,0.515794694,0,-0.2452095,0,1.165435672,0
16.25189209,-24.25752258,1,6.445949554,1,-15.75063992,1,4.084908009,1,3.69603014,1,-4.413461208,1,0.533826888,0,-0.223401546,0,1.157279372,0
16.2558918,-26.8400116,1,5.618189812,1,-14.18689156,1,4.097197533,1,3.667696476,1,-4.304981709,1,0.55180347,0,-0.201783702,0,1.149768949,0
16.25989342,-28.96450043,1,4.742722988,1,-12.06303883,1,3.974285364,1,3.621123314,1,-4.113891125,1,0.569228888,0,-0.180474415,0,1.143127918,0
16.26389122,-30.52557755,1,4.45737505,1,-9.765901566,1,3.756672859,1,3.552584648,1,-3.850891352,1,0.585660219,0,-0.159737423,0,1.137527823,0
16.26789093,-31.44470406,1,5.203956127,1,-7.422966003,1,3.504101276,1,3.438547134,1,-3.5431602,1,0.600859225,0,-0.1398561,0,1.133028746,0
16.27189446,-31.41039085,1,7.027849674,1,-5.230769157,1,3.266177893,1,3.25245738,1,-3.228414536,1,0.614837945,0,-0.121111825,0,1.129541755,0
16.27589035,-30.66275597,1,9.773720741,1,-3.005932808,1,3.104137421,1,2.991089344,1,-2.90933466,1,0.627869785,0,-0.103787899,0,1.126827717,0
16.27989006,-29.85933876,1,12.70415592,1,-0.906350136,1,3.021473408,1,2.651840687,1,-2.603490829,1,0.640305936,0,-0.088155828,0,1.124635339,0
16.28389168,-29.08628845,1,15.29862404,1,0.804728508,1,3.021794796,1,2.253466129,1,-2.314236641,1,0.652530551,0,-0.074384972,0,1.122692227,0
16.28788948,-28.63240433,1,16.83023453,1,2.302814007,1,3.079488993,1,1.83929503,1,-2.044204235,1,0.664853513,0,-0.062581956,0,1.12081933,0
16.29188919,-28.17732048,1,17.88396454,1,2.942883253,1,3.127231121,1,1.364739656,1,-1.802616,1,0.67740649,0,-0.052784186,0,1.118773818,0
16.29589081,-28.50078964,1,17.51470184,1,3.60832572,1,3.113529444,1,0.925712407,1,-1.589663148,1,0.69002676,0,-0.044963609,0,1.11640501,0
16.29988861,-28.73581696,1,16.98633194,1,3.444652081,1,2.993152618,1,0.485568702,1,-1.397114754,1,0.702370465,0,-0.038969513,0,1.113637328,0
16.30388832,-28.88122559,1,15.72478867,1,3.269247293,1,2.763229609,1,0.097166471,1,-1.240440488,1,0.714038491,0,-0.03467226,0,1.110372663,0
16.30788994,-29.50234985,1,14.19860172,1,2.80307579,1,2.395661831,1,-0.241479844,1,-1.119477272,1,0.724514484,0,-0.031794515,0,1.106617093,0
16.31188774,-30.0895462,1,12.34662247,1,2.275391817,1,1.902112722,1,-0.499008328,1,-1.023304582,1,0.733273506,0,-0.030056443,0,1.102421999,0
16.31588745,-30.29438972,1,10.3975544,1,1.771439672,1,1.312329412,1,-0.725265086,1,-0.93031323,1,0.739862382,0,-0.029257419,0,1.097864985,0
16.31988907,-30.16031075,1,9.082411766,1,1.148491383,1,0.664359093,1,-0.908326924,1,-0.838591218,1,0.743954659,0,-0.029281033,0,1.093044877,0
16.32388687,-29.64506531,1,8.414318085,1,0.583261967,1,0.035502966,1,-1.086809635,1,-0.739513218,1,0.745499611,0,-0.030079698,0,1.088020325,0
16.32788658,-28.89595604,1,8.093552589,1,-0.060764879,1,-0.529480875,1,-1.230802298,1,-0.617613733,1,0.744642019,0,-0.031625774,0,1.082877874,0
16.3318882,-28.03658867,1,8.091573715,1,-0.652235568,1,-0.976905227,1,-1.362723112,1,-0.488013238,1,0.741766095,0,-0.033942301,0,1.077732444,0
16.335886,-10.02632904,1,-15.29013824,1,-10.0269413,1,-2.358264923,1,-1.637265563,1,-0.283000529,1,0.736092031,0,-0.037265193,0,1.072600603,0
16.33988571,-7.220199585,1,-1.507362843,1,-6.58492136,1,-3.457270145,1,-2.181307316,1,0.225909412,1,0.723678112,0,-0.042574927,0,1.067261577,0
16.34388733,-14.75498867,1,1.732583404,1,-11.84248447,1,-3.379535198,1,-2.149779558,1,0.4813236,1,0.710456967,0,-0.050564226,0,1.06262815,0
16.34788513,5.853170872,1,-13.54441261,1,-17.44330025,1,-3.643078327,1,-1.457992077,1,0.342584699,1,0.696550727,0,-0.057004847,0,1.059218168,0
16.35188484,14.14486313,1,-24.86346817,1,-16.67333221,1,-3.647776365,1,-1.264136553,1,0.671763301,1,0.682132542,0,-0.062383648,0,1.057324648,0
16.35588646,17.28390503,1,-28.75205612,1,-17.45769882,1,-3.993345022,1,-1.050068736,1,1.078520656,1,0.666937649,0,-0.06821432,0,1.057158232,0
16.35988426,25.46325111,1,-28.38589859,1,-15.03443527,1,-4.633171082,1,-1.226636648,1,1.534579873,1,0.649635971,0,-0.074815638,0,1.058598876,0
16.36388969,23.91879463,1,-20.15709877,1,-8.883713722,1,-5.218658924,1,-1.96358037,1,1.990941286,1,0.629702449,0,-0.084141843,0,1.060584545,0
16.36789131,21.32632828,1,-6.698426247,1,-4.821140766,1,-5.496265888,1,-2.538159847,1,2.419730425,1,0.608092487,0,-0.096658215,0,1.062454104,0
16.37188911,16.56089401,1,3.800084591,1,-5.575457573,1,-5.684278488,1,-3.540355444,1,2.890680313,1,0.585484266,0,-0.112564802,0,1.064514041,0
16.37588882,8.757537842,1,12.09707165,1,-8.274435997,1,-5.470904827,1,-4.305102825,1,3.293531418,1,0.562877595,0,-0.132530048,0,1.066362143,0
16.37989044,1.161586523,1,14.61609364,1,-12.84137726,1,-4.779270649,1,-4.81902647,1,3.483761787,1,0.542062938,0,-0.155250281,0,1.068370938,0
16.38388825,-13.94593239,1,17.90533447,1,-18.5142498,1,-4.328698635,1,-5.102523327,1,3.225156784,1,0.523551226,0,-0.179358527,0,1.069847345,0
16.38788796,-22.63225174,1,20.64094162,1,-20.75374222,1,-3.766446114,1,-4.606561661,1,2.933015108,1,0.507174432,0,-0.202367857,0,1.07094276,0
16.39188957,-25.08899117,1,18.74453545,1,-21.32430077,1,-3.335488319,1,-4.116518974,1,2.79287982,1,0.492626548,0,-0.22315824,0,1.07268393,0
16.39588738,-21.45611191,1,19.05116463,1,-19.69333267,1,-2.74400878,1,-3.705495358,1,2.54070282,1,0.479921669,0,-0.241927385,0,1.074916959,0
16.39988709,-15.70833588,1,16.94213486,1,-17.33680916,1,-2.093167782,1,-3.614509583,1,2.283454657,1,0.469733745,0,-0.259276628,0,1.076889634,0
16.4038887,-13.25896931,1,8.964265823,1,-16.47146797,1,-1.701054692,1,-3.730099201,1,2.074182987,1,0.461957693,0,-0.276297539,0,1.07813096,0
16.40788651,-15.30189514,1,1.009123445,1,-14.92546272,1,-1.530046463,1,-3.754201651,1,1.956120729,1,0.455452412,0,-0.293332815,0,1.078733325,0
16.41188622,-16.52728081,1,-7.368471146,1,-13.78947639,1,-1.54726553,1,-3.553049088,1,1.752236009,1,0.4492172,0,-0.309805065,0,1.079036832,0
16.41588783,-18.11203194,1,-11.85262966,1,-11.55662918,1,-1.666739821,1,-3.283479214,1,1.543337107,1,0.442805469,0,-0.325006604,0,1.079087973,0
16.41988564,-18.11665535,1,-11.92659569,1,-11.02486515,1,-1.698174715,1,-2.997665882,1,1.214111567,1,0.436187327,0,-0.338682353,0,1.078699708,0
16.42388535,-14.93384552,1,-8.933776855,1,-9.786597252,1,-1.724552512,1,-2.642102718,1,0.960371196,1,0.429583073,0,-0.350760937,0,1.077857971,0
16.42788696,-12.86633396,1,-3.273036957,1,-8.702985764,1,-1.800893903,1,-2.363137007,1,0.920047581,1,0.422820032,0,-0.361384541,0,1.077058911,0
16.43188477,-15.93912125,1,1.425377011,1,-10.42186546,1,-1.80200994,1,-2.046334743,1,0.959362984,1,0.415673435,0,-0.371049762,0,1.076873064,0
16.43588448,-17.07056999,1,5.99916172,1,-12.6517477,1,-1.642873168,1,-1.487635612,1,0.969876468,1,0.408530593,0,-0.379103452,0,1.077611446,0
16.43988609,-16.20769691,1,6.464176655,1,-13.79624176,1,-1.299366713,1,-0.976628184,1,0.932612002,1,0.401943922,0,-0.385132074,0,1.07925868,0
16.4438858,-11.69294357,1,6.669926643,1,-11.66276455,1,-1.056973934,1,-0.607257187,1,0.936385036,1,0.396366358,0,-0.389414132,0,1.081680059,0
16.44788551,-11.04454231,1,1.774559259,1,-10.03256226,1,-0.825077891,1,-0.401614487,1,0.800181687,1,0.392578781,0,-0.392828971,0,1.0761832,0
16.45188713,-8.931787491,1,-2.15131402,1,-7.978396893,1,-0.78957659,1,-0.267159104,1,0.664033353,1,0.388438106,0,-0.395135581,0,1.07861495,0
16.45588493,-9.030194283,1,-5.763830662,1,-8.538042068,1,-0.761653125,1,-0.184037045,1,0.409616351,1,0.384662509,0,-0.396843791,0,1.080412745,0
16.45988274,-7.520862103,1,-5.823914528,1,-8.262388229,1,-0.784989834,1,-0.060679823,1,0.274814785,1,0.381144971,0,-0.397738636,0,1.081559539,0
16.46388626,-5.272551537,1,-3.915542603,1,-8.722623825,1,-0.791144609,1,-0.077931568,1,0.263178319,1,0.377605706,0,-0.398356646,0,1.082514644,0
16.46788216,-6.215482712,1,-1.600138426,1,-9.987757683,1,-0.77341634,1,-0.040354144,1,0.305613339,1,0.374052227,0,-0.398997009,0,1.083561301,0
16.47188187,-5.659120083,1,-0.347867519,1,-9.918413162,1,-0.692266881,1,-0.025212329,1,0.343635768,1,0.370631218,0,-0.399576187,0,1.084828854,0
16.47588539,-5.156415939,1,-0.742125988,1,-9.687308311,1,-0.615154743,1,-0.042204846,1,0.331769437,1,0.367501318,0,-0.400183439,0,1.086171389,0
16.47988129,-5.819852829,1,-1.258549333,1,-9.657907486,1,-0.53710103,1,-0.050913185,1,0.287606716,1,0.364738852,0,-0.400812268,0,1.087346911,0
16.48388863,-5.226939678,1,-1.705823183,1,-9.419617653,1,-0.473950118,1,-0.067092657,1,0.266270131,1,0.362321556,0,-0.401420355,0,1.088380933,0
16.48789024,-4.976625443,1,-1.925285935,1,-9.444095612,1,-0.427088797,1,-0.094186746,1,0.273271859,1,0.360140264,0,-0.402101815,0,1.089349747,0
16.49188805,-4.782907486,1,-1.770414591,1,-9.445388794,1,-0.387871742,1,-0.100590095,1,0.267444521,1,0.358130127,0,-0.402839899,0,1.090308189,0
16.49588776,-4.859498978,1,-1.416069627,1,-9.179465294,1,-0.347002298,1,-0.112213068,1,0.262539208,1,0.356308192,0,-0.40362227,0,1.091228008,0
16.49988937,-5.442257881,1,-0.697369874,1,-9.131145477,1,-0.285275877,1,-0.124578282,1,0.237941548,1,0.354712665,0,-0.40442422,0,1.092067599,0
16.50388718,-5.423386574,1,0.089026883,1,-9.238502502,1,-0.205544591,1,-0.115380667,1,0.18828477,1,0.353440285,0,-0.405159295,0,1.092768669,0
16.50788689,-5.551867008,1,0.118629761,1,-9.184182167,1,-0.11321789,1,-0.13416782,1,0.153460369,1,0.35262081,0,-0.405889034,0,1.093269467,0
16.5118885,-5.006062031,1,-0.086260147,1,-9.34735775,1,-0.046376992,1,-0.124072418,1,0.128957868,1,0.352149546,0,-0.406567812,0,1.093655825,0
16.51588631,-4.585396767,1,-0.770125747,1,-9.417268753,1,0.028724128,1,-0.14776355,1,0.110691659,1,0.352014005,0,-0.407248855,0,1.093935132,0
16.51988602,-4.230079651,1,-1.489981294,1,-9.385238647,1,0.08789023,1,-0.186479002,1,0.117497191,1,0.35216549,0,-0.408034146,0,1.094154716,0
16.52388763,-4.34223032,1,-2.136046171,1,-9.235544205,1,0.116018429,1,-0.230277121,1,0.126392961,1,0.352508426,0,-0.408985943,0,1.094333291,0
16.52788544,-4.630599499,1,-2.452253342,1,-8.986474991,1,0.132398859,1,-0.260412276,1,0.126673818,1,0.352951109,0,-0.410084307,0,1.094486952,0
16.53188515,-4.657608032,1,-2.705404758,1,-8.720948219,1,0.140913859,1,-0.281436324,1,0.134867966,1,0.353451192,0,-0.411285043,0,1.094619155,0
16.53588677,-4.42144537,1,-2.777222395,1,-8.769368172,1,0.139373794,1,-0.309173554,1,0.137009382,1,0.353964865,0,-0.412585139,0,1.09473145,0
16.53988457,-4.210055351,1,-2.552211523,1,-8.950363159,1,0.141893923,1,-0.33562535,1,0.135337919,1,0.354493916,0,-0.413980812,0,1.094806314,0
16.54388428,-4.359644413,1,-2.299900055,1,-8.99394989,1,0.147492886,1,-0.358662814,1,0.146456003,1,0.355049491,0,-0.415488124,0,1.094855785,0
16.5478859,-4.530907154,1,-1.942427874,1,-8.878665924,1,0.155401692,1,-0.390215546,1,0.130927175,1,0.355658919,0,-0.417086542,0,1.094838023,0
16.5518837,-5.044647694,1,-1.686541319,1,-8.735894203,1,0.173066482,1,-0.400458962,1,0.112063751,1,0.356354058,0,-0.418750107,0,1.094740868,0
16.55588341,-5.077639103,1,-1.645129561,1,-8.582159996,1,0.198828697,1,-0.41137597,1,0.088789098,1,0.357184976,0,-0.420424998,0,1.094532967,0
16.55988503,-4.730557442,1,-1.779402256,1,-8.630984306,1,0.225022539,1,-0.423487246,1,0.058187518,1,0.35817492,0,-0.422096074,0,1.094189048,0
16.56388283,-4.532998562,1,-1.815063477,1,-8.742945671,1,0.242432371,1,-0.442865223,1,0.037104491,1,0.359315395,0,-0.423785388,0,1.093714952,0
16.56788254,-4.4327631,1,-1.764137626,1,-8.755566597,1,0.270043999,1,-0.461052537,1,0.019727221,1,0.360590339,0,-0.42551893,0,1.093132019,0
16.57188416,-4.547132015,1,-1.537902236,1,-8.683870316,1,0.30381301,1,-0.472649485,1,-0.003457731,1,0.362023532,0,-0.427276313,0,1.092439651,0
16.57588196,-4.639629841,1,-1.531782389,1,-8.580066681,1,0.335860938,1,-0.487854302,1,-0.028116193,1,0.363638401,0,-0.429048538,0,1.091631651,0
16.57988167,-4.584906578,1,-1.398724794,1,-8.59749794,1,0.372380435,1,-0.50884366,1,-0.059610575,1,0.365446508,0,-0.430849701,0,1.090668559,0
16.58388329,-4.530992985,1,-1.47779274,1,-8.639047623,1,0.415699899,1,-0.531315148,1,-0.083439097,1,0.367501259,0,-0.432690829,0,1.089539647,0
16.58788109,-4.563398838,1,-1.816145182,1,-8.533462524,1,0.444510907,1,-0.543824136,1,-0.101480708,1,0.369748145,0,-0.434561551,0,1.088304281,0
16.5918808,-4.518969536,1,-2.239127874,1,-8.401703835,1,0.457268894,1,-0.549638152,1,-0.104072399,1,0.372099578,0,-0.436448842,0,1.087023735,0
16.59588242,-4.669137955,1,-2.87070775,1,-8.176985741,1,0.464338928,1,-0.553364575,1,-0.092274927,1,0.374507964,0,-0.438360542,0,1.085720062,0
16.59988022,-4.635602474,1,-3.544128656,1,-8.08236599,1,0.448329955,1,-0.546806574,1,-0.072478749,1,0.376859605,0,-0.440285385,0,1.084474325,0
16.60388565,-4.636499405,1,-4.227246284,1,-7.891469955,1,0.400228024,1,-0.532043636,1,-0.040584959,1,0.379035532,0,-0.442208827,0,1.083360195,0
16.60788727,-4.87713623,1,-4.617554665,1,-7.640740871,1,0.341201127,1,-0.516928852,1,-0.001208692,1,0.380931795,0,-0.444134474,0,1.08240819,0
16.61188507,-5.037232399,1,-5.011592865,1,-7.304365158,1,0.282895982,1,-0.491248727,1,0.036983799,1,0.382517874,0,-0.446035743,0,1.081646919,0
16.61588478,-4.920629501,1,-5.091008663,1,-7.197502136,1,0.210207015,1,-0.469905555,1,0.077199087,1,0.383747965,0,-0.447899461,0,1.08107388,0
16.6198864,-5.241486073,1,-4.87364769,1,-7.245070457,1,0.158712283,1,-0.427292824,1,0.089236014,1,0.384655863,0,-0.449694157,0,1.08067596,0
16.6238842,-5.022379398,1,-4.551103592,1,-7.28856802,1,0.108068638,1,-0.402584851,1,0.134412557,1,0.385297835,0,-0.451395661,0,1.080439568,0
16.62788391,-4.935229778,1,-4.661349297,1,-7.428437233,1,0.038377017,1,-0.370609939,1,0.162539914,1,0.385608315,0,-0.453053951,0,1.080412507,0
16.63188553,-5.108868599,1,-3.790042877,1,-7.458518028,1,0.006398299,1,-0.341055483,1,0.179542452,1,0.385635018,0,-0.454629838,0,1.080515623,0
16.63588333,-5.195478916,1,-3.36041975,1,-7.551176071,1,-0.00915754,1,-0.315427035,1,0.184332401,1,0.385536939,0,-0.456130743,0,1.080719352,0
16.63988304,-5.189739704,1,-2.783618927,1,-7.683209896,1,-0.019550901,1,-0.294083744,1,0.202460691,1,0.385353178,0,-0.457551777,0,1.081011295,0
16.64388466,-4.931372166,1,-2.322649717,1,-7.820198059,1,-0.013792569,1,-0.284915626,1,0.203236386,1,0.385122895,0,-0.45892778,0,1.081363082,0
16.64788246,-4.819393635,1,-1.961398721,1,-8.138298988,1,0.01919077,1,-0.280069679,1,0.210533381,1,0.384966344,0,-0.460285068,0,1.081743717,0
16.65188217,-4.787925243,1,-1.602571011,1,-8.210375786,1,0.05828765,1,-0.278453827,1,0.225125641,1,0.384927094,0,-0.461637527,0,1.082181931,0
16.65588379,-4.629839897,1,-1.96389544,1,-8.147548676,1,0.09416835,1,-0.283932924,1,0.23974289,1,0.38501507,0,-0.463023841,0,1.082679629,0
16.65988159,-4.537289619,1,-2.588835239,1,-8.165960312,1,0.099057056,1,-0.286971956,1,0.251803666,1,0.385163456,0,-0.46444723,0,1.083204746,0
16.6638813,-4.763344765,1,-2.833116293,1,-7.98003912,1,0.113997035,1,-0.296338171,1,0.267092109,1,0.385333359,0,-0.465913594,0,1.083788991,0
16.66788292,-4.756748676,1,-3.082931757,1,-7.999019146,1,0.098114066,1,-0.294332355,1,0.28221935,1,0.385474145,0,-0.467428952,0,1.084426045,0
16.67188072,-4.790070534,1,-2.927238941,1,-8.054990768,1,0.084802076,1,-0.303934962,1,0.302261949,1,0.38551724,0,-0.468980551,0,1.085139632,0
16.67588043,-5.071737766,1,-2.471244812,1,-7.972302437,1,0.101100981,1,-0.291488767,1,0.304874867,1,0.385536671,0,-0.470548093,0,1.085901737,0
16.67988205,-4.913290977,1,-2.540825605,1,-7.872863293,1,0.10785614,1,-0.287391752,1,0.316662043,1,0.385591328,0,-0.472091615,0,1.086714268,0
16.68387985,-5.159369469,1,-2.59209466,1,-7.887037277,1,0.10115283,1,-0.274192184,1,0.314139575,1,0.385630637,0,-0.473616302,0,1.087557077,0
16.68787956,-5.123447418,1,-2.665280342,1,-7.747054577,1,0.087632895,1,-0.272387534,1,0.315012991,1,0.385626823,0,-0.475108713,0,1.088407636,0
16.69188118,-5.160957813,1,-2.924203157,1,-7.747980118,1,0.048542723,1,-0.270061731,1,0.314799875,1,0.385516346,0,-0.476591676,0,1.089270234,0
16.69587898,-5.197092533,1,-2.485747099,1,-7.765616894,1,0.003392565,1,-0.264451355,1,0.309486538,1,0.34447974,0,-0.515580118,0,1.080086708,0
16.69987869,-5.464318275,1,-2.079061031,1,-7.729494095,1,0.016634585,1,-0.266519159,1,0.299427986,1,0.344075859,0,-0.517002344,0,1.080973983,0
16.70388031,-5.546755314,1,-2.02377367,1,-7.68686676,1,0.026273023,1,-0.248461694,1,0.292454123,1,0.343730509,0,-0.518369615,0,1.081856608,0
16.70787811,-5.461769581,1,-2.207673311,1,-7.600739002,1,0.022058178,1,-0.244138181,1,0.279916793,1,0.343403041,0,-0.519675434,0,1.08272016,0
16.71187782,-5.598117828,1,-2.339585066,1,-7.64824152,1,0.016814414,1,-0.234937802,1,0.266524941,1,0.343070388,0,-0.520955265,0,1.083538294,0
16.71587944,-5.390734673,1,-2.275956392,1,-7.593681812,1,0.016029662,1,-0.22167775,1,0.259433985,1,0.342742085,0,-0.522163332,0,1.084322691,0
16.71987724,-5.493556023,1,-2.282860041,1,-7.677470207,1,0.017507913,1,-0.212196156,1,0.256115317,1,0.34242636,0,-0.523335636,0,1.085103393,0
16.72387695,-5.45453167,1,-2.375495672,1,-7.668774605,1,0.023966605,1,-0.20784013,1,0.256747186,1,0.342117369,0,-0.52446717,0,1.085895777,0
16.7278862,-5.400839806,1,-2.589494228,1,-7.619880676,1,0.021506686,1,-0.203053072,1,0.262384921,1,0.341799647,0,-0.525582254,0,1.086703181,0
16.73188973,-5.631200314,1,-2.84547925,1,-7.66393137,1,0.008060013,1,-0.194507167,1,0.26335296,1,0.341434568,0,-0.526684821,0,1.087546349,0
16.73589134,-5.375358582,1,-3.009755373,1,-7.64576149,1,-0.004982836,1,-0.189036727,1,0.278116703,1,0.341001332,0,-0.527767301,0,1.088434577,0
16.73989296,-5.384563446,1,-3.049869537,1,-7.761837482,1,-0.015856365,1,-0.184355631,1,0.290975749,1,0.340484679,0,-0.528845012,0,1.089383245,0
16.74389076,-5.347482204,1,-3.212025166,1,-7.756166935,1,-0.037795719,1,-0.188180923,1,0.307990313,1,0.339864969,0,-0.529944777,0,1.090399504,0
16.74788857,-5.364762306,1,-2.990542889,1,-7.677108288,1,-0.051403686,1,-0.183702067,1,0.323011667,1,0.339113146,0,-0.531061769,0,1.091498852,0
16.75189018,-5.750277996,1,-2.67110157,1,-7.690608501,1,-0.053715687,1,-0.177931309,1,0.335932016,1,0.33831507,0,-0.532194555,0,1.092659831,0
16.75588799,-5.125027657,1,-2.655370951,1,-7.740372658,1,-0.050626233,1,-0.161671191,1,0.343092889,1,0.337474346,0,-0.533268392,0,1.093907118,0
16.7598877,-5.208092213,1,-2.60372448,1,-7.898442268,1,-0.050266799,1,-0.18129015,1,0.340621531,1,0.336642981,0,-0.534369826,0,1.095151424,0
16.76388931,-5.176764011,1,-2.563001394,1,-7.966816902,1,-0.049847327,1,-0.186845869,1,0.344995886,1,0.335811615,0,-0.535519242,0,1.096372366,0
16.76788712,-5.166513443,1,-2.609867334,1,-8.124118805,1,-0.052965295,1,-0.197239667,1,0.346372157,1,0.334963143,0,-0.536703408,0,1.097611189,0
16.77188683,-5.15997839,1,-2.619102955,1,-8.113412857,1,-0.069329754,1,-0.21718654,1,0.355814397,1,0.334087372,0,-0.53795588,0,1.098837733,0
16.77588844,-5.101806641,1,-2.453528404,1,-8.181943893,1,-0.063233986,1,-0.235133559,1,0.354129463,1,0.33320412,0,-0.539282024,0,1.100056648,0
16.77988625,-4.941922665,1,-2.509867907,1,-8.258713722,1,-0.055475634,1,-0.260028362,1,0.363534003,1,0.332336813,0,-0.540686727,0,1.101272106,0
16.78388596,-4.994437695,1,-2.558955908,1,-8.425758362,1,-0.049007513,1,-0.290063381,1,0.364867151,1,0.33152774,0,-0.542202115,0,1.102451682,0
16.78788757,-4.878270626,1,-2.512047052,1,-8.52894783,1,-0.052022167,1,-0.325363278,1,0.365461379,1,0.330735832,0,-0.543842673,0,1.103595734,0
16.79188538,-4.964331627,1,-2.404182434,1,-8.614492416,1,-0.046036571,1,-0.36175406,1,0.3717812,1,0.329961032,0,-0.545617461,0,1.104702234,0
16.79588509,-4.942567348,1,-2.413099289,1,-8.683271408,1,-0.042701546,1,-0.396952748,1,0.373863608,1,0.329220414,0,-0.547531724,0,1.105781674,0
16.7998867,-4.76889658,1,-2.63245225,1,-8.838429451,1,-0.042001858,1,-0.44029054,1,0.38539055,1,0.328504682,0,-0.549603105,0,1.106844187,0
16.80388451,-4.7007761,1,-2.817911625,1,-8.976756096,1,-0.035578761,1,-0.496447831,1,0.39939636,1,0.327820599,0,-0.55187273,0,1.107865214,0
16.80788422,-4.659187794,1,-2.8778162,1,-9.065061569,1,-0.026434366,1,-0.548612773,1,0.413639337,1,0.327159166,0,-0.554376125,0,1.108886838,0
16.81188583,-4.680818081,1,-3.099850655,1,-9.243082047,1,-0.021124445,1,-0.61538434,1,0.439672172,1,0.326519161,0,-0.557128906,0,1.109912038,0
16.81588364,-4.576067924,1,-3.254298687,1,-9.258552551,1,-0.046129301,1,-0.688559592,1,0.464172125,1,0.325836003,0,-0.560165823,0,1.110954404,0
16.81988335,-4.626847744,1,-3.055958033,1,-9.315538406,1,-0.044210862,1,-0.767313838,1,0.492389172,1,0.325091213,0,-0.563540041,0,1.111991763,0
16.82388496,-4.58723259,1,-2.833958626,1,-9.424472809,1,-0.031298041,1,-0.844368994,1,0.516199887,1,0.324382842,0,-0.567237854,0,1.113033056,0
16.82788277,-4.577448845,1,-2.632878065,1,-9.5333395,1,-0.029461108,1,-0.920754433,1,0.542083204,1,0.323697031,0,-0.571263552,0,1.114086628,0
16.83188248,-4.677340031,1,-2.475761175,1,-9.642163277,1,-0.029129315,1,-1.016169071,1,0.560856402,1,0.323022485,0,-0.575629711,0,1.11511457,0
16.835886,-4.887605667,1,-2.597964525,1,-9.749207497,1,-0.043113362,1,-1.110961556,1,0.574480355,1,0.322360098,0,-0.580381811,0,1.116073012,0
16.8398819,-4.797282696,1,-2.677595139,1,-9.816790581,1,-0.091455102,1,-1.206015468,1,0.583121657,1,0.32161355,0,-0.585512877,0,1.116942883,0
16.84388161,-4.425630093,1,-2.060626745,1,-9.859603882,1,-0.086211704,1,-1.326093197,1,0.584478438,1,0.320831954,0,-0.591063499,0,1.117680907,0
16.84789085,-4.541240215,1,-1.747847199,1,-10.06760883,1,-0.048773497,1,-1.427353263,1,0.597265899,1,0.320218891,0,-0.597046733,0,1.118302703,0
16.85189438,-4.520767212,1,-2.383326054,1,-9.946398735,1,-0.033912279,1,-1.544283032,1,0.611519456,1,0.319764674,0,-0.603451729,0,1.118824005,0
16.85589409,-4.891624928,1,-3.102317333,1,-10.11087132,1,-0.059741359,1,-1.655481815,1,0.634805143,1,0.319349349,0,-0.610307157,0,1.119243383,0
16.85989571,-4.59760046,1,-3.090937614,1,-9.934402466,1,-0.113632791,1,-1.777191877,1,0.663302004,1,0.31878376,0,-0.617623329,0,1.1196208,0
16.86389351,-4.840606689,1,-3.259242058,1,-10.33403492,1,-0.151712373,1,-1.879488111,1,0.702978015,1,0.318045318,0,-0.625429809,0,1.119987607,0
16.86789322,-4.894050598,1,-3.201464415,1,-10.5534029,1,-0.193474665,1,-1.999476552,1,0.750162959,1,0.317095578,0,-0.633704901,0,1.120411873,0
16.87189674,-4.742197514,1,-2.976425171,1,-10.73945045,1,-0.224272341,1,-2.126170158,1,0.792415738,1,0.31598109,0,-0.642503619,0,1.120865345,0
16.87589455,-4.406608582,1,-3.250006676,1,-10.6125164,1,-0.237719819,1,-2.27562499,1,0.851683676,1,0.314775676,0,-0.651887178,0,1.121352673,0
16.87989426,-4.402360439,1,-3.276380062,1,-10.571908,1,-0.243505523,1,-2.432621717,1,0.904295444,1,0.313468874,0,-0.661929309,0,1.121897697,0
16.88389587,-4.241220951,1,-3.506056309,1,-10.75788403,1,-0.248886064,1,-2.617280722,1,0.97571063,1,0.312101305,0,-0.67269665,0,1.122507572,0
16.88789368,-4.330552101,1,-3.590536594,1,-11.01078701,1,-0.253594667,1,-2.807031631,1,1.064567924,1,0.310648769,0,-0.684254527,0,1.123223186,0
16.89189339,-4.048653126,1,-3.85473299,1,-11.37397957,1,-0.258883595,1,-3.028076887,1,1.162331104,1,0.309066594,0,-0.696731269,0,1.124108195,0
16.895895,-4.146887779,1,-4.426805496,1,-12.0545187,1,-0.28764841,1,-3.236368179,1,1.266421914,1,0.307281017,0,-0.710140705,0,1.125187993,0
16.89989281,-3.677023411,1,-4.647966385,1,-12.31540585,1,-0.332522035,1,-3.481716633,1,1.366859794,1,0.305189222,0,-0.7245121,0,1.126466632,0
16.90389252,-3.062477589,1,-4.615662098,1,-12.67582893,1,-0.360768706,1,-3.780206203,1,1.484865427,1,0.302808225,0,-0.740065873,0,1.127941966,0
16.90789414,-3.212111235,1,-4.90076828,1,-13.3708868,1,-0.393252224,1,-4.082912922,1,1.608810663,1,0.300153941,0,-0.756921113,0,1.129630327,0
16.91189194,-3.742249727,1,-5.442198277,1,-13.67902279,1,-0.367898792,1,-4.409727097,1,1.759207487,1,0.297260165,0,-0.775117636,0,1.13160646,0
16.91589165,-2.910421133,1,-6.788882256,1,-13.60621929,1,-0.389798492,1,-4.739946365,1,1.908759594,1,0.294050366,0,-0.794754505,0,1.134002686,0
16.91989327,-2.384816408,1,-7.495889664,1,-13.71314049,1,-0.425135761,1,-5.135303497,1,2.096378088,1,0.290356874,0,-0.815969169,0,1.136860371,0
16.92389107,-3.288297415,1,-8.280981064,1,-14.45089054,1,-0.424559236,1,-5.532228947,1,2.295629025,1,0.28610605,0,-0.83894217,0,1.140324116,0
16.92789078,-4.006615162,1,-9.484718323,1,-14.3688097,1,-0.468168139,1,-5.874825954,1,2.521631718,1,0.281095713,0,-0.863537014,0,1.14464736,0
16.9318924,-3.420062304,1,-10.92348385,1,-13.90347767,1,-0.572647572,1,-6.230254173,1,2.82031703,1,0.274675429,0,-0.889744163,0,1.150303364,0
16.9358902,-4.351485729,1,-12.9147768,1,-14.31499767,1,-0.764055252,1,-6.511231422,1,3.151636124,1,0.266017109,0,-0.917528749,0,1.157922149,0
16.93988991,-2.599940777,1,-13.31958866,1,-13.83519077,1,-0.966992557,1,-6.806340218,1,3.440324068,1,0.254634708,0,-0.94663173,0,1.167780757,0
16.94389153,-2.117881298,1,-12.18749428,1,-14.9080162,1,-1.224176526,1,-7.303815842,1,3.804651499,1,0.240030527,0,-0.97751677,0,1.180283546,0
16.94788933,-5.988465309,1,-10.75257874,1,-16.82999802,1,-1.420127034,1,-7.586352825,1,4.03464365,1,0.223183692,0,-1.010075927,0,1.190854073,0
16.95188713,-9.749638557,1,-8.83079052,1,-17.68000221,1,-1.453503966,1,-7.722167492,1,4.202838421,1,0.201483756,0,-1.043395162,0,1.209445477,0
16.95588875,-14.62434769,1,-7.743438721,1,-18.39473343,1,-1.473524213,1,-7.747933388,1,4.274738789,1,0.176049262,0,-1.077135444,0,1.231775999,0
16.95988655,-15.83696651,1,-6.524458408,1,-17.43146896,1,-1.354912162,1,-7.628209591,1,4.336975574,1,0.147170663,0,-1.11019659,0,1.257933617,0
16.96388817,-18.85902405,1,-7.585496902,1,-17.63249016,1,-1.33202219,1,-7.576307774,1,4.44189167,1,0.113499403,0,-1.142664313,0,1.289275408,0
16.96789551,-22.98690605,1,-8.550878525,1,-19.52574539,1,-1.275703669,1,-7.280263424,1,4.408901691,1,0.07427115,0,-1.174000144,0,1.326352119,0
16.97189903,-23.87176132,1,-7.517405033,1,-18.47315979,1,-1.060718775,1,-6.790519238,1,4.341720104,1,0.029811958,0,-1.20298028,0,1.369226336,0
16.97589874,-21.97842598,1,-10.47971153,1,-18.52489471,1,-0.879154205,1,-6.526927471,1,4.398496628,1,-0.02092297,0,-1.229692221,0,1.419184804,0
16.97990036,-25.14362526,1,-9.541392326,1,-19.27643013,1,-0.829132676,1,-6.193283081,1,4.300014019,1,-0.079029165,0,-1.254263163,0,1.476994753,0
16.98389816,-22.37073898,1,-10.84859943,1,-17.00260544,1,-0.82689774,1,-5.956962585,1,4.339923382,1,-0.145252243,0,-1.276435018,0,1.542983651,0
16.98789787,-22.50702667,1,-12.4489336,1,-16.99702835,1,-1.040183306,1,-5.749032021,1,4.425744534,1,-0.222640514,0,-1.296290159,0,1.619790554,0
16.99189949,-23.23391914,1,-10.46131706,1,-15.9094677,1,-1.306301832,1,-5.395944118,1,4.29931879,1,-0.310834885,0,-1.313234806,0,1.70630157,0
16.9958992,-18.53286743,1,-9.253199577,1,-12.3783474,1,-1.653620481,1,-4.967542171,1,4.232165813,1,-0.407532156,0,-1.326701403,0,1.80004108,0
16.99989891,-14.4160347,1,-7.872283936,1,-11.42423344,1,-1.969600201,1,-4.391497612,1,3.998036146,1,-0.509730458,0,-1.336196542,0,1.897724986,0
17.00389862,-10.65418243,1,-7.613131046,1,-7.856407642,1,-2.179952145,1,-3.782370806,1,3.67213726,1,-0.609482288,0,-1.341871262,0,1.991660953,0
17.00789833,-6.08174324,1,-4.612935543,1,-12.48534775,1,-2.255137444,1,-3.388781786,1,3.358190298,1,-0.704852641,0,-1.344615579,0,2.080328226,0
17.01189613,-9.013298035,1,-3.888705969,1,-15.03263092,1,-1.94879663,1,-3.011207581,1,2.89081955,1,-0.790750384,0,-1.345436215,0,2.159780741,0
17.01589775,-16.50089455,1,-2.164355278,1,-16.2491684,1,-1.666357636,1,-2.72285676,1,2.583758593,1,-0.867355108,0,-1.345144033,0,2.23094511,0
17.01989555,-28.37508583,1,2.856834173,1,-19.16040993,1,-1.007905841,1,-2.311366558,1,2.227058887,1,-0.933533967,0,-1.344035268,0,2.293283463,0
17.02389526,-20.04967117,1,-0.975863099,1,-19.34752083,1,-0.517297864,1,-1.395989895,1,2.021983385,1,-0.983492732,0,-1.341264963,0,2.341523409,0
17.02789688,-6.305316448,1,-6.637516499,1,-15.47249699,1,-0.222068816,1,-0.847089767,1,1.638440967,1,-1.017538071,0,-1.337465763,0,2.375015497,0
17.03189468,-0.278433561,1,-9.550849915,1,-11.86059284,1,-0.041169684,1,-0.583137155,1,1.281844616,1,-1.040483236,0,-1.333926439,0,2.398063183,0
17.03589439,-0.582162678,1,-9.250827789,1,-11.19971657,1,0.013360497,1,-0.490349203,1,1.107706785,1,-1.057927489,0,-1.33088994,0,2.415992975,0
17.03989601,-3.426594257,1,-7.794007778,1,-11.32201767,1,-0.054091901,1,-0.384945303,1,1.047820091,1,-1.072715163,0,-1.327989697,0,2.431157351,0
17.04389381,-5.136106491,1,-6.97480011,1,-11.68411064,1,-0.098027065,1,-0.131478578,1,0.921550214,1,-1.08436203,0,-1.324992299,0,2.442822218,0
17.04789352,-2.916659355,1,-6.571619987,1,-10.59031296,1,-0.034214888,1,0.164086655,1,0.688809931,1,-1.090320587,0,-1.32209897,0,2.448681116,0
17.05189514,-0.416071951,1,-5.963048935,1,-9.021320343,1,0.093634538,1,0.400183141,1,0.464802772,1,-1.090398788,0,-1.319533467,0,2.44886446,0
17.05589294,0.836631,1,-5.152524948,1,-8.228004456,1,0.196516663,1,0.60699594,1,0.279458582,1,-1.085530639,0,-1.317287922,0,2.444436073,0
17.05989265,1.847530723,1,-4.511729717,1,-7.974965096,1,0.299253672,1,0.807219684,1,0.09834671,1,-1.0763098,0,-1.315282583,0,2.435934067,0
17.06389427,2.676870108,1,-4.21485281,1,-7.710006714,1,0.417725474,1,0.973576367,1,-0.081783064,1,-1.063031435,0,-1.313546419,0,2.423687935,0
17.06789208,3.690285444,1,-4.029461861,1,-7.187500954,1,0.544434369,1,1.124814153,1,-0.264188468,1,-1.045943499,0,-1.312086225,0,2.408008814,0
17.07189179,4.781173706,1,-3.908653975,1,-6.634871483,1,0.658035457,1,1.254754543,1,-0.434199721,1,-1.025376439,0,-1.310865164,0,2.389224529,0
17.0758934,5.549651623,1,-3.946363688,1,-6.229289532,1,0.743459642,1,1.37422204,1,-0.586979866,1,-1.001725435,0,-1.309811592,0,2.367657423,0
17.07989121,6.158728123,1,-3.987312555,1,-6.077522278,1,0.805598199,1,1.485631466,1,-0.730232835,1,-0.975326777,0,-1.308874846,0,2.34354043,0
17.08389092,6.496408939,1,-3.88715744,1,-6.039854527,1,0.855889916,1,1.577350259,1,-0.872720957,1,-0.946450293,0,-1.307990551,0,2.317083597,0
17.08790016,6.613618851,1,-3.721900702,1,-6.082400322,1,0.893652141,1,1.660524249,1,-0.998237967,1,-0.915342748,0,-1.307129741,0,2.288491964,0
17.09190369,6.634940147,1,-3.496716022,1,-6.164601803,1,0.915885389,1,1.732366681,1,-1.120257974,1,-0.882354081,0,-1.306216955,0,2.258067846,0
17.0959034,6.560759544,1,-3.368772507,1,-6.182057858,1,0.935295045,1,1.8013165,1,-1.21782279,1,-0.847644806,0,-1.305187941,0,2.225944519,0
17.09990501,6.396028519,1,-3.192945957,1,-6.280186653,1,0.944159091,1,1.871999383,1,-1.303304553,1,-0.811517656,0,-1.30395484,0,2.192391872,0
17.10390282,5.954614162,1,-3.031211138,1,-6.475641727,1,0.953084111,1,1.958007932,1,-1.380865335,1,-0.774077296,0,-1.302412152,0,2.157505751,0
17.10790253,5.413107395,1,-2.793972254,1,-6.693024158,1,0.969718635,1,2.059098721,1,-1.438904166,1,-0.735398769,0,-1.300422668,0,2.1213727,0
17.11190414,4.996994495,1,-2.55867219,1,-6.951734543,1,0.997564793,1,2.178834915,1,-1.484898567,1,-0.695643961,0,-1.297874689,0,2.08419013,0
17.11590385,4.580199242,1,-2.274286509,1,-7.208385944,1,1.020035148,1,2.298960686,1,-1.521439791,1,-0.655068398,0,-1.294646025,0,2.046220064,0
17.11990166,4.177760601,1,-1.920266628,1,-7.494246006,1,1.053431869,1,2.43007803,1,-1.550320148,1,-0.61393261,0,-1.290664196,0,2.007744789,0
17.12390328,3.81259799,1,-1.663268089,1,-7.731397629,1,1.098711967,1,2.564059258,1,-1.566382885,1,-0.572593451,0,-1.285865545,0,1.969176173,0
17.12790299,3.491387129,1,-1.427702546,1,-7.950150013,1,1.150509834,1,2.704435587,1,-1.568845272,1,-0.53139025,0,-1.280183196,0,1.930895805,0
17.13190079,2.950735807,1,-1.254499078,1,-8.038846016,1,1.20426333,1,2.844701052,1,-1.5721668,1,-0.490632057,0,-1.273579478,0,1.893237114,0
17.13590241,2.393066168,1,-1.098020792,1,-8.254267693,1,1.266638517,1,2.999153137,1,-1.570495009,1,-0.450573087,0,-1.266012311,0,1.856459737,0
17.13990021,1.806560516,1,-1.00502491,1,-8.357747078,1,1.319790959,1,3.154756784,1,-1.566652894,1,-0.411440283,0,-1.257454038,0,1.820809603,0
17.14389992,1.199568748,1,-0.990274549,1,-8.423676491,1,1.377193213,1,3.317287922,1,-1.560747504,1,-0.373461783,0,-1.247894526,0,1.786507964,0
17.14790154,0.685472667,1,-0.888293564,1,-8.539974213,1,1.436719894,1,3.490396738,1,-1.553250074,1,-0.33678335,0,-1.237291694,0,1.75370574,0
17.15189934,0.169177189,1,-0.905528367,1,-8.651312828,1,1.489525795,1,3.657211781,1,-1.546908975,1,-0.301525027,0,-1.225658894,0,1.722529411,0
17.15589905,-0.394803107,1,-0.916344047,1,-8.796088219,1,1.550720215,1,3.831780672,1,-1.535800934,1,-0.267836183,0,-1.213011622,0,1.693133712,0
17.15990067,-0.91918844,1,-0.889259577,1,-8.942527771,1,1.608843446,1,4.009311676,1,-1.532645583,1,-0.235696539,0,-1.19935298,0,1.665497899,0
17.16389847,-1.436199307,1,-0.917533398,1,-9.102638245,1,1.662919402,1,4.184135437,1,-1.52932322,1,-0.205157012,0,-1.184695721,0,1.63967514,0
17.16789818,-1.861827493,1,-0.930897593,1,-9.251348495,1,1.717150569,1,4.359072685,1,-1.529993773,1,-0.176156521,0,-1.169082284,0,1.615590811,0
17.1718998,-2.234566212,1,-0.968896747,1,-9.359018326,1,1.773205638,1,4.53399086,1,-1.535955548,1,-0.148630291,0,-1.152522326,0,1.593197107,0
17.1758976,-2.441419601,1,-0.922338128,1,-9.483810425,1,1.824687004,1,4.687035561,1,-1.545336723,1,-0.122542121,0,-1.135076046,0,1.57244575,0
17.17989731,-2.536845922,1,-0.784807205,1,-9.615828514,1,1.882188082,1,4.83450079,1,-1.560770392,1,-0.097785614,0,-1.116821766,0,1.553224683,0
17.18389893,-2.754799366,1,-0.657610118,1,-9.615130424,1,1.941658378,1,4.970409393,1,-1.570824742,1,-0.074287154,0,-1.097822785,0,1.535501122,0
17.18789673,-2.908017159,1,-0.447539359,1,-9.653575897,1,2.01543498,1,5.089407921,1,-1.578711748,1,-0.05195922,0,-1.078141809,0,1.519223452,0
17.19189644,-3.045840025,1,-0.291477263,1,-9.672953606,1,2.103062868,1,5.199727058,1,-1.593332052,1,-0.03066186,0,-1.057833791,0,1.504315734,0
17.19589806,-3.050419807,1,-0.216658339,1,-9.737650871,1,2.19351697,1,5.296484947,1,-1.603318214,1,0.086433128,0,-0.844130814,0,1.272139072,0
17.19989586,-3.209057808,1,-0.069657117,1,-9.803233147,1,2.287673712,1,5.370947838,1,-1.606311321,1,0.100243025,0,-0.822294414,0,1.265598893,0
17.20389557,-3.262162209,1,-0.074008621,1,-9.815270424,1,2.387203693,1,5.440736771,1,-1.608788371,1,0.113897108,0,-0.800110042,0,1.259660602,0
17.20790482,-3.445805788,1,-0.007137004,1,-9.851481438,1,2.491160154,1,5.495934963,1,-1.607075453,1,0.127438143,0,-0.777625084,0,1.254320502,0
17.21190834,-3.521847725,1,-0.106953062,1,-9.936386108,1,2.596339464,1,5.540105343,1,-1.598031998,1,0.140897572,0,-0.754890442,0,1.249587655,0
17.21590805,-3.948752165,1,-0.177762538,1,-10.09103203,1,2.699095488,1,5.579020977,1,-1.596485972,1,0.154291034,0,-0.731954813,0,1.245440722,0
17.21990967,-4.3511343,1,-0.406469971,1,-10.24825191,1,2.786931038,1,5.622813702,1,-1.595845461,1,0.167645782,0,-0.708812773,0,1.241821051,0
17.22390747,-4.692109585,1,-0.763032854,1,-10.35780621,1,2.861102819,1,5.66185236,1,-1.606375813,1,0.180956885,0,-0.685476065,0,1.238688946,0
17.22790718,-5.015901089,1,-1.13743329,1,-10.46316814,1,2.910954714,1,5.688486099,1,-1.62817502,1,0.194205955,0,-0.66196841,0,1.235978723,0
17.2319088,-5.314627647,1,-1.507842422,1,-10.74286175,1,2.932730198,1,5.721257687,1,-1.654782295,1,0.207310036,0,-0.6382972,0,1.233626604,0
17.2359066,-5.629364491,1,-1.863447666,1,-10.98869133,1,2.94144845,1,5.739456654,1,-1.696286201,1,0.220288321,0,-0.614477038,0,1.231552124,0
17.23990631,-5.89253664,1,-2.129828691,1,-11.23754597,1,2.940721035,1,5.754350662,1,-1.758016348,1,0.233126968,0,-0.590528488,0,1.229660034,0
17.24390793,-6.339664459,1,-2.342083931,1,-11.64582253,1,2.939596891,1,5.771425247,1,-1.828756332,1,0.245867074,0,-0.566433787,0,1.227872372,0
17.24790573,-6.761591911,1,-2.412890673,1,-12.09306526,1,2.941877604,1,5.784972668,1,-1.923045516,1,0.258542031,0,-0.542184711,0,1.226126671,0
17.25190544,-7.122432709,1,-2.533803225,1,-12.61136055,1,2.960558414,1,5.788057804,1,-2.026821136,1,0.271259785,0,-0.517783284,0,1.224318624,0
17.25590706,-7.608073235,1,-2.453899622,1,-13.2458086,1,2.992221832,1,5.792571545,1,-2.145799875,1,0.284074605,0,-0.493222088,0,1.22241354,0
17.25990486,-7.973673344,1,-2.479525328,1,-13.87559891,1,3.028287172,1,5.789429188,1,-2.286843061,1,0.297066629,0,-0.468479335,0,1.220322609,0
17.26390457,-8.423047066,1,-2.337364674,1,-14.53315449,1,3.084575653,1,5.792207718,1,-2.443624258,1,0.310310185,0,-0.443550825,0,1.217989564,0
17.26790619,-8.875488281,1,-2.151720047,1,-15.21447754,1,3.157817364,1,5.776550293,1,-2.613257408,1,0.323890477,0,-0.418410003,0,1.215356588,0
17.27190399,-9.630864143,1,-2.076670885,1,-15.80563259,1,3.247389078,1,5.771836281,1,-2.785899639,1,0.337859213,0,-0.393059969,0,1.212409616,0
17.2759037,-10.34454536,1,-1.949925065,1,-16.33456993,1,3.347111464,1,5.755432129,1,-2.966154337,1,0.352258861,0,-0.367477238,0,1.2091465,0
17.27990532,-11.09347057,1,-2.055987835,1,-16.89204979,1,3.431388378,1,5.730731487,1,-3.143861532,1,0.367063165,0,-0.341669142,0,1.205574155,0
17.28390312,-11.72005463,1,-2.311402082,1,-17.34051132,1,3.500192642,1,5.703238487,1,-3.309889555,1,0.382178247,0,-0.315653384,0,1.201717854,0
17.28790283,-12.74612999,1,-2.577306986,1,-17.86580276,1,3.543900967,1,5.655016899,1,-3.481461525,1,0.397497118,0,-0.289476424,0,1.197597265,0
17.29190445,-13.98338795,1,-2.786968231,1,-18.22912407,1,3.549802065,1,5.60813427,1,-3.650450706,1,0.41289255,0,-0.263152033,0,1.193208814,0
17.29590225,-15.38958931,1,-2.96077323,1,-18.41971779,1,3.512402534,1,5.549868584,1,-3.830218077,1,0.428181559,0,-0.236672193,0,1.188515425,0
17.29990196,-17.07388496,1,-3.030503511,1,-18.72066116,1,3.435097694,1,5.476730347,1,-4.034482002,1,0.443209589,0,-0.210046366,0,1.183442235,0
17.30390358,-18.98841858,1,-2.814799547,1,-18.74569321,1,3.307660341,1,5.391237736,1,-4.232914925,1,0.457785636,0,-0.183284581,0,1.177920699,0
17.30790138,-20.58931923,1,-1.662470698,1,-18.97619247,1,3.160602093,1,5.262752533,1,-4.433386326,1,0.471749783,0,-0.156454623,0,1.171898365,0
17.31190109,-22.55574226,1,0.843300641,1,-19.28889465,1,3.036860704,1,5.097433567,1,-4.614087105,1,0.485061705,0,-0.129712746,0,1.165307879,0
17.31590271,-25.14239311,1,3.678592205,1,-18.87855721,1,3.021204948,1,4.936583519,1,-4.739008427,1,0.497969925,0,-0.103201568,0,1.158230424,0
17.31990051,-28.3203373,1,5.715298653,1,-17.52994347,1,3.140139341,1,4.850994587,1,-4.802490234,1,0.510921597,0,-0.076844625,0,1.150944948,0
17.32390022,-31.40168953,1,5.609838486,1,-15.88044262,1,3.28366518,1,4.821663857,1,-4.811113358,1,0.524247408,0,-0.050542623,0,1.14377594,0
17.32790947,-34.575737,1,5.097258091,1,-12.65664673,1,3.311363459,1,4.93121624,1,-4.790138245,1,0.537627876,0,-0.023913471,0,1.136961937,0
17.33191299,-33.57360458,1,2.598498583,1,-9.356539726,1,3.173456192,1,4.718052864,1,-4.439669132,1,0.550747097,0,0.002129035,0,1.131218314,0
17.3359127,-35.38167953,1,1.072235346,1,-7.444721699,1,2.93281889,1,4.550467014,1,-4.069952965,1,0.562924325,0,0.026874306,0,1.126520634,0
17.33991432,-34.10429764,1,1.021329403,1,-4.174078941,1,2.564448595,1,4.334928513,1,-3.596833706,1,0.573828518,0,0.050127368,0,1.123175263,0
17.34391213,-32.69848251,1,4.339810848,1,-1.956653237,1,2.224172115,1,3.963750362,1,-3.079870701,1,0.583243608,0,0.071352288,0,1.121079087,0
17.34791184,-30.90665436,1,9.233621597,1,0.305668682,1,2.08918786,1,3.506406784,1,-2.53126049,1,0.591725349,0,0.090021096,0,1.120030642,0
17.35191345,-30.05313301,1,13.87669754,1,1.641397715,1,2.164509773,1,3.001514435,1,-1.989261508,1,0.600158572,0,0.105867885,0,1.119860291,0
17.35591126,-30.04088211,1,17.9992733,1,2.800871611,1,2.41686058,1,2.504842758,1,-1.511735201,1,0.609350264,0,0.118884742,0,1.120368719,0
17.35991097,-30.60175896,1,20.38655853,1,3.360249996,1,2.742055655,1,2.048921347,1,-1.109294295,1,0.619785607,0,0.129329503,0,1.121361494,0
17.36391258,-31.68614769,1,21.23254967,1,4.315299511,1,3.051232576,1,1.606541038,1,-0.744112194,1,0.631581366,0,0.13741155,0,1.122651815,0
17.36791039,-33.05896378,1,19.53676987,1,4.48032856,1,3.189603329,1,1.232065439,1,-0.447578073,1,0.644319177,0,0.143378988,0,1.12413764,0
17.3719101,-33.68803787,1,17.70707321,1,4.475746632,1,3.118409872,1,0.884724796,1,-0.214350656,1,0.65721184,0,0.147536024,0,1.12567234,0
17.37591171,-34.09728241,1,15.59188747,1,4.418117046,1,2.824733257,1,0.602223873,1,-0.02598775,1,0.669374347,0,0.150167197,0,1.127142668,0
17.37990952,-34.51789856,1,13.28741741,1,4.275532722,1,2.314785004,1,0.36349085,1,0.121921718,1,0.679903507,0,0.151542932,0,1.128501296,0
17.38390923,-34.49224854,1,10.48987865,1,3.911100626,1,1.603643775,1,0.171607122,1,0.268844306,1,0.68798542,0,0.151881412,0,1.129789114,0
17.38791084,-18.74502945,1,-6.127772331,1,-0.711528063,1,0.010037452,1,-0.311510205,1,0.743837357,1,0.691844404,0,0.150577724,0,1.131167889,0
17.39190865,-36.78361893,1,-0.992176652,1,6.747679234,1,-1.823253512,1,-1.414602041,1,1.700437546,1,0.688241363,0,0.144901335,0,1.132752657,0
17.39590836,-39.99425125,1,7.141388893,1,12.01656246,1,-2.793125629,1,-2.005974054,1,2.590957642,1,0.679150581,0,0.134008408,0,1.135025144,0
17.39990997,-15.67567635,1,12.59471607,1,13.72450447,1,-2.910713434,1,-2.237104654,1,3.266831636,1,0.667996228,0,0.119958408,0,1.138951302,0
17.40390778,5.879592419,1,11.17929935,1,4.848941803,1,-2.997304201,1,-2.413551092,1,3.76377821,1,0.656968236,0,0.104080863,0,1.144436359,0
17.40790749,-7.426555157,1,6.437617302,1,-11.88739491,1,-3.112035036,1,-2.891066074,1,4.195523262,1,0.6451208,0,0.085913114,0,1.150702238,0
17.4119091,-15.02401543,1,-4.938272953,1,-23.38111687,1,-2.617047071,1,-2.495864153,1,4.191628456,1,0.634226203,0,0.066972032,0,1.157719135,0
17.41590691,-2.82378602,1,-20.3275032,1,-29.47653008,1,-2.26170063,1,-1.725295424,1,3.982791662,1,0.624991417,0,0.050564073,0,1.165991426,0
17.41990662,3.998170376,1,-31.63527107,1,-25.44292831,1,-2.561289787,1,-1.295637131,1,3.639791012,1,0.615916669,0,0.036838368,0,1.17490387,0
17.42390823,4.937529564,1,-32.43161011,1,-15.22900391,1,-3.066173792,1,-1.36677599,1,3.332112074,1,0.60490644,0,0.024584325,0,1.183365464,0
17.42790604,2.010982037,1,-26.49534225,1,-8.312888145,1,-3.435450792,1,-1.829852819,1,3.148866892,1,0.592010021,0,0.012050651,0,1.190347195,0
17.43190575,1.304310441,1,-15.36406231,1,-5.865942478,1,-3.775866508,1,-2.496772766,1,3.024437189,1,0.577699542,0,-0.001900793,0,1.196024537,0
17.43590736,5.321436882,1,-6.499186516,1,-3.724045515,1,-3.732026339,1,-3.356476784,1,2.900290966,1,0.562592387,0,-0.018100431,0,1.199625731,0
17.43990517,-1.385804892,1,-1.44318378,1,-6.32840538,1,-3.755872488,1,-4.257928371,1,2.630918503,1,0.547550142,0,-0.037019517,0,1.200970411,0
17.44390488,-9.514533043,1,-1.09893322,1,-10.14267159,1,-3.624213219,1,-4.593391418,1,2.272247553,1,0.532772064,0,-0.057344563,0,1.200256824,0
17.44791412,-15.60443974,1,1.110516667,1,-14.55618,1,-3.4225142,1,-4.609780788,1,1.816119075,1,0.518605888,0,-0.076787136,0,1.19418478,0
17.45191765,-22.44323921,1,6.852623463,1,-19.58563805,1,-3.162108183,1,-4.208662987,1,1.395456314,1,0.505709648,0,-0.095379561,0,1.191052318,0
17.45591736,-25.80310059,1,11.76358318,1,-19.61826706,1,-2.812328577,1,-3.579710007,1,1.137333035,1,0.493992776,0,-0.111496076,0,1.187944889,0
17.45991898,-20.60253143,1,14.82724285,1,-18.76366997,1,-2.285758972,1,-3.044500589,1,1.062322736,1,0.484103501,0,-0.125162646,0,1.185583115,0
17.46391678,-18.20638466,1,16.58270264,1,-16.9530735,1,-1.787490129,1,-2.726478815,1,1.199235797,1,0.476115614,0,-0.137454286,0,1.184214115,0
17.46791649,-15.29732609,1,13.32090664,1,-16.13854408,1,-1.372621655,1,-2.38523078,1,1.363837361,1,0.469831824,0,-0.148900524,0,1.184125781,0
17.47191811,-10.58448696,1,9.208145142,1,-14.4174614,1,-1.011203289,1,-2.103394032,1,1.491087794,1,0.464925885,0,-0.159440026,0,1.185237408,0
17.47591591,-9.009977341,1,4.053533077,1,-13.0462122,1,-0.775379062,1,-1.992263675,1,1.531566978,1,0.461103588,0,-0.16945909,0,1.187023401,0
17.47991562,-10.06517315,1,-1.48807168,1,-10.89807701,1,-0.707468569,1,-1.822378516,1,1.464787006,1,0.457817912,0,-0.179019883,0,1.189077139,0
17.48391724,-8.032148361,1,-4.709353924,1,-8.181179047,1,-0.621590376,1,-1.698107719,1,1.268376231,1,0.454832047,0,-0.187722281,0,1.190925002,0
17.48791695,-7.646580696,1,-6.84781456,1,-6.18170929,1,-0.684161544,1,-1.651412964,1,1.097818375,1,0.452005804,0,-0.195823193,0,1.192261338,0
17.49191475,-6.126201153,1,-7.421047211,1,-5.163333416,1,-0.79328227,1,-1.584983349,1,0.956032038,1,0.4488796,0,-0.203402817,0,1.193153024,0
17.49591637,-7.359282494,1,-6.031150341,1,-6.308067799,1,-0.9691239,1,-1.510936379,1,0.894698977,1,0.445225596,0,-0.210602745,0,1.193809032,0
17.49991417,-10.55067062,1,-4.85029459,1,-8.432023048,1,-1.102660894,1,-1.303406119,1,0.823793054,1,0.440861106,0,-0.217172489,0,1.194525599,0
17.50391388,-12.55139446,1,-1.31607008,1,-10.27190399,1,-1.098972917,1,-0.978396654,1,0.77759707,1,0.436238647,0,-0.222709179,0,1.195480585,0
17.5079155,-14.50298595,1,0.854754388,1,-11.75137424,1,-0.999236047,1,-0.612199783,1,0.719858587,1,0.431664586,0,-0.226866692,0,1.196894526,0
17.5119133,-10.40923023,1,3.018975973,1,-10.77335835,1,-0.851231813,1,-0.311976522,1,0.704017997,1,0.427561462,0,-0.229650855,0,1.198785901,0
17.51591301,-7.840294838,1,1.92660892,1,-10.47396946,1,-0.732182086,1,-0.231928036,1,0.659640431,1,0.423878372,0,-0.231738761,0,1.200912595,0
17.51991463,-6.466377258,1,0.457772732,1,-10.4118948,1,-0.573522627,1,-0.188870907,1,0.531669199,1,0.420865178,0,-0.233512267,0,1.202785611,0
17.52391243,-5.16745472,1,-1.550765157,1,-9.813005447,1,-0.490872979,1,-0.153590322,1,0.410243332,1,0.418382019,0,-0.234891593,0,1.204268217,0
17.52791214,-4.139886856,1,-3.093218088,1,-9.496926308,1,-0.420602411,1,-0.17639783,1,0.345678508,1,0.416308105,0,-0.236076549,0,1.205394387,0
17.53191376,-6.155930996,1,-2.787899017,1,-10.1064539,1,-0.400513589,1,-0.135884687,1,0.343364775,1,0.4143852,0,-0.237206265,0,1.206422567,0
17.53591156,-4.789597988,1,-3.11231184,1,-9.115231514,1,-0.376429707,1,-0.148905858,1,0.396076024,1,0.412568212,0,-0.238304779,0,1.207571864,0
17.53991127,-4.754206657,1,-3.609709501,1,-8.963880539,1,-0.367668748,1,-0.182667881,1,0.40373373,1,0.410781741,0,-0.239557296,0,1.208827257,0
17.54391289,-5.104906082,1,-3.715685129,1,-8.849196434,1,-0.362499297,1,-0.173135996,1,0.385768175,1,0.409027547,0,-0.240853012,0,1.210030675,0
17.54791069,-4.956808567,1,-3.499676466,1,-8.777123451,1,-0.34081316,1,-0.184096396,1,0.374432921,1,0.407344401,0,-0.24210763,0,1.211172938,0
17.55190849,-4.572553158,1,-3.031521082,1,-8.945736885,1,-0.337732911,1,-0.178494677,1,0.382314861,1,0.405724764,0,-0.243362054,0,1.212298512,0
17.55591011,-4.537620068,1,-2.353311539,1,-9.131560326,1,-0.325273871,1,-0.190187216,1,0.398597717,1,0.404113352,0,-0.244667336,0,1.213481426,0
17.55990791,-4.897077084,1,-1.753200054,1,-9.089626312,1,-0.298553824,1,-0.196041018,1,0.387583792,1,0.40257585,0,-0.245988443,0,1.214664102,0
17.56390762,-5.456746101,1,-1.464065194,1,-8.998235703,1,-0.253768951,1,-0.19502002,1,0.364443898,1,0.401189685,0,-0.247296557,0,1.215797186,0
17.56791687,-6.429605007,1,-1.53303659,1,-8.918572426,1,-0.195616573,1,-0.179339856,1,0.320211649,1,0.400037408,0,-0.248527333,0,1.216802478,0
17.5719204,-5.303983212,1,-1.919443607,1,-8.875196457,1,-0.142300636,1,-0.188442543,1,0.27083391,1,0.399174392,0,-0.249651045,0,1.217630863,0
17.57592011,-4.446372032,1,-2.451605558,1,-9.134633064,1,-0.112536259,1,-0.210900664,1,0.246047363,1,0.398508251,0,-0.250775784,0,1.218281627,0
17.57992172,-3.929111481,1,-2.847302914,1,-9.329240799,1,-0.094612472,1,-0.242720187,1,0.243216753,1,0.397951037,0,-0.251995474,0,1.218845963,0
17.58391953,-4.359379768,1,-2.962252378,1,-9.199408531,1,-0.099776223,1,-0.280569345,1,0.261417568,1,0.397433639,0,-0.253354251,0,1.219389081,0
17.58791924,-5.456434727,1,-2.82865572,1,-8.884093285,1,-0.102228165,1,-0.281648397,1,0.25838393,1,0.396892369,0,-0.254803002,0,1.219938159,0
17.59192085,-5.420604229,1,-2.791996717,1,-8.540426254,1,-0.099973761,1,-0.290878057,1,0.247234598,1,0.396354616,0,-0.256250769,0,1.220456839,0
17.59591866,-4.973482132,1,-2.70528698,1,-8.607187271,1,-0.097700045,1,-0.299862206,1,0.232162178,1,0.39584744,0,-0.257705748,0,1.220892787,0
17.59991837,-4.577991486,1,-2.592325211,1,-8.815613747,1,-0.09278965,1,-0.322073042,1,0.21365203,1,0.395385951,0,-0.259197295,0,1.221232891,0
17.60391998,-4.366492748,1,-2.537783384,1,-8.904551506,1,-0.091902629,1,-0.345398694,1,0.207961455,1,0.394943714,0,-0.260744661,0,1.221501946,0
17.60791779,-4.661005974,1,-2.40664053,1,-8.755589485,1,-0.090600863,1,-0.369621247,1,0.197341889,1,0.394528627,0,-0.262383014,0,1.221704602,0
17.6119175,-5.054382801,1,-2.340787411,1,-8.669535637,1,-0.077778116,1,-0.386010945,1,0.173846692,1,0.394163728,0,-0.264063299,0,1.221811771,0
17.61591911,-4.996200085,1,-2.356003761,1,-8.68430233,1,-0.068437912,1,-0.387957394,1,0.155723512,1,0.393856823,0,-0.265745878,0,1.22183013,0
17.61991692,-4.795866489,1,-2.302553654,1,-8.856121063,1,-0.052010469,1,-0.399868101,1,0.139837503,1,0.393636823,0,-0.267431825,0,1.221764565,0
17.62391663,-4.53264904,1,-2.252366543,1,-8.786772728,1,-0.048931651,1,-0.416799396,1,0.128679246,1,0.393471748,0,-0.269142956,0,1.22162509,0
17.62791824,-4.767864704,1,-2.125718355,1,-8.739447594,1,-0.035902269,1,-0.423884004,1,0.11982476,1,0.393356442,0,-0.270885259,0,1.221436858,0
17.63191605,-4.950389862,1,-2.004448175,1,-8.602253914,1,-0.019474152,1,-0.427260101,1,0.101384684,1,0.39331001,0,-0.27262789,0,1.221185684,0
17.63591576,-5.112354279,1,-1.859441996,1,-8.529657364,1,0.002311677,1,-0.431921899,1,0.074437007,1,0.393365949,0,-0.274356514,0,1.220846057,0
17.63991737,-5.246670723,1,-1.642374516,1,-8.564161301,1,0.033390198,1,-0.428859502,1,0.049154866,1,0.393567026,0,-0.2760548,0,1.22039485,0
17.64391518,-5.01160717,1,-1.58033216,1,-8.59817791,1,0.069128789,1,-0.438687205,1,0.03468515,1,0.393915772,0,-0.277720749,0,1.219863534,0
17.64791489,-5.015163422,1,-1.80848825,1,-8.545127869,1,0.097151622,1,-0.4413836,1,0.009482165,1,0.394422472,0,-0.279377699,0,1.219248533,0
17.6519165,-4.853365898,1,-2.266655922,1,-8.448359489,1,0.113392651,1,-0.442952454,1,-0.003069014,1,0.395033836,0,-0.281004727,0,1.218561292,0
17.65591431,-5.048551083,1,-2.689359426,1,-8.36824894,1,0.119737245,1,-0.438036591,1,-0.007090297,1,0.395701736,0,-0.282638192,0,1.217836738,0
17.65991211,-4.742061138,1,-3.215610743,1,-8.235408783,1,0.105963968,1,-0.441831887,1,-0.000426288,1,0.396361917,0,-0.284255505,0,1.217104912,0
17.66391373,-4.999014854,1,-3.156996012,1,-8.128377914,1,0.088484727,1,-0.435109496,1,0.016483093,1,0.396934062,0,-0.285880476,0,1.216425776,0
17.66791153,-4.9465909,1,-3.317766428,1,-8.061497688,1,0.070988826,1,-0.424781173,1,0.036767308,1,0.397440046,0,-0.287510335,0,1.215827465,0
17.67191124,-4.889053822,1,-3.465444803,1,-7.982207298,1,0.051490292,1,-0.425534397,1,0.054412492,1,0.397829175,0,-0.289155006,0,1.215322733,0
17.67591286,-5.015507698,1,-3.473703146,1,-7.884182453,1,0.044856802,1,-0.410330594,1,0.063149706,1,0.398148775,0,-0.290787101,0,1.214872599,0
17.67991066,-4.743636608,1,-3.444525242,1,-7.983886242,1,0.029772718,1,-0.4014211,1,0.091150589,1,0.398391366,0,-0.292409539,0,1.214513898,0
17.68391037,-4.821176529,1,-3.205960035,1,-7.999970913,1,0.030710556,1,-0.392954051,1,0.099534154,1,0.398583651,0,-0.294029117,0,1.214235902,0
17.68791771,-4.811344147,1,-2.967558622,1,-8.042209625,1,0.033208385,1,-0.381677389,1,0.112289965,1,0.398766994,0,-0.29562366,0,1.214012384,0
17.69192314,-4.834843159,1,-2.870302916,1,-8.028324127,1,0.048511118,1,-0.378147542,1,0.122085989,1,0.398983777,0,-0.297217131,0,1.213845253,0
17.69592285,-4.701131821,1,-2.857965946,1,-8.186601639,1,0.042489227,1,-0.38151294,1,0.12467768,1,0.298886687,0,-0.444895983,0,1.159136295,0
17.69992447,-4.567608356,1,-2.597336292,1,-8.329642296,1,0.067124188,1,-0.394243181,1,0.141086072,1,0.299079955,0,-0.446529239,0,1.159190059,0
17.70392227,-4.552312851,1,-2.370501041,1,-8.475726128,1,0.081028365,1,-0.399999082,1,0.151584983,1,0.299329281,0,-0.448217809,0,1.159293413,0
17.70792198,-4.65830946,1,-1.955279112,1,-8.46064949,1,0.129553854,1,-0.414088368,1,0.158089489,1,0.299678624,0,-0.449945062,0,1.159419894,0
17.7119236,-4.749688148,1,-2.095139265,1,-8.553459167,1,0.179583341,1,-0.426190317,1,0.168717191,1,0.300235927,0,-0.451743156,0,1.159561872,0
17.7159214,-4.776751518,1,-2.142665386,1,-8.422465324,1,0.219285816,1,-0.437792301,1,0.182637349,1,0.300950825,0,-0.45360297,0,1.159739137,0
17.71991921,-4.829684734,1,-2.513380051,1,-8.325390816,1,0.250253141,1,-0.451314747,1,0.189569667,1,0.301818669,0,-0.455517411,0,1.159952641,0
17.72392082,-4.641838074,1,-3.118737459,1,-8.307759285,1,0.238954544,1,-0.474205583,1,0.206925496,1,0.302722096,0,-0.457514256,0,1.16017437,0
17.72791863,-4.614269733,1,-2.727250576,1,-8.456989288,1,0.173770219,1,-0.510671496,1,0.205291003,1,0.303426683,0,-0.459645331,0,1.160409451,0
17.73191834,-4.843429565,1,-2.032101393,1,-8.364626884,1,0.22320202,1,-0.536200941,1,0.208764985,1,0.304142594,0,-0.461895257,0,1.160589814,0
17.73591995,-4.83447504,1,-1.984757066,1,-8.483797073,1,0.260840774,1,-0.539112031,1,0.216376677,1,0.305029064,0,-0.46420145,0,1.160774589,0
17.73991966,-4.944693089,1,-2.136170149,1,-8.384918213,1,0.272779077,1,-0.564982831,1,0.217271969,1,0.306001425,0,-0.466568589,0,1.160972238,0
17.74391747,-4.952389717,1,-2.098575354,1,-8.247760773,1,0.276730448,1,-0.582314193,1,0.205381826,1,0.30705452,0,-0.469020456,0,1.161091328,0
17.74791908,-4.95375967,1,-2.343617201,1,-8.261188507,1,0.271571517,1,-0.60502255,1,0.205816671,1,0.308127344,0,-0.4715316,0,1.161166787,0
17.75191689,-4.835965157,1,-2.015749693,1,-8.272650719,1,0.265692919,1,-0.626653135,1,0.201911286,1,0.309155047,0,-0.474115968,0,1.161203861,0
17.7559166,-5.04353857,1,-1.969055891,1,-8.143062592,1,0.300328314,1,-0.640731335,1,0.187672555,1,0.31029886,0,-0.476781815,0,1.161171079,0
17.75991821,-5.325634956,1,-2.057357788,1,-8.096755981,1,0.309603781,1,-0.643675089,1,0.19152087,1,0.311553359,0,-0.479466707,0,1.161097288,0
17.76391602,-5.219948769,1,-2.254399538,1,-7.953052998,1,0.31363669,1,-0.652730107,1,0.187122047,1,0.312843919,0,-0.482167125,0,1.161010623,0
17.76791573,-5.172380447,1,-2.677431345,1,-8.013666153,1,0.300379246,1,-0.659114957,1,0.182146922,1,0.314144015,0,-0.484891266,0,1.160871387,0
17.77191734,-5.171387672,1,-2.751583338,1,-7.927705288,1,0.253169984,1,-0.673832297,1,0.180469945,1,0.315330803,0,-0.487656593,0,1.160723686,0
17.77591515,-5.307648659,1,-2.384109974,1,-7.894399166,1,0.255645841,1,-0.686008036,1,0.17182979,1,0.316430926,0,-0.490463972,0,1.160534263,0
17.77991486,-5.372136116,1,-2.178464651,1,-7.825945854,1,0.273879915,1,-0.686390996,1,0.168987796,1,0.317593127,0,-0.493299454,0,1.160306692,0
17.78391647,-5.400748253,1,-2.258714437,1,-7.682075977,1,0.281310558,1,-0.685437918,1,0.165383413,1,0.318823904,0,-0.496108055,0,1.160058498,0
17.78791428,-5.404797077,1,-2.505458117,1,-7.616248608,1,0.281641543,1,-0.680206478,1,0.158259943,1,0.320082188,0,-0.498897552,0,1.159772992,0
17.79191399,-5.43321991,1,-2.714520216,1,-7.502057076,1,0.265115857,1,-0.671318889,1,0.158331633,1,0.321318209,0,-0.501664817,0,1.159475327,0
17.7959156,-5.551620007,1,-2.769211054,1,-7.40819931,1,0.254241616,1,-0.657381356,1,0.15923728,1,0.322479695,0,-0.504393339,0,1.15921104,0
17.79991341,-5.559145451,1,-2.89698267,1,-7.329901218,1,0.244428024,1,-0.651802003,1,0.166849911,1,0.323597193,0,-0.507088244,0,1.158972979,0
17.80391312,-5.636733532,1,-3.023895741,1,-7.261835575,1,0.2197662,1,-0.627739251,1,0.17886962,1,0.32461676,0,-0.509732544,0,1.15879178,0
17.80791283,-5.559647083,1,-2.951923132,1,-7.224940777,1,0.194249094,1,-0.614760816,1,0.185349047,1,0.325500309,0,-0.512316585,0,1.158674717,0
17.81191635,-5.67681694,1,-2.867672682,1,-7.262952805,1,0.178142369,1,-0.603910267,1,0.193487763,1,0.326280862,0,-0.514864922,0,1.158589482,0
17.81591606,-5.720107555,1,-2.922186852,1,-7.335316181,1,0.167299151,1,-0.587893367,1,0.200374857,1,0.326974779,0,-0.517368436,0,1.158580184,0
17.81991768,-5.658313751,1,-3.042766333,1,-7.325675488,1,0.149812356,1,-0.579601824,1,0.215319231,1,0.327597976,0,-0.519844294,0,1.158619642,0
17.82391548,-5.704354286,1,-3.072206259,1,-7.410804272,1,0.134963676,1,-0.573323488,1,0.226313069,1,0.328120232,0,-0.522311509,0,1.158718586,0
17.82791519,-5.615770817,1,-3.068864584,1,-7.452423096,1,0.123423308,1,-0.566947877,1,0.239913583,1,0.328559518,0,-0.524764121,0,1.158881664,0
17.83191681,-5.611691952,1,-3.058698654,1,-7.544488907,1,0.117541231,1,-0.566142201,1,0.256155223,1,0.328927517,0,-0.527214587,0,1.159115911,0
17.83591461,-5.600349426,1,-3.06256485,1,-7.584002018,1,0.109978281,1,-0.572168231,1,0.274669856,1,0.329229474,0,-0.529712021,0,1.159427762,0
17.83991432,-5.643716335,1,-3.223187923,1,-7.563339233,1,0.097775429,1,-0.581812203,1,0.290479243,1,0.329452097,0,-0.532260597,0,1.15980196,0
17.84391594,-5.702751637,1,-3.156073093,1,-7.614116669,1,0.076189406,1,-0.591845334,1,0.309179395,1,0.32958138,0,-0.534873605,0,1.160239697,0
17.84791374,-5.599671841,1,-3.027196169,1,-7.750649929,1,0.064253502,1,-0.605536401,1,0.329551667,1,0.329610556,0,-0.537558615,0,1.160741091,0
17.85191345,-5.525430202,1,-2.94706583,1,-7.82103157,1,0.062471673,1,-0.623577178,1,0.34640187,1,0.329564035,0,-0.540316105,0,1.161314249,0
17.85591698,-5.600954533,1,-3.090847254,1,-7.904984474,1,0.042606067,1,-0.632455707,1,0.36394155,1,0.329441071,0,-0.543153048,0,1.161944747,0
17.85991287,-5.478990555,1,-2.9002707,1,-7.891176701,1,0.021905057,1,-0.655235887,1,0.378447592,1,0.329220563,0,-0.546074212,0,1.162617326,0
17.86391258,-5.466835022,1,-2.753267765,1,-8.041761398,1,0.026747823,1,-0.677596033,1,0.392807186,1,0.328931361,0,-0.549095273,0,1.163326502,0
17.86791611,-5.387994766,1,-2.773365736,1,-8.087263107,1,0.01881271,1,-0.704945743,1,0.41244939,1,0.328637004,0,-0.552226961,0,1.164058685,0
17.87191391,-5.450922966,1,-2.837995052,1,-8.234210968,1,0.015752776,1,-0.743534267,1,0.412420839,1,0.328314185,0,-0.555508018,0,1.164812565,0
17.87591362,-5.46735096,1,-2.780691624,1,-8.382260323,1,0.022339769,1,-0.789773345,1,0.427497357,1,0.328007042,0,-0.558948278,0,1.165535808,0
17.87991524,-5.3483181,1,-2.783563137,1,-8.505599976,1,0.036924414,1,-0.841969669,1,0.443624169,1,0.327742994,0,-0.562596262,0,1.166247964,0
17.88391304,-5.224855423,1,-3.007530451,1,-8.659273148,1,0.036046665,1,-0.900659978,1,0.473130435,1,0.327507496,0,-0.566478431,0,1.166973948,0
17.88791275,-5.09056282,1,-3.215260506,1,-8.740244865,1,0.022106206,1,-0.962381721,1,0.491456717,1,0.327226162,0,-0.570620537,0,1.167707443,0
17.89191437,-5.072861671,1,-3.303792715,1,-8.816963196,1,0.007137668,1,-1.033930063,1,0.520619214,1,0.326879948,0,-0.575050473,0,1.168446422,0
17.89591217,-5.134180546,1,-3.271681547,1,-8.93941021,1,-0.001187305,1,-1.100792766,1,0.544295132,1,0.32647121,0,-0.579771519,0,1.169211388,0
17.89990997,-5.125473499,1,-3.705036879,1,-9.01209259,1,-0.03001995,1,-1.175915599,1,0.580078244,1,0.325974643,0,-0.584807396,0,1.170009732,0
17.90391159,-5.227584839,1,-3.731406212,1,-9.100605011,1,-0.07269045,1,-1.2448982,1,0.6046561,1,0.325308502,0,-0.590149641,0,1.170844316,0
17.90790939,-5.036971569,1,-3.314884901,1,-9.079969406,1,-0.114966646,1,-1.327499747,1,0.63541311,1,0.324454039,0,-0.595820129,0,1.171693444,0
17.91191101,-4.968300819,1,-2.95424509,1,-9.241905212,1,-0.123943202,1,-1.428697705,1,0.659323156,1,0.323482752,0,-0.601875544,0,1.172553062,0
17.91591263,-5.125909328,1,-2.673148632,1,-9.347025871,1,-0.123645149,1,-1.51694262,1,0.680523038,1,0.322515339,0,-0.608314276,0,1.17337358,0
17.91991043,-5.014029503,1,-2.853865862,1,-9.345633507,1,-0.128015101,1,-1.62306869,1,0.711287677,1,0.321561068,0,-0.615155637,0,1.174173117,0
17.92391014,-5.194742203,1,-3.05031848,1,-9.368756294,1,-0.147054344,1,-1.726123571,1,0.735368431,1,0.320564538,0,-0.622417688,0,1.174945235,0
17.92791176,-5.119219303,1,-3.028614998,1,-9.44668293,1,-0.164498121,1,-1.835745096,1,0.769809306,1,0.319492638,0,-0.630134523,0,1.17570591,0
17.93191528,-5.34455061,1,-3.383683443,1,-9.548769951,1,-0.185748652,1,-1.945851088,1,0.812504888,1,0.318334579,0,-0.638311505,0,1.176487565,0
17.93591499,-4.942668438,1,-3.202147961,1,-9.312501907,1,-0.197548285,1,-2.068555832,1,0.856452346,1,0.317059398,0,-0.646967828,0,1.177308679,0
17.93991661,-4.924873352,1,-3.303396463,1,-9.573286057,1,-0.207633004,1,-2.19421196,1,0.901247978,1,0.315723866,0,-0.656164765,0,1.178167224,0
17.94391441,-4.93816328,1,-3.103646755,1,-9.623270035,1,-0.205084279,1,-2.331508875,1,0.946602702,1,0.314347506,0,-0.665908575,0,1.17905879,0
17.94791412,-4.833266258,1,-3.016772985,1,-9.770107269,1,-0.19094342,1,-2.482769966,1,1.005625367,1,0.313849211,0,-0.676063776,0,1.178123116,0
17.95191574,-5.090392113,1,-3.161738873,1,-10.07936668,1,-0.191781491,1,-2.638597488,1,1.054513097,1,0.31245628,0,-0.687076807,0,1.179104328,0
17.95591354,-4.646025181,1,-3.00603199,1,-10.03046322,1,-0.171906218,1,-2.814507484,1,1.11958766,1,0.311062515,0,-0.698782921,0,1.180140376,0
17.95991135,-4.723804951,1,-3.079772949,1,-10.34272575,1,-0.155246869,1,-3.016174793,1,1.173015475,1,0.309719861,0,-0.711284399,0,1.18119514,0
17.96391296,-4.802825451,1,-2.996481419,1,-10.68873787,1,-0.115945764,1,-3.217463255,1,1.241920233,1,0.308476388,0,-0.724626303,0,1.182265878,0
17.96791077,-4.638276577,1,-4.008866787,1,-11.20095825,1,-0.101066425,1,-3.42449832,1,1.320449829,1,0.307286322,0,-0.738841891,0,1.183425546,0
17.97191048,-4.745217323,1,-4.624216557,1,-11.56945896,1,-0.143208444,1,-3.646653652,1,1.397311091,1,0.305950463,0,-0.753957212,0,1.184670687,0
17.97591209,-4.417328358,1,-4.884674072,1,-12.03004456,1,-0.180564269,1,-3.93380475,1,1.502787948,1,0.304377794,0,-0.770136118,0,1.186013937,0
17.9799099,-4.854347706,1,-5.671740532,1,-12.62047386,1,-0.251357913,1,-4.206869125,1,1.60638535,1,0.302448273,0,-0.787538469,0,1.187517285,0
17.98390961,-4.06030941,1,-6.106893539,1,-12.29164314,1,-0.306652963,1,-4.506217957,1,1.740854025,1,0.300076842,0,-0.806147158,0,1.189264655,0
17.98791122,-3.549871445,1,-6.99682045,1,-12.57448673,1,-0.360345751,1,-4.868480682,1,1.898220301,1,0.29722482,0,-0.826190591,0,1.19133997,0
17.99190903,-3.486362219,1,-7.834451675,1,-12.72307014,1,-0.409211367,1,-5.218811512,1,2.078603506,1,0.293760836,0,-0.84779197,0,1.193914413,0
17.99590874,-3.338272333,1,-8.635580063,1,-12.52692032,1,-0.474432349,1,-5.574769974,1,2.303395271,1,0.289464146,0,-0.870979905,0,1.197249532,0
17.99991036,-4.877494335,1,-10.39502716,1,-13.02663898,1,-0.587162912,1,-5.909143448,1,2.585433006,1,0.283875346,0,-0.895804882,0,1.201769233,0
18.00390816,-5.673098564,1,-10.81816101,1,-12.31670761,1,-0.681830347,1,-6.180936337,1,2.888857126,1,0.276433825,0,-0.922028303,0,1.207986355,0
18.00790787,-5.783891678,1,-12.94435406,1,-12.8833704,1,-0.848368704,1,-6.45257616,1,3.191432714,1,0.266670406,0,-0.949642301,0,1.216328859,0
18.01190949,-6.182186127,1,-12.9837389,1,-14.01531029,1,-1.040223241,1,-6.680600166,1,3.511609793,1,0.254003346,0,-0.978479266,0,1.227163553,0
18.01590729,-7.500669003,1,-11.01300716,1,-14.3278923,1,-1.109390855,1,-6.766751766,1,3.707835913,1,0.238095224,0,-1.008099198,0,1.240855455,0
18.019907,-11.68531513,1,-9.713356972,1,-15.7917223,1,-1.195168376,1,-6.944899082,1,3.955183983,1,0.219175667,0,-1.038397193,0,1.257665277,0
18.02390862,-11.80709362,1,-7.492259026,1,-15.05512714,1,-1.140764952,1,-6.98490572,1,4.076700687,1,0.196924686,0,-1.068880439,0,1.277852416,0
18.02790642,-13.82911205,1,-7.917690754,1,-15.70555687,1,-1.134052038,1,-7.117973804,1,4.142336369,1,0.171578974,0,-1.099669695,0,1.30140245,0
18.03190613,-17.2188282,1,-6.447279453,1,-15.9875927,1,-1.03438127,1,-7.010408878,1,4.126185417,1,0.142896906,0,-1.130228281,0,1.328461051,0
18.03590775,-21.87143326,1,-5.850549221,1,-16.48336792,1,-0.820290029,1,-6.757150173,1,4.097047329,1,0.110937513,0,-1.159682989,0,1.359454393,0
18.03990555,-20.40918159,1,-6.412197113,1,-15.49537468,1,-0.543752313,1,-6.416792393,1,4.205749989,1,0.074629135,0,-1.187425733,0,1.395861506,0
18.04390526,-20.41601944,1,-8.253973007,1,-14.28300381,1,-0.381722987,1,-6.322432518,1,4.242062569,1,0.032725807,0,-1.213736534,0,1.438818693,0
18.04790878,-25.07924652,1,-9.074677467,1,-16.04642296,1,-0.139806435,1,-6.031100273,1,4.213458538,1,-0.014793658,0,-1.238691807,0,1.488185048,0
18.05191231,-23.0852108,1,-10.94352531,1,-14.212883,1,-0.089818887,1,-5.659015179,1,4.411706924,1,-0.069695406,0,-1.261301637,0,1.545662165,0
18.05591202,-21.83579636,1,-11.86733723,1,-13.61676216,1,-0.311408401,1,-5.439929008,1,4.609142303,1,-0.136374593,0,-1.281512737,0,1.614601612,0
18.05991364,-23.73543167,1,-11.60701847,1,-13.79878521,1,-0.549537003,1,-5.08815527,1,4.595862865,1,-0.213698864,0,-1.29912889,0,1.693289399,0
18.06391144,-21.93417168,1,-9.517694473,1,-11.50043869,1,-0.939665914,1,-4.709225178,1,4.661807537,1,-0.301278055,0,-1.31336832,0,1.780950308,0
18.06791115,-18.92454338,1,-6.791835785,1,-11.89168549,1,-1.220574737,1,-4.268967152,1,4.439772129,1,-0.396335244,0,-1.324010968,0,1.874546647,0
18.07191277,-13.40670872,1,-5.229180336,1,-9.617370605,1,-1.300617933,1,-3.765731812,1,4.106194496,1,-0.491482109,0,-1.33117938,0,1.967371702,0
18.07591057,-8.439838409,1,-6.295085907,1,-8.985830307,1,-1.362256169,1,-3.389407158,1,3.779564619,1,-0.582915962,0,-1.335357189,0,2.055942774,0
18.07991028,-6.917373657,1,-5.246552467,1,-13.58771133,1,-1.228570104,1,-3.018764019,1,3.400793552,1,-0.668515623,0,-1.337346435,0,2.138551474,0
18.0839119,-10.70896149,1,-4.431963921,1,-15.97327518,1,-1.029100418,1,-2.640946388,1,3.071514606,1,-0.745205283,0,-1.337545276,0,2.212766647,0
18.0879097,-15.35956573,1,-3.760271788,1,-13.51189518,1,-0.874774933,1,-2.40380764,1,2.866423607,1,-0.814006209,0,-1.336355329,0,2.279571295,0
18.09190941,-24.35142326,1,-0.222939834,1,-15.5852499,1,-0.618173838,1,-2.225357533,1,2.814017296,1,-0.877484798,0,-1.334050417,0,2.341761112,0
18.09591103,-23.15013123,1,-5.66771841,1,-18.70654678,1,-0.396592975,1,-1.446005344,1,2.558069944,1,-0.930975556,0,-1.330139518,0,2.394742012,0
18.09990883,-11.03753281,1,-10.26055431,1,-15.03075314,1,-0.269931823,1,-0.766887128,1,2.095493317,1,-0.968408048,0,-1.325079441,0,2.431984186,0
18.10390663,-3.518966913,1,-10.87975788,1,-11.98835087,1,-0.238042086,1,-0.479543507,1,1.724956989,1,-0.99396503,0,-1.320094109,0,2.457298517,0
18.10790825,-4.225969315,1,-9.343769073,1,-11.40525913,1,-0.319298387,1,-0.37815693,1,1.553296685,1,-1.014093995,0,-1.31551528,0,2.476985216,0
18.11190796,-7.250664234,1,-8.829544067,1,-12.12386322,1,-0.451765984,1,-0.199956149,1,1.419963837,1,-1.031294942,0,-1.311050773,0,2.493153334,0
18.11590767,-6.50769186,1,-8.465186119,1,-12.03442287,1,-0.476899832,1,0.042038575,1,1.200214863,1,-1.044203997,0,-1.30666995,0,2.504553556,0
18.11990929,-4.202178478,1,-7.47612381,1,-10.95394516,1,-0.388810486,1,0.244432032,1,0.94257015,1,-1.051948667,0,-1.302657485,0,2.510768175,0
18.12390709,-2.104840517,1,-6.218652725,1,-9.845531464,1,-0.274080008,1,0.410443544,1,0.694247544,1,-1.054963112,0,-1.299166679,0,2.512512207,0
18.12790489,-0.752206564,1,-5.692920208,1,-9.298312187,1,-0.171421289,1,0.543144166,1,0.477396458,1,-1.054065704,0,-1.296180725,0,2.510657787,0
18.13190651,0.228373617,1,-5.592018604,1,-8.823598862,1,-0.059109412,1,0.66869992,1,0.265295863,1,-1.049692035,0,-1.29368639,0,2.505634546,0
18.13590622,0.970184982,1,-5.769982815,1,-8.436049461,1,0.058511842,1,0.785195529,1,0.050464857,1,-1.041986823,0,-1.291685581,0,2.49761939,0
18.13990593,1.587565899,1,-6.00961256,1,-8.089220047,1,0.156015277,1,0.895476699,1,-0.143148631,1,-1.031141162,0,-1.290141344,0,2.486799717,0
18.14390755,2.267162323,1,-6.203790665,1,-7.70203352,1,0.202524975,1,0.992898941,1,-0.327148259,1,-1.017527342,0,-1.288995266,0,2.473397493,0
18.14790535,2.981997728,1,-6.399951935,1,-7.324420929,1,0.219601333,1,1.091013074,1,-0.483082294,1,-1.001544356,0,-1.288148999,0,2.457653284,0
18.15190506,3.488282919,1,-6.48675108,1,-7.099862576,1,0.194294333,1,1.196455956,1,-0.631464124,1,-0.983331144,0,-1.287519932,0,2.439561844,0
18.15590477,3.676015615,1,-6.497150898,1,-6.971715927,1,0.150941297,1,1.313350201,1,-0.774971068,1,-0.963015974,0,-1.287025452,0,2.419126749,0
18.15990257,3.680968523,1,-6.303100109,1,-6.962325573,1,0.100879148,1,1.438099742,1,-0.916226089,1,-0.940453649,0,-1.286595225,0,2.396146774,0
18.16390228,3.592692614,1,-6.087355137,1,-6.992976189,1,0.04114864,1,1.573620081,1,-1.043220639,1,-0.9156726,0,-1.286130428,0,2.370619774,0
18.1679039,3.658833504,1,-5.773142338,1,-6.986524582,1,-0.02399426,1,1.715163231,1,-1.154354453,1,-0.88873446,0,-1.28550458,0,2.342578173,0
18.17190743,3.727156162,1,-5.317590714,1,-6.934795856,1,-0.074597724,1,1.844561577,1,-1.255810857,1,-0.859809399,0,-1.284639716,0,2.312223673,0
18.17590904,3.715313196,1,-4.783317089,1,-6.948954105,1,-0.109889507,1,1.977608919,1,-1.345030904,1,-0.829073489,0,-1.283453226,0,2.279790878,0
18.17991257,3.519338131,1,-4.260731697,1,-6.988076687,1,-0.110442907,1,2.108610153,1,-1.425137281,1,-0.796659887,0,-1.281857848,0,2.245514154,0
18.18390846,3.25146246,1,-3.66684103,1,-6.985750675,1,-0.089348286,1,2.239950895,1,-1.493939042,1,-0.762664616,0,-1.279775381,0,2.209602594,0
18.18790627,2.924963713,1,-3.208619118,1,-7.0592556,1,-0.046891209,1,2.379843473,1,-1.553328872,1,-0.72724098,0,-1.277112484,0,2.172317028,0
18.19190979,2.549299002,1,-2.919261694,1,-7.101557732,1,0.009154974,1,2.526399612,1,-1.608340144,1,-0.690520644,0,-1.273779511,0,2.133855343,0
18.19590569,2.25057745,1,-2.804555416,1,-7.151792049,1,0.068157323,1,2.674642086,1,-1.652460575,1,-0.650438368,0,-1.269898415,0,2.094340563,0
18.1999054,1.974317193,1,-2.790229559,1,-7.158179283,1,0.117670454,1,2.821802855,1,-1.689547062,1,-0.612099171,0,-1.264977813,0,2.054561853,0
18.20390892,1.668650389,1,-2.759827614,1,-7.150803089,1,0.17204158,1,2.957221746,1,-1.710023761,1,-0.573571086,0,-1.259198904,0,2.014732599,0
18.20790672,1.32459867,1,-2.802111387,1,-7.216999531,1,0.21120207,1,3.10068655,1,-1.730030537,1,-0.53527534,0,-1.252526999,0,1.975259185,0
18.21190643,0.887542903,1,-2.819889307,1,-7.23043251,1,0.241662592,1,3.237781048,1,-1.737718225,1,-0.497535944,0,-1.244922996,0,1.936422944,0
18.21590805,0.58454895,1,-2.750157833,1,-7.299284458,1,0.266394436,1,3.372693062,1,-1.746284127,1,-0.460683882,0,-1.236408591,0,1.898543835,0
18.21990585,0.179862633,1,-2.728788137,1,-7.291520119,1,0.291478753,1,3.499188423,1,-1.748258233,1,-0.42494604,0,-1.226986766,0,1.861835837,0
18.22390556,-0.417988807,1,-2.687209606,1,-7.339463234,1,0.311300367,1,3.644630909,1,-1.74924624,1,-0.390521884,0,-1.21664536,0,1.826487064,0
18.22790718,-0.89405179,1,-2.653084278,1,-7.434065819,1,0.326483637,1,3.783937216,1,-1.751960993,1,-0.357498467,0,-1.205373764,0,1.792563081,0
18.23190498,-1.440629482,1,-2.634506702,1,-7.58387804,1,0.349653542,1,3.921932936,1,-1.753279328,1,-0.325941265,0,-1.193201423,0,1.760150433,0
18.23590469,-1.962388515,1,-2.593932867,1,-7.637019634,1,0.373013824,1,4.070662975,1,-1.756250858,1,-0.295870245,0,-1.18012321,0,1.729267001,0
18.23990631,-2.323048115,1,-2.539326429,1,-7.780623436,1,0.401948839,1,4.214459419,1,-1.762941599,1,-0.267249763,0,-1.166150808,0,1.699904799,0
18.24390411,-2.748375654,1,-2.443284512,1,-7.873974323,1,0.437085837,1,4.355932236,1,-1.772487402,1,-0.240060851,0,-1.151328802,0,1.672071457,0
18.24790382,-3.07745862,1,-2.359183788,1,-7.933451653,1,0.477797598,1,4.487201691,1,-1.786057949,1,-0.214251921,0,-1.135702968,0,1.64573288,0
18.25190544,-3.442836761,1,-2.369489193,1,-7.963769913,1,0.527228355,1,4.615514278,1,-1.803391457,1,-0.189733505,0,-1.119308114,0,1.620815158,0
18.25590324,-3.887609005,1,-2.355268478,1,-8.030454636,1,0.574304879,1,4.739029884,1,-1.83387351,1,-0.166418031,0,-1.102179885,0,1.597253919,0
18.25990295,-4.207169056,1,-2.390783548,1,-8.093682289,1,0.62346828,1,4.851963043,1,-1.857618093,1,-0.14420785,0,-1.084358335,0,1.57494247,0
18.26390457,-4.469435215,1,-2.441999197,1,-8.108893394,1,0.671451807,1,4.963964462,1,-1.882481933,1,-0.123096369,0,-1.065903306,0,1.553879023,0
18.26790237,-4.718950272,1,-2.526912212,1,-8.236000061,1,0.710941076,1,5.054751873,1,-1.911766887,1,-0.102983132,0,-1.046859264,0,1.533960581,0
18.27190208,-4.931564808,1,-2.57578373,1,-8.377290726,1,0.751227736,1,5.141819,1,-1.941301823,1,-0.083858103,0,-1.027262807,0,1.51513958,0
18.2759037,-5.191044331,1,-2.585351467,1,-8.393636703,1,0.803371966,1,5.229542255,1,-1.968592525,1,-0.06562449,0,-1.007159829,0,1.497357965,0
18.27990151,-5.523364544,1,-2.548961163,1,-8.461857796,1,0.851376534,1,5.303611279,1,-1.999435186,1,-0.048209969,0,-0.986580968,0,1.480559826,0
18.28390122,-5.831381321,1,-2.488959074,1,-8.492808342,1,0.908548236,1,5.376670837,1,-2.03469038,1,-0.031529155,0,-0.965551615,0,1.464663267,0
18.28790283,-6.044202805,1,-2.511512518,1,-8.500923157,1,0.96531105,1,5.439826965,1,-2.066489935,1,-0.015474397,0,-0.944105923,0,1.449577928,0
18.29190636,-6.1717062,1,-2.489473581,1,-8.627970695,1,1.024157286,1,5.498980999,1,-2.102349043,1,-1.95E-05,0,-0.922285974,0,1.435287952,0
18.29590607,-6.466743469,1,-2.465578079,1,-8.786917686,1,1.091693282,1,5.54563427,1,-2.127004623,1,0.014902275,0,-0.900140405,0,1.421759367,0
18.29990768,-6.79426384,1,-2.472407579,1,-8.846237183,1,1.17331934,1,5.59661293,1,-2.148511887,1,0.02938121,0,-0.877675533,0,1.408960581,0
18.30390549,-7.128923416,1,-2.490047455,1,-9.005399704,1,1.258452654,1,5.648601055,1,-2.178252935,1,0.043459006,0,-0.854883194,0,1.396869659,0
18.30790329,-7.416807175,1,-2.503097057,1,-9.154595375,1,1.348038912,1,5.701649666,1,-2.202046156,1,0.057216655,0,-0.831767201,0,1.385431767,0
18.31190682,-7.610485554,1,-2.583968163,1,-9.286531448,1,1.444460988,1,5.747759342,1,-2.22857213,1,0.070721611,0,-0.808347523,0,1.37460494,0
18.31590462,-7.656812668,1,-2.673769474,1,-9.335992813,1,1.539744139,1,5.78717041,1,-2.254796743,1,0.084012687,0,-0.784651875,0,1.364364862,0
18.31990433,-7.806069374,1,-2.764431715,1,-9.489500046,1,1.638421059,1,5.813582897,1,-2.286227226,1,0.097158425,0,-0.760719299,0,1.354650736,0
18.32390595,-7.913345814,1,-3.079300642,1,-9.492525101,1,1.724756241,1,5.8315382,1,-2.319096804,1,0.110155776,0,-0.736604989,0,1.345430136,0
18.32790375,-8.121599197,1,-3.420196056,1,-9.611597061,1,1.799208403,1,5.823935509,1,-2.351638317,1,0.123019889,0,-0.712361932,0,1.336661339,0
18.33190346,-8.199278831,1,-3.834766388,1,-9.597827911,1,1.861656308,1,5.807079315,1,-2.392988205,1,0.135747939,0,-0.688062191,0,1.328278303,0
18.33590317,-8.548868179,1,-4.329658508,1,-9.775020599,1,1.895302057,1,5.775623798,1,-2.443685532,1,0.148314491,0,-0.663765907,0,1.320209026,0
18.33990288,-8.947237968,1,-4.810553551,1,-9.933760643,1,1.893878698,1,5.727457523,1,-2.511243582,1,0.16067256,0,-0.639519572,0,1.312345266,0
18.34390259,-9.328651428,1,-5.363996029,1,-10.06945801,1,1.879688144,1,5.67323637,1,-2.588960886,1,0.172789365,0,-0.61534375,0,1.304597139,0
18.34790421,-9.713518143,1,-5.874926567,1,-10.26920128,1,1.850219846,1,5.610041618,1,-2.68541503,1,0.184641868,0,-0.591252863,0,1.296860099,0
18.35190201,-10.15011406,1,-6.400997162,1,-10.62169647,1,1.794025898,1,5.543231964,1,-2.801969767,1,0.196218103,0,-0.567264318,0,1.289034843,0
18.35590172,-10.67251587,1,-6.665896893,1,-11.15689182,1,1.728090048,1,5.45334816,1,-2.929445267,1,0.20748198,0,-0.543418944,0,1.281021357,0
18.35990143,-11.32728958,1,-6.636665344,1,-11.83004761,1,1.65516746,1,5.359786034,1,-3.084098577,1,0.218457311,0,-0.519738019,0,1.272693753,0
18.36390114,-12.1255455,1,-6.493177414,1,-12.52061844,1,1.593518376,1,5.252976894,1,-3.257440329,1,0.229202256,0,-0.496232897,0,1.263941884,0
18.36790085,-12.79790401,1,-6.226279259,1,-13.30180264,1,1.563516736,1,5.148529053,1,-3.452519417,1,0.239832088,0,-0.47288245,0,1.254657269,0
18.37190437,-13.9431572,1,-5.718597412,1,-13.96663857,1,1.579942107,1,5.043032169,1,-3.675918818,1,0.250512719,0,-0.449648857,0,1.244752884,0
18.37590027,-15.35383511,1,-5.167226791,1,-14.59009457,1,1.632922053,1,4.940815926,1,-3.91224432,1,0.261441648,0,-0.426492929,0,1.234127283,0
18.37989807,-17.1199894,1,-5.018753052,1,-15.04619217,1,1.704230547,1,4.85921669,1,-4.170174599,1,0.2726987,0,-0.403319538,0,1.222746015,0
18.3839016,-19.19186401,1,-5.262739182,1,-15.35451031,1,1.764942408,1,4.785874844,1,-4.424575329,1,0.284283996,0,-0.380044669,0,1.210594416,0
18.38789749,-21.42945671,1,-5.254357815,1,-15.46366501,1,1.818236828,1,4.718481541,1,-4.665143013,1,0.296082854,0,-0.356627494,0,1.197754979,0
18.3918972,-24.06349373,1,-4.645075798,1,-15.63147926,1,1.843296766,1,4.652847767,1,-4.903868198,1,0.307970345,0,-0.333043069,0,1.184248805,0
18.39590073,-26.43378448,1,-3.419792891,1,-15.495821,1,1.864968777,1,4.590545654,1,-5.127260685,1,0.319823503,0,-0.309255719,0,1.170163393,0
18.39989853,-28.45694542,1,-1.826245785,1,-14.9268446,1,1.937849164,1,4.528353691,1,-5.333502293,1,0.331711471,0,-0.285270512,0,1.155524254,0
18.40389824,-30.38416481,1,-0.539136589,1,-13.75262928,1,2.043535233,1,4.484793663,1,-5.490093231,1,0.343717873,0,-0.261089534,0,1.140496612,0
18.40789986,-31.98711777,1,0.180434853,1,-11.75580215,1,2.156869173,1,4.464693546,1,-5.609927654,1,0.355865479,0,-0.236661598,0,1.125293016,0
18.41190338,-33.41553879,1,-0.377945721,1,-9.265201569,1,2.223850489,1,4.449615002,1,-5.66435051,1,0.368021786,0,-0.212001756,0,1.110128164,0
18.41590309,-34.02874756,1,-1.549869537,1,-6.850863934,1,2.181842327,1,4.382164478,1,-5.638929367,1,0.379819304,0,-0.187278494,0,1.095239401,0
18.41990471,-34.17947769,1,-2.372562647,1,-4.585727692,1,2.01725769,1,4.240747452,1,-5.545053005,1,0.390771776,0,-0.162872151,0,1.080771923,0
18.42390251,-33.91204834,1,-1.189168692,1,-1.314980268,1,1.784189939,1,4.066000462,1,-5.378541946,1,0.400407284,0,-0.139008671,0,1.066765189,0
18.42790222,-32.00916672,1,-0.049313802,1,1.318321109,1,1.55425036,1,3.615265369,1,-5.022655487,1,0.408740729,0,-0.11670839,0,1.053616047,0
18.43190384,-31.65797806,1,1.586129904,1,2.241820097,1,1.413674831,1,3.198760509,1,-4.66767931,1,0.415996432,0,-0.096453331,0,1.041221499,0
18.43590164,-30.62577057,1,4.414446354,1,4.27862072,1,1.347080946,1,2.781509876,1,-4.260967731,1,0.422500521,0,-0.078259476,0,1.02974534,0
18.43990135,-29.1295929,1,8.142414093,1,5.629199982,1,1.419266582,1,2.289763451,1,-3.874975681,1,0.428738713,0,-0.062305037,0,1.019091725,0
18.44390297,-28.36636925,1,11.6580162,1,6.474722385,1,1.650641322,1,1.748036623,1,-3.497953653,1,0.43539691,0,-0.048788369,0,1.009064674,0
18.44790077,-29.07423782,1,13.65005779,1,6.695800304,1,1.951613307,1,1.256027937,1,-3.135320902,1,0.443599552,0,-0.037427254,0,0.999017119,0
18.45190048,-29.49879456,1,14.51667976,1,6.736236095,1,2.260356188,1,0.782500923,1,-2.796811581,1,0.452332139,0,-0.028612748,0,0.990098178,0
18.4559021,-29.6082077,1,14.52716541,1,6.80637455,1,2.508852005,1,0.345764965,1,-2.497193098,1,0.46211201,0,-0.021915281,0,0.981606781,0
18.4598999,-29.93803978,1,13.59921646,1,6.723420143,1,2.624575853,1,-0.052890949,1,-2.227317572,1,0.472577244,0,-0.017152017,0,0.973429084,0
18.46389961,-30.33708382,1,11.70105934,1,6.451295376,1,2.571951866,1,-0.383155555,1,-1.990619183,1,0.483137518,0,-0.014058637,0,0.965541363,0
18.46790123,-30.39914131,1,9.432556152,1,6.005383015,1,2.325684547,1,-0.652859807,1,-1.7639395,1,0.493087053,0,-0.01236436,0,0.957936883,0
18.47189903,-30.29957199,1,7.061469555,1,5.489285469,1,1.87621367,1,-0.875428617,1,-1.547740579,1,0.501634717,0,-0.011897815,0,0.950645685,0
18.47589874,-30.38961983,1,5.035057068,1,4.938625336,1,1.29284811,1,-1.04859817,1,-1.339271903,1,0.508082926,0,-0.012482088,0,0.943728745,0
18.47990036,-19.81890869,1,-5.400822163,1,-0.798431516,1,0.296053916,1,-1.337823987,1,-0.939936936,1,0.511676669,0,-0.014239958,0,0.937348366,0
18.48389816,-26.5618782,1,-4.717757225,1,6.592766762,1,-1.370008588,1,-2.453189135,1,-0.031771455,1,0.509310722,0,-0.019569216,0,0.931996942,0
18.48789787,-44.65952301,1,7.369953632,1,9.428700447,1,-1.973378181,1,-3.128970385,1,0.769144714,1,0.5025599,0,-0.030503085,0,0.927749991,0
18.49189949,-17.07124138,1,7.683261395,1,13.21195602,1,-2.232844353,1,-3.126608133,1,1.263457894,1,0.494093359,0,-0.043519873,0,0.925452352,0
18.49589729,10.94422722,1,8.394719124,1,9.038143158,1,-2.111617804,1,-3.288886786,1,1.647791266,1,0.485550642,0,-0.057394776,0,0.9245193,0
18.499897,-5.708931923,1,5.347997189,1,-6.950826168,1,-2.454801798,1,-3.942079544,1,2.061351061,1,0.47638756,0,-0.073739275,0,0.92447567,0
18.50389862,-14.41392708,1,0.553894937,1,-21.03715897,1,-2.360425234,1,-3.749701023,1,2.044333935,1,0.466591954,0,-0.091435231,0,0.924744129,0
18.50789642,-2.750492334,1,-6.569395542,1,-29.71368408,1,-1.860875487,1,-3.139538288,1,2.187346458,1,0.458017111,0,-0.107460737,0,0.926115274,0
18.51189613,-3.444185495,1,-15.59351826,1,-28.83120155,1,-1.941163421,1,-2.551043987,1,2.194644928,1,0.450168252,0,-0.121582426,0,0.929067194,0
18.51589775,0.64139092,1,-17.18593216,1,-20.60622406,1,-2.191591263,1,-2.230015278,1,2.20762229,1,0.441454351,0,-0.133845866,0,0.932946861,0
18.51989555,4.000527859,1,-7.844918251,1,-13.4114027,1,-2.185926199,1,-2.446640491,1,2.385686636,1,0.431872964,0,-0.146091372,0,0.937362671,0
18.52389336,2.783291578,1,2.665003777,1,-10.09569931,1,-1.947347522,1,-3.116081715,1,2.507652283,1,0.423121691,0,-0.160202071,0,0.941813171,0
18.52789497,1.168456316,1,5.411772728,1,-8.850043297,1,-1.983265042,1,-3.855891943,1,2.610520363,1,0.414598048,0,-0.17715171,0,0.945504308,0
18.5318985,1.244172096,1,5.847027302,1,-9.072680473,1,-1.804724455,1,-4.499958515,1,2.730847597,1,0.406396925,0,-0.196758479,0,0.94871217,0
18.53589821,-6.431238651,1,0.962187052,1,-13.15501785,1,-1.661554813,1,-5.007745743,1,2.624641895,1,0.398983717,0,-0.218544245,0,0.951185584,0
18.53990173,-17.56453323,1,0.149486244,1,-17.14161491,1,-1.496631861,1,-4.923478127,1,2.403463602,1,0.39222303,0,-0.24093838,0,0.952822745,0
18.54389954,-23.16506004,1,-0.599309921,1,-19.6740284,1,-1.339742064,1,-4.43487215,1,2.166443586,1,0.386274725,0,-0.261730224,0,0.95417881,0
18.54789925,-24.09611702,1,-0.417013049,1,-19.12290573,1,-1.285730243,1,-3.786552668,1,2.038516045,1,0.380590022,0,-0.280145198,0,0.955883265,0
18.55190086,-23.16191483,1,0.959599435,1,-16.50463676,1,-1.191942811,1,-3.29012394,1,2.025012016,1,0.374934256,0,-0.296246886,0,0.958315015,0
18.55589867,-21.90161896,1,2.362753153,1,-14.03461742,1,-1.091906548,1,-2.867182493,1,1.963970184,1,0.369387507,0,-0.310645044,0,0.961447835,0
18.55989838,-17.93729019,1,1.606394172,1,-12.12491417,1,-0.907889545,1,-2.448295832,1,1.853098989,1,0.364312291,0,-0.323212415,0,0.964907169,0
18.56389999,-15.29477501,1,-0.092977189,1,-10.38649368,1,-0.844035983,1,-2.145149469,1,1.790165067,1,0.359613627,0,-0.334394395,0,0.968695462,0
18.5678978,-12.22427654,1,-1.554272771,1,-9.647867203,1,-0.798805475,1,-1.895678401,1,1.705088496,1,0.355021119,0,-0.34436515,0,0.972638667,0
18.57189751,-10.10911942,1,-2.618628979,1,-8.33773613,1,-0.828987539,1,-1.713243127,1,1.678038478,1,0.350400388,0,-0.353474438,0,0.97671032,0
18.57589912,-7.347805023,1,-3.598543644,1,-6.628390312,1,-0.921961308,1,-1.510390639,1,1.675732017,1,0.345359564,0,-0.36178273,0,0.9811095,0
18.57989693,-7.778286457,1,-5.204218864,1,-6.908522129,1,-1.06928134,1,-1.427774549,1,1.668106318,1,0.339730322,0,-0.369632661,0,0.985784292,0
18.58389664,-7.29301405,1,-5.242743015,1,-8.030293465,1,-1.11935389,1,-1.304636717,1,1.536422133,1,0.333727121,0,-0.376907378,0,0.990323484,0
18.58789825,-7.798203945,1,-7.093663692,1,-8.304897308,1,-1.230023265,1,-1.083464861,1,1.25940752,1,0.327462435,0,-0.383282483,0,0.994408846,0
18.59189606,-11.18637085,1,-7.120455742,1,-10.05049896,1,-1.41281116,1,-0.751473427,1,1.016168594,1,0.320938468,0,-0.388198137,0,0.997719049,0
18.59589577,-15.51961803,1,-2.024284601,1,-10.20393085,1,-1.251440287,1,-0.583742797,1,0.857262254,1,0.314389229,0,-0.391917884,0,1.000697613,0
18.59989739,-14.17773247,1,-0.986823976,1,-10.59134388,1,-1.13538301,1,-0.216857687,1,0.754844964,1,0.308599979,0,-0.394420564,0,1.003439784,0
18.60389519,-8.668175697,1,-0.110568039,1,-10.33422756,1,-1.008712649,1,-0.110224754,1,0.725643277,1,0.303193986,0,-0.395862609,0,1.006320238,0
18.6078949,-5.036358833,1,-0.464050233,1,-9.700618744,1,-0.865699768,1,-0.1395749,1,0.687732279,1,0.298388898,0,-0.397166789,0,1.009099603,0
18.61189652,-6.692088604,1,-3.265725851,1,-10.44701481,1,-0.766100943,1,-0.183426693,1,0.601937115,1,0.294168532,0,-0.398552269,0,1.011567116,0
18.61589432,-5.459206104,1,-3.995280504,1,-9.492293358,1,-0.732407093,1,-0.213111803,1,0.579462826,1,0.290352762,0,-0.399958372,0,1.013742566,0
18.61989403,-5.879520416,1,-3.51027751,1,-9.224425316,1,-0.720567048,1,-0.221380383,1,0.631941378,1,0.28657338,0,-0.401515424,0,1.015978336,0
18.62389565,-5.142249584,1,-3.534793139,1,-9.004151344,1,-0.740878344,1,-0.227151364,1,0.667623639,1,0.282675624,0,-0.403092742,0,1.018452764,0
18.62789345,-4.99892664,1,-3.139763117,1,-8.936419487,1,-0.739256144,1,-0.255245864,1,0.639455557,1,0.278755128,0,-0.404750764,0,1.020907044,0
18.63189316,-5.630132675,1,-1.786440849,1,-8.888964653,1,-0.696257889,1,-0.305080742,1,0.588698447,1,0.274995893,0,-0.406510711,0,1.023136735,0
18.63589478,-6.665605068,1,0.310068697,1,-9.040317535,1,-0.612037778,1,-0.277287841,1,0.532229483,1,0.27157414,0,-0.408255935,0,1.02514267,0
18.63989258,-6.646317482,1,1.184230328,1,-9.487535477,1,-0.507350683,1,-0.254451126,1,0.471694797,1,0.268614173,0,-0.409829557,0,1.026939392,0
18.64389229,-5.333230495,1,0.28379491,1,-9.50630188,1,-0.427125692,1,-0.233997792,1,0.404579133,1,0.266134113,0,-0.411213398,0,1.028499722,0
18.64789391,-4.490106583,1,-1.782427907,1,-9.405971527,1,-0.368529141,1,-0.279864967,1,0.373447716,1,0.264009386,0,-0.412623763,0,1.029840589,0
18.65189743,-4.684845924,1,-2.960874319,1,-9.047386169,1,-0.344990939,1,-0.308249205,1,0.373634666,1,0.262105674,0,-0.414133221,0,1.031060815,0
18.65590286,-5.321415424,1,-2.769964933,1,-8.735019684,1,-0.336941868,1,-0.325074971,1,0.384939939,1,0.260235608,0,-0.415764153,0,1.032301545,0
18.65990639,-5.74170351,1,-2.247181416,1,-8.533935547,1,-0.3262344,1,-0.30771333,1,0.390451431,1,0.258390725,0,-0.417375743,0,1.033589005,0
18.66390228,-5.348024368,1,-2.624534369,1,-8.360022545,1,-0.319486618,1,-0.295624405,1,0.382114917,1,0.256579757,0,-0.4189412,0,1.034890413,0
18.6679039,-4.750500679,1,-3.677898169,1,-8.550441742,1,-0.343931049,1,-0.293192118,1,0.377629817,1,0.254731148,0,-0.420457661,0,1.036179781,0
18.67190552,-4.46611166,1,-4.382698059,1,-8.502626419,1,-0.386019796,1,-0.293147951,1,0.391760856,1,0.252747566,0,-0.421967626,0,1.037490368,0
18.67590332,-5.250112057,1,-3.611040354,1,-8.321386337,1,-0.42306596,1,-0.2892465,1,0.403122008,1,0.250561953,0,-0.42349267,0,1.038861156,0
18.67990303,-6.466294765,1,-1.427046776,1,-8.263253212,1,-0.41915223,1,-0.26300925,1,0.399781078,1,0.24827835,0,-0.424969375,0,1.040270448,0
18.68390465,-6.16580534,1,0.033112668,1,-8.432239532,1,-0.367526442,1,-0.242749467,1,0.34801805,1,0.246145949,0,-0.426318258,0,1.041605115,0
18.68790245,-5.463689804,1,0.403657109,1,-8.950580597,1,-0.308267534,1,-0.245663732,1,0.292298079,1,0.244331196,0,-0.427572966,0,1.042716026,0
18.69190216,-4.688917637,1,-0.373486191,1,-8.935152054,1,-0.271578431,1,-0.266290516,1,0.241289631,1,0.242817283,0,-0.428816736,0,1.043586373,0
18.69590378,-5.441768169,1,-0.682678401,1,-8.591695786,1,-0.237698153,1,-0.272923857,1,0.20665355,1,0.205062941,0,-0.642213404,0,0.714318156,0
18.69990158,-5.4852705,1,-0.617552936,1,-8.475008965,1,-0.200668141,1,-0.272756666,1,0.161166698,1,0.203822061,0,-0.643427849,0,0.714937389,0
18.70390129,-5.458810806,1,-0.601110518,1,-8.577596664,1,-0.155734122,1,-0.262438923,1,0.134901136,1,0.20283784,0,-0.644592404,0,0.715394735,0
18.70790291,-4.952889919,1,-1.074022055,1,-8.714809418,1,-0.12599209,1,-0.261706561,1,0.103896633,1,0.202093139,0,-0.645707726,0,0.715716362,0
18.71190071,-4.899736404,1,-1.71677351,1,-8.737693787,1,-0.111542448,1,-0.275534421,1,0.09322349,1,0.20150198,0,-0.646841347,0,0.715916634,0
18.71590042,-4.884777069,1,-1.971994638,1,-8.670042038,1,-0.114607774,1,-0.292446941,1,0.091269635,1,0.200957417,0,-0.648018122,0,0.716068029,0
18.71990204,-5.153419971,1,-1.956272721,1,-8.452305794,1,-0.105637848,1,-0.294106662,1,0.087408036,1,0.200433642,0,-0.649243355,0,0.716204941,0
18.72389984,-5.117670059,1,-2.159156561,1,-8.357712746,1,-0.099678092,1,-0.286646366,1,0.099439166,1,0.199924633,0,-0.650458813,0,0.716374397,0
18.72789955,-4.942740917,1,-2.644185781,1,-8.246610641,1,-0.106800586,1,-0.275462419,1,0.109054811,1,0.19936569,0,-0.651638389,0,0.716607332,0
18.73190117,-4.872971535,1,-3.248336077,1,-8.119310379,1,-0.128830343,1,-0.27647841,1,0.132299796,1,0.198715597,0,-0.652819991,0,0.716921329,0
18.73589897,-4.89187479,1,-3.306358814,1,-8.037570953,1,-0.161523715,1,-0.274932772,1,0.155126125,1,0.197866961,0,-0.654010177,0,0.717356443,0
18.73989868,-5.112909794,1,-2.748040915,1,-7.981058598,1,-0.165228844,1,-0.267255723,1,0.175573915,1,0.19687596,0,-0.655204356,0,0.717904568,0
18.7439003,-4.906997681,1,-2.408579826,1,-8.119041443,1,-0.17164363,1,-0.25826633,1,0.190276772,1,0.195815772,0,-0.656378984,0,0.718546093,0
18.7478981,-4.821755409,1,-1.768114567,1,-8.278201103,1,-0.143455938,1,-0.262805015,1,0.195469558,1,0.194750965,0,-0.657556295,0,0.719249547,0
18.75189781,-4.730105877,1,-1.571853876,1,-8.475712776,1,-0.109961212,1,-0.269113243,1,0.20255293,1,0.193803117,0,-0.658743739,0,0.71997273,0
18.75589943,-4.647070408,1,-1.915707111,1,-8.580280304,1,-0.079899102,1,-0.291476548,1,0.211990073,1,0.192974657,0,-0.659999907,0,0.720730484,0
18.75989723,-4.68202877,1,-2.429834604,1,-8.711572647,1,-0.109612323,1,-0.32644093,1,0.227794111,1,0.192112252,0,-0.661379755,0,0.721527338,0
18.76389694,-4.660311222,1,-1.836839795,1,-8.564135551,1,-0.101528317,1,-0.346987724,1,0.228892431,1,0.191181213,0,-0.662873268,0,0.72233367,0
18.76789856,-4.677529335,1,-1.844747543,1,-8.658209801,1,-0.049491584,1,-0.364867628,1,0.245739147,1,0.190363184,0,-0.664448082,0,0.723177075,0
18.77189636,-4.523584843,1,-2.238425016,1,-8.900728226,1,-0.034716316,1,-0.39826712,1,0.250781387,1,0.189659864,0,-0.666124642,0,0.724058151,0
18.77590179,-4.601693153,1,-2.65318799,1,-8.884354591,1,-0.077343956,1,-0.442682534,1,0.262320995,1,0.188906446,0,-0.66797173,0,0.724938154,0
18.77990341,-4.607716084,1,-1.712736607,1,-8.787743568,1,-0.073435023,1,-0.471339136,1,0.254695594,1,0.188047841,0,-0.669950545,0,0.725794852,0
18.78390122,-4.630754948,1,-1.365713835,1,-8.789197922,1,-0.04398204,1,-0.496133953,1,0.25930047,1,0.187290296,0,-0.672047913,0,0.726625979,0
18.78790093,-4.663725853,1,-1.359364033,1,-8.855032921,1,-0.013381969,1,-0.526444435,1,0.248830035,1,0.186686754,0,-0.674248874,0,0.727427542,0
18.79190254,-4.839506626,1,-1.425909162,1,-8.760234833,1,-0.009961007,1,-0.563191831,1,0.234733269,1,0.186184943,0,-0.676570177,0,0.728141546,0
18.79590035,-4.821141243,1,-1.300563812,1,-8.734535217,1,-0.009256743,1,-0.587673664,1,0.224419326,1,0.185758993,0,-0.678998709,0,0.728762507,0
18.79990006,-4.841094971,1,-1.057777643,1,-8.634270668,1,0.010463554,1,-0.609654665,1,0.207895294,1,0.185414687,0,-0.681514978,0,0.729287982,0
18.80390167,-4.948478222,1,-1.133591652,1,-8.52407074,1,0.024778772,1,-0.625424564,1,0.197783649,1,0.185201734,0,-0.684087753,0,0.729733527,0
18.80789948,-5.070802689,1,-1.403277159,1,-8.332016945,1,0.043568734,1,-0.636710107,1,0.186080754,1,0.185109988,0,-0.686701417,0,0.730099142,0
18.81189919,-5.164370537,1,-1.752866149,1,-8.189905167,1,0.042217568,1,-0.645292521,1,0.184526697,1,0.185064331,0,-0.689359605,0,0.730436862,0
18.8159008,-5.407001972,1,-2.087649584,1,-8.044962883,1,0.028777378,1,-0.653380394,1,0.192357406,1,0.184977606,0,-0.692056715,0,0.730783999,0
18.81989861,-5.403417587,1,-2.270011425,1,-7.904411793,1,0.012444248,1,-0.648483396,1,0.202203885,1,0.184802875,0,-0.694764137,0,0.731174588,0
18.82389832,-5.360687733,1,-2.219215393,1,-7.807938576,1,-0.006051629,1,-0.65289849,1,0.206806421,1,0.184538022,0,-0.697470546,0,0.73159343,0
18.82790184,-5.513526917,1,-2.151239872,1,-7.733216286,1,-0.013538888,1,-0.642969131,1,0.212951437,1,0.184208006,0,-0.700171411,0,0.73205179,0
18.83189774,-5.511537552,1,-2.162600517,1,-7.634428024,1,-0.025781361,1,-0.634414732,1,0.220466197,1,0.183809042,0,-0.702851355,0,0.732552409,0
18.83589745,-5.431437492,1,-2.239684582,1,-7.509752274,1,-0.046087321,1,-0.62305522,1,0.221806884,1,0.183318242,0,-0.705486774,0,0.733096004,0
18.83990097,-5.574721813,1,-2.123916149,1,-7.569287777,1,-0.057458524,1,-0.611885011,1,0.226283252,1,0.182745323,0,-0.708093643,0,0.733662009,0
18.84389877,-5.607045174,1,-2.166101456,1,-7.513406277,1,-0.071106575,1,-0.596231937,1,0.228323221,1,0.18209739,0,-0.710632324,0,0.734264016,0
18.84789848,-5.550581932,1,-2.118016481,1,-7.42017889,1,-0.082316749,1,-0.582011998,1,0.229229927,1,0.181380779,0,-0.713125885,0,0.734895408,0
18.8519001,-5.641208172,1,-2.03826642,1,-7.49547863,1,-0.093646303,1,-0.570100904,1,0.232758492,1,0.180594757,0,-0.71556443,0,0.735552788,0
18.8558979,-5.663882256,1,-1.859588861,1,-7.489990234,1,-0.107942283,1,-0.550255299,1,0.230613083,1,0.179736853,0,-0.717932463,0,0.736228943,0
18.85989761,-5.66527462,1,-1.650013089,1,-7.488468647,1,-0.114158072,1,-0.536302805,1,0.226589158,1,0.178845257,0,-0.720234394,0,0.736916661,0
18.86389923,-5.842108727,1,-1.637650609,1,-7.47375679,1,-0.116824374,1,-0.517858565,1,0.223987296,1,0.177923828,0,-0.722472548,0,0.737619579,0
18.86789703,-5.794326782,1,-1.632233858,1,-7.399798393,1,-0.124480747,1,-0.497946292,1,0.214945808,1,0.177002415,0,-0.724624038,0,0.738295436,0
18.87189484,-5.91421175,1,-1.748737454,1,-7.404719353,1,-0.131467268,1,-0.481280178,1,0.208123788,1,0.176040351,0,-0.726701856,0,0.73895967,0
18.87589645,-5.769468307,1,-1.799904585,1,-7.391307354,1,-0.133699983,1,-0.457185656,1,0.207027748,1,0.175075278,0,-0.728693485,0,0.739613414,0
18.87989426,-5.827383041,1,-1.887615681,1,-7.427409649,1,-0.146634147,1,-0.443064064,1,0.203380704,1,0.174066767,0,-0.730607927,0,0.740275085,0
18.88389587,-5.736019135,1,-2.061176062,1,-7.310544968,1,-0.149419919,1,-0.42307952,1,0.203074455,1,0.173027307,0,-0.732452333,0,0.740951836,0
18.88789749,-5.73082304,1,-2.026185513,1,-7.401862621,1,-0.15421389,1,-0.407363087,1,0.210491255,1,0.171939924,0,-0.734230876,0,0.741663873,0
18.89189529,-5.766916275,1,-1.996200204,1,-7.495388508,1,-0.159195453,1,-0.400666445,1,0.215312988,1,0.170808747,0,-0.735960126,0,0.742415786,0
18.89590073,-5.711008549,1,-1.987436414,1,-7.529380322,1,-0.160783246,1,-0.382750273,1,0.22320196,1,0.169622704,0,-0.73765552,0,0.74322623,0
18.89990234,-5.675922394,1,-2.005226612,1,-7.549114227,1,-0.159414813,1,-0.377438366,1,0.228723764,1,0.168415144,0,-0.73930788,0,0.74407649,0
18.90390015,-5.639811039,1,-2.011309862,1,-7.581451416,1,-0.15620333,1,-0.36962992,1,0.236111969,1,0.167160302,0,-0.74093926,0,0.744982302,0
18.90789986,-5.603458881,1,-2.004984856,1,-7.65215683,1,-0.15843007,1,-0.370929301,1,0.245054796,1,0.165879712,0,-0.742559433,0,0.745946825,0
18.91190147,-5.631788731,1,-2.007105589,1,-7.708919525,1,-0.158161148,1,-0.371396095,1,0.253524512,1,0.164562508,0,-0.744185567,0,0.74696207,0
18.91589928,-5.611102104,1,-1.970423341,1,-7.763378143,1,-0.158637375,1,-0.378694266,1,0.26733169,1,0.16321373,0,-0.745829463,0,0.748028159,0
18.91989899,-5.522480965,1,-1.96909821,1,-7.903222561,1,-0.149695367,1,-0.387299776,1,0.279698551,1,0.161844328,0,-0.747510254,0,0.74915272,0
18.9239006,-5.506268024,1,-1.932867408,1,-7.982299328,1,-0.140041739,1,-0.40075025,1,0.2862221,1,0.160467133,0,-0.749240994,0,0.750326097,0
18.92789841,-5.518069267,1,-1.832369685,1,-8.056588173,1,-0.136079594,1,-0.421636015,1,0.300189048,1,0.159067988,0,-0.751049757,0,0.751557052,0
18.93189812,-5.571496964,1,-1.650056124,1,-8.111286163,1,-0.125535548,1,-0.44364199,1,0.308493555,1,0.157672703,0,-0.75294888,0,0.752833247,0
18.93589783,-5.562384129,1,-1.499524236,1,-8.155425072,1,-0.11808601,1,-0.463767499,1,0.315137744,1,0.156293646,0,-0.754935801,0,0.754127204,0
18.93989563,-5.554376602,1,-1.455350518,1,-8.169763565,1,-0.107992321,1,-0.490315616,1,0.322630465,1,0.154932871,0,-0.757009029,0,0.755462587,0
18.94389534,-5.495322704,1,-1.295016408,1,-8.302516937,1,-0.10182815,1,-0.515125811,1,0.319410145,1,0.165707305,0,-0.725018144,0,0.76518327,0
18.94789696,-5.516978741,1,-1.109459758,1,-8.378494263,1,-0.088497467,1,-0.548037469,1,0.315867454,1,0.164665744,0,-0.726317286,0,0.775592923,0
18.95189476,-5.421153069,1,-1.135471225,1,-8.561660767,1,-0.074470446,1,-0.580426216,1,0.301597148,1,0.163575783,0,-0.728753209,0,0.776750088,0
18.95589447,-5.413907051,1,-1.20453012,1,-8.748907089,1,-0.071406245,1,-0.627498865,1,0.298267454,1,0.162559509,0,-0.73133415,0,0.777826548,0
18.95989609,-5.26519537,1,-1.317194343,1,-8.864988327,1,-0.06757883,1,-0.668758452,1,0.292611152,1,0.161601514,0,-0.734074056,0,0.778849483,0
18.96389389,-5.275134563,1,-1.54622066,1,-8.905621529,1,-0.073348485,1,-0.717834651,1,0.296399266,1,0.160673663,0,-0.737004519,0,0.779811859,0
18.9678936,-5.290935993,1,-1.653054953,1,-8.927354813,1,-0.083183482,1,-0.76916796,1,0.294988483,1,0.159725234,0,-0.740127385,0,0.78075099,0
18.97189522,-5.367439747,1,-1.780632138,1,-9.002981186,1,-0.086751424,1,-0.816301703,1,0.309023201,1,0.158758014,0,-0.743447661,0,0.781684041,0
18.97589302,-5.212183475,1,-2.096678019,1,-9.019438744,1,-0.08801125,1,-0.874620676,1,0.330791354,1,0.157741487,0,-0.746987164,0,0.78266716,0
18.97989273,-5.222012043,1,-2.33202529,1,-9.178853035,1,-0.102612346,1,-0.936936855,1,0.34964335,1,0.156637385,0,-0.750776172,0,0.783724427,0
18.98389435,-5.201528072,1,-2.478620768,1,-9.260275841,1,-0.126898676,1,-1.004709959,1,0.384765059,1,0.155386671,0,-0.754837871,0,0.784891903,0
18.98789215,-5.15476799,1,-2.432868481,1,-9.231799126,1,-0.145548984,1,-1.074899554,1,0.415765017,1,0.153956145,0,-0.759190381,0,0.786189497,0
18.99189186,-5.10855484,1,-2.333025455,1,-9.329639435,1,-0.169634789,1,-1.149691105,1,0.449816614,1,0.152338192,0,-0.763862789,0,0.787620902,0
18.99589348,-5.191462994,1,-2.263148546,1,-9.342487335,1,-0.187780827,1,-1.231696606,1,0.483370662,1,0.150535911,0,-0.768857062,0,0.789189994,0
18.99989128,-5.169713974,1,-2.333520174,1,-9.464738846,1,-0.214802712,1,-1.309215903,1,0.509473264,1,0.148558781,0,-0.774171591,0,0.790873289,0
19.00389099,-5.117802143,1,-2.25113678,1,-9.389300346,1,-0.246816635,1,-1.395627141,1,0.535980523,1,0.146376118,0,-0.779830694,0,0.792668879,0
19.00789261,-5.263962269,1,-2.229462147,1,-9.424630165,1,-0.284460664,1,-1.483939886,1,0.570858955,1,0.143973976,0,-0.785859644,0,0.794577479,0
19.01189041,-5.313801765,1,-2.263636589,1,-9.353848457,1,-0.311770201,1,-1.569477797,1,0.594129324,1,0.141333789,0,-0.792236149,0,0.79661566,0
19.01589775,-5.091860771,1,-2.203473806,1,-9.386863708,1,-0.334874094,1,-1.66669035,1,0.631635189,1,0.138472661,0,-0.799004555,0,0.798804224,0
19.01989937,-5.108872414,1,-2.141453981,1,-9.358374596,1,-0.352828652,1,-1.766576052,1,0.669184268,1,0.135407358,0,-0.806156754,0,0.801154912,0
19.02389717,-5.111817837,1,-2.188685179,1,-9.469380379,1,-0.373776525,1,-1.86569488,1,0.705573738,1,0.132110223,0,-0.813721418,0,0.803701997,0
19.02789688,-4.16253376,1,-2.174542665,1,-7.483720779,1,-0.385139018,1,-1.783129454,1,0.682095826,1,0.128509194,0,-0.821266294,0,0.806331158,0
19.0318985,-6.724590302,1,0.423069686,1,-14.0799408,1,-0.235943303,1,-2.23178339,1,0.76701045,1,0.125422269,0,-0.830161452,0,0.809190035,0
19.0358963,-6.587899685,1,-2.84393692,1,-8.483377457,1,-0.313042343,1,-2.207954168,1,0.879596949,1,0.121875666,0,-0.839213669,0,0.812534392,0
19.03989601,-4.01304245,1,-8.243626595,1,-10.09907818,1,-0.56211859,1,-2.40819335,1,0.806092203,1,0.117560238,0,-0.848779023,0,0.815959096,0
19.04389763,-3.591633797,1,-1.794832468,1,-11.04553509,1,-0.549885094,1,-2.630466223,1,0.964605987,1,0.112720884,0,-0.859180093,0,0.819429815,0
19.04789543,-4.484743595,1,-2.384014368,1,-10.99438095,1,-0.481537819,1,-2.797355652,1,1.085260749,1,0.107215546,0,-0.870420337,0,0.823902369,0
19.05189514,-4.635865688,1,-4.1130476,1,-11.27050972,1,-0.462635845,1,-3.003193617,1,1.159396172,1,0.101431258,0,-0.882411838,0,0.829011738,0
19.05589676,-4.608373642,1,-4.295290947,1,-11.90050411,1,-0.495549619,1,-3.260831118,1,1.250847816,1,0.095142372,0,-0.895346642,0,0.834651351,0
19.05989456,-4.448842049,1,-5.041142941,1,-12.32655334,1,-0.568891406,1,-3.499710798,1,1.368457317,1,0.08795289,0,-0.909285486,0,0.84107995,0
19.06389427,-4.138678074,1,-5.61234951,1,-12.43023968,1,-0.647786498,1,-3.792374372,1,1.500846505,1,0.079690777,0,-0.924298286,0,0.848445415,0
19.06789589,-5.038992405,1,-6.513506413,1,-12.61379528,1,-0.719308972,1,-4.060379982,1,1.668778777,1,0.070028365,0,-0.940453649,0,0.85706991,0
19.07189369,-5.288024902,1,-7.558784008,1,-12.94390106,1,-0.802510023,1,-4.288020611,1,1.82261157,1,0.058739133,0,-0.957561374,0,0.867195308,0
19.0758934,-4.756458282,1,-7.983222961,1,-13.125103,1,-0.862148583,1,-4.580859661,1,2.019192219,1,0.045668207,0,-0.975665748,0,0.879045844,0
19.07989502,-3.79117465,1,-8.12544632,1,-13.50067616,1,-0.944289982,1,-4.884850025,1,2.266397476,1,0.030238673,0,-0.994884193,0,0.893229246,0
19.08389282,-3.946207762,1,-8.039008141,1,-13.99387169,1,-1.031585455,1,-5.230690479,1,2.511787415,1,0.011920951,0,-1.015322328,0,0.910257459,0
19.08789253,-5.438130379,1,-8.869652748,1,-13.96648884,1,-1.148404121,1,-5.545154572,1,2.72631669,1,-0.009670998,0,-1.03689003,0,0.930425704,0
19.09189415,-8.677001953,1,-10.79876709,1,-14.37633038,1,-1.384548783,1,-5.747317314,1,2.965127468,1,-0.035329763,0,-1.059267879,0,0.954240263,0
19.09589195,-10.5405426,1,-11.28641987,1,-13.81132793,1,-1.654688478,1,-5.813076973,1,3.144607306,1,-0.065953404,0,-1.081746221,0,0.982174575,0
19.09989166,-8.635238647,1,-10.48521805,1,-13.32789135,1,-1.921125293,1,-5.876391888,1,3.344780445,1,-0.101803444,0,-1.103934884,0,1.014526606,0
19.10389328,-9.322873116,1,-8.611056328,1,-15.22512722,1,-2.112662792,1,-6.0424757,1,3.51677227,1,-0.143696606,0,-1.125916004,0,1.052151203,0
19.10789108,-17.06642151,1,-6.462294579,1,-17.35002327,1,-2.118157864,1,-5.95684576,1,3.584059715,1,-0.19110173,0,-1.147329569,0,1.095005512,0
19.11189079,-17.84501839,1,-6.243607998,1,-16.23790932,1,-2.01453352,1,-5.695725918,1,3.70774436,1,-0.24318555,0,-1.166915178,0,1.142864585,0
19.11589241,-14.76394558,1,-7.568287849,1,-15.58075428,1,-2.043809414,1,-5.590246201,1,3.886721849,1,-0.300940633,0,-1.184577942,0,1.196665287,0
19.11989021,-18.03131104,1,-8.538487434,1,-16.09678459,1,-2.057813168,1,-5.470510483,1,3.877133131,1,-0.364444017,0,-1.200395465,0,1.256143928,0
19.12388992,-21.99230576,1,-7.916672707,1,-15.38931751,1,-2.0354352,1,-5.271104813,1,3.871576309,1,-0.432005286,0,-1.214274049,0,1.319659948,0
19.12789154,-20.07613564,1,-7.855370045,1,-15.74966621,1,-1.988989711,1,-5.137571812,1,3.879150152,1,-0.503622234,0,-1.225821614,0,1.38732326,0
19.13188934,-22.36894798,1,-8.058507919,1,-15.98796368,1,-1.862022758,1,-4.997314453,1,3.868489265,1,-0.578336239,0,-1.235252023,0,1.458396673,0
19.13589287,-23.27412796,1,-8.181033134,1,-14.45381832,1,-1.830730438,1,-4.729710102,1,3.981147528,1,-0.655349433,0,-1.242073178,0,1.532130599,0
19.13989639,-20.99110985,1,-8.342983246,1,-11.82900333,1,-2.051349401,1,-4.539985657,1,4.11655426,1,-0.734779119,0,-1.245920658,0,1.607855797,0
19.1438942,-19.73526192,1,-7.547882557,1,-11.78192711,1,-2.358415604,1,-4.381916046,1,4.260523796,1,-0.81655544,0,-1.246936321,0,1.684801698,0
19.14789391,-19.16460228,1,-5.474863052,1,-9.443611145,1,-2.577738285,1,-4.088054657,1,4.244627476,1,-0.897617698,0,-1.245196819,0,1.759929419,0
19.15189743,-16.17453575,1,-3.770208597,1,-8.982256889,1,-2.865224123,1,-3.637657642,1,4.231271744,1,-0.97484988,0,-1.240696192,0,1.829990149,0
19.15589333,-15.3147459,1,-2.1704247,1,-9.354969025,1,-2.956760406,1,-3.094739199,1,3.978601217,1,-1.044594646,0,-1.233919024,0,1.891438842,0
19.15989113,-18.31720161,1,-1.260476947,1,-13.16558743,1,-2.867221117,1,-2.606522322,1,3.668180704,1,-1.1052531,0,-1.225878954,0,1.9433465,0
19.16389465,-19.69875717,1,-2.243609667,1,-15.59189606,1,-2.4675982,1,-2.062823296,1,3.354875565,1,-1.155475497,0,-1.217202187,0,1.985415816,0
19.16789055,-16.22716713,1,1.49155283,1,-13.13323402,1,-2.128080368,1,-1.751586676,1,3.300452471,1,-1.196835756,0,-1.207842469,0,2.019766569,0
19.17189407,-23.24667358,1,4.041034698,1,-14.2929039,1,-1.649349928,1,-1.685551643,1,3.257587194,1,-1.233133435,0,-1.197982192,0,2.050522089,0
19.17589569,-27.02608871,1,-0.088091195,1,-16.68199539,1,-1.37342608,1,-0.946353495,1,3.202881336,1,-1.262347937,0,-1.187394619,0,2.075545549,0
19.17989349,-14.98712826,1,-4.844697475,1,-13.66204453,1,-1.207357883,1,-0.246734738,1,2.920060158,1,-1.281689644,0,-1.176333427,0,2.090855122,0
19.1838913,-6.189572811,1,-8.1561203,1,-10.29993439,1,-0.994180262,1,0.0402309,1,2.573741913,1,-1.293990254,0,-1.16590035,0,2.099423885,0
19.18789291,-5.466044426,1,-8.342533112,1,-9.215786934,1,-1.008334756,1,0.094439201,1,2.467719316,1,-1.303489566,0,-1.156166553,0,2.105526924,0
19.19189072,-8.132081985,1,-8.507633209,1,-10.14563751,1,-1.240201712,1,0.201230004,1,2.457415581,1,-1.312498569,0,-1.146511555,0,2.11046958,0
19.19589043,-8.686712265,1,-9.739725113,1,-10.39033508,1,-1.449208617,1,0.407139122,1,2.361223221,1,-1.316889048,0,-1.135058522,0,2.115921736,0
19.19989204,-5.997615814,1,-9.958268166,1,-9.031767845,1,-1.578947902,1,0.567370951,1,2.191487551,1,-1.32369566,0,-1.12575233,0,2.116734266,0
19.20388985,-4.37437582,1,-9.612242699,1,-8.064113617,1,-1.675702095,1,0.658544064,1,2.011979103,1,-1.329478741,0,-1.117013693,0,2.11593914,0
19.20788956,-3.687987566,1,-9.330169678,1,-7.643232822,1,-1.787904143,1,0.770844162,1,1.843037844,1,-1.334477544,0,-1.108854413,0,2.113791704,0
19.21189117,-3.02193141,1,-9.049308777,1,-7.43275404,1,-1.869266868,1,0.893339396,1,1.656760573,1,-1.33860743,0,-1.101268053,0,2.110213518,0
19.21588898,-2.080425978,1,-8.750921249,1,-7.199843407,1,-1.881343007,1,1.004538774,1,1.426849127,1,-1.341635108,0,-1.094391704,0,2.105175257,0
19.21988869,-1.108892679,1,-8.525502205,1,-6.994665623,1,-1.849855661,1,1.08932817,1,1.185655951,1,-1.343528152,0,-1.08836329,0,2.098890543,0
19.22389031,-0.248591572,1,-8.377512932,1,-6.654215336,1,-1.808056355,1,1.158627152,1,0.944498837,1,-1.344335556,0,-1.083199501,0,2.091534853,0
19.22788811,0.658749819,1,-8.418819427,1,-6.273670673,1,-1.767437816,1,1.221003294,1,0.711469114,1,-1.344174862,0,-1.078904629,0,2.08325243,0
19.23188782,1.36258924,1,-8.537743568,1,-5.98374176,1,-1.712343812,1,1.269779325,1,0.470673949,1,-1.343099713,0,-1.07548666,0,2.07412219,0
19.23588944,1.670885682,1,-8.730050087,1,-5.774582863,1,-1.669929743,1,1.324155211,1,0.238901645,1,-1.341124654,0,-1.072926641,0,2.06417799,0
19.23988724,1.865316749,1,-8.76680088,1,-5.654527664,1,-1.61904788,1,1.379502654,1,0.004171895,1,-1.33823812,0,-1.071211934,0,2.053410053,0
19.24388695,2.012611389,1,-8.805378914,1,-5.516637325,1,-1.5818187,1,1.448134065,1,-0.226495847,1,-1.3343817,0,-1.070325971,0,2.04172349,0
19.24788857,2.202531099,1,-8.842712402,1,-5.392025948,1,-1.553016663,1,1.525604486,1,-0.442999393,1,-1.329512358,0,-1.07021606,0,2.029026508,0
19.25188637,2.323239326,1,-8.863975525,1,-5.303511143,1,-1.533066511,1,1.605846286,1,-0.655125201,1,-1.323614478,0,-1.070841908,0,2.015273571,0
19.2558918,2.30427146,1,-8.859802246,1,-5.202917576,1,-1.510400414,1,1.685051918,1,-0.85145545,1,-1.316650391,0,-1.072142601,0,2.000409365,0
19.25989342,2.248305321,1,-8.704435349,1,-5.132216454,1,-1.498248458,1,1.779895306,1,-1.043516755,1,-1.308559656,0,-1.07404542,0,1.984354615,0
19.26389122,2.043945551,1,-8.53194809,1,-5.186241627,1,-1.47530818,1,1.871715665,1,-1.224518776,1,-1.299275279,0,-1.076499104,0,1.967036009,0
19.26789093,1.882833719,1,-8.334482193,1,-5.177545547,1,-1.442399859,1,1.973399162,1,-1.39432013,1,-1.288656712,0,-1.079436183,0,1.948360562,0
19.27189255,1.740373611,1,-8.103868484,1,-5.243696213,1,-1.411171913,1,2.082339048,1,-1.548283458,1,-1.276643395,0,-1.082783461,0,1.928271413,0
19.27589035,1.739311457,1,-7.839916706,1,-5.227384567,1,-1.362701297,1,2.1829319,1,-1.69707787,1,-1.263142586,0,-1.086456656,0,1.906725764,0
19.27989006,1.496368647,1,-7.552966118,1,-5.257169724,1,-1.308290243,1,2.289000988,1,-1.825518012,1,-1.248087525,0,-1.090386391,0,1.883694768,0
19.28389168,1.197682142,1,-7.343305111,1,-5.389205933,1,-1.249668717,1,2.400449753,1,-1.946382761,1,-1.231395245,0,-1.094469786,0,1.8591187,0
19.28788948,0.793244481,1,-7.066823483,1,-5.924274921,1,-1.187152147,1,2.529332161,1,-2.063313007,1,-1.212898254,0,-1.098646998,0,1.832865834,0
19.29188919,0.575858176,1,-6.939610004,1,-4.593446732,1,-1.030817151,1,2.671657801,1,-2.215007782,1,-1.192025304,0,-1.102924109,0,1.80440104,0
19.29589081,0.622625113,1,-6.411957264,1,-5.138101578,1,-0.933064997,1,2.712851524,1,-2.259172678,1,-1.16945076,0,-1.107089281,0,1.774719238,0
19.29988861,-0.245274127,1,-6.510371685,1,-5.858185291,1,-0.831155241,1,2.842981339,1,-2.309081793,1,-1.145213246,0,-1.111009836,0,1.743714809,0
19.30388832,-0.702516675,1,-6.783481598,1,-5.9616642,1,-0.742917359,1,2.982384682,1,-2.380795002,1,-1.118875861,0,-1.114555955,0,1.710844636,0
19.30788994,-1.291339636,1,-6.767944336,1,-6.043845177,1,-0.646404028,1,3.124698162,1,-2.464301586,1,-1.090411544,0,-1.117731333,0,1.676072359,0
19.31188774,-1.717015147,1,-6.473369122,1,-6.147208214,1,-0.529760897,1,3.269082785,1,-2.537940025,1,-1.059778452,0,-1.120455861,0,1.639410377,0
19.31588745,-2.141872406,1,-6.376520634,1,-6.289056301,1,-0.422996342,1,3.414685011,1,-2.603330135,1,-1.026984334,0,-1.122615814,0,1.600892782,0
19.31988716,-2.556143999,1,-6.38184309,1,-6.365489483,1,-0.320078582,1,3.561582804,1,-2.664734602,1,-0.992178977,0,-1.124106526,0,1.560629249,0
19.32388496,-2.82066083,1,-6.388478756,1,-6.35170126,1,-0.228444085,1,3.703989983,1,-2.735925436,1,-0.955474734,0,-1.124866366,0,1.518721223,0
19.32788467,-3.096140862,1,-6.249996185,1,-6.315752983,1,-0.126085073,1,3.835277319,1,-2.811240196,1,-0.917014599,0,-1.124852419,0,1.475310326,0
19.33188629,-3.251714945,1,-6.13633585,1,-6.286122322,1,-0.038020771,1,3.950834274,1,-2.875388861,1,-0.877070785,0,-1.124016881,0,1.430672407,0
19.33588409,-3.369580507,1,-6.122270107,1,-6.267551899,1,0.048877437,1,4.060608387,1,-2.940449953,1,-0.835954309,0,-1.122310758,0,1.38509059,0
19.33988571,-3.529473305,1,-6.193731308,1,-6.153235912,1,0.121587887,1,4.142272472,1,-2.991595984,1,-0.794033408,0,-1.119691253,0,1.338916421,0
19.34388924,-3.706774473,1,-6.157799244,1,-6.109607697,1,0.185410812,1,4.215708733,1,-3.040659428,1,-0.751661897,0,-1.116143703,0,1.292487621,0
19.34788513,-3.859771967,1,-6.15152359,1,-6.078102589,1,0.250701278,1,4.278664112,1,-3.087734222,1,-0.709144235,0,-1.111662507,0,1.246088624,0
19.35188294,-4.111551285,1,-6.08505106,1,-6.058898926,1,0.307144195,1,4.336016178,1,-3.120933056,1,-0.666779399,0,-1.106242657,0,1.200006247,0
19.35588646,-4.366892338,1,-5.903130054,1,-6.051208496,1,0.371874988,1,4.38873291,1,-3.161164999,1,-0.624753714,0,-1.099870205,0,1.154447436,0
19.35988236,-4.710339069,1,-5.746807575,1,-6.099001884,1,0.43134892,1,4.436234951,1,-3.188102484,1,-0.583286047,0,-1.092572093,0,1.109631777,0
19.36388207,-5.064204693,1,-5.654153347,1,-6.173873901,1,0.494810104,1,4.484260082,1,-3.22540164,1,-0.542528093,0,-1.08431983,0,1.065726161,0
19.36788559,-5.280888081,1,-5.429946423,1,-6.246321201,1,0.568818867,1,4.529138088,1,-3.246495724,1,-0.502566576,0,-1.075160623,0,1.02283144,0
19.37188339,-5.635510921,1,-5.358039856,1,-6.373627663,1,0.64166069,1,4.571911812,1,-3.273198366,1,-0.463564992,0,-1.06510222,0,0.981136441,0
19.37588882,-6.015065193,1,-5.311176777,1,-6.52175808,1,0.724866867,1,4.621602535,1,-3.293469429,1,-0.425586998,0,-1.054153204,0,0.94072479,0
19.37989044,-6.572719574,1,-5.163220406,1,-6.795193672,1,0.820764959,1,4.682382584,1,-3.305253506,1,-0.388670921,0,-1.042291522,0,0.901686668,0
19.38389015,-7.069462776,1,-5.032886505,1,-7.020388603,1,0.923550606,1,4.76392746,1,-3.324709654,1,-0.352788091,0,-1.029487014,0,0.864023328,0
19.38788796,-7.557089329,1,-4.87287426,1,-7.263596058,1,1.039266825,1,4.847194672,1,-3.330577374,1,-0.317915529,0,-1.015713453,0,0.827764988,0
19.39188957,-7.976119041,1,-4.682884693,1,-7.514159679,1,1.163244009,1,4.945787907,1,-3.348876715,1,-0.284047961,0,-1.000970602,0,0.792935729,0
19.39588738,-8.239419937,1,-4.615550041,1,-7.674273491,1,1.306262851,1,5.042540073,1,-3.364903212,1,-0.251136869,0,-0.985248446,0,0.759551823,0
19.39988709,-8.391168594,1,-4.487626076,1,-7.79686594,1,1.44903028,1,5.144492626,1,-3.366346359,1,-0.219214246,0,-0.968574822,0,0.727669179,0
19.4038887,-8.362918854,1,-4.405852318,1,-7.860437393,1,1.601897717,1,5.222049713,1,-3.362939119,1,-0.18830879,0,-0.950996161,0,0.697378099,0
19.40788651,-8.318810463,1,-4.361086845,1,-7.944924355,1,1.756409883,1,5.290974617,1,-3.349563599,1,-0.158426046,0,-0.932587385,0,0.668726742,0
19.41188622,-8.215685844,1,-4.223820686,1,-7.957831383,1,1.922819972,1,5.343301296,1,-3.327485323,1,-0.129563868,0,-0.913457155,0,0.641758323,0
19.41588783,-8.167281151,1,-4.156730652,1,-8.036281586,1,2.088405132,1,5.371743202,1,-3.297399044,1,-0.101689629,0,-0.893698692,0,0.616495252,0
19.41988564,-8.205537796,1,-4.201090813,1,-8.080321312,1,2.258575678,1,5.382669926,1,-3.268804312,1,-0.07473816,0,-0.873432219,0,0.592876911,0
19.42388535,-8.260186195,1,-4.315251827,1,-8.140668869,1,2.419823885,1,5.379645348,1,-3.236081839,1,-0.048655536,0,-0.852744997,0,0.570868194,0
19.42788696,-8.277098656,1,-4.45292902,1,-8.303281784,1,2.573822737,1,5.35383749,1,-3.213158369,1,-0.023359289,0,-0.831748128,0,0.55035013,0
19.43188477,-8.336974144,1,-4.668890476,1,-8.40610981,1,2.711957932,1,5.316482544,1,-3.185074568,1,0.001206736,0,-0.810536146,0,0.531230688,0
19.43588448,-8.550788879,1,-4.917225361,1,-8.702076912,1,2.834178209,1,5.257897854,1,-3.162149668,1,0.025084024,0,-0.789214849,0,0.51341337,0
19.43988609,-8.987567902,1,-5.256435394,1,-9.135260582,1,2.950890303,1,5.201734543,1,-3.154441357,1,0.048358236,0,-0.767851472,0,0.496765763,0
19.4438839,-9.605506897,1,-5.607722759,1,-9.51567173,1,3.055566311,1,5.142162323,1,-3.158381462,1,0.071113385,0,-0.746455908,0,0.481128663,0
19.44788361,-10.23443794,1,-6.065258026,1,-10.32679176,1,3.130194187,1,5.082623482,1,-3.186646223,1,0.09632235,0,-0.725234389,0,0.470084816,0
19.45188522,-10.75713253,1,-6.307731628,1,-11.08529282,1,3.199966431,1,5.028493881,1,-3.22948575,1,0.118164346,0,-0.703756928,0,0.456071615,0
19.45588303,-11.67717838,1,-6.497948647,1,-12.05795193,1,3.262293816,1,4.986550331,1,-3.286654472,1,0.139678881,0,-0.682221889,0,0.442625672,0
19.45988274,-12.66058159,1,-6.655595303,1,-12.93835068,1,3.336405754,1,4.952890396,1,-3.35334897,1,0.160941139,0,-0.660585463,0,0.429650962,0
19.46388435,-13.80333996,1,-6.833773613,1,-13.76352787,1,3.420133114,1,4.930765152,1,-3.437291384,1,0.182057604,0,-0.638789058,0,0.417084485,0
19.46788216,-15.04506302,1,-6.927453995,1,-14.53364563,1,3.501327515,1,4.908236027,1,-3.514701605,1,0.203061461,0,-0.616817534,0,0.404877573,0
19.47188187,-16.27889442,1,-6.995913982,1,-15.26629734,1,3.591940403,1,4.879314423,1,-3.606451511,1,0.224018902,0,-0.59465915,0,0.392986715,0
19.47588348,-17.69171143,1,-6.943774223,1,-15.76929474,1,3.693395615,1,4.845386505,1,-3.697493792,1,0.244974315,0,-0.572339356,0,0.38138026,0
19.47988129,-19.25365257,1,-6.764320374,1,-16.1368351,1,3.807847023,1,4.790194988,1,-3.795961618,1,0.266022205,0,-0.549901903,0,0.370000124,0
19.483881,-21.0105648,1,-6.636354923,1,-16.34313774,1,3.928491592,1,4.719810009,1,-3.883471727,1,0.287227303,0,-0.527409434,0,0.358833492,0
19.48788261,-22.86960602,1,-6.307810783,1,-16.12426376,1,4.035577297,1,4.639583588,1,-3.978755474,1,0.308569193,0,-0.504894614,0,0.347862184,0
19.49188042,-24.04315567,1,-3.881846428,1,-15.233428,1,4.140835762,1,4.541913986,1,-4.128316402,1,0.330081642,0,-0.482367218,0,0.336963058,0
19.49588776,-22.95669556,1,0.520865381,1,-15.7301712,1,4.283733845,1,4.316812515,1,-4.361790657,1,0.352052569,0,-0.459967643,0,0.325664103,0
19.49988937,-23.7760849,1,-1.059091806,1,-15.03616047,1,4.348535061,1,4.086609364,1,-4.566356182,1,0.374493182,0,-0.437905788,0,0.313762546,0
19.50388718,-24.41977501,1,0.938909411,1,-14.90069103,1,4.381380081,1,3.794371843,1,-4.708118439,1,0.397089124,0,-0.416286588,0,0.301376998,0
19.50788879,-25.64762688,1,2.999539137,1,-14.28209496,1,4.399178028,1,3.474741697,1,-4.760525227,1,0.419640988,0,-0.39543429,0,0.288725555,0
19.5118885,-27.45623207,1,4.44878006,1,-12.66169643,1,4.422587395,1,3.207978725,1,-4.776189804,1,0.442065805,0,-0.375321805,0,0.276029795,0
19.51588631,-29.61852455,1,5.642055511,1,-11.135602,1,4.400715351,1,2.96804738,1,-4.751433849,1,0.464236021,0,-0.35587123,0,0.263453782,0
19.51988602,-31.15597153,1,6.191861629,1,-9.401105881,1,4.27244854,1,2.752546549,1,-4.672076225,1,0.485780507,0,-0.337075561,0,0.251177788,0
19.52388763,-32.33943176,1,5.982337952,1,-7.367908478,1,4.033142567,1,2.572409868,1,-4.511419296,1,0.506189942,0,-0.318957686,0,0.239453122,0
19.52788544,-32.97423553,1,5.608147144,1,-5.510996342,1,3.689089298,1,2.394815445,1,-4.286516666,1,0.52499181,0,-0.301638901,0,0.228508815,0
19.53188515,-33.08165359,1,6.560362816,1,-4.069947243,1,3.270935059,1,2.19102025,1,-4.0208745,1,0.541832924,0,-0.285292298,0,0.218432799,0
19.53588677,-33.18429947,1,8.85964489,1,-2.785754681,1,2.853136063,1,1.963569283,1,-3.76032877,1,0.556624949,0,-0.270081967,0,0.209143847,0
19.53988457,-33.82889175,1,11.52015686,1,-1.356510639,1,2.486183167,1,1.744007587,1,-3.52764225,1,0.569536626,0,-0.256030977,0,0.200479224,0
19.54388428,-34.85773849,1,13.74030495,1,0.049044725,1,2.195455074,1,1.538895607,1,-3.326865673,1,0.580900013,0,-0.243076041,0,0.192301452,0
19.5478859,-35.54860687,1,15.64993858,1,1.629934072,1,1.963110209,1,1.328371286,1,-3.138428211,1,0.591046035,0,-0.231145293,0,0.184487134,0
19.5518837,-35.41758728,1,17.08469009,1,2.948781967,1,1.77637136,1,1.079817891,1,-2.944914341,1,0.600216925,0,-0.220313504,0,0.17692937,0
19.55588341,-34.57471085,1,18.2717247,1,4.159498215,1,1.614774704,1,0.782051504,1,-2.747390032,1,0.608589351,0,-0.210768119,0,0.169502661,0
19.55988503,-32.99393463,1,18.87147331,1,5.134762287,1,1.461806536,1,0.440923512,1,-2.521630526,1,0.616251707,0,-0.202693254,0,0.162122548,0
19.56388283,-31.21642113,1,18.70497894,1,5.809303284,1,1.298270345,1,0.065499075,1,-2.25732398,1,0.623235822,0,-0.19630444,0,0.154767886,0
19.56788254,-29.89598083,1,17.9864254,1,6.032321453,1,1.099245191,1,-0.326689035,1,-1.937821507,1,0.629437268,0,-0.191798836,0,0.147524044,0
19.57188416,-29.08071136,1,16.58003426,1,5.849644661,1,0.853267372,1,-0.707388103,1,-1.566483736,1,0.634687543,0,-0.189325944,0,0.140509397,0
19.57588196,-28.58178329,1,14.90880966,1,5.453994751,1,0.564722717,1,-1.04804194,1,-1.165108085,1,0.638780177,0,-0.18890731,0,0.133889377,0
19.57988167,-28.24705505,1,13.17848301,1,4.576135635,1,0.238039285,1,-1.340696216,1,-0.750654697,1,0.641545355,0,-0.190463021,0,0.127835795,0
19.58388329,-28.11496735,1,11.26870346,1,3.528992414,1,-0.113209248,1,-1.572671056,1,-0.320805967,1,0.642822385,0,-0.193866983,0,0.122519702,0
19.58788109,-28.2317028,1,9.553884506,1,2.229679585,1,-0.449481457,1,-1.722917199,1,0.088583626,1,0.642548442,0,-0.198881835,0,0.118111789,0
19.5918808,-24.46515083,1,2.13218689,1,-3.405376911,1,-0.970992208,1,-1.867017269,1,0.48858276,1,0.640598655,0,-0.20528312,0,0.114677362,0
19.59588242,1.256227136,1,-9.530328751,1,-7.74802351,1,-2.907428265,1,-2.179596424,1,0.789270163,1,0.63297677,0,-0.21319814,0,0.111824289,0
19.59988022,-17.79726219,1,1.605339289,1,-12.49428844,1,-2.842645645,1,-2.562640905,1,1.516869426,1,0.621936023,0,-0.223985672,0,0.110040702,0
19.60387993,-3.81923151,1,-8.610707283,1,-20.47387505,1,-3.016851425,1,-1.70852828,1,1.29062593,1,0.610280871,0,-0.234314442,0,0.109610952,0
19.60787964,10.99521732,1,-19.41524124,1,-22.1477108,1,-2.927879333,1,-1.146237731,1,1.313355923,1,0.598114669,0,-0.241778627,0,0.110702842,0
19.61187935,10.77866745,1,-23.1406002,1,-20.57932472,1,-3.022992134,1,-0.921780407,1,1.587352395,1,0.585611701,0,-0.248449966,0,0.113276944,0
19.61588287,19.33599854,1,-25.06093788,1,-18.19028282,1,-3.210767269,1,-0.720657945,1,1.862325072,1,0.572138667,0,-0.25486806,0,0.117473394,0
19.6198864,22.45529366,1,-21.44007492,1,-12.16876316,1,-3.584077835,1,-1.418123841,1,2.054986238,1,0.557342231,0,-0.262530208,0,0.122078121,0
19.6238842,19.07744217,1,-11.43252563,1,-6.567349434,1,-3.862925529,1,-2.243274689,1,2.228338003,1,0.541447103,0,-0.273259997,0,0.125712186,0
19.62788391,12.88485718,1,-1.186112285,1,-4.449132442,1,-4.077455997,1,-3.181459904,1,2.452569962,1,0.524804592,0,-0.287291229,0,0.128368109,0
19.63188553,8.080694199,1,6.437180996,1,-4.920754433,1,-3.876387596,1,-3.980559349,1,2.741940975,1,0.508131862,0,-0.304927647,0,0.130470797,0
19.63588333,1.693251014,1,11.58371258,1,-8.774209976,1,-3.491971016,1,-4.843420029,1,2.730955839,1,0.492935896,0,-0.325817168,0,0.131570935,0
19.63988304,-8.050546646,1,10.12084293,1,-13.14372349,1,-3.144478321,1,-5.242911339,1,2.665490389,1,0.479593307,0,-0.348717153,0,0.131758079,0
19.64388466,-17.81211662,1,10.71718979,1,-18.55120468,1,-2.73527956,1,-5.099476337,1,2.457001209,1,0.468022227,0,-0.371993959,0,0.131336123,0
19.64788246,-27.61486626,1,10.75259876,1,-21.50312614,1,-2.504803658,1,-4.442903519,1,2.290967703,1,0.457562864,0,-0.393355846,0,0.131239861,0
19.65188217,-27.36834908,1,12.17675114,1,-22.37498283,1,-2.174602985,1,-3.664652109,1,2.200685501,1,0.4477112,0,-0.411848158,0,0.132322565,0
19.6558857,-23.42278862,1,11.06788826,1,-18.98846245,1,-1.836177826,1,-3.121576786,1,2.18383956,1,0.438752294,0,-0.427807719,0,0.13462019,0
19.65988159,-16.03152275,1,8.531524658,1,-16.7713623,1,-1.531107187,1,-2.828961372,1,2.184684277,1,0.430675656,0,-0.442193985,0,0.137882859,0
19.6638813,-14.33594131,1,6.01090765,1,-14.59632111,1,-1.233097553,1,-2.796014786,1,2.164758205,1,0.423630059,0,-0.456041604,0,0.141530246,0
19.66788292,-14.71556854,1,-0.685572207,1,-12.96660137,1,-1.097463131,1,-2.716651917,1,1.975794315,1,0.417441905,0,-0.469572157,0,0.144997641,0
19.67187882,-13.2966032,1,-6.976532936,1,-10.82121468,1,-1.048880577,1,-2.59745717,1,1.666158557,1,0.411931366,0,-0.482174456,0,0.147683233,0
19.67588234,-14.35887337,1,-10.28639984,1,-8.511535645,1,-1.133526325,1,-2.466594934,1,1.325956225,1,0.406797498,0,-0.49386853,0,0.149356335,0
19.67988396,-11.85134029,1,-10.40257835,1,-7.177775383,1,-1.180004358,1,-2.327813148,1,1.00514853,1,0.40187782,0,-0.504487216,0,0.149906218,0
19.68388176,-10.0928154,1,-8.547152519,1,-6.471085072,1,-1.346369147,1,-2.194118261,1,0.83833164,1,0.396953076,0,-0.514276862,0,0.149705291,0
19.68788147,-7.575116158,1,-5.366016388,1,-7.031516075,1,-1.529820442,1,-2.012927532,1,0.830862522,1,0.391276211,0,-0.523307145,0,0.149514124,0
19.69188309,-8.585331917,1,-1.888127923,1,-9.005647659,1,-1.62081182,1,-1.907951236,1,0.897908449,1,0.384844542,0,-0.53190428,0,0.149755701,0
19.69588089,-12.18609333,1,-0.075869128,1,-11.22679806,1,-1.617413878,1,-1.578487992,1,0.903113127,1,0.377949059,0,-0.537982702,0,0.152899668,0
19.6998806,-15.54680347,1,2.655641317,1,-13.13758755,1,-1.545576692,1,-1.138210535,1,0.922220051,1,0.370751977,0,-0.544394672,0,0.154597253,0
19.70388031,-13.23555946,1,3.937915802,1,-12.21207333,1,-1.280977964,1,-0.701830029,1,0.859234154,1,0.363845944,0,-0.549047589,0,0.156966344,0
19.70787811,-11.88307381,1,1.693752766,1,-10.85748386,1,-1.12671864,1,-0.445945382,1,0.721611619,1,0.357721686,0,-0.552310586,0,0.159524933,0
19.71187782,-10.81548119,1,0.983988464,1,-9.776748657,1,-0.922963619,1,-0.262261271,1,0.540281653,1,0.35245055,0,-0.55449146,0,0.161731273,0
19.71587944,-6.99966383,1,-1.96757257,1,-9.822864532,1,-0.776584983,1,-0.274146229,1,0.311904103,1,0.348324299,0,-0.556075871,0,0.163200632,0
19.71987724,-6.681142807,1,-2.486432552,1,-10.28669643,1,-0.759141445,1,-0.132342577,1,0.19514823,1,0.344866693,0,-0.557152987,0,0.163931787,0
19.72387695,-5.109229565,1,-0.991663158,1,-10.02255917,1,-0.667000532,1,-0.168322653,1,0.239488855,1,0.341635853,0,-0.557985663,0,0.164637119,0
19.72787857,-5.327460289,1,-2.004904032,1,-9.887402534,1,-0.637667954,1,-0.174527079,1,0.289917201,1,0.338526338,0,-0.559002221,0,0.165567189,0
19.73187637,-5.728086948,1,-2.877209663,1,-9.441856384,1,-0.589309931,1,-0.149024472,1,0.27688393,1,0.335546732,0,-0.559978902,0,0.166587219,0
19.73588181,-5.327694416,1,-3.091403246,1,-8.546637535,1,-0.564831555,1,-0.178297192,1,0.265180558,1,0.332729101,0,-0.560947657,0,0.167556524,0
19.73988342,-5.468248844,1,-3.07599473,1,-8.679346085,1,-0.531161427,1,-0.182904184,1,0.236790106,1,0.330079347,0,-0.561970532,0,0.168412402,0
19.74388123,-5.320182323,1,-2.65332818,1,-8.998429298,1,-0.506030142,1,-0.166990802,1,0.229345962,1,0.327595979,0,-0.56293869,0,0.169173241,0
19.74788094,-5.488925934,1,-1.751694322,1,-9.343666077,1,-0.462084919,1,-0.158855751,1,0.230474845,1,0.325246066,0,-0.563851714,0,0.169958562,0
19.75188255,-5.55259943,1,-1.142430425,1,-8.977944374,1,-0.416746467,1,-0.154115826,1,0.227546588,1,0.323058069,0,-0.564733505,0,0.170761824,0
19.75588036,-5.229886532,1,-0.871972084,1,-8.91018486,1,-0.3628968,1,-0.152919427,1,0.187539712,1,0.321117103,0,-0.565579176,0,0.171469301,0
19.75988007,-5.361084461,1,-0.687190652,1,-9.028751373,1,-0.29980576,1,-0.155332789,1,0.154969931,1,0.319509745,0,-0.566378355,0,0.172002628,0
19.76388168,-5.714969635,1,-0.583604515,1,-9.192316055,1,-0.205089003,1,-0.139715999,1,0.11827787,1,0.318282723,0,-0.567102849,0,0.172392443,0
19.76787949,-4.720334053,1,-1.176762223,1,-9.132167816,1,-0.143678233,1,-0.159324199,1,0.1024542,1,0.317429453,0,-0.567800403,0,0.172673136,0
19.7718792,-4.642819405,1,-1.83831799,1,-9.234122276,1,-0.110240117,1,-0.177526608,1,0.09325844,1,0.316818535,0,-0.56857419,0,0.172868863,0
19.77588081,-4.462569237,1,-2.404599428,1,-9.113525391,1,-0.096193567,1,-0.190243632,1,0.08501038,1,0.316345245,0,-0.569376945,0,0.172995567,0
19.77987862,-4.636566162,1,-2.516188622,1,-8.866784096,1,-0.064923301,1,-0.21157825,1,0.09011206,1,0.315966547,0,-0.570250869,0,0.173098385,0
19.78387833,-4.98925972,1,-2.451426029,1,-8.698863029,1,-0.049127676,1,-0.223927259,1,0.101345554,1,0.315674722,0,-0.571204364,0,0.173204839,0
19.78787994,-4.97154808,1,-2.356172085,1,-8.73492527,1,-0.022292458,1,-0.234259188,1,0.103385486,1,0.315466285,0,-0.57220161,0,0.17332606,0
19.79187775,-4.624705791,1,-2.223428965,1,-8.810482025,1,-0.001768067,1,-0.249446183,1,0.103103891,1,0.315354228,0,-0.573252618,0,0.173441052,0
19.79587746,-4.468412876,1,-2.12721324,1,-8.945851326,1,0.018169282,1,-0.268980354,1,0.106270827,1,0.315325141,0,-0.57437259,0,0.173539668,0
19.79987907,-4.452967167,1,-1.993744016,1,-8.900835991,1,0.032840218,1,-0.285218149,1,0.108955264,1,0.315382659,0,-0.575562954,0,0.173615023,0
19.80387688,-4.717741013,1,-1.767682314,1,-8.847342491,1,0.056007791,1,-0.308603674,1,0.105162866,1,0.315538794,0,-0.57682699,0,0.173660785,0
19.80787659,-4.975743294,1,-1.577161431,1,-8.797166824,1,0.083396085,1,-0.316756308,1,0.086549945,1,0.31582737,0,-0.578138173,0,0.173640013,0
19.8118782,-4.881292343,1,-1.627447009,1,-8.814436913,1,0.111490622,1,-0.326338261,1,0.071299955,1,0.316283405,0,-0.579457104,0,0.173517734,0
19.81587601,-4.761496544,1,-1.688301325,1,-8.801011086,1,0.139849469,1,-0.336205661,1,0.049017213,1,0.316899836,0,-0.580800772,0,0.173301458,0
19.81987572,-4.677487373,1,-1.847241163,1,-8.784387589,1,0.15609701,1,-0.350442648,1,0.0386343,1,0.317666233,0,-0.58215183,0,0.172987983,0
19.82387734,-4.825132847,1,-1.829366684,1,-8.622721672,1,0.178034559,1,-0.362332195,1,0.015893422,1,0.318558514,0,-0.583559334,0,0.172571421,0
19.82787514,-4.958582401,1,-1.626953483,1,-8.509157181,1,0.199175879,1,-0.374822229,1,-0.009695329,1,0.319605291,0,-0.584965408,0,0.172038957,0
19.83187294,-4.980149746,1,-1.29762578,1,-8.526987076,1,0.240315795,1,-0.377783298,1,-0.034253128,1,0.320851982,0,-0.586372077,0,0.171371162,0
19.83587456,-4.920829296,1,-1.142157197,1,-8.600184441,1,0.284604609,1,-0.38925457,1,-0.056844138,1,0.322325408,0,-0.587762356,0,0.170585543,0
19.83987236,-4.867175579,1,-1.345555186,1,-8.570559502,1,0.31679377,1,-0.390242279,1,-0.081708506,1,0.324033886,0,-0.589158058,0,0.169668928,0
19.84387398,-4.855251789,1,-1.798517346,1,-8.459141731,1,0.346099824,1,-0.398655295,1,-0.102202132,1,0.325941443,0,-0.590535343,0,0.16864334,0
19.8478775,-4.861389637,1,-2.353204727,1,-8.276073456,1,0.354818612,1,-0.398254067,1,-0.117116094,1,0.327969968,0,-0.591908753,0,0.167519256,0
19.8518734,-4.789750099,1,-2.84642601,1,-8.095410347,1,0.356492758,1,-0.40190202,1,-0.107378133,1,0.330036163,0,-0.593282998,0,0.166371271,0
19.8558712,-4.802138329,1,-3.152384758,1,-7.98534584,1,0.345211238,1,-0.388840109,1,-0.095058456,1,0.33204931,0,-0.594646811,0,0.16528666,0
19.85988045,-4.946280003,1,-3.458477259,1,-7.956617355,1,0.328551143,1,-0.37807706,1,-0.062546715,1,0.333933622,0,-0.595995724,0,0.164323092,0
19.86388397,-4.968027115,1,-3.758145809,1,-7.756074905,1,0.291377127,1,-0.369205654,1,-0.026619945,1,0.3356179,0,-0.597352684,0,0.16352798,0
19.86788559,-5.022192955,1,-4.081228256,1,-7.59213686,1,0.25037992,1,-0.354816705,1,-0.000668559,1,0.337049752,0,-0.598697841,0,0.162897602,0
19.87188721,-5.001031876,1,-4.173462391,1,-7.615487099,1,0.212816328,1,-0.334212989,1,0.032083631,1,0.338242739,0,-0.600014746,0,0.162417024,0
19.87588501,-4.974644661,1,-4.104421616,1,-7.568454266,1,0.169789404,1,-0.315468639,1,0.059123799,1,0.339187264,0,-0.601289868,0,0.162100539,0
19.87988472,-5.002140522,1,-3.97409296,1,-7.557257652,1,0.138384372,1,-0.294146091,1,0.074580744,1,0.339910805,0,-0.602525115,0,0.161916927,0
19.88388443,-4.942238331,1,-3.716058016,1,-7.584806442,1,0.104866788,1,-0.281701654,1,0.094512381,1,0.340434849,0,-0.603718281,0,0.161845818,0
19.88788414,-4.858525753,1,-3.523152113,1,-7.794929504,1,0.071453691,1,-0.268177778,1,0.105181277,1,0.340780348,0,-0.604890227,0,0.161853164,0
19.89188385,-4.933538437,1,-3.094640732,1,-7.903532505,1,0.057657339,1,-0.26184392,1,0.114160113,1,0.340987206,0,-0.606040597,0,0.161933467,0
19.89588356,-4.753055096,1,-2.72128129,1,-8.002234459,1,0.060486984,1,-0.258503884,1,0.112154461,1,0.341170311,0,-0.607167304,0,0.162026599,0
19.89988136,-4.817929268,1,-2.319331408,1,-8.156737328,1,0.067885652,1,-0.256414592,1,0.115923047,1,0.341361403,0,-0.608296335,0,0.162138835,0
19.90388107,-4.774483681,1,-2.063552141,1,-8.262210846,1,0.08709415,1,-0.260536343,1,0.109241664,1,0.341613233,0,-0.609416604,0,0.162232846,0
19.90788269,-4.822806835,1,-2.037562132,1,-8.31125164,1,0.123275064,1,-0.262830943,1,0.078549296,1,0.342024803,0,-0.610529721,0,0.162242457,0
19.91188049,-4.76401329,1,-1.930239201,1,-8.301193237,1,0.135810092,1,-0.272078216,1,0.091612644,1,0.342570513,0,-0.611655176,0,0.162198842,0
19.9158802,-4.882619381,1,-2.119975567,1,-8.212301254,1,0.15447928,1,-0.27948308,1,0.085349008,1,0.343175769,0,-0.612809539,0,0.162167728,0
19.91988182,-4.945129871,1,-2.289190292,1,-8.178673744,1,0.168132395,1,-0.279350966,1,0.088393345,1,0.343863428,0,-0.613982677,0,0.162105963,0
19.92387962,-4.937622547,1,-2.468300343,1,-8.081727028,1,0.170531094,1,-0.286565036,1,0.082915381,1,0.344589502,0,-0.615169346,0,0.162024394,0
19.92787933,-4.94641161,1,-2.401075125,1,-8.030962944,1,0.182614058,1,-0.282182783,1,0.080152467,1,0.345334977,0,-0.616349101,0,0.161939532,0
19.93188095,-4.972694397,1,-2.339740753,1,-8.013888359,1,0.188569844,1,-0.276189953,1,0.092039734,1,0.346120238,0,-0.61752516,0,0.161873564,0
19.93587875,-4.971634865,1,-2.476974249,1,-7.959878445,1,0.189689636,1,-0.274738461,1,0.098841213,1,0.346897483,0,-0.618693471,0,0.16184552,0
19.93987846,-4.979721546,1,-2.930107355,1,-7.959840298,1,0.172970548,1,-0.269994348,1,0.106821746,1,0.347624421,0,-0.619864345,0,0.161865041,0
19.94388008,-5.00916338,1,-2.828124046,1,-7.852215767,1,0.161641687,1,-0.269563347,1,0.107027918,1,0.306257099,0,-0.616874754,0,0.225576892,0
19.94787788,-5.126654148,1,-2.772954226,1,-7.840673923,1,0.158835217,1,-0.259713262,1,0.120396614,1,0.307198256,0,-0.616800785,0,0.224759147,0
19.95187759,-5.153747559,1,-2.784460068,1,-7.73162508,1,0.15635699,1,-0.237340897,1,0.127516612,1,0.307708859,0,-0.617894769,0,0.224965557,0
19.95587921,-5.125030518,1,-2.822881937,1,-7.706474781,1,0.13804926,1,-0.225778699,1,0.135519221,1,0.308146298,0,-0.618936181,0,0.225236312,0
19.95987701,-5.24320507,1,-2.754533052,1,-7.614160538,1,0.129849687,1,-0.211029693,1,0.147907838,1,0.308488697,0,-0.6199435,0,0.225570261,0
19.96387672,-5.179506302,1,-2.79762578,1,-7.635849476,1,0.118432164,1,-0.192610934,1,0.14525114,1,0.308773696,0,-0.620897949,0,0.225948513,0
19.96787834,-5.119727612,1,-2.902623892,1,-7.61345005,1,0.103582561,1,-0.180435672,1,0.155644551,1,0.308977842,0,-0.621794999,0,0.226376563,0
19.97187614,-5.083123684,1,-3.003231764,1,-7.57383728,1,0.08503408,1,-0.171330288,1,0.164426804,1,0.309085399,0,-0.62266326,0,0.226856977,0
19.97587585,-5.091516495,1,-3.067040205,1,-7.568264008,1,0.072819389,1,-0.153222844,1,0.170349002,1,0.309093237,0,-0.623486817,0,0.227396652,0
19.9798851,-5.078231335,1,-3.156249523,1,-7.579228878,1,0.055272289,1,-0.138554722,1,0.182369858,1,0.308996081,0,-0.624251544,0,0.227991953,0
19.98388863,-5.267322063,1,-3.156652689,1,-7.603404522,1,0.026997281,1,-0.115359269,1,0.19667688,1,0.308763504,0,-0.624973357,0,0.228684887,0
19.98788834,-4.767095566,1,-3.153416395,1,-7.792443752,1,0.017830949,1,-0.111761905,1,0.195627823,1,0.308418274,0,-0.625633955,0,0.229436815,0
19.99188995,-5.039316654,1,-3.00267458,1,-7.804275036,1,0.003776483,1,-0.120980531,1,0.200698957,1,0.308020771,0,-0.626332402,0,0.230188608,0
19.99588776,-5.103572845,1,-3.015618563,1,-7.808863163,1,-0.014134841,1,-0.119636431,1,0.21534878,1,0.30753383,0,-0.62703681,0,0.230984062,0
19.99988747,-5.117373466,1,-3.008742094,1,-7.839006901,1,-0.03133386,1,-0.117056258,1,0.222646937,1,0.30694139,0,-0.627753794,0,0.231843233,0
20.00388908,-5.036512375,1,-2.932679176,1,-7.901671886,1,-0.038225558,1,-0.111443043,1,0.238676041,1,0.306266129,0,-0.62847811,0,0.232765898,0
20.00788689,-4.994209766,1,-2.889652252,1,-7.9406991,1,-0.053468928,1,-0.121736571,1,0.240763471,1,0.305523276,0,-0.629212439,0,0.233722314,0
20.0118866,-5.077573299,1,-2.764386177,1,-7.910181522,1,-0.056195684,1,-0.122812822,1,0.251524597,1,0.304725468,0,-0.629966795,0,0.234701768,0
20.01588821,-5.033350468,1,-2.743734598,1,-7.904222012,1,-0.057921901,1,-0.116658539,1,0.261854768,1,0.303895324,0,-0.630733907,0,0.235732406,0
20.01988602,-5.120531559,1,-2.668772697,1,-7.979699135,1,-0.06183289,1,-0.119927973,1,0.266939819,1,0.303022206,0,-0.631509423,0,0.236803606,0
20.02388573,-4.998035908,1,-2.636767626,1,-8.087104797,1,-0.059639312,1,-0.127382204,1,0.275210261,1,0.302119136,0,-0.632298768,0,0.237911791,0
20.02788734,-4.99682188,1,-2.537105083,1,-8.114120483,1,-0.055518687,1,-0.139705673,1,0.286068946,1,0.301225036,0,-0.633142352,0,0.239046767,0
20.03188515,-4.985274315,1,-2.620340347,1,-8.216854095,1,-0.054103103,1,-0.154157847,1,0.297789633,1,0.300309896,0,-0.634038806,0,0.24021329,0
20.03588486,-5.055937767,1,-2.648537397,1,-8.144328117,1,-0.045169514,1,-0.174118623,1,0.304350972,1,0.299397737,0,-0.635017037,0,0.241402626,0
20.03988648,-4.997160912,1,-2.702125072,1,-8.204580307,1,-0.037708014,1,-0.194863424,1,0.31427291,1,0.298525095,0,-0.636072397,0,0.242604628,0
20.04388428,-4.875898361,1,-2.689401627,1,-8.355183601,1,-0.023974305,1,-0.211806625,1,0.327704698,1,0.297671854,0,-0.637229562,0,0.243848205,0
20.04788399,-4.767253876,1,-2.689241171,1,-8.425318718,1,-0.017506486,1,-0.245876729,1,0.341939449,1,0.296831548,0,-0.638504803,0,0.245108455,0
20.05188561,-4.827123165,1,-2.57956934,1,-8.547325134,1,-0.008568932,1,-0.270565182,1,0.362017244,1,0.296000659,0,-0.639906883,0,0.24641867,0
20.05588341,-4.777880192,1,-2.603352785,1,-8.48034668,1,0.00093431,1,-0.303062081,1,0.37288025,1,0.295191973,0,-0.641438007,0,0.247757003,0
20.05988312,-4.795717716,1,-2.779414177,1,-8.566088676,1,-0.003172926,1,-0.347398877,1,0.378328115,1,0.29440701,0,-0.643117011,0,0.249077797,0
20.06388283,-4.777588367,1,-2.320215702,1,-8.604798317,1,0.012740178,1,-0.382025927,1,0.384541571,1,0.293640107,0,-0.644959807,0,0.250370085,0
20.06788063,-4.800341129,1,-2.29897213,1,-8.71730423,1,0.031186724,1,-0.418032438,1,0.384521514,1,0.292975277,0,-0.646939337,0,0.251635253,0
20.07188225,-4.699152946,1,-2.442576885,1,-8.801810265,1,0.045582619,1,-0.457565457,1,0.387343705,1,0.292389214,0,-0.649055839,0,0.252859503,0
20.07588196,-4.70427227,1,-2.707269907,1,-8.858469009,1,0.041601941,1,-0.501389146,1,0.396788359,1,0.29184407,0,-0.651337385,0,0.254042894,0
20.07987976,-4.649749279,1,-2.893160582,1,-8.936207771,1,0.042308286,1,-0.55079633,1,0.400219679,1,0.291306257,0,-0.653804183,0,0.255206734,0
20.08387947,-4.609050751,1,-3.462178946,1,-9.026490211,1,0.016407322,1,-0.603014708,1,0.417041719,1,0.290740669,0,-0.656482339,0,0.256341457,0
20.08788109,-4.363695621,1,-3.4508636,1,-9.047561646,1,-0.016336655,1,-0.668792486,1,0.438530684,1,0.290035963,0,-0.659406304,0,0.257487208,0
20.09187889,-4.537199497,1,-3.279060125,1,-9.100369453,1,-0.020825692,1,-0.737416208,1,0.457528561,1,0.2892313,0,-0.662612319,0,0.258650243,0
20.0958786,-4.493348122,1,-3.27631855,1,-9.184072495,1,-0.015055692,1,-0.79169029,1,0.489553839,1,0.288428843,0,-0.666081131,0,0.259853721,0
20.09988785,-4.640618801,1,-3.54549861,1,-9.203291893,1,-0.008570529,1,-0.861926913,1,0.518892169,1,0.287608027,0,-0.669827223,0,0.261116415,0
20.10389137,-4.54782486,1,-3.79617691,1,-9.139559746,1,-0.043642472,1,-0.929899573,1,0.553618073,1,0.286687791,0,-0.673868895,0,0.262445301,0
20.10789108,-4.640041351,1,-3.862654686,1,-9.156090736,1,-0.099336646,1,-1.001853347,1,0.579702377,1,0.285526782,0,-0.678213,0,0.26383543,0
20.1118927,-4.571561337,1,-3.328771114,1,-9.269183159,1,-0.125200853,1,-1.083957672,1,0.606730402,1,0.284178615,0,-0.682881773,0,0.265250564,0
20.1158905,-4.638277054,1,-3.019182682,1,-9.444127083,1,-0.125266358,1,-1.155582666,1,0.62969172,1,0.282753587,0,-0.687869906,0,0.2667014,0
20.11989021,-4.692381859,1,-3.309514284,1,-9.660001755,1,-0.134204447,1,-1.239790082,1,0.661709964,1,0.281284809,0,-0.693194687,0,0.268199652,0
20.12389183,-4.700172424,1,-4.130979061,1,-9.657130241,1,-0.210092559,1,-1.32541585,1,0.686930895,1,0.279626489,0,-0.698859811,0,0.269749075,0
20.12788963,-4.552400112,1,-3.34182477,1,-9.430809975,1,-0.260221511,1,-1.451058388,1,0.720604897,1,0.277661502,0,-0.704959273,0,0.271308154,0
20.13188934,-5.107702732,1,-2.298288345,1,-9.658893585,1,-0.237134561,1,-1.574974298,1,0.753182411,1,0.275639683,0,-0.711597562,0,0.272873253,0
20.13589096,-4.85803318,1,-2.392449141,1,-9.837037086,1,-0.184684813,1,-1.6758672,1,0.783148766,1,0.273769915,0,-0.718697369,0,0.274460971,0
20.13988876,-4.807580471,1,-3.426949263,1,-10.15474319,1,-0.207940683,1,-1.772763729,1,0.815218031,1,0.271942198,0,-0.726185262,0,0.276082814,0
20.14388847,-4.514750957,1,-3.581492901,1,-10.19919205,1,-0.293110907,1,-1.881613135,1,0.842321455,1,0.269833893,0,-0.734105885,0,0.27773881,0
20.14789009,-5.016350746,1,-3.338722706,1,-10.65253448,1,-0.349519968,1,-2.002266884,1,0.882950485,1,0.267383635,0,-0.742535889,0,0.279461503,0
20.15188789,-4.786136627,1,-2.539782524,1,-10.56339455,1,-0.34884423,1,-2.111288786,1,0.925071836,1,0.26474157,0,-0.751425564,0,0.281269073,0
20.1558876,-4.340307236,1,-2.458217621,1,-10.43217182,1,-0.323881328,1,-2.256569624,1,0.981249988,1,0.262081146,0,-0.760853589,0,0.283183873,0
20.15988922,-4.939051151,1,-3.362168789,1,-10.67346764,1,-0.326733977,1,-2.395666361,1,1.029720306,1,0.259348571,0,-0.770887613,0,0.285265893,0
20.16388702,-4.413915157,1,-3.485198021,1,-10.63802814,1,-0.348964483,1,-2.562696934,1,1.092731595,1,0.256447613,0,-0.781553507,0,0.287475049,0
20.16788673,-4.139855385,1,-3.270513058,1,-11.0639677,1,-0.373562723,1,-2.756386757,1,1.160728693,1,0.253320903,0,-0.792982161,0,0.289844871,0
20.17188835,-4.115900993,1,-2.994717598,1,-11.42964458,1,-0.382377923,1,-2.95994091,1,1.237161517,1,0.249959424,0,-0.805244267,0,0.292426288,0
20.17588615,-4.191419125,1,-3.346631765,1,-12.02293968,1,-0.401039153,1,-3.159902573,1,1.303180933,1,0.246365398,0,-0.818350852,0,0.295220733,0
20.17988586,-4.066972256,1,-3.743037224,1,-12.18917179,1,-0.4278889,1,-3.383039236,1,1.389295101,1,0.242501974,0,-0.832331717,0,0.298246205,0
20.18388748,-3.422385693,1,-4.3716712,1,-12.17854214,1,-0.463492274,1,-3.635864735,1,1.489046812,1,0.238175899,0,-0.847328067,0,0.301643789,0
20.18788528,-3.401088715,1,-5.108421803,1,-12.62875938,1,-0.479315907,1,-3.922745705,1,1.601988435,1,0.233480826,0,-0.863479316,0,0.305385083,0
20.191885,-3.715069056,1,-5.305395126,1,-13.01051235,1,-0.472524673,1,-4.194132328,1,1.751686454,1,0.228233561,0,-0.8808043,0,0.309728265,0
20.19588661,-3.215142488,1,-6.36774683,1,-12.84162521,1,-0.465798795,1,-4.519889832,1,1.939786673,1,0.222990289,0,-0.898214042,0,0.314261079,0
20.19988442,-2.640692472,1,-7.484532356,1,-13.02327919,1,-0.469787925,1,-4.860062122,1,2.101754665,1,0.216252342,0,-0.918266714,0,0.320447206,0
20.20388413,-2.927670956,1,-7.381586552,1,-13.79993534,1,-0.47486341,1,-5.242090702,1,2.289402008,1,0.208579734,0,-0.939879477,0,0.327670336,0
20.20788574,-4.365128994,1,-8.316620827,1,-13.89441967,1,-0.515616894,1,-5.547833443,1,2.492114067,1,0.199625209,0,-0.962963343,0,0.336240321,0
20.21188355,-3.920261621,1,-9.934631348,1,-13.34658337,1,-0.627004921,1,-5.884298801,1,2.745021105,1,0.188735783,0,-0.987406492,0,0.346658736,0
20.21588326,-4.575333118,1,-11.68404484,1,-13.3999548,1,-0.786194503,1,-6.136968136,1,3.01053381,1,0.175015137,0,-1.013159275,0,0.359585524,0
20.2198925,-3.423680067,1,-12.6918745,1,-12.84239292,1,-0.937273443,1,-6.419738293,1,3.328328848,1,0.15781787,0,-1.040018082,0,0.375665277,0
20.22389603,-1.905175924,1,-13.27182579,1,-13.58699512,1,-1.184321523,1,-6.814380169,1,3.716626883,1,0.135825604,0,-1.068268299,0,0.396098495,0
20.22789574,-4.227184296,1,-12.35807037,1,-15.94766521,1,-1.402931929,1,-7.115231514,1,4.025948524,1,0.108055666,0,-1.097831249,0,0.421681106,0
20.23189735,-8.255907059,1,-9.920461655,1,-16.01511955,1,-1.543763041,1,-7.250946999,1,4.260184288,1,0.073921889,0,-1.127919197,0,0.453073829,0
20.23589516,-12.11279678,1,-8.243743896,1,-17.11567688,1,-1.639440298,1,-7.366474152,1,4.356786251,1,0.032887138,0,-1.158150077,0,0.491079599,0
20.23989487,-15.37171936,1,-4.179563522,1,-16.46615028,1,-1.48293066,1,-7.318642616,1,4.293268204,1,-0.013775247,0,-1.187663674,0,0.534914792,0
20.24389648,-17.60401535,1,-4.616046906,1,-15.74754047,1,-1.382720828,1,-7.262112141,1,4.342096329,1,-0.067170575,0,-1.216124773,0,0.58602798,0
20.24789429,-19.31459427,1,-6.121206284,1,-16.85248756,1,-1.213440537,1,-7.096495152,1,4.348736286,1,-0.12916331,0,-1.243043661,0,0.646246731,0
20.251894,-23.2490921,1,-5.984254837,1,-17.31022644,1,-0.928324342,1,-6.697675228,1,4.347966194,1,-0.199837103,0,-1.26749754,0,0.716030002,0
20.25589562,-21.35583496,1,-6.729621887,1,-15.97024822,1,-0.650650859,1,-6.442617893,1,4.368721008,1,-0.279793143,0,-1.288786411,0,0.796324611,0
20.25989342,-23.73889732,1,-8.395091057,1,-16.68225288,1,-0.51387763,1,-6.313503265,1,4.353509903,1,-0.370538265,0,-1.307439089,0,0.888107717,0
20.26389313,-24.19700432,1,-8.072118759,1,-15.90667248,1,-0.397676229,1,-5.917855263,1,4.355466843,1,-0.471301854,0,-1.32269299,0,0.990411103,0
20.26789475,-21.05805397,1,-10.24574471,1,-14.89665508,1,-0.509180129,1,-5.693627834,1,4.428677559,1,-0.58171618,0,-1.333975554,0,1.102320433,0
20.27189255,-23.1150341,1,-9.372021675,1,-16.4799633,1,-0.771103144,1,-5.257729053,1,4.31512785,1,-0.698899746,0,-1.341093779,0,1.220101237,0
20.27589226,-19.86116219,1,-8.149306297,1,-12.7407608,1,-1.013586164,1,-4.81793499,1,4.183513165,1,-0.815045893,0,-1.344086647,0,1.335696459,0
20.27989388,-14.24235439,1,-6.214389324,1,-10.42801285,1,-1.320215464,1,-4.493085384,1,4.092926025,1,-0.927574575,0,-1.343372941,0,1.44637239,0
20.28389168,-9.123978615,1,-5.430028915,1,-9.208536148,1,-1.561917186,1,-4.075451374,1,3.79838872,1,-1.032373786,0,-1.339776754,0,1.548031688,0
20.28789139,-9.948551178,1,-6.102007866,1,-9.30104351,1,-1.652345657,1,-3.71857357,1,3.42513895,1,-1.125239134,0,-1.334421515,0,1.636854053,0
20.29189301,-8.165596962,1,-5.229601383,1,-13.36094379,1,-1.593380094,1,-3.275959492,1,3.02832675,1,-1.205345392,0,-1.328053951,0,1.712577581,0
20.29589081,-11.39087582,1,-4.243153095,1,-12.86659718,1,-1.442413092,1,-3.005085707,1,2.699474335,1,-1.273273826,0,-1.321335196,0,1.776337266,0
20.29989052,-20.6259861,1,-0.525909781,1,-12.8130064,1,-1.238326907,1,-2.790117741,1,2.461688995,1,-1.33241725,0,-1.314458847,0,1.831830025,0
20.30389214,-26.08101082,1,-0.930140555,1,-17.50484657,1,-0.916140318,1,-2.198411226,1,2.260304213,1,-1.381615639,0,-1.307338595,0,1.878284097,0
20.30788994,-14.48753738,1,-5.863474846,1,-15.76285934,1,-0.613932729,1,-1.468089461,1,1.832078338,1,-1.41592288,0,-1.300495386,0,1.910695791,0
20.31188774,-3.258615255,1,-8.288508415,1,-11.23940849,1,-0.477960497,1,-1.147346854,1,1.451628804,1,-1.439483881,0,-1.294754267,0,1.932941675,0
20.31588936,-1.677780628,1,-7.404550076,1,-10.30632401,1,-0.420140326,1,-1.104352951,1,1.243048549,1,-1.459151864,0,-1.289997816,0,1.951563001,0
20.31988716,-4.973980904,1,-6.353551388,1,-10.63479424,1,-0.445944428,1,-1.012693048,1,1.117849827,1,-1.477056742,0,-1.285744429,0,1.968414783,0
20.32388878,-6.889708042,1,-6.473727226,1,-11.37555218,1,-0.440714985,1,-0.814811587,1,0.964490533,1,-1.49251914,0,-1.281891346,0,1.982653379,0
20.3278904,-5.423672199,1,-6.077836037,1,-10.79221344,1,-0.347144872,1,-0.562412322,1,0.733139336,1,-1.504128098,0,-1.278714538,0,1.993105173,0
20.3318882,-3.932195902,1,-5.483188629,1,-9.807564735,1,-0.232535645,1,-0.349956989,1,0.522284687,1,-1.511830688,0,-1.276339293,0,1.999950171,0
20.335886,-3.004459858,1,-5.328084469,1,-9.322836876,1,-0.139038548,1,-0.144324273,1,0.345658839,1,-1.516131163,0,-1.274665356,0,2.003682137,0
20.33989334,-2.069938898,1,-5.576014996,1,-9.01973629,1,-0.076581888,1,0.068017803,1,0.178108096,1,-1.517216682,0,-1.273619533,0,2.004372358,0
20.34389877,-1.055196047,1,-5.69725275,1,-8.659276962,1,-0.024715118,1,0.266134202,1,0.009238283,1,-1.5152632,0,-1.273218989,0,2.002119064,0
20.34790039,-0.129977167,1,-5.657995224,1,-8.239414215,1,0.018204169,1,0.438395709,1,-0.140469313,1,-1.510622025,0,-1.273402572,0,1.997251391,0
20.35190201,0.72101897,1,-5.5149436,1,-7.898719788,1,0.040900826,1,0.587312579,1,-0.268707335,1,-1.503634334,0,-1.274104357,0,1.990076303,0
20.35589981,1.540116072,1,-5.401430607,1,-7.5117383,1,0.038610298,1,0.732061148,1,-0.389215589,1,-1.494541407,0,-1.275235057,0,1.98074162,0
20.35989761,2.348196507,1,-5.200383186,1,-7.246593952,1,0.041135468,1,0.861133516,1,-0.501016915,1,-1.483436584,0,-1.276747227,0,1.969295025,0
20.36389923,2.93710351,1,-4.823088169,1,-7.089606762,1,0.046352282,1,0.98865211,1,-0.611489058,1,-1.470366716,0,-1.278617501,0,1.955821633,0
20.36789703,3.22763443,1,-4.486162186,1,-7.035222054,1,0.065495968,1,1.113704443,1,-0.718624294,1,-1.455236077,0,-1.280814409,0,1.94025588,0
20.37189674,3.475635529,1,-4.115825176,1,-6.946223259,1,0.086840287,1,1.24081409,1,-0.82739985,1,-1.437922239,0,-1.283308387,0,1.922511339,0
20.37589836,3.721986771,1,-3.791398525,1,-6.883867741,1,0.118765198,1,1.365363717,1,-0.928769886,1,-1.418283343,0,-1.286042452,0,1.902468324,0
20.37989616,3.868465662,1,-3.537666559,1,-6.869979382,1,0.159532905,1,1.49385798,1,-1.018989325,1,-1.396169782,0,-1.288960218,0,1.880023003,0
20.38389587,3.81658268,1,-3.28665638,1,-6.907970905,1,0.205603018,1,1.628774881,1,-1.112270236,1,-1.371367693,0,-1.291989684,0,1.854972363,0
20.38789749,3.665316582,1,-3.129896641,1,-6.944241524,1,0.24467802,1,1.773701429,1,-1.196187139,1,-1.343682885,0,-1.295060754,0,1.827124596,0
20.39189529,3.397078753,1,-3.04915452,1,-7.023211956,1,0.285530239,1,1.927060843,1,-1.259120464,1,-1.312917352,0,-1.298063993,0,1.796263099,0
20.395895,3.186878681,1,-2.883593082,1,-7.102732658,1,0.327909946,1,2.088985443,1,-1.324536681,1,-1.27885437,0,-1.30086267,0,1.762183428,0
20.39989662,3.091543436,1,-2.668686152,1,-7.193061829,1,0.37730056,1,2.260904312,1,-1.38127017,1,-1.241343617,0,-1.303352833,0,1.724746466,0
20.40389442,3.061885595,1,-2.41222024,1,-7.271372795,1,0.437344491,1,2.429992676,1,-1.422528505,1,-1.200345278,0,-1.305414677,0,1.683928847,0
20.40789414,2.918477297,1,-2.082074404,1,-7.335380077,1,0.49657616,1,2.59443903,1,-1.463578105,1,-1.156053424,0,-1.306904316,0,1.639975786,0
20.41189575,2.703341484,1,-1.867468476,1,-7.317676544,1,0.568035245,1,2.763204813,1,-1.488916874,1,-1.108640313,0,-1.307705402,0,1.593075633,0
20.41589356,2.662091017,1,-1.664612651,1,-7.365066051,1,0.643476427,1,2.927902222,1,-1.500498533,1,-1.058449864,0,-1.307647347,0,1.543590426,0
20.41989327,2.395480633,1,-1.597185254,1,-7.294539928,1,0.725197494,1,3.08692956,1,-1.505132318,1,-1.006029248,0,-1.306641936,0,1.492125273,0
20.42389488,2.235062599,1,-1.505558133,1,-7.326665878,1,0.796079695,1,3.242527008,1,-1.501712918,1,-0.951924741,0,-1.30456543,0,1.439218998,0
20.42789269,1.966358066,1,-1.568835378,1,-7.329939365,1,0.879463613,1,3.390286446,1,-1.498396397,1,-0.896806538,0,-1.301367283,0,1.385545254,0
20.4318924,1.738380909,1,-1.565207839,1,-7.412001133,1,0.939175785,1,3.538238049,1,-1.490128636,1,-0.841281652,0,-1.296982765,0,1.331683159,0
20.43589401,1.399186969,1,-1.673276186,1,-7.469032288,1,1.004636168,1,3.675109148,1,-1.483718514,1,-0.786076903,0,-1.291389942,0,1.278347135,0
20.43989182,1.048472881,1,-1.681512475,1,-7.539972305,1,1.058051705,1,3.815559387,1,-1.470249414,1,-0.73170203,0,-1.284583688,0,1.226023436,0
20.44389153,0.638879955,1,-1.746315718,1,-7.605798244,1,1.103428006,1,3.957674742,1,-1.469549179,1,-0.678666115,0,-1.276556253,0,1.175183892,0
20.44789314,0.258899778,1,-1.720255852,1,-7.678580761,1,1.153301358,1,4.093011379,1,-1.461522579,1,-0.623464584,0,-1.266791821,0,1.12190032,0
20.45189095,-0.023479598,1,-1.637961507,1,-7.752917767,1,1.196413159,1,4.227014542,1,-1.462333441,1,-0.574300766,0,-1.256341815,0,1.075229168,0
20.45589066,-0.321455985,1,-1.602262139,1,-7.822093964,1,1.247749686,1,4.350296497,1,-1.460710406,1,-0.527281463,0,-1.244775891,0,1.030844092,0
20.45989609,-0.501348674,1,-1.501219869,1,-7.932934761,1,1.303526282,1,4.465176582,1,-1.470754862,1,-0.482575953,0,-1.232163548,0,0.988949597,0
20.46390343,-0.728852987,1,-1.414815545,1,-8.147167206,1,1.367029905,1,4.564314842,1,-1.481330037,1,-0.440219104,0,-1.218616128,0,0.949601471,0
20.46790123,-0.998507082,1,-1.313198924,1,-8.196234703,1,1.431516886,1,4.672665596,1,-1.485358238,1,-0.400134534,0,-1.204150796,0,0.912757516,0
20.47190285,-1.504133463,1,-1.217785954,1,-8.180205345,1,1.512576818,1,4.781798363,1,-1.503138781,1,-0.362234533,0,-1.188824296,0,0.878352225,0
20.47590065,-1.980399847,1,-1.07964015,1,-8.173832893,1,1.592768192,1,4.893811703,1,-1.518237233,1,-0.326331615,0,-1.17264843,0,0.846254289,0
20.47990036,-2.279087543,1,-1.056033254,1,-8.187114716,1,1.685524225,1,4.992805958,1,-1.529506445,1,-0.292331636,0,-1.155664921,0,0.816380262,0
20.48390198,-2.433034658,1,-1.10542047,1,-8.140650749,1,1.774148345,1,5.089221001,1,-1.540518165,1,-0.260115832,0,-1.13794148,0,0.788631439,0
20.48789978,-2.644032955,1,-1.262810946,1,-8.200597763,1,1.856974125,1,5.170041561,1,-1.560118556,1,-0.229636133,0,-1.119543552,0,0.762948334,0
20.49189949,-2.828606129,1,-1.434085608,1,-8.212166786,1,1.929310799,1,5.243840694,1,-1.553946733,1,-0.200838298,0,-1.100531936,0,0.739255786,0
20.49590111,-3.077444077,1,-1.597822905,1,-8.274062157,1,2.000854969,1,5.312911987,1,-1.559457183,1,-0.1736743,0,-1.080945849,0,0.717502832,0
20.49989891,-3.301538706,1,-1.740433455,1,-8.341161728,1,2.062924147,1,5.376155853,1,-1.557149172,1,-0.148016229,0,-1.060831666,0,0.697526932,0
20.50389862,-3.602770567,1,-1.874872327,1,-8.542703629,1,2.127479076,1,5.435090065,1,-1.550470352,1,-0.1237747,0,-1.040249944,0,0.679250479,0
20.50790024,-3.926404476,1,-1.946105003,1,-8.766576767,1,2.189997435,1,5.486848831,1,-1.552635431,1,-0.100797832,0,-1.019250274,0,0.662526906,0
20.51189804,-4.275876522,1,-2.030681372,1,-9.055071831,1,2.277414799,1,5.533745289,1,-1.559429407,1,-0.078889586,0,-0.997856975,0,0.647192538,0
20.51589775,-4.819041252,1,-2.071563482,1,-9.279206276,1,2.353878021,1,5.594628334,1,-1.5625422,1,-0.057919368,0,-0.976077914,0,0.633147895,0
20.51989937,-5.282692909,1,-2.061616182,1,-9.646525383,1,2.460847139,1,5.648275852,1,-1.58168149,1,-0.037675519,0,-0.953921914,0,0.620223343,0
20.52389717,-5.73166275,1,-2.047495127,1,-9.972915649,1,2.576102734,1,5.707867622,1,-1.613806009,1,-0.017933341,0,-0.931398928,0,0.60827446,0
20.52789688,-6.15547657,1,-2.132256508,1,-10.29403591,1,2.709548235,1,5.754291058,1,-1.661267519,1,0.001480418,0,-0.908535123,0,0.597159326,0
20.5318985,-6.766458511,1,-2.289238214,1,-10.68459892,1,2.836438417,1,5.815852642,1,-1.73017478,1,0.020726338,0,-0.885323286,0,0.586717844,0
20.5358963,-7.211339474,1,-2.651015997,1,-10.99166679,1,2.967798233,1,5.870819092,1,-1.811755896,1,0.039945915,0,-0.86174798,0,0.576796174,0
20.53989601,-7.565467834,1,-2.932842731,1,-11.14487362,1,3.079902172,1,5.916021824,1,-1.91616869,1,0.059178375,0,-0.837829232,0,0.567293108,0
20.54389763,-7.728013515,1,-3.277646542,1,-11.35933495,1,3.179291487,1,5.937618732,1,-2.030539036,1,0.078463241,0,-0.81362164,0,0.558089018,0
20.54789543,-7.870506287,1,-3.821630239,1,-11.565979,1,3.249726057,1,5.941634655,1,-2.15114975,1,0.097766124,0,-0.789207697,0,0.54911685,0
20.55189514,-8.023833275,1,-4.353827477,1,-11.7513485,1,3.299412012,1,5.921462059,1,-2.282304287,1,0.117047712,0,-0.764661312,0,0.540314257,0
20.55589676,-8.060379028,1,-4.932504654,1,-12.24811459,1,3.330359459,1,5.87588501,1,-2.415536642,1,0.136242479,0,-0.740062475,0,0.531635344,0
20.55989456,-8.229910851,1,-5.339432716,1,-12.76887703,1,3.334999561,1,5.801542759,1,-2.553463697,1,0.15531525,0,-0.715512156,0,0.523005486,0
20.56389427,-8.761343002,1,-5.499992371,1,-13.62564087,1,3.330875635,1,5.701366425,1,-2.709626198,1,0.174260721,0,-0.691082001,0,0.514332712,0
20.56789589,-9.563022614,1,-5.351912975,1,-14.35728264,1,3.332712173,1,5.594319344,1,-2.879146338,1,0.193119183,0,-0.666824698,0,0.505514979,0
20.57189369,-10.73836613,1,-4.612370968,1,-14.98439598,1,3.347087622,1,5.486008644,1,-3.065662384,1,0.211979911,0,-0.642728329,0,0.496468633,0
20.5758915,-12.09480286,1,-3.561078787,1,-15.52105808,1,3.398775339,1,5.386922836,1,-3.275289774,1,0.231006444,0,-0.618727446,0,0.487065941,0
20.57990074,-13.37352371,1,-2.745537043,1,-15.98913193,1,3.488101006,1,5.28842926,1,-3.50531292,1,0.25038597,0,-0.594763637,0,0.477224797,0
20.58390236,-14.81979179,1,-2.448123455,1,-17.57839012,1,3.558069706,1,5.227480888,1,-3.763123274,1,0.270175159,0,-0.570743382,0,0.466922462,0
20.58790588,-16.05113602,1,-1.053305864,1,-15.27424812,1,3.711519957,1,5.163831234,1,-3.982084513,1,0.290477514,0,-0.546309233,0,0.456024408,0
20.5919075,-18.33901024,1,-1.801657081,1,-15.7377491,1,3.806286573,1,4.947141647,1,-4.156322002,1,0.311150223,0,-0.52220726,0,0.444955796,0
20.5959053,-20.67334747,1,-2.676408291,1,-16.20745277,1,3.811613083,1,4.86289978,1,-4.347086906,1,0.331988841,0,-0.498204857,0,0.433563948,0
20.59990311,-22.72595215,1,-3.358037233,1,-16.32717896,1,3.675832272,1,4.727111816,1,-4.568450928,1,0.352457285,0,-0.474150062,0,0.421868563,0
20.60390472,-24.61494637,1,-2.254022837,1,-16.60640907,1,3.496930361,1,4.555268764,1,-4.801669598,1,0.372264355,0,-0.450129807,0,0.409639835,0
20.60790253,-26.43945122,1,0.377254248,1,-16.69586563,1,3.320590973,1,4.340927124,1,-4.993676662,1,0.391301274,0,-0.426300615,0,0.396879017,0
20.61190224,-28.56303406,1,3.436814547,1,-16.28655624,1,3.207443237,1,4.114688396,1,-5.14552784,1,0.409667134,0,-0.402826339,0,0.383653253,0
20.61590385,-30.73389053,1,6.313197136,1,-14.61984825,1,3.207009554,1,3.956977844,1,-5.277150154,1,0.42763114,0,-0.379624307,0,0.370134592,0
20.61990166,-33.31122208,1,7.685062408,1,-11.89107609,1,3.254891396,1,3.829334021,1,-5.307657719,1,0.445429713,0,-0.356556296,0,0.356612176,0
20.62390137,-35.56901169,1,7.155546188,1,-9.623225212,1,3.221358299,1,3.727130413,1,-5.258837223,1,0.462865412,0,-0.333701909,0,0.343458414,0
20.62790299,-36.35482407,1,6.014939785,1,-6.92414999,1,3.039032936,1,3.603721619,1,-5.08693409,1,0.47937125,0,-0.311209619,0,0.331000239,0
20.63190079,-36.01018143,1,5.403617859,1,-4.286012173,1,2.72182703,1,3.407022238,1,-4.763492107,1,0.494280219,0,-0.289563179,0,0.319622248,0
20.6359005,-35.56682587,1,5.881398201,1,-1.990570307,1,2.348018408,1,3.151098728,1,-4.320259571,1,0.507203162,0,-0.269322306,0,0.30957526,0
20.63990212,-34.57545471,1,7.610728741,1,0.188261732,1,1.99984479,1,2.84688282,1,-3.76831007,1,0.518062651,0,-0.250918865,0,0.301060677,0
20.64389992,-33.32949829,1,10.91465855,1,2.02842927,1,1.774334073,1,2.470831871,1,-3.185685158,1,0.527251005,0,-0.234742269,0,0.294115871,0
20.64789963,-32.36846161,1,14.95481205,1,3.363566399,1,1.706853986,1,2.052038431,1,-2.602422476,1,0.535432398,0,-0.221078828,0,0.288579404,0
20.65190125,-32.17900467,1,17.82981682,1,4.497580528,1,1.765421748,1,1.633990645,1,-2.055531979,1,0.543273628,0,-0.209984645,0,0.28427279,0
20.65589905,-31.34164429,1,19.04731941,1,4.913330078,1,1.841838956,1,1.228652716,1,-1.56335175,1,0.551153898,0,-0.20132874,0,0.281025112,0
20.65989876,-30.85622406,1,18.70110893,1,5.140962601,1,1.856348038,1,0.805360556,1,-1.103727698,1,0.559066594,0,-0.195066422,0,0.278589606,0
20.66390038,-31.05874443,1,17.24302673,1,5.163637161,1,1.747382998,1,0.421236962,1,-0.683010101,1,0.566634297,0,-0.191098735,0,0.276846945,0
20.66789818,-30.83032608,1,15.54334831,1,4.743572235,1,1.539181352,1,0.073319457,1,-0.298184663,1,0.573447108,0,-0.189223781,0,0.275711387,0
20.67189789,-30.9631443,1,14.29252338,1,3.990827799,1,1.223531246,1,-0.209571823,1,0.026824262,1,0.57911694,0,-0.189193398,0,0.275089741,0
20.67589951,-30.64678383,1,12.47389317,1,2.579511404,1,0.798886299,1,-0.445917606,1,0.327180386,1,0.583221257,0,-0.190675139,0,0.27495259,0
20.67989731,-13.19413662,1,-7.078203201,1,-0.938387215,1,-0.99374038,1,-1.059893489,1,0.989974141,1,0.583225369,0,-0.194431022,0,0.275485516,0
20.68389702,-44.19797516,1,2.544185638,1,6.723219872,1,-2.513349056,1,-2.434376478,1,2.10697341,1,0.575514734,0,-0.203694075,0,0.276875257,0
20.68789864,-36.25234222,1,14.08405209,1,10.10982513,1,-2.820444822,1,-2.456341028,1,2.688769579,1,0.564045846,0,-0.217487738,0,0.279676855,0
20.69189644,8.265288353,1,12.84568977,1,8.088305473,1,-2.667181969,1,-2.130838633,1,2.955521822,1,0.552037477,0,-0.23103109,0,0.284582585,0
20.69589615,1.153757811,1,8.693767548,1,-5.067491531,1,-2.852005959,1,-2.714151859,1,3.46612525,1,0.539836824,0,-0.24417378,0,0.287336618,0
20.69990158,-17.13081741,1,3.239782333,1,-20.14330673,1,-2.55403161,1,-2.673499346,1,3.537912846,1,0.527120292,0,-0.26096946,0,0.294012576,0
20.70390701,-4.539961338,1,-9.404522896,1,-27.41120911,1,-1.979796171,1,-1.838716745,1,3.456326485,1,0.516084135,0,-0.275725245,0,0.301884353,0
20.70790672,5.428440094,1,-26.57596588,1,-26.3055687,1,-2.051621914,1,-1.470062733,1,3.296908379,1,0.505719841,0,-0.288018107,0,0.310913324,0
20.71191025,8.096345901,1,-32.33050537,1,-17.57932472,1,-2.570379019,1,-1.501926541,1,3.077522993,1,0.493901044,0,-0.299237132,0,0.319642127,0
20.71590614,8.218172073,1,-27.3062191,1,-11.25465298,1,-2.976124048,1,-2.036291122,1,3.020659447,1,0.48044607,0,-0.311043918,0,0.327456653,0
20.71990776,3.051217079,1,-14.96413326,1,-7.260938168,1,-3.374974728,1,-2.688145876,1,3.175025225,1,0.465433061,0,-0.325161755,0,0.33464551,0
20.72390938,4.299907684,1,-5.926804066,1,-4.390465736,1,-3.406005621,1,-3.376493931,1,3.196682453,1,0.449799329,0,-0.341450781,0,0.341190875,0
20.72790718,0.219492659,1,-4.728283405,1,-7.301721096,1,-3.668048859,1,-4.417769909,1,3.238581657,1,0.433799326,0,-0.361230314,0,0.34638831,0
20.73190689,-9.393543243,1,-1.874806404,1,-9.458748817,1,-3.548838139,1,-4.714175701,1,2.88129425,1,0.417900205,0,-0.383038223,0,0.350360662,0
20.7359066,-17.43232536,1,0.342044383,1,-13.5945549,1,-3.431923151,1,-4.837748051,1,2.418533564,1,0.403082967,0,-0.404868424,0,0.352526665,0
20.73990631,-22.50119781,1,4.510074615,1,-18.64971924,1,-3.34781909,1,-4.533594608,1,1.967813492,1,0.389167011,0,-0.425630867,0,0.353431374,0
20.74390602,-27.89066887,1,8.671290398,1,-19.3196888,1,-3.018507719,1,-4.048552036,1,1.625267386,1,0.376298368,0,-0.444220871,0,0.353706956,0
20.74790764,-28.66980934,1,11.16983986,1,-18.86302757,1,-2.594012976,1,-3.552408695,1,1.37552166,1,0.365015447,0,-0.460638165,0,0.353747725,0
20.75190544,-24.74437904,1,13.92500305,1,-17.17543602,1,-2.111601114,1,-2.94892931,1,1.256150961,1,0.355445445,0,-0.474638253,0,0.354113638,0
20.75590324,-19.94008636,1,14.67440319,1,-16.86711311,1,-1.542388082,1,-2.554981947,1,1.273983479,1,0.347687811,0,-0.486632079,0,0.355172664,0
20.75990486,-16.16410637,1,11.04625988,1,-16.20111084,1,-1.142331719,1,-2.139424324,1,1.330175757,1,0.341394901,0,-0.497280121,0,0.357124418,0
20.76390266,-10.02257347,1,6.849723816,1,-13.91202736,1,-0.877080917,1,-1.848772764,1,1.422562957,1,0.335997164,0,-0.50655663,0,0.360057116,0
20.76790237,-9.641326904,1,1.02593708,1,-12.90754986,1,-0.77658397,1,-1.663206816,1,1.467532992,1,0.330949187,0,-0.515150726,0,0.363722265,0
20.77190399,-8.639802933,1,-4.519954205,1,-9.495422363,1,-0.691672504,1,-1.410655022,1,1.316331387,1,0.326090991,0,-0.522740006,0,0.367511898,0
20.77590179,-9.241376877,1,-6.47767067,1,-7.672026157,1,-0.742111325,1,-1.239628434,1,1.155270457,1,0.321525216,0,-0.529353738,0,0.371024132,0
20.77990151,-8.014781952,1,-7.916230202,1,-6.704089642,1,-0.758616269,1,-1.078214645,1,0.976325691,1,0.317029387,0,-0.535061002,0,0.374007702,0
20.78390312,-9.601602554,1,-7.240619659,1,-7.654933929,1,-0.934549272,1,-0.932722867,1,0.792578399,1,0.312381446,0,-0.540022969,0,0.376481533,0
20.78790093,-13.36781883,1,-4.058123112,1,-8.968420982,1,-0.950735331,1,-0.623027146,1,0.594652414,1,0.307559848,0,-0.543853641,0,0.378408194,0
20.79190064,-13.32466602,1,0.442086399,1,-9.701252937,1,-0.902290523,1,-0.269352168,1,0.499015778,1,0.30296725,0,-0.546249092,0,0.380197227,0
20.79590225,-9.470668793,1,2.903717041,1,-9.641079903,1,-0.77859062,1,-0.053574808,1,0.505645931,1,0.298560262,0,-0.54738313,0,0.382202327,0
20.79990006,-5.655634403,1,2.231981039,1,-9.352433205,1,-0.679471552,1,-0.043586042,1,0.510916591,1,0.294463456,0,-0.548142314,0,0.384461582,0
20.80389977,-5.769179821,1,-1.1022228,1,-9.865637779,1,-0.563477576,1,-0.062639497,1,0.41163367,1,0.290966481,0,-0.548888803,0,0.386445999,0
20.80790138,-5.557499886,1,-3.259231329,1,-8.778944969,1,-0.515970707,1,-0.06831459,1,0.37947154,1,0.287918627,0,-0.549570322,0,0.388122082,0
20.81189919,-5.735862255,1,-4.338739872,1,-8.710636139,1,-0.519433677,1,-0.057564974,1,0.377408624,1,0.285034448,0,-0.550238729,0,0.38972649,0
20.8158989,-6.022070408,1,-4.571369171,1,-9.128712654,1,-0.53172791,1,-0.029363152,1,0.383757621,1,0.282057732,0,-0.550856709,0,0.391380668,0
20.81990051,-5.066588402,1,-4.121965408,1,-9.200716019,1,-0.529155016,1,-0.043074571,1,0.421281785,1,0.279007375,0,-0.551436901,0,0.393144011,0
20.82390404,-4.436097622,1,-4.121882439,1,-9.05668354,1,-0.542028844,1,-0.087755628,1,0.458189905,1,0.275878787,0,-0.552171886,0,0.395051301,0
20.82790375,-4.215132713,1,-3.754587173,1,-8.994049072,1,-0.568997741,1,-0.100945078,1,0.491574883,1,0.272584528,0,-0.553039849,0,0.397092342,0
20.83190537,-4.925418377,1,-2.746635914,1,-9.059454918,1,-0.563265383,1,-0.102772549,1,0.508748233,1,0.269180417,0,-0.553975761,0,0.399243236,0
20.83590317,-5.070344448,1,-1.367735267,1,-8.781056404,1,-0.536678374,1,-0.125310183,1,0.493797094,1,0.265841097,0,-0.554949105,0,0.40138796,0
20.83990288,-5.609155655,1,0.184873998,1,-9.007145882,1,-0.455309361,1,-0.128843889,1,0.439992905,1,0.26280576,0,-0.555933416,0,0.403366178,0
20.8439045,-5.652328014,1,1.098749161,1,-9.39966774,1,-0.359909385,1,-0.124489069,1,0.384102046,1,0.260267705,0,-0.556847215,0,0.405090064,0
20.8479023,-5.055872917,1,0.668008924,1,-9.508208275,1,-0.258590519,1,-0.123006582,1,0.342073739,1,0.25824514,0,-0.557688296,0,0.406595588,0
20.85190201,-4.449280739,1,-1.125991583,1,-9.352725029,1,-0.201631323,1,-0.135770112,1,0.322956979,1,0.25661391,0,-0.558517814,0,0.407960653,0
20.85590172,-4.38017416,1,-2.883647919,1,-9.111352921,1,-0.186312973,1,-0.16202566,1,0.310421675,1,0.255171239,0,-0.559414268,0,0.409230381,0
20.85990143,-4.634251595,1,-3.473371506,1,-8.738718033,1,-0.186374441,1,-0.191018745,1,0.308190316,1,0.253785968,0,-0.560417354,0,0.41043371,0
20.86390114,-5.12364006,1,-3.164034128,1,-8.522060394,1,-0.198204651,1,-0.20979856,1,0.320517838,1,0.252371192,0,-0.56151247,0,0.411629975,0
20.86790276,-5.329782963,1,-2.54022789,1,-8.546896935,1,-0.19809638,1,-0.207685307,1,0.328518331,1,0.250918984,0,-0.562646568,0,0.412870228,0
20.87190056,-4.978715897,1,-2.307101488,1,-8.724693298,1,-0.201675057,1,-0.209885955,1,0.323211133,1,0.249439508,0,-0.563779294,0,0.414132059,0
20.87589836,-4.686363697,1,-2.373105049,1,-8.787794113,1,-0.198668897,1,-0.227252424,1,0.310074985,1,0.247995928,0,-0.564935029,0,0.415328026,0
20.87989998,-4.452507019,1,-2.526518822,1,-8.832674026,1,-0.198146448,1,-0.253203332,1,0.291810125,1,0.246602163,0,-0.566153526,0,0.416438937,0
20.88389778,-4.836753845,1,-2.440906763,1,-8.931557655,1,-0.192296103,1,-0.272639334,1,0.277626783,1,0.24527359,0,-0.567445338,0,0.417437643,0
20.88789749,-4.857575417,1,-2.187082529,1,-8.69820118,1,-0.191171974,1,-0.283555299,1,0.250270784,1,0.244013235,0,-0.568773627,0,0.418339521,0
20.89189911,-5.378230095,1,-1.48447299,1,-8.845342636,1,-0.166841254,1,-0.311825991,1,0.218834162,1,0.242897645,0,-0.570161641,0,0.41908443,0
20.89589691,-5.175060272,1,-0.839857221,1,-8.790696144,1,-0.129620105,1,-0.310496867,1,0.188416049,1,0.241985708,0,-0.571560681,0,0.419669539,0
20.89989662,-4.940130711,1,-0.816057503,1,-8.818087578,1,-0.091922477,1,-0.320628226,1,0.156806558,1,0.24129881,0,-0.572955489,0,0.42010808,0
20.90389824,-4.783033371,1,-1.304100513,1,-8.783532143,1,-0.058354639,1,-0.326350898,1,0.121133469,1,0.240850195,0,-0.574337304,0,0.420376092,0
20.90789604,-4.859371662,1,-1.547474504,1,-8.693138123,1,-0.035968423,1,-0.343289196,1,0.092301577,1,0.240612864,0,-0.575737178,0,0.420482218,0
20.91189575,-5.155769825,1,-1.227574348,1,-8.665941238,1,-0.0025725,1,-0.349171311,1,0.06811545,1,0.240547836,0,-0.577159584,0,0.420449913,0
20.91589928,-5.252616405,1,-0.896542668,1,-8.626441956,1,0.03705845,1,-0.35473305,1,0.041692019,1,0.240700409,0,-0.578588486,0,0.420301765,0
20.91989517,-4.872252464,1,-0.809555292,1,-8.705605507,1,0.076014459,1,-0.367682099,1,0.017074719,1,0.24107255,0,-0.580019355,0,0.420034438,0
20.92389488,-4.830758572,1,-0.911423504,1,-8.806215286,1,0.123540923,1,-0.376606196,1,-0.003512469,1,0.241696239,0,-0.581466794,0,0.419634879,0
20.92789841,-4.594071388,1,-1.507796645,1,-8.705934525,1,0.137459293,1,-0.392765075,1,-0.013139497,1,0.242469728,0,-0.582957625,0,0.4191567,0
20.93189621,-4.730922699,1,-2.007812023,1,-8.517744064,1,0.155846149,1,-0.40212822,1,-0.020328453,1,0.243363395,0,-0.584487081,0,0.41861257,0
20.93589592,-4.837055683,1,-2.499720573,1,-8.288631439,1,0.163584635,1,-0.397011578,1,-0.008308008,1,0.244301006,0,-0.586027443,0,0.418072879,0
20.93989754,-4.886191845,1,-2.753036737,1,-8.134917259,1,0.160613745,1,-0.386974066,1,0.014421927,1,0.245198578,0,-0.587559223,0,0.417633116,0
20.94390106,-4.959628582,1,-3.293377399,1,-7.988127708,1,0.148685858,1,-0.381005347,1,0.042945217,1,0.179743588,0,-0.620976567,0,0.438566983,0
20.94790077,-4.890006542,1,-3.826223612,1,-7.872714996,1,0.118602976,1,-0.36547634,1,0.076284729,1,0.180923864,0,-0.621434271,0,0.436291814,0
20.95190239,-4.96003294,1,-3.868251801,1,-7.702441216,1,0.083001979,1,-0.344277412,1,0.105520941,1,0.181241632,0,-0.62290293,0,0.436427772,0
20.95590019,-5.044829845,1,-3.834263802,1,-7.598577499,1,0.059779651,1,-0.314067811,1,0.136554345,1,0.181357086,0,-0.624288917,0,0.436724067,0
20.9598999,-5.160017967,1,-3.473248482,1,-7.625591278,1,0.040180575,1,-0.293473512,1,0.166243985,1,0.181287408,0,-0.625602484,0,0.437187195,0
20.96390152,-4.953999043,1,-3.360239506,1,-7.790964127,1,0.022710482,1,-0.277085483,1,0.188768476,1,0.181058094,0,-0.626844347,0,0.437797546,0
20.96789932,-4.620815277,1,-2.946044445,1,-8.068261147,1,-0.014597921,1,-0.279493511,1,0.213145971,1,0.180634305,0,-0.628075004,0,0.438540697,0
20.97189903,-4.897871017,1,-2.081899166,1,-8.086138725,1,0.01006463,1,-0.277353048,1,0.216289967,1,0.180151016,0,-0.629327178,0,0.439333737,0
20.97590065,-4.890808582,1,-1.684128642,1,-8.254951477,1,0.047873594,1,-0.266175538,1,0.226777941,1,0.179767296,0,-0.630550027,0,0.440168589,0
20.97989845,-4.82546711,1,-1.826518297,1,-8.287421227,1,0.065712832,1,-0.276068151,1,0.235840753,1,0.179474741,0,-0.631771088,0,0.441063046,0
20.98389816,-4.910652637,1,-1.728601694,1,-8.290088654,1,0.073884115,1,-0.291297227,1,0.225666955,1,0.179229736,0,-0.633049726,0,0.441933513,0
20.98789978,-4.916560173,1,-1.594280243,1,-8.329493523,1,0.108128786,1,-0.292590052,1,0.218329355,1,0.179113045,0,-0.634368718,0,0.442754328,0
20.99189758,-4.695083141,1,-1.908613801,1,-8.51146698,1,0.100522779,1,-0.318804204,1,0.216179207,1,0.179070756,0,-0.635726929,0,0.443541348,0
20.99589539,-4.926877499,1,-1.779586554,1,-8.405719757,1,0.118980005,1,-0.341557324,1,0.205410987,1,0.179071307,0,-0.637190223,0,0.444277674,0
20.999897,-4.919286728,1,-1.737515211,1,-8.337554932,1,0.131333172,1,-0.353439957,1,0.196896121,1,0.179177389,0,-0.638703525,0,0.444949031,0
21.00389481,-5.039382935,1,-2.067092657,1,-8.36879921,1,0.129505828,1,-0.372715771,1,0.196437269,1,0.179332986,0,-0.640262246,0,0.445587039,0
21.00789642,-5.03761673,1,-1.969225645,1,-8.259955406,1,0.116973631,1,-0.388524145,1,0.185075268,1,0.179466605,0,-0.641901195,0,0.446197391,0
21.01189804,-5.052954197,1,-1.806144238,1,-8.234728813,1,0.136191025,1,-0.402768284,1,0.182623237,1,0.179648623,0,-0.643589556,0,0.44674176,0
21.01589584,-5.028142452,1,-1.687351584,1,-8.163092613,1,0.153910503,1,-0.403912157,1,0.186249942,1,0.179894403,0,-0.645309448,0,0.447293699,0
21.01989365,-5.054193497,1,-1.861266255,1,-8.091342926,1,0.166331962,1,-0.408860117,1,0.182621062,1,0.180200011,0,-0.647039294,0,0.447842479,0
21.02389526,-5.116969109,1,-2.127415657,1,-7.961229801,1,0.163046673,1,-0.415665478,1,0.178344458,1,0.180547342,0,-0.648787618,0,0.448358148,0
21.02789307,-5.139897823,1,-2.373451233,1,-7.950813293,1,0.147735357,1,-0.415761441,1,0.174695313,1,0.180871591,0,-0.650541902,0,0.448859632,0
21.03189278,-5.074201107,1,-2.309833527,1,-7.916741848,1,0.120498762,1,-0.416968822,1,0.174099818,1,0.181102768,0,-0.652304292,0,0.449350715,0
21.03589439,-5.152344227,1,-1.99996829,1,-7.858988285,1,0.121457592,1,-0.413879693,1,0.170355901,1,0.181308329,0,-0.654055178,0,0.449812829,0
21.0398922,-5.229549408,1,-1.909426332,1,-7.923573971,1,0.12686336,1,-0.406942725,1,0.163417846,1,0.181529552,0,-0.655795813,0,0.450262696,0
21.04389191,-5.237677097,1,-1.871468782,1,-7.986073017,1,0.133535147,1,-0.412852466,1,0.151754707,1,0.181797951,0,-0.657521963,0,0.450670481,0
21.04789352,-5.260118961,1,-1.930263042,1,-7.899758816,1,0.131855622,1,-0.410945147,1,0.146750093,1,0.182093874,0,-0.659252107,0,0.451046526,0
21.05189133,-5.344526291,1,-1.989117026,1,-7.918362141,1,0.134990573,1,-0.411675751,1,0.13830623,1,0.182417378,0,-0.660979986,0,0.451378405,0
21.05589104,-5.320285797,1,-2.077867508,1,-7.912671566,1,0.131685913,1,-0.405916363,1,0.134432822,1,0.182765245,0,-0.662690997,0,0.451685846,0
21.05989265,-5.225400448,1,-2.325015068,1,-7.912693024,1,0.13648124,1,-0.406482607,1,0.137994632,1,0.183114275,0,-0.664384723,0,0.451992422,0
21.06389618,-5.17990303,1,-2.434033632,1,-7.837779522,1,0.134289965,1,-0.402341455,1,0.144648448,1,0.183461159,0,-0.666078448,0,0.452314019,0
21.06789589,-5.182992458,1,-2.546189308,1,-7.873857975,1,0.127931774,1,-0.402677864,1,0.149191514,1,0.183768943,0,-0.667762458,0,0.452663749,0
21.07189941,-5.203361988,1,-2.634044886,1,-7.945465565,1,0.116890728,1,-0.404180408,1,0.157746211,1,0.184022814,0,-0.669459105,0,0.453051329,0
21.07589722,-5.254307747,1,-2.672583818,1,-7.961278439,1,0.105578788,1,-0.408395857,1,0.168963611,1,0.184193686,0,-0.671174049,0,0.453493118,0
21.07989693,-5.253831863,1,-2.540060997,1,-7.868170261,1,0.099480145,1,-0.407473743,1,0.17595683,1,0.184293568,0,-0.672905326,0,0.453970194,0
21.08389854,-5.245187759,1,-2.459197283,1,-7.964819431,1,0.099002957,1,-0.417565525,1,0.192093626,1,0.184350789,0,-0.674654603,0,0.454522103,0
21.08789635,-5.32552433,1,-2.529378176,1,-7.854818821,1,0.101115577,1,-0.414161682,1,0.203371197,1,0.184369221,0,-0.676435173,0,0.455123544,0
21.09189606,-5.266614914,1,-2.575618505,1,-7.853443146,1,0.09894488,1,-0.41547215,1,0.218147367,1,0.184347257,0,-0.678222775,0,0.455792785,0
21.09589577,-5.308896542,1,-2.752094507,1,-7.915778637,1,0.087385371,1,-0.423233122,1,0.233862147,1,0.184237286,0,-0.680044889,0,0.456550151,0
21.09989357,-5.239316463,1,-2.730353832,1,-7.915694714,1,0.076394759,1,-0.427703321,1,0.251687795,1,0.184043184,0,-0.681894362,0,0.457376122,0
21.10389519,-5.323591232,1,-2.6521523,1,-7.990711212,1,0.066383958,1,-0.439624071,1,0.272855431,1,0.183756918,0,-0.683795333,0,0.458291411,0
21.1078949,-5.322862148,1,-2.690491438,1,-7.964340687,1,0.063649021,1,-0.448116601,1,0.289085627,1,0.183372781,0,-0.685739875,0,0.459296733,0
21.1118927,-5.342338085,1,-2.830293417,1,-7.999793053,1,0.048263531,1,-0.458679259,1,0.317540437,1,0.182892233,0,-0.687752783,0,0.460418612,0
21.11589241,-5.320625782,1,-2.91967535,1,-8.060754776,1,0.03399916,1,-0.477351725,1,0.337091297,1,0.182292506,0,-0.689824581,0,0.461633921,0
21.11989403,-5.278800964,1,-2.883481503,1,-8.150143623,1,0.021104744,1,-0.492398143,1,0.361530483,1,0.181558535,0,-0.691983342,0,0.462956607,0
21.12389183,-5.309549332,1,-2.865733624,1,-8.204416275,1,0.006189098,1,-0.516924977,1,0.38336429,1,0.180708855,0,-0.694238782,0,0.46438846,0
21.12789154,-5.317583561,1,-3.075898647,1,-8.234856606,1,-0.021473382,1,-0.534905851,1,0.408194274,1,0.179703966,0,-0.696592689,0,0.465920866,0
21.13189316,-5.20856142,1,-2.891076326,1,-8.249436378,1,-0.042435806,1,-0.567841053,1,0.423868239,1,0.178523064,0,-0.699064493,0,0.467551768,0
21.13589096,-5.22062397,1,-2.586096048,1,-8.2958498,1,-0.055504125,1,-0.59330982,1,0.442175061,1,0.177234933,0,-0.701659739,0,0.469248116,0
21.13989067,-5.142205715,1,-2.402037382,1,-8.328573227,1,-0.049353145,1,-0.62068367,1,0.455148518,1,0.175887108,0,-0.704368412,0,0.471007168,0
21.14389229,-5.234659195,1,-2.402513504,1,-8.44659996,1,-0.051550765,1,-0.651736736,1,0.459059954,1,0.174519107,0,-0.707204103,0,0.472791344,0
21.14789009,-5.204703808,1,-2.260238409,1,-8.49552536,1,-0.057989091,1,-0.684601665,1,0.468575686,1,0.173134983,0,-0.710158944,0,0.474587828,0
21.1518898,-4.05800724,1,-1.515357494,1,-6.260625362,1,-0.061232924,1,-0.596998096,1,0.436830074,1,0.171578825,0,-0.712917805,0,0.476427227,0
21.15589142,-7.393640041,1,0.252430439,1,-11.56807423,1,0.085703991,1,-0.783268273,1,0.453333795,1,0.17073071,0,-0.716193974,0,0.478033274,0
21.15988922,-4.200355053,1,-1.682425261,1,-7.112954617,1,-0.025282353,1,-0.823247015,1,0.448378235,1,0.169756934,0,-0.719534397,0,0.479699612,0
21.16388893,-5.975323677,1,-5.202112198,1,-9.140593529,1,-0.071895391,1,-0.887326777,1,0.389253646,1,0.168613195,0,-0.723251581,0,0.481092095,0
21.16789055,-3.812957048,1,-2.505505562,1,-8.993068695,1,-0.069583714,1,-0.92149502,1,0.470143378,1,0.167365327,0,-0.727062285,0,0.482527256,0
21.17188835,-4.890521049,1,-2.444408655,1,-9.04425621,1,-0.046174411,1,-0.99845612,1,0.515196264,1,0.165959388,0,-0.731180608,0,0.484283805,0
21.17588806,-5.440842628,1,-3.459317446,1,-8.878889084,1,-0.068654902,1,-1.053160906,1,0.528041184,1,0.164496899,0,-0.735579729,0,0.486153871,0
21.17988777,-5.262796879,1,-3.243402243,1,-9.011689186,1,-0.116690166,1,-1.124729991,1,0.538520157,1,0.16285336,0,-0.740225136,0,0.488036722,0
21.1838913,-5.040540695,1,-2.37979722,1,-9.264340401,1,-0.142262444,1,-1.186136484,1,0.571998537,1,0.160996124,0,-0.74514097,0,0.490012854,0
21.18789101,-5.28802824,1,-2.412666082,1,-9.373240471,1,-0.174418077,1,-1.253735185,1,0.591324329,1,0.15895395,0,-0.750331581,0,0.492087156,0
21.19189262,-5.194671154,1,-2.467554331,1,-9.384094238,1,-0.199136525,1,-1.335747123,1,0.591253221,1,0.156784803,0,-0.755814552,0,0.494176805,0
21.19589043,-5.49958992,1,-2.447713137,1,-9.488077164,1,-0.244490281,1,-1.404510021,1,0.59158051,1,0.155387208,0,-0.760585546,0,0.492875338,0
21.19989014,-5.105070591,1,-2.256699562,1,-9.391941071,1,-0.276038438,1,-1.477692842,1,0.61328584,1,0.152906746,0,-0.766640186,0,0.494954914,0
21.20389175,-4.983615875,1,-2.193789005,1,-9.371621132,1,-0.289025754,1,-1.562286139,1,0.620934427,1,0.150298163,0,-0.773015738,0,0.497073978,0
21.20788956,-5.30843401,1,-2.095466137,1,-9.331331253,1,-0.289193094,1,-1.650765061,1,0.638648748,1,0.147621915,0,-0.779743314,0,0.499230415,0
21.21188927,-5.127323627,1,-2.234741449,1,-9.336196899,1,-0.298224777,1,-1.731757522,1,0.664524674,1,0.144860342,0,-0.786809504,0,0.50148505,0
21.21589088,-5.101009369,1,-2.372567892,1,-9.417093277,1,-0.308161616,1,-1.826318622,1,0.687147856,1,0.141983852,0,-0.794239402,0,0.50383693,0
21.21988869,-5.035774231,1,-2.432957649,1,-9.540085793,1,-0.324727505,1,-1.927668691,1,0.725178778,1,0.138924092,0,-0.802073956,0,0.506336749,0
21.2238884,-5.214373112,1,-2.661069632,1,-9.617694855,1,-0.346219093,1,-2.032844782,1,0.764827967,1,0.135632813,0,-0.810323358,0,0.509031832,0
21.22789002,-4.942900658,1,-2.854301929,1,-9.625594139,1,-0.360916108,1,-2.151761055,1,0.823650897,1,0.132071123,0,-0.819034398,0,0.511992574,0
21.23188782,-4.737874031,1,-3.016489029,1,-9.93721962,1,-0.369765073,1,-2.284216642,1,0.864121139,1,0.128243521,0,-0.82826066,0,0.515216827,0
21.23588753,-4.744662285,1,-3.124563932,1,-10.46802902,1,-0.391708255,1,-2.43248558,1,0.922413349,1,0.124136783,0,-0.838081002,0,0.518718481,0
21.23988915,-4.823278904,1,-3.512355089,1,-11.02552509,1,-0.429926544,1,-2.59097147,1,0.981237888,1,0.119607717,0,-0.848508537,0,0.522581995,0
21.24388695,-4.344261169,1,-3.529552698,1,-11.31921005,1,-0.469125777,1,-2.788208723,1,1.044897676,1,0.114643805,0,-0.859652638,0,0.526788473,0
21.24788666,-4.234960556,1,-3.708980083,1,-11.75726318,1,-0.488030583,1,-3.022288561,1,1.128788471,1,0.109186567,0,-0.871674061,0,0.531447351,0
21.25188828,-4.729265213,1,-4.128304005,1,-12.14199066,1,-0.490363002,1,-3.243616819,1,1.221083641,1,0.103208378,0,-0.884634495,0,0.536671221,0
21.25588608,-4.031589985,1,-4.706428528,1,-12.17902088,1,-0.488927901,1,-3.503645897,1,1.345267534,1,0.096592247,0,-0.898552775,0,0.542658687,0
21.25988579,-3.642436028,1,-5.542582035,1,-12.30799389,1,-0.464866668,1,-3.779570103,1,1.487447977,1,0.089206763,0,-0.913578868,0,0.54961592,0
21.26388931,-3.597485065,1,-6.093551636,1,-12.66317558,1,-0.44876489,1,-4.079689026,1,1.630729437,1,0.080959029,0,-0.929786682,0,0.557670712,0
21.26788521,-3.637836933,1,-6.124942303,1,-12.87007904,1,-0.429346889,1,-4.387393951,1,1.823960304,1,0.071572669,0,-0.947185278,0,0.567128181,0
21.27188492,-4.452376366,1,-7.326791763,1,-13.36164665,1,-0.428105056,1,-4.709178925,1,1.997764468,1,0.060732089,0,-0.965873778,0,0.578311682,0
21.27588844,-5.571518898,1,-8.32040596,1,-13.73091602,1,-0.529151917,1,-4.978934765,1,2.211143732,1,0.047968712,0,-0.985684156,0,0.591425061,0
21.27988625,-4.553348541,1,-8.44567585,1,-13.47152042,1,-0.656566679,1,-5.28909874,1,2.394371748,1,0.032661919,0,-1.006545067,0,0.606854141,0
21.28388596,-4.509459019,1,-9.631999016,1,-13.98475742,1,-0.816762805,1,-5.606561661,1,2.538083315,1,0.014557777,0,-1.028602123,0,0.62467742,0
21.28788757,-4.212422371,1,-8.91307354,1,-13.21953106,1,-0.929857731,1,-5.950256824,1,2.804438114,1,-0.006812824,0,-1.051714659,0,0.645494282,0
21.29188538,-6.9370327,1,-10.79946518,1,-14.25734234,1,-1.085875988,1,-6.166657448,1,3.022799492,1,-0.032743014,0,-1.075770617,0,0.670489788,0
21.29588509,-9.383048058,1,-11.22597313,1,-14.78746796,1,-1.260841489,1,-6.243153572,1,3.317346096,1,-0.063856289,0,-1.099975348,0,0.700342178,0
21.2998867,-9.485358238,1,-10.82194614,1,-15.55117035,1,-1.438734174,1,-6.361251831,1,3.508513451,1,-0.101048946,0,-1.123950481,0,0.735783577,0
21.30388832,-12.64942455,1,-8.258575439,1,-15.7013216,1,-1.483802438,1,-6.373582363,1,3.610612631,1,-0.144101366,0,-1.147559047,0,0.776756525,0
21.30788803,-14.19337559,1,-6.531859875,1,-15.6788559,1,-1.435404778,1,-6.353284359,1,3.734385014,1,-0.192803204,0,-1.170166016,0,0.823541343,0
21.31188965,-15.29663658,1,-5.895819187,1,-15.74614716,1,-1.444848299,1,-6.310412884,1,3.843185186,1,-0.248129457,0,-1.191599965,0,0.877108753,0
21.31588745,-17.60985756,1,-5.997234344,1,-16.9556179,1,-1.367473483,1,-6.146588802,1,3.810394526,1,-0.309636712,0,-1.211349726,0,0.936984658,0
21.31988907,-19.47187233,1,-6.164208412,1,-16.75822639,1,-1.057320595,1,-5.877388477,1,3.790431499,1,-0.375690222,0,-1.228902936,0,1.002099156,0
21.32388878,-20.01709938,1,-7.211315632,1,-15.63695526,1,-0.931456208,1,-5.75485611,1,3.861891985,1,-0.446794629,0,-1.244083405,0,1.073198318,0
21.32788658,-21.75979996,1,-7.498666763,1,-16.72193146,1,-0.764540493,1,-5.610812187,1,3.797733545,1,-0.523172796,0,-1.257096767,0,1.150075555,0
21.33188629,-21.44369125,1,-8.507333755,1,-15.15037823,1,-0.640245259,1,-5.357872009,1,3.801691294,1,-0.602868319,0,-1.26752305,0,1.23080802,0
21.33588791,-21.26150703,1,-9.97225666,1,-13.82135677,1,-0.819147348,1,-5.131779671,1,3.953743935,1,-0.686713398,0,-1.275029659,0,1.3156178,0
21.33988571,-22.28955269,1,-9.022429466,1,-14.17895794,1,-1.15450263,1,-4.814461231,1,3.911951303,1,-0.773565888,0,-1.279323816,0,1.402176857,0
21.34388542,-18.68991661,1,-8.261955261,1,-11.30005169,1,-1.440033793,1,-4.501812458,1,3.902208328,1,-0.859748363,0,-1.280719161,0,1.486733556,0
21.34788704,-16.29340553,1,-6.857848167,1,-10.88707447,1,-1.792203426,1,-4.140935421,1,3.858978033,1,-0.943974257,0,-1.279210091,0,1.567892313,0
21.35188484,-14.90047836,1,-6.846878529,1,-9.43471241,1,-1.997858047,1,-3.660468578,1,3.527468681,1,-1.021728516,0,-1.275593162,0,1.641152024,0
21.35588455,-15.34366131,1,-6.397572517,1,-10.00046825,1,-2.195113897,1,-3.325073719,1,3.288425446,1,-1.091521382,0,-1.270545602,0,1.705399275,0
21.35988617,-12.06056786,1,-4.625683784,1,-13.72740459,1,-2.181311607,1,-2.915681601,1,2.883826733,1,-1.153479576,0,-1.264850497,0,1.761044145,0
21.36388397,-14.35928154,1,-2.925173521,1,-13.36809158,1,-1.999539852,1,-2.664206028,1,2.672628403,1,-1.207301855,0,-1.258820653,0,1.808740258,0
21.36788368,-22.50211716,1,1.049063444,1,-14.06393528,1,-1.708498955,1,-2.469480038,1,2.512413979,1,-1.255089641,0,-1.252511978,0,1.85113728,0
21.3718853,-25.43083382,1,-0.221752271,1,-17.63370705,1,-1.366000891,1,-1.861397386,1,2.426525354,1,-1.295118928,0,-1.245568752,0,1.88687551,0
21.3758831,-14.89590454,1,-5.004642963,1,-15.76162243,1,-1.063876629,1,-1.19498086,1,2.111942768,1,-1.324002266,0,-1.238344908,0,1.912267685,0
21.37988281,-5.379926682,1,-7.439363003,1,-11.26019287,1,-0.865837276,1,-0.884414315,1,1.802046776,1,-1.344300747,0,-1.231723309,0,1.929699659,0
21.38388443,-2.651544094,1,-7.052613735,1,-10.34150982,1,-0.762954831,1,-0.86025548,1,1.672228217,1,-1.361226082,0,-1.22573483,0,1.94424963,0
21.38788223,-4.860586166,1,-6.65219593,1,-10.69885063,1,-0.843177497,1,-0.830679774,1,1.661792994,1,-1.377259374,0,-1.219902754,0,1.957921624,0
21.39188194,-6.148019314,1,-6.847973824,1,-11.20304871,1,-0.901095748,1,-0.675922751,1,1.621910572,1,-1.392155051,0,-1.213988066,0,1.970048785,0
21.39588356,-4.997255802,1,-6.996797085,1,-10.50611115,1,-0.876304686,1,-0.504415154,1,1.494888783,1,-1.404741764,0,-1.208247185,0,1.979680538,0
21.39988136,-4.055624008,1,-6.844885349,1,-9.645451546,1,-0.833665073,1,-0.326658189,1,1.347660542,1,-1.414841652,0,-1.202894211,0,1.986842155,0
21.40388107,-3.231925249,1,-6.625453472,1,-9.195226669,1,-0.809936464,1,-0.141391784,1,1.222242951,1,-1.422531962,0,-1.197954416,0,1.991573095,0
21.40788269,-2.35200882,1,-6.604026794,1,-9.01399231,1,-0.807005048,1,0.060831651,1,1.082502127,1,-1.427886367,0,-1.193415523,0,1.993852377,0
21.41188049,-1.412453175,1,-6.648308754,1,-8.797258377,1,-0.777424455,1,0.272507817,1,0.923455119,1,-1.43080616,0,-1.189355135,0,1.993578672,0
21.4158802,-0.502243638,1,-6.772686958,1,-8.627864838,1,-0.738629997,1,0.457018971,1,0.763953745,1,-1.431406379,0,-1.185809612,0,1.990962267,0
21.41987991,0.466349512,1,-6.817527294,1,-8.350955009,1,-0.712081373,1,0.622143686,1,0.604997396,1,-1.43000257,0,-1.182805061,0,1.986315966,0
21.42388725,1.541740656,1,-6.784390926,1,-8.074957848,1,-0.698830724,1,0.772233009,1,0.459433764,1,-1.426842332,0,-1.180294991,0,1.979838014,0
21.42789078,2.493260384,1,-6.821582794,1,-7.747730732,1,-0.695651114,1,0.905481875,1,0.324266881,1,-1.422156811,0,-1.17825222,0,1.971754313,0
21.4318924,3.107812166,1,-6.838837147,1,-7.562942505,1,-0.687748134,1,1.033948898,1,0.186709523,1,-1.416054487,0,-1.176646948,0,1.962159753,0
21.4358902,3.416473389,1,-6.821686745,1,-7.407595634,1,-0.684283614,1,1.164857388,1,0.053300843,1,-1.408551812,0,-1.175479412,0,1.951059937,0
21.43988991,3.618952513,1,-6.796644688,1,-7.22913456,1,-0.685098708,1,1.305466652,1,-0.076681428,1,-1.399594903,0,-1.174706459,0,1.93838799,0
21.44389153,3.846125126,1,-6.734384537,1,-7.142307281,1,-0.690807998,1,1.450406909,1,-0.196336001,1,-1.389158487,0,-1.174282312,0,1.924096227,0
21.44788933,4.030397415,1,-6.597719669,1,-7.044600487,1,-0.687845469,1,1.594296813,1,-0.311110854,1,-1.373988986,0,-1.174582124,0,1.903401494,0
21.45188904,4.224663258,1,-6.312585831,1,-6.917966843,1,-0.674048781,1,1.735732794,1,-0.42040813,1,-1.360438943,0,-1.174674034,0,1.88574934,0
21.45589066,4.220385551,1,-5.951116085,1,-6.876812935,1,-0.651171327,1,1.873482943,1,-0.525151372,1,-1.345243573,0,-1.174958706,0,1.866408587,0
21.45988846,4.177263737,1,-5.589352608,1,-6.790303707,1,-0.607716084,1,2.013072014,1,-0.620404482,1,-1.328366399,0,-1.175394297,0,1.845387697,0
21.46388817,4.109282017,1,-5.256095886,1,-6.717788696,1,-0.544965506,1,2.15277195,1,-0.715319455,1,-1.309726238,0,-1.175910711,0,1.822692394,0
21.46788979,4.070043087,1,-4.946762562,1,-6.736982346,1,-0.474204361,1,2.28186512,1,-0.805381715,1,-1.289275765,0,-1.176471472,0,1.798332691,0
21.47188759,3.961452007,1,-4.766039371,1,-6.658201694,1,-0.397625059,1,2.407741547,1,-0.898884535,1,-1.267061353,0,-1.177031398,0,1.772396564,0
21.4758873,4.050807953,1,-4.582922935,1,-6.70125103,1,-0.312665552,1,2.512854576,1,-0.976229906,1,-1.243123055,0,-1.177527308,0,1.744945884,0
21.47988892,3.913894653,1,-4.499390602,1,-6.695449352,1,-0.214851573,1,2.613936901,1,-1.045019627,1,-1.217620015,0,-1.177920461,0,1.716198444,0
21.48388672,3.658245564,1,-4.431251526,1,-6.78357172,1,-0.131807968,1,2.711387634,1,-1.115861773,1,-1.190568089,0,-1.178138733,0,1.686173081,0
21.48788643,3.341722727,1,-4.390913963,1,-6.930454254,1,-0.039785821,1,2.810786724,1,-1.183688045,1,-1.162023425,0,-1.178140521,0,1.654906034,0
21.49188805,2.882111311,1,-4.330701828,1,-6.976978779,1,0.048478074,1,2.916573048,1,-1.242607355,1,-1.13201499,0,-1.177858114,0,1.622444749,0
21.49588585,2.464178562,1,-4.208472729,1,-7.077940464,1,0.134109944,1,3.012358904,1,-1.304758906,1,-1.100566387,0,-1.177239656,0,1.588797688,0
21.49988556,1.94067955,1,-4.193292618,1,-7.211130142,1,0.21647203,1,3.118443489,1,-1.363386989,1,-1.067794085,0,-1.176216841,0,1.554072142,0
21.50388718,1.383813858,1,-4.117265224,1,-7.302605152,1,0.301038086,1,3.225661039,1,-1.413970232,1,-1.033766627,0,-1.174726129,0,1.518323064,0
21.50788498,0.953633249,1,-4.018549442,1,-7.394226551,1,0.380030394,1,3.339861393,1,-1.461284399,1,-0.998566031,0,-1.17269671,0,1.481629968,0
21.51188469,0.413722128,1,-4.013749123,1,-7.502534389,1,0.468230784,1,3.45100522,1,-1.512446761,1,-0.962295711,0,-1.170083165,0,1.44410181,0
21.51588631,-0.108766913,1,-3.884945631,1,-7.628059387,1,0.55410552,1,3.567862988,1,-1.556146741,1,-0.92507273,0,-1.166819215,0,1.405857563,0
21.51988411,-0.606107175,1,-3.862013817,1,-7.764079571,1,0.638680518,1,3.675517321,1,-1.605283856,1,-0.887062609,0,-1.16285646,0,1.36708498,0
21.52388382,-1.174238443,1,-3.838899136,1,-7.928644657,1,0.731391847,1,3.796809673,1,-1.65280664,1,-0.848412335,0,-1.158168912,0,1.327928424,0
21.52788353,-1.706603408,1,-3.832028627,1,-8.078731537,1,0.828077197,1,3.908064365,1,-1.700212121,1,-0.809251308,0,-1.152689934,0,1.288535357,0
21.53188324,-2.305942059,1,-3.784529924,1,-8.16692543,1,0.920471728,1,4.028697491,1,-1.761379957,1,-0.769734979,0,-1.146423101,0,1.249063611,0
21.53588295,-2.930235386,1,-3.780555487,1,-8.365194321,1,1.014751673,1,4.161098003,1,-1.819926143,1,-0.729905725,0,-1.139324903,0,1.209545732,0
21.53988457,-3.649758339,1,-3.740994215,1,-8.509239197,1,1.105802059,1,4.28567791,1,-1.899147153,1,-0.689881563,0,-1.13136518,0,1.170078158,0
21.54388619,-4.126154423,1,-3.67937851,1,-8.678979874,1,1.203190207,1,4.429706097,1,-1.972168207,1,-0.649721384,0,-1.122499228,0,1.130731702,0
21.5478859,-4.541843891,1,-3.576018333,1,-8.754475594,1,1.29253304,1,4.571899414,1,-2.056965113,1,-0.609573185,0,-1.112699032,0,1.091634512,0
21.55188751,-4.852578163,1,-3.555341482,1,-8.788482666,1,1.381747007,1,4.703896999,1,-2.136803627,1,-0.569630265,0,-1.101944208,0,1.052968979,0
21.55588532,-5.057340145,1,-3.495903492,1,-8.810330391,1,1.47224915,1,4.832925797,1,-2.214286566,1,-0.530088782,0,-1.090227723,0,1.014935017,0
21.55988503,-5.239459991,1,-3.499998569,1,-8.78532505,1,1.553416491,1,4.948308945,1,-2.281012297,1,-0.491145819,0,-1.077556372,0,0.977726996,0
21.56388855,-5.386730194,1,-3.497374773,1,-8.751531601,1,1.636306047,1,5.050887585,1,-2.346961975,1,-0.453029066,0,-1.063949227,0,0.941564381,0
21.56788445,-5.435124874,1,-3.517357111,1,-8.694975853,1,1.714220762,1,5.14420414,1,-2.390684366,1,-0.415909141,0,-1.049435735,0,0.906637192,0
21.57188416,-5.51863575,1,-3.45643878,1,-8.628555298,1,1.787648678,1,5.216743469,1,-2.435242891,1,-0.37994495,0,-1.034081697,0,0.873088598,0
21.57588768,-5.619494438,1,-3.396924019,1,-8.659220695,1,1.864547968,1,5.268975258,1,-2.467229843,1,-0.345236063,0,-1.017941356,0,0.841046929,0
21.57988548,-5.75336504,1,-3.337941408,1,-8.714898109,1,1.945149422,1,5.315723419,1,-2.499330759,1,-0.3117975,0,-1.001097441,0,0.810552597,0
21.58388519,-5.95273447,1,-3.365445375,1,-8.775992393,1,2.018932343,1,5.34994173,1,-2.520503521,1,-0.279624432,0,-0.98362112,0,0.781600714,0
21.58788681,-6.283837795,1,-3.488607883,1,-8.879077911,1,2.098843575,1,5.376433849,1,-2.548408031,1,-0.24870193,0,-0.965559542,0,0.754191756,0
21.59188461,-6.674039841,1,-3.626133204,1,-9.093779564,1,2.177372932,1,5.41010952,1,-2.573847532,1,-0.218943745,0,-0.946952283,0,0.72823751,0
21.59588432,-7.308661461,1,-3.521887302,1,-10.21358109,1,2.216675282,1,5.514333725,1,-2.664090157,1,-0.190215543,0,-0.927732825,0,0.703504562,0
21.59988594,-6.774004459,1,-3.304070473,1,-9.345341682,1,2.352142811,1,5.493001938,1,-2.655913115,1,-0.162257403,0,-0.907906353,0,0.679868162,0
21.60388374,-7.763453484,1,-3.457482815,1,-9.671500206,1,2.469890833,1,5.47042799,1,-2.675792217,1,-0.135299429,0,-0.887824297,0,0.657737494,0
21.60788345,-8.920035362,1,-4.05263567,1,-10.23392773,1,2.565858126,1,5.529854774,1,-2.713394165,1,-0.109128833,0,-0.867305994,0,0.636822283,0
21.61188507,-9.433111191,1,-4.398553371,1,-10.5058403,1,2.62704134,1,5.593949795,1,-2.790412903,1,-0.083621137,0,-0.846223593,0,0.616831779,0
21.61588287,-9.565946579,1,-4.416531086,1,-10.65472889,1,2.694595814,1,5.654220104,1,-2.872724771,1,-0.058725588,0,-0.824587286,0,0.597610891,0
21.61988258,-9.860544205,1,-4.620213509,1,-10.80042171,1,2.759832382,1,5.689486027,1,-2.95451355,1,-0.034371171,0,-0.802463412,0,0.579123497,0
21.62388229,-10.2115078,1,-5.053802967,1,-10.8944273,1,2.816143513,1,5.731814384,1,-3.028074503,1,-0.010591958,0,-0.779888034,0,0.561378956,0
21.627882,-10.4584446,1,-5.522173405,1,-11.14275932,1,2.857012987,1,5.753542423,1,-3.11408782,1,0.012602187,0,-0.756895065,0,0.544330001,0
21.63188171,-10.56894398,1,-5.870673656,1,-11.46257782,1,2.887745619,1,5.747199535,1,-3.213298321,1,0.035250314,0,-0.733591318,0,0.527866125,0
21.63588333,-10.77880478,1,-6.073787689,1,-11.98825264,1,2.907119274,1,5.707585812,1,-3.326587677,1,0.057405334,0,-0.710096657,0,0.511871457,0
21.63988113,-11.29776096,1,-6.449453354,1,-12.57250595,1,2.915321827,1,5.647219181,1,-3.449609041,1,0.079103045,0,-0.686516106,0,0.496236682,0
21.64387894,-12.11581516,1,-6.684815884,1,-13.0848732,1,2.918035746,1,5.574029922,1,-3.58239007,1,0.100364879,0,-0.662905037,0,0.480875432,0
21.64788055,-13.19057274,1,-6.653779984,1,-13.48104,1,2.923668146,1,5.494417667,1,-3.732508898,1,0.121244289,0,-0.639288187,0,0.465682119,0
21.65187836,-14.40049362,1,-6.205144882,1,-13.65541649,1,2.940037489,1,5.406318188,1,-3.906828642,1,0.141866773,0,-0.61566329,0,0.450513959,0
21.65587807,-15.38554668,1,-5.096521378,1,-13.96840763,1,2.974434614,1,5.296579361,1,-4.116951942,1,0.162390456,0,-0.592064142,0,0.435192347,0
21.65987968,-16.57041931,1,-4.331915855,1,-14.42817211,1,3.025006056,1,5.156502724,1,-4.345289707,1,0.182973281,0,-0.568554699,0,0.419548273,0
21.66388321,-18.42844391,1,-4.704051495,1,-14.53214169,1,3.079362154,1,5.031886101,1,-4.561010361,1,0.203633085,0,-0.545141697,0,0.403563112,0
21.66788292,-20.49891472,1,-4.703328609,1,-14.5575161,1,3.126540661,1,4.894079208,1,-4.760667801,1,0.224312395,0,-0.521783829,0,0.387289345,0
21.67188454,-22.84892654,1,-4.736393929,1,-14.54611778,1,3.116815329,1,4.744459629,1,-4.958902836,1,0.244883299,0,-0.49850896,0,0.370764107,0
21.67588234,-25.09466553,1,-4.306789875,1,-14.49151421,1,3.069471121,1,4.592272758,1,-5.152214527,1,0.265134841,0,-0.475327194,0,0.353961796,0
21.67988205,-26.87725639,1,-2.711258411,1,-14.60241032,1,3.005433321,1,4.411873341,1,-5.359220505,1,0.284958124,0,-0.45227614,0,0.336808085,0
21.68388367,-28.32125664,1,-0.212404758,1,-14.43863773,1,2.95650506,1,4.19093895,1,-5.545844078,1,0.304361582,0,-0.429470539,0,0.319261104,0
21.68788147,-29.8519249,1,1.934850454,1,-13.13725471,1,2.982666016,1,3.973413229,1,-5.681201935,1,0.323483109,0,-0.407011807,0,0.301398575,0
21.69188118,-32.12023926,1,3.229129791,1,-11.26753139,1,3.060163736,1,3.800991535,1,-5.781128883,1,0.342510402,0,-0.384830415,0,0.283404708,0
21.6958828,-33.80116272,1,3.494970083,1,-9.350981712,1,3.069094419,1,3.636737108,1,-5.825946808,1,0.363456815,0,-0.362488389,0,0.272524059,0
21.6998806,-34.66685867,1,3.630476952,1,-7.110577106,1,2.994433641,1,3.449816942,1,-5.802923203,1,0.38166523,0,-0.340797365,0,0.254923701,0
21.70388031,-34.77588654,1,3.925680399,1,-4.694247723,1,2.841766357,1,3.217916012,1,-5.680045128,1,0.398895413,0,-0.319700062,0,0.237812161,0
21.70788193,-34.43328857,1,4.661174774,1,-2.568686247,1,2.657674789,1,2.934334278,1,-5.447809696,1,0.4148902,0,-0.299562782,0,0.221444994,0
21.71187973,-33.89339828,1,6.414775372,1,-0.684624791,1,2.4929986,1,2.593256474,1,-5.143824577,1,0.429596126,0,-0.280790776,0,0.206007123,0
21.71587753,-33.08074188,1,9.080359459,1,0.79422009,1,2.408207893,1,2.212985754,1,-4.796525002,1,0.443262696,0,-0.263662189,0,0.191520646,0
21.71987915,-32.55615997,1,12.15318871,1,2.205973864,1,2.414469242,1,1.801222563,1,-4.434043407,1,0.456325114,0,-0.24840185,0,0.177951634,0
21.72387886,-32.91519165,1,14.69703388,1,3.56142664,1,2.519618034,1,1.39891398,1,-4.074568272,1,0.469226897,0,-0.235096529,0,0.165209174,0
21.72787857,-33.09173203,1,16.02254105,1,4.362556934,1,2.635399342,1,1.004393101,1,-3.736554146,1,0.482266486,0,-0.223668143,0,0.153210059,0
21.73188019,-33.38120651,1,16.59858704,1,5.160861492,1,2.714581728,1,0.620724499,1,-3.39424324,1,0.495462716,0,-0.214110404,0,0.141871989,0
21.73587799,-33.35286331,1,16.04353905,1,5.758361816,1,2.69582057,1,0.244246602,1,-3.058578491,1,0.508555233,0,-0.206386417,0,0.131147519,0
21.73987579,-32.91780853,1,15.06271839,1,6.006864071,1,2.545754194,1,-0.12288104,1,-2.715091944,1,0.521114409,0,-0.20049499,0,0.121004388,0
21.74387932,-32.24790573,1,13.33482361,1,6.160164833,1,2.249165535,1,-0.462988734,1,-2.347032547,1,0.532618403,0,-0.196425021,0,0.111471705,0
21.74787712,-31.83067513,1,11.62129307,1,6.034686565,1,1.827910542,1,-0.750666142,1,-1.958567142,1,0.542518318,0,-0.194105938,0,0.102654792,0
21.75187683,-31.60115623,1,9.892137527,1,5.59556675,1,1.287844539,1,-1.013564825,1,-1.539567351,1,0.550312281,0,-0.193492308,0,0.094691955,0
21.75588036,-11.64280987,1,-8.619735718,1,0.122865595,1,-0.298643798,1,-1.593938947,1,-0.803125739,1,0.554169834,0,-0.195244014,0,0.087834731,0
21.75987625,-39.36725998,1,0.014536119,1,9.29617691,1,-1.966972709,1,-3.012987375,1,0.418778092,1,0.550469279,0,-0.20259285,0,0.082225055,0
21.76387596,-40.0373497,1,10.2835865,1,11.61528587,1,-2.731301546,1,-3.336042643,1,1.310299397,1,0.541654944,0,-0.215602651,0,0.07843399,0
21.76787949,4.046064377,1,11.73691273,1,10.95761967,1,-2.589068174,1,-3.019663572,1,1.732082129,1,0.531160772,0,-0.22962451,0,0.077232666,0
21.77187729,11.43524647,1,7.315053463,1,-1.807923794,1,-2.832702875,1,-3.576876402,1,2.294113159,1,0.520424426,0,-0.244901448,0,0.077614129,0
21.775877,-14.53442383,1,3.990822315,1,-19.51065063,1,-3.032282352,1,-3.867106915,1,2.707299232,1,0.508152425,0,-0.263132572,0,0.079041667,0
21.77987862,-7.020190716,1,-2.814833879,1,-29.94522476,1,-2.410249472,1,-3.040282488,1,2.767328501,1,0.496417373,0,-0.28053835,0,0.082018919,0
21.78388214,3.803746223,1,-12.93601322,1,-33.17543411,1,-2.119011641,1,-2.351965189,1,2.871041775,1,0.485959172,0,-0.295335948,0,0.087170728,0
21.78788185,4.377964973,1,-20.42246437,1,-24.43968201,1,-2.255296946,1,-2.033724546,1,2.790845871,1,0.47541827,0,-0.308217108,0,0.093526363,0
21.79188347,5.398750782,1,-17.18035889,1,-14.85310173,1,-2.418269873,1,-2.202551126,1,2.812867641,1,0.463981509,0,-0.320712328,0,0.100034453,0
21.79588127,2.58987546,1,-6.472609043,1,-9.221107483,1,-2.351365089,1,-2.658608675,1,2.958835363,1,0.452365249,0,-0.334578633,0,0.106390126,0
21.79988098,3.721154213,1,3.068165064,1,-7.827145576,1,-2.268445015,1,-3.54425478,1,3.029498577,1,0.441234022,0,-0.350829661,0,0.112186119,0
21.8038826,1.297462583,1,5.488965988,1,-7.849241257,1,-2.186740637,1,-4.401100636,1,2.958186865,1,0.430661678,0,-0.370390534,0,0.116645642,0
21.8078804,-4.888019562,1,1.554411054,1,-10.29627419,1,-2.020708799,1,-4.919779301,1,2.773424625,1,0.421172559,0,-0.392201871,0,0.11961887,0
21.81188011,-13.53489208,1,-3.12884593,1,-12.97240829,1,-1.921415091,1,-5.204090595,1,2.428086996,1,0.412816674,0,-0.415046424,0,0.121012516,0
21.81588173,-21.87730789,1,-2.50539279,1,-17.64323807,1,-1.911743402,1,-4.967143536,1,2.100980282,1,0.405038476,0,-0.437394857,0,0.121169135,0
21.81987953,-25.96619606,1,-1.655962706,1,-19.27838516,1,-1.901273131,1,-4.376361847,1,1.847922921,1,0.397481143,0,-0.457737029,0,0.121103019,0
21.82387734,-25.70208359,1,-0.717947125,1,-17.84552383,1,-1.876455426,1,-3.758410692,1,1.76009798,1,0.389720023,0,-0.475502819,0,0.121562451,0
21.82788086,-24.97303772,1,3.375654697,1,-15.43022537,1,-1.679252386,1,-3.285847425,1,1.726091981,1,0.381958842,0,-0.491163015,0,0.122898087,0
21.83187866,-22.56666756,1,3.770285606,1,-13.94307518,1,-1.413912535,1,-2.796887875,1,1.674247265,1,0.374772698,0,-0.504959822,0,0.124950536,0
21.83587837,-18.04320145,1,3.106060505,1,-12.19178581,1,-1.218440652,1,-2.355286121,1,1.623945713,1,0.36815542,0,-0.516915619,0,0.127737224,0
21.83987999,-13.63371277,1,0.950191021,1,-11.07981205,1,-1.100393414,1,-2.059645176,1,1.577483773,1,0.36191541,0,-0.527430296,0,0.130983666,0
21.84387779,-11.44334126,1,-0.079538226,1,-9.846932411,1,-1.012705207,1,-1.787718773,1,1.503661275,1,0.355850935,0,-0.536790431,0,0.134575352,0
21.8478775,-9.071663857,1,-0.883697569,1,-8.766109467,1,-0.931541741,1,-1.622514606,1,1.42962563,1,0.350105345,0,-0.545197487,0,0.138218224,0
21.85187912,-9.378119469,1,-2.763814688,1,-7.742742062,1,-0.966265976,1,-1.393234015,1,1.401147604,1,0.34434247,0,-0.55281508,0,0.142041102,0
21.85587692,-7.53938055,1,-3.354260683,1,-6.733823776,1,-1.014199138,1,-1.185285807,1,1.372609019,1,0.338156879,0,-0.559513152,0,0.146172032,0
21.85987663,-8.680212021,1,-3.431553364,1,-7.818064213,1,-1.087913036,1,-1.024831533,1,1.316203713,1,0.3317312,0,-0.56550616,0,0.150473818,0
21.86387825,-10.00165462,1,-4.349505901,1,-8.767166138,1,-1.083857775,1,-0.762333691,1,1.163566232,1,0.325059861,0,-0.570432246,0,0.154665351,0
21.86787605,-11.23148537,1,-4.96114254,1,-8.773557663,1,-1.159073114,1,-0.489532948,1,1.030286908,1,0.318466425,0,-0.574247122,0,0.158684328,0
21.87187576,-11.80776024,1,-5.647273064,1,-9.080225945,1,-1.157772183,1,-0.174913719,1,0.809417665,1,0.3117975,0,-0.576619267,0,0.162327737,0
21.87587547,-10.63035488,1,-2.234814882,1,-8.79023838,1,-1.145542502,1,-0.005876322,1,0.756148338,1,0.30533433,0,-0.57784164,0,0.165757075,0
21.87987518,-8.59855938,1,-1.762556791,1,-10.03874493,1,-1.112921715,1,0.06998346,1,0.706610084,1,0.298944473,0,-0.578612983,0,0.16915682,0
21.88387489,-6.470815659,1,-1.761420608,1,-10.711133,1,-1.00736177,1,0.157567769,1,0.596297503,1,0.292987466,0,-0.578921676,0,0.172286347,0
21.88787651,-4.132385254,1,-1.293679714,1,-10.27627182,1,-0.931467831,1,0.087199904,1,0.564099312,1,0.287558675,0,-0.579076648,0,0.175104633,0
21.89187431,-5.496935368,1,-1.68644917,1,-10.37308216,1,-0.831889272,1,0.03669098,1,0.532547712,1,0.282630652,0,-0.579494238,0,0.177685618,0
21.89587212,-5.09184885,1,-2.37009263,1,-9.54254055,1,-0.779613376,1,0.011924864,1,0.541094422,1,0.278042138,0,-0.579982519,0,0.180181772,0
21.89987373,-4.538706303,1,-3.156048536,1,-9.167963982,1,-0.729197979,1,-0.031161401,1,0.54914546,1,0.27367413,0,-0.580612659,0,0.182680354,0
21.90387154,-5.206358433,1,-4.08272934,1,-9.161385536,1,-0.718021154,1,-0.058994234,1,0.55565685,1,0.269434929,0,-0.581390381,0,0.185151801,0
21.90787697,-4.82332325,1,-4.084712505,1,-8.725559235,1,-0.725208521,1,-0.085359819,1,0.5542171,1,0.265186846,0,-0.582255661,0,0.187625617,0
21.91188049,-4.967363358,1,-3.064661741,1,-9.087345123,1,-0.718710482,1,-0.099877194,1,0.564579844,1,0.260926902,0,-0.583212495,0,0.190102488,0
21.9158783,-5.024358749,1,-1.154835224,1,-9.029439926,1,-0.676017165,1,-0.095851772,1,0.552699625,1,0.256758869,0,-0.584149957,0,0.192584157,0
21.91987801,-5.222177982,1,0.44593361,1,-9.053678513,1,-0.599062026,1,-0.106757998,1,0.511644661,1,0.25289309,0,-0.585081577,0,0.194944739,0
21.92387962,-5.930102825,1,0.98019743,1,-9.385669708,1,-0.494903654,1,-0.101556912,1,0.444835126,1,0.249541521,0,-0.585958838,0,0.19704102,0
21.92787743,-5.30154705,1,0.392479092,1,-9.407262802,1,-0.414339602,1,-0.090073958,1,0.387767613,1,0.246704519,0,-0.58672297,0,0.198863566,0
21.93187714,-4.312806129,1,-1.209915161,1,-9.477067947,1,-0.349777818,1,-0.113344654,1,0.36292395,1,0.244280189,0,-0.587473869,0,0.200484842,0
21.93587875,-3.876194715,1,-2.756281137,1,-9.494296074,1,-0.319987535,1,-0.160573259,1,0.363283396,1,0.242094353,0,-0.588350475,0,0.202012911,0
21.93987656,-4.174344063,1,-3.474064827,1,-9.077488899,1,-0.313533306,1,-0.210595831,1,0.374383271,1,0.239996135,0,-0.589428842,0,0.203516722,0
21.94387627,-4.889870167,1,-3.30494833,1,-8.744389534,1,-0.311089039,1,-0.248884261,1,0.392053753,1,0.23789984,0,-0.590682507,0,0.20504801,0
21.94787788,-5.589112282,1,-2.771722317,1,-8.618593216,1,-0.303638428,1,-0.248745739,1,0.398646057,1,0.235956624,0,-0.589383602,0,0.2184553,0
21.95187569,-5.211592674,1,-2.450970411,1,-8.678003311,1,-0.297663003,1,-0.248804033,1,0.387999117,1,0.233893454,0,-0.590714812,0,0.220014706,0
21.9558754,-4.631885529,1,-2.319308043,1,-8.809693336,1,-0.290982544,1,-0.255582243,1,0.372603357,1,0.231876567,0,-0.592047989,0,0.221515641,0
21.95987701,-4.44026041,1,-2.020741701,1,-8.816878319,1,-0.275359899,1,-0.273819596,1,0.351722151,1,0.229955196,0,-0.593417466,0,0.222923115,0
21.96387482,-4.89158392,1,-1.759626508,1,-8.733392715,1,-0.26034987,1,-0.287057757,1,0.314418495,1,0.22816579,0,-0.5948295,0,0.224195331,0
21.96787453,-5.366723061,1,-1.314796448,1,-8.697337151,1,-0.223136514,1,-0.294692189,1,0.268719673,1,0.226603568,0,-0.596239924,0,0.225255936,0
21.97187614,-5.526103497,1,-0.881380796,1,-8.610247612,1,-0.190128267,1,-0.294440329,1,0.224992797,1,0.225297198,0,-0.597618103,0,0.226098478,0
21.97587395,-5.025155544,1,-0.566961348,1,-8.751502037,1,-0.144817382,1,-0.304618567,1,0.179060757,1,0.224273056,0,-0.598965108,0,0.226727948,0
21.97987366,-4.725523472,1,-0.638291597,1,-8.867268562,1,-0.09676639,1,-0.312408298,1,0.141318142,1,0.223547056,0,-0.600307822,0,0.22714968,0
21.98387528,-5.018373489,1,-1.114384174,1,-8.618934631,1,-0.067428939,1,-0.325847983,1,0.101913102,1,0.223100439,0,-0.601676643,0,0.227366939,0
21.98787308,-5.422112942,1,-1.410891771,1,-8.455093384,1,-0.03909808,1,-0.327363908,1,0.058555938,1,0.22287178,0,-0.60302645,0,0.227390453,0
21.99187279,-5.318748474,1,-1.616066217,1,-8.408675194,1,-0.014385185,1,-0.321807593,1,0.033002499,1,0.222829685,0,-0.604327559,0,0.227256209,0
21.99587441,-5.044933796,1,-1.635629177,1,-8.463335991,1,0.006199478,1,-0.320490509,1,0.014012867,1,0.222952664,0,-0.605586708,0,0.227016911,0
21.99987221,-4.641673565,1,-1.753809333,1,-8.642921448,1,0.022503085,1,-0.326674879,1,-0.007864922,1,0.223198712,0,-0.606842995,0,0.226686493,0
22.00387192,-4.695244789,1,-1.760915756,1,-8.677324295,1,0.037607267,1,-0.34317854,1,-0.018954754,1,0.223568097,0,-0.608144164,0,0.226263717,0
22.00787354,-4.770957947,1,-1.921982646,1,-8.499521255,1,0.050226364,1,-0.349047631,1,-0.020304803,1,0.224009827,0,-0.609470248,0,0.225786522,0
22.01187134,-4.966963768,1,-2.392040014,1,-8.383645058,1,0.059138268,1,-0.357232809,1,-0.015364978,1,0.224512145,0,-0.610827148,0,0.225310564,0
22.01587105,-5.098017693,1,-2.822934866,1,-8.111478806,1,0.051940147,1,-0.35209614,1,0.005007344,1,0.224973515,0,-0.612209976,0,0.22489956,0
22.01987267,-4.945147991,1,-3.374642134,1,-7.903633118,1,0.038167432,1,-0.343262523,1,0.016334299,1,0.225345746,0,-0.61357528,0,0.22457096,0
22.02387047,-4.858323097,1,-3.67697072,1,-7.863415241,1,0.01222029,1,-0.332760692,1,0.037830845,1,0.225587815,0,-0.614923596,0,0.224333197,0
22.0278759,-4.940405846,1,-3.713587046,1,-7.819070339,1,-0.017207623,1,-0.316525519,1,0.059202131,1,0.225647077,0,-0.616238177,0,0.224203825,0
22.03187752,-4.987083435,1,-3.256451607,1,-7.778389931,1,-0.044329893,1,-0.294703305,1,0.080445021,1,0.225525051,0,-0.617491543,0,0.224208638,0
22.03587532,-5.048326969,1,-2.831773281,1,-7.893466949,1,-0.053428181,1,-0.270168722,1,0.089885987,1,0.225273356,0,-0.618673861,0,0.224302307,0
22.03987503,-4.881015301,1,-2.526575327,1,-8.032170296,1,-0.062614411,1,-0.26044634,1,0.091143847,1,0.224953473,0,-0.619787574,0,0.224441409,0
22.04387665,-4.891058445,1,-2.057751656,1,-8.14689827,1,-0.053729866,1,-0.25066936,1,0.090183355,1,0.224618196,0,-0.62086755,0,0.224601343,0
22.04787445,-4.900823593,1,-1.716433048,1,-8.243195534,1,-0.039357718,1,-0.24627623,1,0.086009383,1,0.224339887,0,-0.621917427,0,0.224764869,0
22.05187416,-4.99399662,1,-1.524524093,1,-8.319931984,1,-0.011593197,1,-0.240918785,1,0.086281985,1,0.224151641,0,-0.622946739,0,0.224913359,0
22.05587578,-4.871813297,1,-1.823897839,1,-8.323275566,1,0.004906243,1,-0.246590436,1,0.083926797,1,0.224063724,0,-0.623972535,0,0.225048944,0
22.05987358,-4.674862862,1,-2.129147291,1,-8.390826225,1,0.011286888,1,-0.258526266,1,0.086036332,1,0.224014148,0,-0.625034511,0,0.225179628,0
22.06387329,-4.831737518,1,-2.03967309,1,-8.294107437,1,0.027518962,1,-0.261885643,1,0.083009534,1,0.224026665,0,-0.626135349,0,0.225290865,0
22.06787491,-4.757857323,1,-2.19472456,1,-8.241389275,1,0.049475811,1,-0.260550261,1,0.092369623,1,0.224103689,0,-0.627232552,0,0.225425243,0
22.07187271,-4.782299519,1,-2.256582737,1,-8.232604027,1,0.056923438,1,-0.267664492,1,0.095316328,1,0.224222571,0,-0.628340721,0,0.225580141,0
22.07587242,-4.840266228,1,-2.459205389,1,-8.248402596,1,0.067439742,1,-0.271508366,1,0.105240427,1,0.224367142,0,-0.62947768,0,0.225776225,0
22.07987595,-4.862575054,1,-2.420853853,1,-8.182487488,1,0.072821647,1,-0.278356194,1,0.11243996,1,0.224510461,0,-0.630640864,0,0.225996047,0
22.08387566,-4.972691059,1,-2.425686836,1,-8.132727623,1,0.081964634,1,-0.274685651,1,0.122036919,1,0.224661157,0,-0.631830096,0,0.226256296,0
22.08787346,-4.82001543,1,-2.625833988,1,-8.214204788,1,0.078174174,1,-0.280288309,1,0.138616532,1,0.22478883,0,-0.633033276,0,0.22658515,0
22.09187508,-4.905076504,1,-2.524128675,1,-8.129502296,1,0.077185072,1,-0.288881123,1,0.143784434,1,0.224880591,0,-0.634268105,0,0.226940483,0
22.09587288,-4.962274075,1,-2.568640947,1,-8.128731728,1,0.083531238,1,-0.289530009,1,0.155645996,1,0.224979877,0,-0.635529935,0,0.227344513,0
22.09987259,-4.916210651,1,-2.574274063,1,-8.142006874,1,0.082321785,1,-0.288626134,1,0.164031625,1,0.225040555,0,-0.636801481,0,0.2277973,0
22.10387421,-5.084208488,1,-2.711863756,1,-8.137246132,1,0.076331884,1,-0.291555107,1,0.175810084,1,0.225051448,0,-0.638094187,0,0.228308186,0
22.10787201,-4.956298828,1,-2.605647326,1,-8.104495049,1,0.058362216,1,-0.295694321,1,0.180748865,1,0.224993393,0,-0.639404893,0,0.228848487,0
22.11187172,-5.041151047,1,-2.172847033,1,-8.10311985,1,0.068503715,1,-0.304628164,1,0.181252971,1,0.224918053,0,-0.640733719,0,0.229391828,0
22.11587334,-5.087772846,1,-1.983358383,1,-8.104149818,1,0.071817547,1,-0.297138721,1,0.178835571,1,0.224870399,0,-0.642066479,0,0.22993587,0
22.11987114,-5.216464996,1,-1.9573282,1,-8.023682594,1,0.079716928,1,-0.301280022,1,0.16965197,1,0.224859595,0,-0.643395185,0,0.230448902,0
22.12387085,-5.174145699,1,-1.933297873,1,-7.963991165,1,0.084062845,1,-0.302713931,1,0.160164431,1,0.224911883,0,-0.64471972,0,0.230910107,0
22.12787247,-5.235097408,1,-1.880856395,1,-7.98166132,1,0.086571887,1,-0.299791664,1,0.144847095,1,0.22499752,0,-0.646021187,0,0.231320769,0
22.13187027,-5.248817921,1,-1.981858492,1,-7.984416008,1,0.079425819,1,-0.294433236,1,0.135189995,1,0.225117713,0,-0.647301197,0,0.231672898,0
22.13586998,-5.191801071,1,-1.735445857,1,-7.936592579,1,0.066615202,1,-0.289409161,1,0.112979792,1,0.22523497,0,-0.648554146,0,0.231951594,0
22.1398716,-5.256677628,1,-1.598240018,1,-7.898112297,1,0.076097332,1,-0.287515789,1,0.092955671,1,0.225411892,0,-0.649782836,0,0.232136935,0
22.1438694,-5.143843651,1,-1.716437101,1,-7.909255505,1,0.089750111,1,-0.278710365,1,0.081070803,1,0.225677475,0,-0.650960147,0,0.232251555,0
22.14787483,-5.049473763,1,-1.98980689,1,-7.93881321,1,0.087617896,1,-0.278509408,1,0.069553152,1,0.225998938,0,-0.652113795,0,0.23231563,0
22.15187645,-5.074660778,1,-2.110060453,1,-7.863134861,1,0.096079506,1,-0.274483562,1,0.069214813,1,0.226347283,0,-0.653261065,0,0.232338324,0
22.15587425,-5.131263733,1,-2.15374279,1,-7.877043247,1,0.09210059,1,-0.27541247,1,0.065578356,1,0.226720244,0,-0.654395819,0,0.232337877,0
22.15987396,-5.13937664,1,-2.353964806,1,-7.911052227,1,0.092836328,1,-0.273254544,1,0.068102628,1,0.227084145,0,-0.655528128,0,0.232348993,0
22.16387558,-5.117458344,1,-2.56847024,1,-7.85294342,1,0.087074824,1,-0.273739368,1,0.077305064,1,0.227426618,0,-0.656655014,0,0.232396483,0
22.16787338,-5.143341064,1,-2.751486063,1,-7.837389946,1,0.083652049,1,-0.267632812,1,0.085943528,1,0.227709442,0,-0.657786667,0,0.232491285,0
22.17187309,-5.124158859,1,-2.933841467,1,-7.829861164,1,0.067291386,1,-0.27006495,1,0.108932137,1,0.227890074,0,-0.65892154,0,0.232675895,0
22.17587471,-5.03689146,1,-2.874304771,1,-7.876024246,1,0.056395497,1,-0.265497833,1,0.126114875,1,0.227971926,0,-0.660060644,0,0.23295404,0
22.17987251,-5.021492481,1,-2.761760235,1,-7.931553364,1,0.051326163,1,-0.260337055,1,0.142192081,1,0.227980047,0,-0.661206961,0,0.233299866,0
22.18387222,-5.131358147,1,-2.651552916,1,-7.929664612,1,0.041388512,1,-0.268328011,1,0.153519303,1,0.227900699,0,-0.662373781,0,0.233728781,0
22.18787384,-5.24553299,1,-2.480979681,1,-7.842572212,1,0.034229521,1,-0.273347408,1,0.16485709,1,0.227757141,0,-0.663563251,0,0.234204382,0
22.19187164,-5.296579838,1,-2.427850008,1,-7.931755543,1,0.035326749,1,-0.266133308,1,0.171235129,1,0.227576345,0,-0.664757133,0,0.234725803,0
22.19587135,-5.21410799,1,-2.449379921,1,-7.921264172,1,0.03383746,1,-0.27008906,1,0.18058221,1,0.241126508,0,-0.634783149,0,0.247744933,0
22.19987297,-5.155225754,1,-2.459982157,1,-8.064206123,1,0.02786248,1,-0.273226529,1,0.190007895,1,0.240911067,0,-0.636005163,0,0.248310834,0
22.20387077,-5.153139114,1,-2.440937042,1,-8.093660355,1,0.022091886,1,-0.274755299,1,0.195121408,1,0.24065271,0,-0.637248635,0,0.248908237,0
22.20787048,-5.093461514,1,-2.508918047,1,-8.101851463,1,0.018532638,1,-0.283472449,1,0.208662227,1,0.240351379,0,-0.638522506,0,0.249554455,0
22.2118721,-5.138747692,1,-2.462680817,1,-8.111489296,1,0.014124589,1,-0.296915382,1,0.213449314,1,0.240009382,0,-0.639847219,0,0.250235826,0
22.2158699,-5.071261883,1,-2.500021458,1,-8.139334679,1,0.010970872,1,-0.30210349,1,0.226019323,1,0.239648044,0,-0.641221046,0,0.250941575,0
22.21986961,-5.091959,1,-2.483896255,1,-8.222859383,1,0.01460862,1,-0.319859475,1,0.239897385,1,0.239243761,0,-0.642656267,0,0.251702756,0
22.22387123,-5.002259731,1,-2.533382416,1,-8.204165459,1,0.007076479,1,-0.344356835,1,0.248716995,1,0.238805979,0,-0.644174695,0,0.252497613,0
22.22786903,-5.0165658,1,-2.706640244,1,-8.238516808,1,-0.000589758,1,-0.366114646,1,0.267780334,1,0.238319263,0,-0.645788193,0,0.253343046,0
22.23186874,-5.010293007,1,-2.741711378,1,-8.301215172,1,-0.008535474,1,-0.383297265,1,0.279424787,1,0.237760678,0,-0.647504389,0,0.254233778,0
22.23587036,-5.004994392,1,-2.6583848,1,-8.270899773,1,-0.018966177,1,-0.409925193,1,0.296180427,1,0.237127885,0,-0.649319053,0,0.255177438,0
22.23986816,-5.06010437,1,-2.608484745,1,-8.28004837,1,-0.029520763,1,-0.426840454,1,0.306153685,1,0.236433968,0,-0.651223898,0,0.256159008,0
22.24386787,-5.024605274,1,-2.540542364,1,-8.371366501,1,-0.034988806,1,-0.447600663,1,0.318380117,1,0.235683382,0,-0.653220832,0,0.257176965,0
22.2478714,-4.959984303,1,-2.549716473,1,-8.456254005,1,-0.040253811,1,-0.475443363,1,0.329156846,1,0.234900236,0,-0.655318081,0,0.258217126,0
22.25186729,-5.051272869,1,-2.541289091,1,-8.638622284,1,-0.055855304,1,-0.509233415,1,0.338787973,1,0.234063223,0,-0.657531261,0,0.259278774,0
22.255867,-5.077253342,1,-2.740217686,1,-8.731039047,1,-0.06342423,1,-0.535547674,1,0.350167006,1,0.233165234,0,-0.659886241,0,0.260356337,0
22.25987053,-4.983029842,1,-3.142825365,1,-8.861933708,1,-0.093379237,1,-0.578620672,1,0.367152542,1,0.232172713,0,-0.662380457,0,0.26146543,0
22.26386833,-4.789995193,1,-3.173169851,1,-8.84411335,1,-0.131081626,1,-0.628602445,1,0.38567853,1,0.230990663,0,-0.665069163,0,0.262631357,0
22.26787376,-4.778356075,1,-3.00039649,1,-9.068631172,1,-0.141812071,1,-0.680308223,1,0.410721302,1,0.229697376,0,-0.667981565,0,0.263834089,0
22.27187538,-4.761505604,1,-2.961023331,1,-9.083072662,1,-0.152343288,1,-0.735840917,1,0.440261692,1,0.228307471,0,-0.671117961,0,0.265128732,0
22.27587318,-4.957625866,1,-3.0539608,1,-9.048277855,1,-0.158510283,1,-0.802540362,1,0.474104434,1,0.226820081,0,-0.674524963,0,0.266520083,0
22.27987289,-4.402242184,1,-2.396989346,1,-7.644309521,1,-0.180951342,1,-0.749225259,1,0.486261547,1,0.225117058,0,-0.677965879,0,0.268048733,0
22.28387451,-6.194321156,1,-1.110201001,1,-11.87618828,1,-0.06975209,1,-0.946630001,1,0.518966496,1,0.223768309,0,-0.681893289,0,0.269573003,0
22.28787231,-4.139943123,1,-1.905121207,1,-8.335186005,1,-0.15996173,1,-0.997143865,1,0.517912865,1,0.22235775,0,-0.686035931,0,0.271093756,0
22.29187203,-5.382380009,1,-5.173846722,1,-9.798187256,1,-0.257228315,1,-1.095121622,1,0.476430744,1,0.220692307,0,-0.69059366,0,0.272381067,0
22.29587364,-3.779426813,1,-3.044057608,1,-9.541171074,1,-0.28088823,1,-1.162706971,1,0.558068514,1,0.218749732,0,-0.695418954,0,0.273706317,0
22.29987145,-4.758046627,1,-2.356914043,1,-9.581949234,1,-0.26171872,1,-1.249426961,1,0.609754384,1,0.216611803,0,-0.70065397,0,0.275346398,0
22.30387116,-5.239188671,1,-3.53010416,1,-9.602823257,1,-0.315298021,1,-1.31963253,1,0.61432147,1,0.214370191,0,-0.706190705,0,0.277059257,0
22.30787277,-4.779236317,1,-3.20758605,1,-9.733747482,1,-0.375928044,1,-1.432317138,1,0.627491832,1,0.211896181,0,-0.712099135,0,0.278719574,0
22.31187058,-5.022572041,1,-2.155136585,1,-10.16455173,1,-0.40283072,1,-1.528561473,1,0.672443092,1,0.209196404,0,-0.718431115,0,0.280447751,0
22.31587029,-4.808488369,1,-2.098334551,1,-10.12277317,1,-0.403081924,1,-1.626609683,1,0.70217365,1,0.206367746,0,-0.725165367,0,0.282295436,0
22.3198719,-5.094956398,1,-2.922986746,1,-10.47386551,1,-0.408824891,1,-1.737849116,1,0.723870099,1,0.20348531,0,-0.732340693,0,0.284206599,0
22.32386971,-4.699318886,1,-2.913110495,1,-10.36416245,1,-0.407756984,1,-1.832392693,1,0.767514586,1,0.200533733,0,-0.73992455,0,0.286180794,0
22.32786942,-4.107759476,1,-3.311397314,1,-10.55842018,1,-0.442662448,1,-1.984448433,1,0.818724692,1,0.197338909,0,-0.748039067,0,0.288378239,0
22.33187103,-4.358226776,1,-3.308022738,1,-11.05336952,1,-0.464056879,1,-2.133944511,1,0.860687733,1,0.193939403,0,-0.756750941,0,0.290695429,0
22.33586884,-4.416413307,1,-3.593642473,1,-11.29201508,1,-0.495666564,1,-2.301741123,1,0.926253438,1,0.190297797,0,-0.766149819,0,0.29319644,0
22.33986855,-4.738678455,1,-4.274105549,1,-11.80157757,1,-0.559206486,1,-2.475509405,1,1.013172269,1,0.18624711,0,-0.776257038,0,0.29600665,0
22.34387016,-4.071902752,1,-4.964618206,1,-11.72533798,1,-0.631455362,1,-2.672788143,1,1.099601746,1,0.181625441,0,-0.787134767,0,0.299208313,0
22.34786797,-3.752062082,1,-5.604424953,1,-12.03676891,1,-0.711082876,1,-2.917640924,1,1.208809614,1,0.176352918,0,-0.798956394,0,0.302839786,0
22.35186768,-4.00633812,1,-6.048305035,1,-12.32734013,1,-0.785570741,1,-3.156003475,1,1.355921268,1,0.170293227,0,-0.811811149,0,0.307085454,0
22.35586929,-3.607834578,1,-6.44470644,1,-12.4076128,1,-0.819975436,1,-3.425677538,1,1.515283346,1,0.163358703,0,-0.825725079,0,0.312156171,0
22.3598671,-3.279940844,1,-6.830714703,1,-12.70749855,1,-0.825296879,1,-3.703879356,1,1.699037433,1,0.155567333,0,-0.840820491,0,0.318222106,0
22.36386681,-3.129189253,1,-7.721528053,1,-12.9750433,1,-0.832350612,1,-3.995275974,1,1.896237254,1,0.146809489,0,-0.857121944,0,0.325481832,0
22.36786842,-2.684845686,1,-8.758935928,1,-13.32798576,1,-0.887838483,1,-4.299819946,1,2.081339598,1,0.136876613,0,-0.874674916,0,0.334023952,0
22.37186623,-2.416460514,1,-8.579033852,1,-13.00705433,1,-0.959523976,1,-4.655855179,1,2.364816189,1,0.125371277,0,-0.893515766,0,0.344150394,0
22.37586594,-3.748817444,1,-10.52821827,1,-14.50981522,1,-1.096826911,1,-4.993049145,1,2.627654552,1,0.11151126,0,-0.913898408,0,0.356540024,0
22.37986755,-4.858725071,1,-10.19922447,1,-15.09541321,1,-1.269196033,1,-5.246645927,1,2.898233175,1,0.094954774,0,-0.935411453,0,0.371327817,0
22.38386536,-3.19459343,1,-10.77600288,1,-14.21708775,1,-1.419517279,1,-5.555437565,1,3.16121459,1,0.075371459,0,-0.957956076,0,0.388844907,0
22.3878727,-2.705058336,1,-11.76857471,1,-14.02625561,1,-1.616648674,1,-5.905200958,1,3.43593955,1,0.052231088,0,-0.981656492,0,0.409561992,0
22.39187431,-7.620332718,1,-11.85926628,1,-13.95242786,1,-1.860148907,1,-6.161897182,1,3.671651363,1,0.024888327,0,-1.006410837,0,0.433887661,0
22.39587212,-13.28547001,1,-11.14963436,1,-14.83504295,1,-2.131572962,1,-6.041574955,1,3.838392973,1,-0.007184328,0,-1.030986428,0,0.462169409,0
22.39987183,-11.35244465,1,-9.729431152,1,-14.07190704,1,-2.356282949,1,-5.994143963,1,3.948323488,1,-0.043882936,0,-1.054614425,0,0.494270444,0
22.40387344,-12.22944164,1,-8.634550095,1,-15.36993408,1,-2.513359785,1,-6.007571697,1,4.056375504,1,-0.085483022,0,-1.077544928,0,0.530612171,0
22.40787125,-19.97174263,1,-7.170359135,1,-17.64434242,1,-2.348055601,1,-5.728109837,1,4.074372292,1,-0.130950615,0,-1.099243641,0,0.570883751,0
22.41187096,-16.01010513,1,-6.060251236,1,-16.0745163,1,-2.045809746,1,-5.430140018,1,4.215760231,1,-0.179484531,0,-1.118593097,0,0.615300357,0
22.41587257,-15.29914093,1,-7.083389759,1,-16.18199158,1,-1.924263954,1,-5.488818645,1,4.29019022,1,-0.231949404,0,-1.136472583,0,0.664614022,0
22.41987038,-20.94548607,1,-7.073810101,1,-17.40587616,1,-1.703858614,1,-5.352900505,1,4.247570515,1,-0.287974805,0,-1.153119802,0,0.718123913,0
22.42387009,-20.37603188,1,-7.63303709,1,-15.52485371,1,-1.488030791,1,-5.190330505,1,4.249229431,1,-0.346439481,0,-1.167827725,0,0.774948597,0
22.4278717,-21.2724514,1,-8.876678467,1,-14.95327282,1,-1.427438021,1,-5.083529472,1,4.299651146,1,-0.408310413,0,-1.180644631,0,0.835743189,0
22.43186951,-24.25693512,1,-8.717077255,1,-14.33036518,1,-1.59705472,1,-4.788507462,1,4.318916321,1,-0.473623157,0,-1.191176057,0,0.899753571,0
22.43586922,-20.86255646,1,-9.397361755,1,-11.43184948,1,-1.950518131,1,-4.533712864,1,4.396855354,1,-0.542243838,0,-1.198996305,0,0.965928853,0
22.43987083,-18.2671299,1,-7.965435028,1,-11.46088219,1,-2.402228355,1,-4.236365318,1,4.337781429,1,-0.613830507,0,-1.204102159,0,1.033338428,0
22.44386864,-16.85196686,1,-5.830585003,1,-10.18638134,1,-2.671515465,1,-3.745414495,1,4.103253841,1,-0.684453249,0,-1.206674814,0,1.098066688,0
22.44786835,-16.35856438,1,-6.049894333,1,-10.59736443,1,-2.827136755,1,-3.274139643,1,3.740556479,1,-0.746919036,0,-1.20604074,0,1.158632636,0
22.45186806,-19.41942406,1,-5.232255459,1,-14.38088131,1,-2.844600677,1,-2.837753296,1,3.249323845,1,-0.80698216,0,-1.204976678,0,1.210758686,0
22.45586777,-15.51627064,1,-4.441090584,1,-15.62269878,1,-2.48877883,1,-2.353541136,1,2.735723019,1,-0.858450413,0,-1.203118563,0,1.254369378,0
22.45986748,-14.17121887,1,1.661222458,1,-12.97139359,1,-2.16865778,1,-2.159859419,1,2.653913975,1,-0.90331459,0,-1.20055294,0,1.292559028,0
22.4638691,-22.67643547,1,1.768652201,1,-15.94844532,1,-1.781032562,1,-1.954416633,1,2.494186163,1,-0.944282293,0,-1.197360039,0,1.327986836,0
22.4678669,-19.55963516,1,-3.468208075,1,-16.37700844,1,-1.355209112,1,-1.251036882,1,2.17773819,1,-0.977598786,0,-1.193307877,0,1.357048869,0
22.4718647,-7.108513832,1,-7.266655922,1,-11.95043087,1,-1.020182848,1,-0.86501956,1,1.790400863,1,-1.001813412,0,-1.188966513,0,1.378072858,0
22.47586632,-2.340610027,1,-7.807681561,1,-9.327280998,1,-0.898058832,1,-0.855385005,1,1.603415132,1,-1.021515608,0,-1.185040593,0,1.395234346,0
22.47986412,-5.025307178,1,-8.218632698,1,-9.772971153,1,-1.016196012,1,-0.907357991,1,1.569375157,1,-1.040789604,0,-1.181437254,0,1.411959529,0
22.48386383,-7.281130314,1,-9.348568916,1,-10.81604099,1,-1.182555676,1,-0.77396065,1,1.479680181,1,-1.059733629,0,-1.177812696,0,1.427677751,0
22.48786545,-6.590938568,1,-9.513851166,1,-10.26851177,1,-1.268061519,1,-0.576509535,1,1.275354028,1,-1.076676846,0,-1.174274087,0,1.440715432,0
22.49186325,-6.160037518,1,-9.134637833,1,-9.812448502,1,-1.322328091,1,-0.372097582,1,1.068131447,1,-1.091104507,0,-1.171020269,0,1.45073843,0
22.49586296,-5.584574699,1,-8.686103821,1,-9.721879005,1,-1.373778701,1,-0.13770321,1,0.863578916,1,-1.102809548,0,-1.168050647,0,1.457584143,0
22.49986458,-4.801209927,1,-8.479327202,1,-9.68105793,1,-1.404209137,1,0.11914774,1,0.64398551,1,-1.111593962,0,-1.165365815,0,1.461081624,0
22.50386238,-3.724458933,1,-8.375597,1,-9.42778492,1,-1.380853772,1,0.357262731,1,0.411054283,1,-1.117334604,0,-1.163052201,0,1.461260915,0
22.50786781,-2.547540426,1,-8.353326797,1,-9.025637627,1,-1.344964623,1,0.56935823,1,0.183766574,1,-1.120142817,0,-1.161167502,0,1.458363891,0
22.51186943,-1.286015272,1,-8.351699829,1,-8.438874245,1,-1.300858498,1,0.731002748,1,-0.017358242,1,-1.120363116,0,-1.159734368,0,1.452833891,0
22.51586723,0.008421439,1,-8.308523178,1,-8.017455101,1,-1.261313915,1,0.851212025,1,-0.197312191,1,-1.118504286,0,-1.158742905,0,1.445204258,0
22.51986694,0.703052282,1,-8.290056229,1,-7.520814419,1,-1.230242252,1,0.967650354,1,-0.367477447,1,-1.114872336,0,-1.158167958,0,1.435799837,0
22.52386856,1.341925383,1,-8.219940186,1,-7.123088837,1,-1.197309732,1,1.071810126,1,-0.530983627,1,-1.109541178,0,-1.157978177,0,1.4246912,0
22.52786636,2.009496927,1,-8.226131439,1,-6.728597641,1,-1.164366961,1,1.172603369,1,-0.693184674,1,-1.102594733,0,-1.158151388,0,1.411949873,0
22.53186607,2.762214184,1,-8.176654816,1,-6.36884594,1,-1.138964653,1,1.253889799,1,-0.847793281,1,-1.09410882,0,-1.158688784,0,1.397650719,0
22.53586769,3.340585232,1,-7.989188194,1,-6.099127293,1,-1.11624372,1,1.336488843,1,-0.993019998,1,-1.084182739,0,-1.159552217,0,1.381899357,0
22.53986549,3.679433346,1,-7.840747356,1,-5.810812473,1,-1.096610546,1,1.405052304,1,-1.126473546,1,-1.072914362,0,-1.16070044,0,1.364784598,0
22.5438652,3.903801203,1,-7.629230022,1,-5.569645882,1,-1.0820961,1,1.468889117,1,-1.249511242,1,-1.060369611,0,-1.162086368,0,1.34635973,0
22.54786682,4.00526619,1,-7.473052025,1,-5.297885895,1,-1.061180472,1,1.52449894,1,-1.354199767,1,-1.046682,0,-1.163649201,0,1.326776266,0
22.55186462,4.096599102,1,-7.293554306,1,-5.184139729,1,-1.046292782,1,1.590199113,1,-1.44836843,1,-1.031808734,0,-1.165324926,0,1.305999517,0
22.55586433,4.110673904,1,-7.147432804,1,-5.024540424,1,-1.028525352,1,1.65662837,1,-1.524000883,1,-1.015799642,0,-1.167024255,0,1.284074903,0
22.55986595,4.291119576,1,-6.873544216,1,-4.894548893,1,-1.0028404,1,1.717556834,1,-1.597095013,1,-0.998654068,0,-1.168697,0,1.261021852,0
22.56386375,4.411617279,1,-6.608398438,1,-4.812330246,1,-0.968325973,1,1.772143126,1,-1.642058372,1,-0.980486274,0,-1.17027688,0,1.23700726,0
22.56786346,4.412230968,1,-6.387235165,1,-4.758170128,1,-0.921042442,1,1.817883372,1,-1.681097507,1,-0.961364508,0,-1.171712279,0,1.212134004,0
22.57186699,4.273031235,1,-6.235052586,1,-4.723254204,1,-0.864951849,1,1.864896655,1,-1.704790235,1,-0.941353858,0,-1.172945142,0,1.186542749,0
22.57586289,3.895407915,1,-6.163853645,1,-4.684636593,1,-0.806571066,1,1.917030811,1,-1.732784748,1,-0.920485318,0,-1.173951149,0,1.160272598,0
22.5798645,3.558163643,1,-5.799917698,1,-6.036905289,1,-0.781398892,1,2.035593748,1,-1.773562074,1,-0.898540795,0,-1.174633861,0,1.133076191,0
22.58386612,3.836873293,1,-5.788664341,1,-4.098656178,1,-0.622755289,1,2.085086346,1,-1.796422243,1,-0.874897003,0,-1.174946666,0,1.104426503,0
22.58786392,3.770284176,1,-5.648406982,1,-4.274798393,1,-0.54640609,1,2.065755844,1,-1.757031202,1,-0.851099133,0,-1.174958229,0,1.07610476,0
22.59186363,2.419220448,1,-5.979478836,1,-5.302528858,1,-0.490782768,1,2.173530817,1,-1.751293778,1,-0.82692647,0,-1.174511909,0,1.047634006,0
22.59586525,1.97480166,1,-6.201909065,1,-5.34781456,1,-0.421784341,1,2.29064703,1,-1.781099796,1,-0.801668644,0,-1.173509121,0,1.018273354,0
22.59986305,1.822566271,1,-5.777794838,1,-5.521715164,1,-0.317159474,1,2.395760536,1,-1.804280877,1,-0.775314927,0,-1.171974063,0,0.988088191,0
22.60386276,1.301404357,1,-5.461387157,1,-5.765531063,1,-0.202330574,1,2.511659384,1,-1.828409433,1,-0.747896969,0,-1.169889092,0,0.95718646,0
22.60786438,0.761530101,1,-5.342268944,1,-6.055004597,1,-0.098899119,1,2.636206627,1,-1.854243994,1,-0.719448805,0,-1.167174697,0,0.925611913,0
22.61186218,0.391198307,1,-5.075894356,1,-6.331421852,1,0.030598581,1,2.763067007,1,-1.890371442,1,-0.689976096,0,-1.163799405,0,0.89339602,0
22.61586189,-0.00421049,1,-4.846046448,1,-6.542993069,1,0.168013826,1,2.884796619,1,-1.941366315,1,-0.659505486,0,-1.159759521,0,0.860612452,0
22.61986351,-0.485665798,1,-4.62047863,1,-6.756574154,1,0.317543447,1,3.007245064,1,-1.992446065,1,-0.628058732,0,-1.155052781,0,0.827337384,0
22.62386131,-1.006804109,1,-4.497642994,1,-6.993409634,1,0.472327113,1,3.143993616,1,-2.047215223,1,-0.595697463,0,-1.149613023,0,0.793648839,0
22.62786675,-1.460775018,1,-4.525704861,1,-7.122662067,1,0.617304385,1,3.284528732,1,-2.099529743,1,-0.562569916,0,-1.143391252,0,0.75968802,0
22.63186836,-1.916261196,1,-4.593030453,1,-7.312129974,1,0.756010473,1,3.422188044,1,-2.161691427,1,-0.52882266,0,-1.136354923,0,0.725567818,0
22.63586617,-2.40912509,1,-4.66217947,1,-7.493273258,1,0.883820534,1,3.565208673,1,-2.224696875,1,-0.494625479,0,-1.128459454,0,0.691423655,0
22.63986588,-2.804403305,1,-4.696646214,1,-7.641667843,1,0.992641449,1,3.713276863,1,-2.28600049,1,-0.460172296,0,-1.119679689,0,0.657397866,0
22.64386749,-3.125599384,1,-4.709631443,1,-7.741624355,1,1.09965992,1,3.864316225,1,-2.344918728,1,-0.425658286,0,-1.109951973,0,0.623631597,0
22.6478653,-3.452255964,1,-4.677238941,1,-7.817658424,1,1.202139616,1,4.013189793,1,-2.395419121,1,-0.391318321,0,-1.099259496,0,0.590354681,0
22.65186501,-3.658042192,1,-4.583758831,1,-7.845962048,1,1.298823953,1,4.154130459,1,-2.430497646,1,-0.357398301,0,-1.087578654,0,0.557792008,0
22.65586662,-3.915699959,1,-4.536919117,1,-7.911894321,1,1.392006874,1,4.295478344,1,-2.474541187,1,-0.3240363,0,-1.074924231,0,0.526107788,0
22.65986443,-4.055753708,1,-4.364249229,1,-7.9700737,1,1.490175605,1,4.42298317,1,-2.496517897,1,-0.291434944,0,-1.061310291,0,0.495479435,0
22.66386414,-4.099647522,1,-4.162050247,1,-8.034584045,1,1.591907978,1,4.535091877,1,-2.516396761,1,-0.259704858,0,-1.046797037,0,0.466064781,0
22.66786575,-4.29140377,1,-4.011440754,1,-8.116147041,1,1.698924661,1,4.631472588,1,-2.532268524,1,-0.228915989,0,-1.031450152,0,0.437979788,0
22.67186356,-4.469572544,1,-3.897451401,1,-8.178986549,1,1.810995102,1,4.717534542,1,-2.542033672,1,-0.199099168,0,-1.0153265,0,0.411275625,0
22.67586327,-4.648805141,1,-3.799242258,1,-8.214746475,1,1.924334884,1,4.791049004,1,-2.550130606,1,-0.170271635,0,-0.998502433,0,0.386012018,0
22.67986488,-4.947868347,1,-3.857548237,1,-8.319476128,1,2.039849043,1,4.853621483,1,-2.558989048,1,-0.142391503,0,-0.981042743,0,0.362151355,0
22.68386269,-5.274619102,1,-3.977950573,1,-8.402772903,1,2.141913891,1,4.896056175,1,-2.56438303,1,-0.115458854,0,-0.963029563,0,0.339680463,0
22.6878624,-5.646716118,1,-4.186735153,1,-8.551181793,1,2.244935989,1,4.940318108,1,-2.578479052,1,-0.089420319,0,-0.944503307,0,0.318516195,0
22.69186401,-6.009784222,1,-4.280233383,1,-8.68536377,1,2.329861164,1,4.967345238,1,-2.60043931,1,-0.064218603,0,-0.925537884,0,0.298565894,0
22.69586182,-6.37341404,1,-4.355129242,1,-8.868945122,1,2.409481525,1,4.980432034,1,-2.630640507,1,-0.038920648,0,-0.904987335,0,0.280135274,0
22.69985962,-6.698460579,1,-4.369175911,1,-9.063534737,1,2.488809586,1,4.991509438,1,-2.679775476,1,-0.015200268,0,-0.885332167,0,0.262292147,0
22.70386124,-7.14834547,1,-4.429454327,1,-9.251264572,1,2.55794549,1,4.995938778,1,-2.735141516,1,0.007949715,0,-0.865396976,0,0.24528119,0
22.70785904,-7.565773964,1,-4.443172455,1,-9.530284882,1,2.624352932,1,5.001859188,1,-2.800507307,1,0.030605769,0,-0.845193624,0,0.228990018,0
22.71186066,-8.011938095,1,-4.65614748,1,-9.789437294,1,2.696778297,1,5.003373146,1,-2.866615057,1,0.052833255,0,-0.824728847,0,0.213358179,0
22.71586227,-8.533877373,1,-4.965080261,1,-10.10693836,1,2.756672144,1,5.007520676,1,-2.940599918,1,0.074675128,0,-0.804004312,0,0.198326051,0
22.71986008,-9.077115059,1,-5.318688393,1,-10.45313931,1,2.808132648,1,5.007874966,1,-3.015951395,1,0.096133284,0,-0.78303349,0,0.183844313,0
22.72385979,-9.652533531,1,-5.688725471,1,-10.7409296,1,2.838253021,1,5.007782936,1,-3.102007627,1,0.117201656,0,-0.761811137,0,0.169841081,0
22.7278614,-10.13251305,1,-6.285487175,1,-11.46536255,1,2.846325397,1,4.993097305,1,-3.200981617,1,0.137859702,0,-0.740359306,0,0.156242102,0
22.73185921,-10.47061443,1,-6.552376747,1,-11.87162876,1,2.840676546,1,4.963531494,1,-3.285100698,1,0.158092082,0,-0.718739092,0,0.142960504,0
22.73585892,-11.1686182,1,-6.6443367,1,-12.65103626,1,2.830132484,1,4.904454231,1,-3.383027315,1,0.177853242,0,-0.69705534,0,0.130009487,0
22.73986244,-12.25674915,1,-6.53979826,1,-13.38854027,1,2.823872566,1,4.855808258,1,-3.492485523,1,0.197235823,0,-0.675321102,0,0.117258899,0
22.74385834,-13.64694405,1,-6.094512939,1,-13.93697739,1,2.856635571,1,4.820065498,1,-3.63120842,1,0.216403931,0,-0.653449178,0,0.104593195,0
22.74786568,-15.07646847,1,-5.430495262,1,-14.45784855,1,2.928947687,1,4.781639099,1,-3.790965557,1,0.23557128,0,-0.63141489,0,0.091899283,0
22.75186729,-16.52546883,1,-4.780638695,1,-14.83857155,1,3.028808832,1,4.746561527,1,-3.976327658,1,0.254929096,0,-0.609154701,0,0.079075463,0
22.7558651,-17.7291832,1,-3.497484446,1,-15.30863857,1,3.163262606,1,4.684420586,1,-4.184385777,1,0.274663985,0,-0.586670518,0,0.065998413,0
22.75986481,-18.67066574,1,-2.504197598,1,-16.02830315,1,3.312241077,1,4.604181767,1,-4.410707951,1,0.29492867,0,-0.564010859,0,0.052552726,0
22.76386643,-20.23615456,1,-2.7872715,1,-16.34206009,1,3.463295937,1,4.529666901,1,-4.615486622,1,0.315721393,0,-0.541164398,0,0.03876704,0
22.76786423,-22.00198555,1,-2.607857227,1,-16.35597992,1,3.595364809,1,4.469317436,1,-4.799602985,1,0.33691889,0,-0.518069625,0,0.024778783,0
22.77186394,-23.66490173,1,-2.112752676,1,-16.45574379,1,3.677643061,1,4.375789165,1,-4.971320629,1,0.358344972,0,-0.494776815,0,0.010645439,0
22.77586556,-25.16226768,1,-0.829376221,1,-16.36185646,1,3.710201502,1,4.265893459,1,-5.148910999,1,0.379756987,0,-0.471347421,0,-0.0036295,0
22.77986336,-26.33707047,1,1.56830585,1,-16.50880623,1,3.735021114,1,4.103245735,1,-5.299218178,1,0.401063263,0,-0.447904378,0,-0.018081425,0
22.78386307,-27.58233833,1,4.289058685,1,-15.86587811,1,3.801440239,1,3.935326338,1,-5.421534538,1,0.422281623,0,-0.42459923,0,-0.032680616,0
22.78786469,-29.42742157,1,6.439137936,1,-14.07357502,1,3.912754536,1,3.815284729,1,-5.49968338,1,0.443553716,0,-0.401376069,0,-0.047257803,0
22.79186249,-31.520298,1,7.250655174,1,-12.26408577,1,4.022623539,1,3.712308884,1,-5.522106171,1,0.464878947,0,-0.378178537,0,-0.061559528,0
22.7958622,-32.774086,1,7.249054432,1,-10.17078304,1,4.030714035,1,3.60466671,1,-5.468209743,1,0.485957563,0,-0.355101764,0,-0.075345345,0
22.79986382,-33.30551529,1,6.369071484,1,-7.870606899,1,3.889753342,1,3.466121197,1,-5.287951946,1,0.506200194,0,-0.332405269,0,-0.088298514,0
22.80386162,-33.46949387,1,5.356904984,1,-5.648358822,1,3.604687214,1,3.30405283,1,-5.005411625,1,0.524967849,0,-0.310454607,0,-0.100148432,0
22.80785942,-33.09233475,1,5.117175102,1,-3.574664354,1,3.200531006,1,3.07786274,1,-4.629493713,1,0.541739285,0,-0.289636433,0,-0.110733375,0
22.81186104,-32.27628326,1,6.600651264,1,-1.599389315,1,2.746607542,1,2.780914307,1,-4.191848755,1,0.556198835,0,-0.270422488,0,-0.120030671,0
22.81585884,-31.83524895,1,9.670365334,1,0.1727999,1,2.336245775,1,2.415669441,1,-3.739025116,1,0.568447351,0,-0.253164768,0,-0.128182396,0
22.81986046,-32.37544632,1,12.82160282,1,1.789737225,1,2.029949903,1,2.048505068,1,-3.292137623,1,0.578893542,0,-0.238039821,0,-0.135346204,0
22.82386208,-33.40954971,1,15.81071472,1,3.096570253,1,1.859383225,1,1.682900429,1,-2.862443686,1,0.588092446,0,-0.225036666,0,-0.141667634,0
22.82785988,-33.95634079,1,17.8649826,1,4.170968533,1,1.780032992,1,1.324778438,1,-2.440413713,1,0.596561253,0,-0.214128971,0,-0.14723964,0
22.83185768,-34.20594406,1,19.16102028,1,4.916727543,1,1.757232428,1,0.966433585,1,-2.029998541,1,0.604647279,0,-0.205308035,0,-0.152145579,0
22.8358593,-33.63251877,1,19.39967346,1,5.430174828,1,1.738776207,1,0.626633286,1,-1.636820912,1,0.612503707,0,-0.198494792,0,-0.156412631,0
22.83985901,-33.05079269,1,18.66111565,1,5.496015549,1,1.662933469,1,0.300646931,1,-1.253328919,1,0.620050967,0,-0.193648815,0,-0.160127431,0
22.84385872,-32.34197617,1,17.1980629,1,5.32687664,1,1.478776813,1,-0.00254107,1,-0.877981007,1,0.626966596,0,-0.190666363,0,-0.163302273,0
22.84786034,-31.7550106,1,15.37578583,1,5.08684206,1,1.211525679,1,-0.271815717,1,-0.507320106,1,0.632861793,0,-0.189481884,0,-0.165922582,0
22.85185814,-30.9777832,1,13.19195652,1,4.656874657,1,0.872899413,1,-0.513042867,1,-0.12029922,1,0.637427568,0,-0.190007612,0,-0.167910486,0
22.85585594,-30.17396355,1,10.94561958,1,4.214667797,1,0.457687765,1,-0.708362639,1,0.272879928,1,0.640343428,0,-0.192158431,0,-0.169154555,0
22.85985756,-29.07210922,1,9.186415672,1,3.409554005,1,0.004899387,1,-0.898503423,1,0.666315854,1,0.641353309,0,-0.195858076,0,-0.169578478,0
22.86385536,-8.179221153,1,-15.7452755,1,-4.307789803,1,-1.784411311,1,-1.317620277,1,1.204921722,1,0.638608575,0,-0.20155409,0,-0.169176489,0
22.86785507,-25.54092216,1,-0.572227895,1,0.852045119,1,-3.264648914,1,-2.452628613,1,2.18565321,1,0.627035677,0,-0.211343691,0,-0.168270335,0
22.87186241,-12.53398895,1,5.414736271,1,-2.095140696,1,-3.109587193,1,-2.069683313,1,2.537793398,1,0.61415261,0,-0.224814519,0,-0.165701956,0
22.87586784,11.10546684,1,-4.022665501,1,-9.80946064,1,-3.674135685,1,-1.948661685,1,2.502810717,1,0.599535942,0,-0.236859307,0,-0.161847979,0
22.87986755,6.107617855,1,-10.63345146,1,-15.77389908,1,-3.385436058,1,-2.094308615,1,2.731374025,1,0.58429271,0,-0.249478653,0,-0.157586038,0
22.88386917,1.106671095,1,-18.15468788,1,-22.50278664,1,-3.209290981,1,-1.767520666,1,2.88145256,1,0.569823503,0,-0.262214154,0,-0.152262896,0
22.88786697,12.68354797,1,-24.47015762,1,-21.12467957,1,-3.248401165,1,-1.323631883,1,2.977100611,1,0.555032313,0,-0.273567587,0,-0.145352677,0
22.89186668,17.59477234,1,-28.69881439,1,-15.31023216,1,-3.7673316,1,-1.777042866,1,2.953307867,1,0.539015532,0,-0.284892976,0,-0.138002992,0
22.8958683,13.32458591,1,-21.83420372,1,-7.807368279,1,-4.00322628,1,-2.432279587,1,2.803780317,1,0.521627188,0,-0.29799521,0,-0.132045984,0
22.8998661,7.752476215,1,-9.040436745,1,-6.630925655,1,-4.112972736,1,-3.157274961,1,2.695194244,1,0.504151285,0,-0.313076794,0,-0.127805933,0
22.90386581,3.85483551,1,2.112484694,1,-5.416674614,1,-4.053958893,1,-4.002912998,1,2.773429155,1,0.486892641,0,-0.330844998,0,-0.124812327,0
22.90786743,-1.228941083,1,9.148394585,1,-6.230029106,1,-3.72333169,1,-4.585882664,1,2.775610685,1,0.470565736,0,-0.351395667,0,-0.122857869,0
22.91186523,-9.502461433,1,8.14748764,1,-11.25622272,1,-3.436403036,1,-5.098606586,1,2.534920454,1,0.455895424,0,-0.373498797,0,-0.121913932,0
22.91586494,-15.85746479,1,9.750836372,1,-15.92805386,1,-3.060563326,1,-5.037230968,1,2.24952364,1,0.442953348,0,-0.396045715,0,-0.122189187,0
22.91986656,-21.38765144,1,12.35859585,1,-19.60395622,1,-2.748187065,1,-4.696728706,1,1.977025628,1,0.431619912,0,-0.417317748,0,-0.122871481,0
22.92386437,-25.35882568,1,14.79379368,1,-19.65513992,1,-2.390947342,1,-4.121464729,1,1.860958576,1,0.421491534,0,-0.436546564,0,-0.123248048,0
22.92786408,-22.01227951,1,12.99412823,1,-19.93115044,1,-2.078871012,1,-3.628969193,1,1.884662509,1,0.412216902,0,-0.453673422,0,-0.122624762,0
22.93186569,-22.07473373,1,11.51688671,1,-17.52208328,1,-1.699423552,1,-3.368407965,1,1.967196941,1,0.403918505,0,-0.469524682,0,-0.120899886,0
22.9358635,-22.8319664,1,6.719885349,1,-16.41839409,1,-1.397936463,1,-2.997680902,1,1.92995131,1,0.396567345,0,-0.484340996,0,-0.118423611,0
22.93986511,-20.10604477,1,0.790118396,1,-13.16769981,1,-1.151201725,1,-2.542913198,1,1.74586153,1,0.390083939,0,-0.497355819,0,-0.115455359,0
22.94386482,-16.19446564,1,-2.817732811,1,-11.09932995,1,-0.974791944,1,-2.308965445,1,1.520523548,1,0.384557366,0,-0.508812606,0,-0.112717621,0
22.94786263,-13.63179874,1,-6.270385742,1,-9.763904572,1,-1.028180122,1,-2.082338572,1,1.286197901,1,0.379593939,0,-0.517393112,0,-0.11751537,0
22.95186234,-10.63797951,1,-6.855354309,1,-8.242991447,1,-1.142581463,1,-1.841243029,1,1.115645885,1,0.374366641,0,-0.526390254,0,-0.115703419,0
22.95586395,-10.87075615,1,-5.842142105,1,-8.361760139,1,-1.218186617,1,-1.683073521,1,0.981224477,1,0.368783295,0,-0.534499228,0,-0.114126191,0
22.95986176,-10.43324947,1,-3.433870316,1,-9.794140816,1,-1.225896597,1,-1.434514284,1,0.905766845,1,0.36317572,0,-0.541700125,0,-0.112659208,0
22.96386147,-11.54367733,1,-1.715044022,1,-11.1506052,1,-1.230911374,1,-1.07738781,1,0.821612298,1,0.357317835,0,-0.547579765,0,-0.110970274,0
22.96786308,-12.65475464,1,0.680658221,1,-11.40018559,1,-1.136150241,1,-0.69999516,1,0.78986001,1,0.351525545,0,-0.5520522,0,-0.108866915,0
22.97186089,-12.46764946,1,0.340021223,1,-9.634813309,1,-0.999783158,1,-0.413833648,1,0.668702126,1,0.34599176,0,-0.555117607,0,-0.106508516,0
22.9758606,-10.20665741,1,0.061378948,1,-9.348594666,1,-0.918727636,1,-0.217189372,1,0.562208474,1,0.341020584,0,-0.557092249,0,-0.104282662,0
22.97986221,-10.18885136,1,-0.767589629,1,-9.761623383,1,-0.807049453,1,-0.116051987,1,0.441970259,1,0.3365165,0,-0.558389187,0,-0.102309465,0
22.98386002,-6.437654495,1,-2.22883153,1,-8.812170982,1,-0.741962492,1,-0.074972145,1,0.342748553,1,0.332591653,0,-0.559229791,0,-0.100700408,0
22.98785973,-5.776384354,1,-3.019868135,1,-9.917896271,1,-0.681062341,1,-0.091731749,1,0.260605484,1,0.329083622,0,-0.559955299,0,-0.099482805,0
22.99186707,-6.126116753,1,-2.826209545,1,-9.482747078,1,-0.633735418,1,-0.051448714,1,0.257590801,1,0.325914919,0,-0.560533941,0,-0.098462775,0
22.9958725,-5.571260929,1,-2.810706139,1,-8.993707657,1,-0.596528411,1,-0.0710999,1,0.307705909,1,0.322834074,0,-0.561142921,0,-0.09727408,0
22.99987221,-6.241957664,1,-3.423375845,1,-9.052269936,1,-0.592735708,1,-0.053608827,1,0.293032229,1,0.319794357,0,-0.561770439,0,-0.096021071,0
23.00387383,-6.551514626,1,-3.497172594,1,-8.577365875,1,-0.567131102,1,-0.029184524,1,0.269728392,1,0.316825449,0,-0.56227088,0,-0.094821565,0
23.00787163,-5.604127407,1,-3.464408398,1,-8.294288635,1,-0.548430622,1,-0.025483567,1,0.273882747,1,0.313964814,0,-0.562692642,0,-0.093638405,0
23.01187134,-4.827581882,1,-3.086502075,1,-8.523949623,1,-0.538815022,1,-0.034965374,1,0.278549463,1,0.311140001,0,-0.563150585,0,-0.092433468,0
23.01587296,-4.929480553,1,-2.6196661,1,-9.001652718,1,-0.527255952,1,-0.041847732,1,0.290828109,1,0.308345437,0,-0.563661337,0,-0.091207169,0
23.01987076,-5.409092903,1,-1.504959106,1,-9.057218552,1,-0.482801914,1,-0.029872812,1,0.283713877,1,0.305647075,0,-0.564142168,0,-0.089955665,0
23.02387047,-5.357786655,1,-0.59594214,1,-8.774410248,1,-0.425180793,1,-0.050999098,1,0.259303868,1,0.303201705,0,-0.564623952,0,-0.088770777,0
23.02787209,-5.675622463,1,-0.017978435,1,-9.049014091,1,-0.335758328,1,-0.057303622,1,0.209656343,1,0.301131368,0,-0.565109074,0,-0.087774701,0
23.03186989,-5.388288021,1,0.124790408,1,-9.140034676,1,-0.243532896,1,-0.050344862,1,0.161225259,1,0.299555302,0,-0.565538645,0,-0.087014362,0
23.0358696,-4.489775181,1,-0.490306735,1,-9.342387199,1,-0.164071247,1,-0.074170291,1,0.135809898,1,0.298432648,0,-0.565944254,0,-0.086438321,0
23.03987122,-3.820424557,1,-1.453911781,1,-9.497706413,1,-0.086407423,1,-0.128322467,1,0.124670744,1,0.297685623,0,-0.566489398,0,-0.08598572,0
23.04386902,-3.979273319,1,-2.243888855,1,-9.222044945,1,-0.056323409,1,-0.179366946,1,0.128219262,1,0.297215641,0,-0.567231178,0,-0.085635126,0
23.04786873,-4.546533108,1,-2.63223505,1,-8.833752632,1,-0.035093561,1,-0.219851166,1,0.139287531,1,0.296857476,0,-0.568153083,0,-0.085311219,0
23.05187035,-4.986961365,1,-2.610635757,1,-8.566448212,1,-0.016608888,1,-0.238864422,1,0.139525697,1,0.29657346,0,-0.569193363,0,-0.084991619,0
23.05586815,-4.924996376,1,-2.564056158,1,-8.561709404,1,0.002207686,1,-0.245782346,1,0.141694218,1,0.296376377,0,-0.570291102,0,-0.08469408,0
23.05986786,-4.561848164,1,-2.483377218,1,-8.707966805,1,0.013753095,1,-0.266903132,1,0.135237396,1,0.296265304,0,-0.571440995,0,-0.084423698,0
23.06386948,-4.439650536,1,-2.360085964,1,-8.808038712,1,0.020347709,1,-0.293584645,1,0.130363598,1,0.296204269,0,-0.572669983,0,-0.084205247,0
23.06786728,-4.704797268,1,-2.288253546,1,-8.742512703,1,0.02269927,1,-0.314040154,1,0.122104079,1,0.296208233,0,-0.573992372,0,-0.084048107,0
23.07186699,-5.008989334,1,-2.176089287,1,-8.532592773,1,0.027852584,1,-0.329110026,1,0.104312822,1,0.296269685,0,-0.575361073,0,-0.083981812,0
23.07586861,-5.043420792,1,-2.084496021,1,-8.566184044,1,0.038217932,1,-0.328730524,1,0.080089636,1,0.296426266,0,-0.576724648,0,-0.084024705,0
23.07986641,-5.099884987,1,-1.817450762,1,-8.68104744,1,0.057117425,1,-0.341291904,1,0.047351502,1,0.296708584,0,-0.578079045,0,-0.084210634,0
23.08386612,-5.063333988,1,-1.631406903,1,-8.699250221,1,0.080813713,1,-0.346289873,1,0.020120269,1,0.297155678,0,-0.579426646,0,-0.084534325,0
23.08786774,-5.142149925,1,-1.597244859,1,-8.595704079,1,0.107591242,1,-0.360410303,1,-0.003352644,1,0.297777116,0,-0.58078438,0,-0.084984466,0
23.09186554,-5.120585918,1,-1.593333244,1,-8.469386101,1,0.140059248,1,-0.358426869,1,-0.033184152,1,0.298589587,0,-0.582136214,0,-0.085569568,0
23.09586525,-4.990514755,1,-1.47777009,1,-8.475603104,1,0.171817049,1,-0.366120636,1,-0.057766654,1,0.299599648,0,-0.583471298,0,-0.086283475,0
23.09986687,-5.07679987,1,-1.332098722,1,-8.474404335,1,0.214219093,1,-0.371782035,1,-0.076329157,1,0.300826788,0,-0.584809124,0,-0.087114215,0
23.10386467,-5.136955738,1,-1.493175268,1,-8.467265129,1,0.253986448,1,-0.376800418,1,-0.092590347,1,0.302277297,0,-0.586143613,0,-0.088042945,0
23.10786438,-4.98389101,1,-1.804916739,1,-8.382696152,1,0.27897951,1,-0.390927941,1,-0.105866522,1,0.303905606,0,-0.587495446,0,-0.089048736,0
23.11187172,-4.961589813,1,-2.16451335,1,-8.267205238,1,0.303096026,1,-0.395654857,1,-0.113443874,1,0.305666,0,-0.588862121,0,-0.090117976,0
23.11587715,-5.023333549,1,-2.444878817,1,-8.121053696,1,0.314024508,1,-0.397153258,1,-0.115034245,1,0.307509482,0,-0.590238392,0,-0.091223791,0
23.11987686,-4.819572926,1,-2.698527813,1,-8.034661293,1,0.318983138,1,-0.392868042,1,-0.107532553,1,0.309379041,0,-0.59160316,0,-0.092314988,0
23.12387848,-4.760264397,1,-2.896712542,1,-7.939715385,1,0.312743127,1,-0.389416754,1,-0.09233743,1,0.31121254,0,-0.592971683,0,-0.093343973,0
23.12787628,-4.857397556,1,-3.09704566,1,-7.88681078,1,0.299330682,1,-0.385683745,1,-0.067007981,1,0.31296438,0,-0.594350159,0,-0.094291613,0
23.13187599,-4.960641861,1,-3.419926405,1,-7.730602264,1,0.283683658,1,-0.373306185,1,-0.037009835,1,0.314590067,0,-0.595734417,0,-0.095103845,0
23.13587761,-5.072776794,1,-3.764766932,1,-7.610260487,1,0.259455889,1,-0.366652638,1,-0.009391171,1,0.316052467,0,-0.597112775,0,-0.095772937,0
23.13987541,-4.974466324,1,-4.182186604,1,-7.601499557,1,0.219343007,1,-0.352544695,1,0.029647203,1,0.317281038,0,-0.598486543,0,-0.096253157,0
23.14387512,-4.953507423,1,-4.172049999,1,-7.619266033,1,0.171064645,1,-0.344562709,1,0.064129993,1,0.318227828,0,-0.599865079,0,-0.096559405,0
23.14787674,-4.956907272,1,-4.017654896,1,-7.623302937,1,0.143085256,1,-0.32498166,1,0.092806116,1,0.318930686,0,-0.601228654,0,-0.096696481,0
23.15187454,-5.040813923,1,-3.693910837,1,-7.628348351,1,0.115611777,1,-0.304649979,1,0.116631947,1,0.319454551,0,-0.602556765,0,-0.096701495,0
23.15587425,-5.135654926,1,-3.492063046,1,-7.62454319,1,0.092045702,1,-0.293859184,1,0.127604514,1,0.319797784,0,-0.603851855,0,-0.096598849,0
23.15987587,-5.195273399,1,-3.210472822,1,-7.660675049,1,0.072414398,1,-0.278492481,1,0.134455383,1,0.320039213,0,-0.605101347,0,-0.096442193,0
23.16387367,-5.192712784,1,-3.000179529,1,-7.732956886,1,0.057208762,1,-0.267830908,1,0.136318952,1,0.320186943,0,-0.606304586,0,-0.096240252,0
23.16787338,-5.088356018,1,-2.617014647,1,-7.791608334,1,0.062333152,1,-0.265461713,1,0.125997886,1,0.320307553,0,-0.607481241,0,-0.096049689,0
23.171875,-4.982594967,1,-2.184582233,1,-7.926656723,1,0.075900957,1,-0.258051932,1,0.116652958,1,0.320485651,0,-0.608624041,0,-0.095889553,0
23.1758728,-4.930984974,1,-1.999092698,1,-8.121367455,1,0.102719717,1,-0.261594594,1,0.098781541,1,0.320780516,0,-0.609747052,0,-0.095785275,0
23.17987251,-4.891936302,1,-1.8661865,1,-8.256961823,1,0.12426538,1,-0.270114392,1,0.095625289,1,0.321207464,0,-0.610875309,0,-0.095737405,0
23.18387413,-4.865954399,1,-1.889995217,1,-8.37125206,1,0.142377615,1,-0.279900283,1,0.095109016,1,0.321723938,0,-0.61204344,0,-0.095722154,0
23.18787193,-4.884643555,1,-2.027446508,1,-8.258543968,1,0.165045425,1,-0.290115595,1,0.089083552,1,0.322350919,0,-0.613243461,0,-0.095737137,0
23.19187164,-4.964173317,1,-2.41624403,1,-8.117257118,1,0.184605747,1,-0.29844436,1,0.087917194,1,0.323078275,0,-0.614477277,0,-0.095781356,0
23.19587326,-4.932479858,1,-2.746024132,1,-8.011333466,1,0.17883499,1,-0.302539855,1,0.090725571,1,0.304414928,0,-0.624605179,0,-0.107802555,0
23.19987106,-5.125355721,1,-2.748804569,1,-7.893476486,1,0.192550227,1,-0.308784127,1,0.100333393,1,0.305152029,0,-0.625889421,0,-0.107801214,0
23.20387077,-5.106359482,1,-2.825414658,1,-7.785344601,1,0.192501649,1,-0.294384152,1,0.110064797,1,0.305895269,0,-0.627165198,0,-0.107758582,0
23.20787239,-5.186336994,1,-2.867000103,1,-7.742006302,1,0.189565584,1,-0.294617176,1,0.11663951,1,0.306601375,0,-0.628421485,0,-0.107656635,0
23.21187019,-5.175290585,1,-2.959547043,1,-7.651783943,1,0.182629883,1,-0.281909019,1,0.121165618,1,0.307275474,0,-0.62965852,0,-0.107527301,0
23.2158699,-5.273673534,1,-3.002687216,1,-7.589792728,1,0.17171067,1,-0.275405526,1,0.130333811,1,0.307887524,0,-0.63087672,0,-0.107350655,0
23.21987152,-5.292348385,1,-2.968741655,1,-7.523447514,1,0.171124458,1,-0.258139491,1,0.138842419,1,0.308450043,0,-0.6320526,0,-0.10712593,0
23.22386932,-5.251262188,1,-2.860716581,1,-7.610240459,1,0.161838874,1,-0.245077759,1,0.142940924,1,0.308954477,0,-0.633180857,0,-0.106854558,0
23.22786713,-5.24478054,1,-2.857523203,1,-7.603489399,1,0.150701016,1,-0.243142232,1,0.141428962,1,0.309401423,0,-0.634278178,0,-0.106553935,0
23.23187447,-5.289672375,1,-2.598970175,1,-7.667918205,1,0.144493565,1,-0.230735064,1,0.139146984,1,0.309801191,0,-0.635345161,0,-0.106252521,0
23.23587799,-5.228588104,1,-2.519248486,1,-7.803094864,1,0.148040742,1,-0.229419366,1,0.135908902,1,0.310216039,0,-0.636389196,0,-0.105957411,0
23.23987961,-5.199232578,1,-2.609508991,1,-7.804789543,1,0.145374775,1,-0.224101856,1,0.137646005,1,0.310634911,0,-0.637429297,0,-0.105650082,0
23.24388123,-5.176519394,1,-2.6392138,1,-7.841865063,1,0.134038195,1,-0.230408445,1,0.129884854,1,0.311020255,0,-0.638455153,0,-0.105361685,0
23.24787903,-5.202056885,1,-2.537290096,1,-7.845289707,1,0.137313023,1,-0.234284848,1,0.13111034,1,0.311394632,0,-0.639505804,0,-0.105085671,0
23.25187874,-5.169483662,1,-2.59339118,1,-7.881574154,1,0.142665163,1,-0.232067183,1,0.136047259,1,0.311793655,0,-0.640563786,0,-0.10481406,0
23.25588036,-5.202769756,1,-2.815546513,1,-7.905184746,1,0.145748764,1,-0.228893369,1,0.140606642,1,0.312197149,0,-0.641617477,0,-0.104508542,0
23.25987816,-4.952726841,1,-2.810837507,1,-7.905897141,1,0.147428289,1,-0.233162165,1,0.13862969,1,0.312592149,0,-0.642661631,0,-0.104183264,0
23.26387787,-5.064670086,1,-2.808572769,1,-7.941458702,1,0.146000281,1,-0.252566785,1,0.146377653,1,0.313001752,0,-0.64376533,0,-0.103889547,0
23.26787949,-5.119816303,1,-2.932240486,1,-7.849514961,1,0.131913051,1,-0.251916677,1,0.160171181,1,0.313359439,0,-0.644921184,0,-0.103550367,0
23.27187729,-5.133881569,1,-3.061383486,1,-7.759843349,1,0.130754888,1,-0.253909349,1,0.169689283,1,0.313652694,0,-0.646086931,0,-0.103161968,0
23.275877,-5.187535763,1,-3.211126328,1,-7.689551353,1,0.119017638,1,-0.253636539,1,0.184043273,1,0.313874185,0,-0.647276759,0,-0.102715053,0
23.27987862,-5.211317062,1,-3.227330923,1,-7.59859705,1,0.09444622,1,-0.246322483,1,0.200109571,1,0.313977957,0,-0.648467898,0,-0.102186851,0
23.28387642,-5.299621105,1,-3.237001657,1,-7.714197636,1,0.077791981,1,-0.237957299,1,0.22058244,1,0.313926697,0,-0.649648368,0,-0.101548538,0
23.28787613,-5.259570599,1,-3.220194578,1,-7.580107212,1,0.065017395,1,-0.237362742,1,0.229478076,1,0.313774139,0,-0.650829554,0,-0.100839473,0
23.29187775,-5.445660114,1,-3.076060057,1,-7.628612041,1,0.055024765,1,-0.236045137,1,0.23861149,1,0.313558161,0,-0.652025402,0,-0.100088023,0
23.29587555,-5.347966194,1,-2.874524117,1,-7.774289131,1,0.04974512,1,-0.232808903,1,0.24471575,1,0.31328699,0,-0.653215408,0,-0.099297836,0
23.29987526,-5.343580723,1,-2.707106829,1,-7.871534348,1,0.054084577,1,-0.237794161,1,0.264301568,1,0.312975347,0,-0.654436469,0,-0.098445147,0
23.30387688,-5.414875031,1,-2.663817883,1,-7.926025867,1,0.060382534,1,-0.248735309,1,0.271030784,1,0.312658966,0,-0.655692995,0,-0.097550891,0
23.30787468,-5.21684742,1,-2.808821917,1,-7.943377495,1,0.05937783,1,-0.260454267,1,0.285933316,1,0.312326372,0,-0.656996012,0,-0.096620634,0
23.31187439,-5.12817812,1,-3.120904446,1,-8.023342133,1,0.04792745,1,-0.282238275,1,0.292186141,1,0.311968446,0,-0.658389866,0,-0.095648676,0
23.31587601,-5.06441927,1,-2.984586239,1,-8.091550827,1,0.04930836,1,-0.311789513,1,0.306900591,1,0.31155473,0,-0.659876764,0,-0.094668321,0
23.31987381,-5.11568737,1,-2.946020126,1,-8.050390244,1,0.06254591,1,-0.331791401,1,0.320619166,1,0.311148345,0,-0.661483884,0,-0.093652681,0
23.32387352,-5.094225407,1,-3.090902328,1,-8.050679207,1,0.070971161,1,-0.35739249,1,0.335099816,1,0.310770452,0,-0.663201571,0,-0.092598595,0
23.32787514,-5.112658024,1,-3.153025866,1,-7.989888668,1,0.067102909,1,-0.377528518,1,0.349043697,1,0.310373664,0,-0.665017605,0,-0.09151151,0
23.33187294,-5.277859688,1,-3.163242102,1,-8.016199112,1,0.061316743,1,-0.40118742,1,0.368943125,1,0.309924155,0,-0.666944921,0,-0.090371497,0
23.33587265,-5.20923233,1,-3.171871901,1,-8.09760952,1,0.055421151,1,-0.414060801,1,0.385128558,1,0.309420377,0,-0.668954551,0,-0.089180171,0
23.33987236,-5.22733736,1,-3.181719303,1,-8.103949547,1,0.050539602,1,-0.428944468,1,0.398708373,1,0.308844745,0,-0.671043098,0,-0.087919801,0
23.34387016,-5.096344471,1,-3.257319212,1,-8.327149391,1,0.03154866,1,-0.461158693,1,0.400797963,1,0.308226168,0,-0.673218369,0,-0.086658932,0
23.34786987,-5.072245598,1,-3.253085613,1,-8.391803741,1,-0.004204187,1,-0.500156701,1,0.415574402,1,0.307491481,0,-0.675551951,0,-0.085395955,0
23.35187721,-5.075640678,1,-3.067802668,1,-8.544205666,1,-0.008503687,1,-0.543886483,1,0.438393086,1,0.306665301,0,-0.678059697,0,-0.084123366,0
23.35588265,-4.992913246,1,-3.27538538,1,-8.701771736,1,-0.005108582,1,-0.589134276,1,0.4474549,1,0.305826902,0,-0.68074894,0,-0.082834825,0
23.35988236,-4.901767254,1,-3.49254179,1,-8.778164864,1,-0.020522274,1,-0.643134236,1,0.47909531,1,0.304940403,0,-0.68364948,0,-0.081507295,0
23.36388588,-4.889751911,1,-3.621129036,1,-8.744281769,1,-0.023606496,1,-0.692447245,1,0.498638541,1,0.303982377,0,-0.686787307,0,-0.080145791,0
23.36788368,-4.891641617,1,-3.662921667,1,-8.873950958,1,-0.038120069,1,-0.756456494,1,0.533424616,1,0.302944988,0,-0.690183938,0,-0.078714333,0
23.37188339,-4.823509693,1,-3.946623564,1,-9.00214386,1,-0.05928297,1,-0.816373467,1,0.563736439,1,0.301793158,0,-0.693840027,0,-0.077210799,0
23.37588501,-4.792646885,1,-3.824260235,1,-8.962203979,1,-0.109431252,1,-0.888472676,1,0.585004449,1,0.300460696,0,-0.697779059,0,-0.075656727,0
23.37988281,-4.767045021,1,-3.199310303,1,-9.031111717,1,-0.119935185,1,-0.95775497,1,0.615375578,1,0.298975766,0,-0.702022672,0,-0.074077539,0
23.38388252,-4.908303261,1,-2.733491182,1,-9.144659996,1,-0.106146343,1,-1.026130676,1,0.630205035,1,0.297481328,0,-0.706548154,0,-0.072483398,0
23.38788414,-5.254748344,1,-2.669856548,1,-9.185362816,1,-0.098162703,1,-1.105393648,1,0.652673006,1,0.296032667,0,-0.711373985,0,-0.070882492,0
23.39188194,-5.395951748,1,-3.383552551,1,-9.298505783,1,-0.136501089,1,-1.184669495,1,0.661198914,1,0.294564486,0,-0.716525733,0,-0.069332875,0
23.39588165,-4.947265148,1,-3.308185101,1,-9.185750961,1,-0.215148449,1,-1.266213536,1,0.663619101,1,0.292891204,0,-0.721980572,0,-0.067857906,0
23.39988327,-4.830111504,1,-2.500000238,1,-9.450043678,1,-0.216416478,1,-1.382418633,1,0.668131232,1,0.291089296,0,-0.727822721,0,-0.066484302,0
23.40388107,-5.077301979,1,-2.117707968,1,-9.519026756,1,-0.187390909,1,-1.469801068,1,0.693343937,1,0.289406449,0,-0.734061956,0,-0.065182544,0
23.40788078,-4.985069275,1,-2.516468525,1,-9.493131638,1,-0.149361521,1,-1.560158849,1,0.707722723,1,0.28785193,0,-0.740676045,0,-0.063890226,0
23.4118824,-5.279418945,1,-3.504935503,1,-9.690620422,1,-0.162866741,1,-1.642526388,1,0.732039094,1,0.286386132,0,-0.747637987,0,-0.062617853,0
23.4158802,-4.79350853,1,-3.469339609,1,-9.554807663,1,-0.219036818,1,-1.740034938,1,0.767426193,1,0.284717977,0,-0.754957616,0,-0.061289456,0
23.41987991,-5.352011204,1,-3.424333811,1,-10.12334347,1,-0.261529237,1,-1.848126411,1,0.816536784,1,0.282779992,0,-0.762737393,0,-0.05987002,0
23.42388153,-4.881355762,1,-2.645513773,1,-9.740488052,1,-0.260492891,1,-1.934416056,1,0.852371752,1,0.280661494,0,-0.770903111,0,-0.058352072,0
23.42787933,-4.40459013,1,-2.825846672,1,-9.766917229,1,-0.234265611,1,-2.090497017,1,0.896099627,1,0.278549314,0,-0.779611766,0,-0.056733351,0
23.43187904,-5.276682377,1,-3.050743103,1,-9.992432594,1,-0.219104975,1,-2.211717129,1,0.945298672,1,0.276480377,0,-0.788900256,0,-0.055068437,0
23.43587875,-4.961170197,1,-3.625118971,1,-9.987478256,1,-0.246087879,1,-2.341148138,1,1.00113833,1,0.274249315,0,-0.7987082,0,-0.053245895,0
23.43987656,-4.395002842,1,-3.567478418,1,-10.33532619,1,-0.272988945,1,-2.514012337,1,1.059986472,1,0.271801293,0,-0.809164524,0,-0.051290795,0
23.44387817,-4.370988846,1,-3.440436363,1,-11.00153637,1,-0.299809396,1,-2.699467659,1,1.119387388,1,0.269151658,0,-0.820374012,0,-0.049227327,0
23.44787979,-4.247209549,1,-3.657371521,1,-11.26886082,1,-0.306211293,1,-2.894821882,1,1.194357276,1,0.265966296,0,-0.830895841,0,-0.05548086,0
23.45187759,-4.516720772,1,-4.377267361,1,-11.71953106,1,-0.337233067,1,-3.102563381,1,1.28036952,1,0.262865484,0,-0.843772769,0,-0.053040583,0
23.4558773,-4.412887573,1,-5.20940733,1,-11.43495846,1,-0.372654647,1,-3.325912476,1,1.406549215,1,0.259333283,0,-0.857577682,0,-0.050220586,0
23.45987892,-4.060265064,1,-6.035504818,1,-11.39951515,1,-0.404306114,1,-3.574641705,1,1.519720316,1,0.255235344,0,-0.872410715,0,-0.046902988,0
23.46387672,-3.462606668,1,-5.767546177,1,-11.68561268,1,-0.402666658,1,-3.856487036,1,1.685930133,1,0.250626475,0,-0.888395488,0,-0.043025479,0
23.46787643,-4.21479845,1,-6.663454056,1,-12.39988613,1,-0.394748509,1,-4.137844086,1,1.874118686,1,0.245339841,0,-0.90568161,0,-0.038283143,0
23.47188377,-3.288142681,1,-6.768215179,1,-12.08540344,1,-0.382344007,1,-4.411057472,1,2.043736219,1,0.239221156,0,-0.92411691,0,-0.032533083,0
23.4758873,-3.19254303,1,-7.128149509,1,-12.74360466,1,-0.381790102,1,-4.758594513,1,2.245187044,1,0.23219429,0,-0.943953097,0,-0.025703201,0
23.47988701,-4.344468117,1,-7.945905209,1,-13.11928463,1,-0.396402419,1,-5.061137676,1,2.446356058,1,0.224019974,0,-0.965215147,0,-0.017583044,0
23.48389053,-3.902988672,1,-9.919286728,1,-12.70830345,1,-0.485818297,1,-5.355138779,1,2.704690695,1,0.214113846,0,-0.98777318,0,-0.007734276,0
23.48788643,-3.47532773,1,-11.45067787,1,-12.67366505,1,-0.614825547,1,-5.674586773,1,2.997628212,1,0.201689616,0,-1.011702776,0,0.004433339,0
23.49188805,-4.938552856,1,-12.50178051,1,-12.89879036,1,-0.80504632,1,-5.926955223,1,3.333248377,1,0.185720757,0,-1.036939263,0,0.019775655,0
23.49588966,-4.149232864,1,-12.29403305,1,-12.52057076,1,-0.960654855,1,-6.208889961,1,3.640834332,1,0.165626124,0,-1.063266516,0,0.038859539,0
23.49988747,-5.332151413,1,-11.36775398,1,-12.64692879,1,-1.085252047,1,-6.4542799,1,3.887906551,1,0.140979677,0,-1.090605617,0,0.062143914,0
23.50388718,-9.036366463,1,-9.883295059,1,-13.91364861,1,-1.193927765,1,-6.665631771,1,4.097941399,1,0.111373492,0,-1.118724585,0,0.090172753,0
23.50788879,-13.509655,1,-7.452076435,1,-15.06787682,1,-1.137214661,1,-6.633626461,1,4.115035057,1,0.077088453,0,-1.146780372,0,0.122846268,0
23.5118866,-15.3717556,1,-4.180736065,1,-14.90631962,1,-0.938758254,1,-6.522095203,1,4.054683208,1,0.038932923,0,-1.173968434,0,0.159815744,0
23.51588631,-14.77654171,1,-5.62935257,1,-14.70403194,1,-0.876967549,1,-6.637161255,1,4.220585346,1,-0.004594182,0,-1.200615764,0,0.202878565,0
23.51988792,-17.73582268,1,-5.506024837,1,-14.87620449,1,-0.696795702,1,-6.510205746,1,4.252340794,1,-0.055363074,0,-1.226440907,0,0.25364247,0
23.52388573,-21.25513077,1,-7.139710426,1,-16.35912704,1,-0.424578905,1,-6.26311779,1,4.267325878,1,-0.113060258,0,-1.250548124,0,0.312274069,0
23.52788353,-22.11792564,1,-7.023992538,1,-15.99021149,1,-0.13979049,1,-5.895486832,1,4.337180138,1,-0.178379387,0,-1.272069931,0,0.379718751,0
23.53188515,-21.14364052,1,-9.714032173,1,-14.75860691,1,-0.056581642,1,-5.71501255,1,4.411031246,1,-0.252862364,0,-1.291015148,0,0.457024753,0
23.53588295,-23.55840111,1,-10.72295284,1,-15.99551296,1,-0.018497376,1,-5.440810204,1,4.444917202,1,-0.337251097,0,-1.307278156,0,0.544471204,0
23.53988457,-20.89015198,1,-12.02661324,1,-13.66604996,1,-0.087074429,1,-5.165317059,1,4.527095318,1,-0.430781096,0,-1.320166588,0,0.641003728,0
23.54388428,-20.58315659,1,-12.0221262,1,-13.40388107,1,-0.414731562,1,-5.01604414,1,4.678234577,1,-0.534551501,0,-1.329709768,0,0.74704349,0
23.54788208,-22.1089325,1,-9.827055931,1,-13.45097256,1,-0.739148378,1,-4.646297932,1,4.556098938,1,-0.644686341,0,-1.335529208,0,0.857937753,0
23.55188179,-17.42440796,1,-8.794669151,1,-10.82641506,1,-1.045941472,1,-4.234918594,1,4.471842289,1,-0.754021585,0,-1.337515593,0,0.966657519,0
23.55588341,-13.83749104,1,-7.064808369,1,-10.62918377,1,-1.345838904,1,-3.78299284,1,4.275197506,1,-0.858574867,0,-1.335925341,0,1.069190383,0
23.55988121,-9.664951324,1,-7.076072693,1,-8.665450096,1,-1.498300076,1,-3.293962479,1,3.881907463,1,-0.951945305,0,-1.331842184,0,1.159368634,0
23.56388092,-8.421333313,1,-6.618031025,1,-11.21869755,1,-1.596073151,1,-2.97165513,1,3.512099743,1,-1.033691525,0,-1.326251268,0,1.237148643,0
23.56788254,-9.07643795,1,-5.921602726,1,-12.7872839,1,-1.501860023,1,-2.650284767,1,3.053595543,1,-1.103691936,0,-1.320183992,0,1.302989006,0
23.57188034,-12.81010056,1,-4.119690418,1,-12.1176281,1,-1.377671003,1,-2.494196177,1,2.700184584,1,-1.164102554,0,-1.314089775,0,1.359413147,0
23.57588005,-21.83314323,1,-0.209136695,1,-13.35217381,1,-0.976056993,1,-2.307112217,1,2.456521988,1,-1.217089772,0,-1.308142066,0,1.409309864,0
23.57988167,-19.43089867,1,-3.816627979,1,-15.52237034,1,-0.616060078,1,-1.699845552,1,2.203069925,1,-1.259386182,0,-1.301908612,0,1.449888229,0
23.58387947,-8.931071281,1,-7.937525749,1,-12.69098663,1,-0.403162509,1,-1.158480048,1,1.769335389,1,-1.289167881,0,-1.295960307,0,1.478727579,0
23.58787918,-2.280683041,1,-8.991337776,1,-9.372864723,1,-0.280439764,1,-0.937551916,1,1.420176387,1,-1.310373902,0,-1.2909621,0,1.49935925,0
23.59188652,-2.171813726,1,-7.935904503,1,-8.936441422,1,-0.23577325,1,-0.920822024,1,1.243381619,1,-1.32829833,0,-1.286759377,0,1.516983986,0
23.59589005,-5.609791279,1,-7.258454323,1,-9.875505447,1,-0.267369568,1,-0.824095368,1,1.136608124,1,-1.344754696,0,-1.282937169,0,1.533075333,0
23.59988976,-5.949208736,1,-6.918128014,1,-10.20336533,1,-0.230152592,1,-0.592380583,1,0.963519514,1,-1.358142138,0,-1.279438615,0,1.545979023,0
23.60389137,-4.295762539,1,-6.263723373,1,-9.321771622,1,-0.107102394,1,-0.363826632,1,0.741903186,1,-1.367372513,0,-1.276486635,0,1.554892182,0
23.60788918,-3.053257227,1,-5.670120716,1,-8.503821373,1,0.02716925,1,-0.161335289,1,0.547259331,1,-1.372601271,0,-1.27418077,0,1.560197473,0
23.61188889,-2.284909725,1,-5.512908936,1,-8.028550148,1,0.12449494,1,0.050940324,1,0.393164307,1,-1.374201179,0,-1.272380948,0,1.562202811,0
23.6158886,-1.421158075,1,-5.64221096,1,-7.674466133,1,0.20790121,1,0.258801222,1,0.229470998,1,-1.372365475,0,-1.271038294,0,1.560991764,0
23.61988831,-0.49285531,1,-5.823095798,1,-7.244285107,1,0.275205135,1,0.451780885,1,0.080869369,1,-1.367309213,0,-1.270142436,0,1.556709766,0
23.62388802,0.451854676,1,-5.779317379,1,-6.742416859,1,0.327871829,1,0.61753124,1,-0.058204986,1,-1.359339833,0,-1.269660234,0,1.549639583,0
23.62789154,1.267885447,1,-5.629436016,1,-6.368153095,1,0.358970076,1,0.755520761,1,-0.163338453,1,-1.348961353,0,-1.269509912,0,1.54022634,0
23.63188744,2.193819046,1,-5.360404491,1,-5.855256557,1,0.370047182,1,0.891995311,1,-0.263076901,1,-1.336498976,0,-1.269589067,0,1.528715014,0
23.63588905,2.941236973,1,-4.979088783,1,-5.571258545,1,0.3872374,1,1.008505464,1,-0.342890739,1,-1.322146654,0,-1.26985836,0,1.515276551,0
23.63989067,3.436732769,1,-4.521618366,1,-5.375682831,1,0.422141492,1,1.117655873,1,-0.428661525,1,-1.305986881,0,-1.27026391,0,1.500049829,0
23.64388847,3.714470863,1,-4.06392622,1,-5.35804987,1,0.471454322,1,1.218399286,1,-0.505325735,1,-1.288040161,0,-1.270801902,0,1.483125925,0
23.64788818,3.855119467,1,-3.635365486,1,-5.385155678,1,0.533454895,1,1.315796018,1,-0.577066004,1,-1.268289566,0,-1.27142334,0,1.464555264,0
23.6518898,3.951754808,1,-3.311849594,1,-5.34844017,1,0.60998404,1,1.413874865,1,-0.645334542,1,-1.24671948,0,-1.272062421,0,1.444368005,0
23.6558876,3.963372946,1,-3.138631105,1,-5.302250862,1,0.681874633,1,1.512337565,1,-0.700640976,1,-1.223276377,0,-1.272679687,0,1.422536492,0
23.65988541,3.890944242,1,-3.144584179,1,-5.244522095,1,0.756987453,1,1.607030034,1,-0.757647991,1,-1.198011041,0,-1.273210287,0,1.399125934,0
23.66388702,3.746531487,1,-3.217091799,1,-5.282353401,1,0.810600102,1,1.698154449,1,-0.809681058,1,-1.171016455,0,-1.273623943,0,1.374178529,0
23.66788483,3.494395018,1,-3.222294569,1,-5.338015556,1,0.859691024,1,1.793860078,1,-0.851050913,1,-1.142402411,0,-1.273854494,0,1.347753525,0
23.67188454,3.152603388,1,-3.262633085,1,-5.453687668,1,0.892586052,1,1.895893574,1,-0.898487866,1,-1.112188339,0,-1.273854494,0,1.319826007,0
23.67588615,2.74496007,1,-3.21356225,1,-5.524108887,1,0.917508662,1,2.000870466,1,-0.941185296,1,-1.080422282,0,-1.273560524,0,1.290401697,0
23.67988396,2.406189919,1,-3.116294384,1,-5.654488564,1,0.952261448,1,2.117503881,1,-0.983518422,1,-1.047114253,0,-1.272930622,0,1.259477139,0
23.68388367,2.100144148,1,-3.057795763,1,-5.892512798,1,0.979769289,1,2.23542428,1,-1.02462697,1,-1.01225543,0,-1.271893024,0,1.227039099,0
23.68788528,1.745976567,1,-3.002590656,1,-6.125174522,1,1.010393739,1,2.359325409,1,-1.06146419,1,-0.975973248,0,-1.270379782,0,1.193237543,0
23.69188309,1.353700638,1,-2.922650337,1,-6.271493912,1,1.041817904,1,2.48513484,1,-1.094736934,1,-0.938388467,0,-1.268327117,0,1.158181071,0
23.6958828,1.020538211,1,-2.707453489,1,-6.458523273,1,1.08302474,1,2.605127573,1,-1.133475661,1,-0.895388246,0,-1.264477491,0,1.112435222,0
23.69988442,0.566360772,1,-2.662363291,1,-6.582741261,1,1.128089309,1,2.724549532,1,-1.163397431,1,-0.856000185,0,-1.261181474,0,1.075739861,0
23.70388222,0.040249694,1,-2.543956041,1,-6.769157887,1,1.175390124,1,2.851155281,1,-1.196606278,1,-0.815864742,0,-1.257201433,0,1.038419843,0
23.70788193,-0.472576201,1,-2.501480103,1,-6.947348595,1,1.223124385,1,2.99189496,1,-1.226427794,1,-0.775155365,0,-1.252488017,0,1.000638485,0
23.71188927,-0.947527587,1,-2.573433638,1,-7.072906494,1,1.279921293,1,3.11990881,1,-1.268907666,1,-0.734042406,0,-1.247014165,0,0.962585509,0
23.71589279,-1.405287266,1,-2.603424072,1,-7.195169926,1,1.325934887,1,3.254096985,1,-1.306257844,1,-0.692747951,0,-1.240741253,0,0.924481273,0
23.7198925,-1.825390935,1,-2.756122828,1,-7.374757767,1,1.37146616,1,3.387355804,1,-1.342463732,1,-0.651523352,0,-1.233650446,0,0.886561275,0
23.72389412,-2.270689726,1,-2.842035294,1,-7.55671978,1,1.413506866,1,3.5268116,1,-1.381761909,1,-0.610572219,0,-1.225709081,0,0.849017382,0
23.72789192,-2.681003571,1,-2.875495911,1,-7.707337379,1,1.452429891,1,3.655407429,1,-1.435194016,1,-0.57004565,0,-1.216914415,0,0.811984241,0
23.73189163,-3.030564547,1,-2.899318933,1,-7.837720871,1,1.493175626,1,3.782517195,1,-1.490336418,1,-0.530120969,0,-1.207293987,0,0.775637567,0
23.73589134,-3.388988018,1,-2.801604509,1,-7.968567848,1,1.542290807,1,3.909771681,1,-1.540567756,1,-0.490916282,0,-1.196828842,0,0.740118146,0
23.73988915,-3.765522718,1,-2.78489995,1,-8.085031509,1,1.59717536,1,4.037140846,1,-1.612757921,1,-0.452445328,0,-1.185533404,0,0.705461919,0
23.74388886,-4.131148338,1,-2.727659941,1,-8.176149368,1,1.660960793,1,4.150643826,1,-1.682134628,1,-0.414786309,0,-1.173444271,0,0.671774268,0
23.74789047,-4.396344662,1,-2.646179438,1,-8.292927742,1,1.726511359,1,4.272170544,1,-1.76333344,1,-0.377916157,0,-1.160548449,0,0.639045715,0
23.75188828,-4.609298229,1,-2.512796164,1,-8.314297676,1,1.795793533,1,4.392635345,1,-1.851446271,1,-0.341823578,0,-1.146876097,0,0.60727787,0
23.75588799,-4.694280148,1,-2.470479727,1,-8.437017441,1,1.879945517,1,4.491942406,1,-1.942877769,1,-0.30655846,0,-1.132439256,0,0.576551199,0
23.7598896,-4.587137699,1,-2.353196144,1,-8.430692673,1,1.953868985,1,4.583000183,1,-2.029349089,1,-0.272118807,0,-1.117303014,0,0.546879113,0
23.76388741,-4.50401926,1,-2.391848087,1,-8.393096924,1,2.024882793,1,4.65532589,1,-2.114084005,1,-0.238636076,0,-1.101511598,0,0.518378377,0
23.76788712,-4.473884583,1,-2.278750896,1,-8.373350143,1,2.098800659,1,4.715578556,1,-2.189226389,1,-0.206164166,0,-1.085122824,0,0.491115987,0
23.77188873,-4.462183475,1,-2.071897507,1,-8.370835304,1,2.181816816,1,4.755835533,1,-2.255413532,1,-0.174735248,0,-1.068199158,0,0.465145886,0
23.77588654,-4.403697014,1,-2.014812469,1,-8.362677574,1,2.255451918,1,4.785098076,1,-2.311820984,1,-0.144391149,0,-1.050813556,0,0.440522552,0
23.77988625,-4.366158962,1,-1.964570642,1,-8.388237953,1,2.347612143,1,4.801727295,1,-2.344723225,1,-0.115134165,0,-1.033008933,0,0.417294234,0
23.78388977,-4.383075237,1,-1.920383096,1,-8.427678108,1,2.431972027,1,4.80534029,1,-2.374046326,1,-0.086961761,0,-1.014837027,0,0.3955037,0
23.78788567,-4.582043648,1,-1.874097228,1,-8.578116417,1,2.529100657,1,4.803274632,1,-2.383467913,1,-0.059846375,0,-0.996361434,0,0.375147939,0
23.79188728,-4.749964237,1,-1.864046812,1,-8.688288689,1,2.616291761,1,4.804543972,1,-2.390197277,1,-0.033766206,0,-0.977617979,0,0.356205016,0
23.7958889,-5.020420074,1,-1.903476357,1,-8.841588974,1,2.697673082,1,4.796366692,1,-2.383794546,1,-0.008669206,0,-0.958621979,0,0.338644028,0
23.7998867,-5.265180588,1,-1.934686899,1,-9.059511185,1,2.785513878,1,4.799426556,1,-2.359455824,1,0.015447545,0,-0.939404964,0,0.322469234,0
23.80388641,-5.606971741,1,-2.005905151,1,-9.31142807,1,2.871510267,1,4.796882629,1,-2.338070154,1,0.038664788,0,-0.919966936,0,0.307619125,0
23.80788803,-5.909625053,1,-2.157659054,1,-9.609711647,1,2.959267855,1,4.803772926,1,-2.307249546,1,0.061045673,0,-0.900325477,0,0.294052541,0
23.81188583,-6.316068172,1,-2.284348249,1,-9.923178673,1,3.037051439,1,4.809555054,1,-2.28175211,1,0.082642406,0,-0.880488396,0,0.281692326,0
23.81588554,-6.687222958,1,-2.413986921,1,-10.239254,1,3.09909606,1,4.821998596,1,-2.253244877,1,0.103513509,0,-0.86046344,0,0.270454347,0
23.81988716,-6.921835423,1,-2.455909967,1,-10.61892891,1,3.162726164,1,4.823797226,1,-2.231954575,1,0.123703465,0,-0.84027791,0,0.26026082,0
23.82388496,-7.312086105,1,-2.414902687,1,-11.05805779,1,3.225421429,1,4.832691193,1,-2.225383759,1,0.143345565,0,-0.819944978,0,0.250972688,0
23.82788277,-7.541955471,1,-2.337163448,1,-11.54250526,1,3.290279865,1,4.846286297,1,-2.231704473,1,0.162525624,0,-0.799455047,0,0.242472872,0
23.83189011,-7.94925499,1,-2.306955814,1,-11.94286251,1,3.367613792,1,4.852466106,1,-2.241825581,1,0.181375369,0,-0.778823256,0,0.234671831,0
23.83589363,-8.282516479,1,-2.27029109,1,-12.39210606,1,3.455679893,1,4.862019062,1,-2.269229412,1,0.200020209,0,-0.758036017,0,0.227472261,0
23.83989334,-8.762763977,1,-2.247254133,1,-12.80642796,1,3.554710388,1,4.872095108,1,-2.309230566,1,0.21859324,0,-0.73708427,0,0.220784917,0
23.84389496,-9.166687965,1,-2.313267469,1,-13.30996704,1,3.638540268,1,4.863871098,1,-2.369557142,1,0.237171635,0,-0.715999365,0,0.214479268,0
23.84789276,-9.483838081,1,-2.303046703,1,-13.8319931,1,3.701883316,1,4.840308189,1,-2.446769714,1,0.255788416,0,-0.694830656,0,0.208436266,0
23.85189247,-9.852597237,1,-2.183727026,1,-14.40547466,1,3.756527424,1,4.794349194,1,-2.544676304,1,0.274459451,0,-0.673615932,0,0.202516064,0
23.85589409,-10.25442505,1,-1.912273645,1,-15.04111195,1,3.798133373,1,4.731547356,1,-2.657171011,1,0.293192863,0,-0.652404904,0,0.1966286,0
23.85989189,-10.85263062,1,-1.569792271,1,-15.61695671,1,3.847045898,1,4.661262989,1,-2.783951283,1,0.312065065,0,-0.631229818,0,0.190655038,0
23.8638916,-11.72759438,1,-1.102548122,1,-16.19756889,1,3.908773422,1,4.594158649,1,-2.923020124,1,0.331136316,0,-0.61006093,0,0.184540346,0
23.86789322,-12.79019165,1,-0.785175145,1,-16.75345421,1,3.965827703,1,4.52170372,1,-3.079375744,1,0.350449681,0,-0.588863671,0,0.178226516,0
23.87189102,-13.97701263,1,-0.617701411,1,-17.35256004,1,3.997530937,1,4.454344749,1,-3.246096134,1,0.369968355,0,-0.567605317,0,0.17165564,0
23.87589073,-15.44106102,1,-0.312138557,1,-17.7892704,1,3.998090982,1,4.37635994,1,-3.410988569,1,0.389594972,0,-0.546270967,0,0.164800599,0
23.87989235,-16.91498566,1,0.481942892,1,-18.22407913,1,3.977475405,1,4.295079231,1,-3.570640802,1,0.409179688,0,-0.524866939,0,0.157683313,0
23.88389015,-18.29182816,1,2.11574316,1,-18.58206367,1,3.943729877,1,4.181058407,1,-3.716899157,1,0.428642094,0,-0.503448069,0,0.1503077,0
23.88788986,-19.91479874,1,4.690414906,1,-18.83573151,1,3.95147872,1,4.056566715,1,-3.83897686,1,0.448013395,0,-0.482110441,0,0.142706171,0
23.89189148,-22.08585548,1,6.659268379,1,-18.38739014,1,4.004241943,1,3.983781099,1,-3.929320335,1,0.467399687,0,-0.460830271,0,0.135024726,0
23.89588928,-24.00305557,1,8.407512665,1,-16.92777443,1,4.12805891,1,3.947352886,1,-3.948991299,1,0.486908168,0,-0.439504862,0,0.127548218,0
23.89988899,-26.35582352,1,7.85490942,1,-15.26728153,1,4.202457428,1,3.968127012,1,-3.890068769,1,0.506466866,0,-0.418119282,0,0.120651647,0
23.90389061,-28.8731041,1,4.854633331,1,-14.65498447,1,4.064970493,1,4.096844196,1,-3.843764782,1,0.525453568,0,-0.396529794,0,0.11468628,0
23.90788841,-28.88868332,1,4.754489899,1,-10.38896084,1,3.810394287,1,4.14218235,1,-3.524653435,1,0.543034792,0,-0.374732852,0,0.110046245,0
23.91188812,-30.87030411,1,1.772414684,1,-8.324754715,1,3.373626709,1,4.023893833,1,-3.199737787,1,0.558509171,0,-0.35378027,0,0.10692405,0
23.91588974,-30.65377617,1,2.091091871,1,-6.553184509,1,2.855870008,1,3.933188438,1,-2.816887617,1,0.571577787,0,-0.333880872,0,0.10518714,0
23.91988754,-29.52134895,1,4.6241045,1,-4.547781944,1,2.31628418,1,3.738671541,1,-2.462622643,1,0.582058311,0,-0.315239906,0,0.104705453,0
23.92388725,-28.41812515,1,8.737689018,1,-2.527671337,1,1.943050623,1,3.428760529,1,-2.116662264,1,0.5904302,0,-0.298206419,0,0.105035886,0
23.92789078,-27.67858505,1,12.91518688,1,-0.750027895,1,1.769364357,1,3.033027172,1,-1.771915436,1,0.597561598,0,-0.283135235,0,0.105859533,0
23.93188667,-27.58493233,1,16.66279411,1,0.634803176,1,1.792402387,1,2.611929417,1,-1.438014627,1,0.604338646,0,-0.270192444,0,0.106991239,0
23.93588448,-27.80874634,1,19.89738083,1,1.857442975,1,1.971378684,1,2.166608334,1,-1.097912312,1,0.611481905,0,-0.259450287,0,0.108321235,0
23.939888,-28.15966797,1,22.06253815,1,2.789879799,1,2.247049093,1,1.722064376,1,-0.763549089,1,0.619526982,0,-0.250950575,0,0.109814815,0
23.9438839,-28.44967842,1,22.91710854,1,3.076221704,1,2.534847498,1,1.295189977,1,-0.436681062,1,0.628712416,0,-0.244656816,0,0.111442342,0
23.94788361,-28.20931625,1,22.61804199,1,3.116548777,1,2.725149155,1,0.897166908,1,-0.143975422,1,0.633113384,0,-0.235813051,0,0.10077367,0
23.95188713,-27.64126778,1,20.99715614,1,2.966926813,1,2.732984066,1,0.532060742,1,0.113403693,1,0.643700421,0,-0.233491093,0,0.102470741,0
23.95589066,-27.46065903,1,18.24976158,1,2.701110363,1,2.511220455,1,0.201733157,1,0.359492779,1,0.653875053,0,-0.232909933,0,0.104149021,0
23.95989037,-27.67827415,1,15.27688313,1,2.082783699,1,2.057489395,1,-0.068356693,1,0.587241232,1,0.662676334,0,-0.233872369,0,0.10584493,0
23.96389198,-27.94469452,1,12.72792435,1,1.179680109,1,1.430805683,1,-0.28274259,1,0.804610789,1,0.669270635,0,-0.236159429,0,0.107645035,0
23.96788979,-28.21556664,1,11.0874052,1,0.478049517,1,0.71653378,1,-0.433550149,1,0.980012953,1,0.673115849,0,-0.239510432,0,0.109590441,0
23.9718895,-27.77449036,1,10.18325615,1,-0.091723949,1,-0.009361483,1,-0.570907772,1,1.164785743,1,0.673999071,0,-0.243763447,0,0.111766897,0
23.97589111,-27.48917007,1,9.795933723,1,-0.886521041,1,-0.662188888,1,-0.678292215,1,1.329749823,1,0.672041893,0,-0.248841792,0,0.114184543,0
23.97988892,-24.84412956,1,7.579892159,1,-3.643477201,1,-1.249666691,1,-0.817490399,1,1.49121356,1,0.667595625,0,-0.254646003,0,0.116842374,0
23.98388863,-5.580231667,1,0.727767229,1,-9.391763687,1,-2.092553616,1,-1.151159048,1,1.97326386,1,0.659848094,0,-0.261926889,0,0.119845845,0
23.98789024,-10.67835712,1,8.083171844,1,-12.45512295,1,-1.846402407,1,-1.479690671,1,2.548532724,1,0.650913715,0,-0.271794587,0,0.124093138,0
23.99188805,-9.470946312,1,-4.119540215,1,-16.00925064,1,-1.891611457,1,-0.990114987,1,2.314162254,1,0.64212203,0,-0.281855702,0,0.128985003,0
23.99588776,4.511386395,1,-20.11714172,1,-16.11709595,1,-1.633564711,1,-0.225127876,1,2.212324858,1,0.633287311,0,-0.288987011,0,0.135036275,0
23.99988937,7.784404755,1,-33.52419281,1,-15.28042603,1,-1.93421185,1,-0.074450396,1,2.516869307,1,0.624225974,0,-0.295023918,0,0.142671436,0
24.00388718,10.28213501,1,-39.94174576,1,-13.23287487,1,-2.615697622,1,0.239636332,1,2.819136858,1,0.612341821,0,-0.300940424,0,0.151902094,0
24.00788689,16.53915215,1,-43.18992233,1,-8.642321587,1,-3.720463753,1,0.027176622,1,3.131182909,1,0.596672535,0,-0.307128519,0,0.162585303,0
24.0118885,19.13150215,1,-35.80358124,1,-2.778530598,1,-4.561916828,1,-0.65365082,1,3.365202188,1,0.576545894,0,-0.315303594,0,0.173261866,0
24.01588631,15.34888554,1,-28.83929634,1,0.569192052,1,-5.256921291,1,-1.554619908,1,3.421598196,1,0.553918183,0,-0.326337546,0,0.183016941,0
24.01988602,12.64392471,1,-16.55134964,1,2.283255816,1,-5.525522232,1,-2.289095879,1,3.42614913,1,0.52948761,0,-0.340075493,0,0.191110879,0
24.02388763,8.792093277,1,-11.28396034,1,-1.198094249,1,-5.856912613,1,-3.317271233,1,3.349591017,1,0.504421115,0,-0.356488287,0,0.197821826,0
24.02788544,1.969162703,1,-4.222503662,1,-3.640650511,1,-5.915679455,1,-4.007274151,1,3.290876627,1,0.479059249,0,-0.375737071,0,0.203066409,0
24.03188515,-8.244359016,1,5.779754639,1,-9.022200584,1,-5.326264858,1,-4.374735832,1,2.686532736,1,0.45523417,0,-0.396310985,0,0.206443861,0
24.03588677,-17.8672123,1,9.290860176,1,-12.45743465,1,-4.971196175,1,-4.255977154,1,1.861949205,1,0.434390724,0,-0.415860176,0,0.207211614,0
24.03988457,-21.35282135,1,15.29090881,1,-15.47727585,1,-4.630811691,1,-3.903758764,1,1.40506506,1,0.41569382,0,-0.433394194,0,0.206232026,0
24.04388428,-21.68270111,1,19.13137817,1,-16.37586021,1,-4.18556118,1,-3.445137262,1,1.281357408,1,0.398472846,0,-0.449002296,0,0.205187529,0
24.0478859,-19.34544182,1,22.65520287,1,-17.40323639,1,-3.533739328,1,-3.208792686,1,1.311113477,1,0.383101672,0,-0.463230461,0,0.204856902,0
24.0518837,-19.11110687,1,22.36979485,1,-18.51010323,1,-2.8456707,1,-3.049564123,1,1.477137923,1,0.370153815,0,-0.476899147,0,0.205506429,0
24.05588341,-19.4845314,1,16.96981239,1,-20.25654602,1,-2.372251987,1,-2.702764988,1,1.542322636,1,0.35891977,0,-0.489929616,0,0.207229435,0
24.05988503,-17.28348732,1,10.52841568,1,-19.00712776,1,-1.951119542,1,-2.215721846,1,1.516997576,1,0.349022537,0,-0.501214206,0,0.209936678,0
24.06388283,-17.86433601,1,3.252307653,1,-17.3723011,1,-1.692368865,1,-1.891310811,1,1.33970809,1,0.340297818,0,-0.51091814,0,0.212920457,0
24.06788254,-18.09604836,1,-1.711279035,1,-13.76747704,1,-1.551690936,1,-1.360840917,1,1.086657286,1,0.332392663,0,-0.518631756,0,0.215755701,0
24.07188416,-15.06090546,1,-1.604458809,1,-11.82059669,1,-1.354234695,1,-1.139457583,1,0.845035136,1,0.325416207,0,-0.524613082,0,0.218132406,0
24.07588959,-12.47432613,1,-2.228009224,1,-11.28153992,1,-1.164586663,1,-0.866034925,1,0.559003174,1,0.319605231,0,-0.529274464,0,0.219677746,0
24.0798893,-8.364650726,1,-2.087033749,1,-10.32666302,1,-1.114565372,1,-0.717934132,1,0.419837177,1,0.314549744,0,-0.532848954,0,0.220712587,0
24.08389092,-8.887919426,1,-0.237334356,1,-11.30441475,1,-1.010594726,1,-0.617614746,1,0.344409525,1,0.309940875,0,-0.53589046,0,0.221368954,0
24.08788872,-8.813893318,1,3.630162477,1,-11.1357708,1,-0.829935372,1,-0.492808223,1,0.381047547,1,0.305835962,0,-0.53842622,0,0.222198695,0
24.09188843,-9.225199699,1,3.090624571,1,-10.22441006,1,-0.667786896,1,-0.295004874,1,0.34877485,1,0.302332103,0,-0.540420115,0,0.223247707,0
24.09589005,-5.961969852,1,0.662287831,1,-8.863111496,1,-0.591036797,1,-0.228402659,1,0.357775629,1,0.299147189,0,-0.541721702,0,0.224494651,0
24.09988785,-8.060516357,1,-1.59348464,1,-8.912500381,1,-0.487964839,1,-0.217283398,1,0.298101127,1,0.296393722,0,-0.543013036,0,0.225651756,0
24.10388756,-7.62083292,1,-4.044581413,1,-8.129115105,1,-0.444632262,1,-0.133655205,1,0.201971769,1,0.294091165,0,-0.543982863,0,0.226516038,0
24.10788918,-6.786768913,1,-5.069180965,1,-7.702652454,1,-0.445114374,1,-0.101902984,1,0.168024659,1,0.29198885,0,-0.544676244,0,0.227170631,0
24.11188698,-5.642879486,1,-4.396888733,1,-8.224250793,1,-0.455812305,1,-0.06646619,1,0.182730243,1,0.289816409,0,-0.545149624,0,0.227821618,0
24.11588669,-4.974197388,1,-3.619972229,1,-8.598564148,1,-0.452618539,1,-0.083881326,1,0.228059188,1,0.287570059,0,-0.545669675,0,0.22864081,0
24.11988831,-5.336407661,1,-3.266954899,1,-8.662073135,1,-0.458389878,1,-0.072025903,1,0.264520735,1,0.285212278,0,-0.546250999,0,0.229650646,0
24.12388611,-5.470537186,1,-3.051213026,1,-8.454445839,1,-0.444494009,1,-0.064868189,1,0.276533991,1,0.28281635,0,-0.546802342,0,0.230788305,0
24.12788582,-5.448532581,1,-2.965948582,1,-8.565984726,1,-0.427466959,1,-0.05530842,1,0.257924885,1,0.280470431,0,-0.547324061,0,0.231916755,0
24.13188744,-5.218472004,1,-2.355009556,1,-8.801786423,1,-0.378119349,1,-0.06475278,1,0.23776263,1,0.27833268,0,-0.547827423,0,0.232937127,0
24.13588524,-5.035941124,1,-1.464200377,1,-9.12388134,1,-0.323619783,1,-0.067511536,1,0.241177425,1,0.276405215,0,-0.548357069,0,0.233927861,0
24.13988495,-4.933580399,1,-0.941421866,1,-9.210577011,1,-0.262421548,1,-0.082727872,1,0.238271862,1,0.274721563,0,-0.548895299,0,0.234905452,0
24.14388657,-4.656723976,1,-1.15407896,1,-8.996538162,1,-0.205427319,1,-0.089942269,1,0.228932053,1,0.27329132,0,-0.549472272,0,0.235857412,0
24.14788437,-4.529989243,1,-1.908008814,1,-9.034098625,1,-0.175358623,1,-0.104950465,1,0.209169641,1,0.272069752,0,-0.550083339,0,0.23672545,0
24.15188408,-4.558310986,1,-2.334823847,1,-8.969991684,1,-0.129286334,1,-0.153027266,1,0.191882983,1,0.271077156,0,-0.550796747,0,0.237463221,0
24.1558857,-4.862636089,1,-2.443659067,1,-8.80837822,1,-0.094262972,1,-0.174227521,1,0.191166192,1,0.27028653,0,-0.551633418,0,0.238128662,0
24.1598835,-5.060801983,1,-2.190217972,1,-8.652169228,1,-0.069798686,1,-0.183208808,1,0.182161883,1,0.269625932,0,-0.552516639,0,0.238768652,0
24.16388321,-5.05795908,1,-2.110304356,1,-8.545023918,1,-0.035611972,1,-0.191201076,1,0.167766511,1,0.269129217,0,-0.553438544,0,0.23932974,0
24.16788483,-5.093645573,1,-2.05546999,1,-8.521067619,1,-0.006202071,1,-0.208782166,1,0.144522175,1,0.268795133,0,-0.554380417,0,0.239790648,0
24.17188263,-4.949760914,1,-2.28263092,1,-8.539219856,1,0.015661919,1,-0.218681544,1,0.134925112,1,0.268622577,0,-0.555359244,0,0.240158826,0
24.17588234,-4.904829502,1,-2.525477886,1,-8.564872742,1,0.029144527,1,-0.226893365,1,0.122604221,1,0.268554419,0,-0.556357265,0,0.240464553,0
24.17988396,-4.980699062,1,-2.694982529,1,-8.420530319,1,0.028565744,1,-0.237554848,1,0.114162259,1,0.268532872,0,-0.557382226,0,0.240718335,0
24.18388176,-5.127267361,1,-2.831494093,1,-8.335763931,1,0.029685471,1,-0.239139482,1,0.111492924,1,0.268541247,0,-0.558416963,0,0.240938202,0
24.18787956,-5.13012886,1,-2.84132719,1,-8.315324783,1,0.030929048,1,-0.238025948,1,0.100438885,1,0.268560171,0,-0.559448183,0,0.241125882,0
24.19188118,-4.99429512,1,-2.9172647,1,-8.310225487,1,0.029856717,1,-0.240372941,1,0.090991028,1,0.268608928,0,-0.560475051,0,0.241260603,0
24.19588471,-4.939035892,1,-2.806651115,1,-8.469664574,1,0.024441512,1,-0.244455874,1,0.08535175,1,0.207799256,0,-0.702949464,0,0.007968683,0
24.19989014,-4.980011463,1,-2.570708275,1,-8.48102951,1,0.027636612,1,-0.257080078,1,0.079836354,1,0.207814664,0,-0.703997374,0,0.008117942,0
24.20389366,-4.943866253,1,-2.354104996,1,-8.538117409,1,0.037781723,1,-0.267022282,1,0.073945448,1,0.207880393,0,-0.705087245,0,0.008228133,0
24.20788956,-4.952766418,1,-2.032213926,1,-8.568691254,1,0.060742918,1,-0.278820843,1,0.058260992,1,0.208040059,0,-0.706204653,0,0.008268709,0
24.21188927,-4.893551826,1,-1.841701031,1,-8.49698925,1,0.091028474,1,-0.290204912,1,0.039523583,1,0.208378211,0,-0.707355559,0,0.008208344,0
24.21589279,-4.884340763,1,-1.649006009,1,-8.48897171,1,0.120799355,1,-0.306061745,1,0.019309994,1,0.208904147,0,-0.708543301,0,0.008042604,0
24.21989059,-4.896690369,1,-1.529877543,1,-8.462734222,1,0.16342549,1,-0.317230374,1,-0.003773327,1,0.209665671,0,-0.709765911,0,0.007745734,0
24.22389031,-4.893630028,1,-1.552262068,1,-8.41692543,1,0.198530152,1,-0.33016789,1,-0.021218058,1,0.210665345,0,-0.71101743,0,0.007323844,0
24.22789192,-4.800233364,1,-1.807707548,1,-8.357038498,1,0.235632136,1,-0.336510628,1,-0.033395499,1,0.211884573,0,-0.712296188,0,0.006793196,0
24.23188973,-4.869333744,1,-1.974948764,1,-8.253044128,1,0.259995282,1,-0.34242034,1,-0.050783087,1,0.213271007,0,-0.713591158,0,0.006184231,0
24.23588944,-4.855075359,1,-2.213882685,1,-8.196177483,1,0.280724734,1,-0.350929052,1,-0.058732741,1,0.214793116,0,-0.714906573,0,0.005505619,0
24.23989105,-4.904957294,1,-2.478051662,1,-8.049371719,1,0.299221903,1,-0.34899199,1,-0.058097422,1,0.216412425,0,-0.71622169,0,0.004805868,0
24.24388886,-4.869497776,1,-2.802279472,1,-7.988650799,1,0.307435572,1,-0.345585763,1,-0.0522318,1,0.218083411,0,-0.71752131,0,0.004117342,0
24.24788857,-4.89552927,1,-3.141097546,1,-7.95080471,1,0.306290507,1,-0.341195196,1,-0.038873877,1,0.219727457,0,-0.718820751,0,0.003489366,0
24.25189018,-4.891387463,1,-3.427175522,1,-7.854891777,1,0.293227106,1,-0.335321933,1,-0.013217144,1,0.221280888,0,-0.720119715,0,0.00295099,0
24.25588799,-4.815434456,1,-3.790184975,1,-7.74249506,1,0.264371067,1,-0.326552868,1,0.005151811,1,0.222669527,0,-0.721412003,0,0.002542297,0
24.2598877,-5.00393486,1,-3.947235107,1,-7.607903481,1,0.242725223,1,-0.316972077,1,0.028143916,1,0.223879606,0,-0.722681284,0,0.002247507,0
24.26388931,-4.962934494,1,-4.014062881,1,-7.604275227,1,0.21239692,1,-0.296696514,1,0.051515501,1,0.224898681,0,-0.72390902,0,0.00208987,0
24.26788712,-5.044616222,1,-3.936542034,1,-7.658528328,1,0.183534101,1,-0.286134362,1,0.071249589,1,0.22570768,0,-0.725103617,0,0.002062256,0
24.27188683,-5.042665482,1,-3.698615789,1,-7.595013142,1,0.161332801,1,-0.273975819,1,0.088891223,1,0.226342589,0,-0.726263046,0,0.002141987,0
24.27588654,-4.972661495,1,-3.606512547,1,-7.727984905,1,0.133183673,1,-0.26514706,1,0.099543929,1,0.226831004,0,-0.727403402,0,0.002306309,0
24.27988434,-4.97295475,1,-3.240637541,1,-7.774100304,1,0.119453415,1,-0.268422514,1,0.101222798,1,0.227187529,0,-0.728542089,0,0.002514701,0
24.28388596,-5.005768299,1,-2.975788832,1,-7.844163895,1,0.111138821,1,-0.258856237,1,0.105610102,1,0.227497801,0,-0.729659617,0,0.002732674,0
24.28788567,-5.005168438,1,-2.650986671,1,-7.890289307,1,0.117421709,1,-0.256863266,1,0.098993808,1,0.22779642,0,-0.730754852,0,0.002962234,0
24.29188538,-4.92545557,1,-2.435551882,1,-7.972742081,1,0.129336894,1,-0.252406836,1,0.094368115,1,0.228154689,0,-0.731838584,0,0.003163731,0
24.29588318,-4.889091015,1,-2.350227118,1,-8.022891998,1,0.148944303,1,-0.261539936,1,0.086409226,1,0.22860764,0,-0.732917786,0,0.003319541,0
24.2998848,-4.962629318,1,-2.337792873,1,-8.055046082,1,0.158909619,1,-0.261694878,1,0.083738282,1,0.229145303,0,-0.734005809,0,0.003439759,0
24.3038826,-4.866080284,1,-2.290676832,1,-8.067732811,1,0.18814756,1,-0.266333252,1,0.071567371,1,0.229799062,0,-0.735098124,0,0.003514633,0
24.30788231,-5.015321255,1,-2.354406118,1,-8.020044327,1,0.199386925,1,-0.274713129,1,0.068685174,1,0.230552897,0,-0.736214697,0,0.003547575,0
24.31188393,-5.025483131,1,-2.350032568,1,-8.008891106,1,0.220743328,1,-0.276900262,1,0.062070969,1,0.231387511,0,-0.737353742,0,0.003554937,0
24.31588745,-4.998560429,1,-2.367496252,1,-8.010825157,1,0.239317521,1,-0.285438806,1,0.055310421,1,0.232337743,0,-0.738494277,0,0.003514193,0
24.31988716,-4.942844868,1,-2.4968853,1,-7.957819462,1,0.245488778,1,-0.286151677,1,0.05078125,1,0.233366862,0,-0.739661098,0,0.003440036,0
24.32388878,-5.01787138,1,-2.463591814,1,-7.957676888,1,0.263106108,1,-0.293432027,1,0.046133783,1,0.234453753,0,-0.740830421,0,0.003337523,0
24.32788658,-5.063359737,1,-2.535366058,1,-7.938173294,1,0.276432663,1,-0.296066046,1,0.038045052,1,0.235626191,0,-0.742019057,0,0.003198149,0
24.33188629,-5.077338696,1,-2.579517126,1,-7.924517155,1,0.292269289,1,-0.299252152,1,0.038012575,1,0.236871839,0,-0.743218064,0,0.003021976,0
24.33588791,-5.059146881,1,-2.782214642,1,-7.816279888,1,0.299964488,1,-0.300816059,1,0.036166131,1,0.238179088,0,-0.744420648,0,0.00283691,0
24.33988571,-4.941420555,1,-2.900277615,1,-7.899010181,1,0.301095426,1,-0.304754168,1,0.036474004,1,0.239515364,0,-0.745640695,0,0.002638002,0
24.34388542,-4.907691956,1,-2.779845953,1,-7.897681236,1,0.291808337,1,-0.306303442,1,0.036428899,1,0.240843654,0,-0.746861756,0,0.002428853,0
24.34788704,-5.013624668,1,-2.624572992,1,-7.934742928,1,0.303621203,1,-0.322080076,1,0.030034892,1,0.242189512,0,-0.748118758,0,0.002199437,0
24.35188484,-4.988815784,1,-2.643549204,1,-7.937922478,1,0.315553814,1,-0.317339599,1,0.037631612,1,0.243603572,0,-0.749387801,0,0.001950091,0
24.35588455,-5.04536581,1,-2.694150209,1,-7.904568195,1,0.325477868,1,-0.329807609,1,0.033072919,1,0.245049968,0,-0.750673532,0,0.00170896,0
24.35988617,-5.008789539,1,-2.724484205,1,-7.980099678,1,0.336193055,1,-0.334317833,1,0.028510135,1,0.246567562,0,-0.751984894,0,0.00141992,0
24.36388397,-5.063266754,1,-2.651181698,1,-8.009645462,1,0.345521301,1,-0.34713316,1,0.024146758,1,0.248144194,0,-0.753331363,0,0.001104879,0
24.36788368,-5.046921253,1,-2.689511299,1,-7.995939255,1,0.357396305,1,-0.352468967,1,0.023995752,1,0.249779403,0,-0.754711747,0,0.000762968,0
24.3718853,-5.061535358,1,-2.902397633,1,-7.851384163,1,0.361470014,1,-0.367945135,1,0.030062087,1,0.251469493,0,-0.756136179,0,0.000402612,0
24.3758831,-5.077373981,1,-3.183623314,1,-7.798996925,1,0.363620341,1,-0.380640268,1,0.025319358,1,0.253180236,0,-0.757626593,0,3.15E-05,0
24.37988281,-5.082531929,1,-3.334261179,1,-7.896495819,1,0.358435333,1,-0.393000007,1,0.032173745,1,0.254888684,0,-0.759158432,0,-0.00034782,0
24.38388443,-5.074080944,1,-3.319941759,1,-7.820215702,1,0.350159436,1,-0.403006941,1,0.051854316,1,0.256529808,0,-0.760742486,0,-0.00068597,0
24.38788223,-5.102164268,1,-3.199331045,1,-7.85336256,1,0.357838333,1,-0.404568523,1,0.057104554,1,0.258140773,0,-0.762350142,0,-0.000965403,0
24.39188194,-5.10530901,1,-3.240586042,1,-7.854033947,1,0.35874331,1,-0.412596524,1,0.075214013,1,0.259715408,0,-0.764003515,0,-0.001182512,0
24.39588547,-5.020794868,1,-3.285531759,1,-7.781047344,1,0.35909301,1,-0.423834592,1,0.092476681,1,0.261257738,0,-0.765705824,0,-0.001329685,0
24.39988136,-5.06324482,1,-3.356313229,1,-7.730901718,1,0.353401184,1,-0.427154928,1,0.111327603,1,0.262731701,0,-0.767443895,0,-0.001391172,0
24.40388107,-5.138733864,1,-3.371147156,1,-7.732839584,1,0.342321545,1,-0.430703074,1,0.127208903,1,0.264102817,0,-0.769235849,0,-0.001368403,0
24.40788078,-5.218514442,1,-3.251002312,1,-7.712566853,1,0.345188588,1,-0.440727085,1,0.147483677,1,0.265401989,0,-0.771062195,0,-0.001263429,0
24.41187859,-5.207475185,1,-3.160274982,1,-7.796851635,1,0.345060498,1,-0.445840627,1,0.1618177,1,0.266645193,0,-0.772929132,0,-0.00107052,0
24.4158783,-5.154274464,1,-3.182197094,1,-7.843929768,1,0.344669938,1,-0.457847208,1,0.182332471,1,0.267855614,0,-0.774857402,0,-0.000819905,0
24.41988182,-5.012687206,1,-3.196903467,1,-7.984734535,1,0.348525167,1,-0.471707463,1,0.196527645,1,0.269003779,0,-0.776849389,0,-0.000478194,0
24.42387772,-5.06758976,1,-3.297482014,1,-8.372286797,1,0.336475372,1,-0.495984763,1,0.216377363,1,0.270095795,0,-0.778941035,0,-7.99E-05,0
24.42787933,-5.032910347,1,-3.595975876,1,-8.097289085,1,0.331323236,1,-0.532608867,1,0.241884038,1,0.271111816,0,-0.781166792,0,0.000385092,0
24.43188095,-5.241500854,1,-3.407775164,1,-7.794040203,1,0.328893721,1,-0.561927736,1,0.264105439,1,0.2720384,0,-0.783558965,0,0.00093427,0
24.43588448,-5.317830086,1,-3.712790728,1,-7.63655901,1,0.33889246,1,-0.571854115,1,0.296716005,1,0.272899985,0,-0.786040425,0,0.001608199,0
24.43988991,-5.217617989,1,-3.955142021,1,-7.723628521,1,0.329180896,1,-0.572387874,1,0.319188654,1,0.273671776,0,-0.78857708,0,0.002414136,0
24.44389153,-5.099832535,1,-3.664827824,1,-7.791653156,1,0.31419006,1,-0.584315002,1,0.335326403,1,0.301504701,0,-0.740842521,0,-0.096351318,0
24.44788933,-5.204166889,1,-3.414723396,1,-7.84468317,1,0.309572935,1,-0.598657966,1,0.360021681,1,0.301989377,0,-0.742225528,0,-0.095752083,0
24.45188904,-5.251161098,1,-3.298125029,1,-7.865232944,1,0.308843523,1,-0.619341612,1,0.368539065,1,0.302603543,0,-0.74499017,0,-0.094848566,0
24.45589066,-5.283069611,1,-3.844561815,1,-7.953794479,1,0.292017758,1,-0.640261769,1,0.375332594,1,0.303209066,0,-0.747839212,0,-0.093953557,0
24.45988846,-5.28643322,1,-4.073859215,1,-7.942597866,1,0.248587728,1,-0.680084944,1,0.38985306,1,0.303660572,0,-0.75081408,0,-0.093028322,0
24.46388817,-5.119725227,1,-4.189557552,1,-7.91453886,1,0.244466916,1,-0.713248968,1,0.40565297,1,0.304006934,0,-0.753945291,0,-0.0920972,0
24.46788979,-5.259669304,1,-3.838266134,1,-8.131339073,1,0.247278035,1,-0.73943311,1,0.439028233,1,0.304277509,0,-0.757216752,0,-0.091070101,0
24.47188759,-5.149899483,1,-3.855534077,1,-8.233359337,1,0.255985171,1,-0.774267316,1,0.458742559,1,0.304524541,0,-0.760639489,0,-0.089957118,0
24.4758873,-5.048686981,1,-3.994036674,1,-8.506029129,1,0.238883093,1,-0.820154905,1,0.485423446,1,0.304724336,0,-0.764247775,0,-0.08879181,0
24.47988892,-4.861955166,1,-4.37352562,1,-8.580358505,1,0.178634882,1,-0.891158164,1,0.511630177,1,0.304733902,0,-0.768117666,0,-0.087576702,0
24.48388672,-4.85656786,1,-3.908763885,1,-8.575943947,1,0.157695726,1,-0.962996781,1,0.535202563,1,0.304544628,0,-0.772272706,0,-0.086362049,0
24.48788643,-5.061285019,1,-3.623405457,1,-8.621524811,1,0.180088609,1,-1.015541434,1,0.562534392,1,0.304333925,0,-0.776710093,0,-0.085098304,0
24.49188805,-5.021679401,1,-3.830492973,1,-8.528104782,1,0.186834961,1,-1.068556666,1,0.595725179,1,0.304127574,0,-0.781379521,0,-0.083738402,0
24.49588585,-5.109101772,1,-4.229681492,1,-8.527674675,1,0.182113647,1,-1.132132173,1,0.617685497,1,0.303882539,0,-0.786303878,0,-0.082332268,0
24.49988365,-5.17756319,1,-4.379293442,1,-8.636318207,1,0.150011703,1,-1.201612473,1,0.639392853,1,0.30354768,0,-0.791504383,0,-0.080919765,0
24.50388527,-5.061444759,1,-3.98675251,1,-8.623903275,1,0.096736304,1,-1.279254556,1,0.673207045,1,0.302987516,0,-0.797020555,0,-0.079459444,0
24.50788307,-5.214910507,1,-3.563627005,1,-8.832658768,1,0.094582416,1,-1.351490855,1,0.694538414,1,0.30227986,0,-0.802865148,0,-0.077961423,0
24.51188278,-5.260228634,1,-3.378027201,1,-8.9395504,1,0.106184058,1,-1.422406554,1,0.713620424,1,0.301604778,0,-0.8090114,0,-0.076466978,0
24.5158844,-5.155853271,1,-3.573520899,1,-8.839528084,1,0.092116795,1,-1.506956458,1,0.74033916,1,0.300906956,0,-0.815465689,0,-0.074952237,0
24.5198822,-5.562131882,1,-3.911985874,1,-8.936225891,1,0.074606098,1,-1.609487295,1,0.771570802,1,0.30012387,0,-0.82231015,0,-0.073425002,0
24.52388191,-5.228710175,1,-3.543830633,1,-8.723624229,1,0.075651295,1,-1.70963347,1,0.79574728,1,0.299293816,0,-0.829575658,0,-0.071901351,0
24.52788353,-5.184442997,1,-3.466816425,1,-9.085102081,1,0.087383002,1,-1.80011785,1,0.82579869,1,0.298487246,0,-0.837243736,0,-0.070367344,0
24.53188133,-5.092503548,1,-3.328469515,1,-9.356377602,1,0.092106789,1,-1.892041683,1,0.860337675,1,0.297665477,0,-0.845293581,0,-0.068777405,0
24.53588104,-4.66163063,1,-3.400462151,1,-9.300629616,1,0.095213413,1,-2.014052629,1,0.891723216,1,0.296827853,0,-0.853785276,0,-0.067160524,0
24.53988266,-5.172307014,1,-3.887050867,1,-9.755869865,1,0.0702492,1,-2.132511377,1,0.930816174,1,0.295950949,0,-0.862787485,0,-0.065549836,0
24.54388046,-5.438385487,1,-3.957434893,1,-9.706764221,1,0.014214857,1,-2.251521111,1,0.992016613,1,0.294807911,0,-0.872270823,0,-0.063828744,0
24.54788017,-4.396846771,1,-3.367228746,1,-9.484719276,1,0.009720286,1,-2.423116207,1,1.031707883,1,0.29341349,0,-0.88238281,0,-0.061984647,0
24.5518837,-4.7437253,1,-3.260322332,1,-10.12204552,1,0.064021952,1,-2.604444265,1,1.065195918,1,0.292189717,0,-0.893219054,0,-0.060226161,0
24.55588722,-4.529557705,1,-3.303631783,1,-10.39940834,1,0.118964911,1,-2.766341686,1,1.125262976,1,0.291174591,0,-0.904769897,0,-0.058443796,0
24.55988693,-4.459588051,1,-4.039903164,1,-10.73594856,1,0.122854695,1,-2.968537331,1,1.19312048,1,0.290165544,0,-0.917078793,0,-0.056544926,0
24.56388855,-4.65061903,1,-5.126804352,1,-11.12054634,1,0.073679261,1,-3.178603172,1,1.277206421,1,0.288966745,0,-0.930266798,0,-0.05453302,0
24.56788635,-4.405744553,1,-5.54436779,1,-11.13903522,1,0.013385486,1,-3.385054111,1,1.377141833,1,0.287279963,0,-0.944352925,0,-0.052235149,0
24.57188606,-3.716576815,1,-5.63986969,1,-11.1090641,1,-0.010799272,1,-3.645804405,1,1.488230944,1,0.285126179,0,-0.959440112,0,-0.049591489,0
24.57588768,-4.399391174,1,-5.853581429,1,-11.8238554,1,0.008209786,1,-3.914535522,1,1.622618794,1,0.282588243,0,-0.975704312,0,-0.046519622,0
24.57988548,-4.39652586,1,-6.49435997,1,-11.72629929,1,0.02738566,1,-4.157365799,1,1.770632267,1,0.279608488,0,-0.993082047,0,-0.042838275,0
24.58388519,-3.57484746,1,-7.409101486,1,-11.8206892,1,-0.014746783,1,-4.459178925,1,1.939484,1,0.275810122,0,-1.01168263,0,-0.038318582,0
24.58788681,-4.167133331,1,-7.551436901,1,-12.79376888,1,-0.025477516,1,-4.776566505,1,2.084139109,1,0.27122876,0,-1.031651497,0,-0.033041194,0
24.59188461,-4.512434006,1,-7.226192474,1,-12.55110073,1,-0.039273635,1,-5.082737923,1,2.269783258,1,0.265698731,0,-1.052961707,0,-0.026774418,0
24.59588242,-4.272912502,1,-8.768958092,1,-12.38019371,1,-0.078923963,1,-5.38754034,1,2.456877232,1,0.258758336,0,-1.075640321,0,-0.019117754,0
24.59988403,-4.179463863,1,-8.912054062,1,-12.04968548,1,-0.093832508,1,-5.744916439,1,2.661837578,1,0.250246465,0,-1.099767566,0,-0.009890752,0
24.60388184,-4.214807987,1,-9.457629204,1,-11.67516232,1,-0.102378868,1,-6.044525146,1,2.870177984,1,0.239681348,0,-1.125331759,0,0.001437784,0
24.60788155,-5.200139046,1,-9.641130447,1,-11.59885025,1,-0.119922787,1,-6.325007915,1,3.095983744,1,0.226504505,0,-1.15216732,0,0.015461817,0
24.61188316,-7.966750622,1,-9.274814606,1,-12.32418823,1,-0.127640232,1,-6.521749973,1,3.308969259,1,0.209680796,0,-1.180070639,0,0.033180054,0
24.61588097,-8.295908928,1,-8.46566391,1,-13.39486504,1,-0.057866737,1,-6.664518356,1,3.467418671,1,0.188899055,0,-1.208592653,0,0.05512898,0
24.61988068,-10.14682579,1,-7.614223957,1,-14.15012169,1,-0.036137007,1,-6.751087189,1,3.612600565,1,0.163152888,0,-1.237512827,0,0.082293615,0
24.62388229,-10.95388603,1,-6.111569881,1,-13.53291035,1,0.021605747,1,-6.848741531,1,3.784399986,1,0.130858675,0,-1.266584158,0,0.116283096,0
24.6278801,-12.29781342,1,-5.977313042,1,-13.17511082,1,0.110055678,1,-7.011689663,1,3.904657364,1,0.089943372,0,-1.29585135,0,0.159205914,0
24.63187981,-15.27931976,1,-7.171792984,1,-14.96406841,1,0.256063163,1,-6.958478928,1,3.969451189,1,0.038456507,0,-1.324792266,0,0.21325253,0
24.63588142,-20.42720413,1,-7.456194401,1,-16.34412956,1,0.374287099,1,-6.751640797,1,4.019321442,1,-0.027125565,0,-1.352408409,0,0.281956971,0
24.63987923,-20.86353111,1,-8.663529396,1,-16.81634521,1,0.404224575,1,-6.355168343,1,4.031785965,1,-0.111399174,0,-1.377456188,0,0.369637936,0
24.64387894,-18.32182693,1,-9.98382473,1,-15.01603317,1,0.456863254,1,-6.157166481,1,4.096697807,1,-0.218460128,0,-1.399424076,0,0.480302691,0
24.64788055,-20.22706604,1,-11.71774864,1,-14.16841221,1,0.388668716,1,-5.889328957,1,4.123529911,1,-0.355104029,0,-1.417948246,0,0.620410264,0
24.65187836,-18.67739868,1,-13.24955463,1,-13.06806469,1,0.109377384,1,-5.774677277,1,4.398427486,1,-0.526844025,0,-1.431821942,0,0.795044065,0
24.65587807,-19.84670448,1,-13.75464439,1,-13.13590145,1,-0.158426359,1,-5.593661308,1,4.475785255,1,-0.731970549,0,-1.43978548,0,1.001911402,0
24.65987968,-20.57360268,1,-11.94943333,1,-12.89410114,1,-0.363493025,1,-5.407398224,1,4.418400288,1,-0.949047089,0,-1.44119513,0,1.219752192,0
24.66387749,-20.74557304,1,-10.80107594,1,-11.45664501,1,-0.55129385,1,-5.152239799,1,4.433758736,1,-1.155587316,0,-1.436272979,0,1.426267028,0
24.6678772,-21.35966492,1,-7.62334919,1,-12.49700451,1,-0.713980556,1,-4.845641613,1,4.318509102,1,-1.333335876,0,-1.425991058,0,1.60314703,0
24.67187882,-18.00193405,1,-5.114454746,1,-10.59278584,1,-0.654851019,1,-4.468315601,1,4.076144695,1,-1.474882245,0,-1.412529111,0,1.743516803,0
24.67588234,-12.33771038,1,-4.285532951,1,-8.63598156,1,-0.60744518,1,-4.047197819,1,3.921551466,1,-1.582980752,0,-1.397223234,0,1.850580812,0
24.67988205,-8.147191048,1,-6.198919773,1,-8.817326546,1,-0.602109671,1,-3.620991707,1,3.628149033,1,-1.664541841,0,-1.381290317,0,1.931020498,0
24.68388367,-7.143731594,1,-6.762785435,1,-9.451190948,1,-0.607960165,1,-3.313968182,1,3.309359789,1,-1.726819754,0,-1.365775108,0,1.992090464,0
24.68788147,-6.890142441,1,-6.370185375,1,-8.332564354,1,-0.712032318,1,-3.163380623,1,2.958035707,1,-1.777926564,0,-1.351122379,0,2.041683912,0
24.69187927,-16.05579948,1,-4.814736843,1,-9.196217537,1,-0.645542026,1,-3.196113586,1,2.557730436,1,-1.823541403,0,-1.337467909,0,2.085587502,0
24.69588089,-31.61934662,1,-2.368425369,1,-14.76481628,1,-0.326252341,1,-2.623016357,1,2.083046198,1,-1.855396867,0,-1.325313807,0,2.119764328,0
24.69987869,-22.0712471,1,-4.841314316,1,-15.39770126,1,-0.101773337,1,-1.70100522,1,1.637755513,1,-1.879736781,0,-1.315699935,0,2.144017696,0
24.7038784,-11.10942173,1,-7.775360584,1,-12.92813301,1,0.015987471,1,-1.084415078,1,1.171314597,1,-1.893093586,0,-1.308637381,0,2.157697201,0
24.70788002,-5.216290474,1,-8.319527626,1,-10.41087818,1,0.05150222,1,-0.760537386,1,0.773578405,1,-1.901031017,0,-1.303832293,0,2.166058302,0
24.71187782,-4.468738556,1,-7.598214149,1,-9.473198891,1,0.085003547,1,-0.609306812,1,0.504735291,1,-1.907115698,0,-1.300553322,0,2.172686577,0
24.71587753,-6.479900837,1,-7.057940483,1,-9.590485573,1,0.055476561,1,-0.450055748,1,0.337081254,1,-1.912139177,0,-1.298254013,0,2.178204298,0
24.71988106,-5.855969906,1,-6.303558826,1,-9.853198051,1,0.022350419,1,-0.197767064,1,0.146168068,1,-1.915203929,0,-1.2968961,0,2.181526423,0
24.72387695,-3.167071581,1,-5.423978806,1,-8.919524193,1,0.063350804,1,0.016261511,1,-0.043627728,1,-1.915960073,0,-1.296581864,0,2.182470083,0
24.72787857,-0.768698633,1,-4.582129478,1,-7.719203472,1,0.165528253,1,0.132950485,1,-0.186741352,1,-1.915039659,0,-1.29712832,0,2.181979895,0
24.73188019,0.434622258,1,-3.828184843,1,-7.044219017,1,0.269205511,1,0.221958548,1,-0.296318799,1,-1.913000584,0,-1.298280478,0,2.180769682,0
24.73587799,1.31008184,1,-3.165532589,1,-6.631320477,1,0.384696394,1,0.330054969,1,-0.379720241,1,-1.90956068,0,-1.299925089,0,2.178561211,0
24.7398777,2.129132509,1,-2.637186766,1,-6.502111912,1,0.507786393,1,0.425519764,1,-0.455623299,1,-1.904611826,0,-1.30200851,0,2.175264359,0
24.74387932,2.519666433,1,-2.3479743,1,-6.163808823,1,0.645900548,1,0.519289732,1,-0.507951915,1,-1.898053646,0,-1.304458499,0,2.170848131,0
24.74787712,3.049254417,1,-2.320225477,1,-5.899068356,1,0.772260666,1,0.627702653,1,-0.549924016,1,-1.889678597,0,-1.307204366,0,2.165117741,0
24.75187683,3.51417613,1,-2.486486197,1,-5.730876923,1,0.865169048,1,0.745521367,1,-0.573251545,1,-1.879254699,0,-1.310197115,0,2.157718182,0
24.75587845,3.874134541,1,-2.72649312,1,-5.566754818,1,0.911344707,1,0.872265041,1,-0.599676311,1,-1.866652608,0,-1.3133955,0,2.14836669,0
24.75987625,4.187186241,1,-2.833662033,1,-5.625368595,1,0.939717114,1,1.000736356,1,-0.619765818,1,-1.851852655,0,-1.316795111,0,2.136906862,0
24.76387596,4.331501961,1,-2.855164766,1,-5.784683228,1,0.944202542,1,1.126157045,1,-0.636814594,1,-1.834823489,0,-1.320372224,0,2.123215675,0
24.76787758,4.320643425,1,-2.86639452,1,-5.907067776,1,0.931719601,1,1.249227762,1,-0.661927223,1,-1.815493822,0,-1.324082971,0,2.107149839,0
24.77187538,4.303690434,1,-2.853679895,1,-5.997395992,1,0.905966878,1,1.391603708,1,-0.676987112,1,-1.793733954,0,-1.32790947,0,2.088516712,0
24.77587509,4.110244274,1,-2.865475655,1,-6.113467693,1,0.868387759,1,1.532388449,1,-0.693898261,1,-1.769262433,0,-1.331809998,0,2.06697011,0
24.77987671,3.938002825,1,-2.744976521,1,-6.264147282,1,0.826104105,1,1.682632208,1,-0.705744505,1,-1.741876245,0,-1.335739255,0,2.042275906,0
24.78387451,3.655359507,1,-2.584162235,1,-6.460017204,1,0.794125736,1,1.842684627,1,-0.719013035,1,-1.711167693,0,-1.339660168,0,2.014032841,0
24.78787422,3.256448269,1,-2.290175676,1,-6.695625782,1,0.767463446,1,2.019106627,1,-0.735777676,1,-1.676740766,0,-1.343496084,0,1.981884003,0
24.79187584,2.854181528,1,-1.941376805,1,-6.968222141,1,0.769638956,1,2.201703072,1,-0.747714877,1,-1.638131976,0,-1.347187638,0,1.945424914,0
24.79587746,2.577540636,1,-1.55802393,1,-7.202264309,1,0.783561528,1,2.400153399,1,-0.762641609,1,-1.59488976,0,-1.350622058,0,1.904269934,0
24.79987717,2.316062927,1,-1.249161601,1,-7.369674206,1,0.818206906,1,2.595146179,1,-0.766828001,1,-1.546721935,0,-1.35367918,0,1.858210564,0
24.80388069,2.165481567,1,-0.947421193,1,-7.483644962,1,0.873657405,1,2.783482313,1,-0.768639505,1,-1.493619084,0,-1.35620153,0,1.807300925,0
24.80787849,2.035500765,1,-0.740631163,1,-7.610528946,1,0.940314472,1,2.981188059,1,-0.761665881,1,-1.435600281,0,-1.358030558,0,1.751646161,0
24.8118782,1.796759367,1,-0.630566657,1,-7.729581356,1,1.027195454,1,3.169542074,1,-0.75752914,1,-1.373013139,0,-1.358985901,0,1.691649079,0
24.81587982,1.527630329,1,-0.497389674,1,-7.912925243,1,1.115239501,1,3.357840538,1,-0.747288346,1,-1.306415915,0,-1.358912468,0,1.627909184,0
24.81987763,1.168478131,1,-0.498869717,1,-8.039484024,1,1.206003308,1,3.550330639,1,-0.736763716,1,-1.236501575,0,-1.357677102,0,1.56113553,0
24.82387734,0.779083192,1,-0.490428269,1,-8.136434555,1,1.306402445,1,3.741176844,1,-0.734243393,1,-1.164127707,0,-1.355137467,0,1.492216229,0
24.82787895,0.504386127,1,-0.458700448,1,-8.230271339,1,1.410043597,1,3.935160637,1,-0.728029966,1,-1.090282083,0,-1.351189375,0,1.42215395,0
24.83187676,0.110098235,1,-0.449690074,1,-8.322040558,1,1.506126761,1,4.123963356,1,-0.722058773,1,-1.016202331,0,-1.345734119,0,1.352173567,0
24.83587456,-0.109496035,1,-0.476080179,1,-8.326873779,1,1.616244912,1,4.299900055,1,-0.721808732,1,-0.942929089,0,-1.338741064,0,1.28335762,0
24.83987618,-0.408820927,1,-0.467214435,1,-8.45275116,1,1.716984391,1,4.468904495,1,-0.722001314,1,-0.871499538,0,-1.330200791,0,1.216736197,0
24.84387398,-0.61036706,1,-0.478855908,1,-8.433898926,1,1.819073796,1,4.642637253,1,-0.719487309,1,-0.802733898,0,-1.32013154,0,1.153148532,0
24.8478756,-0.801047325,1,-0.535590649,1,-8.465249062,1,1.927095652,1,4.793008804,1,-0.721630454,1,-0.737238646,0,-1.308584571,0,1.093182564,0
24.85187721,-0.957051814,1,-0.456881732,1,-8.475225449,1,2.037569046,1,4.935004711,1,-0.728127301,1,-0.675422966,0,-1.295662642,0,1.037287474,0
24.85587502,-1.307027698,1,-0.617532074,1,-8.516596794,1,2.145880222,1,5.065079212,1,-0.734875798,1,-0.617448092,0,-1.281452775,0,0.985631466,0
24.85987282,-1.617167592,1,-0.822394848,1,-8.448369026,1,2.249932766,1,5.194297314,1,-0.754685581,1,-0.563256502,0,-1.266067386,0,0.938150883,0
24.86387444,-1.872631907,1,-0.909943938,1,-8.417174339,1,2.33519721,1,5.305160522,1,-0.783345938,1,-0.51265043,0,-1.249599338,0,0.894598186,0
24.86787224,-2.15043354,1,-1.141486764,1,-8.424927711,1,2.410340786,1,5.414180279,1,-0.817648649,1,-0.46551609,0,-1.232173681,0,0.854811788,0
24.87187386,-2.254687786,1,-1.401387215,1,-8.414549828,1,2.465339661,1,5.504660606,1,-0.853710592,1,-0.421552092,0,-1.213891864,0,0.818429232,0
24.87587357,-2.248166561,1,-1.642914891,1,-8.329833984,1,2.514944315,1,5.575395107,1,-0.898301601,1,-0.380614817,0,-1.194857001,0,0.785251319,0
24.87987137,-2.264593363,1,-2.018125534,1,-8.359466553,1,2.543964624,1,5.624261379,1,-0.939400673,1,-0.34252581,0,-1.175195098,0,0.755057037,0
24.88387108,-2.358968258,1,-2.216274261,1,-8.405112267,1,2.56287241,1,5.656195164,1,-0.973830521,1,-0.307110548,0,-1.155028343,0,0.727630377,0
24.8878727,-2.49661994,1,-2.208995819,1,-8.514867783,1,2.570295572,1,5.67658329,1,-1.006454825,1,-0.274190128,0,-1.134438515,0,0.702752411,0
24.8918705,-2.58627677,1,-2.092730284,1,-8.672267914,1,2.578515768,1,5.695297718,1,-1.043238401,1,-0.24347423,0,-1.11349535,0,0.680109739,0
24.89587021,-2.837121248,1,-1.984476924,1,-8.76611805,1,2.612565279,1,5.697457314,1,-1.078743577,1,-0.214680105,0,-1.092270017,0,0.659476995,0
24.89987183,-2.950051785,1,-1.646755457,1,-9.08266449,1,2.66351676,1,5.700601578,1,-1.115889788,1,-0.187507764,0,-1.070809126,0,0.640639424,0
24.90386963,-3.161133528,1,-1.438755631,1,-9.285511017,1,2.732602835,1,5.685355663,1,-1.146960735,1,-0.161716238,0,-1.049160004,0,0.623439968,0
24.90786934,-3.675079107,1,-1.219197512,1,-9.698599815,1,2.830368757,1,5.678260326,1,-1.176467896,1,-0.137039766,0,-1.027377248,0,0.607717693,0
24.91187286,-3.857754469,1,-0.9982844,1,-9.91153717,1,2.952875614,1,5.661469936,1,-1.224768519,1,-0.113210432,0,-1.00546658,0,0.593290627,0
24.91586876,-3.962657213,1,-0.891353786,1,-10.23103333,1,3.089703321,1,5.643830776,1,-1.267520308,1,-0.089968182,0,-0.983476698,0,0.579976618,0
24.9198761,-4.436477661,1,-1.042279124,1,-10.57975197,1,3.236083746,1,5.620811462,1,-1.307301283,1,-0.067175634,0,-0.961430848,0,0.567727685,0
24.92387772,-4.869505405,1,-1.239374876,1,-10.98016739,1,3.378800154,1,5.602668285,1,-1.36065948,1,-0.044739146,0,-0.93932575,0,0.556412637,0
24.92787552,-5.385476589,1,-1.605131388,1,-11.28197956,1,3.511432886,1,5.593086243,1,-1.411480427,1,-0.022541791,0,-0.917143881,0,0.545906246,0
24.93187523,-5.928264618,1,-1.891618609,1,-11.68293858,1,3.631572008,1,5.576860905,1,-1.47333014,1,-0.000552938,0,-0.894867897,0,0.536133587,0
24.93587685,-6.539929867,1,-2.396051645,1,-12.08650303,1,3.72774601,1,5.574889183,1,-1.547605872,1,0.021232028,0,-0.872507095,0,0.526983559,0
24.93987465,-7.215270519,1,-2.806238174,1,-12.53911114,1,3.80720377,1,5.572513103,1,-1.627064347,1,0.042865168,0,-0.850036204,0,0.518342257,0
24.94387436,-7.640001297,1,-3.453979015,1,-13.0638628,1,3.858200073,1,5.575382233,1,-1.711934686,1,0.064296253,0,-0.827421069,0,0.510146797,0
24.94787598,-7.896080971,1,-3.957013369,1,-13.72687054,1,3.880409718,1,5.560266018,1,-1.805472493,1,0.085801385,0,-0.803485394,0,0.501097381,0
24.95187378,-8.275830269,1,-4.315489769,1,-14.64984226,1,3.88944149,1,5.543126583,1,-1.90390718,1,0.106652461,0,-0.780669332,0,0.493641704,0
24.9558754,-8.921384811,1,-4.187828541,1,-15.73462677,1,3.893994331,1,5.497728348,1,-2.016720533,1,0.127242044,0,-0.757821679,0,0.486400902,0
24.95987511,-9.792115211,1,-3.500768661,1,-16.83382607,1,3.905623913,1,5.451452255,1,-2.140845776,1,0.147669658,0,-0.734997511,0,0.479271054,0
24.96387482,-11.02136898,1,-2.489683628,1,-17.72714996,1,3.960693598,1,5.421598911,1,-2.282947779,1,0.168080315,0,-0.712133288,0,0.47218883,0
24.96787262,-12.17515755,1,-1.524941444,1,-18.52720261,1,4.060482025,1,5.401917934,1,-2.431532145,1,0.188699096,0,-0.689166963,0,0.465076447,0
24.97187424,-13.05394745,1,-0.878508449,1,-19.23174095,1,4.187696934,1,5.3730793,1,-2.575028181,1,0.209664449,0,-0.666060805,0,0.457939386,0
24.97587204,-14.15774536,1,-0.737047315,1,-19.6434536,1,4.312119484,1,5.35998106,1,-2.700518131,1,0.230969086,0,-0.642799079,0,0.450873137,0
24.97987175,-15.45453072,1,-0.711028874,1,-19.86845207,1,4.410817623,1,5.335380554,1,-2.813515186,1,0.252513319,0,-0.619393528,0,0.443951786,0
24.98387337,-16.87795448,1,-0.574645281,1,-20.18861389,1,4.452121258,1,5.291777134,1,-2.919941187,1,0.274113446,0,-0.595887899,0,0.43719846,0
24.98787308,-18.36139679,1,-0.154391184,1,-20.33996201,1,4.427059174,1,5.225162983,1,-3.02034688,1,0.295518517,0,-0.572357357,0,0.43061325,0
24.99187088,-19.75655556,1,1.12376368,1,-20.57554817,1,4.352444649,1,5.115510941,1,-3.122246742,1,0.316544294,0,-0.54892838,0,0.424131304,0
24.9958725,-21.13035583,1,3.842621088,1,-20.7570591,1,4.25992775,1,4.962985039,1,-3.203154802,1,0.337051749,0,-0.525766253,0,0.417704165,0
24.9998703,-22.69272804,1,7.043372631,1,-20.42331886,1,4.229790688,1,4.798279285,1,-3.232576847,1,0.357123017,0,-0.503035247,0,0.41140011,0
25.00387001,-24.50443077,1,9.444489479,1,-19.17103195,1,4.24362278,1,4.689918995,1,-3.201519728,1,0.37684679,0,-0.480717599,0,0.405470073,0
25.00787163,-26.98596764,1,9.817383766,1,-17.16449356,1,4.248967648,1,4.655367851,1,-3.109344721,1,0.396218419,0,-0.458656609,0,0.400229931,0
25.01186943,-29.26908112,1,8.343483925,1,-14.78358936,1,4.121070385,1,4.632066727,1,-2.955905676,1,0.41485706,0,-0.436790496,0,0.395964205,0
25.01586914,-30.86964035,1,5.990782261,1,-12.16059589,1,3.777306557,1,4.579701424,1,-2.710535288,1,0.43195498,0,-0.415318161,0,0.392921686,0
25.01987076,-31.90149307,1,4.387355804,1,-9.647003174,1,3.265894175,1,4.447934628,1,-2.400378942,1,0.446744502,0,-0.394612968,0,0.391211361,0
25.02386856,-32.36008072,1,4.802219391,1,-7.212046623,1,2.683109999,1,4.24478054,1,-2.076156855,1,0.458818555,0,-0.375055462,0,0.390743434,0
25.02786827,-31.77408791,1,7.724744797,1,-4.742879868,1,2.162772894,1,3.951018095,1,-1.757220745,1,0.468293816,0,-0.356958032,0,0.39125663,0
25.03186989,-31.04722214,1,11.84907532,1,-2.236124277,1,1.806986213,1,3.578950405,1,-1.4911623,1,0.475804538,0,-0.340579867,0,0.392393261,0
25.03586769,-30.78395462,1,15.92586517,1,0.237731755,1,1.654607296,1,3.155612707,1,-1.229646802,1,0.482195258,0,-0.326106191,0,0.393862009,0
25.03987312,-30.68968391,1,19.45740891,1,2.429057121,1,1.680268049,1,2.686426401,1,-0.981414616,1,0.488310903,0,-0.313684762,0,0.395471275,0
25.04387665,-30.75361633,1,21.95263863,1,4.105947495,1,1.828917623,1,2.193175793,1,-0.711236417,1,0.494795084,0,-0.303466827,0,0.397164226,0
25.04787445,-30.56866264,1,23.04704857,1,5.253777027,1,2.01339221,1,1.709045529,1,-0.420030504,1,0.501948655,0,-0.29551959,0,0.398986638,0
25.05187416,-30.01372528,1,22.42432594,1,5.89546442,1,2.139161587,1,1.242973447,1,-0.142408401,1,0.509706974,0,-0.289808631,0,0.400949746,0
25.05587578,-27.27421379,1,17.78096771,1,3.934043169,1,1.999108911,1,0.755618155,1,0.137115538,1,0.517561913,0,-0.28628388,0,0.4029814,0
25.05987358,-23.85008621,1,2.716368437,1,5.226808548,1,0.406996101,1,-0.027234532,1,0.692344785,1,0.522057831,0,-0.285687149,0,0.405184716,0
25.06387329,-34.73400497,1,1.548166513,1,8.150483131,1,-1.332363486,1,-0.882640004,1,1.393256903,1,0.519338965,0,-0.289479792,0,0.408017784,0
25.06787491,-33.28710938,1,3.614793539,1,11.20320988,1,-2.919624329,1,-1.359598637,1,1.888239741,1,0.50974375,0,-0.29665482,0,0.411678255,0
25.07187271,-27.91477585,1,10.55195332,1,13.27512455,1,-3.992087841,1,-1.872848868,1,2.505893946,1,0.494255781,0,-0.306502849,0,0.416477323,0
25.07587242,-27.44013214,1,24.24898148,1,10.81367111,1,-4.032710552,1,-2.432248592,1,3.204699516,1,0.476005286,0,-0.319505155,0,0.422867447,0
25.07987404,-20.39826393,1,28.96839333,1,1.389347315,1,-3.466188431,1,-2.423979998,1,3.540343761,1,0.458348304,0,-0.334471405,0,0.430989236,0
25.08387184,-14.0100708,1,21.59203911,1,-9.782764435,1,-3.017649412,1,-2.125330687,1,3.583684921,1,0.442151099,0,-0.348874152,0,0.440476894,0
25.08787155,-20.62812996,1,5.721403599,1,-19.82081795,1,-2.371614218,1,-1.726134658,1,3.305297375,1,0.428018272,0,-0.361735761,0,0.450444818,0
25.09187317,-9.760802269,1,-12.6570406,1,-26.43167496,1,-1.928464055,1,-1.073868513,1,3.016319275,1,0.416062474,0,-0.371985972,0,0.460202456,0
25.09587097,0.513697743,1,-28.7918911,1,-27.49920273,1,-2.096820831,1,-0.721353531,1,2.996095419,1,0.404395342,0,-0.380094945,0,0.470472842,0
25.09987068,0.129915759,1,-37.12368011,1,-21.67819214,1,-2.875534296,1,-0.637530267,1,2.891816854,1,0.390416205,0,-0.387070119,0,0.481007874,0
25.1038723,0.35580498,1,-33.8552475,1,-14.56144524,1,-3.45328331,1,-0.81553489,1,2.917707205,1,0.373581141,0,-0.394130409,0,0.491607308,0
25.1078701,0.800059497,1,-24.78806686,1,-7.643739223,1,-3.78597188,1,-1.310189247,1,2.744391918,1,0.355305135,0,-0.401985556,0,0.501555026,0
25.11186791,0.189980686,1,-14.00020885,1,-3.924165249,1,-4.025700092,1,-2.089206457,1,2.411029816,1,0.336353064,0,-0.411887765,0,0.509676754,0
25.11586952,-0.766568303,1,-5.776003361,1,-5.363324642,1,-4.174685478,1,-2.93038106,1,2.055916786,1,0.317663759,0,-0.424292177,0,0.515380859,0
25.11986733,-3.827584028,1,0.036400817,1,-6.382884979,1,-4.097957611,1,-3.526348114,1,1.73056078,1,0.299599826,0,-0.438955784,0,0.518999815,0
25.12386894,-12.68923092,1,6.827682972,1,-11.39328957,1,-3.85659337,1,-3.731743097,1,1.33827126,1,0.282767624,0,-0.454745889,0,0.520876467,0
25.12787056,-22.43146515,1,13.16114521,1,-17.77617073,1,-3.372101068,1,-3.349460125,1,0.909996152,1,0.268066347,0,-0.469553947,0,0.521351576,0
25.13186836,-27.84517479,1,17.13130379,1,-21.20449448,1,-2.940249443,1,-2.796475887,1,0.879329503,1,0.255362928,0,-0.482620955,0,0.521550477,0
25.13586617,-22.23851395,1,21.81798553,1,-20.63511658,1,-2.413820982,1,-1.977160692,1,0.945064306,1,0.243988603,0,-0.492602736,0,0.522876501,0
25.13986778,-17.27651024,1,21.54252815,1,-19.61288452,1,-1.799634099,1,-1.475937605,1,1.125392914,1,0.234286353,0,-0.500281155,0,0.525612175,0
25.14386749,-8.948901176,1,15.17576218,1,-16.06267929,1,-1.329361916,1,-1.200900078,1,1.268607974,1,0.226146311,0,-0.506497085,0,0.529567838,0
25.1478672,-1.280550957,1,6.827476025,1,-12.2373476,1,-0.982197344,1,-1.28121984,1,1.320890903,1,0.219336882,0,-0.512420654,0,0.534156799,0
25.15186882,0.251669228,1,-1.575688362,1,-9.717874527,1,-0.85311085,1,-1.500411868,1,1.296365023,1,0.213501289,0,-0.518977404,0,0.538701236,0
25.15586662,-1.785940409,1,-8.17787838,1,-8.178836823,1,-0.858715594,1,-1.621961832,1,1.141768336,1,0.208090156,0,-0.526145041,0,0.542676449,0
25.15987206,-9.183383942,1,-11.16343212,1,-7.827219009,1,-1.069710732,1,-1.444248557,1,0.929242194,1,0.202600002,0,-0.533104122,0,0.545966387,0
25.16387177,-10.54189873,1,-8.076302528,1,-7.025228977,1,-1.048020959,1,-1.126615047,1,0.688543558,1,0.197002158,0,-0.538637996,0,0.548390508,0
25.16787148,-12.43541527,1,-4.717445374,1,-7.603264332,1,-1.106847763,1,-0.889780879,1,0.598861039,1,0.191664413,0,-0.543150663,0,0.550434887,0
25.17186928,-11.61395168,1,0.316956222,1,-8.21062088,1,-1.038649678,1,-0.592253745,1,0.570999563,1,0.186370313,0,-0.546494663,0,0.552425086,0
25.1758709,-9.719304085,1,2.119529724,1,-10.47626114,1,-0.954329729,1,-0.406931609,1,0.552333891,1,0.181174189,0,-0.548833787,0,0.554602921,0
25.17987061,-7.271824837,1,2.758087397,1,-9.80604744,1,-0.794282317,1,-0.260286033,1,0.550486982,1,0.176527098,0,-0.550514579,0,0.556880236,0
25.18387032,-6.293981552,1,0.462355673,1,-10.0011425,1,-0.648183107,1,-0.291085035,1,0.550613761,1,0.172444582,0,-0.552008331,0,0.559210598,0
25.18787193,-5.682487965,1,-2.113815308,1,-9.267550468,1,-0.580925822,1,-0.275355458,1,0.514820457,1,0.168828383,0,-0.553470552,0,0.561450362,0
25.19186974,-4.710862637,1,-4.927833557,1,-8.639575958,1,-0.594409168,1,-0.286776662,1,0.525755823,1,0.165305078,0,-0.554915845,0,0.563666046,0
25.19586754,-4.816484451,1,-6.196835995,1,-9.196840286,1,-0.614711821,1,-0.307183713,1,0.538993716,1,0.161753431,0,-0.556448877,0,0.565894246,0
25.19986916,-6.890300274,1,-5.733546734,1,-9.406404495,1,-0.668542147,1,-0.25790897,1,0.590325534,1,0.158677399,0,-0.555667758,0,0.559203148,0
25.20386696,-7.144611359,1,-3.921010733,1,-8.531790733,1,-0.657666147,1,-0.166233346,1,0.588710964,1,0.154670492,0,-0.556836128,0,0.561792791,0
25.20786667,-4.704287052,1,-2.522157669,1,-8.168358803,1,-0.641448796,1,-0.233420014,1,0.53438139,1,0.150738984,0,-0.557968616,0,0.56428957,0
25.21186829,-6.177774429,1,-0.085601091,1,-9.30879879,1,-0.580271482,1,-0.223598927,1,0.464456022,1,0.147137254,0,-0.559176207,0,0.566457212,0
25.21586609,-6.461903095,1,1.879222751,1,-9.084675789,1,-0.466039181,1,-0.204598695,1,0.413154781,1,0.144031584,0,-0.560280144,0,0.568350315,0
25.2198658,-5.918146133,1,1.268406391,1,-8.973124504,1,-0.359120607,1,-0.186955869,1,0.381201565,1,0.141482249,0,-0.561275065,0,0.570073187,0
25.22386932,-5.750965595,1,-0.072083779,1,-9.023568153,1,-0.282267034,1,-0.160961196,1,0.354878098,1,0.139364913,0,-0.562170982,0,0.57166481,0
25.22786522,-5.606491089,1,-1.79831326,1,-8.980222702,1,-0.226241767,1,-0.168610826,1,0.325371593,1,0.137549341,0,-0.563006878,0,0.573159873,0
25.23186493,-5.111670017,1,-2.697502851,1,-8.612322807,1,-0.21409367,1,-0.197586015,1,0.298787862,1,0.135959834,0,-0.563900471,0,0.574499667,0
25.23586845,-5.539648056,1,-1.99625957,1,-8.860024452,1,-0.184596628,1,-0.208984405,1,0.30242607,1,0.134470403,0,-0.564867258,0,0.575785398,0
25.23986626,-5.354455471,1,-1.771145225,1,-8.840716362,1,-0.163837686,1,-0.214002311,1,0.30993849,1,0.133060858,0,-0.565869331,0,0.577106774,0
25.24386597,-4.518946171,1,-2.417151213,1,-9.007490158,1,-0.147366554,1,-0.224406675,1,0.302912861,1,0.131747574,0,-0.566902339,0,0.578402162,0
25.24786758,-4.206781387,1,-3.004033327,1,-9.149437904,1,-0.14425391,1,-0.259922385,1,0.293813944,1,0.130503714,0,-0.568028927,0,0.579648912,0
25.25186539,-4.567018509,1,-3.16383028,1,-9.040405273,1,-0.147766471,1,-0.291979074,1,0.297335804,1,0.129260793,0,-0.569282711,0,0.580877483,0
25.2558651,-4.859571934,1,-2.502497196,1,-8.820501328,1,-0.148624301,1,-0.323192894,1,0.291692138,1,0.128026083,0,-0.570658326,0,0.582075894,0
25.25986671,-5.379033089,1,-1.545428634,1,-8.843658447,1,-0.116940647,1,-0.344965667,1,0.262880445,1,0.126896635,0,-0.572126269,0,0.583179235,0
25.26386452,-5.242139816,1,-1.078701377,1,-8.819887161,1,-0.076318979,1,-0.358907163,1,0.227682829,1,0.125991136,0,-0.573639214,0,0.584135294,0
25.26786423,-5.328155041,1,-1.119017482,1,-8.879274368,1,-0.042870577,1,-0.368398488,1,0.185660586,1,0.125335276,0,-0.575187564,0,0.584898174,0
25.27186585,-5.30641222,1,-1.262855649,1,-8.615693092,1,-0.012903713,1,-0.374433041,1,0.148730293,1,0.124911733,0,-0.576742113,0,0.585465431,0
25.27586365,-5.398592472,1,-1.508278131,1,-8.605031013,1,0.001755283,1,-0.379028529,1,0.108050324,1,0.124698564,0,-0.578309655,0,0.585841238,0
25.27986908,-5.488877773,1,-1.152807474,1,-8.568920135,1,0.028153483,1,-0.389280766,1,0.064599968,1,0.124659769,0,-0.579870701,0,0.586020648,0
25.2838707,-5.374000549,1,-1.012845278,1,-8.593940735,1,0.069702469,1,-0.383822381,1,0.031877194,1,0.124853708,0,-0.581428528,0,0.586013436,0
25.2878685,-5.267062664,1,-1.230512977,1,-8.574109077,1,0.106233619,1,-0.385441273,1,0.01247978,1,0.125272855,0,-0.582954884,0,0.585892379,0
25.29186821,-5.360583305,1,-1.757645488,1,-8.379428864,1,0.126035988,1,-0.386354268,1,-0.0044449,1,0.125849515,0,-0.584481955,0,0.585683703,0
25.29586983,-5.199660778,1,-2.220541716,1,-8.250087738,1,0.137608826,1,-0.378379822,1,-0.010998402,1,0.126543328,0,-0.585990369,0,0.585412621,0
25.29986763,-5.190795422,1,-2.22941041,1,-8.280404091,1,0.148507476,1,-0.378696024,1,-0.00579302,1,0.127263993,0,-0.587487876,0,0.585139275,0
25.30386734,-5.115856647,1,-2.155468702,1,-8.294252396,1,0.162077278,1,-0.373044968,1,0.000396682,1,0.128026515,0,-0.588980615,0,0.58488816,0
25.30786896,-5.037494659,1,-2.210809708,1,-8.32184124,1,0.175952762,1,-0.372390419,1,0.006107414,1,0.128826842,0,-0.590466976,0,0.584680676,0
25.31186676,-5.152743816,1,-2.443682432,1,-8.163097382,1,0.196087167,1,-0.373687625,1,0.014200052,1,0.129674315,0,-0.591954827,0,0.584486663,0
25.31586647,-5.113541603,1,-3.03416419,1,-7.996500969,1,0.194891006,1,-0.367028832,1,0.023759475,1,0.130546749,0,-0.593437672,0,0.584336638,0
25.31986809,-5.08449173,1,-3.520497799,1,-7.91018343,1,0.16831167,1,-0.368078679,1,0.040422957,1,0.131318614,0,-0.594916224,0,0.584265471,0
25.32386589,-5.036171436,1,-3.389909744,1,-7.966761112,1,0.148495153,1,-0.376456887,1,0.060050789,1,0.131947309,0,-0.596420407,0,0.584264994,0
25.3278656,-5.069189548,1,-2.730174303,1,-7.995229721,1,0.156834289,1,-0.368916035,1,0.074331373,1,0.132501245,0,-0.597932518,0,0.584353507,0
25.33186722,-5.037674427,1,-2.277916193,1,-8.069014549,1,0.169398159,1,-0.367303222,1,0.082794487,1,0.13306652,0,-0.599436462,0,0.584498346,0
25.33586502,-4.897043705,1,-2.168060541,1,-8.209354401,1,0.186370686,1,-0.369782746,1,0.08019834,1,0.133691698,0,-0.600939572,0,0.584650457,0
25.33986473,-4.959733009,1,-1.901457191,1,-8.226490974,1,0.212382749,1,-0.390469104,1,0.085153252,1,0.134392366,0,-0.602488875,0,0.584810972,0
25.34386635,-4.930390835,1,-1.85572958,1,-8.301914215,1,0.245376959,1,-0.395042062,1,0.082777634,1,0.135223344,0,-0.604085565,0,0.584955752,0
25.34786415,-4.816381931,1,-2.351525545,1,-8.414121628,1,0.238913968,1,-0.417053938,1,0.081216395,1,0.136136681,0,-0.605740786,0,0.585093021,0
25.35186386,-4.857728958,1,-2.217651129,1,-8.417593956,1,0.263932854,1,-0.438611507,1,0.083278596,1,0.137068003,0,-0.607487917,0,0.585211933,0
25.35586548,-4.861365795,1,-2.309954882,1,-8.447130203,1,0.289342314,1,-0.449385732,1,0.087482736,1,0.138128266,0,-0.609294236,0,0.585317492,0
25.35986328,-4.746846676,1,-2.739500046,1,-8.511873245,1,0.287064224,1,-0.476967871,1,0.098538429,1,0.139205217,0,-0.611176908,0,0.585469782,0
25.36386108,-4.775138378,1,-2.681498766,1,-8.315512657,1,0.266285956,1,-0.500793695,1,0.105186522,1,0.140198678,0,-0.613172889,0,0.585643709,0
25.3678627,-4.970265865,1,-2.56243062,1,-8.228625298,1,0.295490772,1,-0.50961405,1,0.11203704,1,0.141230524,0,-0.615233779,0,0.585810363,0
25.3718605,-5.047520161,1,-2.698894739,1,-8.161208153,1,0.305152208,1,-0.515966356,1,0.125731781,1,0.142307222,0,-0.617338121,0,0.586033404,0
25.37586021,-5.081620693,1,-2.744715929,1,-8.184872627,1,0.315093488,1,-0.535017371,1,0.136318013,1,0.143381998,0,-0.619498193,0,0.586304426,0
25.37986183,-4.989694595,1,-2.722744226,1,-8.047218323,1,0.311101675,1,-0.548097432,1,0.141330943,1,0.144462749,0,-0.621713459,0,0.586597025,0
25.38385963,-5.114197254,1,-2.5672369,1,-8.039855957,1,0.32004419,1,-0.54692924,1,0.144410282,1,0.145540908,0,-0.623968959,0,0.58690542,0
25.38785934,-5.157096386,1,-2.974773645,1,-8.081119537,1,0.304849923,1,-0.565256596,1,0.151117712,1,0.146610722,0,-0.626253664,0,0.587243617,0
25.39186096,-5.065365791,1,-2.888686895,1,-7.969069004,1,0.275490195,1,-0.579202592,1,0.153415605,1,0.147582218,0,-0.628607273,0,0.587562084,0
25.39585877,-5.250658989,1,-2.720911741,1,-7.846961498,1,0.276423275,1,-0.587015986,1,0.153937802,1,0.148499742,0,-0.631012022,0,0.587876916,0
25.3998661,-5.231277466,1,-2.617361307,1,-7.780310631,1,0.282300323,1,-0.584863484,1,0.1603854,1,0.149412811,0,-0.633413792,0,0.588214219,0
25.40386772,-5.350609779,1,-2.697838306,1,-7.686410427,1,0.279562563,1,-0.586195111,1,0.161562756,1,0.150336295,0,-0.635819376,0,0.588569105,0
25.40786552,-5.317308426,1,-2.576784611,1,-7.614238739,1,0.280627757,1,-0.586327851,1,0.161454529,1,0.151247054,0,-0.638230562,0,0.58891499,0
25.41186523,-5.365309238,1,-2.471756458,1,-7.65076685,1,0.282000363,1,-0.581526637,1,0.159299836,1,0.152166456,0,-0.640635729,0,0.58926338,0
25.41586685,-5.355057716,1,-2.423554182,1,-7.631239414,1,0.292510867,1,-0.577807248,1,0.157768697,1,0.153107852,0,-0.643032968,0,0.589600623,0
25.41986466,-5.414102077,1,-2.462505579,1,-7.633888245,1,0.293246925,1,-0.576908648,1,0.155071601,1,0.154090777,0,-0.645418227,0,0.58993274,0
25.42386437,-5.43678093,1,-2.588288546,1,-7.641928673,1,0.290877283,1,-0.578757524,1,0.154760808,1,0.155077815,0,-0.647794902,0,0.590245128,0
25.42786598,-5.382299423,1,-2.52744174,1,-7.620512486,1,0.285700321,1,-0.584032238,1,0.140730649,1,0.15605931,0,-0.650188446,0,0.590516686,0
25.43186379,-5.37232399,1,-2.422192574,1,-7.704733849,1,0.28928411,1,-0.58495146,1,0.135657743,1,0.157066345,0,-0.652587175,0,0.590756893,0
25.4358635,-5.427832127,1,-2.333084822,1,-7.682279587,1,0.295886427,1,-0.583503664,1,0.124602564,1,0.158124343,0,-0.654971123,0,0.590946913,0
25.43986511,-5.414721966,1,-2.345080137,1,-7.660021305,1,0.305783361,1,-0.588253736,1,0.116153859,1,0.159242868,0,-0.657359838,0,0.59107691,0
25.44386292,-5.521679401,1,-2.223121405,1,-7.640319347,1,0.30574277,1,-0.589869082,1,0.106959477,1,0.204640642,0,-0.643581867,0,0.553458035,0
25.44786263,-5.485617161,1,-2.140568256,1,-7.589254856,1,0.30700317,1,-0.589389443,1,0.090332508,1,0.206624195,0,-0.64455992,0,0.548511565,0
25.45186424,-5.593062878,1,-2.131378174,1,-7.558499336,1,0.314096272,1,-0.596684217,1,0.073536985,1,0.207986221,0,-0.646952629,0,0.548313975,0
25.45586205,-5.675811768,1,-2.171963215,1,-7.442331314,1,0.312359899,1,-0.590353668,1,0.061312024,1,0.209398702,0,-0.649326563,0,0.548035741,0
25.45986176,-5.674451828,1,-2.311646223,1,-7.356330872,1,0.313377798,1,-0.582268536,1,0.047868136,1,0.210857466,0,-0.651673675,0,0.547691643,0
25.46386337,-5.722435474,1,-2.318270206,1,-7.37635231,1,0.311409384,1,-0.574690998,1,0.030816788,1,0.212347105,0,-0.653968573,0,0.547284245,0
25.46786118,-5.719565392,1,-2.377131224,1,-7.37381649,1,0.307204127,1,-0.56556499,1,0.026099918,1,0.213866726,0,-0.656228304,0,0.546821833,0
25.47186089,-5.75028038,1,-2.538644552,1,-7.375125408,1,0.304417998,1,-0.559538543,1,0.024027023,1,0.215385228,0,-0.658450902,0,0.546331286,0
25.4758625,-5.691010952,1,-2.686769485,1,-7.363428593,1,0.29411456,1,-0.554598391,1,0.021320431,1,0.216882557,0,-0.66064775,0,0.545844316,0
25.47986031,-5.710569382,1,-2.791646481,1,-7.350787163,1,0.285471767,1,-0.550056219,1,0.027842611,1,0.218340397,0,-0.662831426,0,0.545363486,0
25.48385811,-5.659442425,1,-2.891267538,1,-7.368527889,1,0.283360213,1,-0.546597123,1,0.033560749,1,0.219762594,0,-0.665002704,0,0.544907272,0
25.48785973,-5.649452686,1,-3.013772726,1,-7.40649128,1,0.273341268,1,-0.547286451,1,0.043721728,1,0.221133813,0,-0.667177975,0,0.544487178,0
25.49185753,-5.605268478,1,-3.026119709,1,-7.453038216,1,0.266952902,1,-0.551482856,1,0.050077766,1,0.222445607,0,-0.66936183,0,0.544094503,0
25.49585915,-5.644876003,1,-2.992959976,1,-7.52868557,1,0.259884953,1,-0.564379334,1,0.06605906,1,0.223712713,0,-0.671589553,0,0.543742597,0
25.49986076,-5.614267349,1,-3.008206606,1,-7.557925701,1,0.26134181,1,-0.575321913,1,0.074833289,1,0.224949062,0,-0.673865736,0,0.54345268,0
25.50385857,-5.62617445,1,-2.915305614,1,-7.64171505,1,0.263564378,1,-0.58108151,1,0.090124853,1,0.226152167,0,-0.67619282,0,0.543201506,0
25.50785637,-5.599109173,1,-2.88264823,1,-7.618213177,1,0.265561849,1,-0.599143684,1,0.108696155,1,0.227330819,0,-0.678575993,0,0.543014169,0
25.51185799,-5.68629694,1,-2.922967196,1,-7.6363554,1,0.273697019,1,-0.614823937,1,0.122206584,1,0.228487566,0,-0.681048155,0,0.542883396,0
25.51585579,-5.554330826,1,-2.872746468,1,-7.642491817,1,0.278038293,1,-0.632999182,1,0.141850129,1,0.229631767,0,-0.683590472,0,0.54281491,0
25.51986122,-5.592041492,1,-2.904238224,1,-7.622861385,1,0.281558663,1,-0.659613192,1,0.160053954,1,0.230750263,0,-0.686237752,0,0.542808831,0
25.52386284,-5.59849596,1,-2.94218564,1,-7.552716732,1,0.288360775,1,-0.672938704,1,0.173043743,1,0.231859028,0,-0.688971877,0,0.542854309,0
25.52786064,-5.610327721,1,-3.001266003,1,-7.53368187,1,0.283747256,1,-0.688423514,1,0.191455051,1,0.232936487,0,-0.691788733,0,0.542962253,0
25.53186035,-5.56050539,1,-2.803204298,1,-7.961006641,1,0.280376524,1,-0.712027669,1,0.203113079,1,0.233954951,0,-0.694696248,0,0.543123305,0
25.53586197,-5.632254124,1,-2.731782913,1,-8.187644005,1,0.286870956,1,-0.738481224,1,0.211991385,1,0.234994978,0,-0.697709084,0,0.543281019,0
25.53985977,-5.373551369,1,-2.901485682,1,-8.035214424,1,0.271970063,1,-0.795569777,1,0.229748666,1,0.236002028,0,-0.700895727,0,0.543463886,0
25.54385948,-5.57977438,1,-2.7287848,1,-7.849775791,1,0.276348382,1,-0.832051337,1,0.238213584,1,0.236963555,0,-0.704276323,0,0.543653667,0
25.5478611,-5.914037704,1,-3.105832815,1,-7.830140591,1,0.262416273,1,-0.820771635,1,0.25292781,1,0.237926424,0,-0.707758129,0,0.543869019,0
25.5518589,-6.034517765,1,-2.407859802,1,-8.090123177,1,0.364087582,1,-0.916150331,1,0.24532257,1,0.239006996,0,-0.711316168,0,0.544083714,0
25.55585861,-5.671590805,1,-2.383376122,1,-7.983992577,1,0.320127577,1,-0.892928123,1,0.278909624,1,0.240259781,0,-0.715033472,0,0.544305444,0
25.55986214,-5.35619688,1,-3.840741634,1,-7.464867592,1,0.265643746,1,-0.950896621,1,0.276291132,1,0.241251245,0,-0.718890846,0,0.544581771,0
25.56385803,-5.822403908,1,-3.21918726,1,-8.246478081,1,0.267176658,1,-0.996491194,1,0.265981972,1,0.242224306,0,-0.722944856,0,0.544705093,0
25.56785774,-5.403033733,1,-3.012841463,1,-7.817065716,1,0.249900982,1,-1.037455082,1,0.313458055,1,0.243129835,0,-0.727160335,0,0.544903278,0
25.57186127,-5.838438511,1,-4.274373055,1,-7.862794876,1,0.227182284,1,-1.083378434,1,0.326412022,1,0.243890345,0,-0.731585979,0,0.545208514,0
25.57585907,-5.484371185,1,-4.446143627,1,-8.026031494,1,0.197719499,1,-1.130782008,1,0.347870529,1,0.244519651,0,-0.736203551,0,0.545524538,0
25.57985878,-5.374240875,1,-3.966213942,1,-8.270860672,1,0.182546586,1,-1.185974836,1,0.390438259,1,0.24499765,0,-0.741048694,0,0.545929015,0
25.5838604,-5.48601675,1,-4.152957916,1,-8.374679565,1,0.164679423,1,-1.243492246,1,0.432799846,1,0.245311186,0,-0.746162117,0,0.54650718,0
25.5878582,-5.653175831,1,-4.273485661,1,-8.421733856,1,0.125531346,1,-1.311081648,1,0.482596397,1,0.245409802,0,-0.751567006,0,0.547227144,0
25.59185791,-5.582869053,1,-4.116475105,1,-8.344633102,1,0.089955226,1,-1.373611212,1,0.524480522,1,0.245240197,0,-0.757252872,0,0.548104763,0
25.59585953,-5.541508198,1,-3.939097166,1,-8.433245659,1,0.057598047,1,-1.435955167,1,0.561122894,1,0.244815543,0,-0.763233721,0,0.549137831,0
25.59985733,-5.463159084,1,-3.776852846,1,-8.336481094,1,0.047476772,1,-1.521483064,1,0.605525851,1,0.244231865,0,-0.769540071,0,0.550279677,0
25.60385704,-5.676800251,1,-3.58623147,1,-8.42095089,1,0.050518304,1,-1.59745276,1,0.636983454,1,0.243547648,0,-0.776175022,0,0.551532865,0
25.60785866,-5.690639019,1,-3.597540379,1,-8.361613274,1,0.048203439,1,-1.680692554,1,0.679213524,1,0.242774099,0,-0.783176899,0,0.552910924,0
25.61185646,-5.63265276,1,-3.746783018,1,-8.435688972,1,0.04729563,1,-1.771612883,1,0.716201842,1,0.241906166,0,-0.790546536,0,0.554410458,0
25.61585617,-5.599885464,1,-3.676998138,1,-8.551389694,1,0.04327739,1,-1.870577931,1,0.759929657,1,0.240937382,0,-0.798317552,0,0.556012094,0
25.61985779,-5.552817345,1,-3.600255489,1,-8.531178474,1,0.037744708,1,-1.962583065,1,0.806232035,1,0.239830717,0,-0.80651015,0,0.557763219,0
25.62385559,-5.539794445,1,-3.764163971,1,-8.866023064,1,0.034877773,1,-2.06159544,1,0.858145297,1,0.238593593,0,-0.815120995,0,0.559679627,0
25.6278553,-5.647330761,1,-3.817077398,1,-8.830342293,1,0.01221188,1,-2.185845137,1,0.903238237,1,0.237150952,0,-0.824207425,0,0.561771929,0
25.63185692,-5.337552071,1,-3.660638094,1,-8.921584129,1,0.013976544,1,-2.308622122,1,0.950516284,1,0.235585004,0,-0.833808959,0,0.563975871,0
25.63585472,-5.332244396,1,-3.283908129,1,-9.165617943,1,0.0196575,1,-2.440578938,1,1.002930403,1,0.233873159,0,-0.843948841,0,0.566361785,0
25.63986015,-5.505554676,1,-3.156970024,1,-9.347492218,1,0.045695644,1,-2.597730875,1,1.046762466,1,0.232107878,0,-0.854689538,0,0.568869233,0
25.64386177,-5.624147415,1,-3.287276506,1,-9.501587868,1,0.061267257,1,-2.74588728,1,1.108807325,1,0.230295002,0,-0.866078317,0,0.57154876,0
25.64785957,-5.235836506,1,-3.436946392,1,-9.553730011,1,0.084837884,1,-2.900627613,1,1.168858409,1,0.228361353,0,-0.8780936,0,0.574454427,0
25.65185928,-5.054986,1,-3.702981472,1,-10.10759163,1,0.09380579,1,-3.102236748,1,1.22680378,1,0.226321712,0,-0.890878737,0,0.577559292,0
25.6558609,-5.291670799,1,-3.637660503,1,-10.54121685,1,0.10571295,1,-3.306286097,1,1.279043674,1,0.224205434,0,-0.904492021,0,0.580784738,0
25.6598587,-5.441049576,1,-4.220952988,1,-11.07683659,1,0.074265257,1,-3.528381586,1,1.353146672,1,0.221850365,0,-0.918973804,0,0.584222674,0
25.66385841,-5.226676941,1,-4.576797485,1,-11.40259457,1,0.046091031,1,-3.758227348,1,1.433220387,1,0.219079688,0,-0.934404373,0,0.587979674,0
25.66786003,-5.053457737,1,-5.061040878,1,-11.70010948,1,0.006853096,1,-4.021026134,1,1.517733932,1,0.215871871,0,-0.950850844,0,0.592066944,0
25.67185783,-5.183670044,1,-5.788006783,1,-11.84478188,1,-0.042412821,1,-4.282458305,1,1.62950027,1,0.212068617,0,-0.968418121,0,0.596631289,0
25.67585754,-4.607680798,1,-6.432329655,1,-11.72942162,1,-0.080409497,1,-4.573981285,1,1.791990876,1,0.207374454,0,-0.987159252,0,0.60199517,0
25.67985916,-3.796205997,1,-7.208516121,1,-11.91302776,1,-0.093619794,1,-4.914032936,1,1.953947663,1,0.201649576,0,-1.007241249,0,0.608400822,0
25.68385696,-3.942148685,1,-7.405619621,1,-12.6316452,1,-0.120438695,1,-5.269934177,1,2.138473034,1,0.194707006,0,-1.028828979,0,0.616042137,0
25.68785477,-3.839496851,1,-7.452932835,1,-12.47856045,1,-0.127310306,1,-5.610670567,1,2.360286951,1,0.186202347,0,-1.05189991,0,0.62532407,0
25.69185638,-5.498252392,1,-8.500181198,1,-12.6880579,1,-0.169997364,1,-5.933675289,1,2.579031467,1,0.175613597,0,-1.076398373,0,0.636775076,0
25.69585419,-7.055789471,1,-8.800945282,1,-12.64589405,1,-0.201314211,1,-6.178839684,1,2.779970884,1,0.165446535,0,-1.100875616,0,0.64376986,0
25.6998558,-7.634447098,1,-9.71547699,1,-12.48100281,1,-0.242820457,1,-6.436206341,1,3.007167578,1,0.149333224,0,-1.127617717,0,0.660737336,0
25.70385742,-9.735220909,1,-10.76087284,1,-13.65798855,1,-0.288816333,1,-6.527092457,1,3.152163506,1,0.129442438,0,-1.155041695,0,0.681429207,0
25.70785523,-10.83246613,1,-9.634308815,1,-13.01974106,1,-0.30160448,1,-6.553309917,1,3.304105997,1,0.105323724,0,-1.182551503,0,0.706307292,0
25.71185494,-9.549077988,1,-9.120933533,1,-13.46555996,1,-0.333984554,1,-6.758141994,1,3.556046009,1,0.075341053,0,-1.210315824,0,0.737173676,0
25.71585465,-10.36094856,1,-7.205024719,1,-14.13378143,1,-0.287832826,1,-6.922676086,1,3.675538778,1,0.03836396,0,-1.238440514,0,0.77513206,0
25.71985436,-12.97302723,1,-5.853330612,1,-13.73626423,1,-0.090770498,1,-6.935069561,1,3.758473396,1,-0.006166641,0,-1.266362906,0,0.821124077,0
25.72385407,-17.96508408,1,-6.420403957,1,-15.84767818,1,0.058969393,1,-6.877213478,1,3.843486071,1,-0.060274195,0,-1.29363215,0,0.877517462,0
25.72785759,-19.25163841,1,-6.532730579,1,-15.63685322,1,0.182405606,1,-6.611299515,1,3.904676437,1,-0.125983238,0,-1.3190341,0,0.946097255,0
25.73185349,-18.0272007,1,-7.138802528,1,-14.7755928,1,0.306099206,1,-6.455190659,1,3.908663988,1,-0.205638275,0,-1.342228174,0,1.029113889,0
25.7358532,-19.03742027,1,-8.966517448,1,-13.9195261,1,0.361270726,1,-6.337324142,1,3.928863764,1,-0.301761508,0,-1.363096237,0,1.128938317,0
25.73985291,-20.39216805,1,-9.984949112,1,-14.10867786,1,0.330573797,1,-6.137210369,1,4.005729675,1,-0.417614341,0,-1.380934954,0,1.24855876,0
25.74385262,-19.35772705,1,-9.760797501,1,-13.22093868,1,0.260500014,1,-5.952383995,1,4.150753498,1,-0.555527568,0,-1.394665122,0,1.389997482,0
25.74785423,-20.14300919,1,-9.684175491,1,-12.95258904,1,0.136929065,1,-5.853214741,1,4.226835728,1,-0.713614047,0,-1.403749228,0,1.551233649,0
25.75185585,-20.87989807,1,-9.94261837,1,-11.61731815,1,0.088332415,1,-5.664860249,1,4.271653652,1,-0.883602798,0,-1.407724738,0,1.724013805,0
25.75585365,-20.54420662,1,-9.261167526,1,-11.0931797,1,-0.114655614,1,-5.43909502,1,4.434288025,1,-1.054205179,0,-1.405898452,0,1.896901131,0
25.75985909,-20.25060272,1,-6.742516041,1,-12.17311573,1,-0.199537903,1,-5.128316402,1,4.236348629,1,-1.211467981,0,-1.39908576,0,2.055678844,0
25.7638607,-15.88594246,1,-3.812541246,1,-9.608395576,1,-0.167413637,1,-4.749412537,1,4.112139702,1,-1.345077157,0,-1.388819814,0,2.19065237,0
25.76785851,-11.98927689,1,-2.647913218,1,-9.081807137,1,-0.107999064,1,-4.305783272,1,3.915055275,1,-1.453911185,0,-1.376016498,0,2.300851345,0
25.77185631,-7.837732792,1,-3.476268768,1,-9.231366158,1,0.050248869,1,-3.810677052,1,3.61557579,1,-1.538537741,0,-1.362187147,0,2.387084484,0
25.77585793,-8.652993202,1,-4.673535824,1,-9.78758812,1,0.238279179,1,-3.473573923,1,3.372790337,1,-1.604301929,0,-1.348220468,0,2.454998732,0
25.77985573,-10.25437641,1,-2.867198944,1,-11.96599865,1,0.498066783,1,-3.075553894,1,3.128477097,1,-1.655402541,0,-1.334438562,0,2.508970976,0
25.78385544,-16.18380356,1,-2.305918694,1,-12.13297272,1,0.721884727,1,-2.795948505,1,2.753761768,1,-1.695207596,0,-1.32146287,0,2.552510023,0
25.78785706,-26.68156433,1,-0.803085387,1,-13.60176277,1,1.014957309,1,-2.35164547,1,2.480017185,1,-1.725410461,0,-1.30968523,0,2.587269545,0
25.79185486,-25.98113251,1,-4.182016373,1,-15.82620239,1,1.167731643,1,-1.456999779,1,2.242926836,1,-1.743155956,0,-1.299097776,0,2.610290051,0
25.79585457,-15.02284718,1,-7.103918076,1,-14.81510067,1,1.116605043,1,-0.686517119,1,1.886032581,1,-1.748145103,0,-1.290178299,0,2.620221615,0
25.79985619,-7.340559959,1,-8.789400101,1,-11.84290504,1,1.076238155,1,-0.199150562,1,1.458120704,1,-1.745455503,0,-1.283327699,0,2.621978521,0
25.8038559,-5.01053524,1,-8.491110802,1,-10.15938187,1,1.073238492,1,-0.000306857,1,1.152341962,1,-1.739392638,0,-1.27816093,0,2.620145559,0
25.80785561,-6.25243187,1,-7.538287163,1,-10.18581104,1,0.95058769,1,0.197101608,1,0.993659437,1,-1.731759071,0,-1.274000287,0,2.61641717,0
25.81185722,-5.794611931,1,-6.861377716,1,-10.02300358,1,0.803088129,1,0.378375351,1,0.847963631,1,-1.722667694,0,-1.270540953,0,2.610556602,0
25.81585503,-3.799051285,1,-6.274807453,1,-9.338312149,1,0.703886092,1,0.530479312,1,0.67026639,1,-1.712389827,0,-1.267797828,0,2.602933168,0
25.81985474,-1.848261714,1,-5.568511963,1,-8.370388031,1,0.676918328,1,0.621363997,1,0.464812309,1,-1.70132792,0,-1.265854836,0,2.594221592,0
25.82385445,-0.34522453,1,-4.876605988,1,-7.516654015,1,0.687244713,1,0.679865062,1,0.280925959,1,-1.689830184,0,-1.26469779,0,2.585012197,0
25.82785225,0.364598989,1,-4.187570572,1,-6.989978313,1,0.712511003,1,0.711186945,1,0.119140834,1,-1.677984118,0,-1.264212966,0,2.575533867,0
25.83185196,0.604260981,1,-3.877329588,1,-6.830180645,1,0.722718418,1,0.74883908,1,-0.029943667,1,-1.665884972,0,-1.264325857,0,2.565862417,0
25.83585358,0.825085521,1,-3.773863316,1,-6.604948521,1,0.730676234,1,0.787489355,1,-0.175059438,1,-1.653383017,0,-1.265004516,0,2.555804491,0
25.83985138,1.183403611,1,-3.757046938,1,-6.373846054,1,0.735417902,1,0.836490571,1,-0.313922107,1,-1.640415788,0,-1.266215205,0,2.545284986,0
25.84385109,1.562552214,1,-3.702164888,1,-6.207054138,1,0.72514528,1,0.896139681,1,-0.429006964,1,-1.626767516,0,-1.267921686,0,2.534045696,0
25.84785271,1.928912759,1,-3.561018229,1,-6.092295647,1,0.707867503,1,0.956720114,1,-0.541781962,1,-1.612329721,0,-1.270044804,0,2.521935225,0
25.85185051,2.188411713,1,-3.402547836,1,-5.970675468,1,0.675670743,1,1.02905941,1,-0.626401424,1,-1.59697783,0,-1.272521019,0,2.508762121,0
25.85585022,2.223284721,1,-3.243543625,1,-6.00514555,1,0.635000646,1,1.106478095,1,-0.708285809,1,-1.580562353,0,-1.275273204,0,2.494342804,0
25.85985184,2.207996368,1,-3.118510723,1,-6.094239712,1,0.591821134,1,1.19392097,1,-0.774958134,1,-1.562941551,0,-1.278243184,0,2.478495598,0
25.86384964,2.188333035,1,-2.951184988,1,-6.236711979,1,0.546502709,1,1.302308679,1,-0.836494207,1,-1.543828249,0,-1.281391144,0,2.460912943,0
25.86784935,2.217199326,1,-2.650203228,1,-6.394877434,1,0.504633605,1,1.410061359,1,-0.883649647,1,-1.523014903,0,-1.284625292,0,2.441391468,0
25.87185097,2.165360451,1,-2.21825695,1,-6.557678699,1,0.473136008,1,1.524739623,1,-0.925860107,1,-1.500314951,0,-1.287891388,0,2.419770241,0
25.87584877,1.946140647,1,-1.800355673,1,-6.704173088,1,0.455644816,1,1.650336862,1,-0.956052363,1,-1.475484848,0,-1.29112339,0,2.395848513,0
25.8798542,1.586131811,1,-1.428110838,1,-6.91345644,1,0.463078052,1,1.786450744,1,-0.980597913,1,-1.448249578,0,-1.29422617,0,2.369427204,0
25.88385773,1.196293116,1,-1.117768049,1,-7.060900211,1,0.485661775,1,1.945543766,1,-0.993697524,1,-1.418255925,0,-1.297115803,0,2.340224266,0
25.88785553,0.80660677,1,-0.819704533,1,-7.238203526,1,0.523652792,1,2.110283375,1,-1.008474112,1,-1.385228753,0,-1.299708724,0,2.308027506,0
25.89185524,0.396784723,1,-0.58114326,1,-7.38249445,1,0.572422922,1,2.281853437,1,-1.011916399,1,-1.348996639,0,-1.301897526,0,2.272709846,0
25.89585686,0.012168694,1,-0.334612727,1,-7.532626629,1,0.636246443,1,2.462127686,1,-1.020076156,1,-1.309503675,0,-1.303573966,0,2.234259605,0
25.89985466,-0.385513663,1,-0.139251634,1,-7.64096117,1,0.712748528,1,2.656149864,1,-1.014249206,1,-1.266662121,0,-1.304634094,0,2.192645788,0
25.90385437,-0.767592371,1,-0.054579224,1,-7.744046688,1,0.791849494,1,2.859896421,1,-1.014882922,1,-1.220536709,0,-1.304933548,0,2.147946358,0
25.90785599,-1.108445883,1,-0.05591603,1,-7.948056221,1,0.869089782,1,3.053360224,1,-1.013358116,1,-1.171425104,0,-1.304380536,0,2.100492239,0
25.91185379,-1.495733738,1,-0.137104377,1,-7.9611516,1,0.94333446,1,3.260152102,1,-1.011924028,1,-1.119665027,0,-1.302869797,0,2.050597191,0
25.9158535,-1.702119946,1,-0.170211628,1,-8.005662918,1,1.017856359,1,3.453049898,1,-1.014651418,1,-1.065803051,0,-1.300289273,0,1.99879539,0
25.91985512,-2.051978588,1,-0.232697353,1,-8.079298973,1,1.084972501,1,3.64189291,1,-1.019629955,1,-1.010453105,0,-1.296579719,0,1.945688725,0
25.92385292,-2.2961514,1,-0.271912813,1,-8.140087128,1,1.149038911,1,3.831786633,1,-1.03241837,1,-0.954186797,0,-1.291689396,0,1.891844392,0
25.92785263,-2.558552027,1,-0.302057147,1,-8.20548439,1,1.21106863,1,4.006917,1,-1.053663611,1,-0.897603512,0,-1.285589933,0,1.837843657,0
25.93185425,-2.879452944,1,-0.310435176,1,-8.268966675,1,1.269334674,1,4.181950569,1,-1.083105803,1,-0.841242075,0,-1.278278232,0,1.784221768,0
25.93585205,-3.222162485,1,-0.321841866,1,-8.362154961,1,1.331997633,1,4.349886894,1,-1.123186588,1,-0.785591602,0,-1.269761801,0,1.731471777,0
25.93985176,-3.420808077,1,-0.36242187,1,-8.409635544,1,1.39277935,1,4.506800175,1,-1.163820863,1,-0.731061935,0,-1.260033846,0,1.679998994,0
25.94385338,-3.639607906,1,-0.299918294,1,-8.5431633,1,1.45619154,1,4.659016132,1,-1.221248031,1,-0.677957714,0,-1.249150276,0,1.63011539,0
25.94785118,-3.661040545,1,-0.29306671,1,-8.605239868,1,1.514618278,1,4.803358555,1,-1.277330756,1,-0.621940732,0,-1.237025619,0,1.576699853,0
25.95185089,-3.883652687,1,-0.282162338,1,-8.573246002,1,1.588880897,1,4.940937042,1,-1.337821126,1,-0.572572052,0,-1.223852158,0,1.530910373,0
25.95585251,-4.055836678,1,-0.120027505,1,-8.60091877,1,1.655594826,1,5.075481892,1,-1.397030473,1,-0.525196254,0,-1.209605932,0,1.487308264,0
25.95985031,-4.019424915,1,-0.015694151,1,-8.551364899,1,1.721266389,1,5.196133614,1,-1.453748226,1,-0.479911953,0,-1.194346309,0,1.445997596,0
25.96385002,-4.026911736,1,0.007414169,1,-8.422525406,1,1.795711756,1,5.303622246,1,-1.514257669,1,-0.436753571,0,-1.178128958,0,1.407031298,0
25.96785164,-3.951514482,1,0.064732276,1,-8.35515213,1,1.86800611,1,5.39405632,1,-1.560973406,1,-0.395773381,0,-1.161040187,0,1.370471835,0
25.97184944,-3.79833436,1,0.048589986,1,-8.242436409,1,1.946832299,1,5.468099117,1,-1.603682995,1,-0.356967509,0,-1.143152595,0,1.336346388,0
25.97584915,-3.871109486,1,0.126288012,1,-8.176767349,1,2.013825417,1,5.525068283,1,-1.636734009,1,-0.32031697,0,-1.124566436,0,1.304635644,0
25.97985077,-3.63153863,1,-0.026200559,1,-8.015089035,1,2.079064131,1,5.566757679,1,-1.6684165,1,-0.285730541,0,-1.105365276,0,1.275246382,0
25.98384857,-3.67733264,1,-0.212833866,1,-8.025570869,1,2.133027792,1,5.578495502,1,-1.695991755,1,-0.253162295,0,-1.085657954,0,1.248100996,0
25.98784828,-3.706451178,1,-0.532614172,1,-8.008593559,1,2.164908648,1,5.593691826,1,-1.72432971,1,-0.22249268,0,-1.065539598,0,1.223026037,0
25.9918499,-3.806188345,1,-0.773030102,1,-8.086380005,1,2.18089056,1,5.59506321,1,-1.757128835,1,-0.193628848,0,-1.045087814,0,1.19984591,0
25.9958477,-3.933298588,1,-1.131580234,1,-8.084429741,1,2.173533916,1,5.56913805,1,-1.784824133,1,-0.166454643,0,-1.024389863,0,1.178371549,0
25.99984741,-4.22054863,1,-1.511070013,1,-8.146242142,1,2.142132282,1,5.55814743,1,-1.808346868,1,-0.140946463,0,-1.003502965,0,1.158492088,0
26.00385475,-4.557112694,1,-1.821692824,1,-8.235328674,1,2.105351925,1,5.543586254,1,-1.833516002,1,-0.117001198,0,-0.982416332,0,1.140053391,0
26.00785828,-4.960451126,1,-2.027332544,1,-8.421788216,1,2.061134815,1,5.53818655,1,-1.851060867,1,-0.094499655,0,-0.961148024,0,1.122895479,0
26.01185989,-5.383230209,1,-2.121534348,1,-8.685399055,1,2.024860859,1,5.540222645,1,-1.879190087,1,-0.073316097,0,-0.939692259,0,1.106902003,0
26.01586151,-5.767513275,1,-2.059823751,1,-8.981245995,1,2.000421524,1,5.548617363,1,-1.910112023,1,-0.053290743,0,-0.918036163,0,1.091945291,0
26.01985931,-6.136417389,1,-1.966034174,1,-9.285768509,1,1.989480734,1,5.562407017,1,-1.9451406,1,-0.034213457,0,-0.896167755,0,1.077862382,0
26.02385902,-6.39017725,1,-1.888070703,1,-9.597045898,1,1.998709917,1,5.579871178,1,-1.989227295,1,-0.015939573,0,-0.874082804,0,1.064560652,0
26.02786064,-6.612213612,1,-1.773834825,1,-9.92455101,1,2.025367498,1,5.582662582,1,-2.040702581,1,0.00169594,0,-0.851805031,0,1.051936388,0
26.03185844,-6.719453812,1,-1.600577474,1,-10.17106628,1,2.071768284,1,5.585187435,1,-2.09864974,1,0.018878045,0,-0.829377949,0,1.039872885,0
26.03585815,-6.820727348,1,-1.589304447,1,-10.50533199,1,2.126173019,1,5.575398922,1,-2.163932562,1,0.035704456,0,-0.806824267,0,1.028312683,0
26.03985977,-6.975513458,1,-1.713040113,1,-10.7709856,1,2.189957142,1,5.561149597,1,-2.227837801,1,0.052285571,0,-0.784181416,0,1.017174959,0
26.04385757,-7.14359045,1,-1.863804698,1,-11.17267609,1,2.264975548,1,5.53530407,1,-2.303608179,1,0.068709306,0,-0.761471629,0,1.006413817,0
26.04785729,-7.425024986,1,-2.005199671,1,-11.655159,1,2.331509829,1,5.503019333,1,-2.381163597,1,0.085036591,0,-0.738743246,0,0.995956182,0
26.0518589,-7.781483173,1,-2.211023808,1,-12.23666477,1,2.398324251,1,5.471997261,1,-2.46835804,1,0.101287171,0,-0.715986848,0,0.985744476,0
26.05585671,-8.356084824,1,-2.440301895,1,-12.83116341,1,2.450858593,1,5.436095715,1,-2.55124712,1,0.117448874,0,-0.693209469,0,0.975774169,0
26.05985451,-8.766868591,1,-2.857183933,1,-13.51082706,1,2.492401123,1,5.409572601,1,-2.637699842,1,0.133499488,0,-0.67037642,0,0.966008902,0
26.06385613,-9.306640625,1,-3.19925499,1,-14.19966316,1,2.51463294,1,5.383662701,1,-2.711197615,1,0.149356738,0,-0.647496104,0,0.956470013,0
26.06785393,-10.08080292,1,-3.264044046,1,-15.10237026,1,2.530190706,1,5.358896732,1,-2.798797607,1,0.164991334,0,-0.624560356,0,0.947122395,0
26.07185555,-11.14771366,1,-3.00457263,1,-16.0053463,1,2.561986923,1,5.338637829,1,-2.888080835,1,0.180467248,0,-0.60152477,0,0.937924087,0
26.07585716,-12.43372822,1,-2.746175528,1,-16.66249466,1,2.581004143,1,5.326734543,1,-2.975682735,1,0.195792183,0,-0.578389704,0,0.928870618,0
26.07985497,-13.71529675,1,-2.560817719,1,-17.18310928,1,2.625858307,1,5.333097935,1,-3.075325727,1,0.211013108,0,-0.555057228,0,0.919924378,0
26.08385277,-15.35567188,1,-2.673024416,1,-17.50886154,1,2.658604383,1,5.351290226,1,-3.18263793,1,0.226161301,0,-0.531495869,0,0.911069155,0
26.08785439,-17.18874359,1,-3.006610155,1,-17.74895287,1,2.674478292,1,5.36989069,1,-3.301655054,1,0.241210461,0,-0.507632613,0,0.902263105,0
26.09185219,-18.96379852,1,-3.183470011,1,-17.64178276,1,2.65440011,1,5.380968571,1,-3.418039083,1,0.25605002,0,-0.483476907,0,0.89348489,0
26.09585381,-20.80126572,1,-2.800962448,1,-17.56258011,1,2.603243589,1,5.375422478,1,-3.548255205,1,0.270568073,0,-0.459070742,0,0.884688854,0
26.09985542,-22.70861053,1,-1.652008176,1,-17.47618294,1,2.5413661,1,5.336823463,1,-3.675408602,1,0.284688771,0,-0.434504807,0,0.87580204,0
26.10385323,-24.59162712,1,0.401958108,1,-17.24645233,1,2.498490334,1,5.263357639,1,-3.809314728,1,0.298454374,0,-0.40989238,0,0.866769016,0
26.10785294,-26.40231323,1,2.312472105,1,-16.44195938,1,2.518845081,1,5.196825027,1,-3.919921875,1,0.312027931,0,-0.38530004,0,0.857599258,0
26.11185455,-28.51096153,1,3.565494776,1,-14.65936565,1,2.60553956,1,5.142948627,1,-3.996813297,1,0.325630456,0,-0.360712618,0,0.848391891,0
26.11585236,-30.55940819,1,3.61961031,1,-12.50133514,1,2.68354249,1,5.09620142,1,-4.024950027,1,0.339317799,0,-0.336114019,0,0.839363933,0
26.11985207,-32.33154678,1,2.259186745,1,-10.08004475,1,2.658743858,1,5.0403409,1,-3.981478214,1,0.352792323,0,-0.311609894,0,0.830711842,0
26.1238575,-33.06933594,1,1.3317554,1,-7.524365902,1,2.524471045,1,4.939463139,1,-3.878725052,1,0.36556226,0,-0.287378103,0,0.822641969,0
26.12786293,-33.17969513,1,1.389989257,1,-4.972886562,1,2.303444386,1,4.744562149,1,-3.715144634,1,0.377243638,0,-0.2638008,0,0.815231919,0
26.13186073,-32.98788452,1,2.44673872,1,-2.532461643,1,2.077933311,1,4.46995163,1,-3.493574858,1,0.387693644,0,-0.241302192,0,0.808523238,0
26.13586235,-32.23290634,1,4.580147266,1,-0.196742445,1,1.902036905,1,4.126227856,1,-3.218424797,1,0.396990657,0,-0.220268846,0,0.802530646,0
26.13986015,-30.82034683,1,7.94039917,1,1.81648016,1,1.869845986,1,3.703875065,1,-2.920047522,1,0.405605763,0,-0.201029792,0,0.797233582,0
26.14385986,-29.39652824,1,11.75154591,1,3.701884031,1,2.005720854,1,3.216360807,1,-2.612489462,1,0.414208293,0,-0.183910936,0,0.792515934,0
26.14786339,-28.51648712,1,15.23359394,1,5.187203884,1,2.300596952,1,2.698338747,1,-2.319146395,1,0.423541546,0,-0.169087395,0,0.788260579,0
26.1518631,-28.44416809,1,17.91957092,1,6.02802372,1,2.684591055,1,2.173846722,1,-2.059277773,1,0.434143513,0,-0.1565855,0,0.784293771,0
26.1558609,-29.19617081,1,18.46912384,1,6.655799866,1,3.036680698,1,1.696028948,1,-1.828959346,1,0.446175694,0,-0.146282166,0,0.780513048,0
26.15986252,-29.6382122,1,17.49798584,1,6.861098766,1,3.271230936,1,1.233173847,1,-1.608004928,1,0.459354818,0,-0.138020664,0,0.776843786,0
26.16386032,-29.77882957,1,16.08464432,1,6.90707159,1,3.344204903,1,0.769446373,1,-1.392992616,1,0.473113447,0,-0.131750345,0,0.77325213,0
26.16786003,-30.30825043,1,14.43808842,1,6.690848827,1,3.251829863,1,0.368396312,1,-1.227816224,1,0.486828268,0,-0.12733227,0,0.769617856,0
26.17186165,-30.97538567,1,12.4863224,1,5.947201729,1,2.950836658,1,0.024480285,1,-1.109621048,1,0.499759138,0,-0.124448024,0,0.765845895,0
26.17585945,-31.71796227,1,10.12210083,1,5.292011261,1,2.432361126,1,-0.241964459,1,-1.018260598,1,0.511069238,0,-0.122786015,0,0.761883616,0
26.17985916,-31.83976364,1,7.763706207,1,4.50583601,1,1.724351287,1,-0.460833222,1,-0.938352823,1,0.519929528,0,-0.12207666,0,0.757751822,0
26.18386078,-31.08791733,1,5.256340981,1,3.549711704,1,0.891403079,1,-0.660378039,1,-0.833716333,1,0.525705218,0,-0.122231565,0,0.753526807,0
26.18785858,-11.15220356,1,-10.22601795,1,-1.3341465,1,-0.771832228,1,-1.33722043,1,-0.145625532,1,0.526658714,0,-0.124428771,0,0.749676466,0
26.19185829,-42.52314758,1,9.897931099,1,5.390568256,1,-0.97914803,1,-2.788839102,1,1.293267727,1,0.522877693,0,-0.132798046,0,0.747563362,0
26.19585991,-23.93905067,1,14.76283169,1,7.333351612,1,-0.991746604,1,-2.329565763,1,1.477742672,1,0.52083838,0,-0.143053591,0,0.744219184,0
26.19985771,13.54307747,1,2.905278444,1,3.928270578,1,-1.313808084,1,-1.971691489,1,1.777053237,1,0.515822828,0,-0.153375432,0,0.745550215,0
26.20385742,-0.113072276,1,-5.978849411,1,-9.446773529,1,-1.43808198,1,-2.509350061,1,2.515096426,1,0.509931087,0,-0.165352315,0,0.748743057,0
26.20785904,-12.69704437,1,-15.02973366,1,-18.61750603,1,-1.737120867,1,-2.276389599,1,2.862548113,1,0.502657115,0,-0.179350421,0,0.753455102,0
26.21185684,3.869551897,1,-25.32896233,1,-23.05586433,1,-1.751217484,1,-1.40951407,1,3.124706268,1,0.494559824,0,-0.191378459,0,0.760669112,0
26.21585655,9.11902523,1,-32.18327332,1,-21.00414467,1,-2.332217693,1,-1.120202303,1,3.217797279,1,0.484657884,0,-0.201771513,0,0.769717753,0
26.21985817,10.71956253,1,-30.7723732,1,-12.70407772,1,-2.896039486,1,-1.212289572,1,3.242319345,1,0.472130656,0,-0.211775094,0,0.779289722,0
26.22385597,10.68400288,1,-23.8049202,1,-6.463007927,1,-3.367959499,1,-1.643149853,1,3.342428923,1,0.457535177,0,-0.222791478,0,0.788728952,0
26.22785568,7.674949169,1,-14.99812794,1,-3.957221985,1,-3.680954456,1,-2.344415188,1,3.320180416,1,0.441375524,0,-0.235606149,0,0.797662318,0
26.2318573,8.334064484,1,-8.72736454,1,-2.450857162,1,-3.870705605,1,-3.201487064,1,3.420245647,1,0.42443791,0,-0.251347363,0,0.805478871,0
26.2358551,3.255980492,1,-4.299114227,1,-4.327026844,1,-3.887091398,1,-4.064008236,1,3.526052952,1,0.407049716,0,-0.270371318,0,0.812503338,0
26.23985481,-6.257471561,1,-3.894203424,1,-8.095832825,1,-3.919497013,1,-4.613601685,1,3.360881567,1,0.389682293,0,-0.291782379,0,0.818818688,0
26.24386215,-17.00603867,1,-0.34398821,1,-14.29184532,1,-3.988789797,1,-4.596692562,1,2.945615768,1,0.372449726,0,-0.313751698,0,0.823796988,0
26.24786568,-22.676754,1,5.996321678,1,-16.91255951,1,-4.013420105,1,-4.084592819,1,2.665533781,1,0.354887545,0,-0.334027857,0,0.828313291,0
26.25186539,-23.87237549,1,8.842470169,1,-17.41126251,1,-3.839293718,1,-3.601638556,1,2.48558569,1,0.337508082,0,-0.351924002,0,0.833064437,0
26.255867,-21.5700016,1,14.32845783,1,-18.14564514,1,-3.285375357,1,-3.299813509,1,2.317192554,1,0.321395099,0,-0.368022978,0,0.838027716,0
26.25986481,-20.6014061,1,15.39717388,1,-16.67831039,1,-2.684713125,1,-3.102886915,1,2.035248041,1,0.307793081,0,-0.382911474,0,0.842662692,0
26.26386452,-17.92047119,1,11.95966053,1,-15.06800747,1,-2.196703672,1,-2.866716146,1,1.859732628,1,0.296496093,0,-0.396611094,0,0.846845984,0
26.26786804,-16.73321724,1,7.839830399,1,-15.03156948,1,-1.86838448,1,-2.591338873,1,1.60545063,1,0.286794841,0,-0.409098208,0,0.850697517,0
26.27186394,-15.78660011,1,4.734636307,1,-13.29596901,1,-1.468131542,1,-2.524217844,1,1.49471128,1,0.278923512,0,-0.420682132,0,0.854071677,0
26.27586365,-12.38098526,1,-0.9194417,1,-12.63564014,1,-1.292772651,1,-2.212850094,1,1.382233381,1,0.272056133,0,-0.431323111,0,0.857275903,0
26.27986717,-10.11774254,1,-2.593774557,1,-11.09306812,1,-1.269055009,1,-1.991497636,1,1.329975605,1,0.265563995,0,-0.440878421,0,0.860613704,0
26.28386498,-10.27327156,1,-5.125713348,1,-9.892106056,1,-1.324325442,1,-1.744297862,1,1.192284107,1,0.258950382,0,-0.449426383,0,0.863893926,0
26.28786469,-7.891750336,1,-4.483359337,1,-9.05037117,1,-1.300888062,1,-1.562039256,1,1.089800119,1,0.252405912,0,-0.456945151,0,0.866899073,0
26.2918663,-10.50138092,1,-3.245609522,1,-10.2509222,1,-1.325411201,1,-1.285911441,1,0.934426546,1,0.245778099,0,-0.46347791,0,0.869708717,0
26.29586411,-10.44814587,1,-0.184494168,1,-9.866653442,1,-1.231284142,1,-1.027140498,1,0.877649426,1,0.239487544,0,-0.468823075,0,0.872402728,0
26.29986382,-14.655653,1,-0.022330066,1,-11.0445013,1,-1.145479202,1,-0.705588758,1,0.76676327,1,0.233481005,0,-0.473034024,0,0.875083029,0
26.30386543,-11.6308279,1,1.716104865,1,-9.673645973,1,-0.9597435,1,-0.369471073,1,0.665425599,1,0.228093103,0,-0.475685537,0,0.877674162,0
26.30786324,-9.895605087,1,0.026175138,1,-9.922686577,1,-0.794457793,1,-0.238522142,1,0.490952492,1,0.223540083,0,-0.477376223,0,0.879908144,0
26.31186295,-6.334241867,1,-0.934196234,1,-8.576075554,1,-0.735153913,1,-0.196176663,1,0.421171933,1,0.219698086,0,-0.478582501,0,0.881690145,0
26.31586266,-5.891805172,1,-2.199205875,1,-9.413883209,1,-0.648119211,1,-0.213997886,1,0.339316189,1,0.216204673,0,-0.479720563,0,0.883172035,0
26.31986237,-5.785246372,1,-3.04931736,1,-9.486473083,1,-0.620769858,1,-0.13148132,1,0.327245682,1,0.2130927,0,-0.480670691,0,0.884442449,0
26.32386208,-5.38757515,1,-3.19823122,1,-8.898659706,1,-0.575151801,1,-0.170820549,1,0.373521239,1,0.210051313,0,-0.481565058,0,0.885852516,0
26.32786369,-5.518949986,1,-4.120162964,1,-8.861635208,1,-0.575681031,1,-0.167794392,1,0.386515677,1,0.207052201,0,-0.482557476,0,0.887380898,0
26.3318615,-6.120076656,1,-4.328073978,1,-8.830899239,1,-0.597021639,1,-0.138168901,1,0.390958518,1,0.203972504,0,-0.48348546,0,0.888951838,0
26.3358593,-6.176600456,1,-3.634240389,1,-8.780822754,1,-0.596493959,1,-0.11571677,1,0.395184934,1,0.200818047,0,-0.484266639,0,0.890573621,0
26.33986092,-5.99774456,1,-2.160950899,1,-9.058939934,1,-0.564416647,1,-0.095771953,1,0.377171546,1,0.197736353,0,-0.484990507,0,0.892198384,0
26.34385872,-5.189123631,1,-0.545425653,1,-9.066861153,1,-0.513188124,1,-0.112971857,1,0.366252661,1,0.194855645,0,-0.485687464,0,0.893756628,0
26.34785843,-5.097392559,1,0.402366728,1,-9.380841255,1,-0.421551406,1,-0.127499983,1,0.334762156,1,0.192286029,0,-0.486433357,0,0.895224094,0
26.35186005,-5.533012867,1,0.38664943,1,-9.304066658,1,-0.330746263,1,-0.120869845,1,0.295571834,1,0.190181807,0,-0.487164676,0,0.896518886,0
26.35585785,-5.38181591,1,-0.161595061,1,-9.099240303,1,-0.24570927,1,-0.12659277,1,0.256381422,1,0.188502759,0,-0.487858713,0,0.897645831,0
26.35985756,-5.075150013,1,-1.179605603,1,-9.12868309,1,-0.176245451,1,-0.136537358,1,0.225730956,1,0.187213272,0,-0.488562256,0,0.898613095,0
26.3638649,-4.792949677,1,-1.829252243,1,-9.145998001,1,-0.132464677,1,-0.156124711,1,0.208490327,1,0.186207145,0,-0.489293814,0,0.899453044,0
26.36786842,-4.730482578,1,-2.04630065,1,-9.064796448,1,-0.090813965,1,-0.176075995,1,0.196606413,1,0.185409337,0,-0.490092307,0,0.900209665,0
26.37186813,-4.941958427,1,-1.829993486,1,-8.96532917,1,-0.056645468,1,-0.198091865,1,0.187851951,1,0.184780553,0,-0.4909679,0,0.900905073,0
26.37586975,-5.004906178,1,-1.671055913,1,-8.877185822,1,-0.016815575,1,-0.206874669,1,0.17655392,1,0.184334502,0,-0.491884798,0,0.901548386,0
26.37986755,-4.840413094,1,-1.6636765,1,-8.815881729,1,0.016214427,1,-0.222372502,1,0.167311311,1,0.184053928,0,-0.492848039,0,0.902135193,0
26.38386726,-4.725635052,1,-1.880892277,1,-8.736567497,1,0.049153123,1,-0.235017166,1,0.164476439,1,0.183916226,0,-0.493863285,0,0.902688265,0
26.38786888,-4.677076817,1,-2.320700407,1,-8.644697189,1,0.061163399,1,-0.246490508,1,0.156961501,1,0.183890313,0,-0.49492383,0,0.903200567,0
26.39186668,-4.646607876,1,-2.654116631,1,-8.495135307,1,0.069280222,1,-0.257951677,1,0.152537122,1,0.183929846,0,-0.496031821,0,0.903680921,0
26.39586639,-4.735014915,1,-2.822817087,1,-8.552834511,1,0.067804739,1,-0.273597717,1,0.152727142,1,0.183987334,0,-0.497188419,0,0.90414238,0
26.39986801,-4.795571327,1,-2.69176507,1,-8.549746513,1,0.064358547,1,-0.281943649,1,0.148882776,1,0.184040517,0,-0.498390198,0,0.904597044,0
26.40386581,-4.893375874,1,-2.319552183,1,-8.532980919,1,0.072205782,1,-0.293255866,1,0.14470306,1,0.184113458,0,-0.499631405,0,0.905016124,0
26.40786552,-4.993173599,1,-2.064920187,1,-8.536611557,1,0.086175635,1,-0.298866451,1,0.126792267,1,0.184261769,0,-0.500898123,0,0.905378222,0
26.41186905,-4.908635616,1,-1.932877898,1,-8.562285423,1,0.104410887,1,-0.3048262,1,0.107695602,1,0.184510186,0,-0.502164066,0,0.905658245,0
26.41586494,-4.950302601,1,-2.047954321,1,-8.397248268,1,0.122920722,1,-0.304512352,1,0.08937896,1,0.184878021,0,-0.503444016,0,0.905847967,0
26.41986466,-4.934525013,1,-2.21629715,1,-8.361513138,1,0.130811751,1,-0.312734336,1,0.066546455,1,0.185341746,0,-0.504708946,0,0.905936182,0
26.42386818,-5.016973019,1,-2.181479931,1,-8.354018211,1,0.14675574,1,-0.312876761,1,0.052497223,1,0.185893208,0,-0.505980074,0,0.905948997,0
26.42786598,-4.946484089,1,-2.041753054,1,-8.297330856,1,0.155147687,1,-0.310157508,1,0.03955109,1,0.186525851,0,-0.50724113,0,0.905884922,0
26.43186569,-4.985394955,1,-2.005187273,1,-8.36610508,1,0.170484811,1,-0.309646964,1,0.025615558,1,0.187249601,0,-0.508486629,0,0.905762553,0
26.43586731,-4.915260792,1,-2.147484541,1,-8.301898956,1,0.185623705,1,-0.31156832,1,0.008644192,1,0.188054025,0,-0.509718895,0,0.905567348,0
26.43986511,-4.864956379,1,-2.289443731,1,-8.253868103,1,0.199807018,1,-0.308316588,1,0.001156724,1,0.188947916,0,-0.510941148,0,0.90531981,0
26.44386482,-4.877940178,1,-2.561088324,1,-8.168176651,1,0.198000357,1,-0.306991816,1,-0.003564742,1,0.166904226,0,-0.597017944,0,1.08387804,0
26.44786644,-4.808996677,1,-2.987895727,1,-8.093056679,1,0.184641823,1,-0.307228535,1,0.008538999,1,0.169601098,0,-0.597383618,0,1.080184937,0
26.45186424,-4.997736931,1,-3.164914846,1,-7.937245846,1,0.17741479,1,-0.298835725,1,0.027249606,1,0.170411617,0,-0.598583162,0,1.080022931,0
26.45586395,-4.950754642,1,-3.455647469,1,-7.817009926,1,0.162979558,1,-0.288277686,1,0.034305517,1,0.171148196,0,-0.599765241,0,1.079926491,0
26.45986557,-4.866304398,1,-3.785689116,1,-7.812395573,1,0.141249657,1,-0.286570638,1,0.045527995,1,0.171802133,0,-0.600923896,0,1.079854965,0
26.46386337,-4.984040737,1,-3.847606182,1,-7.605864048,1,0.104000047,1,-0.271537602,1,0.07360433,1,0.17225273,0,-0.602072358,0,1.079914331,0
26.46786308,-4.948442936,1,-3.967158318,1,-7.59896946,1,0.075563855,1,-0.257155836,1,0.092059918,1,0.172522306,0,-0.603166103,0,1.080088973,0
26.4718647,-4.93929863,1,-3.722757816,1,-7.61723423,1,0.053701751,1,-0.243519843,1,0.109402873,1,0.172620595,0,-0.604217529,0,1.080359221,0
26.4758625,-4.943540096,1,-3.536163807,1,-7.682700157,1,0.030208483,1,-0.228648692,1,0.126372457,1,0.172574714,0,-0.605237484,0,1.080724955,0
26.47986221,-4.941226959,1,-3.23342514,1,-7.710203171,1,0.014916744,1,-0.220644981,1,0.133627996,1,0.172409877,0,-0.606212437,0,1.081158519,0
26.48386955,-4.891294003,1,-2.98797965,1,-7.815045834,1,0.00961248,1,-0.211942062,1,0.140393436,1,0.172191873,0,-0.607160747,0,1.081637025,0
26.48787308,-4.824852467,1,-2.587119579,1,-7.993480682,1,0.014273785,1,-0.215235934,1,0.142049283,1,0.171951994,0,-0.608100653,0,1.082142353,0
26.49187279,-4.881911278,1,-2.310859919,1,-8.116552353,1,0.026961695,1,-0.21385555,1,0.152618632,1,0.1717287,0,-0.609047532,0,1.082667947,0
26.4958725,-4.864263058,1,-2.188111067,1,-8.149651527,1,0.046802554,1,-0.222004026,1,0.144468278,1,0.171568796,0,-0.610005617,0,1.083190918,0
26.49987221,-4.769096375,1,-2.25100112,1,-8.127738953,1,0.054010302,1,-0.224637315,1,0.144985482,1,0.171479777,0,-0.610985875,0,1.083697677,0
26.50387192,-4.706497669,1,-2.39193511,1,-8.224240303,1,0.066131674,1,-0.236087576,1,0.141507372,1,0.171448976,0,-0.61199367,0,1.084186316,0
26.50787354,-4.791102886,1,-2.380003929,1,-8.184095383,1,0.082897797,1,-0.241392568,1,0.138313368,1,0.171475664,0,-0.613038301,0,1.084659219,0
26.51187134,-4.809888363,1,-2.553320885,1,-8.121096611,1,0.090744719,1,-0.249376088,1,0.143051177,1,0.171557665,0,-0.614099383,0,1.08512795,0
26.51586914,-4.82022953,1,-2.609380007,1,-8.097191811,1,0.079796657,1,-0.253504306,1,0.144400999,1,0.17160964,0,-0.615190625,0,1.085607767,0
26.51987076,-4.882568359,1,-2.54093194,1,-7.943315029,1,0.091045946,1,-0.254851282,1,0.148556992,1,0.171663821,0,-0.61630106,0,1.086098552,0
26.52386856,-4.915930748,1,-2.530708075,1,-7.939499378,1,0.098085053,1,-0.244018346,1,0.154339939,1,0.171756968,0,-0.617391706,0,1.086608648,0
26.52786827,-4.912656784,1,-2.607429028,1,-8.000049591,1,0.102924608,1,-0.244382769,1,0.161629841,1,0.171822146,0,-0.618463457,0,1.087176085,0
26.53186989,-4.88696909,1,-2.558380604,1,-8.007674217,1,0.104011327,1,-0.246138811,1,0.165235475,1,0.171888381,0,-0.619541645,0,1.087767959,0
26.53586769,-5.032186508,1,-2.433455944,1,-7.982048988,1,0.113907844,1,-0.247133434,1,0.168879151,1,0.171971351,0,-0.620636225,0,1.088374257,0
26.5398674,-5.056704998,1,-2.405670881,1,-7.901128769,1,0.111790471,1,-0.242418826,1,0.172942787,1,0.172056049,0,-0.621711731,0,1.089002371,0
26.54386902,-5.0910182,1,-2.415845633,1,-7.866843224,1,0.117886767,1,-0.244515985,1,0.172882915,1,0.172151282,0,-0.622795582,0,1.089641929,0
26.54786682,-5.127315998,1,-2.56469059,1,-7.91706562,1,0.113269866,1,-0.244013935,1,0.173247263,1,0.172251791,0,-0.623881996,0,1.090278983,0
26.55186653,-4.874752522,1,-2.675641537,1,-7.942731857,1,0.093640327,1,-0.248725325,1,0.17509298,1,0.172296986,0,-0.624977589,0,1.090918303,0
26.55587006,-5.008034706,1,-2.478708744,1,-8.004903793,1,0.090107404,1,-0.258015662,1,0.168957368,1,0.172286913,0,-0.626098454,0,1.091534853,0
26.55986595,-4.999610424,1,-2.495910883,1,-7.967644215,1,0.100766852,1,-0.257139891,1,0.178805366,1,0.172305033,0,-0.627230048,0,1.092163682,0
26.56386757,-4.946949005,1,-2.547560215,1,-8.03079319,1,0.102653548,1,-0.25880906,1,0.181793809,1,0.172336519,0,-0.628369689,0,1.092806578,0
26.56786919,-5.055383205,1,-2.55343461,1,-8.005164146,1,0.102601282,1,-0.262804449,1,0.183960155,1,0.172353476,0,-0.629527688,0,1.093478322,0
26.57186699,-5.10612011,1,-2.592666626,1,-7.99561739,1,0.1050881,1,-0.267025828,1,0.188219205,1,0.17236425,0,-0.630699992,0,1.094153404,0
26.5758667,-5.076957703,1,-2.633491755,1,-7.988791466,1,0.11345917,1,-0.265415072,1,0.193473637,1,0.172375187,0,-0.631879687,0,1.094862223,0
26.57986832,-5.013944626,1,-2.776069403,1,-8.020490646,1,0.102878749,1,-0.266664892,1,0.202341616,1,0.172369763,0,-0.63306433,0,1.095605969,0
26.58386612,-4.933773041,1,-2.718405962,1,-8.029927254,1,0.104862414,1,-0.271276504,1,0.214313939,1,0.172318637,0,-0.634267151,0,1.096394181,0
26.58786583,-5.019263268,1,-2.781806469,1,-8.056016922,1,0.101295002,1,-0.285088748,1,0.22815001,1,0.172226012,0,-0.635516942,0,1.097236037,0
26.59186745,-4.97357893,1,-2.791121006,1,-8.01718998,1,0.106166154,1,-0.28607434,1,0.239050508,1,0.172107324,0,-0.636795402,0,1.098135471,0
26.59586525,-5.030073643,1,-2.837192535,1,-8.012192726,1,0.107189439,1,-0.290982783,1,0.249065548,1,0.171960339,0,-0.638109565,0,1.09910059,0
26.59986496,-5.117576122,1,-3.013539076,1,-8.028862,1,0.090506278,1,-0.307144374,1,0.271863133,1,0.1717401,0,-0.639468253,0,1.100125074,0
26.60387039,-5.219727039,1,-2.922296524,1,-7.981282234,1,0.078687124,1,-0.319156438,1,0.279539496,1,0.171412498,0,-0.640888035,0,1.101209641,0
26.60787392,-5.311067104,1,-2.786532164,1,-7.94136095,1,0.079642482,1,-0.320264757,1,0.293574154,1,0.171067387,0,-0.642340422,0,1.102335691,0
26.61187363,-5.071508884,1,-2.837419271,1,-8.015382767,1,0.073842481,1,-0.338641196,1,0.296434373,1,0.170669287,0,-0.643838406,0,1.103509665,0
26.61587524,-5.017163754,1,-2.858458757,1,-8.169513702,1,0.071836151,1,-0.351263314,1,0.310063392,1,0.170236751,0,-0.64539063,0,1.104722977,0
26.61987305,-4.918853283,1,-2.866879225,1,-8.31632328,1,0.077584438,1,-0.371106535,1,0.323245376,1,0.169782922,0,-0.647030234,0,1.105982065,0
26.62387276,-4.942414761,1,-3.158755779,1,-8.268931389,1,0.069335528,1,-0.396100998,1,0.334654331,1,0.169294536,0,-0.648763776,0,1.107289672,0
26.62787437,-4.809772968,1,-3.162014961,1,-8.440993309,1,0.063339926,1,-0.429658443,1,0.357739955,1,0.168732643,0,-0.650620103,0,1.108654857,0
26.63187218,-4.924550533,1,-3.228488922,1,-8.52346611,1,0.06778229,1,-0.461823642,1,0.381451517,1,0.168126181,0,-0.652629077,0,1.110110283,0
26.63587189,-4.920973778,1,-3.497014761,1,-8.421821594,1,0.041086566,1,-0.507459879,1,0.395768166,1,0.167416856,0,-0.654796243,0,1.111644626,0
26.63987351,-4.877429485,1,-2.922832251,1,-8.513493538,1,0.04754103,1,-0.542714953,1,0.414828449,1,0.166618958,0,-0.657140613,0,1.113213897,0
26.64387131,-4.891265392,1,-2.756645679,1,-8.618652344,1,0.045801066,1,-0.581493437,1,0.432967514,1,0.165804461,0,-0.659644127,0,1.114853621,0
26.64787102,-5.163728237,1,-3.174987555,1,-8.072639465,1,0.001598696,1,-0.539445996,1,0.445692271,1,0.164831355,0,-0.662185371,0,1.116615534,0
26.65187264,-5.477210999,1,-1.545584559,1,-9.340976715,1,0.138314545,1,-0.659158349,1,0.451939642,1,0.164131254,0,-0.664902151,0,1.118309855,0
26.65587044,-4.800300121,1,-1.559134603,1,-8.285819054,1,0.088232987,1,-0.70053941,1,0.446862608,1,0.163502812,0,-0.667824149,0,1.120028496,0
26.65987015,-5.358897686,1,-2.977662802,1,-8.457508087,1,0.079271831,1,-0.74963057,1,0.430500984,1,0.162828356,0,-0.670987606,0,1.121622086,0
26.66387177,-4.820366383,1,-3.404087067,1,-8.509070396,1,0.065667376,1,-0.782023489,1,0.436534703,1,0.16217272,0,-0.674276531,0,1.123154879,0
26.66786957,-4.55854702,1,-2.81273818,1,-8.708111763,1,0.062291715,1,-0.828758538,1,0.459267646,1,0.161422551,0,-0.677738845,0,1.124757767,0
26.67186928,-4.914027214,1,-2.644091606,1,-8.771324158,1,0.058563687,1,-0.880584002,1,0.472491592,1,0.160616726,0,-0.681414604,0,1.126414895,0
26.6758709,-5.113526821,1,-2.7563622,1,-8.764843941,1,0.048231501,1,-0.925678372,1,0.471301794,1,0.159785017,0,-0.685283542,0,1.128076196,0
26.6798687,-5.127522945,1,-2.546257496,1,-8.90680027,1,0.044313725,1,-0.9769122,1,0.485416651,1,0.158929482,0,-0.689352751,0,1.129718781,0
26.68386841,-5.037032127,1,-2.573491573,1,-9.068509102,1,0.035129696,1,-1.038921952,1,0.497746497,1,0.158004642,0,-0.693642318,0,1.13142097,0
26.68787003,-4.982011318,1,-3.34685564,1,-9.266375542,1,0.003933426,1,-1.104579926,1,0.515581489,1,0.156987026,0,-0.698189914,0,1.133150339,0
26.69186783,-4.873515606,1,-3.344648361,1,-9.043448448,1,-0.034619078,1,-1.19900763,1,0.535752416,1,0.155756101,0,-0.703059316,0,1.134924054,0
26.69586754,-4.949383259,1,-2.996115685,1,-9.127155304,1,-0.02494549,1,-1.28520751,1,0.56008327,1,0.156599417,0,-0.707545936,0,1.132571936,0
26.69987106,-4.940019608,1,-3.070899487,1,-9.274943352,1,-0.009053858,1,-1.362420797,1,0.602534175,1,0.155269206,0,-0.713131309,0,1.134514213,0
26.70386696,-4.939346313,1,-3.398081779,1,-9.292420387,1,-0.002191912,1,-1.447329402,1,0.631831765,1,0.153885469,0,-0.719058514,0,1.136600018,0
26.70786858,-4.87162447,1,-3.538112164,1,-9.422262192,1,-0.024697093,1,-1.539349318,1,0.665961444,1,0.152377099,0,-0.72535789,0,1.13881433,0
26.71187019,-5.098217964,1,-3.58752203,1,-9.477808952,1,-0.076971881,1,-1.629037023,1,0.709071219,1,0.150597006,0,-0.732036471,0,1.141181707,0
26.715868,-4.95042944,1,-3.283049107,1,-9.531276703,1,-0.119771563,1,-1.720307589,1,0.737099946,1,0.148532912,0,-0.739093304,0,1.143676519,0
26.71986771,-5.47261095,1,-2.949646235,1,-9.776843071,1,-0.158665553,1,-1.805907249,1,0.764033556,1,0.146180362,0,-0.746515334,0,1.146313667,0
26.72387505,-5.025486469,1,-2.392480373,1,-9.662305832,1,-0.168525025,1,-1.889648438,1,0.789332986,1,0.143648505,0,-0.754273534,0,1.149058938,0
26.72787857,-4.764422894,1,-2.336070538,1,-9.694984436,1,-0.155522361,1,-1.996100068,1,0.80441159,1,0.141054317,0,-0.762413502,0,1.151880503,0
26.73187828,-5.198355675,1,-2.780264139,1,-9.912590981,1,-0.18146722,1,-2.108122587,1,0.838734508,1,0.138360798,0,-0.771003962,0,1.154804111,0
26.7358799,-4.880257607,1,-2.627638102,1,-9.684281349,1,-0.193296775,1,-2.220835209,1,0.866342843,1,0.135479137,0,-0.780030847,0,1.157870173,0
26.7398777,-4.70700407,1,-2.441839933,1,-9.750916481,1,-0.185026363,1,-2.360365868,1,0.903541923,1,0.132427603,0,-0.789583087,0,1.161111116,0
26.74387741,-4.757862568,1,-2.276926994,1,-9.925433159,1,-0.16916506,1,-2.488987446,1,0.946701825,1,0.129266322,0,-0.799682677,0,1.164540529,0
26.74787903,-4.474272728,1,-2.436487913,1,-10.03746986,1,-0.138686344,1,-2.633407593,1,0.989488721,1,0.126007944,0,-0.81033951,0,1.168207407,0
26.75187683,-4.80211401,1,-3.053386211,1,-10.32981396,1,-0.14746429,1,-2.805217505,1,1.05013752,1,0.122587629,0,-0.821635485,0,1.172136903,0
26.75587654,-4.583040237,1,-3.298184395,1,-10.50473785,1,-0.159200072,1,-2.960796118,1,1.101650596,1,0.11884471,0,-0.833598852,0,1.176387191,0
26.75987625,-4.015841007,1,-3.284378767,1,-10.83771992,1,-0.16372484,1,-3.163990498,1,1.150933504,1,0.114780024,0,-0.846272171,0,1.180956602,0
26.76387405,-3.804505348,1,-3.298654556,1,-11.40365314,1,-0.162394404,1,-3.392069101,1,1.208658218,1,0.110430032,0,-0.859835744,0,1.185854793,0
26.76787567,-4.047064781,1,-3.78414464,1,-11.99237061,1,-0.154798299,1,-3.64512682,1,1.277065396,1,0.105786413,0,-0.874356985,0,1.191124201,0
26.77187729,-4.006421089,1,-4.214505196,1,-12.35558319,1,-0.183071017,1,-3.888943911,1,1.353352666,1,0.100625053,0,-0.889878929,0,1.196927071,0
26.77587509,-3.86694622,1,-4.713564873,1,-12.44491005,1,-0.181652993,1,-4.182727337,1,1.449188471,1,0.094873056,0,-0.906478524,0,1.203337073,0
26.7798748,-3.675999165,1,-5.642083645,1,-12.61112404,1,-0.180146903,1,-4.488251209,1,1.574853659,1,0.088386402,0,-0.924301982,0,1.210615039,0
26.78387451,-3.619837761,1,-6.30911541,1,-12.96184254,1,-0.17978479,1,-4.812958241,1,1.724707007,1,0.080915309,0,-0.94338876,0,1.219011307,0
26.78787422,-4.570691586,1,-7.262352467,1,-13.48286438,1,-0.203548506,1,-5.120882988,1,1.897305131,1,0.072115593,0,-0.963760257,0,1.228861213,0
26.79187393,-3.799417734,1,-8.404919624,1,-13.1308918,1,-0.245572582,1,-5.423988342,1,2.116580486,1,0.061506666,0,-0.985320091,0,1.240610123,0
26.79587364,-3.719143391,1,-9.618214607,1,-13.10108185,1,-0.325864077,1,-5.795225143,1,2.359477997,1,0.04845966,0,-1.008218169,0,1.254796028,0
26.79987335,-5.421503067,1,-10.55527592,1,-13.36056519,1,-0.469448984,1,-6.057896137,1,2.617804527,1,0.032197457,0,-1.032329321,0,1.272010803,0
26.80387116,-5.666051388,1,-11.17221832,1,-13.39568901,1,-0.615198374,1,-6.320510387,1,2.851038456,1,0.012157803,0,-1.057319164,0,1.292692065,0
26.80787277,-5.814980507,1,-11.33359241,1,-12.69948673,1,-0.776858807,1,-6.586380482,1,3.117759466,1,-0.012406637,0,-1.083110571,0,1.317483902,0
26.81187058,-7.937036991,1,-12.75090408,1,-14.23294163,1,-1.00282371,1,-6.776842594,1,3.408246517,1,-0.042910825,0,-1.109549046,0,1.347772479,0
26.81587029,-11.26881313,1,-11.65393639,1,-15.7698164,1,-1.150677562,1,-6.824971676,1,3.621307135,1,-0.079918869,0,-1.135850906,0,1.384029865,0
26.8198719,-14.12725544,1,-9.453686714,1,-15.31986904,1,-1.203420997,1,-6.64949894,1,3.715049028,1,-0.123271748,0,-1.161179543,0,1.426297069,0
26.82387161,-11.64171982,1,-8.73777771,1,-15.36388874,1,-1.356786013,1,-6.789268017,1,3.998050213,1,-0.174195886,0,-1.185490608,0,1.476051569,0
26.82786942,-13.27291679,1,-7.818136692,1,-15.43811131,1,-1.442948937,1,-6.795949936,1,4.102780819,1,-0.234436795,0,-1.208805203,0,1.534672141,0
26.83187294,-16.54438782,1,-6.028376579,1,-16.6465435,1,-1.351203799,1,-6.80487442,1,4.054923534,1,-0.302944988,0,-1.230731487,0,1.601611257,0
26.83586884,-20.25481987,1,-5.553555489,1,-16.86833382,1,-1.18659842,1,-6.557160854,1,4.032086372,1,-0.378452808,0,-1.250573158,0,1.676080704,0
26.83987236,-18.26140976,1,-5.61426878,1,-14.65483379,1,-1.022365451,1,-6.359994411,1,4.01355648,1,-0.461188316,0,-1.267567039,0,1.758349776,0
26.84387779,-19.82345009,1,-7.962201118,1,-14.81051636,1,-0.874863744,1,-6.249150276,1,3.98842144,1,-0.551030397,0,-1.281904697,0,1.848295927,0
26.84788132,-21.62945557,1,-8.853477478,1,-14.31683159,1,-0.774702013,1,-5.944921017,1,4.051683426,1,-0.647012889,0,-1.29301548,0,1.944856286,0
26.85188103,-19.15455437,1,-9.857264519,1,-12.52306843,1,-0.815343797,1,-5.823683739,1,4.147102833,1,-0.748666525,0,-1.300482273,0,2.047141314,0
26.85588455,-21.43737221,1,-10.76584053,1,-13.4648571,1,-0.842355132,1,-5.664363384,1,4.1818223,1,-0.854402781,0,-1.304522753,0,2.153351784,0
26.85988236,-21.69309807,1,-9.357358932,1,-11.86873245,1,-0.938356459,1,-5.321597099,1,4.184348106,1,-0.959313691,0,-1.304909229,0,2.258453608,0
26.86388207,-19.06667328,1,-7.154759884,1,-11.01172543,1,-1.171013951,1,-4.994331837,1,4.151865005,1,-1.059754014,0,-1.301736832,0,2.358198881,0
26.86788368,-17.36805344,1,-6.275022507,1,-10.28359795,1,-1.219881654,1,-4.555416584,1,3.933002949,1,-1.15199244,0,-1.295866489,0,2.44894886,0
26.87188149,-12.37173939,1,-6.447265625,1,-8.769804955,1,-1.348184466,1,-3.999779701,1,3.755311489,1,-1.232476473,0,-1.287879467,0,2.527367592,0
26.8758812,-9.855668068,1,-8.624685287,1,-9.614592552,1,-1.548649549,1,-3.553214073,1,3.428646564,1,-1.301468253,0,-1.278642893,0,2.593255043,0
26.87988281,-8.889286041,1,-8.846993446,1,-11.99596691,1,-1.628111482,1,-3.163574696,1,2.9721241,1,-1.360607386,0,-1.269386172,0,2.648415327,0
26.88388062,-9.701468468,1,-6.438176632,1,-11.58137417,1,-1.667268634,1,-2.920350313,1,2.621885061,1,-1.411333799,0,-1.260650873,0,2.69470191,0
26.88788033,-21.62459946,1,-1.688001871,1,-13.34215832,1,-1.52604425,1,-2.725820303,1,2.303222895,1,-1.456493497,0,-1.25245142,0,2.735328913,0
26.89188194,-28.60570526,1,-2.179687738,1,-17.57959366,1,-1.186283827,1,-2.013572693,1,2.090624571,1,-1.493117094,0,-1.244653702,0,2.768272161,0
26.89587975,-17.43549538,1,-5.216175079,1,-17.46373749,1,-0.955382466,1,-1.214232564,1,1.766359329,1,-1.517511249,0,-1.237323403,0,2.789510012,0
26.89987946,-6.312832355,1,-7.411295891,1,-13.5206213,1,-0.730526507,1,-0.724624813,1,1.322249651,1,-1.532493353,0,-1.231332302,0,2.801819324,0
26.90387917,-2.074230194,1,-7.412666798,1,-11.04689312,1,-0.534382761,1,-0.582628012,1,1.000724673,1,-1.542666316,0,-1.22682786,0,2.809942484,0
26.90787697,-3.779163837,1,-6.701913357,1,-10.95996571,1,-0.45170182,1,-0.469928533,1,0.861656785,1,-1.550728083,0,-1.223187566,0,2.816452503,0
26.91187668,-5.164728642,1,-6.70417881,1,-11.1956234,1,-0.423469096,1,-0.308570623,1,0.763027549,1,-1.55694294,0,-1.219963193,0,2.821201563,0
26.9158783,-4.000254631,1,-7.000952721,1,-10.69856453,1,-0.38113305,1,-0.116500087,1,0.631783962,1,-1.560981274,0,-1.2171731,0,2.82377243,0
26.9198761,-2.054932356,1,-6.653941154,1,-9.455130577,1,-0.327973127,1,0.034139775,1,0.4843283,1,-1.562861204,0,-1.214938164,0,2.82426405,0
26.92387581,-0.864999533,1,-6.331686974,1,-8.467494965,1,-0.257824779,1,0.13531819,1,0.373189062,1,-1.563161492,0,-1.21321702,0,2.823345661,0
26.92787743,-0.150810853,1,-6.37166357,1,-7.948563099,1,-0.236441806,1,0.252644181,1,0.286720663,1,-1.562091827,0,-1.211891294,0,2.821162939,0
26.93187523,0.494879365,1,-6.441292286,1,-7.697824001,1,-0.234229937,1,0.377892047,1,0.203834534,1,-1.559701443,0,-1.210896969,0,2.817603111,0
26.93587685,0.955610812,1,-6.375443935,1,-7.484140873,1,-0.230011404,1,0.499550551,1,0.110482663,1,-1.556002259,0,-1.210253954,0,2.812654495,0
26.93988037,1.117532849,1,-6.278599262,1,-7.351944447,1,-0.224912301,1,0.60584414,1,0.019438004,1,-1.551064491,0,-1.209957719,0,2.806411028,0
26.94387627,1.354114056,1,-6.210726261,1,-7.165131569,1,-0.242191494,1,0.722922623,1,-0.063091084,1,-0.586001217,0,-1.338179946,0,1.540476084,0
26.94787407,1.885960937,1,-6.091373444,1,-6.922800541,1,-0.261542141,1,0.847576261,1,-0.13993901,1,-0.573500335,0,-1.335778952,0,1.526908278,0
26.95187569,2.171562195,1,-5.93341732,1,-6.751711369,1,-0.28656289,1,0.971214116,1,-0.219121307,1,-0.563925028,0,-1.333090186,0,1.515931249,0
26.95587349,2.298790693,1,-5.803468704,1,-6.646780491,1,-0.303955853,1,1.104745269,1,-0.300842822,1,-0.552502394,0,-1.330111504,0,1.502959728,0
26.95987701,2.316108227,1,-5.618360043,1,-6.61574316,1,-0.316604227,1,1.245603442,1,-0.378700137,1,-0.539184093,0,-1.3268013,0,1.487953663,0
26.96387863,2.341478348,1,-5.456362724,1,-6.550507545,1,-0.328657687,1,1.387099862,1,-0.453356892,1,-0.524105191,0,-1.323103905,0,1.47107625,0
26.96788025,2.409306765,1,-5.281914234,1,-6.481388569,1,-0.338825434,1,1.532059431,1,-0.523878217,1,-0.507466137,0,-1.318994641,0,1.452528834,0
26.97188568,2.361352444,1,-5.097250462,1,-6.391287804,1,-0.346780032,1,1.675868869,1,-0.591472745,1,-0.489518285,0,-1.314435244,0,1.432569027,0
26.9758873,2.294162273,1,-4.851107121,1,-6.318824768,1,-0.348249108,1,1.820751309,1,-0.652160048,1,-0.470358342,0,-1.309377909,0,1.411311984,0
26.9798851,2.178951263,1,-4.623363972,1,-6.240887642,1,-0.341102421,1,1.971325636,1,-0.71242106,1,-0.450229853,0,-1.303800702,0,1.389027238,0
26.98388481,1.892259121,1,-4.442956448,1,-6.25396204,1,-0.320958138,1,2.118134499,1,-0.767049074,1,-0.42931217,0,-1.297652125,0,1.365948081,0
26.98788643,1.631871581,1,-4.220804214,1,-6.266043186,1,-0.294462174,1,2.267406464,1,-0.813497961,1,-0.40782389,0,-1.290920258,0,1.34232378,0
26.99188423,1.358464718,1,-4.059261799,1,-6.257502556,1,-0.26719743,1,2.425963402,1,-0.858854115,1,-0.385918677,0,-1.283551216,0,1.318335414,0
26.99588394,1.216211557,1,-3.924218655,1,-6.232385635,1,-0.229840487,1,2.577175379,1,-0.894136608,1,-0.363822132,0,-1.275525093,0,1.294232845,0
26.99988556,0.904365063,1,-3.905040026,1,-6.230781078,1,-0.194664836,1,2.722833633,1,-0.923303127,1,-0.341753542,0,-1.26683414,0,1.270247817,0
27.00388336,0.552567184,1,-3.868831635,1,-6.287007332,1,-0.152944952,1,2.863890171,1,-0.952367127,1,-0.319942951,0,-1.257479429,0,1.24663496,0
27.00788307,0.12556015,1,-3.724334002,1,-6.363820076,1,-0.113514021,1,3.001806021,1,-0.98126322,1,-0.298453748,0,-1.24748075,0,1.223446965,0
27.01188469,-0.263886988,1,-3.618550539,1,-6.44132328,1,-0.073026247,1,3.132826805,1,-1.010141015,1,-0.277406693,0,-1.236849308,0,1.200814366,0
27.01588249,-0.559999883,1,-3.52046895,1,-6.451563835,1,-0.032435924,1,3.264135122,1,-1.046113014,1,-0.256819725,0,-1.225586653,0,1.178754807,0
27.0198822,-0.972014964,1,-3.509554625,1,-6.44938612,1,0.013908023,1,3.39098525,1,-1.075199008,1,-0.236772165,0,-1.213708639,0,1.157360673,0
27.02388382,-1.405002475,1,-3.522762537,1,-6.54283905,1,0.062355686,1,3.527174711,1,-1.107735276,1,-0.217223808,0,-1.201212287,0,1.136612415,0
27.02788162,-1.862644792,1,-3.511215448,1,-6.641924381,1,0.113289192,1,3.662188768,1,-1.147278786,1,-0.198201582,0,-1.188079715,0,1.116536856,0
27.03188133,-2.258866072,1,-3.488546133,1,-6.754208565,1,0.159865037,1,3.788403749,1,-1.188589692,1,-0.179674074,0,-1.174328804,0,1.097093105,0
27.03588295,-2.65329814,1,-3.431357861,1,-6.854188442,1,0.210508376,1,3.917179108,1,-1.242397189,1,-0.161604673,0,-1.159964561,0,1.078251839,0
27.03988075,-3.022345066,1,-3.375163317,1,-6.923020363,1,0.265698969,1,4.042606831,1,-1.29350841,1,-0.143956885,0,-1.145003438,0,1.059978008,0
27.04388046,-3.413957834,1,-3.358739853,1,-7.049751282,1,0.316173136,1,4.163078785,1,-1.354385376,1,-0.126666367,0,-1.129444003,0,1.042203665,0
27.04788208,-3.779126883,1,-3.368193388,1,-7.136401653,1,0.364104271,1,4.283345699,1,-1.419798255,1,-0.109740674,0,-1.113306642,0,1.024929166,0
27.05187988,-4.157308102,1,-3.342946529,1,-7.240962982,1,0.425193965,1,4.406029224,1,-1.49029243,1,-0.093155317,0,-1.096592665,0,1.008139014,0
27.05587959,-4.432758808,1,-3.383915901,1,-7.354125977,1,0.48312667,1,4.518143654,1,-1.563670039,1,-0.07685136,0,-1.07932961,0,0.991786361,0
27.05988121,-4.909008026,1,-3.344052076,1,-7.406801701,1,0.540969729,1,4.638245583,1,-1.638076782,1,-0.06082413,0,-1.061507225,0,0.975845158,0
27.06387901,-5.178495407,1,-3.27808857,1,-7.39211607,1,0.60478735,1,4.754486561,1,-1.718964577,1,-0.045036688,0,-1.043105125,0,0.960306406,0
27.06787872,-5.354527473,1,-3.155969143,1,-7.43898344,1,0.669224441,1,4.863800526,1,-1.800480962,1,-0.029480405,0,-1.02414763,0,0.945154428,0
27.07188034,-5.459686279,1,-3.122028828,1,-7.434658527,1,0.73449719,1,4.956090927,1,-1.888569832,1,-0.014118428,0,-1.004669189,0,0.930374324,0
27.07587814,-5.576145649,1,-2.992596865,1,-7.449624538,1,0.804724813,1,5.048513412,1,-1.962934852,1,0.001018462,0,-0.984701931,0,0.915997982,0
27.07987785,-5.569046497,1,-2.954330683,1,-7.429018021,1,0.880263627,1,5.117624283,1,-2.041222811,1,0.015944712,0,-0.964295328,0,0.902025521,0
27.08388138,-5.679457664,1,-2.84066391,1,-7.469983101,1,0.948556066,1,5.178592682,1,-2.106531382,1,0.030615011,0,-0.943503261,0,0.888519108,0
27.0878849,-5.736786842,1,-2.802293062,1,-7.42306757,1,1.031663775,1,5.224386215,1,-2.164581776,1,0.045036454,0,-0.922377408,0,0.875496864,0
27.09188461,-5.792489529,1,-2.862894297,1,-7.413687229,1,1.113325953,1,5.267938137,1,-2.213092327,1,0.059207339,0,-0.900958419,0,0.862998128,0
27.09588623,-6.205655575,1,-2.866567612,1,-7.513417721,1,1.199368477,1,5.30173254,1,-2.251012564,1,0.073117435,0,-0.879279435,0,0.851054668,0
27.09988403,-6.408208847,1,-2.833502769,1,-7.661419392,1,1.290863752,1,5.336881638,1,-2.284714937,1,0.086758107,0,-0.857342422,0,0.839690983,0
27.10388374,-6.611765862,1,-2.819293499,1,-7.73360014,1,1.386134267,1,5.370290756,1,-2.31164813,1,0.100194819,0,-0.835163653,0,0.828895807,0
27.10788536,-6.815029144,1,-2.779646635,1,-7.93649292,1,1.486128211,1,5.399077415,1,-2.337557316,1,0.113440819,0,-0.812758088,0,0.818677664,0
27.11188316,-7.044155598,1,-2.871197939,1,-8.088308334,1,1.594050765,1,5.433990955,1,-2.359906912,1,0.126565903,0,-0.790126562,0,0.808998346,0
27.11588097,-7.47949028,1,-2.900229692,1,-8.307854652,1,1.698161125,1,5.459524632,1,-2.381900072,1,0.139575154,0,-0.76727885,0,0.799849153,0
27.11988258,-7.757283211,1,-3.04706955,1,-8.494087219,1,1.797454596,1,5.497290134,1,-2.412935019,1,0.152495265,0,-0.744205475,0,0.791194677,0
27.12388039,-8.066456795,1,-3.235262632,1,-8.636487007,1,1.89705956,1,5.529793739,1,-2.436507225,1,0.165363416,0,-0.720894814,0,0.783007026,0
27.1278801,-8.356151581,1,-3.393347263,1,-8.818083763,1,1.983884692,1,5.562510967,1,-2.473968267,1,0.178182408,0,-0.69734931,0,0.775244117,0
27.13188171,-8.541909218,1,-3.608603239,1,-8.982685089,1,2.069969177,1,5.599416256,1,-2.514636755,1,0.190972924,0,-0.673574865,0,0.767869532,0
27.13587952,-8.718414307,1,-3.831194878,1,-9.135684967,1,2.142707109,1,5.616154671,1,-2.566279888,1,0.203743085,0,-0.649590313,0,0.760813534,0
27.13987923,-8.853439331,1,-4.103498459,1,-9.271280289,1,2.196883678,1,5.620196342,1,-2.616158009,1,0.216452643,0,-0.625440896,0,0.754036844,0
27.14388084,-9.028680801,1,-4.427611828,1,-9.40931797,1,2.242830992,1,5.615615368,1,-2.669630766,1,0.229089931,0,-0.601184607,0,0.747515202,0
27.14787865,-9.269067764,1,-4.748478413,1,-9.619486809,1,2.279525757,1,5.594639778,1,-2.733038902,1,0.24166593,0,-0.576849461,0,0.741173029,0
27.15187836,-9.595820427,1,-5.080751419,1,-9.904799461,1,2.302329063,1,5.566082478,1,-2.804404497,1,0.254163682,0,-0.552478909,0,0.734949291,0
27.15587997,-9.982103348,1,-5.352313519,1,-10.14089298,1,2.312992334,1,5.530569077,1,-2.889484167,1,0.266558588,0,-0.528103948,0,0.728785574,0
27.15987778,-10.45871353,1,-5.775132179,1,-10.44206429,1,2.314069271,1,5.479102135,1,-2.977130651,1,0.278860718,0,-0.503741741,0,0.722617328,0
27.16387749,-11.02262115,1,-6.141332626,1,-10.85966969,1,2.29383111,1,5.421546459,1,-3.080492973,1,0.291024864,0,-0.479413569,0,0.716389,0
27.16787911,-11.66788578,1,-6.521224022,1,-11.35313606,1,2.266199827,1,5.349865437,1,-3.202415228,1,0.303026825,0,-0.455134571,0,0.710006773,0
27.17187691,-12.3446207,1,-6.632735729,1,-11.86031151,1,2.216806412,1,5.281059265,1,-3.333821058,1,0.314834833,0,-0.430902511,0,0.703385949,0
27.17587662,-13.09508228,1,-6.548950195,1,-12.64353466,1,2.178795576,1,5.190840244,1,-3.502341032,1,0.326460719,0,-0.406720042,0,0.69641006,0
27.17987824,-13.99264622,1,-6.497580528,1,-13.50086498,1,2.138711691,1,5.091831684,1,-3.68541646,1,0.337952197,0,-0.382593691,0,0.688961506,0
27.18387604,-15.24991703,1,-6.214308262,1,-14.29829407,1,2.113240242,1,4.998871803,1,-3.900089264,1,0.349354148,0,-0.358480603,0,0.680940032,0
27.18787575,-17.04167938,1,-5.988266945,1,-14.93726254,1,2.095490932,1,4.91036129,1,-4.121596336,1,0.360706031,0,-0.334326386,0,0.672276616,0
27.19187737,-19.25524521,1,-5.739283562,1,-15.36824226,1,2.079333067,1,4.836882591,1,-4.36310339,1,0.372008145,0,-0.310050011,0,0.662943959,0
27.19587517,-21.57938385,1,-5.174755096,1,-15.58670425,1,2.063285112,1,4.768069744,1,-4.610785961,1,0.385304272,0,-0.285071641,0,0.655970752,0
27.19987488,-24.05575752,1,-4.135102749,1,-16.83241463,1,2.023610115,1,4.759679317,1,-4.932138443,1,0.396380126,0,-0.260236472,0,0.645222902,0
27.20387459,-25.20834351,1,-1.541335225,1,-15.38718891,1,2.074596882,1,4.625748634,1,-5.112709522,1,0.407442302,0,-0.235044435,0,0.633726597,0
27.20787811,-28.27834702,1,0.450837255,1,-14.74341488,1,2.174139977,1,4.488921165,1,-5.318676949,1,0.418592423,0,-0.209951326,0,0.621603727,0
27.21187782,-30.72345352,1,1.400070429,1,-13.48775101,1,2.284729242,1,4.444415569,1,-5.485876083,1,0.42995742,0,-0.184765548,0,0.609016776,0
27.21587944,-32.11135483,1,2.267061472,1,-11.36824322,1,2.422296047,1,4.404091835,1,-5.629282951,1,0.4415797,0,-0.159330949,0,0.596136689,0
27.21987724,-33.35630798,1,2.203230143,1,-8.971549034,1,2.498984814,1,4.342275143,1,-5.723733902,1,0.45336324,0,-0.133719489,0,0.583086729,0
27.22387695,-33.95248795,1,0.973064661,1,-6.616285801,1,2.427625895,1,4.248216152,1,-5.717711449,1,0.464804828,0,-0.108155683,0,0.570088506,0
27.22787857,-33.99161148,1,0.147180721,1,-4.230194569,1,2.235500813,1,4.061954021,1,-5.618630886,1,0.475378036,0,-0.08303716,0,0.557326853,0
27.23187637,-33.7609787,1,-0.054059073,1,-2.068014383,1,1.958677649,1,3.805126667,1,-5.424369812,1,0.48466292,0,-0.058863945,0,0.544963717,0
27.23587608,-33.35915375,1,0.908190906,1,0.05681932,1,1.67502296,1,3.479576111,1,-5.143235683,1,0.492485046,0,-0.036064561,0,0.533123434,0
27.23987961,-32.28092194,1,3.53349781,1,1.807801485,1,1.455618262,1,3.10561657,1,-4.812794209,1,0.498996913,0,-0.014977842,0,0.521872342,0
27.2438755,-31.25488281,1,7.228125095,1,3.524195671,1,1.414662361,1,2.687203884,1,-4.463801861,1,0.504755795,0,0.004107189,0,0.511174679,0
27.24787521,-30.38707352,1,11.04499817,1,4.74793005,1,1.541669607,1,2.233848333,1,-4.137767792,1,0.510489523,0,0.021063784,0,0.50093025,0
27.25187874,-30.71381378,1,14.00052452,1,5.605394363,1,1.795574307,1,1.773760915,1,-3.832562208,1,0.51686424,0,0.035873894,0,0.490979195,0
27.25587463,-31.47065163,1,15.87254143,1,6.272155285,1,2.103416681,1,1.355030537,1,-3.553759336,1,0.524233818,0,0.048647407,0,0.481257051,0
27.25987625,-31.81381798,1,16.6450386,1,6.893256187,1,2.412161827,1,0.934156358,1,-3.261594772,1,0.532765508,0,0.059477974,0,0.471773446,0
27.26387787,-31.97439575,1,16.35792351,1,7.195541382,1,2.662052631,1,0.515179038,1,-2.976723194,1,0.542357028,0,0.068340659,0,0.462527543,0
27.26787567,-31.87713242,1,15.00736427,1,7.250916481,1,2.77220583,1,0.138098747,1,-2.696020603,1,0.552621663,0,0.075350992,0,0.453479707,0
27.27187538,-31.60652733,1,13.02307987,1,7.234239101,1,2.705973625,1,-0.211991295,1,-2.40777564,1,0.562940657,0,0.080622755,0,0.444702446,0
27.275877,-31.04707718,1,10.77924824,1,7.071036816,1,2.462046146,1,-0.531357825,1,-2.127623558,1,0.572643161,0,0.084237844,0,0.436219364,0
27.2798748,-30.15325546,1,8.388443947,1,6.613663197,1,2.009184599,1,-0.835259557,1,-1.815026283,1,0.58093375,0,0.086245582,0,0.42809397,0
27.28387451,-29.58385086,1,6.209603786,1,6.24341917,1,1.408815622,1,-1.101935387,1,-1.473876953,1,0.587130308,0,0.086630702,0,0.420423329,0
27.28787613,-28.85729027,1,4.663934708,1,5.432208061,1,0.756356537,1,-1.332131982,1,-1.124065638,1,0.590870321,0,0.085469104,0,0.413361669,0
27.29187393,-28.1465416,1,3.798609972,1,4.625875473,1,0.112880751,1,-1.51934123,1,-0.752810955,1,0.592067122,0,0.082816936,0,0.407037377,0
27.29587364,-24.08076096,1,0.686588824,1,0.658120811,1,-0.555834174,1,-1.728970885,1,-0.329790771,1,0.590822577,0,0.078683287,0,0.401589662,0
27.29987526,-2.838223457,1,-8.514969826,1,-2.530448437,1,-1.92920804,1,-2.480603456,1,0.478748053,1,0.58511281,0,0.071753092,0,0.397196263,0
27.30387306,-19.73601532,1,6.862192631,1,-6.165635109,1,-1.746320009,1,-2.932412863,1,1.236495018,1,0.577751458,0,0.060126528,0,0.394109786,0
27.30787277,5.22111702,1,-2.410243273,1,-9.320241928,1,-2.174813032,1,-2.340840101,1,1.216011882,1,0.569852948,0,0.048724558,0,0.392543495,0
27.31187439,13.93293953,1,-12.97981548,1,-16.46234131,1,-2.195291519,1,-2.33786273,1,1.483128667,1,0.561025321,0,0.038087115,0,0.39204514,0
27.31587219,5.812977791,1,-18.95058823,1,-20.35178757,1,-2.57224226,1,-2.384157419,1,1.898509383,1,0.55161196,0,0.026399184,0,0.392819762,0
27.3198719,13.1368618,1,-16.15309143,1,-20.72732735,1,-2.496367455,1,-1.90031445,1,2.205703259,1,0.541327,0,0.014828822,0,0.395346045,0
27.32387352,16.58861542,1,-13.57481384,1,-17.71120644,1,-2.472470522,1,-2.038373709,1,2.369477987,1,0.531594634,0,0.003510512,0,0.399405062,0
27.32787705,10.43928337,1,-10.17305756,1,-11.82504463,1,-2.67062521,1,-2.645138502,1,2.343330622,1,0.521258175,0,-0.00931766,0,0.402824461,0
27.33187485,9.002924919,1,-3.25348568,1,-7.362361431,1,-2.705763578,1,-3.098806381,1,2.411027193,1,0.510428071,0,-0.023991905,0,0.405405343,0
27.33587647,9.959923744,1,8.563958168,1,-7.214137077,1,-2.3421731,1,-3.987568617,1,2.742750168,1,0.500152171,0,-0.041245852,0,0.407515377,0
27.33987427,2.864929438,1,8.96545887,1,-7.548069477,1,-2.155955076,1,-4.934241772,1,2.90083766,1,0.491217524,0,-0.06235861,0,0.409154415,0
27.34387589,-5.958403587,1,5.998125076,1,-12.16201591,1,-1.942053318,1,-5.508725643,1,2.765641451,1,0.482872486,0,-0.086274937,0,0.409303069,0
27.3478775,-14.84944153,1,4.733669758,1,-16.55670738,1,-1.70406127,1,-5.517588615,1,2.58156085,1,0.47577849,0,-0.11086528,0,0.408609122,0
27.35187531,-23.32195473,1,5.006769657,1,-18.73502731,1,-1.674690843,1,-5.129382133,1,2.420645952,1,0.469114065,0,-0.134462997,0,0.407754689,0
27.35587502,-24.30823517,1,5.475908756,1,-20.6587677,1,-1.538068533,1,-4.462703228,1,2.342652559,1,0.462732017,0,-0.155836359,0,0.407612413,0
27.35987663,-22.50173378,1,4.655785561,1,-19.30207253,1,-1.390657425,1,-3.913648129,1,2.434714317,1,0.456730366,0,-0.175052777,0,0.408752531,0
27.36387444,-21.9572525,1,4.226723194,1,-17.81526566,1,-1.242211938,1,-3.582334042,1,2.676428556,1,0.45099622,0,-0.192983851,0,0.411397219,0
27.36787415,-22.89175034,1,1.219155073,1,-15.38370609,1,-1.178958654,1,-3.141551018,1,2.789717197,1,0.445364207,0,-0.209944785,0,0.41555661,0
27.37187576,-20.09150887,1,-2.762807608,1,-11.10503197,1,-1.111926556,1,-2.711406708,1,2.756332159,1,0.439675927,0,-0.225265771,0,0.420732915,0
27.37587357,-15.24187851,1,-5.432860374,1,-7.326303005,1,-1.103248,1,-2.537927151,1,2.541573763,1,0.43401891,0,-0.239189595,0,0.42608881,0
27.37987137,-14.21345806,1,-10.4284668,1,-5.166680336,1,-1.269737124,1,-2.494558573,1,2.210983276,1,0.428212404,0,-0.252398878,0,0.430726707,0
27.38387299,-5.11614275,1,-14.17861557,1,-6.389518738,1,-1.614058137,1,-2.356173038,1,1.741781235,1,0.421589494,0,-0.264354557,0,0.433930248,0
27.38787079,-14.40219593,1,-9.113976479,1,-6.361598492,1,-1.853587627,1,-2.423705339,1,1.477267146,1,0.414036334,0,-0.275777936,0,0.436093777,0
27.39187241,-15.7581892,1,-6.793728352,1,-10.86345196,1,-1.929518223,1,-2.069802999,1,1.272065401,1,0.4061369,0,-0.286295831,0,0.437475145,0
27.39587402,-20.09258461,1,-2.334967613,1,-14.14457035,1,-1.927455187,1,-1.327248812,1,1.087254167,1,0.397800267,0,-0.294472724,0,0.439239651,0
27.39987183,-20.97740936,1,5.24155283,1,-14.68025208,1,-1.551669359,1,-0.590880394,1,0.938142598,1,0.390085101,0,-0.29949829,0,0.441598654,0
27.40386963,-15.39295101,1,8.716896057,1,-12.5915947,1,-1.147787094,1,-0.099768542,1,0.856901228,1,0.383869529,0,-0.302042365,0,0.444557905,0
27.40787125,-7.15263176,1,5.213754177,1,-9.670213699,1,-0.90489018,1,-0.067025855,1,0.73362869,1,0.378862977,0,-0.30346185,0,0.447593808,0
27.41186905,-6.40457201,1,-1.063898563,1,-10.09264278,1,-0.690976083,1,-0.178090572,1,0.463378727,1,0.375044614,0,-0.304842949,0,0.449726492,0
27.41587067,-6.721313953,1,-4.145461559,1,-10.02110958,1,-0.591747522,1,-0.164458528,1,0.299334526,1,0.372153044,0,-0.306035966,0,0.45090276,0
27.41987419,-7.345229149,1,-4.738443375,1,-9.055283546,1,-0.561915338,1,-0.134439468,1,0.296802402,1,0.369565278,0,-0.307015598,0,0.45181182,0
27.42387009,-5.368763447,1,-4.280651093,1,-8.227240562,1,-0.561491489,1,-0.129995197,1,0.371159077,1,0.366989136,0,-0.307982862,0,0.452909827,0
27.42786789,-5.146174431,1,-4.770737171,1,-8.711051941,1,-0.572573304,1,-0.129213572,1,0.422447026,1,0.364300251,0,-0.309044302,0,0.454280943,0
27.43187141,-5.715967655,1,-4.288228989,1,-9.095153809,1,-0.569821537,1,-0.110850953,1,0.43392536,1,0.361539602,0,-0.310109824,0,0.455788583,0
27.43586731,-4.646618366,1,-3.871057749,1,-8.496128082,1,-0.596808612,1,-0.136508837,1,0.465532869,1,0.358732998,0,-0.311210513,0,0.457370698,0
27.43986702,-4.885144234,1,-3.700521946,1,-8.885560036,1,-0.618033409,1,-0.145970151,1,0.501781821,1,0.355785728,0,-0.312418967,0,0.459063768,0
27.44387054,-4.796345234,1,-3.357676983,1,-8.805170059,1,-0.624402463,1,-0.139589399,1,0.513871133,1,0.352737069,0,-0.31365943,0,0.460856348,0
27.44787407,-4.4771595,1,-2.777679682,1,-8.663931847,1,-0.612596869,1,-0.149184227,1,0.51153636,1,0.352200389,0,-0.313753724,0,0.469638914,0
27.45187378,-5.183014393,1,-1.643989801,1,-8.659353256,1,-0.581620574,1,-0.146678507,1,0.485916972,1,0.349256575,0,-0.314998865,0,0.471397042,0
27.4558754,-5.75757885,1,-0.927755713,1,-8.820644379,1,-0.534338951,1,-0.132886469,1,0.448263407,1,0.346509993,0,-0.316160142,0,0.473042607,0
27.4598732,-5.886218071,1,-0.850682795,1,-8.949816704,1,-0.463954926,1,-0.108728908,1,0.397528291,1,0.344033778,0,-0.31718874,0,0.474554956,0
27.46387291,-5.006942749,1,-1.44274652,1,-9.078036308,1,-0.410508752,1,-0.109683901,1,0.355065376,1,0.341875374,0,-0.318082571,0,0.475897223,0
27.46787453,-4.690278053,1,-1.900117397,1,-9.382856369,1,-0.365184397,1,-0.120304912,1,0.33166346,1,0.339956105,0,-0.318974137,0,0.477099091,0
27.47187233,-4.421836376,1,-2.087036133,1,-9.069172859,1,-0.340701371,1,-0.153581455,1,0.319841653,1,0.338200629,0,-0.319914877,0,0.478209764,0
27.47587204,-5.050897121,1,-1.857764363,1,-8.873416901,1,-0.306185454,1,-0.168414667,1,0.308790565,1,0.336580873,0,-0.320947289,0,0.479240298,0
27.47987366,-5.470394611,1,-1.679230928,1,-8.516204834,1,-0.275704622,1,-0.162376955,1,0.30510819,1,0.335119069,0,-0.321978867,0,0.480221331,0
27.48387146,-5.391871452,1,-2.222452402,1,-8.271910667,1,-0.253399163,1,-0.148221418,1,0.287660718,1,0.333752781,0,-0.322964549,0,0.481176406,0
27.48787117,-4.985774517,1,-2.771710873,1,-8.396243095,1,-0.25579378,1,-0.142167807,1,0.274765968,1,0.33243221,0,-0.323886395,0,0.482102394,0
27.49187279,-4.499225616,1,-2.894181013,1,-8.453532219,1,-0.258138657,1,-0.151217237,1,0.269678593,1,0.33112365,0,-0.324788034,0,0.482992589,0
27.49587059,-4.77485323,1,-2.633024931,1,-8.583155632,1,-0.255649298,1,-0.165969968,1,0.264234006,1,0.329829395,0,-0.325735629,0,0.483846694,0
27.4998703,-5.155142307,1,-2.089138269,1,-8.512237549,1,-0.248181731,1,-0.17039983,1,0.249567747,1,0.328556359,0,-0.326714903,0,0.484638959,0
27.50387192,-5.133578777,1,-1.44058311,1,-8.639632225,1,-0.224597812,1,-0.176193118,1,0.22847423,1,0.327371597,0,-0.327684999,0,0.485366046,0
27.50786972,-4.671782494,1,-1.035218835,1,-8.835478783,1,-0.18872422,1,-0.189905867,1,0.201932847,1,0.326341927,0,-0.328647316,0,0.485985696,0
27.51186943,-4.294186592,1,-0.962035537,1,-9.064497948,1,-0.144530132,1,-0.223809823,1,0.180996388,1,0.325510681,0,-0.329669237,0,0.486486137,0
27.51587105,-4.456871033,1,-1.127628446,1,-9.07994175,1,-0.1043946,1,-0.255367219,1,0.147729114,1,0.324906409,0,-0.330788255,0,0.486822873,0
27.51986885,-4.685167789,1,-1.269886851,1,-8.934556961,1,-0.057826791,1,-0.292210281,1,0.120568797,1,0.324524403,0,-0.332000196,0,0.486986876,0
27.52386856,-4.809894085,1,-1.40734601,1,-8.866597176,1,-0.019988794,1,-0.316404402,1,0.098016523,1,0.324349046,0,-0.333289206,0,0.487011701,0
27.52787018,-4.669158459,1,-1.555655718,1,-8.831830978,1,0.010318526,1,-0.33632046,1,0.077819109,1,0.324354112,0,-0.334633946,0,0.486929208,0
27.53186798,-4.419670582,1,-1.637044907,1,-8.925808907,1,0.044261247,1,-0.355260223,1,0.063253477,1,0.324517906,0,-0.336031795,0,0.486755848,0
27.53586769,-4.378454685,1,-1.763666034,1,-8.883056641,1,0.070949428,1,-0.373033375,1,0.051752985,1,0.324832201,0,-0.337484062,0,0.486488581,0
27.53986931,-4.316141129,1,-2.14535284,1,-8.809997559,1,0.088206984,1,-0.393811911,1,0.045142017,1,0.325258911,0,-0.339000344,0,0.486159235,0
27.54386711,-4.364063263,1,-2.886006594,1,-8.620872498,1,0.081988849,1,-0.413258255,1,0.065913394,1,0.325702786,0,-0.340597153,0,0.485837787,0
27.54786682,-4.845035553,1,-3.474737406,1,-8.176923752,1,0.061280951,1,-0.413104892,1,0.083982103,1,0.326070786,0,-0.342274338,0,0.48558411,0
27.55186844,-4.942511559,1,-4.024198055,1,-7.782755375,1,0.041641887,1,-0.401175588,1,0.115737304,1,0.32632336,0,-0.343955457,0,0.485432774,0
27.55586624,-4.924881458,1,-4.108243465,1,-7.676699162,1,0.012176357,1,-0.374828756,1,0.146075979,1,0.32642141,0,-0.345601022,0,0.485430181,0
27.55986595,-4.926222801,1,-3.724587917,1,-7.682681561,1,-0.015741538,1,-0.357613474,1,0.168790191,1,0.326367497,0,-0.347185105,0,0.485560298,0
27.56386757,-5.029290676,1,-3.18759656,1,-7.683006287,1,-0.029454894,1,-0.331812799,1,0.188714087,1,0.326193154,0,-0.3487131,0,0.485815793,0
27.56786919,-5.020084858,1,-2.592701435,1,-7.725332737,1,-0.03834863,1,-0.303869128,1,0.197825193,1,0.325935423,0,-0.350164682,0,0.486160368,0
27.5718708,-5.173424721,1,-2.211148024,1,-7.827033043,1,-0.023209821,1,-0.276213586,1,0.197041556,1,0.325674117,0,-0.351517141,0,0.48656255,0
27.57587433,-5.122558117,1,-1.908905029,1,-7.985488892,1,-0.009713012,1,-0.261200964,1,0.192032903,1,0.325457424,0,-0.352781057,0,0.486976445,0
27.57987213,-4.96491909,1,-1.795469642,1,-8.085925102,1,0.006701128,1,-0.258677661,1,0.191556051,1,0.325312227,0,-0.354007483,0,0.487404257,0
27.58386803,-4.971225739,1,-1.595759749,1,-8.217561722,1,0.013930379,1,-0.271216214,1,0.185656801,1,0.325204849,0,-0.355244666,0,0.487808853,0
27.58787155,-5.085922718,1,-1.352791786,1,-8.088023186,1,0.042269614,1,-0.268139064,1,0.17094481,1,0.325190783,0,-0.356497943,0,0.488168746,0
27.59186935,-5.000386715,1,-1.675746679,1,-8.129043579,1,0.071051426,1,-0.260688841,1,0.16686736,1,0.325311124,0,-0.357703537,0,0.488491654,0
27.59586906,-4.92537117,1,-2.087104082,1,-8.134462357,1,0.087171234,1,-0.261955023,1,0.151524335,1,0.325523674,0,-0.358900964,0,0.488771528,0
27.59987068,-4.793405056,1,-2.189403057,1,-8.08688736,1,0.08175379,1,-0.264486253,1,0.142991483,1,0.325769246,0,-0.360090256,0,0.489009976,0
27.60386848,-5.025175571,1,-1.97672832,1,-8.053739548,1,0.088468857,1,-0.269699872,1,0.137964547,1,0.326031029,0,-0.361290753,0,0.48921299,0
27.6078682,-5.088762283,1,-2.173553228,1,-8.038186073,1,0.08082062,1,-0.267049909,1,0.136847764,1,0.326316297,0,-0.362484723,0,0.489404231,0
27.61186981,-5.048381329,1,-1.939428926,1,-8.046611786,1,0.089232624,1,-0.269468069,1,0.13144891,1,0.326592624,0,-0.363675743,0,0.489564955,0
27.61586762,-5.07302475,1,-1.942444563,1,-8.078370094,1,0.10191454,1,-0.268020898,1,0.126848012,1,0.32692486,0,-0.364865243,0,0.489715755,0
27.61986733,-4.942270756,1,-2.118790865,1,-8.167673111,1,0.098940738,1,-0.275092334,1,0.131109908,1,0.327273369,0,-0.366061568,0,0.489864826,0
27.62386894,-5.001087189,1,-2.1793468,1,-8.087916374,1,0.103794388,1,-0.276452422,1,0.129875124,1,0.327629477,0,-0.367283672,0,0.490012467,0
27.62786675,-5.103703022,1,-2.34975481,1,-8.056459427,1,0.111398384,1,-0.276312023,1,0.132853821,1,0.328015327,0,-0.368499935,0,0.490161568,0
27.63186646,-5.021847248,1,-2.634260178,1,-7.985011101,1,0.094610333,1,-0.277580798,1,0.134269401,1,0.328368008,0,-0.369720757,0,0.49032104,0
27.63586807,-5.095633507,1,-2.528051853,1,-7.971574306,1,0.083348528,1,-0.2721062,1,0.139436901,1,0.328644753,0,-0.370940208,0,0.49050045,0
27.63986588,-5.066374302,1,-2.326206207,1,-7.931426525,1,0.084165357,1,-0.266014755,1,0.142877653,1,0.328910232,0,-0.372145772,0,0.490701437,0
27.64386559,-5.139379501,1,-2.223233938,1,-8.001120567,1,0.082558982,1,-0.25647071,1,0.148220688,1,0.329166353,0,-0.373322845,0,0.490929782,0
27.6478672,-5.133445263,1,-2.245953321,1,-7.967549801,1,0.083326943,1,-0.258577585,1,0.146145642,1,0.32942158,0,-0.374488711,0,0.491164237,0
27.65186501,-5.267404079,1,-2.242235422,1,-7.892713547,1,0.084918477,1,-0.254201382,1,0.141304195,1,0.329674721,0,-0.375650644,0,0.491391659,0
27.65586472,-5.269152164,1,-2.22672534,1,-7.858234882,1,0.077901132,1,-0.24947837,1,0.137964457,1,0.329918891,0,-0.376779586,0,0.491609991,0
27.65986633,-5.196506977,1,-2.166176796,1,-7.865952015,1,0.076284252,1,-0.236720741,1,0.130111933,1,0.330154479,0,-0.377869397,0,0.491818488,0
27.66386414,-5.231185436,1,-2.162234068,1,-7.867418766,1,0.076796971,1,-0.223352939,1,0.120608628,1,0.330391765,0,-0.378899753,0,0.492010295,0
27.66786385,-5.19019556,1,-2.137746572,1,-7.781982899,1,0.069133334,1,-0.215159222,1,0.12237069,1,0.330614388,0,-0.379893273,0,0.492188215,0
27.67186546,-5.117111683,1,-2.192903996,1,-7.804610729,1,0.060080923,1,-0.210697681,1,0.11088217,1,0.330809504,0,-0.380852163,0,0.492360204,0
27.67586327,-5.083105087,1,-2.18429637,1,-7.871918201,1,0.056091066,1,-0.202088848,1,0.100374207,1,0.330990016,0,-0.381768942,0,0.492499977,0
27.67986298,-5.002487183,1,-2.23387742,1,-7.946742535,1,0.057252649,1,-0.199331984,1,0.104767524,1,0.331178188,0,-0.382666528,0,0.492634326,0
27.68386459,-5.039571285,1,-2.287598372,1,-7.994445801,1,0.060819369,1,-0.204232603,1,0.103414163,1,0.33136487,0,-0.383566916,0,0.492772549,0
27.68786812,-4.995801926,1,-2.414911985,1,-7.968763351,1,0.058348153,1,-0.207990021,1,0.105772085,1,0.331552923,0,-0.384484112,0,0.492911637,0
27.69186783,-5.034752846,1,-2.48328352,1,-8.067494392,1,0.067624703,1,-0.204021573,1,0.110470481,1,0.331746221,0,-0.385406077,0,0.493066758,0
27.69586945,-5.023831367,1,-2.599252462,1,-8.114263535,1,0.059441775,1,-0.21906437,1,0.124346808,1,0.306019753,0,-0.438047528,0,0.4836694,0
27.69986725,-4.89504528,1,-2.773893595,1,-8.118853569,1,0.056316875,1,-0.228185788,1,0.136356354,1,0.306143641,0,-0.439054668,0,0.483919084,0
27.70386696,-4.955203533,1,-2.901420116,1,-8.137089729,1,0.051253863,1,-0.241951883,1,0.152250201,1,0.306226194,0,-0.440131336,0,0.484225065,0
27.70786858,-4.967325687,1,-2.913820982,1,-8.1717453,1,0.041156188,1,-0.253353655,1,0.171824753,1,0.306262791,0,-0.441266775,0,0.484582156,0
27.71186638,-4.973154545,1,-2.806479931,1,-8.282946587,1,0.029865829,1,-0.268425256,1,0.194828302,1,0.306230783,0,-0.442486942,0,0.485009432,0
27.71586609,-4.969153881,1,-2.667023182,1,-8.244693756,1,0.026478907,1,-0.280655473,1,0.208765209,1,0.306144834,0,-0.443777233,0,0.485488623,0
27.71986771,-5.032847404,1,-2.57181716,1,-8.334830284,1,0.02651562,1,-0.295053601,1,0.221479297,1,0.306028783,0,-0.445140928,0,0.486020893,0
27.72386551,-5.027953148,1,-2.518493414,1,-8.343324661,1,0.029550467,1,-0.313682884,1,0.238032281,1,0.305895448,0,-0.446576297,0,0.486580849,0
27.72786522,-5.006299019,1,-2.522040367,1,-8.334591866,1,0.028659718,1,-0.332576126,1,0.251707494,1,0.305764854,0,-0.448102266,0,0.487174362,0
27.73186684,-4.909460068,1,-2.592713356,1,-8.366026878,1,0.031766623,1,-0.356646538,1,0.267044842,1,0.305609345,0,-0.449727237,0,0.487812132,0
27.73586464,-4.941325188,1,-2.611366987,1,-8.43943119,1,0.027673177,1,-0.379784018,1,0.276108861,1,0.305437297,0,-0.451451689,0,0.488473058,0
27.73986435,-4.977243423,1,-2.496679306,1,-8.466683388,1,0.030838676,1,-0.405864775,1,0.293139756,1,0.305259943,0,-0.453296185,0,0.489163756,0
27.74386597,-4.994186401,1,-2.552282095,1,-8.453333855,1,0.028734257,1,-0.432772338,1,0.307417244,1,0.30505991,0,-0.455252945,0,0.489888161,0
27.74786377,-4.953076839,1,-2.476657629,1,-8.515748978,1,0.022157263,1,-0.46186468,1,0.321818024,1,0.30483821,0,-0.457322389,0,0.490614772,0
27.75186348,-4.923530579,1,-2.881938219,1,-8.643131256,1,0.025696717,1,-0.488659412,1,0.332923323,1,0.304599941,0,-0.459529638,0,0.491371304,0
27.755867,-4.803472519,1,-2.336870432,1,-8.568852425,1,0.02689684,1,-0.526009262,1,0.34919849,1,0.304348946,0,-0.461865813,0,0.492143452,0
27.7598629,-4.980067253,1,-2.443268299,1,-8.569281578,1,0.031192195,1,-0.557130575,1,0.361250401,1,0.304110259,0,-0.464362323,0,0.492936909,0
27.76386261,-4.992026329,1,-2.455806732,1,-8.494038582,1,0.021833202,1,-0.596578121,1,0.364053994,1,0.303876936,0,-0.4670012,0,0.493704736,0
27.76786614,-5.062013626,1,-2.396082163,1,-8.672408104,1,0.023707462,1,-0.628428519,1,0.366621256,1,0.303634048,0,-0.469784379,0,0.494440585,0
27.77186394,-4.837104321,1,-2.615119457,1,-8.728025436,1,0.017418806,1,-0.669691861,1,0.371285588,1,0.303396165,1,-0.472699493,1,0.49515602,1
27.77586365,-4.797204494,1,-2.801335096,1,-8.808588028,1,-0.003000047,1,-0.704851329,1,0.381421417,1,0.30310449,1,-0.475769997,1,0.495844275,1
27.77986527,-4.918287277,1,-3.00064683,1,-8.833906174,1,-0.029358869,1,-0.753580093,1,0.389440238,1,0.302733243,1,-0.47901684,1,0.49652651,1
27.78386307,-4.827751637,1,-2.973468304,1,-8.583928108,1,-0.056810901,1,-0.799031198,1,0.407548249,1,0.302256525,1,-0.482455462,1,0.497198343,1
27.78786278,-4.955333233,1,-2.870826721,1,-8.708325386,1,-0.067057349,1,-0.845865726,1,0.42282629,1,0.301687479,1,-0.486093283,1,0.497878075,1
27.7918644,-4.932097435,1,-2.911161661,1,-8.718881607,1,-0.081603944,1,-0.889548838,1,0.435383171,1,0.301061332,1,-0.489917636,1,0.498567581,1
27.7958622,-4.866165638,1,-3.114432335,1,-8.806221008,1,-0.099011168,1,-0.941901326,1,0.467383474,1,0.300356805,1,-0.493943572,1,0.499297768,1
27.79986,-4.92184782,1,-3.197789907,1,-8.835226059,1,-0.134400755,1,-1.006328106,1,0.495681316,1,0.299509704,1,-0.49823001,1,0.500078976,1
27.80386162,-5.107923985,1,-3.22205925,1,-8.742949486,1,-0.158499882,1,-1.073249936,1,0.519121647,1,0.298534513,1,-0.502805591,1,0.500897527,1
27.80786514,-5.307487011,1,-3.32297802,1,-8.956403732,1,-0.190238401,1,-1.125156283,1,0.549321055,1,0.297413886,1,-0.50763458,1,0.501764834,1
27.81186485,-4.881428719,1,-3.181992531,1,-9.01027298,1,-0.230103612,1,-1.186796904,1,0.583589077,1,0.296113878,1,-0.512717783,1,0.502703309,1
27.81586647,-5.150238037,1,-3.068538189,1,-9.304053307,1,-0.25239417,1,-1.263234496,1,0.60907203,1,0.294674993,1,-0.518100441,1,0.50368315,1
27.81986427,-4.957973957,1,-3.058123112,1,-9.255607605,1,-0.275413424,1,-1.331468701,1,0.640356958,1,0.293111682,1,-0.52378732,1,0.504715502,1
27.82386398,-5.099527359,1,-3.115099669,1,-9.391139984,1,-0.30512467,1,-1.403247356,1,0.675630629,1,0.291389227,1,-0.529788256,1,0.505819798,1
27.8278656,-4.953519344,1,-2.975457191,1,-9.368004799,1,-0.328930765,1,-1.483356237,1,0.71084094,1,0.289531052,1,-0.536104083,1,0.506993234,1
27.8318634,-5.473805428,1,-3.084976673,1,-9.845446587,1,-0.357002854,1,-1.55966866,1,0.739898086,1,0.287529111,1,-0.542773843,1,0.508217096,1
27.83586311,-5.071547508,1,-3.022352695,1,-9.623056412,1,-0.397025943,1,-1.631694913,1,0.777127922,1,0.285357773,1,-0.549736619,1,0.509498715,1
27.83986473,-4.596954346,1,-2.934817553,1,-9.651656151,1,-0.424596071,1,-1.74472785,1,0.811285675,1,0.282985985,1,-0.557100058,1,0.51086688,1
27.84386253,-4.933098793,1,-2.653979301,1,-9.777176857,1,-0.452071398,1,-1.841898203,1,0.837597072,1,0.280489862,1,-0.564911187,1,0.512250602,1
27.84786224,-4.889240265,1,-2.803005457,1,-8.527994156,1,-0.522481322,1,-1.716227412,1,0.835606575,1,0.27773571,1,-0.572787523,1,0.513708115,1
27.85186386,-5.004386425,1,0.376932889,1,-13.04650879,1,-0.302579254,1,-2.250427723,1,0.891246796,1,0.275536239,1,-0.581587732,1,0.515112519,1
27.85586166,-6.87054348,1,-1.435486317,1,-9.34760952,1,-0.34105888,1,-2.124534845,1,0.945306957,1,0.273450524,1,-0.590856671,1,0.516553223,1
27.85986137,-3.710613012,1,-7.527558327,1,-9.826821327,1,-0.557997823,1,-2.335428238,1,0.905682206,1,0.270852596,1,-0.60044241,1,0.517994225,1
27.86386299,-3.641127825,1,-3.218063354,1,-11.50968075,1,-0.628306985,1,-2.530821323,1,0.96337676,1,0.26777941,1,-0.610803843,1,0.519157588,1
27.86786079,-3.927761078,1,-1.639831543,1,-10.91135979,1,-0.605100095,1,-2.694041252,1,1.072449446,1,0.264437348,1,-0.621953547,1,0.520641983,1
27.8718605,-4.951102734,1,-3.836534023,1,-11.38754368,1,-0.61403513,1,-2.864323854,1,1.110816717,1,0.261037052,1,-0.633841217,1,0.52230829,1
27.87586212,-4.357297421,1,-3.93401432,1,-11.46529198,1,-0.659374058,1,-3.077898026,1,1.173692584,1,0.257492483,1,-0.646466494,1,0.524002492,1
27.87985992,-4.178250313,1,-4.317025185,1,-11.84997749,1,-0.694839001,1,-3.298418999,1,1.261392474,1,0.253637046,1,-0.660038352,1,0.52586627,1
27.88385963,-4.098838329,1,-5.407230854,1,-11.79269028,1,-0.732391,1,-3.517180204,1,1.390482783,1,0.24939844,1,-0.674555302,1,0.528086185,1
27.88786125,-3.347345829,1,-5.993797779,1,-11.79333782,1,-0.761871934,1,-3.791810513,1,1.547562242,1,0.244680092,1,-0.690150857,1,0.530814111,1
27.89185906,-3.648733377,1,-6.682290554,1,-12.15855598,1,-0.770252287,1,-4.07189846,1,1.735126615,1,0.239426181,1,-0.707010686,1,0.53421092,1
27.89585877,-3.434512377,1,-7.387312412,1,-12.33185387,1,-0.79496789,1,-4.332328796,1,1.94533205,1,0.233500898,1,-0.725075185,1,0.538466454,1
27.89986038,-3.991583586,1,-9.04131794,1,-12.85353565,1,-0.877327085,1,-4.597527981,1,2.156771898,1,0.226643413,1,-0.744346201,1,0.543759346,1
27.90385819,-5.353701591,1,-9.62036705,1,-12.77886772,1,-1.015233636,1,-4.85581255,1,2.502302408,1,0.218359396,1,-0.764839411,1,0.550453961,1
27.9078579,-4.994101048,1,-10.7537899,1,-13.21973896,1,-1.184301376,1,-5.061027527,1,2.750798464,1,0.207947344,1,-0.786462545,1,0.558979332,1
27.91185951,-3.248156548,1,-10.46540642,1,-13.05725098,1,-1.39775002,1,-5.360514641,1,3.06171608,1,0.195414051,1,-0.809185565,1,0.569307745,1
27.91585732,-3.649092197,1,-10.43304157,1,-13.36006069,1,-1.613377213,1,-5.668820858,1,3.31397438,1,0.180335507,1,-0.833257437,1,0.581675828,1
27.91985703,-7.977396965,1,-10.63899612,1,-13.92447186,1,-1.838456511,1,-5.917000294,1,3.547111034,1,0.162664205,1,-0.85846895,1,0.596085608,1
27.92385674,-12.35621452,1,-11.69153881,1,-14.08411407,1,-2.108847857,1,-5.8875947,1,3.711905241,1,0.141939908,1,-0.884067953,1,0.61283946,1
27.92786217,-11.15519524,1,-11.39693451,1,-12.65719986,1,-2.326724768,1,-5.88947773,1,3.865609169,1,0.118104666,1,-0.909360051,1,0.631990373,1
27.93186188,-10.55595303,1,-10.87780285,1,-13.44102573,1,-2.571614265,1,-5.994552135,1,4.056377411,1,0.090803817,1,-0.934624851,1,0.653968155,1
27.9358635,-18.43951797,1,-8.275849342,1,-16.00715828,1,-2.63025403,1,-5.892328262,1,4.099339962,1,0.060134467,1,-0.959698379,1,0.678814769,1
27.9398613,-18.84612656,1,-5.96991539,1,-15.57534885,1,-2.475321531,1,-5.531133652,1,4.135995388,1,0.027288895,1,-0.983190656,1,0.706194878,1
27.94386101,-14.40930557,1,-5.664830208,1,-14.69828415,1,-2.318250179,1,-5.475001812,1,4.234503746,1,-0.007691669,1,-1.005318999,1,0.736497343,1
27.94786263,-16.93419647,1,-5.736954212,1,-15.43360519,1,-2.172111273,1,-5.420019627,1,4.239986897,1,-0.044529095,1,-1.025642395,1,0.774106026,1
27.95186234,-18.56771088,1,-4.168371677,1,-14.32572269,1,-1.965221167,1,-5.300668716,1,4.168662548,1,-0.083383746,1,-1.045943022,1,0.809678376,1
27.95586014,-18.28886604,1,-5.704188824,1,-14.18469715,1,-1.83926332,1,-5.309837341,1,4.137467384,1,-0.124062307,1,-1.065346718,1,0.847665966,1
27.95986176,-22.31291199,1,-6.506288528,1,-15.32439232,1,-1.681639194,1,-5.180624008,1,4.1071558,1,-0.166882828,1,-1.083791375,1,0.888346195,1
27.96385956,-22.20371628,1,-6.825092316,1,-14.12376976,1,-1.615898848,1,-4.940776348,1,4.186924934,1,-0.212115958,1,-1.100522637,1,0.931908429,1
27.96785927,-19.17409897,1,-8.390496254,1,-11.69957256,1,-1.743273377,1,-4.847379684,1,4.355734825,1,-0.261187315,1,-1.115543365,1,0.979304731,1
27.97186279,-18.22615814,1,-7.119600296,1,-11.71655083,1,-2.083964586,1,-4.726309299,1,4.465563297,1,-0.315510571,1,-1.128878474,1,1.031089306,1
27.9758606,-17.31399727,1,-5.810139179,1,-9.488345146,1,-2.277653456,1,-4.499095917,1,4.408163548,1,-0.373385966,1,-1.140303254,1,1.085292697,1
27.9798584,-13.34122276,1,-5.161644936,1,-8.391183853,1,-2.527910948,1,-4.151472569,1,4.371366978,1,-0.433679461,1,-1.14929378,1,1.140951872,1
27.98386002,-10.84802246,1,-3.759550571,1,-8.272734642,1,-2.612141132,1,-3.748964787,1,4.136137009,1,-0.494146675,1,-1.155838728,1,1.195830941,1
27.98785782,-12.84630585,1,-2.521756411,1,-10.39179039,1,-2.613159657,1,-3.456909657,1,3.874501228,1,-0.552893102,1,-1.16027081,1,1.248481512,1
27.99185944,-15.95045185,1,-3.29671669,1,-11.57602406,1,-2.376987696,1,-3.160467625,1,3.508019209,1,-0.608093143,1,-1.163233399,1,1.297750235,1
27.99586105,-14.90345669,1,-1.318122029,1,-11.29389381,1,-2.139961958,1,-2.886779308,1,3.208327055,1,-0.658866227,1,-1.165032625,1,1.343156934,1
27.99985886,-20.14842796,1,3.511399984,1,-11.86782646,1,-1.630824327,1,-2.827034712,1,2.890727282,1,-0.705397129,1,-1.16620934,1,1.385447264,1
28.00385857,-26.00509834,1,1.805323362,1,-14.18109417,1,-1.169444203,1,-2.271275282,1,2.640073776,1,-0.746225297,1,-1.166614771,1,1.423909426,1
28.00785828,-16.01943207,1,-2.866748333,1,-13.07100677,1,-1.044328094,1,-1.621113777,1,2.383612394,1,-0.780073345,1,-1.165220618,1,1.455915689,1
28.01185608,-7.315051079,1,-6.449540138,1,-10.30797958,1,-0.90281564,1,-1.30039537,1,2.019823551,1,-0.807874262,1,-1.162980437,1,1.48194325,1
28.0158577,-6.10970974,1,-8.108504295,1,-8.857383728,1,-0.784087062,1,-1.206961036,1,1.758584023,1,-0.8314659,1,-1.160904884,1,1.504022717,1
28.01985931,-8.142493248,1,-7.626320839,1,-9.030487061,1,-0.92142725,1,-1.084266663,1,1.668955922,1,-0.853099287,1,-1.158869028,1,1.523962379,1
28.02385712,-9.595314026,1,-7.525921822,1,-9.962474823,1,-1.141829014,1,-0.90043658,1,1.602659464,1,-0.873888493,1,-1.156474233,1,1.542155623,1
28.02785683,-8.312343597,1,-8.029215813,1,-9.657876015,1,-1.275938869,1,-0.655790687,1,1.462625265,1,-0.893010378,1,-1.153697491,1,1.557751656,1
28.03185654,-6.266337395,1,-7.639549732,1,-8.70585537,1,-1.329579234,1,-0.477403075,1,1.303478718,1,-0.909905374,1,-1.150759101,1,1.57052207,1
28.03585625,-5.300648212,1,-7.020721912,1,-8.429411888,1,-1.352424145,1,-0.313301295,1,1.151454806,1,-0.924740493,1,-1.147829413,1,1.580906749,1
28.03985596,-4.625594139,1,-6.657223701,1,-8.447401047,1,-1.381248951,1,-0.149350896,1,1.019502759,1,-0.937602222,1,-1.144893169,1,1.589014173,1
28.04385757,-3.738779306,1,-6.487882614,1,-8.35984993,1,-1.374824762,1,0.01029758,1,0.877489805,1,-0.948493242,1,-1.141984224,1,1.594918728,1
28.04785538,-2.946655989,1,-6.712168694,1,-8.110910416,1,-1.335214734,1,0.144097969,1,0.716398954,1,-0.9573915,1,-1.139212251,1,1.598740339,1
28.05186081,-2.239543676,1,-6.932581902,1,-7.851686954,1,-1.3038131,1,0.265936077,1,0.56714505,1,-0.96439147,1,-1.136631489,1,1.6006428,1
28.05586243,-1.534368515,1,-7.244941711,1,-7.497792244,1,-1.291746259,1,0.394422501,1,0.425854206,1,-0.969655335,1,-1.134258032,1,1.600735903,1
28.05986023,-0.822358727,1,-7.464084625,1,-7.230037212,1,-1.296928883,1,0.517917275,1,0.289454848,1,-0.973338068,1,-1.132040501,1,1.599090219,1
28.06385994,-0.410125792,1,-7.632275105,1,-7.020319939,1,-1.308057427,1,0.641686201,1,0.149708226,1,-0.975533128,1,-1.130013347,1,1.595763803,1
28.06786346,-0.13913992,1,-7.701828003,1,-6.84544611,1,-1.321173191,1,0.771949232,1,0.010735045,1,-0.976230562,1,-1.128153086,1,1.590726137,1
28.07185936,0.149293706,1,-7.75260067,1,-6.654520035,1,-1.338580132,1,0.914962292,1,-0.125211403,1,-0.975395322,1,-1.126443982,1,1.583906293,1
28.07585907,0.454155117,1,-7.577435493,1,-6.540845871,1,-1.355476737,1,1.056543827,1,-0.258171678,1,-0.973048389,1,-1.124850631,1,1.57531929,1
28.0798626,0.648177564,1,-7.421259403,1,-6.414514542,1,-1.356122732,1,1.212434649,1,-0.391523778,1,-0.96912396,1,-1.123361588,1,1.564952254,1
28.0838604,0.685080051,1,-7.290197849,1,-6.319688797,1,-1.347903848,1,1.36790514,1,-0.520565927,1,-0.963576555,1,-1.121932626,1,1.552790403,1
28.08786011,0.702984273,1,-7.054566383,1,-6.266231537,1,-1.326075196,1,1.537332892,1,-0.652560592,1,-0.956247151,1,-1.120521545,1,1.538715959,1
28.09186173,0.742596924,1,-6.908389568,1,-6.219201088,1,-1.296013594,1,1.726872444,1,-0.78641808,1,-0.947055697,1,-1.119078159,1,1.522675514,1
28.09585953,0.829918981,1,-6.694667816,1,-6.146976471,1,-1.253267169,1,1.898743033,1,-0.911931157,1,-0.935988843,1,-1.117563725,1,1.504706383,1
28.09985924,0.855528355,1,-6.483285427,1,-6.103412628,1,-1.195113063,1,2.083621502,1,-1.039046645,1,-0.923030376,1,-1.115929127,1,1.48484087,1
28.10386086,0.917368948,1,-6.23841095,1,-6.016282558,1,-1.124652982,1,2.254670858,1,-1.157745004,1,-0.908166349,1,-1.114121199,1,1.463113666,1
28.10785866,1.09168601,1,-5.955143929,1,-6.047942638,1,-1.043116093,1,2.417416573,1,-1.27400279,1,-0.891484439,1,-1.112119675,1,1.439683795,1
28.11185837,1.266222,1,-5.803723335,1,-5.990334988,1,-0.951807499,1,2.56764698,1,-1.38337481,1,-0.87311399,1,-1.109887004,1,1.414743423,1
28.11585999,1.46874547,1,-5.614844799,1,-5.837349415,1,-0.850636721,1,2.694737196,1,-1.486981869,1,-0.853169918,1,-1.107404709,1,1.388429046,1
28.11985779,1.430021286,1,-5.526097298,1,-5.788678169,1,-0.750027299,1,2.815907955,1,-1.584356904,1,-0.831800818,1,-1.104647756,1,1.360941052,1
28.1238575,1.237903953,1,-5.451230049,1,-5.729356289,1,-0.649789512,1,2.930747271,1,-1.680738688,1,-0.809136271,1,-1.101588249,1,1.332407951,1
28.12785912,1.042489529,1,-5.350873947,1,-5.685250282,1,-0.552139938,1,3.050670862,1,-1.773186922,1,-0.785244942,1,-1.098165035,1,1.30290091,1
28.13185692,0.851254642,1,-5.271270752,1,-5.699157238,1,-0.455118865,1,3.16451478,1,-1.862800002,1,-0.760255098,1,-1.094338179,1,1.272534251,1
28.13585663,0.600189924,1,-5.172019958,1,-5.702905655,1,-0.350815505,1,3.274470568,1,-1.946516633,1,-0.734229505,1,-1.090077162,1,1.241400123,1
28.13985825,0.284139067,1,-5.073696613,1,-5.668329239,1,-0.249675542,1,3.378040791,1,-2.033395052,1,-0.707286716,1,-1.085337758,1,1.209618807,1
28.14385605,-0.142298549,1,-5.098867416,1,-5.700158119,1,-0.152507246,1,3.495589733,1,-2.105679989,1,-0.679545641,1,-1.080052018,1,1.177297354,1
28.14785576,-0.696112514,1,-5.075857639,1,-5.772148609,1,-0.054952953,1,3.613541126,1,-2.188541412,1,-0.651084065,1,-1.074164867,1,1.144503951,1
28.15185738,-1.157747865,1,-4.952563763,1,-5.865663528,1,0.035716996,1,3.727143526,1,-2.270816088,1,-0.622019112,1,-1.067663193,1,1.111337066,1
28.15585518,-1.42961359,1,-4.78590107,1,-5.853672504,1,0.117821433,1,3.843100548,1,-2.356319427,1,-0.59245044,1,-1.060506701,1,1.077865362,1
28.15985489,-1.673533559,1,-4.676948547,1,-5.813192844,1,0.205818459,1,3.95046258,1,-2.426916122,1,-0.562550783,1,-1.052661538,1,1.044275045,1
28.16385651,-1.895284653,1,-4.543946266,1,-5.787193298,1,0.292577744,1,4.063268661,1,-2.493574619,1,-0.532468736,1,-1.044091702,1,1.010718465,1
28.16785431,-2.249228716,1,-4.437624931,1,-5.757915497,1,0.373121113,1,4.162462711,1,-2.544296503,1,-0.502371192,1,-1.034786701,1,0.977366507,1
28.17185974,-2.530719995,1,-4.329623699,1,-5.815998554,1,0.459858567,1,4.257026196,1,-2.595499277,1,-0.472441196,1,-1.024724245,1,0.944396913,1
28.17586136,-2.93409133,1,-4.18860054,1,-5.861508846,1,0.543661058,1,4.356089592,1,-2.642662287,1,-0.442777276,1,-1.013895988,1,0.911933124,1
28.17985916,-3.198684216,1,-4.079537392,1,-5.912700653,1,0.637343824,1,4.448132038,1,-2.690485716,1,-0.413450032,1,-1.002306223,1,0.880051255,1
28.18385887,-3.535479307,1,-4.046429157,1,-6.008171558,1,0.713276267,1,4.530179024,1,-2.723694801,1,-0.384559155,1,-0.989969134,1,0.848845899,1
28.18786049,-3.765645742,1,-4.087682724,1,-6.092525959,1,0.788380623,1,4.619627953,1,-2.755280256,1,-0.356236726,1,-0.976883352,1,0.818434596,1
28.19185829,-4.085483074,1,-4.080589294,1,-6.156519413,1,0.870638669,1,4.697025776,1,-2.789102077,1,-0.328534395,1,-0.963055849,1,0.788887978,1
28.195858,-4.400419712,1,-4.086699009,1,-6.219109535,1,0.94135046,1,4.781195164,1,-2.808434248,1,-0.298749655,1,-0.948495984,1,0.76353097,1
28.19985962,-4.653519154,1,-4.047283173,1,-6.29691124,1,1.012663603,1,4.863579273,1,-2.824312687,1,-0.272544831,1,-0.933163762,1,0.735945046,1
28.20385742,-4.922168255,1,-3.928428411,1,-6.355341434,1,1.085455418,1,4.941129684,1,-2.84543848,1,-0.247125909,1,-0.917134285,1,0.709380388,1
28.20785713,-5.144649506,1,-3.869046926,1,-6.433792114,1,1.169779062,1,5.009467602,1,-2.851729393,1,-0.222453475,1,-0.900424838,1,0.683823466,1
28.21185875,-5.353075027,1,-3.843463182,1,-6.564950466,1,1.25684762,1,5.072683811,1,-2.862462759,1,-0.198532477,1,-0.883099318,1,0.659308255,1
28.21585655,-5.576823235,1,-3.803512573,1,-6.697899342,1,1.33914423,1,5.132306099,1,-2.872370481,1,-0.175330237,1,-0.86517328,1,0.635827422,1
28.21985626,-5.796980381,1,-3.808244228,1,-6.791529655,1,1.431599617,1,5.181545734,1,-2.881788969,1,-0.152828485,1,-0.846701145,1,0.613366306,1
28.22385788,-6.013772011,1,-3.804905176,1,-7.023190975,1,1.520152807,1,5.223750114,1,-2.895662069,1,-0.130955905,1,-0.827723682,1,0.591879249,1
28.22785568,-6.344199181,1,-3.950621843,1,-7.598974228,1,1.590834141,1,5.281806469,1,-2.925847054,1,-0.109711088,1,-0.80827409,1,0.571317613,1
28.23185539,-6.633500576,1,-3.988083363,1,-6.214073181,1,1.71464324,1,5.331726074,1,-2.98393774,1,-0.08884079,1,-0.788242936,1,0.551332772,1
28.23585701,-6.27246666,1,-3.335143805,1,-7.117734432,1,1.803442001,1,5.307204247,1,-2.962385416,1,-0.068531595,1,-0.767975688,1,0.532405198,1
28.23985481,-6.978380203,1,-4.043868065,1,-7.517923355,1,1.908762217,1,5.311822414,1,-2.951938152,1,-0.048742488,1,-0.747496307,1,0.514440358,1
28.24385262,-7.41039753,1,-4.663659096,1,-7.774709702,1,1.97294569,1,5.330963612,1,-2.968971729,1,-0.029483356,1,-0.726700008,1,0.497351795,1
28.24785805,-7.615715504,1,-4.855523109,1,-7.824272633,1,2.026560068,1,5.339346886,1,-2.998682737,1,-0.010729729,1,-0.705582023,1,0.48097232,1
28.25185394,-7.833442211,1,-4.70827961,1,-8.061171532,1,2.08151722,1,5.332297802,1,-3.024574041,1,0.007560894,1,-0.684255362,1,0.465236813,1
28.25585365,-8.32185173,1,-4.710055351,1,-8.308692932,1,2.147842884,1,5.326212406,1,-3.060796261,1,0.025452645,1,-0.662745178,1,0.450107515,1
28.25985718,-8.675905228,1,-4.85792923,1,-8.585544586,1,2.214205027,1,5.319602966,1,-3.082961082,1,0.042993635,1,-0.641047716,1,0.435572088,1
28.26385498,-9.084355354,1,-5.112296581,1,-8.924692154,1,2.294225216,1,5.310562134,1,-3.113125563,1,0.060239587,1,-0.619180977,1,0.421605766,1
28.26785469,-9.574237823,1,-5.42162466,1,-9.421876907,1,2.380434513,1,5.296416283,1,-3.145676613,1,0.077269286,1,-0.59716177,1,0.408154458,1
28.27185631,-10.17990494,1,-5.65967083,1,-9.963745117,1,2.471701384,1,5.285722733,1,-3.191224575,1,0.094151132,1,-0.57499063,1,0.395168185,1
28.27585411,-10.96378803,1,-5.849241734,1,-10.72878361,1,2.570100784,1,5.264977455,1,-3.238505602,1,0.110965364,1,-0.552687645,1,0.382588089,1
28.27985382,-11.93959713,1,-6.055608749,1,-11.37026882,1,2.685015678,1,5.249298573,1,-3.302592754,1,0.12777932,1,-0.530253112,1,0.370362043,1
28.28385544,-12.85085869,1,-6.213549614,1,-12.11642742,1,2.801762104,1,5.225094318,1,-3.374321222,1,0.144680217,1,-0.50768435,1,0.358395934,1
28.28785324,-13.89355469,1,-6.351354599,1,-12.74232769,1,2.915503263,1,5.196236134,1,-3.474169731,1,0.161723435,1,-0.484988421,1,0.346615613,1
28.29185867,-14.99917316,1,-6.434234142,1,-13.4239645,1,3.051950693,1,5.169599056,1,-3.573323965,1,0.178971171,1,-0.462168992,1,0.334961832,1
28.29586029,-16.11475372,1,-6.548449516,1,-13.98535919,1,3.190725088,1,5.139261723,1,-3.693122625,1,0.196497321,1,-0.439207762,1,0.32337749,1
28.29985809,-17.37282562,1,-6.815511703,1,-14.39354897,1,3.337435246,1,5.091104507,1,-3.814933777,1,0.214352623,1,-0.416109145,1,0.311801732,1
28.3038578,-18.82273483,1,-6.997722149,1,-14.79734707,1,3.478646994,1,5.036981583,1,-3.947026014,1,0.232550442,1,-0.392912775,1,0.300213277,1
28.30785942,-20.55890465,1,-7.37944746,1,-15.06228256,1,3.604839325,1,4.980257034,1,-4.090615749,1,0.251058847,1,-0.369611382,1,0.288571268,1
28.31185722,-22.41027641,1,-7.561724663,1,-14.93446445,1,3.708228111,1,4.896682262,1,-4.231315613,1,0.269803852,1,-0.346235931,1,0.276831925,1
28.31585693,-24.54847717,1,-7.696771622,1,-14.87455559,1,3.785494804,1,4.787075043,1,-4.368019104,1,0.288691044,1,-0.322880566,1,0.264985949,1
28.31985855,-26.9811821,1,-7.243583679,1,-14.1187191,1,3.838163853,1,4.696110725,1,-4.524077892,1,0.30761227,1,-0.299543858,1,0.252986252,1
28.32385635,-27.10410881,1,-1.000584364,1,-13.99879169,1,3.917809725,1,4.526319027,1,-4.798086643,1,0.326607287,1,-0.276149333,1,0.240557149,1
28.32785606,-25.96579933,1,1.691640854,1,-14.18494225,1,4.04370451,1,4.247966766,1,-5.120821953,1,0.346060097,1,-0.253026754,1,0.227146313,1
28.33185768,-28.03826714,1,0.803753972,1,-13.50012779,1,4.122689724,1,4.022422314,1,-5.403596878,1,0.365828991,1,-0.230187967,1,0.212740704,1
28.33585548,-30.06678391,1,2.524368763,1,-12.25021362,1,4.233029366,1,3.80264616,1,-5.578478336,1,0.38580218,1,-0.207552046,1,0.197663173,1
28.33985519,-32.01283264,1,4.176980972,1,-10.09463692,1,4.322506428,1,3.581106186,1,-5.667898178,1,0.405909896,1,-0.185237691,1,0.182297483,1
28.34385681,-33.20289993,1,5.701489449,1,-8.436089516,1,4.343380928,1,3.340908766,1,-5.696106911,1,0.425954044,1,-0.163370967,1,0.166850075,1
28.34785461,-33.61568451,1,7.271505356,1,-6.498161316,1,4.290888309,1,3.093722343,1,-5.639267445,1,0.44557336,1,-0.142125145,1,0.151529342,1
28.35185432,-33.88777161,1,8.576931,1,-4.349191666,1,4.202079773,1,2.846830368,1,-5.478072643,1,0.46452105,1,-0.121673949,1,0.136614621,1
28.35585594,-33.59443665,1,8.938982964,1,-2.24782443,1,4.086606979,1,2.610784531,1,-5.211347103,1,0.482702702,1,-0.102190591,1,0.122448668,1
28.35985375,-33.31990814,1,9.099923134,1,-0.70683831,1,3.868689775,1,2.354211569,1,-4.881706715,1,0.499863029,1,-0.083914429,1,0.109250635,1
28.36385346,-32.51041412,1,9.917571068,1,0.712474465,1,3.579502106,1,2.054253817,1,-4.514217854,1,0.515680134,0,-0.06705527,0,0.097089916,0
28.36785507,-32.69031525,1,11.71596718,1,2.170180798,1,3.259643078,1,1.713208675,1,-4.163927078,1,0.530023754,0,-0.051866923,0,0.085810348,0
28.37185288,-33.97180939,1,13.32962704,1,3.395886898,1,2.919858217,1,1.380259275,1,-3.853859186,1,0.542859972,0,-0.038362894,0,0.075190984,0
28.37585259,-34.86852646,1,14.36124706,1,4.583272934,1,2.545008659,1,1.045403004,1,-3.577531338,1,0.554125309,0,-0.026484283,0,0.065025881,0
28.3798542,-34.80821228,1,15.21409702,1,5.777267456,1,2.146026611,1,0.690740883,1,-3.294520855,1,0.563718796,0,-0.016245354,0,0.055215526,0
28.38385201,-33.89907837,1,15.88160992,1,6.628610134,1,1.743273497,1,0.295772523,1,-2.995074749,1,0.571598113,0,-0.007810195,0,0.04566941,0
28.38785172,-32.47047424,1,16.83873367,1,7.006729126,1,1.38325882,1,-0.122919202,1,-2.671515942,1,0.577868223,0,-0.001350767,0,0.036345113,0
28.39185333,-31.3297863,1,17.33596802,1,6.915179729,1,1.074647903,1,-0.51940608,1,-2.306885958,1,0.582764566,0,0.003033304,0,0.027301857,0
28.39585114,-30.60251427,1,16.83655167,1,6.177641869,1,0.818558455,1,-0.88536483,1,-1.909814358,1,0.586503267,0,0.005337128,0,0.018709976,0
28.39984894,-10.10988331,1,-6.402881622,1,-0.361804277,1,-0.674384654,1,-1.479824185,1,-1.221473694,1,0.587502241,0,0.005029162,0,0.010863156,0
28.40385056,-34.52108002,1,-6.580694675,1,9.757922173,1,-3.016808987,1,-2.966552973,1,-0.015245837,1,0.579875112,0,-0.000846981,0,0.003932948,0
28.40785027,-44.09990311,1,6.431411266,1,10.70939922,1,-4.172977448,1,-3.406891108,1,0.738785625,1,0.565089881,0,-0.012805482,0,-0.001822012,0
28.41185761,2.910691738,1,14.89210796,1,8.478518486,1,-3.785473824,1,-2.939804316,1,1.230610371,1,0.549190819,0,-0.02563327,0,-0.005091937,0
28.41585922,13.11670876,1,7.223270416,1,-3.509941578,1,-4.013644695,1,-3.405489445,1,1.77320838,1,0.533964396,0,-0.039430767,0,-0.006503315,0
28.41985703,-11.57361698,1,4.929201126,1,-19.88789749,1,-4.260160446,1,-3.606518984,1,2.250989676,1,0.517135799,0,-0.055965699,0,-0.006649757,0
28.42385674,-5.1825881,1,-0.093030453,1,-30.96821785,1,-3.546808958,1,-2.785082579,1,2.302153587,1,0.50124532,0,-0.071644962,0,-0.004940076,0
28.42785835,5.888786793,1,-10.51035881,1,-34.50416565,1,-3.167618036,1,-2.148054838,1,2.373421192,1,0.487717181,0,-0.084702,0,-0.001317408,0
28.43185616,7.171622753,1,-16.64317703,1,-25.95055962,1,-3.429941654,1,-1.867926002,1,2.419834614,1,0.474148393,0,-0.096124254,0,0.003555771,0
28.43585396,7.273846149,1,-7.58676815,1,-17.24217796,1,-3.291951418,1,-1.961280227,1,2.617462873,1,0.460014999,0,-0.107401907,0,0.009111033,0
28.43985558,5.682063103,1,5.792521,1,-13.81252098,1,-2.977627754,1,-2.490645409,1,2.907775164,1,0.446689695,0,-0.120144047,0,0.015166081,0
28.44385338,2.07384944,1,12.0119009,1,-9.490735054,1,-2.876107931,1,-3.258504152,1,3.28657937,1,0.434165925,0,-0.135762677,0,0.021654397,0
28.44785309,1.758253217,1,12.44296265,1,-10.0151062,1,-2.585230827,1,-3.858905792,1,3.623090744,1,0.423162192,0,-0.152969956,0,0.032944437,0
28.45185471,-2.156486511,1,6.232726574,1,-12.18013191,1,-2.426757336,1,-4.488895416,1,3.691560745,1,0.412064344,0,-0.174212649,0,0.039669186,0
28.45585251,-13.78537846,1,3.898924828,1,-17.6240406,1,-2.333964825,1,-4.69273138,1,3.458212614,1,0.401475191,0,-0.196866035,0,0.045656282,0
28.45985222,-24.11717606,1,3.49113512,1,-19.31635857,1,-2.226442099,1,-4.340734482,1,2.980265141,1,0.391277969,0,-0.218667537,0,0.050672486,0
28.46385384,-29.37884331,1,1.838636279,1,-20.57556343,1,-1.980937123,1,-3.878381252,1,2.468480587,1,0.381937444,0,-0.237955436,0,0.054655861,0
28.46785164,-31.67085266,1,-1.536687016,1,-16.72717857,1,-1.813964248,1,-3.437270641,1,1.948467612,1,0.373652488,0,-0.254862487,0,0.057571013,0
28.47185135,-26.58185768,1,-3.720943928,1,-13.04039669,1,-1.583503008,1,-2.948111057,1,1.4814924,1,0.366364539,0,-0.269211829,0,0.059378169,0
28.47585297,-20.32277489,1,-1.541584015,1,-9.988647461,1,-1.363054156,1,-2.680905104,1,1.192718029,1,0.360186696,0,-0.281546772,0,0.060418788,0
28.47985077,-15.59079647,1,-0.421797484,1,-10.02727795,1,-1.229717612,1,-2.503633976,1,1.031896472,1,0.354927361,0,-0.292832255,0,0.060940463,0
28.48385048,-11.69119453,1,-0.715774536,1,-10.79090214,1,-1.188638806,1,-2.241019011,1,0.982231796,1,0.349937379,0,-0.303140759,0,0.06143022,0
28.4878521,-9.029081345,1,0.285251737,1,-11.41103077,1,-1.13127315,1,-2.035953999,1,0.986986995,1,0.345027685,0,-0.312528968,0,0.062275376,0
28.4918499,-8.977272034,1,-0.399240524,1,-11.50433636,1,-1.07858932,1,-1.735933423,1,0.986382902,1,0.34023881,0,-0.320997059,0,0.063511036,0
28.49584961,-7.773943424,1,-0.395866454,1,-10.33272839,1,-1.012777925,1,-1.459542155,1,0.999901712,1,0.33548671,0,-0.328308463,0,0.065228663,0
28.49985123,-7.323832035,1,-0.888278246,1,-8.920193672,1,-1.003621697,1,-1.29654932,1,0.98281002,1,0.330807686,0,-0.334805071,0,0.067313991,0
28.50384903,-9.790790558,1,-3.103452682,1,-8.522398949,1,-0.991787136,1,-1.057472706,1,0.856103122,1,0.32610321,0,-0.34048301,0,0.069379486,0
28.50784874,-12.01085091,1,-3.942186832,1,-8.122364044,1,-1.01371479,1,-0.760496497,1,0.72328943,1,0.321451783,0,-0.344942093,0,0.071339197,0
28.51185036,-13.10878086,1,-3.578569889,1,-8.911768913,1,-0.936955571,1,-0.542732179,1,0.554236054,1,0.316951454,0,-0.348230898,0,0.07305409,0
28.51584816,-11.99800205,1,-2.548304319,1,-9.374933243,1,-0.848861516,1,-0.275152057,1,0.42302531,1,0.312928379,0,-0.350369036,0,0.074460499,0
28.51984787,-8.318753242,1,-1.101088047,1,-9.671404839,1,-0.810303867,1,-0.13935712,1,0.39256078,1,0.309117138,0,-0.351617277,0,0.075858273,0
28.52384949,-5.848248959,1,-0.69013387,1,-9.874028206,1,-0.743272245,1,-0.088886693,1,0.398497164,1,0.305511892,0,-0.352536917,0,0.077303678,0
28.52784729,-4.802443981,1,-1.44673717,1,-9.795948029,1,-0.699854553,1,-0.096208572,1,0.412508577,1,0.302094519,0,-0.353366494,0,0.078839727,0
28.53185272,-5.612866879,1,-2.352737665,1,-9.900117874,1,-0.62019819,1,-0.107136272,1,0.396014869,1,0.298928857,0,-0.354244232,0,0.080356903,0
28.53585434,-5.537888527,1,-3.158538103,1,-9.066988945,1,-0.586425543,1,-0.115090556,1,0.396501154,1,0.295999497,0,-0.355132878,0,0.081831619,0
28.53985214,-5.059731007,1,-3.584721088,1,-8.806640625,1,-0.56742686,1,-0.132648811,1,0.400765628,1,0.293187439,0,-0.356078297,0,0.083309509,0
28.54385185,-4.710570335,1,-3.920154095,1,-9.022583961,1,-0.573244214,1,-0.143507928,1,0.426525027,1,0.290387332,0,-0.35708949,0,0.0848196,0
28.54785347,-5.243015766,1,-3.953081369,1,-8.833947182,1,-0.569745064,1,-0.124102101,1,0.440941662,1,0.28752768,0,-0.358089387,0,0.086420573,0
28.55185127,-4.714697361,1,-3.509564877,1,-8.498527527,1,-0.579597831,1,-0.128469586,1,0.44910264,1,0.284635186,0,-0.359066069,0,0.088105328,0
28.55585098,-5.028934956,1,-1.717042685,1,-8.998966217,1,-0.54584676,1,-0.120679185,1,0.431250602,1,0.28178966,0,-0.360035956,0,0.089769259,0
28.55985451,-6.073681355,1,0.445665598,1,-9.12049675,1,-0.467633247,1,-0.106260322,1,0.396175086,1,0.27920872,0,-0.360941947,0,0.091326095,0
28.5638504,-5.456205845,1,1.166471004,1,-9.230124474,1,-0.36979261,1,-0.101068355,1,0.354117781,1,0.277031302,0,-0.361740083,0,0.092754617,0
28.56785011,-5.337875366,1,0.544652462,1,-9.483838081,1,-0.27369684,1,-0.105200723,1,0.298965096,1,0.275318265,0,-0.362493277,0,0.093974449,0
28.57185364,-4.563433647,1,-0.807274938,1,-9.444371223,1,-0.189887136,1,-0.133762911,1,0.254701167,1,0.274044842,0,-0.36324656,0,0.094971634,0
28.57585144,-4.104756832,1,-1.987136602,1,-9.452051163,1,-0.142499089,1,-0.180655599,1,0.237339497,1,0.273091227,0,-0.36410585,0,0.095800966,0
28.57985115,-4.534266472,1,-2.620597363,1,-9.159983635,1,-0.116543427,1,-0.212274089,1,0.240173176,1,0.272305787,0,-0.365129262,0,0.096556619,0
28.58385277,-5.113921642,1,-2.654755354,1,-8.799929619,1,-0.099204615,1,-0.232115522,1,0.240999281,1,0.27161333,0,-0.366250038,0,0.097300701,0
28.58785057,-5.172007084,1,-2.438121557,1,-8.675172806,1,-0.087190747,1,-0.235256106,1,0.234897867,1,0.27098763,0,-0.367405534,0,0.098016515,0
28.59185028,-4.813916206,1,-1.986060381,1,-8.774798393,1,-0.061796363,1,-0.240640193,1,0.230226338,1,0.270443946,0,-0.368568838,0,0.098705739,0
28.5958519,-4.520426273,1,-1.709111571,1,-8.845889091,1,-0.038445763,1,-0.25210619,1,0.227587357,1,0.270001024,0,-0.369771063,0,0.099370815,0
28.5998497,-4.501999378,1,-1.766334653,1,-8.878549576,1,-0.013183612,1,-0.278274089,1,0.223827302,1,0.269674778,0,-0.371032745,0,0.100002892,0
28.60384941,-4.595929623,1,-2.158051252,1,-8.756599426,1,0.006294721,1,-0.291906089,1,0.208827123,1,0.26946038,0,-0.372362942,0,0.100570314,0
28.60785103,-4.755125046,1,-2.284952641,1,-8.675174713,1,0.012093168,1,-0.312407404,1,0.186451539,1,0.269320279,0,-0.373731613,0,0.101048462,0
28.61184883,-4.910485268,1,-2.176046848,1,-8.729681015,1,0.030951353,1,-0.326950014,1,0.16532065,1,0.269276381,0,-0.375149608,0,0.10141623,0
28.61584854,-4.767463684,1,-1.88512361,1,-8.781051636,1,0.040386815,1,-0.337240368,1,0.144165114,1,0.269316107,0,-0.376599371,0,0.101672061,0
28.61985016,-4.601409435,1,-1.613637924,1,-8.779273033,1,0.064939767,1,-0.359880775,1,0.120621674,1,0.269466817,0,-0.378094077,0,0.10183081,0
28.62384796,-4.903416634,1,-1.468159556,1,-8.828583717,1,0.088638037,1,-0.372218281,1,0.097018734,1,0.269767255,0,-0.379627049,0,0.101867758,0
28.62784767,-4.902705193,1,-1.428717732,1,-8.726108551,1,0.122126803,1,-0.38817662,1,0.061758541,1,0.270227313,0,-0.381176829,0,0.101760641,0
28.63184929,-4.843063354,1,-1.34553206,1,-8.785809517,1,0.157544553,1,-0.409993708,1,0.031052705,1,0.270876318,0,-0.382771134,0,0.101502813,0
28.63584709,-4.973385811,1,-1.434288859,1,-8.790726662,1,0.186799854,1,-0.417761505,1,0.010319437,1,0.271705985,0,-0.384391129,0,0.101111822,0
28.6398468,-4.598056793,1,-1.731631637,1,-8.675008774,1,0.210897058,1,-0.428922415,1,-0.007751579,1,0.272692919,0,-0.386020422,0,0.10061831,0
28.64384842,-4.694839001,1,-2.032770395,1,-8.596886635,1,0.228188589,1,-0.439101934,1,-0.027458662,1,0.273796052,0,-0.387679458,0,0.100042216,0
28.64784622,-4.758399487,1,-2.639989614,1,-8.454957008,1,0.238417104,1,-0.438939422,1,-0.030348295,1,0.274972618,0,-0.38934505,0,0.099404112,0
28.65185165,-4.772022247,1,-3.152062178,1,-8.26954937,1,0.230415314,1,-0.448391944,1,-0.013279828,1,0.276143372,0,-0.391034722,0,0.098786354,0
28.65585327,-4.932974815,1,-3.621299028,1,-8.028190613,1,0.207934648,1,-0.442648113,1,0.008660227,1,0.277224928,0,-0.392751008,0,0.098240539,0
28.65985107,-5.141582012,1,-3.991757393,1,-7.674855232,1,0.173041165,1,-0.421751142,1,0.038806748,1,0.27815038,0,-0.394442081,0,0.097824723,0
28.66385078,-4.954224586,1,-4.515940189,1,-7.65436697,1,0.130196482,1,-0.41142118,1,0.075211607,1,0.27886939,0,-0.396099359,0,0.097563811,0
28.6678524,-5.22294569,1,-4.2298522,1,-7.446230412,1,0.086194262,1,-0.392942935,1,0.094927609,1,0.279331446,0,-0.397748232,0,0.097446881,0
28.67185211,-5.407926559,1,-4.11929512,1,-7.303693771,1,0.056802183,1,-0.36282295,1,0.107884012,1,0.279624164,0,-0.399316192,0,0.097426876,0
28.67584992,-5.421976566,1,-3.450687647,1,-7.319576263,1,0.040384945,1,-0.335813075,1,0.113080062,1,0.279838413,0,-0.400783896,0,0.097416528,0
28.67985153,-5.305393219,1,-3.207675934,1,-7.445236683,1,0.017791791,1,-0.3037076,1,0.126474813,1,0.279890925,0,-0.402150929,0,0.097550839,0
28.68384934,-5.02750349,1,-2.813983202,1,-7.669070244,1,0.005888862,1,-0.289082766,1,0.135521799,1,0.279860735,0,-0.403435349,0,0.097739868,0
28.68785095,-4.943861008,1,-2.352290154,1,-7.795814991,1,0.010999237,1,-0.279864669,1,0.133102387,1,0.279793024,0,-0.404673696,0,0.097976603,0
28.69185257,-4.888598919,1,-2.156585932,1,-8.011950493,1,0.024784097,1,-0.274101287,1,0.132085398,1,0.279772133,0,-0.405880213,0,0.098200694,0
28.69585037,-4.889243126,1,-1.969387174,1,-8.167329788,1,0.039357532,1,-0.279520124,1,0.132985309,1,0.198331773,0,-0.543258011,0,0.001628289,0
28.69985008,-4.862665653,1,-1.989636302,1,-8.186591148,1,0.064682469,1,-0.288288295,1,0.136139587,1,0.198349074,0,-0.544476032,0,0.001988418,0
28.7038517,-4.743360043,1,-2.453971863,1,-8.291107178,1,0.063262098,1,-0.298766971,1,0.13525942,1,0.198421478,0,-0.545728326,0,0.002336347,0
28.7078495,-4.770062447,1,-2.556289196,1,-8.169061661,1,0.08341711,1,-0.31287384,1,0.139309213,1,0.198542669,0,-0.547037959,0,0.002679434,0
28.71184921,-4.775963783,1,-2.606573105,1,-8.196787834,1,0.098944776,1,-0.318251312,1,0.147821039,1,0.198713809,0,-0.5483886,0,0.003044601,0
28.71585083,-4.794981956,1,-2.5025208,1,-8.210174561,1,0.117989473,1,-0.32027337,1,0.154240459,1,0.198929399,0,-0.549760878,0,0.00345127,0
28.71984863,-4.890725613,1,-2.613114595,1,-8.187554359,1,0.13471514,1,-0.329812437,1,0.163545802,1,0.199207768,0,-0.55115968,0,0.00388083,0
28.72384834,-4.808631897,1,-2.533531427,1,-8.14632988,1,0.14956452,1,-0.335689455,1,0.171541378,1,0.199542642,0,-0.552592814,0,0.004341545,0
28.72785187,-4.843470097,1,-2.707252264,1,-8.228870392,1,0.153939992,1,-0.348782718,1,0.178003207,1,0.19991526,0,-0.554066718,0,0.004825568,0
28.73184776,-4.768955231,1,-2.948650599,1,-8.258932114,1,0.117451154,1,-0.366746336,1,0.180133909,1,0.200196564,0,-0.555607021,0,0.005333061,0
28.73584938,-4.895795345,1,-2.334392786,1,-8.181480408,1,0.124969088,1,-0.378354162,1,0.172070041,1,0.200415477,0,-0.557213128,0,0.00580313,0
28.739851,-5.081464767,1,-2.310795069,1,-8.070022583,1,0.142706394,1,-0.382858872,1,0.183766767,1,0.20071429,0,-0.55885303,0,0.006262982,0
28.7438488,-5.041646004,1,-2.520168304,1,-8.020089149,1,0.144952759,1,-0.38098079,1,0.186273023,1,0.20103021,0,-0.56048888,0,0.006759872,0
28.74784851,-5.063432693,1,-2.7567451,1,-7.95083189,1,0.131736651,1,-0.383136779,1,0.184745237,1,0.201329961,0,-0.562124074,0,0.007256925,0
28.75185013,-5.161859035,1,-2.552888393,1,-7.924530506,1,0.128701821,1,-0.383019596,1,0.184335947,1,0.20160082,0,-0.563777924,0,0.007747382,0
28.75584793,-5.291450024,1,-2.347563267,1,-7.863827705,1,0.135814503,1,-0.380031615,1,0.18178916,1,0.20186308,0,-0.565407336,0,0.00823665,0
28.75984764,-5.402785301,1,-2.356352329,1,-7.784718037,1,0.13100034,1,-0.370660156,1,0.178602263,1,0.202136964,0,-0.567014575,0,0.008719885,0
28.76384926,-5.466418266,1,-2.594118595,1,-7.757112503,1,0.113884494,1,-0.365938097,1,0.16622068,1,0.202391967,0,-0.568588972,0,0.009169885,0
28.76784706,-5.49096632,1,-2.473762989,1,-7.619332314,1,0.094209701,1,-0.358379424,1,0.161659017,1,0.202567637,0,-0.57014215,0,0.009598844,0
28.77185249,-5.612401009,1,-2.354237795,1,-7.559391022,1,0.095690161,1,-0.346912295,1,0.153498054,1,0.202725768,0,-0.571662188,0,0.009991448,0
28.77585411,-5.476424694,1,-2.521956921,1,-7.537680626,1,0.092382222,1,-0.327852547,1,0.157374293,1,0.20288907,0,-0.573112488,0,0.010386922,0
28.77985191,-5.452867031,1,-2.700214863,1,-7.551001549,1,0.078832798,1,-0.315043479,1,0.151652798,1,0.203014478,0,-0.574495077,0,0.010799158,0
28.78385162,-5.328953266,1,-2.802600384,1,-7.560700893,1,0.064862065,1,-0.3043634,1,0.154630303,1,0.203085259,0,-0.575829983,0,0.011216015,0
28.78785324,-5.289443493,1,-2.802555799,1,-7.598592281,1,0.05053746,1,-0.290831178,1,0.15935725,1,0.203069463,0,-0.577124119,0,0.011667682,0
28.79185104,-5.272672653,1,-2.927552223,1,-7.680147648,1,0.04209248,1,-0.285656184,1,0.168680102,1,0.202987492,0,-0.57839334,0,0.012150149,0
28.79585075,-5.222948074,1,-3.202576637,1,-7.731871128,1,0.012444015,1,-0.285946399,1,0.177641496,1,0.202811226,0,-0.579643369,0,0.012678793,0
28.79985237,-5.199555397,1,-3.114115477,1,-7.749986172,1,-0.011023397,1,-0.283157855,1,0.188134938,1,0.202495813,0,-0.580910325,0,0.013254599,0
28.80385017,-5.22353363,1,-3.059975386,1,-7.829925537,1,-0.013792911,1,-0.291080594,1,0.209314063,1,0.202095598,0,-0.58220166,0,0.013906291,0
28.80784988,-5.154722214,1,-3.059146166,1,-7.852510929,1,-0.020175237,1,-0.291805685,1,0.22316961,1,0.201616555,0,-0.583514035,0,0.014640095,0
28.8118515,-5.23234129,1,-3.060687304,1,-7.875338554,1,-0.032484069,1,-0.295549244,1,0.241505772,1,0.201056466,0,-0.584849417,0,0.015453365,0
28.81585121,-5.237802029,1,-2.99930501,1,-7.965643406,1,-0.038486995,1,-0.300201893,1,0.25120762,1,0.200442225,0,-0.586214066,0,0.016323457,0
28.81984901,-5.134824753,1,-2.861512423,1,-8.010146141,1,-0.035464782,1,-0.307859778,1,0.274360776,1,0.199769571,0,-0.587609887,0,0.017259818,0
28.82385063,-5.144578457,1,-2.77337718,1,-8.138615608,1,-0.036743492,1,-0.315287977,1,0.277362496,1,0.199057326,0,-0.589044929,0,0.018268719,0
28.82785034,-5.099212646,1,-2.730744123,1,-8.135736465,1,-0.032178424,1,-0.337688565,1,0.293782473,1,0.19834435,0,-0.590547264,0,0.019305598,0
28.83185005,-5.246795654,1,-2.575264454,1,-8.227720261,1,-0.027040683,1,-0.349045813,1,0.30289945,1,0.197614178,0,-0.592127323,0,0.020397956,0
28.83585167,-4.889807701,1,-2.252692223,1,-7.76993227,1,-0.015856277,1,-0.338617742,1,0.305367917,1,0.196865678,0,-0.593687952,0,0.021532888,0
28.83984947,-5.152603626,1,-2.087491035,1,-8.984139442,1,0.034233857,1,-0.388530493,1,0.327006131,1,0.196316987,0,-0.595411003,0,0.022685327,0
28.84384728,-5.106438637,1,-2.535454512,1,-7.935317039,1,-0.004413029,1,-0.425078869,1,0.334870577,1,0.195718423,0,-0.597237527,0,0.023865955,0
28.8478508,-5.32441473,1,-3.309085846,1,-8.129743576,1,-0.021057971,1,-0.437477887,1,0.334475726,1,0.194983959,0,-0.599198401,0,0.025058772,0
28.8518486,-4.97712326,1,-3.015407801,1,-8.26076889,1,-0.019799642,1,-0.450276047,1,0.363152474,1,0.194201618,0,-0.601206005,0,0.026290905,0
28.85584831,-4.825770378,1,-2.472466946,1,-8.445907593,1,0.001666353,1,-0.478002518,1,0.388132602,1,0.193404973,0,-0.603312373,0,0.027654268,0
28.85984993,-5.183752537,1,-2.649194956,1,-8.392889977,1,-0.004690561,1,-0.514567196,1,0.403011173,1,0.192600012,0,-0.605575323,0,0.029080985,0
28.86384773,-5.28011179,1,-2.97834897,1,-8.167978287,1,-0.022915948,1,-0.546212137,1,0.40564087,1,0.191722214,0,-0.607968628,0,0.03051573,0
28.86784744,-5.120659828,1,-2.940138578,1,-8.199360847,1,-0.022128187,1,-0.571090877,1,0.429370135,1,0.190784082,0,-0.610472679,0,0.031984799,0
28.87184906,-5.094460487,1,-2.890539408,1,-8.323114395,1,-0.026811171,1,-0.593832254,1,0.452141106,1,0.189783469,0,-0.613093674,0,0.033574354,0
28.87584686,-5.193835735,1,-3.144165277,1,-8.271738052,1,-0.044317234,1,-0.621676505,1,0.476802289,1,0.188662276,0,-0.615834117,0,0.035250798,0
28.87984657,-5.277952194,1,-3.326774597,1,-8.258002281,1,-0.074851498,1,-0.652515888,1,0.491834849,1,0.187415332,0,-0.6187011,0,0.037004266,0
28.8838501,-5.338715553,1,-3.315071106,1,-8.226385117,1,-0.113674305,1,-0.683671951,1,0.523957312,1,0.1859712,0,-0.621696711,0,0.038852505,0
28.88784599,-5.306371212,1,-3.036728382,1,-8.206100464,1,-0.140693739,1,-0.716357708,1,0.5364393,1,0.184330463,0,-0.624835789,0,0.040788077,0
28.89185333,-5.427266121,1,-2.71322751,1,-8.336444855,1,-0.155797198,1,-0.744679272,1,0.552389681,1,0.182568997,0,-0.628103018,0,0.042779986,0
28.89585495,-5.299757481,1,-2.806050062,1,-8.390318871,1,-0.165199742,1,-0.774833858,1,0.56719321,1,0.180722818,0,-0.631506205,0,0.044828333,0
28.89985275,-5.1889925,1,-2.808249712,1,-8.488615036,1,-0.187655628,1,-0.820417047,1,0.579906762,1,0.178777635,0,-0.635049462,0,0.046920646,0
28.90385246,-5.121496201,1,-2.918103695,1,-8.616887093,1,-0.203873381,1,-0.858243287,1,0.5854038,1,0.17673254,0,-0.638760746,0,0.049040053,0
28.90785408,-5.159063339,1,-2.93963027,1,-8.643690109,1,-0.221116647,1,-0.901526749,1,0.600060582,1,0.174601525,0,-0.642636776,0,0.051189438,0
28.91185188,-5.430268764,1,-3.153265953,1,-8.807029724,1,-0.233506352,1,-0.958306551,1,0.619514823,1,0.172372997,0,-0.646722376,0,0.053387634,0
28.91585159,-5.258940697,1,-3.515851974,1,-8.848668098,1,-0.272222489,1,-1.015331507,1,0.644461632,1,0.169977009,0,-0.651038647,0,0.055689782,0
28.91985321,-5.210255623,1,-3.369324446,1,-9.00480175,1,-0.317574114,1,-1.080950499,1,0.67774874,1,0.167349339,0,-0.655603468,0,0.058073014,0
28.92385101,-5.368509293,1,-3.154773235,1,-9.296860695,1,-0.363113314,1,-1.137237906,1,0.700680554,1,0.164446145,0,-0.660433531,0,0.060584638,0
28.92785072,-4.932632446,1,-2.808781862,1,-9.365184784,1,-0.38371703,1,-1.216924191,1,0.720935941,1,0.161336675,0,-0.665538788,0,0.063195333,0
28.93185234,-5.102017879,1,-2.503118753,1,-9.323818207,1,-0.389627635,1,-1.297762752,1,0.746913433,1,0.158135086,0,-0.670961976,0,0.06585326,0
28.93585014,-5.422848701,1,-2.641812801,1,-9.463892937,1,-0.392023265,1,-1.377882719,1,0.768872321,1,0.154842094,0,-0.676717877,0,0.06862101,0
28.93984985,-5.276836395,1,-3.28298378,1,-9.437152863,1,-0.426900953,1,-1.44963932,1,0.804701805,1,0.15140079,0,-0.68277818,0,0.071519449,0
28.94385147,-4.897168636,1,-2.976924658,1,-9.505690575,1,-0.462421626,1,-1.553285837,1,0.833576679,1,0.147694081,0,-0.689211667,0,0.074553698,0
28.94784927,-4.961202621,1,-2.691634655,1,-9.757224083,1,-0.476362228,1,-1.659567356,1,0.868431568,1,0.144037113,0,-0.69468677,0,0.083076246,0
28.95184898,-4.937493324,1,-2.478441477,1,-9.770218849,1,-0.47895205,1,-1.771996617,1,0.903371572,1,0.140002131,0,-0.701975942,0,0.086383872,0
28.9558506,-4.896307468,1,-2.47442627,1,-9.801221848,1,-0.46688664,1,-1.88676846,1,0.94202894,1,0.135850236,0,-0.709725082,0,0.08987125,0
28.9598484,-5.440472603,1,-2.600143433,1,-10.10234356,1,-0.47659269,1,-1.99908483,1,0.985369325,1,0.13155216,0,-0.717959702,0,0.093557969,0
28.96384811,-4.850196362,1,-2.427651167,1,-9.943593979,1,-0.481021196,1,-2.130017519,1,1.028529048,1,0.127050251,0,-0.726653874,0,0.097461037,0
28.96784973,-4.558726311,1,-2.363759756,1,-10.12920952,1,-0.478950262,1,-2.290976763,1,1.079253316,1,0.122366145,0,-0.735950351,0,0.101600818,0
28.97184753,-4.563392162,1,-2.115277052,1,-10.47611809,1,-0.460095763,1,-2.443329573,1,1.113667011,1,0.117543764,0,-0.745868921,0,0.105962209,0
28.97584724,-4.608297825,1,-2.374590397,1,-10.67379189,1,-0.458095104,1,-2.606458664,1,1.17373395,1,0.112553917,0,-0.756423771,0,0.110598184,0
28.97984886,-4.546075821,1,-2.880990267,1,-10.97253036,1,-0.458493501,1,-2.78887105,1,1.224933624,1,0.107311234,0,-0.767668247,0,0.115552858,0
28.98384666,-4.373210907,1,-3.071472645,1,-11.29114056,1,-0.461581141,1,-2.983572483,1,1.283931017,1,0.101769283,0,-0.779658318,0,0.120840825,0
28.98784638,-3.934544802,1,-3.4395051,1,-11.66766548,1,-0.477007717,1,-3.205980778,1,1.354543447,1,0.09585689,0,-0.792495549,0,0.126541927,0
28.99184799,-3.754541636,1,-3.8387115,1,-11.928339,1,-0.503638685,1,-3.438863277,1,1.438345909,1,0.089446716,0,-0.806238413,0,0.132753462,0
28.9958458,-3.820591927,1,-4.2616539,1,-12.42211628,1,-0.522065043,1,-3.733124733,1,1.530335903,1,0.082447954,0,-0.821016133,0,0.139560968,0
28.99984551,-3.809911489,1,-5.001636505,1,-12.48830318,1,-0.540324152,1,-4.012426853,1,1.647339821,1,0.074753784,0,-0.836957574,0,0.147130206,0
29.00384712,-3.68272543,1,-5.750230789,1,-12.32542133,1,-0.564947248,1,-4.327536583,1,1.786726713,1,0.066164397,0,-0.854068041,0,0.155659467,0
29.00784493,-4.860143185,1,-6.97907114,1,-12.54968643,1,-0.597626865,1,-4.610711575,1,1.955302358,1,0.056396168,0,-0.872397423,0,0.165468737,0
29.01184464,-6.007344246,1,-9.025234222,1,-12.92789078,1,-0.696762919,1,-4.814962864,1,2.126770735,1,0.045049589,0,-0.891659677,0,0.176813543,0
29.01585388,-3.943367243,1,-9.075778961,1,-12.31048393,1,-0.808016121,1,-5.153458595,1,2.407870531,1,0.031683587,0,-0.911885083,0,0.190132141,0
29.01985741,-3.369345665,1,-10.02330399,1,-12.9951992,1,-0.95921731,1,-5.472550869,1,2.615821838,1,0.01552911,0,-0.933385491,0,0.205930859,0
29.02385712,-4.782126427,1,-10.88551235,1,-13.31284904,1,-1.181203842,1,-5.789410591,1,2.892440081,1,-0.003772631,0,-0.955991566,0,0.224496245,0
29.02785873,-7.061537743,1,-12.67166805,1,-13.83823204,1,-1.461689949,1,-6.009042263,1,3.151604891,1,-0.027143698,0,-0.979429185,0,0.246467486,0
29.03185654,-9.068447113,1,-12.79439068,1,-14.0454483,1,-1.728886008,1,-6.12964201,1,3.419984102,1,-0.055112608,0,-1.003167868,0,0.27224794,0
29.03585625,-9.208022118,1,-12.75847435,1,-14.2092371,1,-1.952480316,1,-6.234786034,1,3.698167086,1,-0.08819928,0,-1.026819229,0,0.302536547,0
29.03985786,-10.07167816,1,-10.95759678,1,-15.22023869,1,-2.107815742,1,-6.362978935,1,3.897690058,1,-0.126615122,0,-1.050216317,0,0.33766377,0
29.04385567,-14.80353832,1,-8.651050568,1,-15.96648026,1,-2.202364683,1,-6.339464188,1,4.036999702,1,-0.1701352,0,-1.073078394,0,0.377614856,0
29.04785538,-16.1170063,1,-7.556970119,1,-15.59232235,1,-2.20909977,1,-6.219780922,1,4.194340706,1,-0.218613312,0,-1.094532013,0,0.422459036,0
29.051857,-15.91193771,1,-8.010607719,1,-15.60897923,1,-2.152864695,1,-6.16234684,1,4.332592964,1,-0.272168994,0,-1.114401698,0,0.472647399,0
29.0558548,-18.5201149,1,-6.622991562,1,-15.69730377,1,-2.005880117,1,-6.007700443,1,4.432021141,1,-0.330557823,0,-1.132462382,0,0.528125882,0
29.05985451,-19.16616249,1,-7.389697075,1,-14.02348614,1,-1.825166464,1,-5.894208908,1,4.500796795,1,-0.392853975,0,-1.148360491,0,0.588262618,0
29.06385613,-22.79753876,1,-8.159057617,1,-15.22449684,1,-1.73122561,1,-5.758775234,1,4.571116447,1,-0.459361196,0,-1.162149429,0,0.653185964,0
29.06785393,-23.86446571,1,-7.489531517,1,-15.15363026,1,-1.650867581,1,-5.507584572,1,4.616744995,1,-0.529082954,0,-1.173267245,0,0.721624613,0
29.07185364,-22.67538834,1,-9.754893303,1,-13.79901028,1,-1.681748867,1,-5.336494446,1,4.752410889,1,-0.601673424,0,-1.181553483,0,0.793056726,0
29.07585526,-23.45859909,1,-10.57595444,1,-12.90771198,1,-1.883310795,1,-5.126815796,1,4.932101727,1,-0.677786291,0,-1.186755419,0,0.867557406,0
29.07985306,-22.67354584,1,-9.227434158,1,-13.23630619,1,-2.101535559,1,-4.843813896,1,4.828769207,1,-0.754986405,0,-1.188978076,0,0.942180037,0
29.08385277,-19.85156059,1,-7.721822739,1,-10.55368805,1,-2.348989725,1,-4.474639416,1,4.781289577,1,-0.830394506,0,-1.188416958,0,1.013898373,0
29.08785439,-16.01872444,1,-6.668735504,1,-9.792738914,1,-2.660647392,1,-4.012926579,1,4.675760746,1,-0.903008461,0,-1.184982061,0,1.081369877,0
29.09185219,-12.18886948,1,-5.845076084,1,-9.59628582,1,-2.862096548,1,-3.41241622,1,4.411039352,1,-0.969621003,0,-1.179120302,0,1.14138186,0
29.0958519,-13.48001671,1,-6.128549099,1,-12.0191431,1,-2.919451952,1,-2.95639658,1,4.000405788,1,-1.028637171,0,-1.171815157,0,1.19277215,0
29.09985352,-15.4978714,1,-5.688015938,1,-14.56447029,1,-2.784801006,1,-2.527372599,1,3.520487785,1,-1.079972744,0,-1.164175868,0,1.236091018,0
29.10385132,-14.14400387,1,-0.13642624,1,-13.07891846,1,-2.426692724,1,-2.203299522,1,3.23084712,1,-1.123641253,0,-1.156424165,0,1.272309899,0
29.10785103,-23.33634186,1,4.331147194,1,-14.57293224,1,-1.791700363,1,-2.112988234,1,3.005494595,1,-1.161588669,0,-1.148689508,0,1.304496288,0
29.11185265,-26.19351959,1,0.55976069,1,-17.27120781,1,-1.271427035,1,-1.390582442,1,2.795473337,1,-1.191905022,0,-1.140710235,0,1.331198096,0
29.11585045,-14.26651096,1,-4.317801952,1,-15.19011402,1,-0.931740701,1,-0.68961519,1,2.433954,1,-1.212658525,0,-1.132388949,0,1.349228501,0
29.11985016,-5.371533394,1,-7.555523872,1,-11.24143314,1,-0.621360242,1,-0.358775526,1,2.019395828,1,-1.22615087,0,-1.124732494,0,1.360727072,0
29.12385178,-4.196426868,1,-7.601628304,1,-10.21404934,1,-0.383715749,1,-0.265562385,1,1.787684441,1,-1.235756636,0,-1.118021965,0,1.369224787,0
29.12784958,-6.027188301,1,-7.210679054,1,-10.14386559,1,-0.370205224,1,-0.163177595,1,1.690253377,1,-1.243501902,0,-1.111745358,0,1.37621057,0
29.13184929,-6.274703503,1,-8.276669502,1,-10.61058331,1,-0.424550414,1,0.002481636,1,1.593507886,1,-1.249941945,0,-1.105618954,0,1.381629705,0
29.13585854,-4.136993408,1,-8.907341957,1,-9.389519691,1,-0.457161427,1,0.159786552,1,1.439669847,1,-1.254832864,0,-1.099742651,0,1.385125279,0
29.13986206,-2.402534246,1,-8.70527935,1,-8.142356873,1,-0.469843537,1,0.243449241,1,1.287314653,1,-1.258487701,0,-1.094311833,0,1.387142301,0
29.14386177,-1.667360544,1,-8.425074577,1,-7.640510559,1,-0.507321835,1,0.327347368,1,1.154721141,1,-1.261231542,0,-1.089323401,0,1.388044238,0
29.14786339,-1.104231834,1,-8.130349159,1,-7.335810184,1,-0.562498689,1,0.440081745,1,1.018703938,1,-1.263124347,0,-1.08471477,0,1.38776207,0
29.15186119,-0.406818897,1,-7.715718269,1,-7.033602715,1,-0.574256122,1,0.546227634,1,0.866605103,1,-1.264020085,0,-1.080519199,0,1.386190653,0
29.1558609,0.027462007,1,-7.473126888,1,-6.807246685,1,-0.565527081,1,0.652506709,1,0.699699223,1,-1.26381278,0,-1.076808214,0,1.383366585,0
29.15986252,0.560883403,1,-7.205251694,1,-6.541949749,1,-0.540719032,1,0.753150105,1,0.530503452,1,-1.262457252,0,-1.07360971,0,1.379303098,0
29.16386032,1.366594911,1,-6.975547791,1,-6.273469925,1,-0.516806901,1,0.856014907,1,0.366178632,1,-1.259935975,0,-1.07092607,0,1.374022722,0
29.16786003,2.029647589,1,-6.775535107,1,-6.011151314,1,-0.49127236,1,0.94838202,1,0.20362395,1,-1.256320834,0,-1.068732262,0,1.367595196,0
29.17186165,2.532868385,1,-6.51617527,1,-5.904308796,1,-0.45282343,1,1.033610821,1,0.037225675,1,-1.251632333,0,-1.06703496,0,1.360086441,0
29.17585945,2.797087431,1,-6.290014267,1,-5.839617252,1,-0.412408024,1,1.122321248,1,-0.131823987,1,-1.245844841,0,-1.065842509,0,1.351492643,0
29.17985916,2.911928892,1,-6.027090073,1,-5.808206558,1,-0.366648436,1,1.210697055,1,-0.296841174,1,-1.238905549,0,-1.065145373,0,1.341792822,0
29.18386078,2.909571648,1,-5.889258862,1,-5.82519865,1,-0.320890695,1,1.306383252,1,-0.453155935,1,-1.230792403,0,-1.064903736,0,1.330952764,0
29.18785858,2.791558027,1,-5.813541889,1,-5.794622898,1,-0.282311797,1,1.415091276,1,-0.609821618,1,-1.221449256,0,-1.065073133,0,1.318892121,0
29.19185829,2.714823484,1,-5.755891323,1,-5.731776714,1,-0.2458722,1,1.533261538,1,-0.760460138,1,-1.210795164,0,-1.065612435,0,1.305504799,0
29.19585991,2.491957188,1,-5.733498573,1,-5.744625092,1,-0.217165515,1,1.663402557,1,-0.901278853,1,-1.195280075,0,-1.066473246,0,1.295841932,0
29.19985771,2.270427465,1,-5.662246227,1,-5.788983822,1,-0.193462238,1,1.803546906,1,-1.03219521,1,-1.181837082,0,-1.067480564,0,1.279557467,0
29.20385742,2.217938423,1,-5.494762421,1,-5.821013451,1,-0.175381303,1,1.9391855,1,-1.150590181,1,-1.166953325,0,-1.068613291,0,1.261724114,0
29.20785904,2.048059225,1,-5.21347332,1,-5.835331917,1,-0.154144391,1,2.078657627,1,-1.262711644,1,-1.150671244,0,-1.069816589,0,1.242412925,0
29.21185684,2.053735495,1,-4.894447327,1,-5.99694252,1,-0.113112137,1,2.21380353,1,-1.371379733,1,-1.132906795,0,-1.071028352,0,1.221550584,0
29.21585655,1.700713277,1,-4.094046593,1,-5.729174614,1,-0.04359391,1,2.430993557,1,-1.556621909,1,-1.113332391,0,-1.072273731,0,1.198806286,0
29.21985817,2.885600328,1,-3.381035089,1,-5.404542446,1,0.082535177,1,2.453744411,1,-1.583073735,1,-1.09205246,0,-1.073473096,0,1.17469418,0
29.22385597,2.075996161,1,-3.378852367,1,-5.968594551,1,0.18858844,1,2.5153687,1,-1.641630054,1,-1.069834113,0,-1.074516177,0,1.150046349,0
29.22785568,1.365035057,1,-3.297083616,1,-6.448076725,1,0.302329987,1,2.655085087,1,-1.725846767,1,-1.046093702,0,-1.075305939,0,1.124183416,0
29.2318573,1.301603675,1,-3.159734249,1,-6.280355453,1,0.407568634,1,2.775152683,1,-1.812525153,1,-1.020687819,0,-1.07582736,0,1.096907139,0
29.2358551,1.044838309,1,-2.711611986,1,-6.365006447,1,0.542573929,1,2.885357857,1,-1.879160404,1,-0.99374783,0,-1.076021314,0,1.068455577,0
29.23985481,0.662332475,1,-2.720227957,1,-6.493750572,1,0.6679883,1,3.007201433,1,-1.931439281,1,-0.965323329,0,-1.075789928,0,1.038913846,0
29.24385643,0.199102432,1,-2.723738432,1,-6.639514923,1,0.781610668,1,3.13757205,1,-1.977377176,1,-0.935523093,0,-1.075012922,0,1.008339167,0
29.24785423,-0.19887121,1,-2.658419609,1,-6.758411884,1,0.892891169,1,3.267158508,1,-2.023196459,1,-0.904399037,0,-1.073613048,0,0.976755857,0
29.25185394,-0.542352676,1,-2.54356432,1,-6.889175415,1,1.00938499,1,3.401632309,1,-2.068473816,1,-0.872055709,0,-1.071545482,0,0.94426918,0
29.25586319,-0.994534314,1,-2.511232853,1,-7.023094177,1,1.111624599,1,3.533997059,1,-2.107917786,1,-0.838670373,0,-1.068752646,0,0.911041737,0
29.25986671,-1.27735877,1,-2.504842997,1,-7.086390972,1,1.211254358,1,3.661608219,1,-2.146252632,1,-0.804396451,0,-1.065174222,0,0.877210319,0
29.26386643,-1.550714254,1,-2.535267115,1,-7.167050362,1,1.28779459,1,3.793134928,1,-2.168164015,1,-0.769488156,0,-1.060757637,0,0.842970848,0
29.26786804,-1.70954299,1,-2.549893141,1,-7.235567093,1,1.367336035,1,3.904545546,1,-2.196619272,1,-0.734155238,0,-1.055482149,0,0.808532417,0
29.27186585,-1.867151618,1,-2.411080837,1,-7.34991312,1,1.445538878,1,4.015328884,1,-2.214176655,1,-0.698615849,0,-1.049326658,0,0.774090767,0
29.27586556,-2.009734631,1,-2.192658663,1,-7.506296158,1,1.530707598,1,4.118814468,1,-2.233314753,1,-0.663060606,0,-1.042292714,0,0.739875257,0
29.27986717,-2.294077635,1,-1.939847708,1,-7.556350231,1,1.622754097,1,4.210000515,1,-2.239273787,1,-0.6276142,0,-1.03437078,0,0.706054389,0
29.28386498,-2.657715559,1,-1.594385624,1,-7.632781506,1,1.741523623,1,4.306770325,1,-2.24984622,1,-0.592383623,0,-1.025549531,0,0.672815025,0
29.28786469,-3.065681696,1,-1.418267608,1,-7.786660671,1,1.8669765,1,4.400771141,1,-2.264938593,1,-0.557379484,0,-1.015838385,0,0.640215814,0
29.2918663,-3.474730253,1,-1.228764653,1,-7.900026321,1,1.995480537,1,4.504936695,1,-2.276749134,1,-0.522632718,0,-1.005219817,0,0.608314574,0
29.29586411,-3.703472137,1,-1.187246919,1,-7.993150234,1,2.13013649,1,4.601047993,1,-2.285423994,1,-0.488238007,0,-0.993699014,0,0.57723999,0
29.29986382,-4.080254078,1,-1.336744905,1,-8.070667267,1,2.250764608,1,4.697923183,1,-2.291637659,1,-0.454327345,0,-0.981284261,0,0.547109187,0
29.30386543,-4.333729267,1,-1.429899096,1,-8.193272591,1,2.370457411,1,4.798733234,1,-2.297248602,1,-0.420957297,0,-0.967970312,0,0.517961979,0
29.30786324,-4.667901993,1,-1.532863021,1,-8.358063698,1,2.474502325,1,4.887098312,1,-2.307043791,1,-0.388237,0,-0.953799129,0,0.489869654,0
29.31186295,-4.89247036,1,-1.722360134,1,-8.492872238,1,2.568595886,1,4.989537716,1,-2.32790637,1,-0.356204003,0,-0.938759506,0,0.46282503,0
29.31586456,-5.11274004,1,-1.748126984,1,-8.66754818,1,2.648277521,1,5.073376179,1,-2.35007,1,-0.32490775,0,-0.922909319,0,0.436810851,0
29.31986237,-5.145418167,1,-1.747716784,1,-8.69056797,1,2.72887063,1,5.156377316,1,-2.370571613,1,-0.294357121,0,-0.906287849,0,0.411829472,0
29.32386208,-5.245651245,1,-1.810000658,1,-8.818066597,1,2.805508137,1,5.212612152,1,-2.391635418,1,-0.264626116,0,-0.888987064,0,0.387969196,0
29.32786369,-5.357814789,1,-1.933519006,1,-8.962015152,1,2.864107847,1,5.275330544,1,-2.410547972,1,-0.235750854,0,-0.871034741,0,0.365213454,0
29.3318615,-5.374580383,1,-2.022872686,1,-9.083485603,1,2.923894882,1,5.319449425,1,-2.439549446,1,-0.207693234,0,-0.852488279,0,0.34351477,0
29.33586121,-5.422568321,1,-2.08129549,1,-9.220752716,1,2.978812218,1,5.357564449,1,-2.463777781,1,-0.180465713,0,-0.833424449,0,0.322856307,0
29.33986282,-5.330743313,1,-2.195415735,1,-9.271197319,1,3.022783041,1,5.368466377,1,-2.494013548,1,-0.1540429,0,-0.813926339,0,0.303206503,0
29.34386063,-5.422591686,1,-2.272695303,1,-9.46629715,1,3.064201593,1,5.364444733,1,-2.514895439,1,-0.128433943,0,-0.794074297,0,0.284575343,0
29.34786034,-5.527256966,1,-2.366542816,1,-9.664504051,1,3.115101576,1,5.342772961,1,-2.54960537,1,-0.10358151,0,-0.773970783,0,0.266891629,0
29.35186195,-5.728027821,1,-2.447210073,1,-9.877236366,1,3.155379057,1,5.320007801,1,-2.58733058,1,-0.079378374,0,-0.753666997,0,0.250028878,0
29.35586166,-5.939181805,1,-2.563906193,1,-10.13905144,1,3.196789742,1,5.271549702,1,-2.643118858,1,-0.055776194,0,-0.733231008,0,0.233922809,0
29.35986137,-6.30711937,1,-2.91545105,1,-10.35902405,1,3.231607914,1,5.227592468,1,-2.697544098,1,-0.032678798,0,-0.712714732,0,0.218448639,0
29.36386299,-6.761296749,1,-3.358029842,1,-10.65939236,1,3.259100914,1,5.182043076,1,-2.771078587,1,-0.010062187,0,-0.69213438,0,0.203543678,0
29.36786079,-7.312729359,1,-3.818769217,1,-11.08819866,1,3.279881239,1,5.126469135,1,-2.854982615,1,0.012127229,0,-0.671505451,0,0.189088807,0
29.3718605,-7.988414288,1,-4.26731348,1,-11.54806232,1,3.281431675,1,5.068675518,1,-2.958465815,1,0.033933647,0,-0.650851488,0,0.174952239,0
29.37586975,-8.751691818,1,-4.77542305,1,-12.15598583,1,3.275253534,1,5.017091274,1,-3.089189291,1,0.055378787,0,-0.630162358,0,0.161014333,0
29.37987328,-9.700858116,1,-4.99925375,1,-12.99438286,1,3.263126135,1,4.953958988,1,-3.244773388,1,0.076531716,0,-0.609427691,0,0.147117332,0
29.38387299,-10.63797855,1,-4.990303993,1,-13.78608131,1,3.243107557,1,4.901813507,1,-3.43157649,1,0.097448759,0,-0.588634014,0,0.133097783,0
29.3878746,-11.55998421,1,-4.632491112,1,-14.67146111,1,3.233378172,1,4.83812809,1,-3.647506714,1,0.11820288,0,-0.567751825,0,0.118808031,0
29.39187241,-12.53606796,1,-4.063932896,1,-15.44352245,1,3.240507603,1,4.78208971,1,-3.886987209,1,0.138905481,0,-0.546737552,0,0.104115613,0
29.39587212,-13.51003456,1,-3.459579468,1,-16.18984795,1,3.275980234,1,4.720152378,1,-4.1464324,1,0.159689143,0,-0.525556564,0,0.088929057,0
29.39987373,-14.70495605,1,-3.262714863,1,-16.77683067,1,3.32395792,1,4.664131641,1,-4.399800301,1,0.180621475,0,-0.504159689,0,0.073233344,0
29.40387154,-16.21338654,1,-3.306202412,1,-17.22132874,1,3.367645979,1,4.61662674,1,-4.644757748,1,0.201668411,0,-0.482504666,0,0.057071891,0
29.40787125,-17.96128845,1,-3.555776358,1,-17.49879074,1,3.380641937,1,4.556136608,1,-4.869492531,1,0.222696468,0,-0.460556149,0,0.04052414,0
29.41187286,-20.02779579,1,-3.675464392,1,-17.59661293,1,3.345065594,1,4.490387917,1,-5.090184689,1,0.243485048,0,-0.438343704,0,0.023646321,0
29.41587067,-22.10272026,1,-2.8428514,1,-18.03232384,1,3.282507658,1,4.403711319,1,-5.285821438,1,0.263871431,0,-0.41591841,0,0.006472065,0
29.41987038,-24.00635719,1,-1.00799787,1,-18.44747543,1,3.218053579,1,4.285938263,1,-5.477688313,1,0.283724815,0,-0.393351912,0,-0.010959949,0
29.42387199,-26.11568069,1,1.952900648,1,-18.47055435,1,3.223329544,1,4.165122032,1,-5.640982628,1,0.303174496,0,-0.370734036,0,-0.028641107,0
29.4278698,-28.30400658,1,4.594140053,1,-17.88677025,1,3.326714277,1,4.067139149,1,-5.759169102,1,0.322494686,0,-0.348065406,0,-0.046419691,0
29.43186951,-30.36305237,1,6.798015594,1,-16.22739601,1,3.515245914,1,4.024494648,1,-5.836318016,1,0.341986597,0,-0.325203359,0,-0.064074084,0
29.43587112,-32.68900299,1,6.757667065,1,-13.93758965,1,3.742810965,1,4.033737659,1,-5.860308647,1,0.361844391,0,-0.302007675,0,-0.081345499,0
29.43986893,-34.76659012,1,5.204565048,1,-11.51979446,1,3.850088596,1,4.046659946,1,-5.789195538,1,0.381796271,0,-0.27846849,0,-0.097887293,0
29.44386864,-35.63353729,1,3.639220715,1,-8.838622093,1,3.784777403,1,4.01777935,1,-5.614484787,1,0.40119186,0,-0.254827738,0,-0.113378592,0
29.44787026,-35.42188263,1,2.33149147,1,-6.04331398,1,3.577173948,1,3.895444632,1,-5.343132496,1,0.418229043,0,-0.230146125,0,-0.129750341,0
29.45186806,-34.42017365,1,2.463384867,1,-3.409238815,1,3.29620862,1,3.679188013,1,-4.996756077,1,0.434778363,0,-0.207771376,0,-0.1426211,0
29.45586777,-32.5795784,1,4.591662884,1,-1.155856848,1,3.02077961,1,3.346292973,1,-4.606022358,1,0.449661613,0,-0.186816201,0,-0.154180601,0
29.45986939,-30.45881271,1,8.016993523,1,0.940292299,1,2.835497618,1,2.910075665,1,-4.184850216,1,0.463176876,0,-0.167810649,0,-0.164602295,0
29.46386719,-29.35293007,1,11.93708611,1,2.699769497,1,2.781386614,1,2.380787849,1,-3.753237963,1,0.475880444,0,-0.151180744,0,-0.174086645,0
29.46786881,-29.37297058,1,15.15316391,1,4.267680168,1,2.83944869,1,1.856368542,1,-3.325280428,1,0.488343537,0,-0.137108251,0,-0.182790622,0
29.47187042,-30.01973152,1,16.92687416,1,5.176959038,1,2.971249819,1,1.344538808,1,-2.900619268,1,0.501001298,0,-0.125565171,0,-0.190782771,0
29.47586823,-30.51420021,1,18.13548279,1,5.510471821,1,3.108122826,1,0.838878989,1,-2.500731945,1,0.514061689,0,-0.116511367,0,-0.198166788,0
29.47986603,-30.61060905,1,17.793787,1,5.674482346,1,3.144145727,1,0.375721604,1,-2.114958048,1,0.527368665,0,-0.109818429,0,-0.205007106,0
29.48386765,-31.1476326,1,17.40152359,1,5.334002018,1,3.06035161,1,-0.063428432,1,-1.775375485,1,0.540490925,0,-0.105332464,0,-0.211426213,0
29.48786736,-31.47019386,1,16.09811211,1,4.967534065,1,2.815577507,1,-0.421345413,1,-1.478583694,1,0.552937269,0,-0.102799557,0,-0.217521593,0
29.49186707,-32.17894745,1,13.87195969,1,4.421601295,1,2.40002346,1,-0.722406328,1,-1.214952707,1,0.564004242,0,-0.101911448,0,-0.223338336,0
29.49587441,-32.46255112,1,10.87518215,1,3.902008772,1,1.791033149,1,-0.949075758,1,-0.948351383,1,0.572987199,0,-0.102399468,0,-0.228821769,0
29.49987984,-32.19303131,1,7.91824007,1,3.409878254,1,1.008832455,1,-1.122126341,1,-0.648937702,1,0.579139173,0,-0.104136415,0,-0.233795986,0
29.50387955,-28.02474594,1,2.281159401,1,0.022766773,1,0.045263071,1,-1.331685662,1,-0.265669733,1,0.58181566,0,-0.107151151,0,-0.238068298,0
29.50788117,-9.46427536,1,-12.9139967,1,-0.46544981,1,-2.136432648,1,-2.165696621,1,0.64836216,1,0.577971458,0,-0.113154277,0,-0.241304442,0
29.51187897,-36.675354,1,11.55641365,1,-0.37464273,1,-2.195314407,1,-2.956675291,1,1.751651645,1,0.569008291,0,-0.124960743,0,-0.242911071,0
29.51587868,-0.218086153,1,5.859497547,1,-1.055166483,1,-2.456347704,1,-2.218598127,1,1.694271564,1,0.559892178,0,-0.137325138,0,-0.242503032,0
29.5198803,11.75038242,1,-3.50164032,1,-10.82083797,1,-2.554788589,1,-2.304169416,1,1.985099435,1,0.549433649,0,-0.148733482,0,-0.240998521,0
29.5238781,-4.314398766,1,-12.02053928,1,-20.37233543,1,-2.553898811,1,-2.261964083,1,2.412228107,1,0.5388937,0,-0.161246166,0,-0.238194779,0
29.52787781,1.206504226,1,-20.04156685,1,-23.88534927,1,-2.527723551,1,-1.444489717,1,2.662074089,1,0.52788341,0,-0.172876999,0,-0.233229876,0
29.53187943,12.77763939,1,-25.93819427,1,-22.33117294,1,-2.844522476,1,-1.177276015,1,2.930055141,1,0.515936375,0,-0.182793736,0,-0.225886747,0
29.53587723,12.94411564,1,-25.88359833,1,-14.15405464,1,-3.3319664,1,-1.430445075,1,2.987108707,1,0.502063513,0,-0.193081304,0,-0.217839494,0
29.53987694,11.48167419,1,-17.75217056,1,-8.831433296,1,-3.595925331,1,-1.882578254,1,3.037534237,1,0.486759007,0,-0.20458734,0,-0.210251182,0
29.54387856,9.320791245,1,-7.648385525,1,-5.732110977,1,-3.74121666,1,-2.440782309,1,3.165762663,1,0.470538676,0,-0.217886537,0,-0.203038469,0
29.54787636,6.970211506,1,-0.56486249,1,-5.339788914,1,-3.831902266,1,-3.431029558,1,3.336612225,1,0.453778565,0,-0.234241232,0,-0.196532726,0
29.55187607,1.876231551,1,1.95569694,1,-5.905319691,1,-3.765309095,1,-4.157353878,1,3.385398149,1,0.437058628,0,-0.253777236,0,-0.19068481,0
29.55587769,-3.090653419,1,3.004513741,1,-10.69659996,1,-3.45573926,1,-4.681340694,1,3.315386295,1,0.421412945,0,-0.27551192,0,-0.185683787,0
29.55987549,-16.47146416,1,4.019922256,1,-15.44664955,1,-3.318436861,1,-4.842176437,1,3.020503283,1,0.406669855,0,-0.298233062,0,-0.181594685,0
29.5638752,-23.24367332,1,5.626556873,1,-19.65758896,1,-3.12854743,1,-4.325384617,1,2.681176424,1,0.392741442,0,-0.319625735,0,-0.178141773,0
29.56787682,-25.39293098,1,7.204570293,1,-20.05137634,1,-3.004846573,1,-3.7458179,1,2.556299448,1,0.379188836,0,-0.338525891,0,-0.174357846,0
29.57187462,-21.65210152,1,8.21062851,1,-19.24279404,1,-2.721252441,1,-3.220168352,1,2.436554193,1,0.366241574,0,-0.355069101,0,-0.169825703,0
29.57587433,-17.05194092,1,8.914907455,1,-15.99638653,1,-2.41259861,1,-2.955069304,1,2.407479525,1,0.354154736,0,-0.370000243,0,-0.164777979,0
29.57987595,-15.15343285,1,8.096291542,1,-14.9337635,1,-2.034964085,1,-2.875998497,1,2.318125963,1,0.343289316,0,-0.384170502,0,-0.159463346,0
29.58387375,-14.05023575,1,3.437800407,1,-13.66912556,1,-1.719293952,1,-2.813555479,1,2.05193162,1,0.333957553,0,-0.397826761,0,-0.154613987,0
29.58787346,-14.23404026,1,-1.016128898,1,-11.13032055,1,-1.540921926,1,-2.690978527,1,1.780043483,1,0.325916529,0,-0.410760731,0,-0.150588527,0
29.59187508,-14.04614735,1,-4.260704517,1,-9.548378944,1,-1.410617471,1,-2.56327343,1,1.446839333,1,0.318780005,0,-0.422802895,0,-0.147525668,0
29.59587288,-12.36661339,1,-5.191862106,1,-8.79702282,1,-1.306335926,1,-2.411963463,1,1.207061291,1,0.312490284,0,-0.433900237,0,-0.145414263,0
29.59987259,-12.45474339,1,-5.03166151,1,-8.378136635,1,-1.361503124,1,-2.200102329,1,1.057682157,1,0.306474924,0,-0.444082171,0,-0.14377977,0
29.60387421,-8.90983963,1,-2.681105852,1,-8.70274353,1,-1.377123713,1,-2.017050743,1,1.00459373,1,0.300299466,0,-0.453318238,0,-0.142230079,0
29.60787201,-8.650644302,1,-1.497052073,1,-9.430492401,1,-1.374036551,1,-1.852873802,1,1.007603884,1,0.294047683,0,-0.461915731,0,-0.14049913,0
29.61187172,-10.60026264,1,-0.235806108,1,-10.30099201,1,-1.349892735,1,-1.579122901,1,1.016423464,1,0.287623167,0,-0.469664037,0,-0.138370216,0
29.61588097,-10.73845005,1,0.972991824,1,-10.87355232,1,-1.253382325,1,-1.262403607,1,1.020453453,1,0.28121382,0,-0.476270467,0,-0.135763988,0
29.61988449,-13.0940752,1,0.460375667,1,-11.0195837,1,-1.152790189,1,-0.94016856,1,0.943808675,1,0.275027514,0,-0.481579453,0,-0.132842243,0
29.6238842,-11.81175423,1,-1.171417594,1,-10.27731323,1,-1.026441455,1,-0.625162065,1,0.844356298,1,0.269335449,0,-0.485547096,0,-0.129886001,0
29.62788582,-11.30687428,1,-2.97358799,1,-9.798849106,1,-0.942528129,1,-0.411340654,1,0.640412211,1,0.264132351,0,-0.488312274,0,-0.127247274,0
29.63188362,-9.387678146,1,-2.956439972,1,-9.427051544,1,-0.863680303,1,-0.278356135,1,0.461648881,1,0.259595722,0,-0.490184993,0,-0.125257656,0
29.63588333,-6.960019112,1,-1.913751125,1,-9.876651764,1,-0.820613503,1,-0.223942772,1,0.396999925,1,0.255465627,0,-0.491568893,0,-0.123672433,0
29.63988495,-6.00588274,1,-1.264215469,1,-10.3036108,1,-0.73771435,1,-0.231905982,1,0.360624552,1,0.251679122,0,-0.492830426,0,-0.12226785,0
29.64388275,-5.473978996,1,-1.433129191,1,-10.13951969,1,-0.665418565,1,-0.198667347,1,0.361352265,1,0.248256639,0,-0.494006127,0,-0.120942377,0
29.64788246,-4.865243912,1,-1.842656493,1,-9.412125587,1,-0.606612802,1,-0.221714899,1,0.399544388,1,0.245029435,0,-0.495185703,0,-0.119483843,0
29.65188408,-5.686944008,1,-2.918619394,1,-9.12570858,1,-0.550840735,1,-0.226455003,1,0.373406172,1,0.24200888,0,-0.49644509,0,-0.117994785,0
29.65588188,-5.656038761,1,-4.006499767,1,-8.560203552,1,-0.535111785,1,-0.202749774,1,0.350459963,1,0.239221245,0,-0.497619212,0,-0.116654485,0
29.65988159,-5.430892944,1,-4.078558922,1,-8.431876183,1,-0.533710659,1,-0.190623805,1,0.347205222,1,0.23645094,0,-0.49871543,0,-0.115325108,0
29.66388321,-5.356390476,1,-3.920106411,1,-8.620788574,1,-0.55614382,1,-0.175435975,1,0.348100424,1,0.233630106,0,-0.499758661,0,-0.11398112,0
29.66788101,-5.764821529,1,-3.019868851,1,-8.663654327,1,-0.533493102,1,-0.1406409,1,0.343736172,1,0.230782449,0,-0.500689209,0,-0.112611286,0
29.67188072,-5.488758564,1,-1.776560664,1,-8.652033806,1,-0.50881964,1,-0.137334108,1,0.322314918,1,0.228043661,0,-0.501521468,0,-0.11126563,0
29.67588234,-5.484410763,1,-0.646905005,1,-8.77806282,1,-0.44924897,1,-0.13731876,1,0.284094363,1,0.225540787,0,-0.502330124,0,-0.110055432,0
29.67988014,-5.572265625,1,0.015220935,1,-9.071743965,1,-0.362821519,1,-0.142339781,1,0.23626408,1,0.223433554,0,-0.503099918,0,-0.109035686,0
29.68387985,-5.523356915,1,-0.082832105,1,-9.176047325,1,-0.275207072,1,-0.141609415,1,0.20582442,1,0.221755594,0,-0.503851414,0,-0.10819912,0
29.68788147,-5.343338966,1,-0.758301973,1,-9.235577583,1,-0.192234755,1,-0.140674725,1,0.177055448,1,0.220490202,0,-0.504565954,0,-0.107494973,0
29.69187927,-4.250637054,1,-1.889133573,1,-9.068303108,1,-0.149081811,1,-0.158933818,1,0.166254148,1,0.219514459,0,-0.505290568,0,-0.106886476,0
29.69587898,-3.879401684,1,-2.63341856,1,-9.215922356,1,-0.115165211,1,-0.209987715,1,0.166067839,1,0.218479395,0,-0.504647255,0,-0.105077028,0
29.6998806,-4.098499298,1,-2.783856392,1,-9.043284416,1,-0.085377716,1,-0.245804608,1,0.170104682,1,0.21784018,0,-0.505674601,0,-0.104566701,0
29.7038784,-4.379195213,1,-2.666189432,1,-8.922374725,1,-0.065379143,1,-0.273361117,1,0.183569491,1,0.217283189,0,-0.506840527,0,-0.104029208,0
29.70787811,-4.676478386,1,-2.411522627,1,-8.956730843,1,-0.039482903,1,-0.296553373,1,0.186908931,1,0.216797158,0,-0.508116782,0,-0.103474513,0
29.71187973,-4.553452492,1,-2.108753681,1,-8.913315773,1,-0.014220603,1,-0.313288271,1,0.186611325,1,0.216424301,0,-0.509468973,0,-0.102935486,0
29.71587753,-4.509086132,1,-2.098798752,1,-8.908619881,1,0.011472242,1,-0.334640503,1,0.182621539,1,0.216178611,0,-0.510887682,0,-0.102442726,0
29.71987724,-4.612358093,1,-2.017707825,1,-8.813815117,1,0.036036581,1,-0.346599698,1,0.165943876,1,0.216057211,0,-0.512377381,0,-0.102008373,0
29.72387886,-4.979651451,1,-2.103932858,1,-8.663620949,1,0.044015151,1,-0.359886676,1,0.146180153,1,0.216044292,0,-0.513901114,0,-0.10165485,0
29.72787666,-5.034309387,1,-2.169737816,1,-8.566720963,1,0.074116647,1,-0.361216038,1,0.122925237,1,0.216159359,0,-0.515420973,0,-0.101407669,0
29.73187637,-5.052983284,1,-2.303303242,1,-8.507326126,1,0.08301118,1,-0.360968113,1,0.104461953,1,0.216396868,0,-0.516932845,0,-0.101254821,0
29.73588562,-4.850593567,1,-2.338600397,1,-8.457403183,1,0.100528903,1,-0.363979906,1,0.084563866,1,0.216737062,0,-0.518432677,0,-0.10118968,0
29.73988915,-4.696938515,1,-2.180333853,1,-8.461844444,1,0.114709444,1,-0.375721216,1,0.065987661,1,0.217177361,0,-0.519938469,0,-0.10122139,0
29.74388886,-4.930992126,1,-1.783098817,1,-8.510649681,1,0.146318689,1,-0.383389384,1,0.044089187,1,0.217754319,0,-0.521467805,0,-0.101342782,0
29.74789047,-5.02025795,1,-1.47241056,1,-8.457267761,1,0.175197601,1,-0.389003843,1,0.0227274,1,0.218512982,0,-0.523006141,0,-0.101584591,0
29.75188828,-4.9848032,1,-1.489191294,1,-8.407957077,1,0.213368729,1,-0.389707714,1,-0.002690777,1,0.219466463,0,-0.524532199,0,-0.101929821,0
29.75588799,-4.931940079,1,-1.752454996,1,-8.403623581,1,0.245724961,1,-0.388812482,1,-0.021973394,1,0.220619857,0,-0.526053488,0,-0.102389812,0
29.7598896,-4.92481041,1,-2.1451509,1,-8.34829998,1,0.262720436,1,-0.397860676,1,-0.034620941,1,0.221909478,0,-0.527572453,0,-0.102929167,0
29.76388741,-4.782056332,1,-2.576355457,1,-8.202939034,1,0.264772028,1,-0.403838128,1,-0.035987955,1,0.223260045,0,-0.529101372,0,-0.103502795,0
29.76788712,-4.895463467,1,-3.101579666,1,-8.073534966,1,0.256158233,1,-0.398366809,1,-0.020808544,1,0.224582702,0,-0.530636132,0,-0.10404028,0
29.77188873,-4.912714481,1,-3.499937057,1,-7.853541851,1,0.233304396,1,-0.390018791,1,0.007027076,1,0.225785121,0,-0.532160103,0,-0.104478925,0
29.77588654,-5.063247204,1,-3.720611572,1,-7.663424015,1,0.207041547,1,-0.377797514,1,0.033814695,1,0.226828262,0,-0.533677459,0,-0.104793221,0
29.77988625,-5.25944376,1,-3.960813761,1,-7.472634792,1,0.167785704,1,-0.354082614,1,0.057311658,1,0.227671638,0,-0.535146713,0,-0.104966447,0
29.78388786,-5.160721779,1,-4.074656963,1,-7.384930611,1,0.134021834,1,-0.333970785,1,0.081134908,1,0.22830613,0,-0.53655082,0,-0.105013996,0
29.78788567,-5.106482029,1,-4.222506523,1,-7.425838947,1,0.086876594,1,-0.312359869,1,0.105453372,1,0.228721023,0,-0.537897468,0,-0.104942113,0
29.79188538,-5.036371231,1,-3.971578836,1,-7.333929539,1,0.053316683,1,-0.296646953,1,0.114030965,1,0.228893682,0,-0.539185345,0,-0.104753152,0
29.79588699,-5.064051151,1,-3.798343182,1,-7.425754547,1,0.027301759,1,-0.277683377,1,0.137408406,1,0.228916973,0,-0.540416658,0,-0.104480416,0
29.7998848,-4.993568897,1,-3.524022341,1,-7.632597923,1,0.009768644,1,-0.261398822,1,0.139372513,1,0.228811026,0,-0.541592419,0,-0.104136869,0
29.80388451,-4.988717556,1,-3.217211485,1,-7.754843235,1,0.023324201,1,-0.261970997,1,0.129436642,1,0.228714988,0,-0.542732418,0,-0.103830613,0
29.80788612,-4.985173225,1,-2.666487455,1,-7.947025299,1,0.012840426,1,-0.248425305,1,0.156866923,1,0.228563204,0,-0.543856919,0,-0.103428051,0
29.81188393,-4.849777222,1,-2.383584738,1,-8.035377502,1,0.029228672,1,-0.246646196,1,0.150485873,1,0.228411928,0,-0.544961572,0,-0.102988891,0
29.81588364,-4.768546104,1,-2.250888586,1,-8.152886391,1,0.046385307,1,-0.253572583,1,0.152246982,1,0.228334293,0,-0.54607439,0,-0.102552906,0
29.81988525,-4.688524246,1,-2.298810959,1,-8.25207901,1,0.06761875,1,-0.256448656,1,0.149062857,1,0.228352949,0,-0.547220409,0,-0.102135837,0
29.82388306,-4.586615562,1,-2.645535946,1,-8.248314857,1,0.084847577,1,-0.27604267,1,0.145299628,1,0.228456169,0,-0.5483886,0,-0.101739533,0
29.82788277,-4.801806927,1,-2.676951885,1,-8.160715103,1,0.09788242,1,-0.283643633,1,0.148617774,1,0.228616819,0,-0.5496279,0,-0.101366229,0
29.83188438,-4.809895992,1,-2.841633797,1,-8.15387249,1,0.111614764,1,-0.296935469,1,0.146330133,1,0.228846565,0,-0.550894022,0,-0.101008266,0
29.83588219,-4.731735706,1,-2.912482262,1,-8.174102783,1,0.106312029,1,-0.306827247,1,0.153069109,1,0.229093879,0,-0.55220741,0,-0.100643232,0
29.8398819,-4.800786972,1,-2.579259396,1,-8.175261497,1,0.118175805,1,-0.320279777,1,0.156407163,1,0.229337871,0,-0.553573251,0,-0.100277752,0
29.84388351,-4.862481594,1,-2.509071589,1,-8.18721199,1,0.13932094,1,-0.329601258,1,0.15945372,1,0.229657188,0,-0.554980695,0,-0.099901758,0
29.84788132,-5.047358513,1,-2.359524488,1,-8.088746071,1,0.152714863,1,-0.333496541,1,0.16184637,1,0.230038494,0,-0.55642724,0,-0.099512108,0
29.85188103,-5.099201202,1,-2.454916,1,-8.040070534,1,0.180768728,1,-0.334050983,1,0.154713765,1,0.230512679,0,-0.557873487,0,-0.09913718,0
29.85589027,-5.224283695,1,-2.425673008,1,-7.954303741,1,0.189794794,1,-0.337974101,1,0.157756135,1,0.231057659,0,-0.559329689,0,-0.098775156,0
29.8598938,-5.253031254,1,-2.480930328,1,-7.843504429,1,0.202890247,1,-0.332428962,1,0.153630286,1,0.23165825,0,-0.56077981,0,-0.098420419,0
29.86389351,-5.288496017,1,-2.61787653,1,-7.825622082,1,0.207193494,1,-0.332964182,1,0.153975129,1,0.232292607,0,-0.562216043,0,-0.098078236,0
29.86789513,-5.197206497,1,-2.887801647,1,-7.813742161,1,0.193655312,1,-0.327101797,1,0.153192401,1,0.232908219,0,-0.563631952,0,-0.097736433,0
29.87189484,-5.269001007,1,-2.976669073,1,-7.756455898,1,0.180096358,1,-0.325426489,1,0.153333336,1,0.233464107,0,-0.565045178,0,-0.097384691,0
29.87589264,-5.244637012,1,-3.096009731,1,-7.74589777,1,0.161863297,1,-0.31876266,1,0.158506006,1,0.2339596,0,-0.566438317,0,-0.097031645,0
29.87989426,-5.242541313,1,-3.026694298,1,-7.700004578,1,0.139232934,1,-0.317243248,1,0.160586312,1,0.234353364,0,-0.567819178,0,-0.096648484,0
29.88389206,-5.370044708,1,-2.817894697,1,-7.72902441,1,0.143008187,1,-0.306440234,1,0.167687923,1,0.234697714,0,-0.569195747,0,-0.096240573,0
29.88789177,-5.35458231,1,-2.791944027,1,-7.733095646,1,0.141573876,1,-0.300745726,1,0.166305274,1,0.235035092,0,-0.570540786,0,-0.095808901,0
29.89189339,-5.344887733,1,-2.840702295,1,-7.731213093,1,0.137527347,1,-0.298886716,1,0.168810487,1,0.235348806,0,-0.571869016,0,-0.095362477,0
29.8958931,-5.398320198,1,-2.87318778,1,-7.813444138,1,0.130983919,1,-0.302048802,1,0.168941244,1,0.235645026,0,-0.573191166,0,-0.094907083,0
29.8998909,-5.422138214,1,-2.848606825,1,-7.742394924,1,0.130452126,1,-0.301069409,1,0.170742691,1,0.235920265,0,-0.574515045,0,-0.09445899,0
29.90389252,-5.34268713,1,-2.904676676,1,-7.778625011,1,0.129305124,1,-0.293774933,1,0.182147592,1,0.236177817,0,-0.575838983,0,-0.093977898,0
29.90789032,-5.251779079,1,-2.883671761,1,-7.799786091,1,0.130389273,1,-0.288822353,1,0.179637343,1,0.236423597,0,-0.577139378,0,-0.093469784,0
29.91189003,-5.355521679,1,-2.79586935,1,-7.831145763,1,0.127143279,1,-0.293204397,1,0.187179267,1,0.236652017,0,-0.578451991,0,-0.092950955,0
29.91589165,-5.289855003,1,-2.823517561,1,-7.848898411,1,0.126780584,1,-0.292342037,1,0.186784461,1,0.236868411,0,-0.579764485,0,-0.092410319,0
29.91988945,-5.311156273,1,-2.709719419,1,-7.941358566,1,0.129003868,1,-0.299606055,1,0.189223588,1,0.237076685,0,-0.581088424,0,-0.091862105,0
29.92388916,-5.184350967,1,-2.618165016,1,-7.999473572,1,0.132571727,1,-0.308313012,1,0.196047753,1,0.237279862,0,-0.582454026,0,-0.091293894,0
29.92789078,-5.188217163,1,-2.867262363,1,-8.001490593,1,0.128945306,1,-0.32497853,1,0.206779733,1,0.23750253,0,-0.583875477,0,-0.090723604,0
29.93188858,-5.13032341,1,-2.973577738,1,-7.983141899,1,0.116153404,1,-0.342838556,1,0.21072787,1,0.237656504,0,-0.585357308,0,-0.090126507,0
29.93588829,-5.105737209,1,-3.010552406,1,-8.059283257,1,0.122200392,1,-0.353255093,1,0.225710839,1,0.237788215,0,-0.586912692,0,-0.089513876,0
29.93988991,-4.971349239,1,-2.959099531,1,-8.085512161,1,0.125050113,1,-0.370430589,1,0.236395553,1,0.237924129,0,-0.588539243,0,-0.088862121,0
29.94388771,-5.106171131,1,-2.96194911,1,-8.156036377,1,0.127004728,1,-0.389976203,1,0.249965683,1,0.27304697,0,-0.585236132,0,-0.085748099,0
29.94788742,-5.135548115,1,-2.996251345,1,-8.072904587,1,0.128240436,1,-0.40367049,1,0.260714412,1,0.273022711,0,-0.586128473,0,-0.086883679,0
29.95188904,-5.097751617,1,-3.017352104,1,-8.081148148,1,0.134218246,1,-0.417648047,1,0.275826395,1,0.273150533,0,-0.58799988,0,-0.086173922,0
29.95588684,-5.128060818,1,-3.062062025,1,-8.059069633,1,0.128964037,1,-0.430490345,1,0.300309718,1,0.273234874,0,-0.589940071,0,-0.085381411,0
29.95988655,-5.029558659,1,-2.886316061,1,-8.124363899,1,0.136852413,1,-0.449645549,1,0.3138372,1,0.273288697,0,-0.591967344,0,-0.084526904,0
29.96388817,-5.140771866,1,-3.098865509,1,-8.306204796,1,0.123200744,1,-0.476638645,1,0.32070908,1,0.273329824,0,-0.594099283,0,-0.08365301,0
29.96788788,-5.104281902,1,-3.109394789,1,-8.003444672,1,0.081197694,1,-0.502376735,1,0.343145519,1,0.273221016,0,-0.596333802,0,-0.082747102,0
29.97188568,-5.195918083,1,-3.243705511,1,-8.021355629,1,0.08351361,1,-0.518840909,1,0.344608307,1,0.273013473,0,-0.598684609,0,-0.081822209,0
29.97589493,-5.06547451,1,-3.285236597,1,-7.975079536,1,0.082519025,1,-0.534920633,1,0.367197424,1,0.272787511,0,-0.601098537,0,-0.080839612,0
29.97989845,-5.029307365,1,-3.66394949,1,-8.027758598,1,0.07358323,1,-0.553650856,1,0.389050692,1,0.272502482,0,-0.603599191,0,-0.079784781,0
29.98389816,-5.009625435,1,-3.433520317,1,-8.007717133,1,0.055821322,1,-0.583357513,1,0.407887071,1,0.272124678,0,-0.606217146,0,-0.078659296,0
29.98789978,-5.102899075,1,-3.21298337,1,-8.037601471,1,0.049977675,1,-0.609619915,1,0.427767307,1,0.271665871,0,-0.608977497,0,-0.077478021,0
29.99189758,-5.21244669,1,-3.03835988,1,-8.043010712,1,0.042216044,1,-0.635167718,1,0.444318563,1,0.271130562,0,-0.611839294,0,-0.076230325,0
29.99589729,-5.239212513,1,-3.000185251,1,-8.096509933,1,0.025658367,1,-0.659209311,1,0.44951582,1,0.270544022,0,-0.614804089,0,-0.07497339,0
29.99989891,-5.192448139,1,-3.196928978,1,-8.095316887,1,-0.008878225,1,-0.685213506,1,0.460443974,1,0.269848436,0,-0.617877185,0,-0.073700413,0
30.00389671,-5.15409565,1,-3.025496721,1,-8.13793087,1,-0.02698072,1,-0.716777384,1,0.464805007,1,0.269031554,0,-0.621069551,0,-0.072433606,0
30.00789642,-5.260774612,1,-2.903065205,1,-8.258907318,1,-0.028470736,1,-0.743902206,1,0.476554304,1,0.268174738,0,-0.624393106,0,-0.07116127,0
30.01189804,-5.113368034,1,-3.051608324,1,-8.299720764,1,-0.038393099,1,-0.776529789,1,0.486414552,1,0.267280936,0,-0.627826333,0,-0.069860458,0
30.01589584,-5.262746811,1,-3.128666162,1,-8.302428246,1,-0.050783284,1,-0.820499182,1,0.50239259,1,0.266332507,0,-0.631421089,0,-0.068550192,0
30.01989555,-5.172242641,1,-3.288712263,1,-8.375492096,1,-0.069358811,1,-0.850709677,1,0.513192773,1,0.265297234,0,-0.635178506,0,-0.06720756,0
30.02389717,-5.309463024,1,-3.532059193,1,-8.411142349,1,-0.102601774,1,-0.90030098,1,0.537924886,1,0.26412949,0,-0.639113188,0,-0.065824464,0
30.02789497,-5.317825317,1,-3.848456621,1,-8.479995728,1,-0.150587082,1,-0.942869246,1,0.556778312,1,0.262760639,0,-0.643243909,0,-0.064373687,0
30.03189468,-5.101847172,1,-3.50648737,1,-8.511758804,1,-0.175462708,1,-1.005057096,1,0.578144968,1,0.261206299,0,-0.647594512,0,-0.062890604,0
30.0358963,-5.41065979,1,-3.222017527,1,-8.577313423,1,-0.187748328,1,-1.069679022,1,0.60397464,1,0.259557307,0,-0.652210295,0,-0.061356001,0
30.0398941,-5.530869484,1,-3.07845068,1,-8.552035332,1,-0.181966633,1,-1.128890157,1,0.628468275,1,0.257845342,0,-0.657099605,0,-0.059770115,0
30.04389381,-5.487924576,1,-3.02314043,1,-8.56199646,1,-0.170035079,1,-1.204306483,1,0.653928459,1,0.256137282,0,-0.662264824,0,-0.058121178,0
30.04789543,-5.385963917,1,-3.159881592,1,-8.886166573,1,-0.174581215,1,-1.262542605,1,0.668765008,1,0.254418671,0,-0.667712688,0,-0.056448791,0
30.05189323,-5.205124378,1,-3.418460369,1,-9.235873222,1,-0.20395267,1,-1.337320805,1,0.696985483,1,0.252608061,0,-0.673443556,0,-0.054736897,0
30.05589294,-5.364446163,1,-3.449443102,1,-9.481202126,1,-0.255975872,1,-1.410395026,1,0.718771696,1,0.250582844,0,-0.679468215,0,-0.052977879,0
30.05989456,-5.18934679,1,-3.249130487,1,-9.256441116,1,-0.296387136,1,-1.489329576,1,0.749185383,1,0.24830988,0,-0.685807884,0,-0.051139809,0
30.06389237,-4.910038471,1,-2.825667381,1,-9.198955536,1,-0.292868763,1,-1.595491171,1,0.780024648,1,0.245914385,0,-0.692539155,0,-0.049244106,0
30.06789208,-5.491342545,1,-2.602291584,1,-9.283736229,1,-0.275422156,1,-1.683490992,1,0.808829188,1,0.243522748,0,-0.699671268,0,-0.047297549,0
30.07189369,-5.260099888,1,-2.752158403,1,-9.184295654,1,-0.263154328,1,-1.772295475,1,0.846613228,1,0.241113678,0,-0.707173586,0,-0.045244679,0
30.0758915,-5.191142082,1,-2.924568892,1,-9.334217072,1,-0.264191538,1,-1.876541734,1,0.879642487,1,0.238674551,0,-0.715074539,0,-0.043111477,0
30.07989121,-5.422111034,1,-3.190337658,1,-9.651459694,1,-0.29789269,1,-1.977042317,1,0.909366369,1,0.236097157,0,-0.723408222,0,-0.040897362,0
30.08389282,-4.883364201,1,-2.954839945,1,-9.490492821,1,-0.322671145,1,-2.096592426,1,0.953400731,1,0.233311877,0,-0.732188821,0,-0.038586587,0
30.08789063,-4.832235813,1,-2.859640598,1,-9.663174629,1,-0.331765264,1,-2.230199575,1,0.988537967,1,0.230368882,0,-0.74151206,0,-0.036167104,0
30.09189034,-4.965805531,1,-2.661524296,1,-9.772855759,1,-0.32174468,1,-2.359089375,1,1.02657485,1,0.227350667,0,-0.751370668,0,-0.03365713,0
30.09589195,-4.880083561,1,-2.827456474,1,-9.890907288,1,-0.316098213,1,-2.496933222,1,1.073776245,1,0.224277958,0,-0.761772394,0,-0.03103338,0
30.09989548,-4.795748234,1,-2.947374821,1,-9.960991859,1,-0.307489127,1,-2.66018486,1,1.117544293,1,0.221093819,0,-0.77279979,0,-0.028247379,0
30.10389519,-4.667415619,1,-3.190927982,1,-10.26063633,1,-0.312379241,1,-2.831902504,1,1.183998466,1,0.217776358,0,-0.784531355,0,-0.02528918,0
30.10789871,-4.35730648,1,-3.052299261,1,-10.62467957,1,-0.294897765,1,-3.027743816,1,1.244568825,1,0.2143213,0,-0.79699868,0,-0.022118228,0
30.11189461,-4.666368484,1,-3.849337578,1,-11.13832855,1,-0.298471898,1,-3.229034424,1,1.317597389,1,0.210692436,0,-0.810323775,0,-0.018702595,0
30.11589623,-4.535578251,1,-4.351397991,1,-11.34972572,1,-0.33767736,1,-3.441189528,1,1.402948141,1,0.206678122,0,-0.824476242,0,-0.014949298,0
30.11989784,-4.465982914,1,-4.770699978,1,-11.77655315,1,-0.377101868,1,-3.694566965,1,1.488774896,1,0.202195078,0,-0.839619458,0,-0.010846535,0
30.12389565,-4.379924297,1,-5.431554794,1,-12.07036591,1,-0.426969051,1,-3.949962139,1,1.611892939,1,0.197153613,0,-0.855836868,0,-0.006253473,0
30.12789536,-4.192372322,1,-6.217626095,1,-12.10080624,1,-0.462541282,1,-4.233355045,1,1.735727906,1,0.191378355,0,-0.87319231,0,-0.001002618,0
30.13189697,-4.17172718,1,-6.938393593,1,-12.20587349,1,-0.496766239,1,-4.53388834,1,1.889136314,1,0.184799984,0,-0.891763747,0,0.00503905,0
30.13589478,-3.721694946,1,-7.873660564,1,-12.17486382,1,-0.544786811,1,-4.855787754,1,2.083301544,1,0.177137151,0,-0.91164881,0,0.01216186,0
30.13989449,-3.804149866,1,-8.70058918,1,-12.30734825,1,-0.594657004,1,-5.183598042,1,2.288930416,1,0.168047011,0,-0.932935655,0,0.020712424,0
30.1438961,-4.551802158,1,-9.873087883,1,-12.59789753,1,-0.676974177,1,-5.458559513,1,2.523498297,1,0.157193229,0,-0.955512643,0,0.030987242,0
30.14789391,-5.883580208,1,-10.90491295,1,-12.2774334,1,-0.810551703,1,-5.660131454,1,2.810612917,1,0.14374803,0,-0.979087889,0,0.043681983,0
30.15189362,-5.156608582,1,-12.21189022,1,-12.4526844,1,-1.012346864,1,-5.932223797,1,3.09950614,1,0.126981348,0,-1.003649712,0,0.059373062,0
30.15589523,-5.308813095,1,-12.20071793,1,-12.63348103,1,-1.234315038,1,-6.214173317,1,3.398310423,1,0.106185958,0,-1.02929163,0,0.078539945,0
30.15989304,-7.837038994,1,-12.98608971,1,-14.42943096,1,-1.482494235,1,-6.391051769,1,3.645347118,1,0.080705747,0,-1.05576849,0,0.10176675,0
30.16389275,-9.643177032,1,-10.35105133,1,-14.25013256,1,-1.549255848,1,-6.538451672,1,3.919236422,1,0.050372764,0,-1.082476377,0,0.129468828,0
30.16789436,-14.04186058,1,-10.82134533,1,-15.97707081,1,-1.651586652,1,-6.45492363,1,4.034868717,1,0.014477429,0,-1.109040618,0,0.162536263,0
30.17189217,-12.29561138,1,-8.410189629,1,-14.31618404,1,-1.667993665,1,-6.419281006,1,4.21077013,1,-0.026663259,0,-1.134691954,0,0.200842485,0
30.17589188,-13.00221539,1,-8.310207367,1,-14.56965065,1,-1.726479769,1,-6.473890781,1,4.344496727,1,-0.074267261,0,-1.159555078,0,0.245617002,0
30.17989349,-15.77887058,1,-8.31051445,1,-16.3489399,1,-1.747451186,1,-6.462018013,1,4.365509987,1,-0.128587618,0,-1.183577061,0,0.29703784,0
30.1838913,-20.21916199,1,-6.257152557,1,-16.78156281,1,-1.651945949,1,-6.218416214,1,4.297084332,1,-0.18894802,0,-1.205955982,0,0.354572445,0
30.18789101,-17.21370506,1,-7.463256359,1,-13.86815739,1,-1.565878034,1,-6.041103363,1,4.356384277,1,-0.255350918,0,-1.226014137,0,0.418543547,0
30.19189262,-18.19008827,1,-9.480132103,1,-14.89067364,1,-1.499811172,1,-5.948065758,1,4.444098473,1,-0.329735547,0,-1.243970871,0,0.490804046,0
30.19589043,-23.02020645,1,-7.756293297,1,-14.44947529,1,-1.317690015,1,-5.722931385,1,4.397095203,1,-0.408940822,0,-1.258748174,0,0.566495717,0
30.19989014,-21.49833298,1,-7.428023815,1,-13.01371574,1,-1.127167821,1,-5.5287714,1,4.438022614,1,-0.495213389,0,-1.27125597,0,0.651844263,0
30.20389175,-22.71490097,1,-9.545999527,1,-13.4893055,1,-1.151853085,1,-5.378265381,1,4.49598074,1,-0.58730495,0,-1.280800343,0,0.743397593,0
30.20788956,-27.14432335,1,-8.69148922,1,-14.03242302,1,-1.208248615,1,-4.923248291,1,4.370643616,1,-0.682111323,0,-1.286905527,0,0.837275982,0
30.21188927,-21.29802132,1,-7.915416241,1,-11.61780643,1,-1.313215613,1,-4.476047039,1,4.28054142,1,-0.774515748,0,-1.289382935,0,0.928274453,0
30.21589088,-16.24129295,1,-6.442473888,1,-10.11829758,1,-1.52100718,1,-4.102283478,1,4.159011841,1,-0.863528967,0,-1.288773775,0,1.015046,0
30.21989441,-12.13963318,1,-6.031212807,1,-8.668969154,1,-1.689279675,1,-3.58054328,1,3.830372572,1,-0.945433319,0,-1.285709739,0,1.09365201,0
30.22389412,-9.238899231,1,-6.581759453,1,-7.698087692,1,-1.857526302,1,-3.229470491,1,3.605042934,1,-1.018555999,0,-1.280860424,0,1.16248548,0
30.22789574,-8.228283882,1,-4.973252773,1,-11.76988602,1,-1.799804807,1,-2.890000343,1,3.204388142,1,-1.083781362,0,-1.275103927,0,1.222903609,0
30.23189354,-12.18140221,1,-5.202818394,1,-12.94296265,1,-1.653823137,1,-2.611762524,1,2.822601795,1,-1.139992118,0,-1.269202948,0,1.274503827,0
30.23589325,-18.19913673,1,-1.54706502,1,-12.45329571,1,-1.419219494,1,-2.423182011,1,2.486203909,1,-1.188925266,0,-1.26339519,0,1.319258213,0
30.23989487,-27.61835098,1,1.917182207,1,-15.73924255,1,-0.858059764,1,-2.07017827,1,2.243216991,1,-1.230634689,0,-1.257822633,0,1.358278751,0
30.24389267,-20.59114647,1,-2.945962906,1,-15.65140629,1,-0.552221537,1,-1.343652487,1,2.006724834,1,-1.261386156,0,-1.251897097,0,1.387713432,0
30.24789047,-8.924858093,1,-6.633357525,1,-12.27976322,1,-0.329117179,1,-0.850273788,1,1.615086794,1,-1.281910062,0,-1.246221662,0,1.40748775,0
30.25189209,-3.302266121,1,-8.005895615,1,-9.112280846,1,-0.131529048,1,-0.681987941,1,1.264304757,1,-1.295991778,0,-1.24155736,0,1.421398282,0
30.25588989,-3.72176528,1,-7.577840328,1,-9.386805534,1,-0.063006334,1,-0.61979723,1,1.066171885,1,-1.307215095,0,-1.237789512,0,1.432897687,0
30.2598896,-6.147710323,1,-6.421403885,1,-9.702738762,1,-0.096260011,1,-0.535262823,1,0.96138835,1,-1.316963434,0,-1.234468937,0,1.442883253,0
30.26389122,-6.835902691,1,-6.48674345,1,-9.97892952,1,-0.084511504,1,-0.377646953,1,0.858614087,1,-1.325020909,0,-1.231375933,0,1.451020598,0
30.26789093,-5.188683033,1,-6.846483707,1,-9.233362198,1,-0.043842245,1,-0.20263052,1,0.701245606,1,-1.330548167,0,-1.228622437,0,1.456605911,0
30.27188873,-3.181263924,1,-6.827487469,1,-8.120059013,1,0.007895872,1,-0.085590325,1,0.54712826,1,-1.333771467,0,-1.226332188,0,1.459965825,0
30.27589035,-2.278790474,1,-6.645354748,1,-7.556842804,1,0.022237521,1,0.014559232,1,0.432673544,1,-1.335372329,0,-1.224458694,0,1.461746454,0
30.27989006,-1.659320116,1,-6.683117867,1,-7.360233784,1,0.009658517,1,0.137464792,1,0.328934759,1,-1.335457802,0,-1.222904325,0,1.461907744,0
30.28388977,-1.270164609,1,-6.626247883,1,-7.177185059,1,-0.001778821,1,0.260813862,1,0.21801728,1,-1.334024549,0,-1.221652627,0,1.460388303,0
30.2878933,-0.925522268,1,-6.562984467,1,-6.980837822,1,-0.017193608,1,0.387963861,1,0.104873285,1,-1.331032157,0,-1.220712066,0,1.45715642,0
30.2918911,-0.455094367,1,-6.489583492,1,-6.71384716,1,-0.029534224,1,0.503824055,1,-0.006657626,1,-1.326507211,0,-1.220098138,0,1.452235222,0
30.29588699,0.211081594,1,-6.336843491,1,-6.474896908,1,-0.05151812,1,0.628906667,1,-0.105313517,1,-1.320533872,0,-1.219759703,0,1.445701957,0
30.29989052,0.808074534,1,-6.199865818,1,-6.248062134,1,-0.064826645,1,0.744998336,1,-0.206687748,1,-1.313087821,0,-1.219676375,0,1.43751955,0
30.30388641,1.120631099,1,-5.859505177,1,-6.207839489,1,-0.072555825,1,0.865099967,1,-0.315886229,1,-1.304152608,0,-1.219857931,0,1.427697897,0
30.30788803,1.294229746,1,-5.506119251,1,-6.198059559,1,-0.062545836,1,0.982640266,1,-0.429895997,1,-1.29362011,0,-1.220311046,0,1.416185379,0
30.31188965,1.371470451,1,-5.206020355,1,-6.16415596,1,-0.048847277,1,1.105201244,1,-0.548868239,1,-1.281386971,0,-1.221024871,0,1.402915955,0
30.31588745,1.393862963,1,-4.952590466,1,-6.160651684,1,-0.027981739,1,1.238162994,1,-0.655982316,1,-1.2672925,0,-1.22196126,0,1.387761235,0
30.31988716,1.459077001,1,-4.821449757,1,-6.103075981,1,-0.001027187,1,1.378455162,1,-0.77018553,1,-1.251219988,0,-1.223067403,0,1.370603204,0
30.32388878,1.532084227,1,-4.760398388,1,-5.974527359,1,0.015799847,1,1.528953075,1,-0.874146879,1,-1.233032465,0,-1.224299669,0,1.35130167,0
30.32788658,1.574470758,1,-4.753756523,1,-5.832808018,1,0.039847575,1,1.682366729,1,-0.971807003,1,-1.212683201,0,-1.225572944,0,1.329797029,0
30.33188629,1.669106364,1,-4.58093214,1,-5.804184437,1,0.062825017,1,1.830231905,1,-1.060263395,1,-1.190133333,0,-1.226827621,0,1.30605638,0
30.33588791,1.617341995,1,-4.283818245,1,-5.775515556,1,0.089213826,1,1.97539711,1,-1.1427387,1,-1.165476084,0,-1.227984905,0,1.280189395,0
30.33989143,1.654323578,1,-4.017370224,1,-5.707533836,1,0.12152005,1,2.115484715,1,-1.218332529,1,-1.138670444,0,-1.228972554,0,1.252184153,0
30.34389114,1.540729165,1,-3.744291544,1,-5.601555824,1,0.16765143,1,2.250593662,1,-1.291028738,1,-1.109816074,0,-1.229729772,0,1.222186804,0
30.34789276,1.600959778,1,-3.40691328,1,-5.602913857,1,0.22460708,1,2.380332232,1,-1.358204007,1,-1.078993201,0,-1.23019731,0,1.190301538,0
30.35189247,1.490410805,1,-3.181394577,1,-5.624364376,1,0.282163739,1,2.497095346,1,-1.417820215,1,-1.046301723,0,-1.230301976,0,1.156684875,0
30.35589218,1.262614727,1,-3.048942327,1,-5.554141045,1,0.355174512,1,2.612206459,1,-1.463307738,1,-1.011952281,0,-1.229971528,0,1.121598005,0
30.35989189,0.999905467,1,-2.890769243,1,-5.648313522,1,0.423296928,1,2.731186867,1,-1.510846615,1,-0.976038814,0,-1.22912693,0,1.085141301,0
30.36388969,0.697420418,1,-2.745439291,1,-5.664605618,1,0.491087645,1,2.848108292,1,-1.54607141,1,-0.938750744,0,-1.227698326,0,1.04749918,0
30.36789131,0.39954257,1,-2.679831028,1,-5.755352497,1,0.557441235,1,2.964099407,1,-1.575630784,1,-0.900289476,0,-1.225615025,0,1.008873582,0
30.37189293,0.037948355,1,-2.612560511,1,-5.908960819,1,0.632623017,1,3.093567133,1,-1.6000458,1,-0.860841751,0,-1.222796679,0,0.969472051,0
30.37589073,-0.400299221,1,-2.569971561,1,-6.041426659,1,0.70068419,1,3.226931334,1,-1.627540946,1,-0.820570707,0,-1.219178677,0,0.929446578,0
30.37988854,-0.810695529,1,-2.47548008,1,-6.141433716,1,0.765978575,1,3.368881941,1,-1.649881363,1,-0.779668987,0,-1.214698672,0,0.888976812,0
30.38389015,-1.170983076,1,-2.41153574,1,-6.320813179,1,0.829084873,1,3.51102376,1,-1.67830646,1,-0.73835969,0,-1.20928669,0,0.848266244,0
30.38788986,-1.52816391,1,-2.376067877,1,-6.378325462,1,0.888914883,1,3.660480976,1,-1.702674866,1,-0.696864009,0,-1.20291853,0,0.807526588,0
30.39188957,-1.815286636,1,-2.36853528,1,-6.477291584,1,0.952563047,1,3.813442707,1,-1.71573627,1,-0.655480266,0,-1.195528388,0,0.767076373,0
30.39589119,-1.996368289,1,-2.276645899,1,-6.590406895,1,1.019689202,1,3.953312159,1,-1.74066031,1,-0.614480615,0,-1.187119722,0,0.727182627,0
30.39988899,-2.153156519,1,-2.132813215,1,-6.677549839,1,1.084591627,1,4.086836815,1,-1.750068903,1,-0.574136019,0,-1.177692294,0,0.68814075,0
30.4038868,-2.298578262,1,-1.925986409,1,-6.762999535,1,1.168061495,1,4.214408875,1,-1.766950011,1,-0.534654021,0,-1.167272687,0,0.650201201,0
30.40788841,-2.402754068,1,-1.667941213,1,-6.877552032,1,1.262947798,1,4.328531265,1,-1.779120803,1,-0.49614495,0,-1.155898333,0,0.613528252,0
30.41188622,-2.478027344,1,-1.416566968,1,-6.938016415,1,1.368509054,1,4.427767277,1,-1.782602191,1,-0.458791494,0,-1.143619895,0,0.578360915,0
30.41588783,-2.582382441,1,-1.19259882,1,-6.879287243,1,1.485217452,1,4.523207664,1,-1.789820194,1,-0.42263943,0,-1.130475402,0,0.544799149,0
30.41988945,-2.734577656,1,-0.920918226,1,-6.854358196,1,1.620300889,1,4.609653473,1,-1.791114092,1,-0.38769421,0,-1.116500258,0,0.512923717,0
30.42388725,-2.93171382,1,-0.767625511,1,-6.853449821,1,1.763749719,1,4.690703392,1,-1.794656515,1,-0.353955269,0,-1.101766229,0,0.482798338,0
30.42788696,-3.125704288,1,-0.720676363,1,-6.867183685,1,1.91161716,1,4.752083778,1,-1.79298377,1,-0.321356833,0,-1.086329103,0,0.454380065,0
30.43188858,-3.268834114,1,-0.810360491,1,-6.828210831,1,2.039009571,1,4.816913605,1,-1.795282722,1,-0.289937258,0,-1.070230603,0,0.427693725,0
30.43588638,-3.494328737,1,-1.041177988,1,-6.82313776,1,2.159802675,1,4.874423027,1,-1.797945142,1,-0.259700477,0,-1.053527474,0,0.40270403,0
30.43988609,-3.666584492,1,-1.206276894,1,-6.897279739,1,2.271336317,1,4.914786816,1,-1.796137452,1,-0.230642796,0,-1.03628099,0,0.379353762,0
30.44388771,-3.7865026,1,-1.480891824,1,-6.916959286,1,2.354882956,1,4.951882362,1,-1.795006037,1,-0.202769116,0,-1.018545032,0,0.357601464,0
30.44788551,-4.056215763,1,-1.631818295,1,-7.049951077,1,2.432188511,1,4.983694077,1,-1.791297793,1,-0.175148308,0,-0.999739945,0,0.33773303,0
30.45188522,-4.205244064,1,-1.882240772,1,-7.235334873,1,2.491013765,1,5.012980461,1,-1.794061899,1,-0.149577036,0,-0.981162727,0,0.318930924,0
30.45588875,-4.513540268,1,-2.065364838,1,-7.355914593,1,2.542071581,1,5.039618969,1,-1.801130891,1,-0.125033528,0,-0.962230265,0,0.301413119,0
30.45989227,-4.938041687,1,-2.281963348,1,-7.593043804,1,2.58798337,1,5.064296246,1,-1.810964465,1,-0.101474389,0,-0.942969084,0,0.285090744,0
30.46389198,-5.436579704,1,-2.440838814,1,-7.903579235,1,2.631905079,1,5.107261181,1,-1.824793458,1,-0.078793369,0,-0.923364639,0,0.269854724,0
30.4678936,-5.965735435,1,-2.55104351,1,-8.302768707,1,2.673718691,1,5.150958061,1,-1.856681347,1,-0.056876708,0,-0.903393149,0,0.255572438,0
30.4718914,-6.482245922,1,-2.651181221,1,-8.622271538,1,2.727076054,1,5.213738918,1,-1.901115656,1,-0.03556931,0,-0.883039057,0,0.242081657,0
30.47589111,-7.017647743,1,-2.602683306,1,-9.01231575,1,2.781144142,1,5.284227848,1,-1.975189447,1,-0.014695055,0,-0.86225158,0,0.229200765,0
30.47989273,-7.292688847,1,-2.483682632,1,-9.300501823,1,2.837321997,1,5.343067169,1,-2.069326401,1,0.005888569,0,-0.841027379,0,0.216783404,0
30.48389053,-7.368851662,1,-2.525040865,1,-9.551581383,1,2.89904356,1,5.393946171,1,-2.178560019,1,0.026279854,0,-0.819416881,0,0.204708561,0
30.48789024,-7.489989281,1,-2.669641972,1,-9.87447834,1,2.968610287,1,5.429349422,1,-2.302852631,1,0.046568546,0,-0.79744482,0,0.192878678,0
30.49189186,-7.66517067,1,-2.896266222,1,-10.10799313,1,3.029251814,1,5.453886032,1,-2.441072941,1,0.066799514,0,-0.775164366,0,0.18123363,0
30.49589157,-7.729679108,1,-3.226042032,1,-10.26165676,1,3.088585854,1,5.466567516,1,-2.576698303,1,0.087004162,0,-0.752614677,0,0.169717282,0
30.49989128,-7.844700336,1,-3.602495909,1,-10.48085594,1,3.123049021,1,5.453752995,1,-2.727394581,1,0.107166611,0,-0.729839444,0,0.158272237,0
30.5038929,-8.034399986,1,-3.990956306,1,-10.93420982,1,3.145793915,1,5.419813156,1,-2.885809422,1,0.127221718,0,-0.706918418,0,0.146858111,0
30.5078907,-8.289141655,1,-4.229314327,1,-11.57404709,1,3.148090363,1,5.361737728,1,-3.059976578,1,0.147182077,0,-0.683925629,0,0.13536264,0
30.51189041,-8.657998085,1,-4.311196327,1,-12.33736134,1,3.133790731,1,5.276078224,1,-3.246806622,1,0.1670205,0,-0.660934687,0,0.123703711,0
30.51589203,-9.278365135,1,-3.96283412,1,-13.16723442,1,3.120592356,1,5.176183224,1,-3.437463522,1,0.186732441,0,-0.638008058,0,0.111805171,0
30.51988983,-10.41489887,1,-3.379261494,1,-13.88427448,1,3.126448393,1,5.082501888,1,-3.657352924,1,0.206395298,0,-0.615127921,0,0.099563591,0
30.52388954,-11.79351044,1,-2.791836262,1,-14.60230923,1,3.144991875,1,4.992278099,1,-3.886991978,1,0.226111606,0,-0.592217982,0,0.086907066,0
30.52789116,-13.28376579,1,-2.615534067,1,-15.27944374,1,3.180700302,1,4.919390678,1,-4.129039288,1,0.245950371,0,-0.569194674,0,0.07379362,0
30.53188896,-15.02503681,1,-2.60288763,1,-15.87542629,1,3.202851534,1,4.870868206,1,-4.359995842,1,0.265874714,0,-0.545954645,0,0.060276832,0
30.53588867,-17.04822922,1,-2.75270319,1,-16.33652306,1,3.204215288,1,4.82640934,1,-4.587385654,1,0.285747975,0,-0.52242136,0,0.046413485,0
30.53989029,-19.06236267,1,-2.881240368,1,-16.7452774,1,3.167186499,1,4.787701607,1,-4.808193207,1,0.305423677,0,-0.4985497,0,0.032237135,0
30.54388809,-21.38426399,1,-2.948604584,1,-16.97114372,1,3.086347342,1,4.751756668,1,-5.025699139,1,0.324710101,0,-0.474307865,0,0.017773313,0
30.5478878,-23.54582787,1,-2.15970397,1,-17.49409103,1,2.960610867,1,4.682188511,1,-5.247456551,1,0.343392611,0,-0.449741006,0,0.003023622,0
30.55188942,-25.88591194,1,-0.725463867,1,-17.58177376,1,2.821567297,1,4.589416504,1,-5.441777706,1,0.361346036,0,-0.424960375,0,-0.012069351,0
30.55588722,-28.02857971,1,2.074368954,1,-17.54239464,1,2.722217083,1,4.482878685,1,-5.629364967,1,0.378573388,0,-0.40003407,0,-0.027442666,0
30.55988693,-30.52550507,1,4.527598858,1,-16.41041565,1,2.712069988,1,4.397313118,1,-5.75969696,1,0.395290911,0,-0.374997884,0,-0.043001905,0
30.56388855,-32.65990448,1,6.845541,1,-14.21952534,1,2.802795887,1,4.346570492,1,-5.826660156,1,0.411793768,0,-0.349809289,0,-0.058474757,0
30.56788635,-35.04917908,1,6.928791523,1,-11.62816334,1,2.896513224,1,4.324386597,1,-5.835083485,1,0.428201497,0,-0.324467301,0,-0.073578395,0
30.57188606,-36.43880081,1,5.617373943,1,-8.98674202,1,2.875722647,1,4.286483288,1,-5.74296236,1,0.444214225,0,-0.299048156,0,-0.088000789,0
30.57588768,-36.35142517,1,4.354580402,1,-6.196812153,1,2.69823575,1,4.17071867,1,-5.517710686,1,0.459210187,0,-0.273955941,0,-0.101449773,0
30.57989311,-35.52104187,1,3.452448368,1,-3.525044441,1,2.405632734,1,3.928696632,1,-5.157989502,1,0.472599983,0,-0.24984546,0,-0.113685772,0
30.58389282,-34.52877045,1,4.004500866,1,-1.092083812,1,2.079148293,1,3.611833334,1,-4.707498074,1,0.484143972,0,-0.227339908,0,-0.124568902,0
30.58789444,-32.91064072,1,6.795244217,1,1.254676461,1,1.841583133,1,3.202957153,1,-4.218180656,1,0.494018048,0,-0.206888422,0,-0.134149447,0
30.59189224,-31.58298683,1,11.32777977,1,3.174737215,1,1.763920426,1,2.713680983,1,-3.725503683,1,0.502842307,0,-0.188885763,0,-0.142599687,0
30.59589195,-31.42286682,1,15.69257259,1,4.837032795,1,1.852546215,1,2.175559282,1,-3.253913879,1,0.511404216,0,-0.173569381,0,-0.150171846,0
30.59989357,-32.02873993,1,18.92220116,1,6.042583942,1,2.08435154,1,1.661639214,1,-2.81382823,1,0.520396113,0,-0.160920292,0,-0.157032013,0
30.60389137,-32.30332565,1,20.05141449,1,6.808776379,1,2.372722626,1,1.180800676,1,-2.396998882,1,0.530274332,0,-0.150788069,0,-0.163267538,0
30.60789108,-31.93299675,1,20.37660599,1,7.10230875,1,2.622407198,1,0.684354603,1,-2.015067816,1,0.54112792,0,-0.143084496,0,-0.169020697,0
30.6118927,-31.60381508,1,18.67477608,1,7.103228092,1,2.715142488,1,0.222686067,1,-1.670796514,1,0.552605867,0,-0.137712583,0,-0.174429715,0
30.6158905,-30.87891769,1,16.40488815,1,6.718447685,1,2.585852146,1,-0.236573428,1,-1.359053969,1,0.563975275,0,-0.134528711,0,-0.179627761,0
30.61989021,-14.66452789,1,-4.139038086,1,0.847481489,1,1.235662937,1,-0.925887048,1,-0.826994121,1,0.572932005,0,-0.133978009,0,-0.184642687,0
30.62389183,-33.97698593,1,-4.767756462,1,8.488405228,1,-0.86866039,1,-2.21937418,1,0.083544344,1,0.574123263,0,-0.138371944,0,-0.189343929,0
30.62788963,-41.56283569,1,0.563749611,1,11.55612659,1,-2.540620804,1,-2.852161407,1,0.711236477,1,0.567910612,0,-0.14801991,0,-0.193572119,0
30.63188934,-25.39854431,1,9.292934418,1,16.26222801,1,-3.358828306,1,-3.140514135,1,1.47724843,1,0.555978,0,-0.160229728,0,-0.19642818,0
30.63589096,-0.364436775,1,18.41314888,1,10.9006052,1,-2.916837454,1,-3.436109781,1,2.270989418,1,0.543668151,0,-0.175583214,0,-0.196837947,0
30.63988876,-0.712495327,1,10.18732071,1,-2.618457556,1,-3.457031727,1,-3.691673517,1,2.835139275,1,0.530617952,0,-0.193006083,0,-0.195332974,0
30.64388847,-13.54633427,1,5.746698856,1,-19.1216259,1,-3.420171976,1,-3.625186443,1,3.198527575,1,0.516064048,0,-0.211941525,0,-0.192092091,0
30.64789009,-7.322753429,1,-6.375593662,1,-29.68734932,1,-2.897558689,1,-2.843121767,1,3.141837597,1,0.502356648,0,-0.229442701,0,-0.187230244,0
30.65188789,2.794655323,1,-20.73572731,1,-31.2757473,1,-2.729656696,1,-2.242046595,1,3.217954397,1,0.489687741,0,-0.244389832,0,-0.180632338,0
30.6558876,4.768621445,1,-26.62324142,1,-26.11263084,1,-3.101519585,1,-1.932883024,1,3.227175713,1,0.476139486,0,-0.257661372,0,-0.17282334,0
30.65988922,1.824818611,1,-21.40047646,1,-16.98282623,1,-3.390772581,1,-1.941865444,1,3.363711596,1,0.46079582,0,-0.270460129,0,-0.164220259,0
30.66388893,-1.449567437,1,-13.03149509,1,-11.09801483,1,-3.49514842,1,-2.122564793,1,3.418792963,1,0.44443357,0,-0.283623815,0,-0.155086592,0
30.66788673,-1.047676921,1,-2.31639576,1,-7.507792473,1,-3.391790867,1,-2.593730927,1,3.60073185,1,0.428081185,0,-0.298040271,0,-0.145992085,0
30.67188835,-2.909833193,1,1.003198981,1,-7.488771915,1,-3.494125843,1,-3.322897434,1,3.604382038,1,0.411565661,0,-0.314732909,0,-0.137102216,0
30.67588806,-7.737641811,1,0.265730202,1,-9.698625565,1,-3.475522518,1,-3.786121607,1,3.393114567,1,0.395298272,0,-0.333430111,0,-0.129468501,0
30.67988777,-12.80867481,1,0.926047862,1,-11.59833241,1,-3.401297331,1,-4.005584717,1,3.045719385,1,0.379335463,0,-0.352738202,0,-0.122966215,0
30.68388939,-20.25655556,1,2.189235687,1,-14.89949989,1,-3.464044333,1,-4.032194138,1,2.52365756,1,0.363798141,0,-0.371929348,0,-0.118165478,0
30.68788719,-29.36412811,1,6.592862129,1,-17.33650398,1,-3.056432247,1,-3.658297539,1,1.906467557,1,0.349503905,0,-0.389448106,0,-0.114995249,0
30.6918869,-29.72604942,1,5.78397274,1,-17.99603462,1,-2.647280216,1,-3.075464487,1,1.346696258,1,0.337443352,0,-0.404353023,0,-0.113384053,0
30.69588852,-24.26696396,1,9.457068443,1,-15.80972862,1,-2.148046017,1,-2.564733982,1,1.074102163,1,0.328569382,0,-0.415349841,0,-0.104109503,0
30.69989204,-18.73250198,1,13.49296951,1,-15.46765518,1,-1.608728409,1,-2.261986017,1,1.016511321,1,0.320757598,0,-0.425803363,0,-0.103196971,0
30.70389175,-12.15824318,1,11.84118462,1,-15.37857914,1,-1.249891043,1,-1.952812672,1,1.135498762,1,0.314395666,0,-0.435168564,0,-0.101630934,0
30.70789337,-7.438900948,1,10.04019547,1,-14.47135448,1,-1.011238098,1,-1.764009595,1,1.342151284,1,0.308742076,0,-0.443701744,0,-0.098903038,0
30.71189117,-7.178921223,1,6.711954594,1,-13.87571144,1,-0.820093691,1,-1.616084576,1,1.432710528,1,0.30350405,0,-0.451876998,0,-0.095249549,0
30.71589088,-6.187583447,1,1.441421509,1,-12.06377029,1,-0.639306486,1,-1.330143452,1,1.304920435,1,0.298870832,0,-0.459132761,0,-0.091364689,0
30.71989441,-10.16004181,1,-0.639226556,1,-9.315319061,1,-0.598763406,1,-1.170311809,1,1.167549968,1,0.294821382,0,-0.46540764,0,-0.087699167,0
30.72389031,-8.897138596,1,-5.338737488,1,-7.218791008,1,-0.536826193,1,-0.933212876,1,0.964253008,1,0.291092396,0,-0.470579386,0,-0.084512942,0
30.72789002,-9.100312233,1,-6.857299328,1,-6.387889385,1,-0.68688184,1,-0.796223104,1,0.888172626,1,0.287352324,0,-0.474960089,0,-0.081607684,0
30.73189354,-12.52485466,1,-7.503232002,1,-7.256943703,1,-0.768236637,1,-0.576641977,1,0.710350156,1,0.283217013,0,-0.478529066,0,-0.079017773,0
30.73589134,-11.82660961,1,-5.137350082,1,-8.130350113,1,-0.798007607,1,-0.293649405,1,0.575433493,1,0.279051542,0,-0.48088932,0,-0.076783828,0
30.73989105,-10.3856535,1,-3.049459696,1,-8.710151672,1,-0.784443319,1,-0.06201677,1,0.5451805,1,0.274882197,0,-0.482169122,0,-0.074606292,0
30.74389267,-6.296734333,1,-1.584140301,1,-8.480333328,1,-0.808319032,1,0.041056637,1,0.605161369,1,0.27050519,0,-0.482780963,0,-0.072082572,0
30.74789047,-6.413139343,1,-2.052063942,1,-9.3686409,1,-0.74688381,1,0.042260353,1,0.571680486,1,0.266184211,0,-0.483264267,0,-0.069469526,0
30.75189018,-5.836291313,1,-2.341560602,1,-9.393783569,1,-0.721589744,1,0.066027664,1,0.537880361,1,0.262079507,0,-0.483621985,0,-0.066982254,0
30.75589371,-6.158209801,1,-2.637771368,1,-8.786411285,1,-0.662618995,1,0.052583318,1,0.513154507,1,0.258217365,0,-0.483943254,0,-0.06462463,0
30.75989151,-6.600160599,1,-3.253931284,1,-8.952503204,1,-0.623862505,1,0.07171201,1,0.491079032,1,0.254606128,0,-0.484197617,0,-0.062358823,0
30.76389122,-6.170135498,1,-4.093992233,1,-8.800936699,1,-0.616663873,1,0.098765515,1,0.488930941,1,0.251088798,0,-0.484353364,0,-0.060129274,0
30.76789284,-5.190900326,1,-4.449475288,1,-8.854257584,1,-0.637544274,1,0.106011078,1,0.510865748,1,0.247515097,0,-0.484437913,0,-0.057823535,0
30.77189064,-4.24133873,1,-4.330767632,1,-8.644345284,1,-0.658715665,1,0.088904619,1,0.54617244,1,0.243817866,0,-0.484561443,0,-0.055417895,0
30.77589035,-3.557882547,1,-4.258412361,1,-8.59718895,1,-0.67997694,1,0.038114749,1,0.582495332,1,0.239935234,0,-0.484855413,0,-0.052858695,0
30.77989197,-4.113648415,1,-3.859133482,1,-8.771431923,1,-0.688704371,1,-0.004599135,1,0.594570279,1,0.23597239,0,-0.485346168,0,-0.050243445,0
30.78388977,-4.495079041,1,-2.476008415,1,-8.85577774,1,-0.661739171,1,-0.038814563,1,0.588627219,1,0.232057065,0,-0.485992312,0,-0.047665201,0
30.78788948,-5.054781437,1,-0.697413027,1,-9.018744469,1,-0.602558553,1,-0.062324516,1,0.547571123,1,0.22837317,0,-0.486717761,0,-0.045205027,0
30.7918911,-5.144321442,1,0.553144276,1,-8.986410141,1,-0.511715949,1,-0.065739274,1,0.503272891,1,0.225083157,0,-0.487438411,0,-0.042951602,0
30.7958889,-4.886924267,1,0.283680111,1,-9.068405151,1,-0.421162367,1,-0.062403634,1,0.44846645,1,0.222257212,0,-0.488109738,0,-0.040904988,0
30.79988861,-4.336670399,1,-1.129339695,1,-9.242510796,1,-0.365764439,1,-0.084345102,1,0.411089599,1,0.219836444,0,-0.488766134,0,-0.039082583,0
30.80389023,-3.876787424,1,-3.032381535,1,-9.236994743,1,-0.341664791,1,-0.128240019,1,0.399365991,1,0.217646241,0,-0.489528716,0,-0.037394699,0
30.80788803,-4.020022869,1,-4.049802303,1,-9.035417557,1,-0.345816225,1,-0.175911337,1,0.412041903,1,0.215501845,0,-0.490470946,0,-0.035752971,0
30.81188774,-4.418414593,1,-3.615985632,1,-8.908201218,1,-0.347931147,1,-0.218474835,1,0.421945989,1,0.21333006,0,-0.491610736,0,-0.03409341,0
30.81588936,-5.3554492,1,-1.948584557,1,-8.836918831,1,-0.324590236,1,-0.228446707,1,0.429984331,1,0.211185321,0,-0.492857397,0,-0.032411497,0
30.81989288,-4.909310818,1,-1.195947766,1,-8.889009476,1,-0.294619113,1,-0.245247364,1,0.419854134,1,0.209142298,0,-0.4941338,0,-0.030723538,0
30.82389259,-4.873164654,1,-1.461037397,1,-9.132471085,1,-0.276761651,1,-0.259043872,1,0.381603241,1,0.207268924,0,-0.49545452,0,-0.029166093,0
30.82789421,-4.491809368,1,-2.043535948,1,-8.957436562,1,-0.264222592,1,-0.287995458,1,0.348588437,1,0.205542237,0,-0.496836483,0,-0.027786829,0
30.83189201,-4.845333576,1,-2.154572964,1,-8.905011177,1,-0.249238059,1,-0.318620712,1,0.317544878,1,0.203940794,0,-0.498308152,0,-0.02658557,0
30.83589172,-5.323045731,1,-1.556664944,1,-8.675144196,1,-0.225825071,1,-0.33345598,1,0.282788247,1,0.202477559,0,-0.499838054,0,-0.025547851,0
30.83989334,-5.509863377,1,-0.906339467,1,-8.623285294,1,-0.191980273,1,-0.33416003,1,0.238126159,1,0.201232463,0,-0.50136131,0,-0.024691924,0
30.84389114,-5.31236124,1,-0.708038986,1,-8.680838585,1,-0.150622979,1,-0.330856025,1,0.196648046,1,0.200214788,0,-0.5028373,0,-0.0240149,0
30.84789085,-4.853246689,1,-0.83075273,1,-8.788625717,1,-0.114820562,1,-0.336890489,1,0.146209553,1,0.199464351,0,-0.504280329,0,-0.023552768,0
30.85189247,-4.898068905,1,-0.769046724,1,-8.797371864,1,-0.080507673,1,-0.348055929,1,0.115822248,1,0.198942304,0,-0.505719066,0,-0.023272781,0
30.85589027,-5.220496655,1,-0.523398042,1,-8.64233017,1,-0.035973366,1,-0.351052016,1,0.086485341,1,0.198650941,0,-0.507184744,0,-0.023142174,0
30.85988998,-5.260419369,1,-0.620619178,1,-8.618455887,1,0.01084904,1,-0.353070915,1,0.054103442,1,0.198609114,0,-0.508621097,0,-0.02314868,0
30.8638916,-4.984032631,1,-0.820590019,1,-8.663391113,1,0.044319656,1,-0.361982733,1,0.031004041,1,0.198793635,0,-0.51004827,0,-0.023273936,0
30.8678894,-4.903287411,1,-0.970357716,1,-8.602302551,1,0.085320145,1,-0.367113858,1,0.004278445,1,0.199175879,0,-0.511500239,0,-0.023522969,0
30.87189102,-4.677927971,1,-1.556313157,1,-8.555250168,1,0.112720139,1,-0.37010172,1,-0.003718108,1,0.199746534,0,-0.512943804,0,-0.023857487,0
30.87589455,-4.705546379,1,-2.118702173,1,-8.506166458,1,0.13188152,1,-0.374456584,1,0.002684864,1,0.200414881,0,-0.514401674,0,-0.024197916,0
30.87989426,-4.826913834,1,-2.607511044,1,-8.356946945,1,0.142399162,1,-0.373686224,1,0.022379447,1,0.201107517,0,-0.515880644,0,-0.024484005,0
30.88389397,-4.872892857,1,-3.107445955,1,-8.169705391,1,0.126076445,1,-0.37747556,1,0.049351111,1,0.201739594,0,-0.517380238,0,-0.024677791,0
30.88789558,-4.827470779,1,-3.436693192,1,-8.065397263,1,0.122770101,1,-0.37465179,1,0.068256319,1,0.202281624,0,-0.5189147,0,-0.024751153,0
30.89189339,-4.679672241,1,-3.724984884,1,-8.047395706,1,0.098736577,1,-0.372977316,1,0.103490531,1,0.202708498,0,-0.520449042,0,-0.024703581,0
30.8958931,-4.641209126,1,-3.661856651,1,-8.09200573,1,0.083685793,1,-0.370562375,1,0.131487817,1,0.202985436,0,-0.521997392,0,-0.024519267,0
30.89989471,-4.818388462,1,-3.255032539,1,-8.067302704,1,0.077289939,1,-0.368918985,1,0.158668309,1,0.203146309,0,-0.52355963,0,-0.024199527,0
30.90389252,-4.816540241,1,-2.99851346,1,-8.055413246,1,0.069136485,1,-0.363467425,1,0.174936309,1,0.203234345,0,-0.525134683,0,-0.023778543,0
30.90789223,-4.927972317,1,-2.510255814,1,-8.248129845,1,0.075181797,1,-0.375685036,1,0.186069071,1,0.203272209,0,-0.526720703,0,-0.023303773,0
30.91189385,-4.644042015,1,-2.071828127,1,-8.321090698,1,0.082572803,1,-0.380946577,1,0.195349693,1,0.203329384,0,-0.528346896,0,-0.022793172,0
30.91589165,-4.76495266,1,-1.474499106,1,-8.463833809,1,0.122540742,1,-0.397896796,1,0.196745798,1,0.203468487,0,-0.530032218,0,-0.022268467,0
30.91989136,-4.924729824,1,-1.225698113,1,-8.444180489,1,0.175072432,1,-0.406546324,1,0.200266153,1,0.203794658,0,-0.53176564,0,-0.021741914,0
30.92389298,-4.855229855,1,-1.685302734,1,-8.463019371,1,0.199963361,1,-0.425261527,1,0.191191599,1,0.204301178,0,-0.533546984,0,-0.021241624,0
30.92789078,-5.039873123,1,-2.129287243,1,-8.415678978,1,0.180280477,1,-0.45852828,1,0.184465617,1,0.204835191,0,-0.535428643,0,-0.020788273,0
30.93189049,-4.986541271,1,-1.810106635,1,-8.279956818,1,0.173711956,1,-0.472921163,1,0.165240005,1,0.205352873,0,-0.537400126,0,-0.020442057,0
30.93589211,-5.01224184,1,-1.274573445,1,-8.389508247,1,0.207246453,1,-0.482087076,1,0.159151211,1,0.205959678,0,-0.539407432,0,-0.020160791,0
30.93989563,-4.876242161,1,-1.41298151,1,-8.464650154,1,0.230579928,1,-0.500506878,1,0.158811852,1,0.206723914,0,-0.54146415,0,-0.019907193,0
30.94389534,-5.016305447,1,-1.346179605,1,-8.312871933,1,0.233054519,1,-0.517791986,1,0.14141582,1,0.161397129,0,-0.585610688,0,-0.057878099,0
30.94789696,-5.190985203,1,-1.309665442,1,-8.194952011,1,0.252585143,1,-0.517927825,1,0.123742878,1,0.162821218,0,-0.586653948,0,-0.045170378,0
30.95189476,-5.289253712,1,-1.714804769,1,-8.221270561,1,0.255857855,1,-0.528965354,1,0.120878406,1,0.163747415,0,-0.5888111,0,-0.044983931,0
30.95589447,-5.112839699,1,-1.695978284,1,-8.044404984,1,0.247783586,1,-0.537109673,1,0.1119399,1,0.16467829,0,-0.590991974,0,-0.044854421,0
30.95989609,-5.353964329,1,-1.614786506,1,-7.995598793,1,0.256214619,1,-0.540360987,1,0.09693142,1,0.165646568,0,-0.593182921,0,-0.044782124,0
30.96389389,-5.321227074,1,-1.685640931,1,-7.901534081,1,0.275313377,1,-0.533948839,1,0.09518455,1,0.166702494,0,-0.595362067,0,-0.044754758,0
30.9678936,-5.33160305,1,-2.006265402,1,-7.844251156,1,0.275148749,1,-0.531415761,1,0.087440483,1,0.167794794,0,-0.597524583,0,-0.044734981,0
30.97189522,-5.291918755,1,-1.98995471,1,-7.806172848,1,0.279859364,1,-0.535849631,1,0.082545012,1,0.168928951,0,-0.599690199,0,-0.04476475,0
30.97589302,-5.343234062,1,-1.94060111,1,-7.784278393,1,0.29157725,1,-0.528467119,1,0.075123712,1,0.170096025,0,-0.601834893,0,-0.044817235,0
30.97989464,-5.379340172,1,-1.897850871,1,-7.830439568,1,0.304257154,1,-0.522429287,1,0.069092639,1,0.17133452,0,-0.603955686,0,-0.044898879,0
30.98389626,-5.398271084,1,-1.991019726,1,-7.78914547,1,0.308217198,1,-0.516158938,1,0.064517178,1,0.17263113,0,-0.60604465,0,-0.045012996,0
30.98789406,-5.439562321,1,-2.143212318,1,-7.815505981,1,0.310554862,1,-0.512901902,1,0.063529693,1,0.173943475,0,-0.608114958,0,-0.045136649,0
30.99189186,-5.302659035,1,-2.270403862,1,-7.800399303,1,0.309308261,1,-0.508182108,1,0.062228888,1,0.175254792,0,-0.610165834,0,-0.04527171,0
30.99589348,-5.243140697,1,-2.403769732,1,-7.839547157,1,0.301611751,1,-0.504638672,1,0.064112648,1,0.176544771,0,-0.612205505,0,-0.045391619,0
30.99989319,-5.311327457,1,-2.51935339,1,-7.871314526,1,0.290723294,1,-0.505079925,1,0.066642031,1,0.177807242,0,-0.614236057,0,-0.045518775,0
31.0038929,-5.316363335,1,-2.560271025,1,-7.82068491,1,0.276017338,1,-0.503177881,1,0.073345348,1,0.178995267,0,-0.616270781,0,-0.045603473,0
31.00789642,-5.356886387,1,-2.57234025,1,-7.825139523,1,0.267571509,1,-0.495708078,1,0.081974939,1,0.180119336,0,-0.618292451,0,-0.045664951,0
31.01189232,-5.40836525,1,-2.650070667,1,-7.79407835,1,0.253531247,1,-0.495683759,1,0.092659317,1,0.181178242,0,-0.620311558,0,-0.045682419,0
31.01589394,-5.464294434,1,-2.655600786,1,-7.797504902,1,0.241347983,1,-0.490940064,1,0.097750418,1,0.182157472,0,-0.622330606,0,-0.045654312,0
31.01989555,-5.510399818,1,-2.671146154,1,-7.790784836,1,0.229212299,1,-0.488445729,1,0.111232556,1,0.183058873,0,-0.624340832,0,-0.045589406,0
31.02389336,-5.53316927,1,-2.706720591,1,-7.806388378,1,0.22030887,1,-0.485951602,1,0.117140211,1,0.183893695,0,-0.626340449,0,-0.045473788,0
31.02789307,-5.517095566,1,-2.706249952,1,-7.71619463,1,0.206522956,1,-0.488277525,1,0.13497217,1,0.184634179,0,-0.62834692,0,-0.045289494,0
31.03189468,-5.618659973,1,-2.718779802,1,-7.70157671,1,0.198018759,1,-0.485127151,1,0.155590579,1,0.185284957,0,-0.630362034,0,-0.045020044,0
31.03589249,-5.616920948,1,-2.825866222,1,-7.641350269,1,0.188607171,1,-0.482687831,1,0.165333256,1,0.185855672,0,-0.632380724,0,-0.044678945,0
31.0398922,-5.591376781,1,-2.83997035,1,-7.626179218,1,0.183575988,1,-0.473232746,1,0.181286603,1,0.186353117,0,-0.634389043,0,-0.044263549,0
31.04389381,-5.543929577,1,-2.783884287,1,-7.722221851,1,0.17151475,1,-0.471541464,1,0.199132234,1,0.186767742,0,-0.636383653,0,-0.04377095,0
31.04789162,-5.556646347,1,-2.697728157,1,-7.712069511,1,0.15850617,1,-0.474182963,1,0.205230623,1,0.187102363,0,-0.638385534,0,-0.043211836,0
31.05189133,-5.569893837,1,-2.658771038,1,-7.739814758,1,0.156236812,1,-0.47622624,1,0.21944645,1,0.187372938,0,-0.640400708,0,-0.04259925,0
31.05589294,-5.610646725,1,-2.618806362,1,-7.718630791,1,0.147029668,1,-0.47904548,1,0.227621377,1,0.187590927,0,-0.64243257,0,-0.041958202,0
31.05989075,-5.573239803,1,-2.571024895,1,-7.790504932,1,0.144916058,1,-0.481419951,1,0.234426826,1,0.18775548,0,-0.64448595,0,-0.041260835,0
31.06389618,-5.570013523,1,-2.594243526,1,-7.891424656,1,0.144387558,1,-0.487218499,1,0.250418484,1,0.187899664,0,-0.646576703,0,-0.040540896,0
31.0678978,-5.571827412,1,-2.652349234,1,-8.006285667,1,0.137073964,1,-0.501132727,1,0.256921053,1,0.187980056,0,-0.64871335,0,-0.039747808,0
31.0718956,-5.439509869,1,-2.805308342,1,-7.992191792,1,0.128384605,1,-0.516251683,1,0.274432898,1,0.188000858,0,-0.650903463,0,-0.03890327,0
31.07589531,-5.376612663,1,-2.85165,1,-8.013506889,1,0.119059332,1,-0.536397934,1,0.293502629,1,0.187937558,0,-0.653182268,0,-0.037995879,0
31.07989693,-5.424610138,1,-2.869144201,1,-8.077669144,1,0.119713254,1,-0.560874104,1,0.312531948,1,0.187826335,0,-0.65556109,0,-0.037023902,0
31.08389664,-5.320223331,1,-2.945049763,1,-8.099572182,1,0.121569186,1,-0.583159387,1,0.333955228,1,0.187643424,0,-0.658052802,0,-0.035956465,0
31.08789444,-5.321409225,1,-2.913722277,1,-8.178117752,1,0.117606953,1,-0.614112258,1,0.356336117,1,0.187419355,0,-0.660668731,0,-0.034803484,0
31.09189606,-5.286425114,1,-2.873844862,1,-8.111392975,1,0.120208301,1,-0.649809122,1,0.383984447,1,0.187116385,0,-0.663428605,0,-0.033551671,0
31.09589386,-5.321092129,1,-2.799802303,1,-8.06900692,1,0.123029314,1,-0.674426734,1,0.408210635,1,0.186761037,0,-0.666316032,0,-0.032194957,0
31.09989548,-5.361588001,1,-2.75047493,1,-7.967059135,1,0.117762528,1,-0.704390705,1,0.428043306,1,0.186343253,0,-0.66934073,0,-0.030757373,0
31.1038971,-5.356158733,1,-2.664566755,1,-7.917405605,1,0.113055423,1,-0.731474757,1,0.440380871,1,0.185874924,0,-0.672486424,0,-0.029261257,0
31.1078949,-5.393334389,1,-2.524172068,1,-7.885962486,1,0.109344095,1,-0.758854687,1,0.449747741,1,0.185358718,0,-0.67574501,0,-0.027719812,0
31.11189461,-5.490381241,1,-2.498624802,1,-7.967887878,1,0.100481421,1,-0.780923903,1,0.449463904,1,0.184817761,0,-0.679096937,0,-0.026178321,0
31.11589623,-5.393968105,1,-2.547191858,1,-8.026785851,1,0.082429804,1,-0.808854759,1,0.452675879,1,0.184216827,0,-0.682560384,0,-0.024646617,0
31.11989403,-5.517700195,1,-2.654648542,1,-8.163747787,1,0.055077355,1,-0.843367279,1,0.449151874,1,0.183541059,0,-0.686136365,0,-0.023139449,0
31.12389374,-5.457332134,1,-2.698884487,1,-8.223516464,1,0.009656788,1,-0.873990417,1,0.442906439,1,0.182735249,0,-0.689831913,0,-0.021676056,0
31.12789536,-5.511394501,1,-2.817691088,1,-8.312875748,1,-0.018047359,1,-0.915175617,1,0.453371525,1,0.181786031,0,-0.693676591,0,-0.020229449,0
31.13189316,-5.560200691,1,-3.094284534,1,-8.409053802,1,-0.046277098,1,-0.959181666,1,0.46878159,1,0.180702433,0,-0.697689474,0,-0.018756883,0
31.13589287,-5.581971169,1,-3.47250247,1,-8.484670639,1,-0.088706881,1,-1.004702687,1,0.495085657,1,0.179431558,0,-0.701897442,0,-0.017207434,0
31.13989449,-5.384226322,1,-3.541853666,1,-8.583934784,1,-0.12706922,1,-1.061023593,1,0.522655547,1,0.177909255,0,-0.70631963,0,-0.015531376,0
31.14389229,-5.476354599,1,-3.479946375,1,-8.845329285,1,-0.153676555,1,-1.118999362,1,0.555513203,1,0.176171362,0,-0.710996151,0,-0.013745323,0
31.147892,-5.183656216,1,-3.401707649,1,-8.747425079,1,-0.179568216,1,-1.18562448,1,0.594075918,1,0.174242377,0,-0.715935767,0,-0.011817759,0
31.15189362,-5.299921036,1,-3.349836349,1,-8.890265465,1,-0.201777428,1,-1.264930129,1,0.623288155,1,0.172121748,0,-0.721183777,0,-0.009753913,0
31.15589142,-5.429606438,1,-3.276462078,1,-8.961713791,1,-0.237085506,1,-1.339495301,1,0.658763468,1,0.169813618,0,-0.726758957,0,-0.007575613,0
31.15989113,-5.445253372,1,-3.201668978,1,-8.928502083,1,-0.28400436,1,-1.420451283,1,0.688339174,1,0.167220607,0,-0.732646108,0,-0.005244466,0
31.16389465,-5.269402027,1,-2.876153231,1,-9.006804466,1,-0.312662214,1,-1.51067555,1,0.717182577,1,0.164392129,0,-0.738890767,0,-0.00280973,0
31.16789055,-5.378371239,1,-2.601191998,1,-9.183349609,1,-0.330989927,1,-1.594777465,1,0.735927284,1,0.161396712,0,-0.74549365,0,-0.000284515,0
31.17189026,-5.772503853,1,-2.931622982,1,-10.05858326,1,-0.384254932,1,-1.627736807,1,0.754647732,1,0.158239424,0,-0.752385259,0,0.002320818,0
31.17589378,-0.250827312,1,0.8748492,1,-7.209644794,1,-0.140064344,1,-1.96333003,1,0.777603447,1,0.155015305,0,-0.759365022,0,0.00502082,0
31.17989159,-9.99029541,1,0.529306471,1,-10.81198692,1,-0.190316245,1,-1.834634423,1,0.822725058,1,0.152525574,0,-0.767501235,0,0.007627996,0
31.18389702,-4.755021572,1,-6.430832386,1,-7.893163204,1,-0.329360694,1,-2.011344194,1,0.820759356,1,0.149508923,0,-0.775569856,0,0.010606398,0
31.18789864,-4.759489059,1,-5.363695621,1,-10.20001698,1,-0.463648051,1,-2.159594059,1,0.778516412,1,0.145974562,0,-0.78431797,0,0.013264692,0
31.19189644,-3.904542208,1,-0.989034116,1,-9.877227783,1,-0.431030154,1,-2.293450832,1,0.932108343,1,0.142047331,0,-0.793612003,0,0.016258394,0
31.19589615,-5.092303753,1,-2.70750308,1,-9.940140724,1,-0.361374497,1,-2.443538904,1,0.991653264,1,0.137860239,0,-0.802257478,0,0.031728633,0
31.19989777,-5.355889797,1,-3.613996506,1,-10.11374855,1,-0.368694216,1,-2.596465111,1,1.011945486,1,0.133699968,0,-0.812767029,0,0.035484228,0
31.20389557,-5.176462173,1,-3.095128775,1,-10.43750668,1,-0.405993164,1,-2.760099888,1,1.079738975,1,0.129204214,0,-0.823937297,0,0.039498273,0
31.20789528,-4.763307571,1,-3.364958286,1,-10.67331219,1,-0.434169173,1,-2.934242249,1,1.143587232,1,0.124291278,0,-0.835791111,0,0.043908671,0
31.2118969,-4.559066772,1,-3.261680365,1,-11.00463009,1,-0.43350932,1,-3.143162966,1,1.216977835,1,0.118944578,0,-0.848435044,0,0.048741516,0
31.2158947,-4.522039413,1,-3.374049902,1,-11.14662838,1,-0.418572426,1,-3.386700153,1,1.300122142,1,0.113222271,0,-0.861985326,0,0.054061111,0
31.21989441,-4.272649765,1,-4.238262177,1,-11.45938873,1,-0.405154586,1,-3.616143703,1,1.394586802,1,0.107072532,0,-0.876487792,0,0.059972972,0
31.22389603,-4.188333511,1,-5.150838375,1,-11.7721405,1,-0.413800806,1,-3.903403997,1,1.533390641,1,0.100246891,0,-0.89204067,0,0.0666821,0
31.22789383,-4.056848049,1,-5.878228188,1,-11.9294405,1,-0.437294036,1,-4.193578243,1,1.703348994,1,0.092384785,0,-0.908769548,0,0.074527279,0
31.23189354,-4.584378242,1,-6.819133282,1,-12.74063873,1,-0.48446548,1,-4.487328529,1,1.871642709,1,0.083211906,0,-0.926712155,0,0.083756231,0
31.23589516,-4.412965775,1,-7.346877098,1,-12.66427422,1,-0.519424915,1,-4.79417944,1,2.098611832,1,0.072467186,0,-0.945817292,0,0.094625048,0
31.23989296,-5.11544466,1,-9.218504906,1,-13.17110825,1,-0.630280614,1,-5.10319376,1,2.357114792,1,0.059409611,0,-0.966189146,0,0.107801571,0
31.24389267,-5.192773342,1,-10.06350899,1,-12.68444633,1,-0.721210063,1,-5.344839573,1,2.60428071,1,0.043632105,0,-0.987552404,0,0.123581998,0
31.24789429,-4.988265991,1,-12.42007446,1,-12.68228054,1,-0.903142154,1,-5.636381626,1,2.896355867,1,0.024491103,0,-1.009882927,0,0.142518833,0
31.25189209,-5.089229107,1,-12.3334198,1,-11.08514118,1,-1.039327741,1,-5.885383129,1,3.230143309,1,0.001237445,0,-1.033008933,0,0.165204659,0
31.2558918,-7.175752163,1,-14.3395052,1,-11.87511158,1,-1.241894364,1,-6.071949005,1,3.554940462,1,-0.027429376,0,-1.056809902,0,0.192999378,0
31.25989342,-9.650588989,1,-13.16026402,1,-12.822299,1,-1.373381853,1,-6.150831699,1,3.857576132,1,-0.061558638,0,-1.080585837,0,0.225973561,0
31.26389122,-10.18431377,1,-11.91093159,1,-13.33209038,1,-1.45549953,1,-6.185728073,1,4.117058277,1,-0.101767503,0,-1.103861213,0,0.264878482,0
31.26789093,-10.41247654,1,-9.177483559,1,-13.90602779,1,-1.477108598,1,-6.316215038,1,4.300985336,1,-0.148177713,0,-1.126571774,0,0.309997499,0
31.27189255,-14.07546616,1,-6.572084427,1,-14.81763458,1,-1.423608541,1,-6.376928806,1,4.432878971,1,-0.200740099,0,-1.148583055,0,0.361502141,0
31.27589035,-15.755723,1,-5.029121876,1,-14.62427807,1,-1.357897758,1,-6.327699661,1,4.592790604,1,-0.259822458,0,-1.169189811,0,0.419897586,0
31.27989006,-16.07841492,1,-4.467579365,1,-14.47257328,1,-1.256435513,1,-6.335799217,1,4.672687054,1,-0.325723708,0,-1.188099504,0,0.485528648,0
31.28389168,-18.29060173,1,-3.002571106,1,-14.65256119,1,-1.015136957,1,-6.259943962,1,4.644418716,1,-0.39751178,0,-1.205098152,0,0.557707906,0
31.28788948,-19.08014107,1,-4.62041235,1,-13.38754749,1,-0.721954823,1,-6.1378479,1,4.634279251,1,-0.473792851,0,-1.219773769,0,0.635475695,0
31.29188919,-19.66893768,1,-5.073973656,1,-14.40771866,1,-0.556692362,1,-6.015962601,1,4.639250278,1,-0.554782569,0,-1.23179996,0,0.718797684,0
31.29589081,-21.92703819,1,-4.981973648,1,-14.91903591,1,-0.33724156,1,-5.755268097,1,4.543111801,1,-0.638330638,0,-1.240987062,0,0.80533278,0
31.29988861,-19.98689651,1,-7.013671398,1,-13.32884789,1,-0.189494088,1,-5.534003258,1,4.610351086,1,-0.723035455,0,-1.247013211,0,0.89369905,0
31.30389595,-19.30173302,1,-9.063349724,1,-12.2838068,1,-0.323270947,1,-5.417457104,1,4.857406139,1,-0.810269117,0,-1.249638438,0,0.984679222,0
31.30789757,-19.02863693,1,-8.203686714,1,-11.90751743,1,-0.578758597,1,-5.387318611,1,4.91993618,1,-0.89984858,0,-1.24902761,0,1.077167511,0
31.31189537,-19.37335968,1,-7.675273895,1,-11.14036942,1,-0.59963268,1,-5.242813587,1,4.833302498,1,-0.98774451,0,-1.245729804,0,1.167301178,0
31.31589508,-16.99260139,1,-6.533167839,1,-8.877638817,1,-0.668702602,1,-4.987632751,1,4.90254879,1,-1.071272731,0,-1.239598036,0,1.252920747,0
31.3198967,-13.55827427,1,-4.860398293,1,-8.335999489,1,-0.798539758,1,-4.65764761,1,4.83983326,1,-1.148813009,0,-1.230705857,0,1.331889629,0
31.3238945,-7.908411026,1,-3.41582942,1,-8.205163956,1,-0.829204679,1,-4.160779476,1,4.674796581,1,-1.217511177,0,-1.219741702,0,1.401414514,0
31.32789421,-6.59937191,1,-3.605787516,1,-8.20836544,1,-0.775279522,1,-3.806305647,1,4.538897991,1,-1.27669847,0,-1.207347631,0,1.461149931,0
31.33189583,-11.7372427,1,-3.248478174,1,-10.50488472,1,-0.647901237,1,-3.561730385,1,4.344082355,1,-1.328424215,0,-1.194062352,0,1.513530016,0
31.33589554,-15.33573723,1,-3.452591658,1,-11.1415062,1,-0.349287778,1,-3.18461585,1,4.013148785,1,-1.372184753,0,-1.180702686,0,1.55854547,0
31.33989334,-16.6525631,1,-1.502368927,1,-10.54086304,1,-0.076440699,1,-2.88317585,1,3.658941269,1,-1.408042312,0,-1.167735457,0,1.59645462,0
31.34389687,-27.62448883,1,0.780545831,1,-13.44863319,1,0.474634618,1,-2.565080404,1,3.200167179,1,-1.43717885,0,-1.155783415,0,1.629045248,0
31.34789467,-25.03456306,1,-3.104038,1,-15.23936176,1,0.698798776,1,-1.619793534,1,2.73170042,1,-1.456646204,0,-1.145071745,0,1.653074622,0
31.35189438,-13.14305687,1,-6.537392616,1,-13.4809761,1,0.713321149,1,-0.911991537,1,2.355621099,1,-1.466976762,0,-1.135501027,0,1.667562842,0
31.355896,-6.17603159,1,-9.168951035,1,-11.0490551,1,0.717604756,1,-0.550311506,1,1.947910428,1,-1.472029328,0,-1.127231836,0,1.676283956,0
31.3598938,-5.780597687,1,-9.846138,1,-9.800792694,1,0.773764849,1,-0.370285004,1,1.586254358,1,-1.474273086,0,-1.120390654,0,1.682086349,0
31.36389351,-7.593291759,1,-9.606183052,1,-9.688914299,1,0.695496261,1,-0.189898178,1,1.319527507,1,-1.474737525,0,-1.114744425,0,1.685921431,0
31.36789513,-7.51754427,1,-9.349369049,1,-9.973497391,1,0.482723415,1,0.0693736,1,1.087628007,1,-1.473823071,0,-1.109972954,0,1.6875453,0
31.37189293,-4.688326836,1,-9.14566803,1,-9.141780853,1,0.280496806,1,0.288140118,1,0.848213792,1,-1.471574664,0,-1.106042266,0,1.686728001,0
31.37589264,-2.138480425,1,-8.672296524,1,-7.905695915,1,0.166322023,1,0.398710638,1,0.603200078,1,-1.468535781,0,-1.103010893,0,1.684286475,0
31.37989426,-0.894398391,1,-7.814837456,1,-7.176025391,1,0.126384631,1,0.474051714,1,0.388671875,1,-1.464923024,0,-1.100869298,0,1.680885911,0
31.38389206,-0.121352158,1,-6.98699522,1,-6.879580498,1,0.110879585,1,0.554644644,1,0.192102462,1,-1.460685968,0,-1.099494576,0,1.676652908,0
31.38789177,0.71310091,1,-6.25592804,1,-6.765957832,1,0.113179132,1,0.631474972,1,0.013689725,1,-1.455725312,0,-1.098820567,0,1.671566606,0
31.39189339,1.387702107,1,-5.721306324,1,-6.56928587,1,0.14921619,1,0.682256043,1,-0.154811144,1,-1.450003266,0,-1.098792553,0,1.66572392,0
31.39589119,1.816994905,1,-5.33894062,1,-6.404434681,1,0.21972993,1,0.721669197,1,-0.31856963,1,-1.443575501,0,-1.099389315,0,1.659329057,0
31.3998909,2.116039991,1,-5.092778683,1,-6.270517826,1,0.30559808,1,0.764776766,1,-0.470067143,1,-1.436340094,0,-1.100572824,0,1.652392387,0
31.40389252,2.503592968,1,-4.81674242,1,-6.13420248,1,0.388422966,1,0.803468347,1,-0.618748605,1,-1.428242683,0,-1.102298498,0,1.644863844,0
31.40789032,2.671427965,1,-4.665851116,1,-6.121780872,1,0.475831538,1,0.868766725,1,-0.748231351,1,-1.419146895,0,-1.104504585,0,1.63661921,0
31.41189003,2.572472811,1,-4.7575984,1,-6.082194805,1,0.552044749,1,0.941362977,1,-0.868341208,1,-1.408974409,0,-1.107127547,0,1.627538443,0
31.41589165,2.330367327,1,-4.856183052,1,-6.071816921,1,0.601780474,1,1.033552647,1,-0.983124614,1,-1.397603989,0,-1.110121727,0,1.617421746,0
31.41988945,2.057490826,1,-4.958895206,1,-6.096301556,1,0.636033654,1,1.148293495,1,-1.09152174,1,-1.384942889,0,-1.113424182,0,1.606072664,0
31.42389488,1.836692095,1,-4.962014675,1,-6.130593777,1,0.649898529,1,1.277637005,1,-1.186778188,1,-1.370869875,0,-1.116976738,0,1.593262553,0
31.42790031,1.655678272,1,-4.9193573,1,-6.214795113,1,0.651380837,1,1.426224947,1,-1.292405248,1,-1.355242372,0,-1.120726824,0,1.578793645,0
31.43189621,1.428752303,1,-4.762932301,1,-6.28895998,1,0.651132822,1,1.58573544,1,-1.385495663,1,-1.337943196,0,-1.124609113,0,1.562486768,0
31.43589592,1.366992831,1,-4.502567291,1,-6.360056877,1,0.648700416,1,1.747098684,1,-1.476029038,1,-1.318857431,0,-1.128567934,0,1.544230819,0
31.43989945,1.180454135,1,-4.156432152,1,-6.462406635,1,0.654075563,1,1.918180227,1,-1.568991184,1,-1.297896504,0,-1.13255322,0,1.523934841,0
31.44389725,1.097929358,1,-3.740088463,1,-6.577631474,1,0.674859047,1,2.075615168,1,-1.66230917,1,-1.274937749,0,-1.136518359,0,1.501533747,0
31.44789696,0.972550511,1,-3.304288387,1,-6.735599518,1,0.714851141,1,2.232505083,1,-1.753986478,1,-1.24451077,0,-1.140711546,0,1.488976598,0
31.45189858,0.85319066,1,-2.908290863,1,-6.805960655,1,0.770747662,1,2.388826132,1,-1.851688385,1,-1.217187881,0,-1.144428968,0,1.462198019,0
31.45589638,0.745571375,1,-2.61667037,1,-6.867862225,1,0.833381355,1,2.533579588,1,-1.940490007,1,-1.187614322,0,-1.147958159,0,1.433265209,0
31.45989609,0.423463017,1,-2.391881227,1,-6.987854004,1,0.907778859,1,2.673623562,1,-2.022740126,1,-1.155841231,0,-1.151212096,0,1.40226531,0
31.46389771,0.095049284,1,-2.262448072,1,-7.059755802,1,0.980135977,1,2.818753004,1,-2.103341579,1,-1.121818542,0,-1.154114246,0,1.369167805,0
31.46789551,-0.143945083,1,-2.184113503,1,-7.134309769,1,1.047033787,1,2.953834534,1,-2.184988976,1,-1.085635066,0,-1.156578541,0,1.334055066,0
31.47189522,-0.511293054,1,-2.230633736,1,-7.178729057,1,1.109628677,1,3.088769913,1,-2.253189564,1,-1.047382712,0,-1.158518195,0,1.297008634,0
31.47589684,-0.987588048,1,-2.207562685,1,-7.276195049,1,1.167376876,1,3.223881245,1,-2.327109575,1,-1.007219315,0,-1.159833789,0,1.258155584,0
31.47989464,-1.512081623,1,-2.238593578,1,-7.373640537,1,1.210355997,1,3.373478651,1,-2.381988287,1,-0.965257347,0,-1.160411119,0,1.217574954,0
31.48389435,-2.072972059,1,-2.242989779,1,-7.502835274,1,1.249230981,1,3.523683071,1,-2.445039988,1,-0.921663344,0,-1.160134792,0,1.175396442,0
31.48789597,-2.492768526,1,-2.190765619,1,-7.626756191,1,1.280717492,1,3.683474064,1,-2.503590107,1,-0.876623869,0,-1.158908367,0,1.131786466,0
31.49189377,-2.921773672,1,-2.106411457,1,-7.711985111,1,1.313354969,1,3.837453604,1,-2.561092377,1,-0.830373108,0,-1.156654954,0,1.086967111,0
31.49589348,-3.317573547,1,-1.975752115,1,-7.914029598,1,1.354462743,1,3.999765396,1,-2.621298313,1,-0.783150673,0,-1.153297663,0,1.041182876,0
31.4998951,-3.712272167,1,-1.823193908,1,-8.143110275,1,1.395217776,1,4.160476685,1,-2.679211378,1,-0.735237658,0,-1.148743868,0,0.994742513,0
31.5038929,-3.934036732,1,-1.619343996,1,-8.31316185,1,1.441353798,1,4.319872379,1,-2.732699394,1,-0.686964989,0,-1.142960906,0,0.947990239,0
31.50789261,-4.115747452,1,-1.375727415,1,-8.394675255,1,1.498050809,1,4.465525627,1,-2.779620171,1,-0.638717532,0,-1.13589561,0,0.901352227,0
31.51189423,-4.306488037,1,-1.145150542,1,-8.538367271,1,1.560089469,1,4.603699207,1,-2.81812644,1,-0.590850353,0,-1.127547264,0,0.855228126,0
31.51589203,-4.407662868,1,-1.02568531,1,-8.642993927,1,1.628573775,1,4.725528717,1,-2.853536606,1,-0.543691754,0,-1.117890477,0,0.809978306,0
31.51989174,-4.555301189,1,-0.907417476,1,-8.583418846,1,1.705244303,1,4.847755432,1,-2.866910458,1,-0.497597992,0,-1.106961012,0,0.766019583,0
31.52389336,-4.662350178,1,-0.75160104,1,-8.611232758,1,1.785396576,1,4.950963974,1,-2.875511169,1,-0.45283851,0,-1.094788432,0,0.723651171,0
31.52789116,-4.792706966,1,-0.611413658,1,-8.632411003,1,1.870967984,1,5.046574116,1,-2.866181135,1,-0.409651101,0,-1.08142662,0,0.683151007,0
31.53189087,-4.858256817,1,-0.536270499,1,-8.601737022,1,1.95254159,1,5.131974697,1,-2.844832182,1,-0.368247449,0,-1.066922545,0,0.644757152,0
31.53589249,-4.933879375,1,-0.547614694,1,-8.527540207,1,2.040694475,1,5.194158077,1,-2.808572292,1,-0.328760803,0,-1.051366925,0,0.608622611,0
31.53989029,-4.979139328,1,-0.575860441,1,-8.505831718,1,2.120852709,1,5.258614063,1,-2.762693882,1,-0.291273236,0,-1.034850836,0,0.574864447,0
31.54389572,-5.113079548,1,-0.702108264,1,-8.531879425,1,2.198123217,1,5.309755802,1,-2.702042103,1,-0.255827308,0,-1.017448187,0,0.543523788,0
31.54789734,-5.191888332,1,-0.856981993,1,-8.537683487,1,2.256577969,1,5.359099388,1,-2.636972904,1,-0.222451374,0,-0.999243736,0,0.514589131,0
31.55189514,-5.078459263,1,-0.975035071,1,-8.578211784,1,2.315172672,1,5.39503336,1,-2.560199022,1,-0.191098511,0,-0.980327249,0,0.488022089,0
31.55589485,-5.26520586,1,-1.054406524,1,-8.747443199,1,2.364057064,1,5.412136078,1,-2.481583357,1,-0.161702678,0,-0.960818827,0,0.46373561,0
31.55989647,-5.496881962,1,-1.198580146,1,-8.920723915,1,2.41008091,1,5.431612492,1,-2.40790391,1,-0.134115949,0,-0.940796554,0,0.441581309,0
31.56389427,-5.885084152,1,-1.273318291,1,-9.125019073,1,2.452902079,1,5.460487366,1,-2.343924046,1,-0.108178638,0,-0.920330763,0,0.421372443,0
31.56789398,-6.22205162,1,-1.545297146,1,-9.385574341,1,2.504356623,1,5.471894264,1,-2.289849281,1,-0.083708085,0,-0.899457097,0,0.402941227,0
31.5718956,-6.590883732,1,-1.681846261,1,-9.661735535,1,2.553248167,1,5.483798027,1,-2.253810644,1,-0.060472313,0,-0.878253043,0,0.386045903,0
31.5758934,-7.050003529,1,-1.828971744,1,-9.90260601,1,2.601916313,1,5.491476536,1,-2.237277269,1,-0.038302828,0,-0.856764734,0,0.370503008,0
31.57989311,-7.372062206,1,-1.961570621,1,-10.27957058,1,2.650886059,1,5.501992226,1,-2.248753309,1,-0.016990677,0,-0.835033298,0,0.356075764,0
31.58389473,-7.6457057,1,-2.04185605,1,-10.56520367,1,2.71271944,1,5.498206615,1,-2.271760941,1,0.003649694,0,-0.813086569,0,0.342571378,0
31.58789253,-7.805832386,1,-2.233687639,1,-11.01448727,1,2.783291101,1,5.484692574,1,-2.319357872,1,0.023810567,0,-0.790992022,0,0.329809666,0
31.59189224,-8.097105026,1,-2.32687211,1,-11.58419323,1,2.861638308,1,5.44837141,1,-2.372416019,1,0.043639604,0,-0.768834829,0,0.317660511,0
31.59589386,-8.756731987,1,-2.394833803,1,-12.13692474,1,2.9465096,1,5.414893627,1,-2.446834564,1,0.063246556,0,-0.746615648,0,0.306023508,0
31.59989548,-10.37954235,1,-2.718736172,1,-12.16304207,1,3.041752815,1,5.457090378,1,-2.653206825,1,0.08293476,0,-0.724222124,0,0.294431388,0
31.60389137,-9.41608429,1,-1.64929986,1,-12.35277271,1,3.191516161,1,5.344285965,1,-2.690316916,1,0.102848038,0,-0.701702118,0,0.283054173,0
31.6078949,-11.56447029,1,-1.917509079,1,-13.43062305,1,3.342753172,1,5.264979839,1,-2.80099082,1,0.122962616,0,-0.679432988,0,0.272003293,0
31.61189079,-13.12452316,1,-2.912706137,1,-13.96493435,1,3.434325218,1,5.258656979,1,-2.956283808,1,0.143335059,0,-0.657046556,0,0.261036754,0
31.61589432,-13.99975204,1,-3.354297638,1,-14.30534172,1,3.480253696,1,5.241427422,1,-3.13997221,1,0.163825899,0,-0.634426594,0,0.249984786,0
31.61989594,-15.20373344,1,-3.552867889,1,-14.76998234,1,3.512706518,1,5.214924335,1,-3.330344915,1,0.184369162,0,-0.611592174,0,0.238757819,0
31.62389374,-16.78621674,1,-3.6727705,1,-15.19776726,1,3.520982981,1,5.184850216,1,-3.52464509,1,0.204894841,0,-0.588537753,0,0.22733897,0
31.62789154,-18.49365425,1,-3.818712473,1,-15.69411469,1,3.495401859,1,5.158123016,1,-3.733966351,1,0.225288987,0,-0.565234721,0,0.21569398,0
31.63189316,-20.13373184,1,-3.642273664,1,-16.10183144,1,3.452515841,1,5.131941795,1,-3.957211971,1,0.245469943,0,-0.541625679,0,0.20375672,0
31.63589096,-21.71135712,1,-2.853047848,1,-16.56987762,1,3.386105537,1,5.078536034,1,-4.211399078,1,0.265379667,0,-0.517736614,0,0.191415057,0
31.63989258,-23.41053391,1,-1.287808418,1,-16.90533257,1,3.322493076,1,4.993093967,1,-4.473529339,1,0.285016954,0,-0.493620068,0,0.178574741,0
31.6438942,-25.20355797,1,1.480247974,1,-17.29459572,1,3.287414312,1,4.885585308,1,-4.733633518,1,0.304446369,0,-0.469367892,0,0.165167555,0
31.647892,-27.23001289,1,4.475073814,1,-16.60429382,1,3.329417706,1,4.77600956,1,-4.954956055,1,0.323810399,0,-0.44498834,0,0.151240751,0
31.65189171,-29.22818756,1,6.841670513,1,-14.93286514,1,3.451561689,1,4.664884567,1,-5.108503819,1,0.343281686,0,-0.420571536,0,0.137090087,0
31.65589333,-31.74332428,1,7.637161732,1,-12.86532211,1,3.586489439,1,4.621732712,1,-5.203314304,1,0.362975895,0,-0.396021962,0,0.122992292,0
31.65989113,-33.52669144,1,6.832436562,1,-10.23754311,1,3.610225677,1,4.603102207,1,-5.218390942,1,0.382542074,0,-0.371232927,0,0.109286524,0
31.66389656,-34.18003464,1,6.055389881,1,-7.546638012,1,3.487215996,1,4.53249836,1,-5.105834961,1,0.401326537,0,-0.34642303,0,0.096338026,0
31.66789818,-33.92094803,1,5.259266853,1,-5.031078339,1,3.261164665,1,4.365971565,1,-4.830662727,1,0.418726712,0,-0.322143018,0,0.084526703,0
31.67189598,-33.5308876,1,5.177436829,1,-2.698528528,1,2.936970711,1,4.110902309,1,-4.454954147,1,0.434326679,0,-0.299000114,0,0.074116282,0
31.67589569,-32.54670334,1,6.210966587,1,-0.475209147,1,2.572630882,1,3.76822257,1,-4.006965637,1,0.447886258,0,-0.27749446,0,0.065174446,0
31.67989731,-31.35764503,1,8.648737907,1,1.710899353,1,2.250316381,1,3.344395638,1,-3.5424366,1,0.459513545,0,-0.258080721,0,0.057591844,0
31.68389511,-30.29029274,1,12.15881348,1,3.691634417,1,2.058217049,1,2.838057518,1,-3.082213879,1,0.469705373,0,-0.241075501,0,0.051108517,0
31.68789482,-30.31256676,1,15.65216064,1,5.488534451,1,1.995178461,1,2.306542158,1,-2.657811403,1,0.479098529,0,-0.226685926,0,0.045461867,0
31.69189644,-31.08887482,1,18.3408432,1,6.759455204,1,2.048440695,1,1.797201633,1,-2.276269674,1,0.488271803,0,-0.214843988,0,0.040427949,0
31.69589424,-31.73098564,1,19.88815498,1,7.287398815,1,2.164980173,1,1.308386922,1,-1.930941105,1,0.50169313,0,-0.205840632,0,0.042757098,0
31.69989395,-31.98839951,1,20.71547318,1,7.559542179,1,2.278706074,1,0.825416505,1,-1.654731512,1,0.511446118,0,-0.198645443,0,0.038475137,0
31.70389557,-32.2178421,1,20.48479462,1,7.443978786,1,2.312912941,1,0.377880663,1,-1.436146617,1,0.521491647,0,-0.193508461,0,0.034216758,0
31.70789337,-32.03249359,1,19.78935814,1,6.864560604,1,2.231042385,1,-0.058309756,1,-1.287543654,1,0.531461298,0,-0.190236762,0,0.029752456,0
31.71189308,-32.00674438,1,18.15618134,1,6.250810146,1,2.002604723,1,-0.449535459,1,-1.20128572,1,0.540887415,0,-0.188584775,0,0.024868483,0
31.7158947,-31.72822189,1,15.48094368,1,5.562886715,1,1.586655378,1,-0.787169695,1,-1.120484114,1,0.549120009,0,-0.188293502,0,0.019526472,0
31.7198925,-31.08801651,1,12.56715488,1,4.853138447,1,1.023388743,1,-1.099075198,1,-1.040935993,1,0.55546391,0,-0.189242467,0,0.013752864,0
31.72389221,-30.11944008,1,9.798971176,1,4.152796268,1,0.348071903,1,-1.382569432,1,-0.93488282,1,0.559382379,0,-0.191356719,0,0.007654145,0
31.72789383,-11.21844292,1,-17.69466019,1,-5.150034904,1,-1.739092946,1,-1.893497467,1,-0.634973168,1,0.558845997,0,-0.195125684,0,0.001410359,0
31.73189163,-21.26119995,1,-1.226498485,1,0.763383508,1,-3.472485304,1,-2.955269575,1,0.250810683,1,0.548007071,0,-0.202543825,0,-0.004676722,0
31.73589134,-14.46069908,1,10.00029564,1,-5.136473179,1,-2.878214836,1,-2.732382536,1,0.685490012,1,0.536541224,0,-0.213984326,0,-0.008835847,0
31.73989296,5.308142662,1,-1.364495397,1,-11.02538681,1,-3.268948555,1,-2.408825636,1,0.54393959,1,0.524858892,0,-0.223863527,0,-0.01203961,0
31.74389076,8.344258308,1,-14.31784248,1,-18.7492981,1,-2.861670732,1,-2.19997406,1,0.897836983,1,0.513055563,0,-0.233280346,0,-0.014291955,0
31.74789047,3.747068882,1,-25.3253212,1,-22.04610825,1,-3.142237902,1,-1.922006488,1,1.29312396,1,0.501136661,0,-0.242689356,0,-0.014441762,0
31.75189209,11.63936806,1,-31.11195755,1,-22.87984085,1,-3.488338947,1,-1.289220214,1,1.644878745,1,0.487346321,0,-0.251052171,0,-0.012294406,0
31.75588989,18.17920685,1,-31.08483124,1,-17.15854645,1,-4.056168556,1,-1.453417897,1,2.045982838,1,0.471227884,0,-0.259166092,0,-0.007935682,0
31.7598896,14.95987797,1,-18.82050133,1,-10.83962631,1,-4.420670509,1,-1.900362492,1,2.261049509,1,0.453009546,0,-0.269007981,0,-0.003035267,0
31.76389313,9.689682961,1,-3.924336672,1,-6.713338375,1,-4.635363579,1,-2.324961901,1,2.521459818,1,0.433392376,0,-0.280835807,0,0.002143405,0
31.76788902,4.950534344,1,8.341164589,1,-7.16237402,1,-4.511582851,1,-2.925384283,1,2.856077909,1,0.413452029,0,-0.294790149,0,0.007897769,0
31.77188873,4.351869106,1,16.42053795,1,-9.304942131,1,-3.991264582,1,-3.581586838,1,3.071803093,1,0.394617975,0,-0.311389327,0,0.013959934,0
31.77589226,-4.675143719,1,14.39112759,1,-8.626069069,1,-3.941003323,1,-4.178697586,1,3.179274082,1,0.37683174,0,-0.330552816,0,0.02003609,0
31.77989006,-8.480901718,1,14.38547134,1,-13.08564568,1,-3.444567919,1,-4.36681509,1,3.034533024,1,0.360047519,0,-0.351061344,0,0.025857491,0
31.78389549,-19.68718719,1,15.40566635,1,-18.53913879,1,-3.035514593,1,-4.291790009,1,2.686591148,1,0.345277667,0,-0.3713727,0,0.030893182,0
31.78789711,-26.43439293,1,16.55179024,1,-22.16866684,1,-2.634483099,1,-3.763237715,1,2.348288059,1,0.332302392,0,-0.389966726,0,0.035303541,0
31.79189491,-28.98528671,1,15.89000893,1,-21.47101021,1,-2.015544415,1,-3.258436918,1,2.140917301,1,0.32136628,0,-0.40608266,0,0.039644826,0
31.79589462,-27.555439,1,10.16167068,1,-18.27359009,1,-1.458745003,1,-2.761345863,1,1.83510232,1,0.31269902,0,-0.420065224,0,0.04380694,0
31.79989624,-21.58670044,1,4.327358723,1,-15.2186842,1,-1.028751731,1,-2.42160964,1,1.646347523,1,0.306218088,0,-0.431952298,0,0.047609303,0
31.80389404,-18.9010849,1,0.510687172,1,-12.93502426,1,-0.810427666,1,-2.253326654,1,1.500960231,1,0.301134765,0,-0.442775249,0,0.051173385,0
31.80789375,-9.951288223,1,-5.991400242,1,-11.07083416,1,-0.797610223,1,-1.935676455,1,1.177747846,1,0.296657026,0,-0.45233801,0,0.054083321,0
31.81189537,-7.861059666,1,-5.242803574,1,-9.745698929,1,-0.935346067,1,-1.91577363,1,1.12702632,1,0.292134523,0,-0.460968733,0,0.05650292,0
31.81589317,-11.96516323,1,-6.056220531,1,-9.785626411,1,-1.012656569,1,-1.812429309,1,1.031159759,1,0.287179768,0,-0.469415963,0,0.058759294,0
31.81989288,-12.18608665,1,-3.864141464,1,-11.3348875,1,-1.04685998,1,-1.488801599,1,0.983456433,1,0.282120824,0,-0.476919562,0,0.060969464,0
31.8238945,-12.36524391,1,-2.406338215,1,-11.74406147,1,-0.992000222,1,-1.118529439,1,0.818419635,1,0.276906848,0,-0.482953161,0,0.063282952,0
31.8278923,-10.75966644,1,0.479048401,1,-10.64127159,1,-0.996478915,1,-0.736925304,1,0.752742231,1,0.27188018,0,-0.487297654,0,0.065563999,0
31.83189201,-10.99905682,1,0.856811106,1,-9.313540459,1,-0.87452358,1,-0.547847569,1,0.73541373,1,0.266951263,0,-0.490586549,0,0.068035059,0
31.83589363,-9.787804604,1,0.026241232,1,-9.312194824,1,-0.768632293,1,-0.385110229,1,0.691237628,1,0.262453824,0,-0.493119806,0,0.070650704,0
31.83989143,-9.812308311,1,-2.263631821,1,-9.128964424,1,-0.691133916,1,-0.190482616,1,0.570786059,1,0.258390248,0,-0.494880199,0,0.07306958,0
31.84389114,-7.824531555,1,-3.393713236,1,-8.825834274,1,-0.665733278,1,-0.099302076,1,0.503947914,1,0.254652053,0,-0.49595058,0,0.075269714,0
31.84789276,-7.167674065,1,-4.740244865,1,-8.426294327,1,-0.651481211,1,-0.063047677,1,0.452300668,1,0.251081645,0,-0.496713609,0,0.077281691,0
31.85189056,-6.010996342,1,-5.031784534,1,-8.435141563,1,-0.70071876,1,-0.044523459,1,0.460864037,1,0.247444943,0,-0.497371376,0,0.079218738,0
31.85589027,-5.915500641,1,-4.565144062,1,-8.687098503,1,-0.725503683,1,-0.010571843,1,0.477768719,1,0.243619442,0,-0.497935295,0,0.08125966,0
31.85989189,-5.876120567,1,-3.830511093,1,-8.686367989,1,-0.707693994,1,-0.000815205,1,0.481653333,1,0.239739388,0,-0.498420388,0,0.083367117,0
31.86388969,-6.660595417,1,-2.932936192,1,-8.995118141,1,-0.671455741,1,0.019726828,1,0.475192726,1,0.235941589,0,-0.49884209,0,0.085508473,0
31.86789131,-5.609881878,1,-2.577914,1,-8.72535038,1,-0.654550076,1,0.040633485,1,0.482195556,1,0.232277587,0,-0.499138832,0,0.087660491,0
31.87189293,-4.398439884,1,-2.682700157,1,-8.796791077,1,-0.631164551,1,0.021158885,1,0.498815715,1,0.228634253,0,-0.499458909,0,0.089869589,0
31.87589073,-4.289334297,1,-2.829638481,1,-8.990903854,1,-0.611141801,1,-0.008821886,1,0.501018286,1,0.225084797,0,-0.499908328,0,0.092085749,0
31.87989044,-4.198287487,1,-2.574793339,1,-8.891243935,1,-0.582707763,1,-0.039850764,1,0.499119699,1,0.221641466,0,-0.500460505,0,0.094287746,0
31.88389015,-4.63024807,1,-1.963812947,1,-8.873809814,1,-0.538657725,1,-0.054747932,1,0.491140574,1,0.218362704,0,-0.501074851,0,0.09644483,0
31.88788986,-5.137145042,1,-1.480785131,1,-8.812224388,1,-0.49535194,1,-0.060326345,1,0.469210625,1,0.215286568,0,-0.501707971,0,0.09852685,0
31.89188957,-5.234967232,1,-1.284986019,1,-8.858812332,1,-0.438804686,1,-0.065838523,1,0.444756329,1,0.212465748,0,-0.502344429,0,0.100514024,0
31.89589119,-5.070124626,1,-1.607690096,1,-8.927706718,1,-0.392831594,1,-0.070362143,1,0.423175991,1,0.209924877,0,-0.502976298,0,0.102373727,0
31.89988899,-4.504888535,1,-1.976047277,1,-9.078822136,1,-0.352661818,1,-0.085520774,1,0.404136568,1,0.207595095,0,-0.50362426,0,0.104140013,0
31.90389633,-3.995908737,1,-2.501672506,1,-9.062111855,1,-0.324609846,1,-0.121783704,1,0.398515433,1,0.20541957,0,-0.504356503,0,0.105842076,0
31.90789795,-4.139945984,1,-2.564471483,1,-9.216425896,1,-0.307446748,1,-0.162612379,1,0.40451023,1,0.203350291,0,-0.505238295,0,0.107513294,0
31.91189575,-4.575386047,1,-2.090867043,1,-9.030117989,1,-0.282213867,1,-0.187143981,1,0.402469277,1,0.201367348,0,-0.506236196,0,0.109162204,0
31.91589546,-4.839062691,1,-1.922410131,1,-8.794774055,1,-0.254166573,1,-0.197251737,1,0.401032567,1,0.199496627,0,-0.507312596,0,0.110785931,0
31.91989708,-4.81800127,1,-1.975143909,1,-8.76679039,1,-0.23760502,1,-0.20386754,1,0.385407984,1,0.197751403,0,-0.508400261,0,0.112367481,0
31.92389488,-4.799415112,1,-2.053037643,1,-8.751858711,1,-0.213994846,1,-0.20771949,1,0.363397151,1,0.196111113,0,-0.509501338,0,0.113865033,0
31.92789459,-4.806305408,1,-2.142980814,1,-8.7554636,1,-0.196610317,1,-0.220502034,1,0.33258158,1,0.194615915,0,-0.510605633,0,0.115238644,0
31.93189621,-4.96501255,1,-2.203439474,1,-8.624559402,1,-0.181385383,1,-0.229693696,1,0.307795167,1,0.193245545,0,-0.511726856,0,0.116486654,0
31.93589401,-5.127893448,1,-2.234191656,1,-8.552529335,1,-0.172416627,1,-0.240959316,1,0.276849478,1,0.191999927,0,-0.512875497,0,0.117594145,0
31.93989372,-4.948322773,1,-2.052279234,1,-8.56413269,1,-0.155236587,1,-0.254067153,1,0.247716546,1,0.190870985,0,-0.514054656,0,0.118565716,0
31.94389534,-4.84625864,1,-1.700299263,1,-8.651971817,1,-0.142195478,1,-0.271374255,1,0.214656278,1,0.072099887,0,-0.694578171,0,-0.094963878,0
31.94789314,-4.783094406,1,-1.462619066,1,-8.74097538,1,-0.110090777,1,-0.279898286,1,0.181220174,1,0.069617718,0,-0.692763567,0,-0.070080131,0
31.95189285,-4.732929707,1,-1.187611938,1,-8.713821411,1,-0.081912339,1,-0.30046469,1,0.150497183,1,0.068742558,0,-0.693969727,0,-0.06931778,0
31.95589447,-4.914793015,1,-1.202502489,1,-8.710199356,1,-0.041415926,1,-0.303167641,1,0.117599875,1,0.068100333,0,-0.695217133,0,-0.06871596,0
31.95989227,-4.71961689,1,-1.354342103,1,-8.69340992,1,-0.010123607,1,-0.311031193,1,0.101397671,1,0.06770391,0,-0.696469069,0,-0.068252943,0
31.96389198,-4.686508179,1,-1.773395896,1,-8.577688217,1,0.020037664,1,-0.31139949,1,0.081344016,1,0.067483857,0,-0.697739303,0,-0.067884967,0
31.9678936,-4.524065018,1,-2.186171293,1,-8.46516037,1,0.032578841,1,-0.321335018,1,0.082802646,1,0.067388266,0,-0.699029922,0,-0.067578003,0
31.9718914,-4.642771244,1,-2.50411725,1,-8.372339249,1,0.047193591,1,-0.323717505,1,0.085632287,1,0.067340359,0,-0.700344026,0,-0.067253739,0
31.97589111,-4.723032475,1,-2.868052483,1,-8.236560822,1,0.039192453,1,-0.328529298,1,0.0965463,1,0.067281321,0,-0.701666594,0,-0.066895932,0
31.97989273,-4.557669163,1,-3.440018892,1,-8.075146675,1,0.018364592,1,-0.327758223,1,0.118921347,1,0.067121245,0,-0.702998459,0,-0.066461951,0
31.98389053,-4.763316631,1,-3.779205561,1,-7.874362946,1,-0.003568463,1,-0.324508399,1,0.139403537,1,0.066788681,0,-0.704337835,0,-0.065903768,0
31.98789024,-4.576313496,1,-4.197951794,1,-7.809229851,1,-0.045995031,1,-0.317840725,1,0.172168434,1,0.066241615,0,-0.705664992,0,-0.065202564,0
31.99189186,-4.872584343,1,-4.165566921,1,-7.703083515,1,-0.072199263,1,-0.309586704,1,0.192982882,1,0.065443173,0,-0.706971645,0,-0.064349368,0
31.99588966,-4.938125134,1,-3.802785397,1,-7.6126647,1,-0.097141773,1,-0.28546083,1,0.219750553,1,0.064467967,0,-0.708213568,0,-0.063365169,0
31.99988937,-4.99703455,1,-3.34963727,1,-7.730364323,1,-0.108189508,1,-0.267971545,1,0.240376979,1,0.063318141,0,-0.709367037,0,-0.062241875,0
32.00389099,-4.876890659,1,-2.844255686,1,-7.826984406,1,-0.11818371,1,-0.250265539,1,0.250318468,1,0.062084336,0,-0.710467219,0,-0.06104194,0
32.00788879,-4.976512432,1,-2.100242138,1,-7.936028481,1,-0.110969834,1,-0.244427741,1,0.251407653,1,0.060802694,0,-0.711513102,0,-0.059795823,0
32.0118866,-4.916911602,1,-1.628395796,1,-8.049968719,1,-0.09486562,1,-0.233738452,1,0.253163397,1,0.05955923,0,-0.712515295,0,-0.058523342,0
32.01588821,-4.993239403,1,-1.336753249,1,-8.140618324,1,-0.065123633,1,-0.234654501,1,0.237828255,1,0.058422327,0,-0.713504195,0,-0.057290569,0
32.01988602,-5.165369034,1,-1.422623992,1,-8.120944977,1,-0.050359294,1,-0.232871592,1,0.232594237,1,0.057414167,0,-0.714493215,0,-0.056115065,0
32.02389145,-5.025284767,1,-1.773800135,1,-8.090305328,1,-0.034754802,1,-0.228162989,1,0.209264457,1,0.056534752,0,-0.715455115,0,-0.055019896,0
32.02789307,-4.964354992,1,-1.678502321,1,-8.167233467,1,-0.019958371,1,-0.226794735,1,0.199125901,1,0.055746596,0,-0.71641475,0,-0.053991769,0
32.03189087,-4.861151695,1,-1.732482076,1,-8.218014717,1,-0.000114635,1,-0.231720701,1,0.191442713,1,0.055071771,0,-0.717376411,0,-0.053020436,0
32.03589249,-4.849794388,1,-1.630977392,1,-8.23884201,1,0.016683314,1,-0.231992662,1,0.183583558,1,0.054478187,0,-0.718338966,0,-0.052079201,0
32.0398941,-4.877426147,1,-1.766002536,1,-8.228087425,1,0.031827997,1,-0.241232723,1,0.185633242,1,0.053976621,0,-0.719325066,0,-0.051163089,0
32.04389191,-4.849539757,1,-1.847595811,1,-8.123282433,1,0.049270142,1,-0.243113145,1,0.18488422,1,0.053535655,0,-0.720334411,0,-0.05025316,0
32.04788971,-4.941614151,1,-2.088153362,1,-8.172366142,1,0.058230631,1,-0.250956029,1,0.192332923,1,0.053156979,0,-0.721351266,0,-0.049335141,0
32.05189133,-4.779448986,1,-2.34100771,1,-8.144713402,1,0.059858657,1,-0.259760052,1,0.197464481,1,0.052763376,0,-0.722416699,0,-0.048380706,0
32.05588913,-4.799928188,1,-2.617131472,1,-8.238079071,1,0.057538263,1,-0.268317312,1,0.207041159,1,0.052339636,0,-0.723513126,0,-0.047373727,0
32.05989075,-4.673558712,1,-2.52775836,1,-8.239857674,1,0.046269953,1,-0.282391399,1,0.21170947,1,0.051853735,0,-0.724662066,0,-0.046333794,0
32.06389237,-4.812355518,1,-2.480742216,1,-8.225837708,1,0.049289279,1,-0.289575249,1,0.226239279,1,0.051326681,0,-0.725858331,0,-0.045243561,0
32.06789017,-4.858140945,1,-2.544671059,1,-8.290420532,1,0.038663253,1,-0.307643205,1,0.227598518,1,0.050746255,0,-0.727098107,0,-0.044107746,0
32.07188797,-4.835693836,1,-2.293003798,1,-8.318524361,1,0.039393529,1,-0.326272309,1,0.232210696,1,0.050137818,0,-0.728402972,0,-0.042961005,0
32.07588959,-4.968270779,1,-1.983412027,1,-8.285480499,1,0.051804889,1,-0.337354481,1,0.231552973,1,0.049556699,0,-0.729773521,0,-0.041810196,0
32.07989121,-5.063165188,1,-1.86832428,1,-8.316165924,1,0.068629257,1,-0.339380711,1,0.23071222,1,0.04902827,0,-0.731173277,0,-0.040652622,0
32.08388901,-5.028862953,1,-1.998152971,1,-8.317601204,1,0.080723815,1,-0.352460265,1,0.239619732,1,0.048547674,0,-0.73259747,0,-0.03948706,0
32.08789063,-5.095829487,1,-2.063205004,1,-8.209799767,1,0.088834472,1,-0.359781235,1,0.223249808,1,0.04811972,0,-0.734059334,0,-0.038345791,0
32.09188843,-5.024376869,1,-2.077969074,1,-8.288989067,1,0.091514088,1,-0.367876709,1,0.225063249,1,0.047736503,0,-0.735552609,0,-0.037237711,0
32.09588623,-5.012855053,1,-2.327512026,1,-8.247921944,1,0.076300167,1,-0.38176614,1,0.229629695,1,0.047326058,0,-0.737086535,0,-0.036108103,0
32.09988785,-4.911499977,1,-2.317153215,1,-8.167754173,1,0.06925524,1,-0.393933892,1,0.227696091,1,0.046846706,0,-0.738677621,0,-0.034975689,0
32.10388565,-5.088354111,1,-2.329455614,1,-8.189406395,1,0.08355429,1,-0.398896933,1,0.23713772,1,0.046367299,0,-0.740303695,0,-0.03381661,0
32.10788727,-4.966342449,1,-2.364906549,1,-8.252308846,1,0.084312238,1,-0.408222735,1,0.244568765,1,0.04588747,0,-0.741961896,0,-0.032612998,0
32.11188889,-5.062541962,1,-2.488866806,1,-8.230973244,1,0.082256727,1,-0.421930581,1,0.257346332,1,0.04537322,0,-0.743657827,0,-0.031357795,0
32.11588669,-5.059655666,1,-2.588266373,1,-8.22060585,1,0.071888499,1,-0.432822436,1,0.26873982,1,0.044788219,0,-0.745411217,0,-0.030030204,0
32.11988449,-5.039359093,1,-2.632366419,1,-8.202450752,1,0.074290916,1,-0.445736587,1,0.28717348,1,0.044119287,0,-0.747213006,0,-0.028620215,0
32.12388611,-5.036889553,1,-2.630412102,1,-8.252923965,1,0.07082098,1,-0.45832175,1,0.296848923,1,0.043399155,0,-0.749065518,0,-0.027127225,0
32.12788391,-5.081989288,1,-2.637620449,1,-8.272509575,1,0.074834526,1,-0.47127676,1,0.316463292,1,0.042629682,0,-0.750981748,0,-0.025559761,0
32.13188553,-5.066389561,1,-2.709051371,1,-8.248327255,1,0.06665694,1,-0.487845033,1,0.332613915,1,0.041748758,0,-0.752960026,0,-0.023883583,0
32.13588715,-5.132758141,1,-2.811524868,1,-8.225859642,1,0.054131716,1,-0.502415597,1,0.345435411,1,0.040792327,0,-0.754991889,0,-0.02213116,0
32.13988495,-5.062005997,1,-2.699606419,1,-8.227280617,1,0.036266342,1,-0.514623702,1,0.365043044,1,0.039711565,0,-0.757082283,0,-0.020292098,0
32.14388275,-5.108108521,1,-2.564225912,1,-8.342513084,1,0.040731609,1,-0.534154534,1,0.377358288,1,0.038530979,0,-0.759230316,0,-0.018354999,0
32.147892,-5.016123295,1,-2.531746626,1,-8.406872749,1,0.03357983,1,-0.552744567,1,0.396757573,1,0.037291724,0,-0.761466444,0,-0.016344186,0
32.15189743,-5.101678371,1,-2.629868507,1,-8.443618774,1,0.032379679,1,-0.574773073,1,0.405130059,1,0.035978034,0,-0.763778806,0,-0.014243932,0
32.15589523,-5.094645977,1,-2.705039263,1,-8.469690323,1,0.027102675,1,-0.59848541,1,0.417090476,1,0.034608364,0,-0.76618576,0,-0.012087332,0
32.15989685,-5.122579575,1,-2.682249069,1,-8.543216705,1,0.024832506,1,-0.626308203,1,0.431294769,1,0.033152096,0,-0.768693328,0,-0.009845248,0
32.16389465,-5.057944775,1,-2.689895868,1,-8.628297806,1,0.027306994,1,-0.659455836,1,0.452463061,1,0.031617407,0,-0.771314859,0,-0.00750252,0
32.16789627,-5.024405003,1,-2.850542307,1,-8.657287598,1,0.026070904,1,-0.693344712,1,0.47307983,1,0.030004036,0,-0.774068475,0,-0.005035064,0
32.17189789,-4.90061903,1,-3.37708807,1,-8.818833351,1,0.003462034,1,-0.729452789,1,0.496596843,1,0.028250143,0,-0.776966691,0,-0.002433417,0
32.17589569,-5.104808331,1,-2.925425768,1,-8.681154251,1,-0.03508861,1,-0.781600773,1,0.525039673,1,0.026258327,0,-0.780032635,0,0.000316916,0
32.17989731,-5.215931892,1,-2.520774364,1,-8.567590714,1,-0.03509111,1,-0.821144819,1,0.547262013,1,0.024057379,0,-0.783290923,0,0.003232945,0
32.18389511,-5.29066658,1,-2.41486907,1,-8.4877491,1,-0.029756712,1,-0.863865376,1,0.564776719,1,0.021790454,0,-0.786710322,0,0.006259111,0
32.18789291,-5.248384476,1,-2.663785219,1,-8.358286858,1,-0.040657647,1,-0.895598114,1,0.585507751,1,0.019403525,0,-0.790268064,0,0.009422472,0
32.19189453,-5.098946571,1,-2.816697836,1,-8.326451302,1,-0.066663235,1,-0.926150978,1,0.594326437,1,0.016874738,0,-0.793954253,0,0.012680931,0
32.19589615,-5.025059223,1,-2.748054981,1,-8.39066124,1,-0.08514224,1,-0.961914837,1,0.611806571,1,0.07320492,0,-0.757495105,0,0.006567251,0
32.19989395,-5.148003578,1,-2.576021433,1,-8.404523849,1,-0.113657944,1,-0.992503583,1,0.61786586,1,0.070743129,0,-0.76157105,0,0.009566827,0
32.20389175,-5.364933014,1,-2.650642157,1,-8.551866531,1,-0.142234251,1,-1.023652077,1,0.62809068,1,0.068132162,0,-0.765766799,0,0.012620583,0
32.20789337,-5.371884823,1,-2.555927038,1,-8.536738396,1,-0.170344487,1,-1.065957785,1,0.638391197,1,0.065326586,0,-0.770102382,0,0.01575275,0
32.21189117,-5.474822044,1,-2.713737011,1,-8.666239738,1,-0.197922751,1,-1.107100487,1,0.645995677,1,0.06235962,0,-0.774601161,0,0.018937554,0
32.21589279,-5.217762947,1,-2.68811655,1,-8.769786835,1,-0.223310307,1,-1.159956932,1,0.659621239,1,0.059216108,0,-0.779287338,0,0.022213906,0
32.21989441,-5.247191906,1,-2.900495052,1,-8.964773178,1,-0.24815464,1,-1.211352587,1,0.687986016,1,0.055880327,0,-0.784173787,0,0.025620019,0
32.22389221,-5.133568764,1,-3.099146366,1,-9.093484879,1,-0.267054826,1,-1.280176878,1,0.71296221,1,0.052316606,0,-0.789297223,0,0.029195908,0
32.22789002,-5.012610912,1,-3.133540154,1,-9.136266708,1,-0.302446485,1,-1.355956793,1,0.750358164,1,0.048487023,0,-0.794708371,0,0.032980394,0
32.23189163,-5.111242294,1,-3.153887749,1,-9.209004402,1,-0.338396519,1,-1.436387539,1,0.782528758,1,0.044334762,0,-0.800424218,0,0.036989242,0
32.23588944,-5.258719921,1,-2.980830669,1,-9.462710381,1,-0.372179776,1,-1.521349072,1,0.813387454,1,0.039866008,0,-0.80646342,0,0.041222069,0
32.23989105,-5.144038677,1,-2.742419243,1,-9.498856544,1,-0.399046183,1,-1.603344202,1,0.841054618,1,0.035100952,0,-0.812822759,0,0.045674801,0
32.24389267,-5.214049816,1,-2.581463337,1,-9.671038628,1,-0.417470932,1,-1.687187314,1,0.864680052,1,0.030072831,0,-0.819509506,0,0.050328851,0
32.24789047,-5.494456768,1,-2.990586758,1,-9.898766518,1,-0.475467324,1,-1.77323997,1,0.901075661,1,0.024659496,0,-0.826526582,0,0.055266507,0
32.25188828,-4.786580563,1,-2.618019819,1,-9.592411995,1,-0.514413595,1,-1.887711406,1,0.93174386,1,0.018854957,0,-0.833917916,0,0.0604528,0
32.25588989,-4.726602554,1,-2.375168324,1,-9.887349129,1,-0.526717782,1,-2.013456583,1,0.961294115,1,0.012705552,0,-0.841783941,0,0.065921813,0
32.25989151,-4.930898666,1,-1.947310209,1,-10.16963387,1,-0.523649037,1,-2.139581919,1,0.992583513,1,0.006279165,0,-0.850120306,0,0.071692735,0
32.26388931,-4.712424755,1,-1.954354048,1,-10.20646381,1,-0.514894783,1,-2.277509928,1,1.034874082,1,-0.00043112,0,-0.858958602,0,0.077826865,0
32.26789856,-4.584916592,1,-2.053853035,1,-10.38476276,1,-0.516837299,1,-2.427676916,1,1.066765547,1,-0.007453989,0,-0.868354917,0,0.084347524,0
32.27190018,-4.60556078,1,-2.057843447,1,-10.49557781,1,-0.507960856,1,-2.578534365,1,1.102971673,1,-0.014808119,0,-0.878329873,0,0.091269523,0
32.27590179,-4.443170547,1,-2.103530407,1,-10.80896473,1,-0.500350833,1,-2.760289431,1,1.138947248,1,-0.022526599,0,-0.888910532,0,0.0986505,0
32.27990341,-4.849696636,1,-2.129972696,1,-11.31533432,1,-0.501263738,1,-2.942732334,1,1.182339549,1,-0.03068511,0,-0.900199652,0,0.106529541,0
32.28390122,-4.227060318,1,-2.384124994,1,-11.33030033,1,-0.500041604,1,-3.145546198,1,1.225168824,1,-0.039369926,0,-0.912188292,0,0.1150067,0
32.28789902,-3.948564053,1,-2.804936647,1,-11.50547695,1,-0.496595532,1,-3.362682581,1,1.233813405,1,-0.048606437,0,-0.9249897,0,0.12409053,0
32.29190064,-3.543745756,1,-2.092020512,1,-12.06011009,1,-0.462348908,1,-3.675333738,1,1.352004409,1,-0.058477845,0,-0.938750684,0,0.134027079,0
32.29589844,-4.043824673,1,-2.554334164,1,-13.00935268,1,-0.376652986,1,-3.962429762,1,1.402684569,1,-0.069106467,0,-0.953664124,0,0.145054787,0
32.29990006,-3.902584314,1,-3.265957117,1,-13.22977829,1,-0.326668024,1,-4.249174118,1,1.520654082,1,-0.080638558,0,-0.969589949,0,0.157411382,0
32.30390167,-3.813331604,1,-3.991252661,1,-13.92604446,1,-0.26254198,1,-4.604249001,1,1.609615445,1,-0.093369327,0,-0.986680686,0,0.171326801,0
32.30789948,-4.337254524,1,-4.997830391,1,-14.25689411,1,-0.203902811,1,-4.962589264,1,1.727091908,1,-0.107471317,0,-1.005033374,0,0.18703039,0
32.31189728,-5.19039011,1,-6.41501236,1,-14.29961872,1,-0.199309751,1,-5.298892975,1,1.885652304,1,-0.123616308,0,-1.024607182,0,0.205100834,0
32.3158989,-6.576380253,1,-10.72371483,1,-13.5243206,1,-0.375172347,1,-5.415966034,1,1.998818636,1,-0.142519966,0,-1.044938326,0,0.225844666,0
32.3198967,-2.031710863,1,-6.9658041,1,-14.60984612,1,-0.15732047,1,-6.178092957,1,2.33749938,1,-0.164632767,0,-1.066382647,0,0.250235409,0
32.32389832,-12.96744061,1,-11.20748901,1,-14.25906849,1,-0.337317616,1,-6.089702606,1,2.615263224,1,-0.191819891,0,-1.088834643,0,0.279942125,0
32.32789993,-11.3697958,1,-16.55348206,1,-13.57549095,1,-0.715698957,1,-6.04304266,1,2.942873001,1,-0.225095943,0,-1.110229135,0,0.314996541,0
32.33189774,-6.410850525,1,-15.84656429,1,-13.05560875,1,-1.073830366,1,-6.294864655,1,3.169286251,1,-0.265669137,0,-1.131147265,0,0.356003076,0
32.33589554,-7.555925369,1,-10.25015163,1,-15.34210205,1,-1.158300996,1,-6.554963112,1,3.444693565,1,-0.31397751,0,-1.15204525,0,0.404155314,0
32.33989716,-14.9243021,1,-7.016947269,1,-17.28080559,1,-1.102484584,1,-6.511002541,1,3.698545694,1,-0.369869113,0,-1.171952009,0,0.460122406,0
32.34389496,-14.74690914,1,-7.683687687,1,-16.58647156,1,-1.083296537,1,-6.358269691,1,3.888473034,1,-0.432651848,0,-1.189668059,0,0.523287714,0
32.34789658,-12.83509254,1,-8.066846848,1,-15.13275433,1,-1.126155138,1,-6.437213898,1,4.037298679,1,-0.502790332,0,-1.205363989,0,0.593825698,0
32.35189819,-15.46611595,1,-7.657289028,1,-15.46252632,1,-1.03456521,1,-6.464910507,1,4.109650612,1,-0.579921961,0,-1.219124913,0,0.671556234,0
32.355896,-19.37023926,1,-7.526407242,1,-15.95527458,1,-1.012953758,1,-6.258793354,1,4.265879154,1,-0.662849367,0,-1.230113268,0,0.755383968,0
32.3598938,-17.13951492,1,-8.153743744,1,-15.06604385,1,-1.053490281,1,-6.128659725,1,4.411649227,1,-0.750638127,0,-1.237637639,0,0.844030738,0
32.36389542,-18.47744179,1,-10.21698856,1,-14.37799263,1,-1.144023418,1,-6.089584827,1,4.515706539,1,-0.842136383,0,-1.241964936,0,0.936155856,0
32.36789322,-20.51933479,1,-11.33576965,1,-13.35696602,1,-1.316353083,1,-5.974640846,1,4.630738735,1,-0.935899258,0,-1.242996812,0,1.030010223,0
32.37189484,-19.91035652,1,-12.43112278,1,-12.64002419,1,-1.611950636,1,-5.846824646,1,4.828825951,1,-1.030106902,0,-1.240365386,0,1.123398185,0
32.37589645,-18.80399323,1,-12.00368118,1,-11.71034908,1,-1.905672908,1,-5.703158855,1,4.978969097,1,-1.122659802,0,-1.234013915,0,1.213917971,0
32.37989426,-19.56012154,1,-10.84665966,1,-10.88313007,1,-2.246735573,1,-5.650611401,1,4.972557545,1,-1.211876392,0,-1.224637985,0,1.299742103,0
32.38389206,-17.921381,1,-10.10800266,1,-9.198647499,1,-2.582865238,1,-5.393443108,1,5.102802277,1,-1.295768142,0,-1.212397814,0,1.378845692,0
32.38790131,-15.50879192,1,-8.24425602,1,-8.397567749,1,-3.022227049,1,-5.048052311,1,5.141399384,1,-1.372634053,0,-1.19732964,0,1.449141979,0
32.39190674,-10.11424446,1,-5.524381638,1,-8.473495483,1,-3.316747665,1,-4.555654526,1,4.998643875,1,-1.440956354,0,-1.180430651,0,1.509033918,0
32.39590454,-7.442184448,1,-3.844346523,1,-8.820529938,1,-3.448823929,1,-4.174681664,1,4.9330163,1,-1.500101566,0,-1.16244173,0,1.558533907,0
32.39990616,-10.21566868,1,-1.239799023,1,-10.47523403,1,-3.418759108,1,-3.974086285,1,4.774425507,1,-1.552578807,0,-1.143706322,0,1.60082233,0
32.40390396,-14.27954769,1,0.87944293,1,-11.10593224,1,-3.052865982,1,-3.648763895,1,4.359152317,1,-1.598213196,0,-1.125327468,0,1.636786699,0
32.40790558,-25.01985168,1,8.135752678,1,-13.62566948,1,-2.033317566,1,-3.392829418,1,3.747680426,1,-1.635847449,0,-1.108419418,0,1.667113304,0
32.4119072,-35.7504921,1,11.20151901,1,-19.14205742,1,-0.753549814,1,-2.47974205,1,3.115991354,1,-1.662690639,0,-1.093818069,0,1.691075444,0
32.415905,-22.3074379,1,4.867402554,1,-18.40908623,1,0.086870074,1,-1.392084241,1,2.651315928,1,-1.676268339,0,-1.081646919,0,1.705000162,0
32.4199028,-9.850075722,1,-0.204201534,1,-14.76955795,1,0.678540051,1,-0.735482991,1,2.284559727,1,-1.680408001,0,-1.071394801,0,1.711462617,0
32.42390442,-6.828473568,1,-3.717198372,1,-12.47024155,1,1.197383523,1,-0.392109543,1,1.904262424,1,-1.679013491,0,-1.062819242,0,1.714147329,0
32.42790222,-8.274925232,1,-6.392530441,1,-11.62081051,1,1.484461546,1,-0.099438705,1,1.636113405,1,-1.674008369,0,-1.055707097,0,1.714651823,0
32.43190384,-8.414802551,1,-7.790093899,1,-11.83769226,1,1.471411943,1,0.231944308,1,1.457521439,1,-1.666510344,0,-1.049594522,0,1.712911963,0
32.43590546,-5.400326252,1,-9.104417801,1,-10.7292881,1,1.248689651,1,0.520115018,1,1.336866379,1,-1.657518148,0,-1.044171929,0,1.708829641,0
32.43990326,-2.232052565,1,-9.751505852,1,-8.922712326,1,0.979237318,1,0.659726977,1,1.225752234,1,-1.648272395,0,-1.03926003,0,1.703276992,0
32.44390488,-0.611748457,1,-9.678219795,1,-7.668742657,1,0.731039464,1,0.740877509,1,1.111669898,1,-1.639541626,0,-1.034813166,0,1.697100043,0
32.44790649,0.484683454,1,-9.043275833,1,-7.045600891,1,0.485950053,1,0.811717749,1,1.006706953,1,-1.617293477,0,-1.025090694,0,1.70130074,0
32.4519043,1.38303411,1,-7.92240572,1,-6.668514729,1,0.267186105,1,0.864876986,1,0.903725684,1,-1.61002636,0,-1.021424532,0,1.694532037,0
32.4559021,1.830702901,1,-6.771785259,1,-6.448898315,1,0.109381534,1,0.906115651,1,0.777412295,1,-1.603334188,0,-1.018182993,0,1.687522292,0
32.45990372,2.017927647,1,-5.812790871,1,-6.326742172,1,0.024784125,1,0.927188635,1,0.64697969,1,-1.597029805,0,-1.015436172,0,1.680398703,0
32.46390152,2.329062223,1,-5.0898242,1,-6.111166477,1,0.009713797,1,0.958779514,1,0.490239292,1,-1.590825915,0,-1.013243437,0,1.673152804,0
32.46790314,2.807915688,1,-4.438688755,1,-5.973950863,1,0.040855996,1,0.987522542,1,0.345245689,1,-1.584454536,0,-1.011634827,0,1.665750504,0
32.47190476,3.121406078,1,-3.886855125,1,-5.891700745,1,0.117035188,1,1.026370764,1,0.187980071,1,-1.577713251,0,-1.010615349,0,1.658152938,0
32.47590256,3.19441843,1,-3.582603931,1,-5.924649239,1,0.220786259,1,1.068105221,1,0.026821764,1,-1.570387483,0,-1.01019311,0,1.650289536,0
32.47990036,3.066911221,1,-3.417459488,1,-5.973021984,1,0.330494374,1,1.133350134,1,-0.128353477,1,-1.562276363,0,-1.010380387,0,1.642017245,0
32.48390198,2.988397121,1,-3.487167358,1,-5.842067719,1,0.432892203,1,1.202923059,1,-0.281238198,1,-1.553281188,0,-1.011148572,0,1.633217454,0
32.48789978,2.985207796,1,-3.699443579,1,-5.713445663,1,0.526878953,1,1.290495276,1,-0.430561155,1,-1.543336749,0,-1.012468219,0,1.623762488,0
32.4919014,2.91777873,1,-3.962851763,1,-5.674759388,1,0.582998097,1,1.390617371,1,-0.566909134,1,-1.532408595,0,-1.014289737,0,1.61351192,0
32.49590302,2.752364397,1,-4.140776634,1,-5.625703812,1,0.614956081,1,1.505758047,1,-0.706117928,1,-1.520491958,0,-1.016585708,0,1.602330685,0
32.49990082,2.584967136,1,-4.287827969,1,-5.721618176,1,0.630612016,1,1.622159004,1,-0.841074765,1,-1.507608414,0,-1.01932323,0,1.590120673,0
32.50390244,2.427799225,1,-4.238414764,1,-5.797602177,1,0.629185021,1,1.739121079,1,-0.961361587,1,-1.49373734,0,-1.022439361,0,1.576814771,0
32.50790787,2.218610764,1,-4.066921234,1,-5.958982468,1,0.633795083,1,1.861036181,1,-1.082012534,1,-1.478856683,0,-1.025902629,0,1.562355042,0
32.5119133,2.00740695,1,-3.793208361,1,-6.082409382,1,0.640390515,1,1.991785049,1,-1.200196505,1,-1.462849975,0,-1.029673696,0,1.54663229,0
32.5159111,1.867218018,1,-3.487114191,1,-6.234050274,1,0.658373952,1,2.114396334,1,-1.30870688,1,-1.445649385,0,-1.033708811,0,1.529602885,0
32.51991653,1.559052825,1,-3.117654324,1,-6.373787403,1,0.695033312,1,2.242147684,1,-1.419661641,1,-1.427147627,0,-1.037964225,0,1.511246204,0
32.52391434,1.178026199,1,-2.857948065,1,-6.52602005,1,0.738926351,1,2.380329847,1,-1.535327077,1,-1.407181025,0,-1.042393446,0,1.491419196,0
32.52791214,0.783310354,1,-2.56831336,1,-6.693166256,1,0.795488715,1,2.518927574,1,-1.642737389,1,-1.385603547,0,-1.046952367,0,1.470016241,0
32.53191376,0.532493591,1,-2.372790098,1,-6.778933525,1,0.861286283,1,2.67119956,1,-1.746975899,1,-1.36226666,0,-1.051568985,0,1.446916103,0
32.53591156,0.352365434,1,-2.311418772,1,-6.863430977,1,0.925020754,1,2.815971375,1,-1.842514396,1,-1.337067366,0,-1.056163549,0,1.422048569,0
32.53991318,0.06358365,1,-2.218879223,1,-6.957722187,1,0.985976875,1,2.962497711,1,-1.92835772,1,-1.310039759,0,-1.060640335,0,1.395431519,0
32.5439148,-0.291457742,1,-2.227318764,1,-7.063133717,1,1.045060873,1,3.101247072,1,-2.011049986,1,-1.281153321,0,-1.064940691,0,1.367021203,0
32.5479126,-0.530866504,1,-2.173974276,1,-7.065776825,1,1.097417593,1,3.243666887,1,-2.083426714,1,-1.250435352,0,-1.068934441,0,1.336835623,0
32.5519104,-0.837174118,1,-2.130419016,1,-7.170836926,1,1.140161157,1,3.381695747,1,-2.142672777,1,-1.217950106,0,-1.072537422,0,1.304910898,0
32.55591202,-1.020501256,1,-2.026461363,1,-7.213908672,1,1.197638631,1,3.521384001,1,-2.20527029,1,-1.183708549,0,-1.075661182,0,1.271281242,0
32.55990982,-1.194409728,1,-1.822923303,1,-7.265937328,1,1.241985321,1,3.640989304,1,-2.253889084,1,-1.147849441,0,-1.078224063,0,1.236101627,0
32.56391144,-1.42821455,1,-1.676800728,1,-7.337236881,1,1.299709201,1,3.759613276,1,-2.303931236,1,-1.110481024,0,-1.080141664,0,1.199490666,0
32.56791306,-1.761334062,1,-1.60509634,1,-7.318930626,1,1.363849998,1,3.874388933,1,-2.335282087,1,-1.071739674,0,-1.081326842,0,1.161620855,0
32.57191086,-2.05448842,1,-1.337249398,1,-7.434459686,1,1.434283257,1,3.988759041,1,-2.373933077,1,-1.031730771,0,-1.081701517,0,1.122627854,0
32.57590866,-2.512525558,1,-1.098068357,1,-7.593297958,1,1.510703325,1,4.103977203,1,-2.399158239,1,-0.990570307,0,-1.081195951,0,1.082661867,0
32.57991028,-2.789935589,1,-0.94985491,1,-7.594571114,1,1.586923599,1,4.220358849,1,-2.422601223,1,-0.94844842,0,-1.079735398,0,1.041935205,0
32.58390808,-3.093379736,1,-0.825865269,1,-7.621055603,1,1.662240028,1,4.330037117,1,-2.432456255,1,-0.905584574,0,-1.077237368,0,1.000663638,0
32.5879097,-3.283925295,1,-0.725198805,1,-7.607287884,1,1.73423326,1,4.448809624,1,-2.438220024,1,-0.862228513,0,-1.073632598,0,0.959103286,0
32.59191132,-3.462448359,1,-0.617174208,1,-7.579994202,1,1.806950927,1,4.549959183,1,-2.444511652,1,-0.818647504,0,-1.068901062,0,0.917519808,0
32.59590912,-3.613894463,1,-0.508194804,1,-7.571652889,1,1.879196286,1,4.639676094,1,-2.436980963,1,-0.775145352,0,-1.063031197,0,0.876244426,0
32.59990692,-3.691139936,1,-0.465327948,1,-7.574121952,1,1.947351456,1,4.720510006,1,-2.431349277,1,-0.73198694,0,-1.056050897,0,0.835532248,0
32.60390854,-3.75014782,1,-0.544926703,1,-7.585639954,1,2.006657839,1,4.78581953,1,-2.423092365,1,-0.68945992,0,-1.047974706,0,0.79566741,0
32.60790634,-3.784530163,1,-0.589766741,1,-7.615143299,1,2.05526948,1,4.834299088,1,-2.412113667,1,-0.647835732,0,-1.038869143,0,0.756905794,0
32.61190796,-3.907493114,1,-0.730706632,1,-7.699537754,1,2.091908693,1,4.872520924,1,-2.40098381,1,-0.607292593,0,-1.028805256,0,0.719388604,0
32.61590958,-4.000322342,1,-0.848103046,1,-7.73691082,1,2.122561932,1,4.902145386,1,-2.394736528,1,-0.567973018,0,-1.017840862,0,0.683215737,0
32.61990738,-4.103653431,1,-0.940079093,1,-7.808278084,1,2.1471138,1,4.918536663,1,-2.390488386,1,-0.529987156,0,-1.006079435,0,0.648487568,0
32.62390518,-4.273635387,1,-1.045292616,1,-7.93596983,1,2.164106369,1,4.933612347,1,-2.386589527,1,-0.493367791,0,-0.993580341,0,0.615220666,0
32.62791443,-4.545021057,1,-1.110935926,1,-8.087227821,1,2.18129611,1,4.927743912,1,-2.398014784,1,-0.458124876,0,-0.980424881,0,0.583407938,0
32.63191986,-4.816702843,1,-1.198944926,1,-8.31146431,1,2.201149225,1,4.929648399,1,-2.40999651,1,-0.424187452,0,-0.96669656,0,0.552968681,0
32.63591766,-5.124302387,1,-1.288826823,1,-8.520932198,1,2.217899799,1,4.931901932,1,-2.431412935,1,-0.391492903,0,-0.952421784,0,0.523837566,0
32.63991928,-5.423986912,1,-1.44093883,1,-8.784365654,1,2.233636618,1,4.929230213,1,-2.458450556,1,-0.359976649,0,-0.937670231,0,0.495953381,0
32.64391708,-5.806927204,1,-1.580631495,1,-9.075674057,1,2.259402514,1,4.924721241,1,-2.504948616,1,-0.329536021,0,-0.922478795,0,0.469189167,0
32.6479187,-6.207579613,1,-1.711595774,1,-9.336139679,1,2.279432297,1,4.920855522,1,-2.552408695,1,-0.300041735,0,-0.906889617,0,0.443430603,0
32.65192032,-6.622095108,1,-1.871298075,1,-9.654155731,1,2.314712286,1,4.926258564,1,-2.605516911,1,-0.271431029,0,-0.890903354,0,0.41861704,0
32.65591812,-6.964112282,1,-2.056303978,1,-9.925804138,1,2.343570948,1,4.928515434,1,-2.660867929,1,-0.243636563,0,-0.87451458,0,0.39468652,0
32.65991592,-7.365119457,1,-2.237459183,1,-10.28016853,1,2.37854147,1,4.932860851,1,-2.727843523,1,-0.216566205,0,-0.857770562,0,0.371547341,0
32.66391754,-7.68133831,1,-2.409533501,1,-10.63733101,1,2.408459663,1,4.931020737,1,-2.797547579,1,-0.190160796,0,-0.840678632,0,0.349130332,0
32.66791534,-8.021055222,1,-2.570827246,1,-10.95228291,1,2.446284533,1,4.92434597,1,-2.872026443,1,-0.164385349,0,-0.823266625,0,0.327401727,0
32.67191696,-8.560303688,1,-2.785125256,1,-11.31198025,1,2.479103804,1,4.921416283,1,-2.950352192,1,-0.139168337,0,-0.805577219,0,0.306279182,0
32.67591858,-8.979743004,1,-3.00102663,1,-11.70100594,1,2.520469427,1,4.917262554,1,-3.062391043,1,-0.114411965,0,-0.787576675,0,0.2856583,0
32.67991638,-9.587870598,1,-3.282181263,1,-12.13224411,1,2.550003767,1,4.907001972,1,-3.176781416,1,-0.0900506,0,-0.769303441,0,0.265413463,0
32.68391419,-10.17764282,1,-3.574965,1,-12.70560074,1,2.569114208,1,4.887180805,1,-3.313348055,1,-0.066068806,0,-0.750784218,0,0.245463058,0
32.6879158,-10.88212681,1,-3.836514711,1,-13.37676811,1,2.566761494,1,4.864244938,1,-3.468777895,1,-0.042421177,0,-0.732027352,0,0.225671247,0
32.69191361,-11.76767063,1,-4.160992146,1,-14.1079874,1,2.556528568,1,4.839819908,1,-3.641188622,1,-0.019109003,0,-0.713063002,0,0.205928326,0
32.69591522,-12.91826248,1,-4.451383591,1,-14.9066782,1,2.533258677,1,4.828044415,1,-3.828194141,1,0.008930326,0,-0.695022464,0,0.1931431,0
32.69991684,-14.21825314,1,-4.626501083,1,-15.90389347,1,2.495815277,1,4.826392174,1,-4.042967796,1,0.031534065,0,-0.675402701,0,0.173325822,0
32.70391464,-15.76780033,1,-4.769382,1,-16.75567055,1,2.447442532,1,4.840920448,1,-4.275447369,1,0.053814743,0,-0.655379534,0,0.153259292,0
32.70791245,-17.53066444,1,-4.725362778,1,-19.19381905,1,2.340237141,1,4.931598663,1,-4.621370316,1,0.075778507,0,-0.634773612,0,0.132709026,0
32.71191406,-17.97637939,1,-3.975404739,1,-17.32035828,1,2.333387136,1,4.940285683,1,-4.848395824,1,0.09758161,0,-0.613364339,0,0.111464851,0
32.71591187,-20.77863693,1,-3.895285368,1,-18.35454369,1,2.250560522,1,4.872624397,1,-5.099433422,1,0.118866168,0,-0.591748953,0,0.090059906,0
32.71991348,-23.38510704,1,-3.392163992,1,-19.01483536,1,2.156178236,1,4.908079624,1,-5.342303753,1,0.139627635,0,-0.569655716,0,0.068316922,0
32.7239151,-25.25618744,1,-1.72330296,1,-19.09254074,1,2.049969196,1,4.927494049,1,-5.608786106,1,0.159721538,0,-0.546934068,0,0.046248328,0
32.7279129,-27.515625,1,-0.021135239,1,-18.33322716,1,2.011650801,1,4.953005791,1,-5.818671227,1,0.179209188,0,-0.523590446,0,0.023915112,0
32.73191071,-29.57778931,1,1.565985799,1,-17.02920532,1,2.053591251,1,4.989188194,1,-5.971139908,1,0.198243245,0,-0.4996382,0,0.001604086,0
32.73591232,-31.62436867,1,2.422948599,1,-15.11930847,1,2.12974596,1,5.048381329,1,-6.07049942,1,0.216913685,0,-0.475032806,0,-0.020400221,0
32.73991013,-33.25882721,1,2.074904203,1,-12.18649864,1,2.176382303,1,5.116833687,1,-6.063304901,1,0.235075608,0,-0.449754894,0,-0.041793745,0
32.74391174,-33.28783035,1,1.385525584,1,-9.351085663,1,2.180058956,1,5.045003414,1,-5.904421329,1,0.25235945,0,-0.424216807,0,-0.0620245,0
32.74792099,-33.23611069,1,1.765234947,1,-6.746102333,1,2.19135952,1,4.90191412,1,-5.664304733,1,0.268633634,0,-0.399012744,0,-0.080854937,0
32.75192261,-32.4240799,1,2.786182165,1,-3.997119904,1,2.209887981,1,4.649181843,1,-5.31325531,1,0.283913672,0,-0.374616742,0,-0.098042779,0
32.75592423,-30.81193542,1,4.915491581,1,-1.479997277,1,2.280358791,1,4.292616367,1,-4.873737812,1,0.298346579,0,-0.351601392,0,-0.113428965,0
32.75992584,-28.8725872,1,8.553758621,1,0.802154779,1,2.477821112,1,3.819361448,1,-4.390506268,1,0.312382251,0,-0.330539644,0,-0.127013311,0
32.76392365,-27.0013485,1,12.20395279,1,2.606789827,1,2.802527666,1,3.264790058,1,-3.874029636,1,0.326655924,0,-0.311891019,0,-0.138860255,0
32.76792145,-26.15435791,1,15.54666328,1,3.902772188,1,3.241241217,1,2.698830128,1,-3.369792461,1,0.341786206,0,-0.295874059,0,-0.149093151,0
32.77192307,-26.63843346,1,17.90735435,1,4.607840538,1,3.724600554,1,2.185480118,1,-2.918935061,1,0.358237922,0,-0.282402664,0,-0.157895625,0
32.77592087,-27.83669281,1,19.17072868,1,4.97772646,1,4.151353836,1,1.712376356,1,-2.540508509,1,0.376130044,0,-0.271224439,0,-0.165583536,0
32.77992249,-30.20360756,1,19.03062057,1,5.267547607,1,4.397727013,1,1.312534213,1,-2.237488747,1,0.395079613,0,-0.262059212,0,-0.172408953,0
32.7839241,-32.09448242,1,18.15727997,1,5.197465897,1,4.437154293,1,0.971256852,1,-1.999224067,1,0.414392859,0,-0.254545748,0,-0.178594232,0
32.78792191,-33.51732635,1,16.07580185,1,4.926579475,1,4.205402851,1,0.678461671,1,-1.795032263,1,0.43317312,0,-0.248446941,0,-0.184323654,0
32.79191971,-34.32692337,1,13.19392109,1,5.178490162,1,3.707456827,1,0.461277515,1,-1.591291666,1,0.450374275,0,-0.243502647,0,-0.189640716,0
32.79592133,-33.84461975,1,9.634958267,1,5.268746853,1,2.924165249,1,0.273794681,1,-1.363888621,1,0.464844882,0,-0.239562988,0,-0.194445819,0
32.79991913,-31.85667229,1,6.188748837,1,5.344986916,1,1.912575006,1,0.062698111,1,-1.063367009,1,0.475539416,0,-0.236751705,0,-0.198600829,0
32.80392075,-29.48322105,1,4.346176624,1,5.239509583,1,0.793475866,1,-0.193620846,1,-0.68438834,1,0.481748641,0,-0.235361293,0,-0.20193018,0
32.80792236,-27.004673,1,4.21218586,1,5.017107964,1,-0.252104998,1,-0.488712907,1,-0.245410487,1,0.483356476,0,-0.235693738,0,-0.204293177,0
32.81192017,-25.27787399,1,5.447580338,1,4.40175581,1,-1.102258086,1,-0.790461242,1,0.260921896,1,0.480859578,0,-0.237987712,0,-0.205501303,0
32.81591797,-17.04611969,1,5.021615028,1,-1.525096178,1,-1.683921695,1,-1.155431509,1,0.902997017,1,0.475152105,0,-0.242378816,0,-0.20527254,0
32.81991959,-6.748941422,1,8.22708416,1,-3.696302891,1,-1.110798717,1,-1.958860874,1,2.354627609,1,0.468447685,0,-0.250756234,0,-0.202224851,0
32.82391739,-11.72703743,1,6.796743393,1,-7.045169353,1,-1.335484266,1,-1.961726785,1,2.707957745,1,0.462420046,0,-0.26285392,0,-0.19642961,0
32.82791901,4.06466341,1,-6.655267239,1,-13.44465065,1,-1.682347775,1,-1.285657287,1,2.768538475,1,0.454275787,0,-0.273407161,0,-0.189172134,0
32.83192062,8.866804123,1,-21.17226219,1,-17.87171745,1,-1.555617213,1,-1.092456698,1,3.005371332,1,0.445556879,0,-0.28257373,0,-0.180542663,0
32.83591843,4.80603838,1,-26.23241043,1,-19.14726067,1,-2.271020174,1,-0.895236015,1,3.175287008,1,0.435147375,0,-0.291631877,0,-0.17068474,0
32.83991623,16.61115456,1,-23.14208412,1,-15.68268585,1,-2.45328474,1,-0.570182979,1,3.343905926,1,0.422398329,0,-0.299497843,0,-0.159439206,0
32.84391785,15.07615948,1,-21.39859009,1,-10.29710197,1,-2.762095213,1,-1.093776226,1,3.29633975,1,0.408572674,0,-0.307854354,0,-0.148016348,0
32.84791565,15.04621696,1,-16.16415405,1,-4.30976963,1,-2.898241997,1,-1.710895181,1,3.120891809,1,0.394131452,0,-0.318046719,0,-0.137895554,0
32.85191727,16.0537014,1,-11.961133,1,-2.021252871,1,-3.24130249,1,-2.711501122,1,3.029438972,1,0.379167169,0,-0.330744565,0,-0.129395232,0
32.85591888,11.28631496,1,-5.618694782,1,-0.875453293,1,-3.380106926,1,-3.801212549,1,3.112252712,1,0.363479912,0,-0.347358823,0,-0.12227603,0
32.85991669,7.467705727,1,-0.102565296,1,-2.544257641,1,-3.166050434,1,-4.844989777,1,3.054475069,1,0.348156393,0,-0.36789304,0,-0.116324596,0
32.86391449,-1.048388243,1,-1.671021223,1,-7.682305813,1,-3.06165266,1,-5.713168621,1,2.819253922,1,0.33423537,0,-0.391802251,0,-0.111933455,0
32.86792374,-15.57422924,1,2.902088642,1,-14.39833546,1,-2.902577162,1,-5.85965395,1,2.411351204,1,0.321270972,0,-0.417353034,0,-0.109351411,0
32.87192917,-21.79631805,1,5.856044769,1,-18.14341545,1,-2.811297655,1,-5.363135815,1,2.109198809,1,0.30907613,0,-0.441518545,0,-0.107642747,0
32.87592697,-20.95388412,1,9.912169456,1,-20.20628929,1,-2.571445704,1,-4.829482079,1,2.050970554,1,0.297389388,0,-0.463418663,0,-0.10563127,0
32.87992859,-18.44400978,1,12.08313465,1,-18.22826767,1,-2.313868523,1,-4.491083622,1,2.26162529,1,0.286101758,0,-0.48370266,0,-0.102420419,0
32.88392639,-16.03965378,1,13.32394791,1,-18.71838951,1,-1.991169095,1,-4.287752628,1,2.608480215,1,0.275003672,0,-0.503202379,0,-0.097320572,0
32.88792801,-20.1752758,1,11.33619881,1,-16.84538078,1,-1.730807543,1,-4.099723339,1,2.835456848,1,0.264138013,0,-0.522337675,0,-0.090334497,0
32.89192963,-23.11147881,1,5.329549789,1,-15.68612576,1,-1.414769173,1,-3.670141697,1,2.857345343,1,0.253683418,0,-0.540260494,0,-0.082167506,0
32.89592743,-24.98209763,1,-0.478958338,1,-12.38237953,1,-1.167737722,1,-3.275938272,1,2.596535683,1,0.244112492,0,-0.556381226,0,-0.073700815,0
32.89992523,-24.57836342,1,-7.763640404,1,-10.63870239,1,-1.129015923,1,-2.815524101,1,2.095556259,1,0.235605493,0,-0.570478797,0,-0.066310532,0
32.90392685,-18.97170448,1,-9.268692017,1,-8.422945976,1,-1.222339034,1,-2.415280104,1,1.645612955,1,0.227801591,0,-0.582318008,0,-0.060536742,0
32.90792465,-15.68512344,1,-9.070903778,1,-7.148731232,1,-1.394865274,1,-2.093467236,1,1.200578451,1,0.220172048,0,-0.592391968,0,-0.056245245,0
32.91192627,-14.9131422,1,-4.867250443,1,-11.73369789,1,-1.487052321,1,-1.699789405,1,0.970612526,1,0.21268934,0,-0.600708961,0,-0.053203497,0
32.91592789,-16.26762772,1,-1.447756529,1,-13.41587925,1,-1.413905978,1,-1.218613625,1,0.886853695,1,0.205166236,0,-0.607239664,0,-0.050322585,0
32.91992569,-14.30502129,1,3.855933189,1,-14.0453043,1,-1.253483415,1,-0.703922153,1,0.937397957,1,0.197803363,0,-0.611698747,0,-0.046839327,0
32.92392349,-14.66410351,1,3.732087851,1,-13.25624084,1,-0.891444564,1,-0.337432265,1,0.778700173,1,0.191440597,0,-0.614397705,0,-0.043204669,0
32.92792511,-8.546740532,1,1.707285881,1,-8.980394363,1,-0.709556162,1,-0.200545296,1,0.659161329,1,0.18642354,0,-0.615888,0,-0.039994083,0
32.93192291,-6.686973095,1,-1.234650493,1,-8.876101494,1,-0.584382474,1,-0.29803592,1,0.472218961,1,0.182377055,0,-0.617300272,0,-0.037454415,0
32.93592453,-7.852499962,1,-3.222191572,1,-9.896866798,1,-0.47774151,1,-0.272273362,1,0.28365019,1,0.179359347,0,-0.618718863,0,-0.035914186,0
32.93992615,-7.875484943,1,-2.646428347,1,-9.735267639,1,-0.407364279,1,-0.20057784,1,0.251228899,1,0.177003115,0,-0.619833648,0,-0.034871925,0
32.94392395,-6.925670147,1,-1.842908263,1,-9.023070335,1,-0.358507276,1,-0.161648661,1,0.283275604,1,0.174804777,0,-0.620717406,0,-0.033731934,0
32.94792175,-5.234608173,1,-2.613913536,1,-9.096079826,1,-0.305400163,1,-0.166437119,1,0.286582261,1,0.173113883,0,-0.619403183,0,-0.014521991,0
32.95192337,-4.689666271,1,-3.240489721,1,-9.008981705,1,-0.277546197,1,-0.227019861,1,0.285373181,1,0.171241894,0,-0.620368659,0,-0.013308452,0
32.95592117,-5.037035465,1,-3.802559137,1,-8.803131104,1,-0.255171061,1,-0.24519363,1,0.281350732,1,0.169519752,0,-0.621486723,0,-0.012156482,0
32.95992279,-4.731879234,1,-4.164905071,1,-8.666005135,1,-0.2765733,1,-0.247634351,1,0.314501196,1,0.167736501,0,-0.622648656,0,-0.010908764,0
32.96392441,-4.882599354,1,-3.91932559,1,-8.660740852,1,-0.293683141,1,-0.259375989,1,0.340746254,1,0.165789708,0,-0.623871386,0,-0.009519713,0
32.96792221,-4.657104969,1,-3.152718067,1,-8.764521599,1,-0.278410226,1,-0.245697826,1,0.341988862,1,0.163789675,0,-0.625090241,0,-0.008057339,0
32.97192001,-4.175052166,1,-2.322603464,1,-8.866204262,1,-0.252891183,1,-0.273580164,1,0.33954826,1,0.161866277,0,-0.626330316,0,-0.006599966,0
32.97592163,-5.210029602,1,-1.468955398,1,-8.876995087,1,-0.214393333,1,-0.279305905,1,0.321902156,1,0.160102069,0,-0.627639055,0,-0.005203477,0
32.97991943,-5.635514259,1,-1.02032125,1,-8.668941498,1,-0.15487349,1,-0.263696223,1,0.283108205,1,0.158629254,0,-0.628905535,0,-0.003949469,0
32.98392105,-5.63895607,1,-1.387675881,1,-8.590878487,1,-0.107739374,1,-0.247918606,1,0.243805677,1,0.157461733,0,-0.630082786,0,-0.002856008,0
32.9879303,-5.129502296,1,-2.164222479,1,-8.637716293,1,-0.084087715,1,-0.233107701,1,0.22188729,1,0.156527236,0,-0.631177485,0,-0.00190718,0
32.99193192,-4.464940548,1,-2.82804966,1,-8.675541878,1,-0.066004515,1,-0.249114305,1,0.220016822,1,0.155694693,0,-0.63227272,0,-0.001011946,0
32.99593353,-4.434673309,1,-3.104589939,1,-8.676025391,1,-0.06942559,1,-0.271128863,1,0.233349055,1,0.154879972,0,-0.633432627,0,-9.65E-05,0
32.99993515,-4.680853367,1,-2.796775103,1,-8.470070839,1,-0.062367324,1,-0.2861453,1,0.243644357,1,0.15405111,0,-0.634682059,0,0.000863414,0
33.00393295,-5.097515106,1,-2.484060526,1,-8.4135952,1,-0.04941247,1,-0.293717831,1,0.253416449,1,0.153233469,0,-0.635976017,0,0.001864687,0
33.00793076,-5.390923977,1,-2.539511442,1,-8.357401848,1,-0.04668539,1,-0.294808269,1,0.255525619,1,0.152439073,0,-0.637288868,0,0.002889822,0
33.01193237,-4.853040218,1,-2.897982597,1,-8.277380943,1,-0.045266807,1,-0.300043374,1,0.246709317,1,0.151661098,0,-0.63860023,0,0.003897661,0
33.01593018,-4.756202698,1,-3.042119265,1,-8.408654213,1,-0.058670554,1,-0.305117249,1,0.241367102,1,0.150872424,0,-0.639938235,0,0.004864325,0
33.01993179,-4.918806553,1,-3.002361298,1,-8.29799366,1,-0.073929295,1,-0.310289979,1,0.231115684,1,0.150044516,0,-0.641299367,0,0.005793785,0
33.02393341,-5.105008125,1,-3.038681269,1,-8.122059822,1,-0.093472242,1,-0.305067897,1,0.21966134,1,0.149177045,0,-0.642650545,0,0.006682477,0
33.02793121,-5.201782703,1,-3.020102024,1,-8.104990005,1,-0.101270221,1,-0.307743251,1,0.19313176,1,0.148314983,0,-0.643986583,0,0.007475385,0
33.03192902,-5.041482925,1,-2.576303959,1,-8.257933617,1,-0.101985812,1,-0.305122524,1,0.168462932,1,0.147497252,0,-0.64530611,0,0.008146767,0
33.03593063,-4.89558506,1,-1.87340343,1,-8.53023243,1,-0.09054596,1,-0.314233661,1,0.146879911,1,0.146775961,0,-0.646623671,0,0.008697317,0
33.03992844,-4.92076683,1,-1.507373333,1,-8.549324036,1,-0.065540984,1,-0.319520175,1,0.124153972,1,0.146194398,0,-0.647953868,0,0.00913748,0
33.04393005,-5.136454582,1,-1.359676123,1,-8.522948265,1,-0.043109104,1,-0.32553494,1,0.087395757,1,0.145787627,0,-0.649303734,0,0.009430351,0
33.04793167,-5.121131897,1,-1.353917003,1,-8.377785683,1,-0.008985146,1,-0.330996215,1,0.054742564,1,0.145615309,0,-0.650652409,0,0.009535691,0
33.05192947,-5.044482231,1,-1.47927916,1,-8.424497604,1,0.028246,1,-0.32961458,1,0.030601783,1,0.145670742,0,-0.651983738,0,0.009507474,0
33.05592728,-4.813605785,1,-1.630858541,1,-8.408416748,1,0.05754536,1,-0.333958834,1,0.00652287,1,0.14592807,0,-0.653311193,0,0.009362339,0
33.05992889,-4.652690887,1,-1.908136725,1,-8.50650692,1,0.077893227,1,-0.337843031,1,-0.002503838,1,0.146348327,0,-0.654638827,0,0.009112879,0
33.0639267,-4.77927494,1,-2.086427927,1,-8.408004761,1,0.095378585,1,-0.341522217,1,-0.011117046,1,0.146868825,0,-0.655979037,0,0.008829902,0
33.06792831,-4.849070072,1,-2.401579857,1,-8.172793388,1,0.110341236,1,-0.341677457,1,6.98E-05,1,0.147457361,0,-0.657326519,0,0.008551921,0
33.07192993,-5.017805099,1,-2.876091719,1,-7.983296871,1,0.106012218,1,-0.343356371,1,0.00931289,1,0.148037568,0,-0.65867573,0,0.008316294,0
33.07592773,-5.074398518,1,-3.333866119,1,-7.736197472,1,0.097725913,1,-0.32975632,1,0.023843283,1,0.148551568,0,-0.660009503,0,0.008154565,0
33.07992554,-4.987284184,1,-3.671875238,1,-7.664569378,1,0.071337812,1,-0.310124189,1,0.053234782,1,0.148937806,0,-0.66129601,0,0.008094875,0
33.08392716,-5.005620956,1,-3.911086559,1,-7.56790638,1,0.039656058,1,-0.294426829,1,0.078763805,1,0.149094447,0,-0.662532151,0,0.008194599,0
33.08792496,-5.045427799,1,-4.02148819,1,-7.423143387,1,0.008361682,1,-0.269792318,1,0.094977215,1,0.149060354,0,-0.663705707,0,0.00842018,0
33.09192658,-5.15485239,1,-3.801706791,1,-7.362888813,1,-0.013592697,1,-0.247047305,1,0.121170282,1,0.148827881,0,-0.664799154,0,0.008774134,0
33.09592819,-5.183795452,1,-3.525493622,1,-7.496035099,1,-0.039226975,1,-0.21622777,1,0.138292491,1,0.14841257,0,-0.66579473,0,0.009253796,0
33.099926,-5.032604218,1,-3.251283407,1,-7.613601208,1,-0.055057727,1,-0.19775416,1,0.152255267,1,0.147874847,0,-0.666704834,0,0.009827049,0
33.1039238,-4.941990852,1,-2.860457897,1,-7.787325382,1,-0.059504773,1,-0.186068133,1,0.157825291,1,0.147243977,0,-0.667546928,0,0.010464395,0
33.10792542,-4.839158535,1,-2.548578501,1,-7.959905624,1,-0.050964847,1,-0.179305822,1,0.161455065,1,0.146604478,0,-0.668363154,0,0.011118075,0
33.11193085,-4.94133091,1,-2.143666267,1,-7.987103939,1,-0.042777114,1,-0.170475021,1,0.156292781,1,0.145979747,0,-0.669150352,0,0.011802956,0
33.11593247,-4.963707924,1,-2.071014881,1,-8.103354454,1,-0.020000871,1,-0.170853928,1,0.157437131,1,0.145442694,0,-0.669911683,0,0.012470704,0
33.11993408,-4.927577972,1,-2.18220067,1,-8.089162827,1,-0.010138372,1,-0.171182424,1,0.149685532,1,0.144970849,0,-0.67067349,0,0.013123942,0
33.12393189,-5.039952278,1,-2.2903409,1,-8.04925251,1,0.002891275,1,-0.171018302,1,0.145076528,1,0.144566476,0,-0.671436191,0,0.013742898,0
33.12792969,-5.045880318,1,-2.48660326,1,-7.991632938,1,0.005829451,1,-0.175938591,1,0.13726598,1,0.144231752,0,-0.67220813,0,0.01432397,0
33.13193131,-5.04381609,1,-2.531559944,1,-7.980577469,1,0.009225123,1,-0.170187697,1,0.135812432,1,0.143920481,0,-0.672967076,0,0.014887683,0
33.13592911,-5.0388484,1,-2.567623615,1,-7.993382931,1,0.009733828,1,-0.168804213,1,0.133029714,1,0.143619135,0,-0.673712432,0,0.015440726,0
33.13993073,-5.115708828,1,-2.386534691,1,-7.974550724,1,0.017190006,1,-0.166450635,1,0.129880488,1,0.14334324,0,-0.674450815,0,0.015980275,0
33.14393234,-5.150728703,1,-2.34514761,1,-7.935564518,1,0.026108228,1,-0.161366507,1,0.128952011,1,0.143090382,0,-0.675168514,0,0.016528513,0
33.14793015,-5.206781864,1,-2.364948273,1,-7.909883499,1,0.031332489,1,-0.152120486,1,0.12588954,1,0.142874181,0,-0.675843358,0,0.017066533,0
33.15192795,-5.219844341,1,-2.253997564,1,-7.891150951,1,0.034485057,1,-0.149457306,1,0.122903794,1,0.142670214,0,-0.67651242,0,0.017594798,0
33.15592957,-5.316533089,1,-2.331282616,1,-7.760685444,1,0.03512257,1,-0.142762274,1,0.121381134,1,0.142488167,0,-0.677159429,0,0.018112764,0
33.15992737,-5.222041607,1,-2.638674974,1,-7.665436745,1,0.033799537,1,-0.129140466,1,0.122696012,1,0.142308235,0,-0.677765012,0,0.018626893,0
33.16392899,-5.097446918,1,-3.020522594,1,-7.644243717,1,0.027395733,1,-0.120879233,1,0.128877252,1,0.142087817,0,-0.67833817,0,0.01917121,0
33.1679306,-4.96133709,1,-3.182606697,1,-7.723936558,1,0.011814993,1,-0.108155936,1,0.138074219,1,0.141784966,0,-0.678861558,0,0.019777987,0
33.17192841,-4.968485355,1,-3.295958996,1,-7.787045956,1,-0.002947342,1,-0.101361729,1,0.152442768,1,0.141389683,0,-0.679353952,0,0.0204357,0
33.17592621,-4.972022533,1,-3.304862976,1,-7.759570122,1,-0.01488918,1,-0.097316779,1,0.167554572,1,0.140901327,0,-0.679834902,0,0.021176143,0
33.17992783,-5.004356384,1,-3.240863562,1,-7.817437649,1,-0.026905145,1,-0.094610676,1,0.186960235,1,0.140298128,0,-0.680310845,0,0.022009518,0
33.18392563,-5.059350967,1,-3.05283308,1,-7.908354282,1,-0.032971218,1,-0.095750585,1,0.200658411,1,0.139611319,0,-0.680796027,0,0.022918291,0
33.18792725,-5.022690296,1,-3.000648975,1,-7.98021698,1,-0.045232151,1,-0.097933732,1,0.210889116,1,0.138846219,0,-0.681291044,0,0.02389805,0
33.19192886,-4.97640419,1,-2.841804266,1,-8.070690155,1,-0.06855616,1,-0.106387243,1,0.215733171,1,0.137980372,0,-0.681815624,0,0.024903778,0
33.19592667,-5.002316475,1,-2.504551649,1,-8.105442047,1,-0.063641876,1,-0.115046591,1,0.215377316,1,0.201206326,0,-0.642243862,0,0.053881485,0
33.19992447,-5.042512417,1,-2.491983652,1,-8.148804665,1,-0.057881802,1,-0.11807961,1,0.218125939,1,0.200399652,0,-0.642878056,0,0.054834124,0
33.20392609,-5.003944397,1,-2.502794027,1,-8.112098694,1,-0.063169211,1,-0.126601279,1,0.215049759,1,0.199597687,0,-0.643527925,0,0.055781804,0
33.20792389,-5.062574387,1,-2.512825727,1,-8.131083488,1,-0.057034619,1,-0.132284313,1,0.215828732,1,0.198810205,0,-0.644205987,0,0.056709606,0
33.21192551,-5.079899788,1,-2.49337554,1,-8.192403793,1,-0.056533623,1,-0.143202931,1,0.221051395,1,0.198017865,0,-0.644919455,0,0.057647169,0
33.21592712,-5.049667835,1,-2.506074905,1,-8.194267273,1,-0.052603722,1,-0.147209406,1,0.220259488,1,0.197240591,0,-0.645659626,0,0.058583368,0
33.21992493,-5.123609066,1,-2.584712744,1,-8.238796234,1,-0.05278568,1,-0.155372143,1,0.230889305,1,0.196448877,0,-0.646431327,0,0.059545282,0
33.22392273,-4.97657299,1,-2.59726429,1,-8.192938805,1,-0.052054599,1,-0.163126081,1,0.239684105,1,0.195633069,0,-0.647241473,0,0.060541745,0
33.22792435,-5.03377533,1,-2.711621284,1,-8.250110626,1,-0.049219403,1,-0.175565839,1,0.246877804,1,0.194815755,0,-0.648101807,0,0.06157412,0
33.23192978,-4.906347752,1,-2.733363628,1,-8.267371178,1,-0.043107629,1,-0.192939326,1,0.261211544,1,0.193981022,0,-0.649025798,0,0.062646143,0
33.23592758,-4.835449696,1,-2.787263632,1,-8.392869949,1,-0.036756333,1,-0.209118381,1,0.273801863,1,0.193135098,0,-0.650017679,0,0.063769445,0
33.2399292,-4.903755665,1,-2.98721838,1,-8.399539948,1,-0.052187178,1,-0.231789291,1,0.284513533,1,0.192252517,0,-0.651095748,0,0.064933762,0
33.243927,-4.867316723,1,-2.894943714,1,-8.425097466,1,-0.066245206,1,-0.261098087,1,0.297976345,1,0.191285491,0,-0.652277887,0,0.066135809,0
33.24792862,-4.882470608,1,-2.540965319,1,-8.489598274,1,-0.051181037,1,-0.280779809,1,0.309108704,1,0.190294683,0,-0.653563023,0,0.067375146,0
33.25193024,-4.859922409,1,-2.543460131,1,-8.543038368,1,-0.034483351,1,-0.308853865,1,0.319586754,1,0.189358205,0,-0.654955506,0,0.068643205,0
33.25592804,-4.767439365,1,-2.57277894,1,-8.669513702,1,-0.027828857,1,-0.337933093,1,0.329244286,1,0.188447028,0,-0.656464219,0,0.069950834,0
33.25992584,-4.818728924,1,-2.618743181,1,-8.691410065,1,-0.010531705,1,-0.37011373,1,0.340337664,1,0.187557787,0,-0.658108592,0,0.071279235,0
33.26392746,-4.851590157,1,-2.779684782,1,-8.650274277,1,-0.006605059,1,-0.394751161,1,0.352901042,1,0.186685786,0,-0.659870207,0,0.072644658,0
33.26792526,-4.76598835,1,-3.280559063,1,-8.720643997,1,-0.030591451,1,-0.431049585,1,0.373794883,1,0.185743645,0,-0.661778986,0,0.074072056,0
33.27192688,-4.763492107,1,-3.002995729,1,-8.678239822,1,-0.058040351,1,-0.475775212,1,0.38589859,1,0.184643522,0,-0.663841188,0,0.07554011,0
33.2759285,-4.821570396,1,-2.776886225,1,-8.697949409,1,-0.046604246,1,-0.509310186,1,0.409979373,1,0.1834995,0,-0.666082323,0,0.077062644,0
33.2799263,-4.861181259,1,-2.717168093,1,-8.694145203,1,-0.038237788,1,-0.541412771,1,0.429203212,1,0.182329386,0,-0.668450475,0,0.07867787,0
33.28392792,-4.863832951,1,-2.74676013,1,-8.737416267,1,-0.022700122,1,-0.577086627,1,0.449557483,1,0.181161314,0,-0.670976341,0,0.080367044,0
33.28792954,-4.824503422,1,-2.911043406,1,-8.727901459,1,-0.03316202,1,-0.618832827,1,0.468663275,1,0.179959267,0,-0.673650146,0,0.082120478,0
33.29192734,-4.881922722,1,-3.273816109,1,-8.772335052,1,-0.046271,1,-0.661727965,1,0.496178895,1,0.178661585,0,-0.67650938,0,0.083962172,0
33.29592514,-5.057910919,1,-3.185934544,1,-8.487101555,1,-0.084495366,1,-0.702414811,1,0.520937145,1,0.17717202,0,-0.679564178,0,0.085918427,0
33.29992676,-5.160599709,1,-2.588321924,1,-8.581689835,1,-0.084172606,1,-0.744049311,1,0.532809556,1,0.175557643,0,-0.682787776,0,0.087934092,0
33.30392456,-5.064904213,1,-2.307237148,1,-8.740646362,1,-0.082833119,1,-0.779340208,1,0.547436535,1,0.173917294,0,-0.686173201,0,0.089993268,0
33.30792618,-4.972541809,1,-2.331703424,1,-8.76223278,1,-0.086550102,1,-0.816605568,1,0.547149241,1,0.172256604,0,-0.689677954,0,0.092080452,0
33.3119278,-4.966995716,1,-2.605631828,1,-8.893866539,1,-0.109091379,1,-0.858448446,1,0.559003115,1,0.170533687,0,-0.693362117,0,0.094164826,0
33.3159256,-5.039517879,1,-3.267693043,1,-8.945978165,1,-0.156710386,1,-0.912251115,1,0.568038166,1,0.16865097,0,-0.697237551,0,0.096289612,0
33.3199234,-4.790873051,1,-2.999269009,1,-8.96117878,1,-0.187779665,1,-0.978451431,1,0.584207714,1,0.166569233,0,-0.701349437,0,0.098435402,0
33.32392502,-4.898340702,1,-2.65664959,1,-9.144774437,1,-0.185972542,1,-1.032642484,1,0.603289664,1,0.164389715,0,-0.705704093,0,0.100641541,0
33.32792282,-4.796644211,1,-2.921970606,1,-9.142985344,1,-0.190707386,1,-1.093936443,1,0.630766749,1,0.162153408,0,-0.710309029,0,0.102933086,0
33.33192444,-4.930949211,1,-3.170202255,1,-9.278044701,1,-0.205903143,1,-1.163198113,1,0.656085849,1,0.159800917,0,-0.715170741,0,0.105325677,0
33.33592606,-5.026237965,1,-3.685134649,1,-9.399107933,1,-0.254679859,1,-1.240518332,1,0.681089938,1,0.157248393,0,-0.720337868,0,0.107820868,0
33.33992386,-4.893136501,1,-3.460867167,1,-9.447962761,1,-0.31040436,1,-1.320337176,1,0.709645152,1,0.154391736,0,-0.72582072,0,0.110422306,0
33.34392166,-5.232532024,1,-3.296180487,1,-9.896185875,1,-0.356859624,1,-1.4003371,1,0.737233877,1,0.151235417,0,-0.731652856,0,0.113146603,0
33.34792328,-4.661197186,1,-2.845255136,1,-9.786355019,1,-0.375397503,1,-1.492991328,1,0.768668473,1,0.147856355,0,-0.737812638,0,0.116005316,0
33.35192871,-4.547719002,1,-2.733257771,1,-9.79341507,1,-0.374979854,1,-1.587846041,1,0.798513472,1,0.144356459,0,-0.744366288,0,0.118976906,0
33.35593033,-5.099975586,1,-3.144718647,1,-9.778596878,1,-0.417258382,1,-1.682363749,1,0.839694083,1,0.140632659,0,-0.751309335,0,0.122131623,0
33.35993195,-4.757635117,1,-2.945064545,1,-9.576289177,1,-0.461478084,1,-1.781774759,1,0.877927601,1,0.13657172,0,-0.758637488,0,0.12548852,0
33.36392975,-4.806194782,1,-2.538827658,1,-9.68225956,1,-0.48526904,1,-1.892210722,1,0.896038413,1,0.132257387,0,-0.766400099,0,0.128987938,0
33.36792755,-4.724191666,1,-2.095190287,1,-9.703239441,1,-0.491058886,1,-2.006447792,1,0.924610555,1,0.127772033,0,-0.774597049,0,0.132608607,0
33.37192917,-5.095409393,1,-2.363959789,1,-9.897086143,1,-0.508122385,1,-2.113785028,1,0.961463153,1,0.123100683,0,-0.783239245,0,0.136422291,0
33.37592697,-4.936056137,1,-2.436940432,1,-9.636763573,1,-0.538269639,1,-2.223749399,1,0.998072982,1,0.118137509,0,-0.792312503,0,0.140469864,0
33.37992477,-4.623396873,1,-2.551466942,1,-9.561222076,1,-0.556700766,1,-2.352223873,1,1.027559161,1,0.112903863,0,-0.801869035,0,0.144731596,0
33.38392639,-4.707032681,1,-2.495428324,1,-9.677209854,1,-0.561218202,1,-2.48651123,1,1.069805861,1,0.107421078,0,-0.811946034,0,0.149229378,0
33.38792801,-4.674119473,1,-2.506366968,1,-9.93241024,1,-0.554824471,1,-2.619235039,1,1.119067669,1,0.101671129,0,-0.822557926,0,0.154043674,0
33.39192581,-4.902916431,1,-2.772257328,1,-10.18561172,1,-0.552231908,1,-2.766373634,1,1.177834749,1,0.095641375,0,-0.833729446,0,0.159232855,0
33.39592743,-4.343898773,1,-2.675553322,1,-10.1402483,1,-0.525897443,1,-2.940625668,1,1.241013765,1,0.089309298,0,-0.845528722,0,0.164848641,0
33.39992523,-4.408082485,1,-3.134166002,1,-10.44153023,1,-0.507084668,1,-3.130269766,1,1.304053426,1,0.082628436,0,-0.8580603,0,0.170979768,0
33.40392685,-4.110396385,1,-3.48209548,1,-10.51854897,1,-0.488872796,1,-3.331730843,1,1.392507434,1,0.075547136,0,-0.871362388,0,0.177689776,0
33.40792847,-4.049145699,1,-4.065366268,1,-11.17404842,1,-0.490823388,1,-3.545793295,1,1.468486905,1,0.067892246,0,-0.885494053,0,0.185095429,0
33.41192627,-4.646116734,1,-4.669702053,1,-11.71296597,1,-0.495413005,1,-3.797433853,1,1.586143136,1,0.059519064,0,-0.900538802,0,0.193327859,0
33.41592407,-4.686432838,1,-5.686241627,1,-12.16116714,1,-0.547475815,1,-4.023081779,1,1.681215644,1,0.050214227,0,-0.916509569,0,0.202506468,0
33.41992569,-4.133807182,1,-6.901987076,1,-11.88236523,1,-0.626104116,1,-4.29624939,1,1.839207292,1,0.039561242,0,-0.933431745,0,0.212936148,0
33.42392349,-4.50988245,1,-7.705427647,1,-12.24843597,1,-0.745148063,1,-4.567728996,1,2.01044488,1,0.027019598,0,-0.951409936,0,0.225024983,0
33.42792511,-4.144994259,1,-7.821029663,1,-12.0935812,1,-0.821657062,1,-4.87498951,1,2.168046474,1,0.012453167,0,-0.970454037,0,0.238954127,0
33.43192673,-4.323672295,1,-8.251558304,1,-12.31242085,1,-0.898799717,1,-5.163513184,1,2.378763676,1,-0.004425137,0,-0.990575016,0,0.255126834,0
33.43592453,-5.046076298,1,-9.3022995,1,-12.34076023,1,-0.977507949,1,-5.419248581,1,2.620871305,1,-0.024175812,0,-1.01159811,0,0.274164081,0
33.43992233,-5.987757683,1,-11.65979576,1,-12.6911459,1,-1.165514231,1,-5.681983471,1,2.891740084,1,-0.047788721,0,-1.033389091,0,0.296840072,0
33.44392777,-7.051238537,1,-12.65467453,1,-13.50449848,1,-1.415916085,1,-5.908673286,1,3.194389343,1,-0.076333709,0,-1.055802822,0,0.323891699,0
33.44792557,-7.541958809,1,-12.33030891,1,-14.25566292,1,-1.661615372,1,-6.047821522,1,3.500032663,1,-0.113321282,0,-1.076403379,0,0.37077564,0
33.45192337,-7.847188473,1,-12.1273241,1,-15.14981079,1,-1.871837854,1,-6.204202652,1,3.759863377,1,-0.154062733,0,-1.098762393,0,0.408798277,0
33.45592499,-10.75778961,1,-9.66924572,1,-16.28083611,1,-1.991596818,1,-6.305160522,1,3.955296755,1,-0.201367751,0,-1.120698452,0,0.452933669,0
33.45992279,-14.54449463,1,-8.566953659,1,-16.64510345,1,-2.059045076,1,-6.271188259,1,4.11341095,1,-0.254960686,0,-1.141563773,0,0.503205299,0
33.46392441,-14.04354668,1,-8.382102966,1,-16.27733231,1,-2.183349609,1,-6.184139729,1,4.269930363,1,-0.315279484,0,-1.160784364,0,0.559960425,0
33.46792603,-13.05568123,1,-8.315132141,1,-16.19638252,1,-2.370904922,1,-6.224511147,1,4.366098404,1,-0.382663488,0,-1.178158998,0,0.623281538,0
33.47192764,-16.24547386,1,-7.047077656,1,-15.87136555,1,-2.381072998,1,-6.185967445,1,4.285087109,1,-0.456355721,0,-1.193838,0,0.69244355,0
33.47592926,-18.66936493,1,-6.481026173,1,-15.74577713,1,-2.230604887,1,-6.041323662,1,4.33921814,1,-0.534497797,0,-1.207185507,0,0.7663697,0
33.47993088,-20.97143936,1,-6.654328823,1,-16.15699196,1,-2.119981766,1,-5.80638504,1,4.374938488,1,-0.616926193,0,-1.217579246,0,0.845076561,0
33.48392868,-23.71962357,1,-7.71911335,1,-16.57689476,1,-1.948136568,1,-5.440214157,1,4.32614994,1,-0.700577736,0,-1.224736929,0,0.925470769,0
33.48792648,-21.92752266,1,-8.5259161,1,-15.75367641,1,-1.945437074,1,-5.18640852,1,4.3217659,1,-0.783800483,0,-1.228705525,0,1.005687833,0
33.4919281,-19.86113167,1,-11.79438686,1,-11.370718,1,-1.904750943,1,-4.988331795,1,4.403995514,1,-0.866443872,0,-1.229601502,0,1.08518827,0
33.4959259,-19.83994293,1,-9.828538895,1,-12.35773087,1,-2.229050159,1,-5.033918381,1,4.585878849,1,-0.95045495,0,-1.227772474,0,1.165667653,0
33.49992752,-20.35608292,1,-8.663518906,1,-10.71028996,1,-2.471067667,1,-4.725522518,1,4.566339016,1,-1.03314209,0,-1.223158479,0,1.243527532,0
33.50392914,-16.37577629,1,-9.057518959,1,-8.201322556,1,-2.871219158,1,-4.341531277,1,4.664786339,1,-1.11128819,0,-1.215604305,0,1.315433025,0
33.50792694,-12.39463329,1,-7.270080566,1,-7.462943554,1,-3.335116386,1,-3.868554354,1,4.517749786,1,-1.183786154,0,-1.205579281,0,1.379599333,0
33.51192474,-10.91584778,1,-5.54843092,1,-8.330804825,1,-3.747016668,1,-3.314174175,1,4.257829666,1,-1.248251915,0,-1.19408226,0,1.433552504,0
33.51592636,-16.10301971,1,-5.273729324,1,-10.27681732,1,-3.88296175,1,-3.004739761,1,3.844478607,1,-1.305249333,0,-1.182198405,0,1.478474021,0
33.51992416,-19.40395355,1,-4.504911423,1,-13.93162346,1,-3.674431086,1,-2.510031462,1,3.354345083,1,-1.354611754,0,-1.170864582,0,1.515457988,0
33.52392578,-17.82335472,1,1.204990387,1,-13.38682842,1,-3.294201136,1,-2.083195448,1,3.108633995,1,-1.39519918,0,-1.160019636,0,1.544450641,0
33.5279274,-25.39237785,1,6.205596924,1,-14.4130125,1,-2.633404255,1,-1.854602337,1,2.829985142,1,-1.429112673,0,-1.149511337,0,1.568442345,0
33.5319252,-27.40304756,1,3.46243906,1,-16.11141586,1,-2.040250301,1,-1.117512226,1,2.608558178,1,-1.454548478,0,-1.139510393,0,1.586276293,0
33.535923,-15.97850513,1,-0.942124486,1,-14.9172802,1,-1.788991094,1,-0.409000695,1,2.361083746,1,-1.47091043,0,-1.129930258,0,1.595890045,0
33.53992462,-7.731966496,1,-4.839617729,1,-11.70260811,1,-1.460245252,1,7.10E-05,1,1.969819903,1,-1.480686307,0,-1.121348381,0,1.599454284,0
33.54392242,-6.147656918,1,-6.37494278,1,-9.385659218,1,-1.119414806,1,0.120086692,1,1.724954844,1,-1.486573815,0,-1.114030242,0,1.60034585,0
33.54792404,-7.972784996,1,-6.148934841,1,-9.759306908,1,-1.065218329,1,0.264111876,1,1.672713041,1,-1.490510345,0,-1.107237339,0,1.599921227,0
33.55192566,-8.531263351,1,-7.054908752,1,-10.06285858,1,-1.177590728,1,0.482873857,1,1.64902842,1,-1.493098736,0,-1.100486755,0,1.597804904,0
33.55592346,-6.394825459,1,-8.122505188,1,-9.036601067,1,-1.289514065,1,0.65589875,1,1.575551271,1,-1.494548082,0,-1.093868256,0,1.59387958,0
33.55992127,-4.184556484,1,-8.249394417,1,-7.646324635,1,-1.354864478,1,0.760745823,1,1.481935978,1,-1.495271206,0,-1.087562084,0,1.588719726,0
33.56392288,-3.251821518,1,-8.159493446,1,-7.041102886,1,-1.42711103,1,0.856182873,1,1.409207106,1,-1.495571613,0,-1.081555724,0,1.582777619,0
33.56792069,-2.541611433,1,-7.934058666,1,-6.814431667,1,-1.534115434,1,0.958568096,1,1.352416515,1,-1.495513082,0,-1.075770974,0,1.575991154,0
33.5719223,-1.792610288,1,-7.663375378,1,-6.446279049,1,-1.625893235,1,1.064369678,1,1.279137611,1,-1.495142579,0,-1.070208788,0,1.568369627,0
33.57592392,-1.358592272,1,-7.32747221,1,-6.159823895,1,-1.665992737,1,1.153171897,1,1.177331924,1,-1.49438107,0,-1.064961553,0,1.559973359,0
33.57992172,-0.858158529,1,-7.092524529,1,-5.854915142,1,-1.679083586,1,1.247769475,1,1.059188366,1,-1.493084788,0,-1.060138106,0,1.550823808,0
33.58391953,-0.282309324,1,-6.903979778,1,-5.529067039,1,-1.675668836,1,1.349017143,1,0.934854925,1,-1.491138458,0,-1.055754781,0,1.540884256,0
33.58792114,0.163905293,1,-6.769086361,1,-5.321853638,1,-1.65702796,1,1.450654387,1,0.821003377,1,-1.488479137,0,-1.051804543,0,1.530157566,0
33.59192658,0.559221983,1,-6.716887474,1,-5.125843525,1,-1.624068618,1,1.55368197,1,0.691177547,1,-1.485041618,0,-1.048283458,0,1.518622994,0
33.59592819,0.677972257,1,-6.703589916,1,-5.033539295,1,-1.573392153,1,1.6568259,1,0.562704086,1,-1.480743766,0,-1.045215845,0,1.506271124,0
33.59992981,0.819734216,1,-6.825892448,1,-4.923745632,1,-1.528260231,1,1.763904095,1,0.418692052,1,-1.475548267,0,-1.042629719,0,1.493081689,0
33.60392761,0.945237994,1,-7.019144058,1,-4.828448296,1,-1.489895225,1,1.871933579,1,0.282137871,1,-1.469432831,0,-1.040518999,0,1.479009032,0
33.60792542,1.047659159,1,-7.231744289,1,-4.70621109,1,-1.460514784,1,1.973841548,1,0.14100334,1,-1.462463021,0,-1.038869143,0,1.464079857,0
33.61192703,1.061667323,1,-7.504823685,1,-4.619943619,1,-1.443221211,1,2.091173649,1,0.012335734,1,-1.454620242,0,-1.037649632,0,1.448237062,0
33.61592484,1.051374078,1,-7.736450672,1,-4.515883446,1,-1.437143564,1,2.206761122,1,-0.127806902,1,-1.445900917,0,-1.036852002,0,1.431419253,0
33.61992645,0.925729275,1,-7.957776546,1,-4.488443375,1,-1.445574522,1,2.32098937,1,-0.265882432,1,-1.436313748,0,-1.036465645,0,1.41358006,0
33.62392807,0.715149283,1,-8.113826752,1,-4.468280792,1,-1.454252601,1,2.444058418,1,-0.410526395,1,-1.425844312,0,-1.036474466,0,1.394683242,0
33.62792587,0.377064914,1,-8.138477325,1,-4.553023338,1,-1.464882374,1,2.571094036,1,-0.559296131,1,-1.414420009,0,-1.036887407,0,1.374627829,0
33.63192368,0.094211183,1,-8.175872803,1,-4.56621933,1,-1.470628023,1,2.706661224,1,-0.704369247,1,-1.401956558,0,-1.037671924,0,1.353339911,0
33.63592529,-0.052981686,1,-7.978582382,1,-4.734870911,1,-1.459137917,1,2.841645241,1,-0.859810889,1,-1.388347268,0,-1.038815975,0,1.330732822,0
33.6399231,-0.532101214,1,-7.929860115,1,-4.636565208,1,-1.441763163,1,2.98788619,1,-1.013506532,1,-1.373473287,0,-1.040301681,0,1.306749225,0
33.64392471,-0.991260231,1,-7.732441425,1,-4.816626549,1,-1.390639901,1,3.143577337,1,-1.172688723,1,-1.357115984,0,-1.042078733,0,1.281232834,0
33.64792633,-1.309055567,1,-7.568084717,1,-4.967674255,1,-1.326203346,1,3.301755428,1,-1.344534636,1,-1.339081526,0,-1.044147611,0,1.254062295,0
33.65192413,-1.599987745,1,-7.433424473,1,-5.122359753,1,-1.252635121,1,3.455311537,1,-1.5189538,1,-1.319264174,0,-1.046470761,0,1.225185394,0
33.65592194,-1.715911508,1,-7.216138363,1,-5.134260654,1,-1.166365981,1,3.6066401,1,-1.693342805,1,-1.297548532,0,-1.049005866,0,1.194529653,0
33.65992355,-2.058699369,1,-7.104614258,1,-5.207270145,1,-1.06262815,1,3.76156044,1,-1.864516258,1,-1.27385056,0,-1.051697731,0,1.162074089,0
33.66392136,-2.256583452,1,-7.164373398,1,-5.278573036,1,-0.959454119,1,3.910900354,1,-2.030562401,1,-1.248057127,0,-1.054435968,0,1.127737403,0
33.66792297,-2.604561567,1,-7.420752525,1,-5.232452869,1,-0.860692322,1,4.057032108,1,-2.184494019,1,-1.220198274,0,-1.057136655,0,1.091560364,0
33.67192459,-2.990563869,1,-7.6001544,1,-5.244472027,1,-0.769670844,1,4.199911594,1,-2.342336893,1,-1.190274119,0,-1.05969286,0,1.053499222,0
33.67592239,-3.363567352,1,-7.653014183,1,-5.233428001,1,-0.706313372,1,4.325064659,1,-2.499921799,1,-1.158419847,0,-1.062049031,0,1.013622403,0
33.6799202,-3.654192448,1,-7.706364632,1,-5.182856083,1,-0.671313584,1,4.448046684,1,-2.645268679,1,-1.124794602,0,-1.064110875,0,0.971999943,0
33.68392181,-3.841605902,1,-7.742566586,1,-5.02986908,1,-0.64063257,1,4.550879002,1,-2.791559935,1,-1.089556575,0,-1.065791011,0,0.928727567,0
33.68791962,-4.022968292,1,-7.697566032,1,-4.96796751,1,-0.609597445,1,4.639191628,1,-2.922210217,1,-1.052893281,0,-1.067014456,0,0.883992553,0
33.69192123,-4.222281456,1,-7.690999031,1,-4.841289043,1,-0.592048883,1,4.72078228,1,-3.034968376,1,-1.01501441,0,-1.067678452,0,0.838004231,0
33.69592285,-4.434299946,1,-7.585252285,1,-4.793754578,1,-0.568847597,1,4.778264523,1,-3.132296562,1,-0.185508907,0,-1.190010309,0,1.214545846,0
33.69992065,-4.704886913,1,-7.453921795,1,-4.740045071,1,-0.543527961,1,4.834244251,1,-3.216339111,1,-0.149348065,0,-1.173170805,0,1.173060536,0
33.70391846,-5.01927042,1,-7.277638912,1,-4.788124084,1,-0.507732272,1,4.862231731,1,-3.291768789,1,-0.115515999,0,-1.155672312,0,1.133937836,0
33.70792007,-5.477885723,1,-7.110334396,1,-4.776288509,1,-0.469447345,1,4.894684315,1,-3.357441425,1,-0.083870225,0,-1.137571692,0,1.097070813,0
33.71192551,-5.891244411,1,-6.986357212,1,-4.846379757,1,-0.423189342,1,4.922168732,1,-3.420216322,1,-0.054248899,0,-1.1189152,0,1.062321186,0
33.71592331,-6.341797829,1,-6.871004581,1,-4.963720322,1,-0.367016882,1,4.952008724,1,-3.473623037,1,-0.026523223,0,-1.09973228,0,1.029591441,0
33.71992493,-6.872310638,1,-6.867396832,1,-5.110565186,1,-0.305858761,1,4.986386299,1,-3.52482605,1,-0.000524474,0,-1.080041289,0,0.998754025,0
33.72392273,-7.389110565,1,-6.811655045,1,-5.302624702,1,-0.238662124,1,5.028037071,1,-3.573670626,1,0.023891091,0,-1.059848785,0,0.969668925,0
33.72792435,-8.009688377,1,-6.799612522,1,-5.473022461,1,-0.172288239,1,5.075818539,1,-3.623558283,1,0.046884418,0,-1.039141178,0,0.942206979,0
33.73192596,-8.750787735,1,-6.709677219,1,-5.666596413,1,-0.093521863,1,5.146312237,1,-3.679824114,1,0.068584725,0,-1.017883301,0,0.916246533,0
33.73592377,-9.395137787,1,-6.662608624,1,-5.872556686,1,-0.019557474,1,5.226843357,1,-3.738513231,1,0.089155234,0,-0.996044397,0,0.891644955,0
33.73992157,-9.727002144,1,-6.655202389,1,-5.999955654,1,0.055191249,1,5.311276436,1,-3.79974556,1,0.108705185,0,-0.973580122,0,0.868271232,0
33.743927,-9.978061676,1,-6.624484062,1,-6.061071873,1,0.131967619,1,5.393444061,1,-3.862318039,1,0.127291813,0,-0.950510383,0,0.846070945,0
33.74792481,-10.12205029,1,-6.646526814,1,-6.188402653,1,0.19866623,1,5.471977711,1,-3.917123556,1,0.144982368,0,-0.926864326,0,0.824960709,0
33.75192261,-10.1955328,1,-6.634854794,1,-6.222372055,1,0.275039971,1,5.534291267,1,-3.963653803,1,0.161804602,0,-0.902691424,0,0.804927766,0
33.75592423,-10.08662987,1,-6.639066696,1,-6.218062401,1,0.346544117,1,5.575639725,1,-4.006119251,1,0.177810729,0,-0.878076971,0,0.785922766,0
33.75992203,-9.94035244,1,-6.626957893,1,-6.257237434,1,0.419084162,1,5.60551405,1,-4.030188084,1,0.193061665,0,-0.853131175,0,0.767913818,0
33.76392365,-9.804537773,1,-6.599624634,1,-6.273500443,1,0.499290615,1,5.605288982,1,-4.053122044,1,0.207611397,0,-0.827942848,0,0.750852048,0
33.76792526,-9.691853523,1,-6.526963711,1,-6.28380537,1,0.579846382,1,5.579080105,1,-4.058766842,1,0.221544102,0,-0.802632034,0,0.734671116,0
33.77192307,-9.546678543,1,-6.536570549,1,-6.376235008,1,0.665451646,1,5.536379337,1,-4.06034708,1,0.234927446,0,-0.777301252,0,0.719333887,0
33.77592087,-9.637692451,1,-6.554782391,1,-6.415213585,1,0.761160553,1,5.473062515,1,-4.053035259,1,0.247861743,0,-0.752049327,0,0.704770625,0
33.77992249,-9.807720184,1,-6.486669064,1,-6.636760712,1,0.865974247,1,5.401339531,1,-4.044113636,1,0.260426581,0,-0.726923704,0,0.690960705,0
33.78392029,-10.09077549,1,-6.509759426,1,-6.845101357,1,0.977743745,1,5.325276852,1,-4.032823563,1,0.272722453,0,-0.701968789,0,0.677818656,0
33.78792191,-10.41120148,1,-6.463191986,1,-7.095469952,1,1.093096495,1,5.253673077,1,-4.025946617,1,0.284826577,0,-0.677192688,0,0.665284276,0
33.79192352,-10.85576153,1,-6.56558609,1,-7.349376678,1,1.204393387,1,5.19225359,1,-4.025017738,1,0.296813637,0,-0.652561784,0,0.653297067,0
33.79592133,-11.23348904,1,-6.721076965,1,-7.77149868,1,1.322899699,1,5.138176441,1,-4.029443264,1,0.308731169,0,-0.628033221,0,0.641804516,0
33.79991913,-11.74608898,1,-6.798250198,1,-8.179369926,1,1.434282064,1,5.092722416,1,-4.042480469,1,0.320630997,0,-0.603574693,0,0.630748868,0
33.80392075,-12.48056412,1,-6.946613312,1,-8.646469116,1,1.557595611,1,5.064487934,1,-4.07482338,1,0.33256653,0,-0.579128444,0,0.620078325,0
33.80791855,-13.1778326,1,-7.132008076,1,-9.111873627,1,1.670347929,1,5.059864044,1,-4.119736671,1,0.344576001,0,-0.55459249,0,0.609732449,0
33.81192017,-13.88546848,1,-7.454145432,1,-9.536306381,1,1.76937902,1,5.077912807,1,-4.176374912,1,0.356661469,0,-0.529851019,0,0.599667609,0
33.81592178,-14.4621706,1,-7.814971447,1,-9.877602577,1,1.858709455,1,5.107370377,1,-4.255946636,1,0.368765473,0,-0.504827857,0,0.589853823,0
33.81991959,-14.82566738,1,-8.262376785,1,-10.23593998,1,1.924999118,1,5.128870964,1,-4.341932297,1,0.380894721,0,-0.479487032,0,0.580200493,0
33.82391739,-15.10422897,1,-8.752179146,1,-10.65528488,1,1.973231673,1,5.13768959,1,-4.445444584,1,0.392999828,0,-0.453840375,0,0.570658445,0
33.82791901,-15.30810738,1,-9.080238342,1,-11.03265285,1,2.006360292,1,5.117224216,1,-4.555261612,1,0.405035794,0,-0.427938372,0,0.561130524,0
33.83192444,-15.61738014,1,-9.392946243,1,-11.50557995,1,2.014602184,1,5.077120781,1,-4.677731037,1,0.416942477,0,-0.401864827,0,0.551542103,0
33.83592224,-15.84316349,1,-9.558787346,1,-11.95120335,1,2.014444351,1,5.007095814,1,-4.802826881,1,0.428696215,0,-0.375684321,0,0.541801274,0
33.83992386,-16.15764999,1,-9.553695679,1,-12.32205391,1,2.017305613,1,4.908634663,1,-4.927166939,1,0.440286487,0,-0.34949854,0,0.531846225,0
33.84392166,-16.65856743,1,-9.562850952,1,-12.65590858,1,2.027894258,1,4.786687851,1,-5.043847084,1,0.451741606,0,-0.323398769,0,0.521647751,0
33.84791946,-17.35595894,1,-9.512666702,1,-12.99619961,1,2.059163809,1,4.640060902,1,-5.156816483,1,0.463117093,0,-0.29746747,0,0.511173069,0
33.85192108,-18.47945786,1,-9.478318214,1,-13.31915665,1,2.098494291,1,4.488205433,1,-5.252828121,1,0.47444126,0,-0.271766096,0,0.50042057,0
33.85591888,-19.89579201,1,-9.351564407,1,-13.58611774,1,2.152225971,1,4.336218834,1,-5.340117455,1,0.485751927,0,-0.246320173,0,0.48941344,0
33.8599205,-21.5825119,1,-9.173612595,1,-13.74145508,1,2.21571207,1,4.187708855,1,-5.419691563,1,0.497084469,0,-0.221144304,0,0.478178799,0
33.86392212,-23.38337708,1,-8.886398315,1,-13.70257759,1,2.301870108,1,4.050452709,1,-5.480427265,1,0.508473337,0,-0.196209416,0,0.466768831,0
33.86791992,-25.35360336,1,-8.265435219,1,-13.57989025,1,2.408513546,1,3.930630684,1,-5.532468319,1,0.519986093,0,-0.171490699,0,0.455247581,0
33.87191773,-26.97496414,1,-5.520561695,1,-12.78597069,1,2.565080166,1,3.840865612,1,-5.62443018,1,0.531754434,0,-0.14685896,0,0.44362551,0
33.87591934,-26.11084557,1,1.395033836,1,-14.0936079,1,2.867799759,1,3.632889032,1,-5.802576542,1,0.544212639,0,-0.122301422,0,0.431551695,0
33.87991715,-26.49197197,1,0.96666038,1,-12.86127186,1,3.225370884,1,3.54040432,1,-5.986771584,1,0.5577811,0,-0.09777952,0,0.418868572,0
33.88391876,-28.66788483,1,0.565877557,1,-10.73983669,1,3.606748104,1,3.545614719,1,-6.113722801,1,0.572553813,0,-0.072825946,0,0.405948877,0
33.88792038,-29.55240059,1,0.660852432,1,-9.626676559,1,3.886807442,1,3.463496685,1,-6.163477421,1,0.588349104,0,-0.047617424,0,0.393077195,0
33.89191818,-28.97933388,1,-0.275184602,1,-7.488589287,1,4.007871151,1,3.315656424,1,-6.146996021,1,0.60463655,0,-0.022542508,0,0.380310714,0
33.89591599,-28.04397964,1,-0.782072544,1,-5.3020854,1,4.005961895,1,3.079653502,1,-6.04092598,1,0.620826006,0,0.001967983,0,0.367736936,0
33.8999176,-26.5899334,1,-0.181802154,1,-3.701358795,1,3.906525612,1,2.730184078,1,-5.889890671,1,0.63650167,0,0.025416607,0,0.35526678,0
33.90391922,-24.88628006,1,1.421479821,1,-2.307955503,1,3.757350445,1,2.288953543,1,-5.686039448,1,0.651374578,0,0.047358591,0,0.342782229,0
33.90791702,-23.72644043,1,4.110265732,1,-1.116183877,1,3.609641314,1,1.793192506,1,-5.475215912,1,0.665383041,0,0.06748125,0,0.330105424,0
33.91191864,-23.68094826,1,6.898082256,1,-0.199265838,1,3.507733822,1,1.280694485,1,-5.268030643,1,0.678616226,0,0.085661143,0,0.317078471,0
33.91591644,-24.83596802,1,8.974761963,1,0.451230079,1,3.425586462,1,0.799696863,1,-5.055615425,1,0.691230416,0,0.101945877,0,0.303656459,0
33.91991425,-26.81363487,1,10.6964016,1,0.994542122,1,3.355441809,1,0.346585959,1,-4.833766937,1,0.703284323,0,0.116393827,0,0.289873928,0
33.92391968,-29.56458092,1,12.14807606,1,1.588822484,1,3.28406024,1,-0.040676851,1,-4.594828129,1,0.71483773,0,0.129116103,0,0.2758407,0
33.92791367,-32.63617706,1,12.90020943,1,2.29504776,1,3.192034721,1,-0.340860307,1,-4.340880871,1,0.725910068,0,0.140307188,0,0.261751622,0
33.93191528,-35.00909042,1,12.89990997,1,2.89736414,1,3.017591715,1,-0.524038255,1,-4.045787811,1,0.736350775,0,0.150212064,0,0.247946545,0
33.9359169,-35.43239594,1,11.70841885,1,3.436892271,1,2.711808205,1,-0.649278581,1,-3.694926262,1,0.745811403,0,0.158950731,0,0.234781638,0
33.9399147,-35.09717941,1,10.12760258,1,4.054624557,1,2.316455126,1,-0.754120827,1,-3.289877176,1,0.753907204,0,0.166420341,0,0.22246483,0
33.94391632,-33.61704636,1,7.915483475,1,4.467190266,1,1.760391474,1,-0.859303057,1,-2.807789326,1,0.760190904,0,0.172465712,0,0.211214349,0
33.94791794,-31.35857964,1,5.425829887,1,4.800136089,1,1.07541132,1,-0.97767657,1,-2.232117414,1,0.761329889,0,0.183560833,0,0.183993459,0
33.95191956,-28.70832825,1,3.629883528,1,5.188168049,1,0.296073079,1,-1.104920983,1,-1.578445196,1,0.762497783,0,0.185822576,0,0.175436288,0
33.95592117,-26.59481049,1,2.974603653,1,4.754937172,1,-0.408893973,1,-1.247493982,1,-0.881297946,1,0.760958374,0,0.185819432,0,0.168511465,0
33.95992279,-25.10485077,1,3.496699572,1,3.752226591,1,-0.974062622,1,-1.386733294,1,-0.208325997,1,0.757181406,0,0.183489621,0,0.16321516,0
33.96392059,-23.91990852,1,4.30638361,1,2.378907681,1,-1.3954705,1,-1.496544242,1,0.408472866,1,0.751726389,0,0.179004475,0,0.15950866,0
33.9679184,-13.69414043,1,-0.348131865,1,-5.217039585,1,-1.758955002,1,-1.67845118,1,1.015809655,1,0.74509269,0,0.172499225,0,0.157250136,0
33.97192001,1.440890193,1,-0.7901963,1,-6.990929604,1,-1.835428834,1,-2.459137917,1,1.843345761,1,0.737357199,0,0.162600175,0,0.156034857,0
33.97591782,-12.9581728,1,2.12994504,1,-9.545876503,1,-2.326976538,1,-2.516845465,1,2.133429766,1,0.729122758,0,0.149411201,0,0.155107453,0
33.97991943,11.133008,1,-9.468892097,1,-17.35702705,1,-2.596694708,1,-1.991774201,1,1.916080594,1,0.719166756,0,0.137432665,0,0.155335769,0
33.98392105,9.803712845,1,-12.55021095,1,-17.41588783,1,-2.622563839,1,-2.217857599,1,2.167918682,1,0.708856821,0,0.125824288,0,0.155945972,0
33.98791885,8.441868782,1,-9.653490067,1,-16.66790581,1,-2.733537197,1,-2.099293232,1,2.252648354,1,0.698198736,0,0.113353178,0,0.157108724,0
33.99191666,18.32150269,1,-3.292406797,1,-17.80926895,1,-2.248779058,1,-2.297631025,1,2.255892754,1,0.688239396,0,0.100996137,0,0.158520907,0
33.99591827,12.05865383,1,-4.284394264,1,-15.06822014,1,-2.272136211,1,-3.03027606,1,2.196876526,1,0.679380059,0,0.087087192,0,0.158729479,0
33.99991608,9.42118454,1,-2.427609921,1,-8.644256592,1,-2.194195986,1,-3.564398766,1,2.108776808,1,0.670227289,0,0.071417637,0,0.157206401,0
34.00391769,12.91445065,1,0.012410356,1,-4.634415627,1,-2.034512997,1,-4.561297417,1,2.180963278,1,0.661601901,0,0.053524774,0,0.153963119,0
34.00791931,10.22751331,1,2.892012119,1,-8.573791504,1,-1.801600218,1,-5.704746246,1,2.310972452,1,0.653557181,0,0.031675376,0,0.148529202,0
34.01191711,-3.065649986,1,5.832125664,1,-12.47343731,1,-1.385742307,1,-6.445143223,1,2.200650692,1,0.647248566,0,0.006812499,0,0.140997007,0
34.01591492,-18.2653923,1,6.013569355,1,-15.53586102,1,-1.102761984,1,-6.410208702,1,1.866878629,1,0.642166615,0,-0.018859401,0,0.131927818,0
34.01991653,-17.0270443,1,5.242949486,1,-18.27121544,1,-0.757617593,1,-6.084442616,1,1.59686923,1,0.638898134,0,-0.042932663,0,0.122537628,0
34.02391434,-20.95563698,1,6.69838953,1,-18.87294579,1,-0.572836041,1,-5.859805584,1,1.607011795,1,0.636705756,0,-0.065944158,0,0.11337959,0
34.02791596,-23.12301064,1,5.98806572,1,-20.55085564,1,-0.235212341,1,-5.311831951,1,1.547819853,1,0.6357041,0,-0.087701365,0,0.105129026,0
34.03191757,-20.48829079,1,8.350769997,1,-18.80599403,1,0.060272347,1,-4.766628265,1,1.5876894,1,0.636037767,0,-0.107611328,0,0.098154679,0
34.03591538,-18.61776924,1,6.426672459,1,-16.95071793,1,0.302694082,1,-4.356655598,1,1.749173284,1,0.637472928,0,-0.126182958,0,0.092640191,0
34.03991318,-18.8106575,1,2.138264894,1,-16.23323059,1,0.431328177,1,-3.922703266,1,1.913392067,1,0.639521003,0,-0.143870756,0,0.088626541,0
34.0439148,-21.28692055,1,-3.724844694,1,-14.27716064,1,0.395874321,1,-3.430997372,1,2.0741992,1,0.641641438,0,-0.160482317,0,0.086198568,0
34.0479126,-22.5637722,1,-7.691598892,1,-12.18362713,1,0.357198477,1,-2.853980064,1,2.053822756,1,0.643311679,0,-0.175559953,0,0.085311674,0
34.05191422,-22.90116882,1,-12.83869553,1,-8.978116035,1,0.248042464,1,-2.313788891,1,1.799672127,1,0.644527793,0,-0.18849133,0,0.085329197,0
34.05591583,-18.70625496,1,-15.65518761,1,-5.95136261,1,0.08324109,1,-1.979473352,1,1.426500201,1,0.645203054,0,-0.199159041,0,0.085354246,0
34.05991364,-15.1757679,1,-17.17082024,1,-4.540941715,1,-0.284350276,1,-1.800744772,1,1.249219298,1,0.644920409,0,-0.208387643,0,0.085045479,0
34.06391144,-11.24865437,1,-13.88074875,1,-3.872477055,1,-0.654355943,1,-1.658546686,1,1.100441813,1,0.643058956,0,-0.216696292,0,0.084654428,0
34.06791306,-7.452710152,1,-10.62374973,1,-5.634889603,1,-0.892594993,1,-1.622130394,1,1.049102187,1,0.640066981,0,-0.224514782,0,0.084136404,0
34.07191849,-7.107868195,1,-7.391710281,1,-7.769620419,1,-1.099856138,1,-1.536454558,1,1.071115732,1,0.63617003,0,-0.232114762,0,0.08373706,0
34.07592011,-8.597615242,1,-4.388340473,1,-9.574043274,1,-1.205426097,1,-1.28616631,1,1.155144334,1,0.631459594,0,-0.239340767,0,0.083965674,0
34.07992172,-9.846362114,1,-1.590756655,1,-10.32124138,1,-1.206809163,1,-0.97275573,1,1.259132862,1,0.626340508,0,-0.245847151,0,0.085242689,0
34.08391953,-7.924992085,1,-3.269654036,1,-9.556196213,1,-1.259935856,1,-0.640967309,1,1.224229932,1,0.620851874,0,-0.251322985,0,0.087460816,0
34.08791733,-7.840807915,1,-2.796211243,1,-9.079236031,1,-1.26805079,1,-0.511931658,1,1.255028129,1,0.615094006,0,-0.256079167,0,0.090304382,0
34.09191895,-9.005918503,1,-5.297597408,1,-8.657636642,1,-1.329312086,1,-0.377647012,1,1.147004247,1,0.609112024,0,-0.26030311,0,0.09332259,0
34.09591675,-7.997020721,1,-5.762908459,1,-8.376966476,1,-1.328071833,1,-0.331190467,1,0.974158049,1,0.603070974,0,-0.263870418,0,0.096129075,0
34.09991837,-8.188354492,1,-6.845662594,1,-9.332139969,1,-1.332570791,1,-0.330202073,1,0.762803137,1,0.597194672,0,-0.266931385,0,0.098301873,0
34.10391998,-8.463751793,1,-3.948204517,1,-9.326372147,1,-1.29415369,1,-0.264130652,1,0.647676051,1,0.59146142,0,-0.26947099,0,0.099999726,0
34.10791779,-6.065228939,1,-0.998086452,1,-10.0022049,1,-1.240793943,1,-0.220585153,1,0.636657655,1,0.585955203,0,-0.27168107,0,0.101678841,0
34.11191559,-6.194349766,1,-0.483365387,1,-10.44256592,1,-1.114231944,1,-0.179437548,1,0.603594482,1,0.580774546,0,-0.273722053,0,0.103358015,0
34.11591721,-4.993055344,1,-0.921127737,1,-9.816514969,1,-1.007279873,1,-0.190581605,1,0.576177597,1,0.576115608,0,-0.275625467,0,0.105002977,0
34.11991501,-5.502577782,1,-2.294855356,1,-9.397753716,1,-0.901657879,1,-0.205992222,1,0.50953263,1,0.57191515,0,-0.277474105,0,0.106429584,0
34.12391663,-5.762201786,1,-3.015834332,1,-8.654574394,1,-0.852736175,1,-0.198716864,1,0.469906479,1,0.568065286,0,-0.279219747,0,0.107672662,0
34.12791824,-6.410548687,1,-3.513880491,1,-8.203009605,1,-0.833091259,1,-0.177143633,1,0.45265913,1,0.564375579,0,-0.280840397,0,0.108862504,0
34.13191605,-6.884769917,1,-3.035128593,1,-8.14925766,1,-0.795919299,1,-0.136036202,1,0.416944146,1,0.560780764,0,-0.282297969,0,0.11004743,0
34.13591385,-5.77710247,1,-2.119120836,1,-8.307971001,1,-0.759960711,1,-0.117129833,1,0.392550617,1,0.557344198,0,-0.283582628,0,0.111207075,0
34.13991547,-5.319724083,1,-1.202750564,1,-8.777242661,1,-0.705640078,1,-0.121594563,1,0.363815784,1,0.554106355,0,-0.284789801,0,0.112292461,0
34.14391327,-5.876460075,1,-0.421346694,1,-9.360805511,1,-0.623519659,1,-0.104967415,1,0.322627515,1,0.551167786,0,-0.285901904,0,0.113265827,0
34.14791489,-4.878920555,1,-0.666881979,1,-9.038068771,1,-0.55254519,1,-0.092660546,1,0.30725041,1,0.548572123,0,-0.286897719,0,0.11417111,0
34.1519165,-4.520117283,1,-1.500145674,1,-9.151317596,1,-0.499705255,1,-0.122003809,1,0.267592281,1,0.546242595,0,-0.287863851,0,0.114961788,0
34.15591431,-4.233604431,1,-2.34189105,1,-9.150496483,1,-0.449536771,1,-0.150794059,1,0.253079683,1,0.544169188,0,-0.28886503,0,0.11559739,0
34.15991211,-3.745482922,1,-2.597748041,1,-8.918061256,1,-0.414011657,1,-0.1909713,1,0.254909039,1,0.542292058,0,-0.289969385,0,0.116133884,0
34.16391373,-3.870215893,1,-2.64719677,1,-8.878209114,1,-0.38091889,1,-0.245717734,1,0.263187736,1,0.540579736,0,-0.29125315,0,0.116585404,0
34.16791153,-3.915728331,1,-2.512321949,1,-8.886762619,1,-0.33863011,1,-0.288695961,1,0.262049496,1,0.539028943,0,-0.29270947,0,0.116959445,0
34.17191315,-4.06670332,1,-2.185662031,1,-9.016511917,1,-0.306746036,1,-0.331185549,1,0.262074113,1,0.537661254,0,-0.294310868,0,0.11723876,0
34.17591476,-4.472146034,1,-1.85682869,1,-8.941673279,1,-0.264176369,1,-0.367766142,1,0.248231083,1,0.536469102,0,-0.296030223,0,0.117408775,0
34.17991257,-4.941721916,1,-1.75785923,1,-8.77338028,1,-0.231412709,1,-0.373540521,1,0.229921058,1,0.535464227,0,-0.297796547,0,0.11747437,0
34.18391037,-5.044787884,1,-2.123574734,1,-8.567883492,1,-0.204472929,1,-0.379839748,1,0.212206513,1,0.534601986,0,-0.299545914,0,0.11747428,0
34.18791199,-4.871696949,1,-2.247039795,1,-8.437329292,1,-0.179848537,1,-0.375053823,1,0.196384236,1,0.533851802,0,-0.30125922,0,0.117409855,0
34.19190979,-4.562422276,1,-2.171410322,1,-8.528414726,1,-0.157768115,1,-0.386978984,1,0.183979005,1,0.533215106,0,-0.302952677,0,0.117283061,0
34.19591522,-4.845039368,1,-1.659478068,1,-8.759622574,1,-0.126797438,1,-0.403728068,1,0.157130286,1,0.306009233,0,-0.605035424,0,0.637623489,0
34.19991684,-4.889125824,1,-0.883875728,1,-8.799085617,1,-0.074767955,1,-0.413764864,1,0.12601763,1,0.305567384,0,-0.606767356,0,0.637683213,0
34.20391464,-4.954387188,1,-0.419899672,1,-8.939368248,1,-0.013217548,1,-0.429999411,1,0.085467234,1,0.305459619,0,-0.608512998,0,0.637544513,0
34.20791626,-5.005700111,1,-0.489753067,1,-8.916909218,1,0.049976993,1,-0.441845894,1,0.034641113,1,0.305751354,0,-0.610245645,0,0.637177348,0
34.21191788,-4.758810043,1,-1.067425251,1,-8.698643684,1,0.102450959,1,-0.462269336,1,-0.010364748,1,0.306414187,0,-0.611997068,0,0.636557162,0
34.21591568,-4.541361809,1,-1.666892886,1,-8.535842896,1,0.144537091,1,-0.47609058,1,-0.038215011,1,0.307374597,0,-0.613757849,0,0.635746956,0
34.21991348,-4.599396229,1,-2.443000793,1,-8.478284836,1,0.158240885,1,-0.490938127,1,-0.052158717,1,0.308530331,0,-0.61554575,0,0.634809256,0
34.2239151,-4.737156868,1,-3.160974264,1,-8.215216637,1,0.146058589,1,-0.49659732,1,-0.04055604,1,0.309700578,0,-0.617376447,0,0.633857131,0
34.2279129,-4.811929703,1,-3.801533937,1,-7.884427547,1,0.127836376,1,-0.491006225,1,-0.023015415,1,0.310765564,0,-0.619227409,0,0.632969856,0
34.23191071,-5.160965443,1,-4.299443245,1,-7.588287354,1,0.093495764,1,-0.468386203,1,0.003574617,1,0.31167084,0,-0.621051431,0,0.632193923,0
34.23591614,-5.120569229,1,-4.665659904,1,-7.500150204,1,0.039517339,1,-0.448573321,1,0.033289012,1,0.31229201,0,-0.622824311,0,0.631591737,0
34.23991013,-5.174971581,1,-4.575431824,1,-7.351881504,1,-0.011659291,1,-0.410504162,1,0.077763408,1,0.312575907,0,-0.624534607,0,0.631207466,0
34.24391174,-5.324881554,1,-4.510126114,1,-7.200044632,1,-0.056275122,1,-0.37305522,1,0.103294231,1,0.31253317,0,-0.626135349,0,0.631034374,0
34.24791336,-5.230383873,1,-4.052959919,1,-7.34578228,1,-0.100326858,1,-0.33457014,1,0.128635451,1,0.312206417,0,-0.627627075,0,0.631045818,0
34.25191116,-5.143322945,1,-3.601326942,1,-7.60798645,1,-0.117463209,1,-0.30173862,1,0.151215464,1,0.311659664,0,-0.629013121,0,0.631225705,0
34.25591278,-5.067070007,1,-3.190720558,1,-7.834140778,1,-0.138110027,1,-0.278243631,1,0.171850502,1,0.310935408,0,-0.63031733,0,0.631568551,0
34.2599144,-5.070921898,1,-2.722535849,1,-7.977563381,1,-0.131463304,1,-0.265410602,1,0.184256449,1,0.310153753,0,-0.631569147,0,0.631985545,0
34.2639122,-5.079656124,1,-2.231737375,1,-8.133615494,1,-0.113659069,1,-0.253271908,1,0.183856085,1,0.309379488,0,-0.632777989,0,0.632460296,0
34.26791,-4.997973919,1,-2.135958195,1,-8.204613686,1,-0.089478865,1,-0.243770987,1,0.174121559,1,0.308682203,0,-0.633939505,0,0.632934093,0
34.27191162,-5.021426201,1,-2.186378241,1,-8.192334175,1,-0.072050102,1,-0.240126282,1,0.171838328,1,0.308069289,0,-0.635080397,0,0.633404553,0
34.27590942,-4.957108974,1,-2.359986782,1,-8.126367569,1,-0.057063822,1,-0.228566945,1,0.165367931,1,0.307549953,0,-0.636182904,0,0.633840024,0
34.27991104,-4.934451103,1,-2.320632458,1,-8.142139435,1,-0.045644794,1,-0.230499849,1,0.156124368,1,0.307103276,0,-0.637256384,0,0.634256721,0
34.28391266,-4.923290253,1,-2.200062513,1,-8.235318184,1,-0.021219384,1,-0.229188159,1,0.151764259,1,0.306740791,0,-0.638310969,0,0.634647131,0
34.28791046,-5.068661213,1,-1.983041763,1,-8.252469063,1,-0.003168491,1,-0.225664228,1,0.149527088,1,0.306464285,0,-0.639357507,0,0.635021865,0
34.29190826,-5.10378027,1,-1.944606066,1,-8.153924942,1,0.027092427,1,-0.228923038,1,0.129651591,1,0.306328326,0,-0.640383601,0,0.635346651,0
34.29590988,-5.199874401,1,-2.158904791,1,-8.058209419,1,0.045033444,1,-0.227402583,1,0.123539887,1,0.30631423,0,-0.641414821,0,0.635611713,0
34.29990768,-5.276537895,1,-2.485126257,1,-7.900844097,1,0.058801472,1,-0.22865805,1,0.120808057,1,0.306386024,0,-0.642445028,0,0.635842979,0
34.3039093,-5.169099808,1,-2.676322222,1,-7.863554001,1,0.058631558,1,-0.226265609,1,0.118163757,1,0.306486964,0,-0.643454075,0,0.636065841,0
34.30791092,-5.232779026,1,-2.882587194,1,-7.873009682,1,0.04681474,1,-0.22688441,1,0.124858461,1,0.306558013,0,-0.644463658,0,0.63630116,0
34.31190872,-5.238223076,1,-2.90165019,1,-7.716402054,1,0.042256914,1,-0.220016479,1,0.124804042,1,0.30657804,0,-0.645468831,0,0.636563361,0
34.31591415,-5.136379719,1,-3.008947611,1,-7.682154655,1,0.03103466,1,-0.209369227,1,0.135664701,1,0.306537449,0,-0.646455109,0,0.636867583,0
34.31991577,-5.110878944,1,-3.249743938,1,-7.683911324,1,0.022578137,1,-0.203892335,1,0.146541998,1,0.306414008,0,-0.647410512,0,0.637236655,0
34.32391357,-5.0669837,1,-3.515298605,1,-7.593171597,1,-0.0091864,1,-0.194131389,1,0.163687229,1,0.306176752,0,-0.648360074,0,0.637676656,0
34.32791138,-5.024197102,1,-3.653484583,1,-7.530129433,1,-0.032970212,1,-0.177446291,1,0.181378156,1,0.305760562,0,-0.649279237,0,0.638220251,0
34.33191299,-4.989449024,1,-3.64875865,1,-7.624417782,1,-0.060571659,1,-0.167489663,1,0.202665597,1,0.305178732,0,-0.650171101,0,0.638885617,0
34.3359108,-5.027066231,1,-3.368637085,1,-7.729485989,1,-0.075065263,1,-0.156839609,1,0.224160671,1,0.304432988,0,-0.651050985,0,0.639659703,0
34.33991242,-5.042850018,1,-3.16057682,1,-7.720322132,1,-0.090970211,1,-0.141569734,1,0.230380774,1,0.303575486,0,-0.651888907,0,0.640524983,0
34.34391403,-5.059207916,1,-2.977106571,1,-7.803481579,1,-0.10517282,1,-0.134689525,1,0.23960638,1,0.302618206,0,-0.652701914,0,0.641455233,0
34.34791184,-5.092468262,1,-2.720350266,1,-7.859503269,1,-0.101518244,1,-0.130584881,1,0.242976502,1,0.301611453,0,-0.653483987,0,0.642420232,0
34.35190964,-5.06429863,1,-2.718405724,1,-7.92612648,1,-0.109311298,1,-0.122591719,1,0.240478784,1,0.300597489,0,-0.654255271,0,0.643399119,0
34.35591126,-5.129699707,1,-2.537330866,1,-7.994078636,1,-0.110811025,1,-0.116941676,1,0.239006877,1,0.299550354,0,-0.654989183,0,0.644372582,0
34.35990906,-5.066051006,1,-2.645762444,1,-8.095422745,1,-0.115478292,1,-0.12166886,1,0.235783473,1,0.298520505,0,-0.655719101,0,0.645335674,0
34.36390686,-5.081356525,1,-2.518577814,1,-8.034164429,1,-0.125246003,1,-0.122184277,1,0.232195705,1,0.297455609,0,-0.656472743,0,0.646281242,0
34.36790848,-5.158231258,1,-2.640046597,1,-7.986985683,1,-0.128645033,1,-0.124831155,1,0.23152034,1,0.296385527,0,-0.657216191,0,0.647208393,0
34.37190628,-5.091498375,1,-2.878393412,1,-7.970244408,1,-0.135251701,1,-0.115540981,1,0.232119337,1,0.29528904,0,-0.657950819,0,0.648147225,0
34.3759079,-5.06221056,1,-2.94192028,1,-7.9289217,1,-0.150785074,1,-0.112312347,1,0.237343177,1,0.294124812,0,-0.658652663,0,0.649110675,0
34.37990952,-5.187599659,1,-2.815489769,1,-7.872821331,1,-0.170490071,1,-0.110979162,1,0.239743635,1,0.292865276,0,-0.659355879,0,0.650104105,0
34.38390732,-5.158163071,1,-2.788414717,1,-7.841670513,1,-0.183645099,1,-0.095063604,1,0.248130158,1,0.291523397,0,-0.660028398,0,0.651127458,0
34.38790894,-5.143019199,1,-2.75525856,1,-7.874288082,1,-0.193155393,1,-0.089188784,1,0.244279429,1,0.290127039,0,-0.660667419,0,0.652183175,0
34.39190674,-5.136089325,1,-2.679789543,1,-7.920676231,1,-0.204517782,1,-0.087804869,1,0.252566248,1,0.288683414,0,-0.661286592,0,0.653253078,0
34.39590836,-5.236722469,1,-2.473028898,1,-7.941482067,1,-0.206973389,1,-0.085849427,1,0.255588025,1,0.287175238,0,-0.661904633,0,0.654354334,0
34.39990616,-5.048379421,1,-2.576262474,1,-7.978461266,1,-0.207062945,1,-0.088014998,1,0.260473102,1,0.285653085,0,-0.662517548,0,0.655486107,0
34.40390778,-4.958385468,1,-2.822207928,1,-8.107761383,1,-0.213101625,1,-0.093041256,1,0.265471429,1,0.284116566,0,-0.663153708,0,0.656629443,0
34.40790558,-4.787896156,1,-2.836193562,1,-8.259637833,1,-0.231867447,1,-0.108612202,1,0.27502498,1,0.282508254,0,-0.663843393,0,0.657807231,0
34.41190338,-4.905488968,1,-2.630392551,1,-8.268405914,1,-0.231642082,1,-0.129206941,1,0.28696239,1,0.280831367,0,-0.664617896,0,0.659017682,0
34.41591263,-4.954696178,1,-2.536309481,1,-8.292931557,1,-0.222258523,1,-0.140056118,1,0.296453595,1,0.279161811,0,-0.665446401,0,0.660253584,0
34.41991043,-4.882979393,1,-2.583202839,1,-8.364643097,1,-0.219493568,1,-0.163285434,1,0.303766966,1,0.277500451,0,-0.666350126,0,0.661509275,0
34.42390442,-4.866518497,1,-2.630961657,1,-8.376952171,1,-0.214997232,1,-0.180102199,1,0.308450758,1,0.275851309,0,-0.667335272,0,0.662768364,0
34.42790985,-4.835752964,1,-2.601486683,1,-8.410578728,1,-0.215055823,1,-0.200427085,1,0.315043271,1,0.274198532,0,-0.668412507,0,0.664045215,0
34.43190765,-4.787706375,1,-2.735918045,1,-8.497992516,1,-0.216101915,1,-0.23227188,1,0.33288151,1,0.272530913,0,-0.669598043,0,0.665343761,0
34.43591309,-4.716000557,1,-3.048387289,1,-8.605968475,1,-0.229701981,1,-0.262975276,1,0.350616157,1,0.270807654,0,-0.670910358,0,0.66668272,0
34.4399147,-4.702646255,1,-2.870738029,1,-8.611460686,1,-0.239731088,1,-0.298912406,1,0.366949975,1,0.269003332,0,-0.672374129,0,0.668066561,0
34.44391251,-4.766359806,1,-2.72317481,1,-8.744381905,1,-0.229991347,1,-0.328937143,1,0.385771871,1,0.272729129,0,-0.65260458,0,0.663188875,0
34.44791412,-4.783996105,1,-2.620001793,1,-8.773851395,1,-0.229591593,1,-0.366868883,1,0.399844259,1,0.273313433,0,-0.653548121,0,0.642228723,0
34.45191574,-4.773333549,1,-2.681278229,1,-8.831801414,1,-0.230898097,1,-0.408978522,1,0.414877951,1,0.271509647,0,-0.655480921,0,0.643679976,0
34.45591354,-4.72685194,1,-2.679332733,1,-8.789884567,1,-0.242204636,1,-0.454773992,1,0.431223154,1,0.269676358,0,-0.657599211,0,0.64514786,0
34.45991135,-4.866461754,1,-2.782952547,1,-8.839689255,1,-0.24542594,1,-0.506525397,1,0.448885202,1,0.267780632,0,-0.659922481,0,0.646653712,0
34.46391296,-4.80834198,1,-2.946569443,1,-8.862309456,1,-0.257142812,1,-0.549144804,1,0.468379945,1,0.265826166,0,-0.662437975,0,0.648192406,0
34.46791077,-4.669917583,1,-2.825996399,1,-8.883882523,1,-0.27027303,1,-0.599758506,1,0.48834312,1,0.263795257,0,-0.665166795,0,0.649774969,0
34.47191238,-4.899313927,1,-2.742504835,1,-8.925873756,1,-0.276632875,1,-0.652536452,1,0.506761789,1,0.261695385,0,-0.668107986,0,0.651403964,0
34.47591019,-4.836783886,1,-2.715694666,1,-8.942967415,1,-0.287911057,1,-0.706451952,1,0.519654632,1,0.259540945,0,-0.671259165,0,0.653054595,0
34.4799118,-5.138592243,1,-2.561001062,1,-9.002086639,1,-0.296437353,1,-0.761882901,1,0.542881548,1,0.257331163,0,-0.67464751,0,0.654724598,0
34.48390961,-4.935065746,1,-2.734525681,1,-9.092775345,1,-0.315050095,1,-0.810233593,1,0.559536099,1,0.25504759,0,-0.678252161,0,0.656425595,0
34.48791122,-4.615829468,1,-3.022064209,1,-9.030303955,1,-0.335218847,1,-0.86871171,1,0.579416275,1,0.252648234,0,-0.68206805,0,0.658177376,0
34.49190903,-4.585087776,1,-3.033468723,1,-9.188150406,1,-0.356435865,1,-0.929332614,1,0.596814692,1,0.250129193,0,-0.686132371,0,0.659962893,0
34.49590683,-4.69547081,1,-2.840295792,1,-9.235128403,1,-0.3747527,1,-0.9829849,1,0.619619966,1,0.247511029,0,-0.690438986,0,0.661785662,0
34.49990845,-4.810310841,1,-2.837845802,1,-9.229471207,1,-0.382014513,1,-1.039717078,1,0.641644239,1,0.244785175,0,-0.694988489,0,0.663689435,0
34.50390625,-5.058618546,1,-2.954405546,1,-9.41369915,1,-0.398759305,1,-1.113017321,1,0.671208203,1,0.241960898,0,-0.699792385,0,0.665658474,0
34.50790787,-4.832161903,1,-3.153478622,1,-9.407176018,1,-0.433916986,1,-1.176501989,1,0.687648058,1,0.238983333,0,-0.704881728,0,0.667686701,0
34.51190949,-4.875677586,1,-3.055459738,1,-9.665699005,1,-0.468944937,1,-1.253386617,1,0.71762991,1,0.235801384,0,-0.710275412,0,0.669796586,0
34.51590729,-4.737691879,1,-2.719846725,1,-9.750304222,1,-0.498307317,1,-1.351905465,1,0.743592322,1,0.232451335,0,-0.716024518,0,0.671945155,0
34.51990509,-4.649605751,1,-2.55740428,1,-9.862303734,1,-0.522993028,1,-1.446253777,1,0.772596002,1,0.228934184,0,-0.722165287,0,0.674178839,0
34.52390671,-5.004340172,1,-2.577462196,1,-10.06120396,1,-0.535312057,1,-1.537561893,1,0.789911985,1,0.225318968,0,-0.728682518,0,0.676439583,0
34.52790451,-5.127367973,1,-2.046123266,1,-10.18156624,1,-0.526403427,1,-1.626828671,1,0.811180592,1,0.221625239,0,-0.735565782,0,0.678765297,0
34.53190613,-4.08830595,1,-2.104794264,1,-9.69643116,1,-0.520184755,1,-1.728502393,1,0.844788969,1,0.217907354,0,-0.742817163,0,0.681171894,0
34.53590775,-4.617485046,1,-2.24737072,1,-9.919969559,1,-0.527943432,1,-1.838631034,1,0.855771899,1,0.214163005,0,-0.750529885,0,0.683610678,0
34.53990555,-4.584951401,1,-2.517573833,1,-9.887150764,1,-0.563247859,1,-1.951490164,1,0.893650115,1,0.210252717,0,-0.758670628,0,0.686127186,0
34.54390335,-4.870084763,1,-2.736577272,1,-10.1584053,1,-0.616167247,1,-2.061565876,1,0.929266512,1,0.206068322,0,-0.76728344,0,0.68876791,0
34.54790497,-4.353942394,1,-2.39704299,1,-9.922516823,1,-0.644808948,1,-2.187980175,1,0.969643414,1,0.201597556,0,-0.776358187,0,0.691559315,0
34.55190277,-4.390915394,1,-2.232582092,1,-9.934239388,1,-0.665609598,1,-2.326883078,1,1.001639009,1,0.196905509,0,-0.785988927,0,0.694482684,0
34.5559082,-4.543104649,1,-2.403013706,1,-9.983365059,1,-0.676736951,1,-2.452785969,1,1.046916127,1,0.192037553,0,-0.796158314,0,0.697570443,0
34.55990982,-4.498875618,1,-2.706200361,1,-10.05461788,1,-0.708356798,1,-2.599449635,1,1.097024322,1,0.186870769,0,-0.806888521,0,0.700901568,0
34.56390762,-4.63543129,1,-2.73813343,1,-9.992100716,1,-0.743896782,1,-2.726444244,1,1.147640228,1,0.18136549,0,-0.818175375,0,0.704462647,0
34.56790924,-4.329759598,1,-2.807401419,1,-9.986203194,1,-0.746374428,1,-2.892487288,1,1.21084249,1,0.175506979,0,-0.830083132,0,0.708369136,0
34.57191086,-4.461783409,1,-2.690742493,1,-10.03954124,1,-0.729460478,1,-3.045124531,1,1.275922775,1,0.169382825,0,-0.842621446,0,0.712624907,0
34.57590866,-4.157132626,1,-3.238753557,1,-10.02938747,1,-0.722504556,1,-3.218432665,1,1.35968411,1,0.162936226,0,-0.855852008,0,0.717355728,0
34.57990646,-3.941397429,1,-3.448543072,1,-10.01869583,1,-0.725233912,1,-3.407437801,1,1.446092129,1,0.156025589,0,-0.86981672,0,0.722640455,0
34.58390808,-4.19896698,1,-3.547165632,1,-10.47750473,1,-0.724348724,1,-3.616039991,1,1.538026333,1,0.14859128,0,-0.88460803,0,0.728536844,0
34.58790588,-3.960669756,1,-3.669532299,1,-10.65834236,1,-0.718458116,1,-3.839562178,1,1.639115095,1,0.140575409,0,-0.900277376,0,0.735137165,0
34.5919075,-3.764836788,1,-3.923954248,1,-11.09499931,1,-0.716223776,1,-4.100405693,1,1.764913082,1,0.131833106,0,-0.916921675,0,0.742592633,0
34.59590912,-4.290797234,1,-4.616812229,1,-11.43647861,1,-0.740960479,1,-4.368464947,1,1.910633206,1,0.122098885,0,-0.934655786,0,0.751114964,0
34.59990692,-4.760517597,1,-5.507971764,1,-11.59449482,1,-0.796367645,1,-4.60440588,1,2.068740845,1,0.110979892,0,-0.953395963,0,0.761039317,0
34.60390472,-4.861320496,1,-6.175566673,1,-11.54559517,1,-0.851712525,1,-4.850952625,1,2.241715908,1,0.098234966,0,-0.973103642,0,0.772571802,0
34.60790634,-5.556363583,1,-7.552350998,1,-11.63645172,1,-0.977265239,1,-5.091893673,1,2.476887941,1,0.083209828,0,-0.993768752,0,0.786245465,0
34.61190414,-5.502175808,1,-8.547562599,1,-11.46398067,1,-1.119518518,1,-5.329948902,1,2.733827829,1,0.065121815,0,-1.01531291,0,0.802730501,0
34.61590576,-6.514324188,1,-10.10185814,1,-11.59014511,1,-1.302102923,1,-5.597299099,1,3.030371189,1,0.043244913,0,-1.037764192,0,0.82265389,0
34.61990738,-6.776146889,1,-11.11098766,1,-11.58868694,1,-1.510261416,1,-5.733773708,1,3.293295383,1,0.016777294,0,-1.060814261,0,0.846688092,0
34.62390518,-8.1238451,1,-11.37970448,1,-12.13424683,1,-1.772029281,1,-5.830093861,1,3.561968088,1,-0.014921244,0,-1.083988547,0,0.875320494,0
34.62790299,-9.159182549,1,-10.90100002,1,-12.16723537,1,-2.022569656,1,-5.872748375,1,3.789217234,1,-0.052574314,0,-1.10687685,0,0.909133196,0
34.6319046,-9.868642807,1,-12.53616333,1,-11.9974041,1,-2.29381609,1,-5.759408951,1,3.876916409,1,-0.096298561,0,-1.128991961,0,0.948166192,0
34.63590241,-9.369808197,1,-12.02925014,1,-12.04445362,1,-2.59994626,1,-5.963739872,1,4.241583824,1,-0.147012874,0,-1.150324225,0,0.993424535,0
34.63990402,-14.39547729,1,-11.72003937,1,-13.17966557,1,-2.833232403,1,-5.831876755,1,4.365789413,1,-0.206506982,0,-1.170510411,0,1.04637444,0
34.64390564,-20.0260849,1,-10.7066555,1,-14.05342197,1,-2.969626904,1,-5.583901405,1,4.480886459,1,-0.272960961,0,-1.18854928,0,1.105690837,0
34.64790344,-16.33374023,1,-13.2777071,1,-13.51468086,1,-3.170259476,1,-5.379775047,1,4.676345825,1,-0.346457899,0,-1.20381999,0,1.171495318,0
34.65190125,-13.47526455,1,-11.54185486,1,-13.81227684,1,-3.469143152,1,-5.377458096,1,4.948132515,1,-0.428643942,0,-1.216456175,0,1.245115161,0
34.65590286,-14.88587284,1,-10.44302845,1,-14.1367836,1,-3.562745571,1,-5.380405426,1,4.961934566,1,-0.518183947,0,-1.226534605,0,1.325351,0
34.65990067,-17.00539017,1,-7.928677559,1,-14.77294922,1,-3.487597227,1,-5.342350006,1,4.969339848,1,-0.612140656,0,-1.234081984,0,1.410045624,0
34.66390228,-18.08021545,1,-6.712485313,1,-15.0603838,1,-3.310946941,1,-5.247481346,1,4.947022438,1,-0.708390176,0,-1.238659263,0,1.497484207,0
34.6679039,-20.41580009,1,-6.826253891,1,-14.19074059,1,-3.06156373,1,-5.11337471,1,4.888384342,1,-0.804191649,0,-1.240231633,0,1.585306406,0
34.6719017,-23.3427124,1,-6.52240324,1,-14.07635021,1,-2.764333725,1,-4.816860676,1,4.824765682,1,-0.89647454,0,-1.238770843,0,1.670567155,0
34.67590714,-21.87989807,1,-6.834072113,1,-12.22915936,1,-2.562107801,1,-4.643445492,1,4.877739429,1,-0.983909786,0,-1.234223604,0,1.751864195,0
34.67990875,-20.20274734,1,-7.847200871,1,-9.617956161,1,-2.486466646,1,-4.521954536,1,5.088303566,1,-1.067419291,0,-1.226737499,0,1.829769492,0
34.68390656,-19.69068718,1,-7.776700497,1,-8.554502487,1,-2.54176259,1,-4.363132477,1,5.231667519,1,-1.146585584,0,-1.216140985,0,1.903350949,0
34.68790436,-17.56298447,1,-7.960861206,1,-6.051974297,1,-2.774363518,1,-4.035373211,1,5.26906395,1,-1.219585538,0,-1.203131437,0,1.970045567,0
34.69190598,-12.86012554,1,-8.546926498,1,-5.355736256,1,-3.043011665,1,-3.525912046,1,5.243869305,1,-1.28444612,0,-1.187828541,0,2.027233839,0
34.69590378,-12.62147522,1,-8.21217823,1,-5.631154537,1,-3.340643167,1,-3.018062115,1,5.150723934,1,-1.344716549,0,-1.180494189,0,2.060420036,0
34.6999054,-21.76200867,1,-8.628890991,1,-8.977215767,1,-3.584176064,1,-2.642374754,1,4.669006348,1,-1.394488811,0,-1.163371563,0,2.099266768,0
34.70390701,-27.75288391,1,-8.591182709,1,-12.52333355,1,-3.383277655,1,-1.93051064,1,3.931449413,1,-1.435168743,0,-1.147829294,0,2.128432274,0
34.70790482,-22.084795,1,-7.20808363,1,-12.92047024,1,-3.140715837,1,-1.303116322,1,3.361129284,1,-1.465800405,0,-1.134171724,0,2.147753954,0
34.71190262,-23.66452217,1,1.75426805,1,-11.7701273,1,-2.66110754,1,-1.090692043,1,3.125430346,1,-1.489898801,0,-1.121694326,0,2.161511898,0
34.71590424,-34.08834076,1,-0.397028714,1,-15.46977425,1,-2.01451993,1,-0.472778261,1,2.635686159,1,-1.507744431,0,-1.110458851,0,2.17099905,0
34.71990204,-24.62023544,1,-6.662466526,1,-15.63503361,1,-1.840279341,1,0.404939175,1,2.2676301,1,-1.516737461,0,-1.100654125,0,2.172538042,0
34.72390366,-12.03279686,1,-9.690221786,1,-12.58418846,1,-1.654851675,1,0.985493779,1,1.768783689,1,-1.519009471,0,-1.092411399,0,2.167164564,0
34.72790909,-6.297455788,1,-11.5020113,1,-8.991348267,1,-1.352827311,1,1.097646117,1,1.343769431,1,-1.517496467,0,-1.086038351,0,2.158679008,0
34.73190689,-7.720628262,1,-11.30486965,1,-8.624838829,1,-1.292999148,1,1.118484974,1,1.149546266,1,-1.514899969,0,-1.080876589,0,2.149849653,0
34.73590088,-8.107833862,1,-12.06360912,1,-9.467952728,1,-1.481213331,1,1.220258474,1,1.033951283,1,-1.51220715,0,-1.076239705,0,2.140515566,0
34.73990631,-5.924995422,1,-13.11146832,1,-8.696369171,1,-1.728734612,1,1.273132205,1,0.92321682,1,-1.509843469,0,-1.072030902,0,2.130506277,0
34.74390411,-3.543513298,1,-13.09163666,1,-7.29967308,1,-1.902163267,1,1.23015368,1,0.787801385,1,-1.50837779,0,-1.068302393,0,2.120528221,0
34.74790573,-2.969234467,1,-12.49624252,1,-6.766530514,1,-2.038459539,1,1.169130564,1,0.6520105,1,-1.507933021,0,-1.065122008,0,2.111016989,0
34.75190735,-2.716005087,1,-11.67795467,1,-6.507183552,1,-2.18142724,1,1.149994731,1,0.530053198,1,-1.508328676,0,-1.062476277,0,2.101814747,0
34.75590515,-2.293920279,1,-10.70471382,1,-6.250043869,1,-2.293944359,1,1.161064863,1,0.409514308,1,-1.509258389,0,-1.060312986,0,2.092603445,0
34.75990295,-2.131767511,1,-9.639006615,1,-6.175536633,1,-2.316795826,1,1.17649734,1,0.268484622,1,-1.510319829,0,-1.058668852,0,2.083231211,0
34.76390457,-2.364821196,1,-9.021445274,1,-6.277033806,1,-2.281779289,1,1.224397779,1,0.094278395,1,-1.511106014,0,-1.0576545,0,2.073553562,0
34.76790237,-2.278772593,1,-8.611836433,1,-6.378482342,1,-2.216195822,1,1.288019657,1,-0.096245699,1,-1.511212826,0,-1.057350993,0,2.063346148,0
34.77190399,-2.050734282,1,-8.221056938,1,-6.273741722,1,-2.142104626,1,1.367600799,1,-0.280744493,1,-1.510465741,0,-1.057791233,0,2.052474022,0
34.77590561,-1.48622036,1,-7.934460163,1,-6.150406837,1,-2.054717064,1,1.451468229,1,-0.459018052,1,-1.508686543,0,-1.058922887,0,2.040801287,0
34.77990341,-1.199060321,1,-7.847998619,1,-6.093181133,1,-1.960533142,1,1.542407036,1,-0.639455497,1,-1.505800486,0,-1.060738683,0,2.02829051,0
34.78390122,-1.21008718,1,-7.888007641,1,-6.02753067,1,-1.859566092,1,1.652986288,1,-0.8149122,1,-1.501663804,0,-1.063217878,0,2.014802933,0
34.78790283,-1.277233958,1,-7.998296738,1,-5.927421093,1,-1.778556705,1,1.768893242,1,-0.983036339,1,-1.496150851,0,-1.066316247,0,2.000189781,0
34.79190064,-1.301268339,1,-8.189601898,1,-5.775429726,1,-1.714666367,1,1.902611971,1,-1.139093637,1,-1.489211321,0,-1.069974422,0,1.984300733,0
34.79590607,-1.238190293,1,-8.328472137,1,-5.538834572,1,-1.671334624,1,2.040471554,1,-1.288585186,1,-1.480795979,0,-1.074131966,0,1.967013597,0
34.79990768,-1.276254296,1,-8.310573578,1,-5.459565163,1,-1.643037081,1,2.184280157,1,-1.425046921,1,-1.470844626,0,-1.078742027,0,1.94817698,0
34.80390549,-1.283682466,1,-8.304608345,1,-5.260784626,1,-1.619275808,1,2.324358225,1,-1.578651667,1,-1.459347129,0,-1.083762884,0,1.927759886,0
34.8079071,-1.329638958,1,-8.173563004,1,-5.14538908,1,-1.596884131,1,2.459427834,1,-1.710053563,1,-1.446250319,0,-1.089157224,0,1.905693889,0
34.81190872,-1.374004722,1,-8.004560471,1,-5.057329655,1,-1.575419664,1,2.587727547,1,-1.83937943,1,-1.431521058,0,-1.094866037,0,1.881947994,0
34.81590653,-1.437506199,1,-7.701366901,1,-5.015305042,1,-1.544133067,1,2.707799911,1,-1.976226926,1,-1.415097594,0,-1.100861788,0,1.856490374,0
34.81990433,-1.642531753,1,-7.4230299,1,-4.989861012,1,-1.499008417,1,2.831098557,1,-2.106105089,1,-1.396839261,0,-1.10709095,0,1.829223394,0
34.82390595,-1.875311852,1,-7.206980705,1,-4.938573837,1,-1.446470618,1,2.953686237,1,-2.236292124,1,-1.376606703,0,-1.113506675,0,1.800053477,0
34.82790375,-2.096125841,1,-6.941052437,1,-4.946457863,1,-1.381778479,1,3.070647001,1,-2.373020649,1,-1.354251146,0,-1.120068192,0,1.768870592,0
34.83190537,-2.555154562,1,-6.77995348,1,-4.990577698,1,-1.31095612,1,3.194031239,1,-2.505840778,1,-1.329600096,0,-1.126725316,0,1.735545516,0
34.83590698,-3.107369661,1,-6.521505833,1,-5.002735138,1,-1.235364914,1,3.333889723,1,-2.64329195,1,-1.302418232,0,-1.133407712,0,1.699864149,0
34.83990479,-3.532687902,1,-6.413178444,1,-5.026175976,1,-1.163018227,1,3.47258997,1,-2.780673981,1,-1.272502065,0,-1.140017867,0,1.661601424,0
34.84390259,-4.103003979,1,-6.337217808,1,-5.053441525,1,-1.091076612,1,3.631762266,1,-2.913137436,1,-1.239626646,0,-1.146444798,0,1.620519519,0
34.84790421,-4.555037498,1,-6.366798401,1,-5.06250906,1,-1.025476813,1,3.791491508,1,-3.037924528,1,-1.20362258,0,-1.15255022,0,1.576434851,0
34.85190201,-4.765878677,1,-6.281790733,1,-5.000005245,1,-0.965328455,1,3.954679728,1,-3.14999795,1,-1.16447711,0,-1.158166885,0,1.5293051,0
34.85590363,-5.012732029,1,-6.225561142,1,-4.953388214,1,-0.912074864,1,4.105539799,1,-3.254665613,1,-1.122240663,0,-1.163145423,0,1.479166389,0
34.85990524,-5.028736115,1,-5.990357399,1,-4.79338932,1,-0.872692108,1,4.251959324,1,-3.345577955,1,-1.077161193,0,-1.167317033,0,1.426232219,0
34.86390305,-5.092626095,1,-5.989868164,1,-4.804697037,1,-0.81549108,1,4.370519161,1,-3.420884848,1,-1.029536963,0,-1.170544267,0,1.37082696,0
34.86790085,-4.906374454,1,-5.611357689,1,-4.790020466,1,-0.756210864,1,4.456784725,1,-3.485576391,1,-0.979763389,0,-1.172743797,0,1.313393354,0
34.87190247,-5.089520931,1,-5.570304394,1,-4.688436985,1,-0.704052746,1,4.53298378,1,-3.542846203,1,-0.928375781,0,-1.173817635,0,1.254497886,0
34.87590027,-5.304441929,1,-5.349071026,1,-4.738117218,1,-0.644713402,1,4.591748714,1,-3.586757183,1,-0.875819206,0,-1.173686028,0,1.194590569,0
34.87990189,-5.350799084,1,-5.196671486,1,-4.692438126,1,-0.578606427,1,4.634205818,1,-3.62510848,1,-0.822609127,0,-1.172309399,0,1.134223819,0
34.8839035,-5.63341713,1,-5.025042057,1,-4.669887543,1,-0.515213013,1,4.665961266,1,-3.645736694,1,-0.769234002,0,-1.16968441,0,1.073907852,0
34.88790131,-6.020066738,1,-5.025816917,1,-4.640069008,1,-0.448266089,1,4.702184677,1,-3.661242485,1,-0.716169238,0,-1.165771842,0,1.01412344,0
34.89189911,-6.297652245,1,-5.04293251,1,-4.621878147,1,-0.382034689,1,4.740082741,1,-3.68017602,1,-0.663747191,0,-1.160550117,0,0.95521301,0
34.89590073,-6.643051147,1,-5.054833889,1,-4.729804516,1,-0.324666291,1,4.767411232,1,-3.687859535,1,-0.612375796,0,-1.154051065,0,0.897579789,0
34.89989853,-7.000024796,1,-5.059784412,1,-4.80685997,1,-0.26876691,1,4.808817863,1,-3.700906038,1,-0.562307477,0,-1.146290183,0,0.841433406,0
34.90390015,-7.467445374,1,-4.9942379,1,-4.965978622,1,-0.215478092,1,4.8484869,1,-3.714748859,1,-0.513809502,0,-1.137305379,0,0.787037611,0
34.90789795,-7.955052376,1,-5.021648884,1,-5.077929497,1,-0.168012813,1,4.900261402,1,-3.735064983,1,-0.466959655,0,-1.127130747,0,0.734455884,0
34.91189575,-8.276316643,1,-4.949977398,1,-5.270236492,1,-0.110352628,1,4.94824934,1,-3.752803564,1,-0.421911061,0,-1.11577177,0,0.683823347,0
34.91590118,-8.930246353,1,-4.940618515,1,-5.416169167,1,-0.048893344,1,5.013772488,1,-3.777317047,1,-0.378700316,0,-1.103292346,0,0.63521415,0
34.91990662,-9.320162773,1,-4.95650053,1,-5.623567104,1,0.008271049,1,5.085002422,1,-3.807570457,1,-0.337317884,0,-1.089683175,0,0.588605225,0
34.92390442,-9.62569809,1,-4.909541607,1,-5.766461372,1,0.065241888,1,5.158687592,1,-3.847699404,1,-0.297756135,0,-1.07499361,0,0.543972015,0
34.92790222,-9.821409225,1,-4.971523762,1,-5.934562683,1,0.123988807,1,5.21760416,1,-3.881317377,1,-0.260038644,0,-1.059286118,0,0.501351655,0
34.93190384,-9.983265877,1,-5.052658558,1,-6.120031834,1,0.18074134,1,5.287056446,1,-3.925071955,1,-0.224137798,0,-1.042632222,0,0.460693002,0
34.93590164,-9.985547066,1,-5.088985443,1,-6.192101002,1,0.234292805,1,5.327949047,1,-3.957314491,1,-0.190068543,0,-1.025097489,0,0.422004968,0
34.93989945,-10.02369118,1,-5.154353619,1,-6.319984436,1,0.286759108,1,5.353328705,1,-3.987967014,1,-0.15780364,0,-1.006803513,0,0.385268331,0
34.94390106,-10.01183891,1,-5.134863377,1,-6.452567101,1,0.342029512,1,5.370362282,1,-4.022728443,1,-0.12725839,0,-0.987839222,0,0.350403726,0
34.94789887,-10.03672218,1,-5.075111389,1,-6.545767784,1,0.401218891,1,5.375654221,1,-4.051817894,1,-0.098757863,0,-0.963138759,0,0.288293421,0
34.95190048,-9.981033325,1,-5.017161369,1,-6.719166279,1,0.462320894,1,5.359466553,1,-4.075716019,1,-0.071662031,0,-0.943128765,0,0.257175684,0
34.9559021,-10.07223034,1,-4.94921875,1,-6.840820789,1,0.535539031,1,5.340670586,1,-4.09683609,1,-0.045957245,0,-0.922723472,0,0.22766605,0
34.9598999,-10.22271633,1,-4.930405617,1,-6.994147778,1,0.617804885,1,5.308409691,1,-4.12279129,1,-0.021488857,0,-0.901991248,0,0.199649438,0
34.96389771,-10.42904186,1,-4.974248409,1,-7.154251575,1,0.701491058,1,5.272166729,1,-4.144005299,1,0.001867363,0,-0.880989552,0,0.173009351,0
34.96789932,-10.64503002,1,-5.005008221,1,-7.362094879,1,0.783058584,1,5.227927685,1,-4.170049667,1,0.024233868,0,-0.859768212,0,0.147639394,0
34.97189713,-10.98922062,1,-5.0641675,1,-7.616377831,1,0.864509463,1,5.183811188,1,-4.202524662,1,0.045710225,0,-0.838367999,0,0.123415321,0
34.97589874,-11.44569492,1,-5.317111969,1,-7.900650978,1,0.943924785,1,5.145776749,1,-4.228709698,1,0.066382714,0,-0.816797316,0,0.100252256,0
34.97990036,-11.98622513,1,-5.502946377,1,-8.254345894,1,1.02075398,1,5.109521389,1,-4.263985157,1,0.086334988,0,-0.795044541,0,0.078045249,0
34.98389816,-12.62210941,1,-5.650061607,1,-8.734166145,1,1.091738582,1,5.096392155,1,-4.314833641,1,0.105644107,0,-0.773087025,0,0.056699667,0
34.98789597,-13.41786385,1,-5.890175343,1,-9.27126503,1,1.155736446,1,5.095489502,1,-4.378039837,1,0.124382593,0,-0.750850022,0,0.036065381,0
34.99189758,-14.13697529,1,-6.127617359,1,-9.785367012,1,1.203757167,1,5.114099026,1,-4.467972755,1,0.142615393,0,-0.728265166,0,0.016020814,0
34.99589539,-14.80737209,1,-6.433877468,1,-10.28285313,1,1.234010458,1,5.147358418,1,-4.566400528,1,0.160352871,0,-0.705256104,0,-0.003537532,0
34.999897,-15.28973389,1,-6.690644264,1,-10.79597187,1,1.253367305,1,5.188434124,1,-4.678652763,1,0.177596197,0,-0.68176651,0,-0.022715528,0
35.00389862,-15.69833946,1,-6.813987732,1,-11.25176144,1,1.254161,1,5.23315382,1,-4.799307823,1,0.194312006,0,-0.657768607,0,-0.041559514,0
35.00789642,-15.79948997,1,-6.932237625,1,-11.59622478,1,1.25026536,1,5.275039673,1,-4.92339325,1,0.210494444,0,-0.633265853,0,-0.060119879,0
35.01189423,-15.68700314,1,-6.960306644,1,-12.04404354,1,1.24557662,1,5.288902283,1,-5.040016174,1,0.226117,0,-0.608317971,0,-0.078406088,0
35.01589584,-15.45458221,1,-6.866281986,1,-12.45690536,1,1.244336724,1,5.279479504,1,-5.144799709,1,0.241209522,0,-0.583028555,0,-0.09643016,0
35.01989365,-15.3907032,1,-6.684515953,1,-12.8366003,1,1.257112741,1,5.234196663,1,-5.225640774,1,0.255787343,0,-0.557542324,0,-0.114168815,0
35.02389526,-15.59758663,1,-6.55603075,1,-13.27207565,1,1.285906196,1,5.17677021,1,-5.291766644,1,0.269901007,0,-0.53196466,0,-0.131595492,0
35.02789688,-16.08836365,1,-6.490579128,1,-13.70337391,1,1.330768228,1,5.109564304,1,-5.33676815,1,0.283614516,0,-0.506364405,0,-0.148685589,0
35.03189468,-16.95125771,1,-6.508800983,1,-14.08863258,1,1.390431166,1,5.047110081,1,-5.376600742,1,0.296977282,0,-0.480764151,0,-0.165402561,0
35.03590012,-18.19353485,1,-6.423095703,1,-14.44355297,1,1.457535386,1,4.990674019,1,-5.396469116,1,0.310030401,0,-0.455162793,0,-0.181718051,0
35.03990555,-19.57744026,1,-5.966825485,1,-14.72477818,1,1.534389615,1,4.950480461,1,-5.431417942,1,0.322834313,0,-0.429522276,0,-0.19764483,0
35.04389954,-21.00124741,1,-4.928030491,1,-14.88166714,1,1.64182806,1,4.911610603,1,-5.467315674,1,0.335483849,0,-0.403814107,0,-0.213224977,0
35.04789734,-22.52118492,1,-3.351964712,1,-15.0425539,1,1.782043934,1,4.869074345,1,-5.516250134,1,0.348147452,0,-0.378027618,0,-0.228517175,0
35.05190277,-24.02993393,1,-2.21899271,1,-14.85116577,1,1.972334862,1,4.851225376,1,-5.569521427,1,0.361020267,0,-0.352107793,0,-0.243553534,0
35.05589676,-25.60663033,1,-1.547578216,1,-14.16971111,1,2.189733028,1,4.866071701,1,-5.606731415,1,0.374228716,0,-0.325945109,0,-0.258267641,0
35.05990219,-27.14651108,1,-2.0105896,1,-12.97606564,1,2.392373562,1,4.904628277,1,-5.60320282,1,0.387795269,0,-0.299464881,0,-0.2725133,0
35.06390381,-28.30389023,1,-3.323674679,1,-11.31420708,1,2.507714033,1,4.944582462,1,-5.558121681,1,0.401472718,0,-0.272688806,0,-0.286112487,0
35.06790161,-28.38524628,1,-4.390783787,1,-9.709174156,1,2.521103144,1,4.92465353,1,-5.448674202,1,0.414834231,0,-0.245810941,0,-0.298908263,0
35.07189941,-27.95784569,1,-4.879131317,1,-7.947413921,1,2.447779179,1,4.821789742,1,-5.284190655,1,0.427531451,0,-0.219231322,0,-0.310855418,0
35.07590103,-27.07394218,1,-4.475273609,1,-6.061449528,1,2.334264755,1,4.626189709,1,-5.068132401,1,0.439385265,0,-0.193357378,0,-0.321952939,0
35.07989883,-26.06671906,1,-2.959512711,1,-4.494715691,1,2.223412275,1,4.329849243,1,-4.790554523,1,0.45033735,0,-0.168682858,0,-0.332209229,0
35.08390045,-24.72155952,1,-0.546352088,1,-3.19141221,1,2.18427372,1,3.958779335,1,-4.476961613,1,0.460607499,0,-0.145619199,0,-0.34168601,0
35.08790207,-23.7976017,1,2.569109917,1,-1.906597376,1,2.26783824,1,3.519587994,1,-4.151272297,1,0.470646858,0,-0.124506161,0,-0.35045439,0
35.09189987,-23.23018265,1,5.788329124,1,-1.010261655,1,2.482204676,1,3.072515249,1,-3.816290855,1,0.481057525,0,-0.105485305,0,-0.358631194,0
35.09589768,-23.3726902,1,8.670311928,1,-0.507312179,1,2.818392038,1,2.62682271,1,-3.504675388,1,0.492374986,0,-0.088583507,0,-0.366265059,0
35.09989929,-24.2458744,1,10.91739559,1,-0.197744474,1,3.226851463,1,2.223472834,1,-3.230961323,1,0.505041301,0,-0.073642433,0,-0.37348175,0
35.1038971,-25.37067032,1,11.7295084,1,-0.091347672,1,3.609013557,1,1.875504851,1,-3.002731085,1,0.519185364,0,-0.060402375,0,-0.380335808,0
35.10789871,-27.05919075,1,11.79999924,1,0.083512612,1,3.908664703,1,1.586189151,1,-2.837972403,1,0.534610689,0,-0.048566483,0,-0.386953682,0
35.11190033,-29.05852699,1,11.17651081,1,0.14139998,1,4.011918545,1,1.362990379,1,-2.721767664,1,0.550770462,0,-0.037786681,0,-0.393431336,0
35.11589813,-30.33615112,1,9.599644661,1,0.611532748,1,3.899072647,1,1.170248628,1,-2.624400854,1,0.566861391,0,-0.027825661,0,-0.399803281,0
35.11989594,-30.87711143,1,8.068109512,1,1.1211555,1,3.565689802,1,0.991503835,1,-2.528528452,1,0.58198756,0,-0.018601805,0,-0.406115353,0
35.12389755,-30.85606194,1,6.696942329,1,1.711598635,1,3.03254509,1,0.813616753,1,-2.432824135,1,0.595326543,0,-0.010085105,0,-0.412367225,0
35.12789536,-30.08535957,1,5.124132633,1,2.524141788,1,2.316945791,1,0.638056815,1,-2.295934916,1,0.60608536,0,-0.002335841,0,-0.418525338,0
35.13189697,-28.78017998,1,4.142206669,1,3.252919912,1,1.503271341,1,0.410292268,1,-2.10482645,1,0.613744199,0,0.004432879,0,-0.42455408,0
35.13589859,-27.13782692,1,3.322662354,1,3.787420034,1,0.656559289,1,0.163655102,1,-1.832269549,1,0.61801368,0,0.009941681,0,-0.430326939,0
35.13989639,-25.28920174,1,3.46368432,1,4.271421909,1,-0.149293035,1,-0.100474462,1,-1.485636234,1,0.618931592,0,0.013908298,0,-0.435687125,0
35.1438942,-24.0436306,1,3.688604355,1,4.404294968,1,-0.786469221,1,-0.362020612,1,-1.050432086,1,0.616937995,0,0.01610836,0,-0.44036144,0
35.14789581,-23.1509819,1,4.949174404,1,3.773053885,1,-1.243497491,1,-0.615118921,1,-0.598522782,1,0.61276412,0,0.016413085,0,-0.444193184,0
35.15189362,-22.36904335,1,5.582281113,1,2.902193785,1,-1.484064102,1,-0.829056203,1,-0.148378998,1,0.607226491,0,0.014902748,0,-0.447070867,0
35.15589142,-10.72132397,1,4.874320984,1,-4.230382442,1,-1.46424377,1,-1.105367899,1,0.37363553,1,0.601187229,0,0.011580042,0,-0.448929638,0
35.15990067,-14.01073742,1,8.381932259,1,1.604715824,1,-1.010105848,1,-2.464639187,1,1.655233979,1,0.596331835,0,0.003688858,0,-0.4493137,0
35.16390228,-37.46763229,1,5.436303139,1,4.123192787,1,-1.321397901,1,-2.869372368,1,2.063173771,1,0.591720641,0,-0.010072245,0,-0.449302524,0
35.1679039,19.87016106,1,-4.226268768,1,5.552725792,1,-1.567897916,1,-2.468124628,1,2.028872728,1,0.585899889,0,-0.023062441,0,-0.448256999,0
35.17190552,1.018137217,1,-7.671029568,1,-5.381062984,1,-1.976471305,1,-3.345826626,1,2.305670023,1,0.578915596,0,-0.037550747,0,-0.44743073,0
35.17590332,-12.07727623,1,-5.908880234,1,-14.09890652,1,-2.337760687,1,-3.444825411,1,2.350038767,1,0.570119202,0,-0.054283876,0,-0.447050095,0
35.17990112,3.170594215,1,-2.945896626,1,-21.47635269,1,-2.021807432,1,-3.270133734,1,2.239036322,1,0.561168373,0,-0.070499845,0,-0.446475238,0
35.18390274,5.071730137,1,-5.545292854,1,-23.83132744,1,-1.632217288,1,-3.152255535,1,2.014146805,1,0.554060698,0,-0.085857861,0,-0.445982963,0
35.18790054,2.980315447,1,-9.798522949,1,-17.99507332,1,-1.647295117,1,-3.323734045,1,1.905980468,1,0.547489583,0,-0.100935273,0,-0.446098208,0
35.19190216,8.872362137,1,-9.071983337,1,-10.93327808,1,-1.537119508,1,-3.886656761,1,1.93645978,1,0.541247964,0,-0.117100619,0,-0.446962804,0
35.19590378,9.381150246,1,-0.978641272,1,-9.52567482,1,-1.401670814,1,-4.846786976,1,2.149238348,1,0.533651531,0,-0.128986254,0,-0.490308851,0
35.19990158,8.798902512,1,2.254779816,1,-12.7911272,1,-1.225218177,1,-5.659871101,1,2.374832153,1,0.528951287,0,-0.151736826,0,-0.493109912,0
35.20389938,-4.848642826,1,4.500597,1,-14.61356544,1,-1.055959225,1,-6.286066532,1,2.431705236,1,0.52493304,0,-0.17744495,0,-0.496877789,0
35.207901,-11.52559757,1,7.214447498,1,-15.9783392,1,-0.648203731,1,-6.349011421,1,2.19085598,1,0.522458851,0,-0.203966528,0,-0.501633644,0
35.2118988,-17.92362022,1,4.306598186,1,-18.89612961,1,-0.594485044,1,-6.235759735,1,2.108503819,1,0.521086276,0,-0.230126128,0,-0.506935239,0
35.21590042,-24.18356323,1,5.455955505,1,-20.77377319,1,-0.354107529,1,-5.710267067,1,2.084631681,1,0.520227849,0,-0.255160838,0,-0.511680961,0
35.21990204,-23.49710274,1,2.156610012,1,-20.5156498,1,-0.11415533,1,-5.101702213,1,1.972880125,1,0.520421267,0,-0.277911931,0,-0.515526831,0
35.22389984,-22.41405296,1,3.897654772,1,-17.31999588,1,0.119585805,1,-4.57498455,1,1.996396184,1,0.521229029,0,-0.29865104,0,-0.518375218,0
35.22789764,-20.86812973,1,-1.082576632,1,-15.47063255,1,0.209330902,1,-4.157863617,1,2.020297289,1,0.522543192,0,-0.317784429,0,-0.520217597,0
35.23189926,-18.26334763,1,-2.990690947,1,-12.41860104,1,0.23388128,1,-3.763305664,1,2.060287714,1,0.523680687,0,-0.335592031,0,-0.521073163,0
35.23589706,-16.35022545,1,-8.944568634,1,-12.01220036,1,0.131472141,1,-3.502873421,1,1.997024059,1,0.524588823,0,-0.352195472,0,-0.521324575,0
35.23989868,-17.48959732,1,-11.26340771,1,-10.74138546,1,-0.037599407,1,-3.185252428,1,1.90410769,1,0.524754524,0,-0.367746204,0,-0.521216393,0
35.2439003,-17.13614082,1,-15.23963356,1,-8.795739174,1,-0.272120118,1,-2.89081645,1,1.663646102,1,0.524101198,0,-0.381844103,0,-0.521103084,0
35.2478981,-15.27350521,1,-16.1370697,1,-7.071937561,1,-0.575096965,1,-2.708651304,1,1.467132449,1,0.522520959,0,-0.394591391,0,-0.521299481,0
35.25189591,-13.74674606,1,-14.00751972,1,-5.859677792,1,-0.912987471,1,-2.532465696,1,1.298892021,1,0.51967442,0,-0.406449556,0,-0.521739542,0
35.25589752,-10.62551975,1,-10.81987667,1,-6.07538271,1,-1.113594055,1,-2.428985357,1,1.175878763,1,0.515899658,0,-0.417508215,0,-0.522446513,0
35.25989533,-8.512145042,1,-6.944029331,1,-7.805871487,1,-1.300737143,1,-2.325365543,1,1.194682717,1,0.511330128,0,-0.428105414,0,-0.523082316,0
35.26389694,-10.25296116,1,-3.554351807,1,-9.553659439,1,-1.418999672,1,-2.084776878,1,1.260010362,1,0.505844057,0,-0.438247621,0,-0.523055971,0
35.26789856,-8.729331017,1,-0.829648614,1,-10.20824432,1,-1.34043467,1,-1.856842995,1,1.279609799,1,0.49999854,0,-0.447579175,0,-0.522355378,0
35.27189636,-7.768706322,1,0.262285262,1,-9.973945618,1,-1.268758178,1,-1.657735109,1,1.337777019,1,0.494190842,0,-0.456229866,0,-0.520961761,0
35.27589417,-7.386616707,1,0.194724783,1,-9.539313316,1,-1.230296254,1,-1.497605205,1,1.420311689,1,0.488264591,0,-0.464397341,0,-0.518857896,0
35.27990341,-7.675180435,1,-1.657828808,1,-8.770393372,1,-1.201778293,1,-1.34697485,1,1.406862736,1,0.482193023,0,-0.472068429,0,-0.516196907,0
35.28390503,-7.310622692,1,-3.587296963,1,-8.529432297,1,-1.172857285,1,-1.256825924,1,1.326965213,1,0.476175278,0,-0.479219586,0,-0.513401866,0
35.28790665,-7.368383408,1,-6.154305935,1,-8.141507149,1,-1.240137696,1,-1.157176495,1,1.224407315,1,0.470156938,0,-0.485848248,0,-0.510752797,0
35.29190826,-8.392500877,1,-6.406703949,1,-8.164300919,1,-1.326681495,1,-1.090491533,1,1.119012833,1,0.463848293,0,-0.49197042,0,-0.508312702,0
35.29590607,-8.990525246,1,-5.974135876,1,-8.904459,1,-1.36529541,1,-0.958912075,1,0.984014869,1,0.457403243,0,-0.49751842,0,-0.506109953,0
35.29990387,-8.02269268,1,-5.199272633,1,-9.512479782,1,-1.392279148,1,-0.818546355,1,0.866776705,1,0.450946867,0,-0.502378404,0,-0.504095376,0
35.30390549,-8.548739433,1,-3.429532766,1,-9.507282257,1,-1.372684002,1,-0.680145323,1,0.769149542,1,0.444491893,0,-0.506454408,0,-0.502253413,0
35.30790329,-7.943109035,1,-1.085748553,1,-10.19344807,1,-1.310559034,1,-0.588717222,1,0.756141424,1,0.438170791,0,-0.510050237,0,-0.500329256,0
35.31190872,-7.942784309,1,-0.740911722,1,-9.780560493,1,-1.189666986,1,-0.472258866,1,0.695711136,1,0.432181507,0,-0.513192356,0,-0.498322904,0
35.31591034,-7.545226574,1,-0.729644835,1,-9.693638802,1,-1.059394956,1,-0.416390955,1,0.588871121,1,0.426780164,0,-0.515872777,0,-0.496474296,0
35.31990814,-7.398906708,1,-0.607375085,1,-9.118544579,1,-0.948489606,1,-0.393469959,1,0.505537808,1,0.422020018,0,-0.518269122,0,-0.494962811,0
35.32390213,-8.191809654,1,-0.710795641,1,-9.026694298,1,-0.80452168,1,-0.327693731,1,0.392475963,1,0.417923391,0,-0.520327628,0,-0.493762672,0
35.32790756,-6.945103645,1,-0.313368917,1,-8.535787582,1,-0.70009321,1,-0.279800683,1,0.340509266,1,0.41443336,0,-0.522019804,0,-0.492781192,0
35.33190537,-5.535449982,1,-0.534802377,1,-8.79992485,1,-0.609186292,1,-0.247175664,1,0.310648352,1,0.411389738,0,-0.523493171,0,-0.491898149,0
35.33590698,-4.972300529,1,-1.172921062,1,-9.073498726,1,-0.518749535,1,-0.249503583,1,0.265315145,1,0.408746511,0,-0.5248546,0,-0.491128772,0
35.3399086,-4.887162685,1,-1.516779423,1,-9.055675507,1,-0.455603153,1,-0.263813674,1,0.228488252,1,0.406515241,0,-0.526183188,0,-0.490544468,0
35.3439064,-5.350819588,1,-1.765084147,1,-8.983985901,1,-0.39278093,1,-0.275717705,1,0.205185249,1,0.404609501,0,-0.527513862,0,-0.490118861,0
35.34790421,-5.337582588,1,-1.810777426,1,-8.864090919,1,-0.335286111,1,-0.271783769,1,0.189187557,1,0.402985871,0,-0.528826594,0,-0.489778221,0
35.35190582,-5.474946022,1,-1.7053473,1,-8.964460373,1,-0.272914618,1,-0.264258683,1,0.185165823,1,0.401614189,0,-0.530111134,0,-0.489472717,0
35.35590363,-4.738589287,1,-1.787212729,1,-8.85440731,1,-0.227335855,1,-0.275773406,1,0.186000273,1,0.400464475,0,-0.531384706,0,-0.489179194,0
35.35990524,-4.653326511,1,-2.067177296,1,-8.938073158,1,-0.184309527,1,-0.293084621,1,0.18008475,1,0.399511725,0,-0.532719851,0,-0.488913774,0
35.36390686,-4.753355503,1,-2.250916004,1,-8.877470016,1,-0.153760374,1,-0.301972568,1,0.180462718,1,0.398720026,0,-0.534104407,0,-0.488678426,0
35.36790466,-4.759828568,1,-2.364430666,1,-8.745138168,1,-0.129949659,1,-0.317892581,1,0.180366024,1,0.398036569,0,-0.535530686,0,-0.488455892,0
35.37190247,-4.996901035,1,-2.270349979,1,-8.596177101,1,-0.110220999,1,-0.318866014,1,0.180984452,1,0.397456288,0,-0.536987662,0,-0.4882586,0
35.37590408,-5.149333954,1,-2.29800725,1,-8.498015404,1,-0.097216278,1,-0.319086939,1,0.173733115,1,0.396944344,0,-0.538437605,0,-0.488076717,0
35.37990189,-5.029310226,1,-2.280663729,1,-8.452370644,1,-0.083692156,1,-0.315617055,1,0.16467002,1,0.396506667,0,-0.539860845,0,-0.487924933,0
35.38389969,-4.92522192,1,-2.311794996,1,-8.487319946,1,-0.075495087,1,-0.311368406,1,0.155704007,1,0.396122247,0,-0.541262865,0,-0.487796515,0
35.38790131,-5.079623699,1,-2.217381239,1,-8.507875443,1,-0.059279602,1,-0.319987386,1,0.142946273,1,0.395810604,0,-0.542659342,0,-0.487721443,0
35.39189911,-5.098327637,1,-2.151861191,1,-8.411775589,1,-0.046011951,1,-0.318763375,1,0.129119352,1,0.395586669,0,-0.544055402,0,-0.487706661,0
35.39590073,-5.305522442,1,-2.057886839,1,-8.382754326,1,-0.031015508,1,-0.318649203,1,0.109546058,1,0.395468324,0,-0.545413554,0,-0.487765491,0
35.39990616,-5.153413296,1,-2.213864803,1,-8.269780159,1,-0.015496233,1,-0.313037544,1,0.08753068,1,0.39546603,0,-0.54673028,0,-0.487911642,0
35.40391159,-5.018037796,1,-2.299548149,1,-8.345042229,1,-0.000778461,1,-0.315330327,1,0.075502194,1,0.395551622,0,-0.54801321,0,-0.488122582,0
35.40791321,-4.94795084,1,-2.397819519,1,-8.258255005,1,0.004627449,1,-0.318680078,1,0.062810563,1,0.395687938,0,-0.549279153,0,-0.488389641,0
35.41191101,-4.908638954,1,-2.485150099,1,-8.320977211,1,0.013877962,1,-0.311967194,1,0.058324788,1,0.3958866,0,-0.550527871,0,-0.488699019,0
35.41590881,-4.900469303,1,-2.734519482,1,-8.193613052,1,0.0130799,1,-0.30714491,1,0.059997886,1,0.396115124,0,-0.551761985,0,-0.489012897,0
35.41991043,-5.094522476,1,-3.092926741,1,-8.097229958,1,0.00575432,1,-0.304138929,1,0.06387531,1,0.396311224,0,-0.552987456,0,-0.489304721,0
35.42391205,-4.956629753,1,-3.549229145,1,-7.892698765,1,-0.014984423,1,-0.291024178,1,0.075451806,1,0.396428287,0,-0.55419153,0,-0.4895401,0
35.42790985,-5.124329567,1,-3.774677038,1,-7.691573143,1,-0.041779306,1,-0.274109095,1,0.10016413,1,0.396382928,0,-0.555374861,0,-0.489670902,0
35.43190765,-5.053078651,1,-3.972462654,1,-7.649190426,1,-0.081152022,1,-0.257745475,1,0.132677659,1,0.396132112,0,-0.556544662,0,-0.489658058,0
35.43590927,-4.996335983,1,-4.151279449,1,-7.56866312,1,-0.123809636,1,-0.233665705,1,0.16148895,1,0.395627409,0,-0.557676136,0,-0.489477873,0
35.43990707,-5.188886642,1,-4.263960361,1,-7.562703133,1,-0.16702956,1,-0.214222163,1,0.189930826,1,0.394851476,0,-0.558778644,0,-0.489121497,0
35.44390869,-5.115645409,1,-4.1171031,1,-7.479771137,1,-0.213161975,1,-0.187709823,1,0.212758601,1,0.285293102,0,-0.670132041,0,-0.304963171,0
35.44791031,-5.162666321,1,-3.826708078,1,-7.569820881,1,-0.250665218,1,-0.162222952,1,0.235942051,1,0.285893559,0,-0.670059741,0,-0.344955266,0
35.45190811,-5.045582294,1,-3.462584734,1,-7.649934292,1,-0.280834705,1,-0.137997031,1,0.249983132,1,0.284211099,0,-0.670919538,0,-0.343979955,0
35.45590591,-4.918787956,1,-3.230649471,1,-7.861459255,1,-0.308476627,1,-0.127046689,1,0.268549681,1,0.282348484,0,-0.671716094,0,-0.342886686,0
35.45990753,-4.944133282,1,-2.896449566,1,-7.977734089,1,-0.31382215,1,-0.122058138,1,0.28282842,1,0.280373752,0,-0.672494173,0,-0.34172684,0
35.46390533,-4.899551392,1,-2.638391733,1,-8.120620728,1,-0.316284865,1,-0.118018664,1,0.29072246,1,0.278339267,0,-0.673268676,0,-0.340496898,0
35.46790695,-4.992146969,1,-2.608278275,1,-8.323217392,1,-0.310111433,1,-0.116348997,1,0.30475229,1,0.276283443,0,-0.674037755,0,-0.339213341,0
35.47190857,-4.369124889,1,-2.475331783,1,-8.313005447,1,-0.290810198,1,-0.113846056,1,0.299007416,1,0.274235159,0,-0.674794734,0,-0.337861478,0
35.47590637,-4.74631834,1,-2.651908159,1,-8.279371262,1,-0.283027768,1,-0.137812898,1,0.301942647,1,0.272272021,0,-0.675627768,0,-0.336567521,0
35.47990418,-4.684882641,1,-2.867190838,1,-8.246677399,1,-0.27622962,1,-0.147380725,1,0.31141156,1,0.270341873,0,-0.676504135,0,-0.335255027,0
35.48390579,-4.626327515,1,-2.790081024,1,-8.152056694,1,-0.273564041,1,-0.153217375,1,0.314815551,1,0.268393964,0,-0.677422762,0,-0.33390525,0
35.4879036,-4.746807575,1,-2.63865757,1,-8.293593407,1,-0.260361969,1,-0.154477626,1,0.322306514,1,0.266464949,0,-0.678341508,0,-0.332532793,0
35.49190521,-5.002128124,1,-2.305989981,1,-8.246841431,1,-0.255995363,1,-0.165348962,1,0.325503498,1,0.264542669,0,-0.679298997,0,-0.331133246,0
35.49590683,-5.031428337,1,-2.060462475,1,-8.192780495,1,-0.234713539,1,-0.162841558,1,0.322249353,1,0.262696087,0,-0.680281103,0,-0.329758257,0
35.49990463,-5.120839119,1,-1.787055612,1,-8.213463783,1,-0.203062952,1,-0.171865001,1,0.307903945,1,0.260980278,0,-0.68125397,0,-0.328416169,0
35.50390244,-5.011998653,1,-1.875680208,1,-8.215047836,1,-0.186565235,1,-0.184247687,1,0.304434419,1,0.259373665,0,-0.682251811,0,-0.327116698,0
35.50790405,-4.987046719,1,-1.963815331,1,-8.177944183,1,-0.166831151,1,-0.192935169,1,0.300694376,1,0.257876217,0,-0.683281779,0,-0.325857103,0
35.51190186,-4.956185818,1,-2.02924943,1,-8.219938278,1,-0.155178398,1,-0.198724315,1,0.293574452,1,0.25645116,0,-0.684345424,0,-0.324633956,0
35.51590347,-5.179772377,1,-1.989937305,1,-8.175135612,1,-0.141875103,1,-0.208655179,1,0.289468825,1,0.255105793,0,-0.685428441,0,-0.323446482,0
35.51990891,-5.24479723,1,-1.932270765,1,-8.081336975,1,-0.148429304,1,-0.215629369,1,0.279634893,1,0.253801823,0,-0.686543345,0,-0.322292268,0
35.52391052,-5.294926167,1,-1.98389554,1,-7.957526207,1,-0.130396858,1,-0.223221689,1,0.272702843,1,0.252544314,0,-0.687673986,0,-0.321184695,0
35.52791214,-5.183293343,1,-1.993368983,1,-7.970916748,1,-0.121446244,1,-0.223054677,1,0.264507532,1,0.251384199,0,-0.688804924,0,-0.320135355,0
35.53191376,-5.185109138,1,-2.182063818,1,-8.022086143,1,-0.124159552,1,-0.229332328,1,0.255846202,1,0.250260055,0,-0.689938664,0,-0.319122523,0
35.53591156,-5.15575695,1,-2.320687771,1,-7.937698364,1,-0.144957319,1,-0.232326984,1,0.252776802,1,0.249103054,0,-0.69108367,0,-0.318141818,0
35.53990936,-5.280058861,1,-2.033570051,1,-7.886342525,1,-0.136709198,1,-0.234623581,1,0.248864561,1,0.247921452,0,-0.692236066,0,-0.317185283,0
35.54391098,-5.294952393,1,-1.947358131,1,-7.885477066,1,-0.127805173,1,-0.22754854,1,0.242095307,1,0.246800467,0,-0.693375111,0,-0.316245556,0
35.54790878,-5.304470539,1,-1.933622837,1,-7.915521622,1,-0.119775653,1,-0.228877142,1,0.235349774,1,0.245716065,0,-0.69448483,0,-0.315323859,0
35.5519104,-5.231914997,1,-2.021426916,1,-7.982817173,1,-0.113746174,1,-0.223116636,1,0.230290666,1,0.244682819,0,-0.695587516,0,-0.314441502,0
35.55591202,-5.233883858,1,-2.246014595,1,-8.160580635,1,-0.117499396,1,-0.228203014,1,0.230949774,1,0.243655473,0,-0.696694136,0,-0.313559741,0
35.55990982,-5.144715309,1,-2.250172853,1,-8.112059593,1,-0.135362148,1,-0.23974821,1,0.228559777,1,0.242575854,0,-0.697825015,0,-0.312689841,0
35.56390762,-5.200211048,1,-2.088998318,1,-8.139328003,1,-0.125318438,1,-0.252500266,1,0.231075317,1,0.241497353,0,-0.698995471,0,-0.311823636,0
35.56790924,-5.122935772,1,-2.127792835,1,-8.231449127,1,-0.116913587,1,-0.260713339,1,0.231489256,1,0.240461513,0,-0.700215042,0,-0.310955882,0
35.57190704,-5.050681591,1,-2.452857018,1,-8.261997223,1,-0.118610963,1,-0.272338748,1,0.243129939,1,0.239423186,0,-0.701475441,0,-0.310074598,0
35.57590866,-4.958754539,1,-2.567008495,1,-8.265968323,1,-0.124123238,1,-0.286455929,1,0.248927951,1,0.238356531,0,-0.702789724,0,-0.309173256,0
35.57991409,-4.983752728,1,-2.556098223,1,-8.252976418,1,-0.131125212,1,-0.295252115,1,0.260038853,1,0.237233087,0,-0.704167485,0,-0.308229446,0
35.58390808,-5.042085171,1,-2.480875015,1,-8.28195858,1,-0.127811417,1,-0.312284946,1,0.274718851,1,0.236078292,0,-0.705609739,0,-0.307235807,0
35.58790588,-5.058690071,1,-2.519150734,1,-8.378806114,1,-0.122137867,1,-0.318540484,1,0.288134068,1,0.234896392,0,-0.707105517,0,-0.30618155,0
35.5919075,-5.004848957,1,-2.48486948,1,-8.311049461,1,-0.136673108,1,-0.338954866,1,0.300395906,1,0.23367919,0,-0.708670735,0,-0.305082947,0
35.5959053,-5.03071785,1,-2.235108376,1,-8.307026863,1,-0.1294664,1,-0.360772938,1,0.306604743,1,0.232411131,0,-0.710313201,0,-0.303957999,0
35.59991074,-5.112552166,1,-2.078267097,1,-8.369307518,1,-0.123084567,1,-0.375431687,1,0.310313046,1,0.231157705,0,-0.712029278,0,-0.302817583,0
35.60390472,-5.085206985,1,-1.995440483,1,-8.369683266,1,-0.117371529,1,-0.392674655,1,0.316239536,1,0.229927808,0,-0.713807404,0,-0.301666498,0
35.60790253,-5.143760681,1,-1.973168135,1,-8.393118858,1,-0.104293339,1,-0.414818525,1,0.315281659,1,0.22872816,0,-0.715659797,0,-0.300515831,0
35.61190414,-5.223647118,1,-1.931095362,1,-8.346101761,1,-0.091110259,1,-0.431744426,1,0.320017993,1,0.227579743,0,-0.717593312,0,-0.299376845,0
35.61590958,-5.228729725,1,-1.908158898,1,-8.385092735,1,-0.083866514,1,-0.457193315,1,0.323494703,1,0.226474747,0,-0.719612479,0,-0.298241109,0
35.61990738,-5.233494759,1,-1.812477231,1,-8.4951334,1,-0.074826561,1,-0.479405135,1,0.323630363,1,0.225416601,0,-0.721726894,0,-0.297117144,0
35.62390137,-5.205522537,1,-1.942783833,1,-8.55281353,1,-0.068366624,1,-0.50535053,1,0.325503498,1,0.224396288,0,-0.723939598,0,-0.29600662,0
35.6279068,-5.082952499,1,-1.995274901,1,-8.527442932,1,-0.072127432,1,-0.533862352,1,0.334284812,1,0.22338143,0,-0.726266801,0,-0.294897884,0
35.6319046,-5.164052963,1,-1.970951557,1,-8.524416924,1,-0.072397143,1,-0.568835318,1,0.334625959,1,0.222364828,0,-0.728713036,0,-0.293807805,0
35.63590622,-5.196595192,1,-1.846516371,1,-8.594835281,1,-0.073975518,1,-0.593302071,1,0.336480796,1,0.221361086,0,-0.731267035,0,-0.29273665,0
35.63991165,-5.044917107,1,-1.819615126,1,-8.572853088,1,-0.065779373,1,-0.624068141,1,0.343470395,1,0.220372513,0,-0.733940482,0,-0.291667074,0
35.64391708,-5.051596642,1,-1.877905488,1,-8.604057312,1,-0.063544005,1,-0.657907844,1,0.345137298,1,0.219413593,0,-0.7367419,0,-0.290620655,0
35.64791489,-5.066037655,1,-1.984228969,1,-8.612686157,1,-0.061145879,1,-0.689642251,1,0.344956845,1,0.218478903,0,-0.739669979,0,-0.289589643,0
35.6519165,-5.127636909,1,-2.133381844,1,-8.620597839,1,-0.071430609,1,-0.723499596,1,0.350880891,1,0.217544153,0,-0.742727578,0,-0.288589776,0
35.65591431,-5.18903017,1,-2.368513346,1,-8.667613029,1,-0.094770931,1,-0.754124761,1,0.358755291,1,0.216531038,0,-0.745915771,0,-0.287578762,0
35.65991592,-4.9480443,1,-2.523852348,1,-8.712596893,1,-0.128090635,1,-0.794693112,1,0.361640811,1,0.215403974,0,-0.749243617,0,-0.286574423,0
35.66391754,-4.991481304,1,-2.689263582,1,-8.730005264,1,-0.150866732,1,-0.829374075,1,0.380355388,1,0.214153364,0,-0.752723098,0,-0.285544515,0
35.66791534,-5.116859913,1,-2.902369976,1,-8.785038948,1,-0.186296612,1,-0.87742722,1,0.400500745,1,0.212726533,0,-0.756393433,0,-0.284455419,0
35.67191315,-5.068068981,1,-3.203181982,1,-8.836708069,1,-0.219368607,1,-0.910315871,1,0.426133186,1,0.211097971,0,-0.760238886,0,-0.283263326,0
35.67591476,-5.061189175,1,-3.290040493,1,-9.099748611,1,-0.257659882,1,-0.964494884,1,0.464210212,1,0.209221125,0,-0.764280438,0,-0.281940252,0
35.67991257,-5.011728764,1,-3.390767574,1,-9.082900047,1,-0.298826486,1,-1.0169034,1,0.49740997,1,0.207091942,0,-0.768552959,0,-0.280471325,0
35.68391419,-5.086733818,1,-3.742246151,1,-8.918195724,1,-0.358035088,1,-1.075194478,1,0.540592253,1,0.204633743,0,-0.773073018,0,-0.27882573,0
35.6879158,-5.297753811,1,-3.02809,1,-8.899554253,1,-0.387688279,1,-1.132973194,1,0.570912898,1,0.201864004,0,-0.777852297,0,-0.277025789,0
35.69191361,-5.034330368,1,-2.717339754,1,-8.822317123,1,-0.384742767,1,-1.17725575,1,0.611274362,1,0.198935419,0,-0.782844424,0,-0.275066376,0
35.69591141,-5.033029556,1,-2.781236887,1,-9.08934021,1,-0.398650557,1,-1.244688749,1,0.644040406,1,0.196688876,0,-0.785888255,0,-0.311234295,0
35.69991303,-5.007188797,1,-2.866595984,1,-9.235157013,1,-0.419678867,1,-1.308023095,1,0.673506856,1,0.193449944,0,-0.791397452,0,-0.308965445,0
35.70391083,-5.045110703,1,-2.759428024,1,-9.328093529,1,-0.457862228,1,-1.378636003,1,0.707537353,1,0.189965591,0,-0.797202349,0,-0.306550622,0
35.70790863,-5.422500134,1,-2.591256142,1,-9.478369713,1,-0.498030245,1,-1.456415296,1,0.735298276,1,0.186231852,0,-0.803320169,0,-0.304013729,0
35.71191025,-5.06649971,1,-2.401874542,1,-9.373726845,1,-0.520820916,1,-1.534455061,1,0.766713142,1,0.182263643,0,-0.809747756,0,-0.301333964,0
35.71590805,-4.9489851,1,-2.218355417,1,-9.483216286,1,-0.52779305,1,-1.627496362,1,0.794970274,1,0.178126082,0,-0.816529334,0,-0.298523009,0
35.71990967,-4.991042614,1,-2.074334621,1,-9.567948341,1,-0.5313766,1,-1.720062494,1,0.826348722,1,0.173853546,0,-0.823692918,0,-0.295570612,0
35.72391129,-5.146820545,1,-2.246206045,1,-9.717380524,1,-0.533001184,1,-1.821833014,1,0.863964677,1,0.169417664,0,-0.831252038,0,-0.292441487,0
35.72790909,-4.836069584,1,-2.226004839,1,-9.761422157,1,-0.53994441,1,-1.929886818,1,0.903556943,1,0.164802834,0,-0.839229941,0,-0.28911674,0
35.73190689,-4.75868845,1,-2.314658165,1,-9.978216171,1,-0.546093285,1,-2.051032543,1,0.948133647,1,0.159961268,0,-0.847678781,0,-0.285545051,0
35.73590851,-4.679756641,1,-2.534099579,1,-10.33152485,1,-0.55674237,1,-2.200895309,1,1.01111269,1,0.154870212,0,-0.856703997,0,-0.281697541,0
35.73990631,-4.804231167,1,-2.844302893,1,-10.81939316,1,-0.585580766,1,-2.347085238,1,1.066046596,1,0.149414048,0,-0.866307914,0,-0.277512968,0
35.74390793,-4.194458485,1,-3.092267752,1,-11.09018135,1,-0.61108464,1,-2.522663355,1,1.126434088,1,0.143538594,0,-0.876575589,0,-0.272978574,0
35.74790955,-4.013693333,1,-2.996803045,1,-11.61491585,1,-0.62592715,1,-2.732061625,1,1.203578115,1,0.137223199,0,-0.887631536,0,-0.268015832,0
35.75190735,-3.91061306,1,-3.429110765,1,-12.21557617,1,-0.615867317,1,-2.960100651,1,1.293205023,1,0.130501911,0,-0.899573565,0,-0.262557566,0
35.75590515,-3.608560324,1,-4.117535591,1,-12.49265957,1,-0.623360693,1,-3.220217228,1,1.385706186,1,0.123240024,0,-0.912498415,0,-0.256483734,0
35.7599144,-3.72314167,1,-5.094603539,1,-12.80612183,1,-0.634100437,1,-3.501108408,1,1.493144631,1,0.115312934,0,-0.926523745,0,-0.249679789,0
35.76391602,-4.043675423,1,-6.119180202,1,-12.94418907,1,-0.679675341,1,-3.774458408,1,1.643980503,1,0.106459528,0,-0.941679835,0,-0.241924569,0
35.76791763,-4.848469734,1,-7.199454784,1,-13.12915802,1,-0.740083635,1,-4.044845581,1,1.783588648,1,0.096287861,0,-0.957940459,0,-0.23291637,0
35.77191925,-4.407485962,1,-7.553402901,1,-12.87178802,1,-0.77636385,1,-4.326842308,1,1.940078378,1,0.084724173,0,-0.975267947,0,-0.222550571,0
35.77591705,-2.975367069,1,-7.931050301,1,-12.96440029,1,-0.836285293,1,-4.656495571,1,2.132081985,1,0.071365848,0,-0.993813753,0,-0.210388631,0
35.77991486,-3.1904006,1,-7.682271004,1,-13.5223074,1,-0.88548106,1,-5.017253399,1,2.310921431,1,0.055928104,0,-1.01368773,0,-0.19616659,0
35.78391647,-4.142481327,1,-7.656199932,1,-13.8814497,1,-0.955608487,1,-5.337833405,1,2.501174212,1,0.038054164,0,-1.034840345,0,-0.179538444,0
35.78791428,-6.6257658,1,-9.326327324,1,-14.37581539,1,-1.107859373,1,-5.612089634,1,2.727679491,1,0.016970169,0,-1.05704987,0,-0.159905538,0
35.79191208,-9.771260262,1,-11.55737114,1,-14.96783924,1,-1.384339571,1,-5.732114315,1,2.950854778,1,-0.008489421,0,-1.07981956,0,-0.136523545,0
35.79591751,-8.996124268,1,-12.97831345,1,-14.69300175,1,-1.73999846,1,-5.818321705,1,3.19604373,1,-0.039396044,0,-1.102600813,0,-0.108714134,0
35.79991531,-7.332813263,1,-13.55136204,1,-15.0678463,1,-2.12583971,1,-5.999112606,1,3.472309828,1,-0.077028476,0,-1.12541008,0,-0.075405844,0
35.80391312,-10.80305958,1,-12.37394428,1,-16.81677055,1,-2.436228275,1,-6.123910904,1,3.704978704,1,-0.122298755,0,-1.148144007,0,-0.035624955,0
35.80791473,-16.69849396,1,-10.65701389,1,-16.99143028,1,-2.58225131,1,-5.980420589,1,3.876329422,1,-0.174872115,0,-1.169897437,0,0.010758081,0
35.81191254,-14.57474804,1,-11.13782024,1,-15.86728096,1,-2.781190634,1,-5.841626167,1,4.122934341,1,-0.235169649,0,-1.189772725,0,0.064415962,0
35.81591415,-13.39353561,1,-10.67482853,1,-14.71871471,1,-3.035468102,1,-5.791182041,1,4.318941116,1,-0.304507673,0,-1.207687974,0,0.126339793,0
35.81991196,-17.73423386,1,-10.90724468,1,-14.66740704,1,-3.133732557,1,-5.687508583,1,4.309860229,1,-0.381610006,0,-1.22356689,0,0.195380509,0
35.82390976,-20.02278137,1,-9.6266222,1,-14.21063805,1,-3.19044733,1,-5.43483305,1,4.392247677,1,-0.464817315,0,-1.23669219,0,0.270217359,0
35.82791138,-21.63886642,1,-8.73196888,1,-13.67777443,1,-3.027398586,1,-5.05733633,1,4.327591419,1,-0.552029848,0,-1.246492863,0,0.349039108,0
35.83191299,-21.36477852,1,-8.587808609,1,-13.44675255,1,-2.870314121,1,-4.910124779,1,4.36371851,1,-0.640689611,0,-1.253292799,0,0.430116713,0
35.8359108,-21.98382759,1,-9.195178032,1,-12.45849228,1,-2.881906033,1,-4.634364605,1,4.554384708,1,-0.731413364,0,-1.256769896,0,0.513487637,0
35.8399086,-18.74814606,1,-9.849635124,1,-9.845799446,1,-3.053099871,1,-4.447903633,1,4.68757391,1,-0.822966158,0,-1.256730556,0,0.597336948,0
35.84391022,-17.66692734,1,-8.707482338,1,-9.88936615,1,-3.433782816,1,-4.23939085,1,4.745466232,1,-0.914129376,0,-1.253507257,0,0.679591954,0
35.84790802,-15.28089428,1,-8.644256592,1,-7.431655884,1,-3.70613718,1,-3.904237747,1,4.682862759,1,-1.001358271,0,-1.247512937,0,0.756430447,0
35.85190964,-10.49273872,1,-8.107403755,1,-6.470347881,1,-4.114517212,1,-3.442247152,1,4.558853626,1,-1.081933141,0,-1.238939762,0,0.825018048,0
35.85591126,-8.858211517,1,-7.283015728,1,-6.090657234,1,-4.461900711,1,-3.11516881,1,4.368183136,1,-1.154894233,0,-1.228623629,0,0.884216487,0
35.85990906,-14.09059715,1,-6.485742569,1,-9.011240959,1,-4.759572506,1,-2.864883423,1,4.025612831,1,-1.221510291,0,-1.217426419,0,0.935316861,0
35.86390686,-17.95778656,1,-5.153801918,1,-11.28225613,1,-4.61735487,1,-2.439934969,1,3.570501089,1,-1.279957771,0,-1.206372499,0,0.977663577,0
35.86790848,-16.7471447,1,-1.158222675,1,-11.45836258,1,-4.339457512,1,-2.052699089,1,3.260101318,1,-1.329387188,0,-1.195573926,0,1.011384964,0
35.87190628,-22.90779114,1,5.179144382,1,-13.1893692,1,-3.613571644,1,-1.849502563,1,2.85819149,1,-1.371268153,0,-1.185313225,0,1.03920269,0
35.8759079,-27.18642998,1,4.176559925,1,-15.73390484,1,-2.807900906,1,-1.16008234,1,2.481390476,1,-1.403384447,0,-1.175974369,0,1.060157776,0
35.87991715,-16.31873894,1,-0.144340739,1,-14.95830822,1,-2.374106407,1,-0.397012919,1,2.178598642,1,-1.424299836,0,-1.167253733,0,1.071641326,0
35.88392258,-6.713846207,1,-3.666686296,1,-11.10157871,1,-1.834149241,1,-0.027198009,1,1.795471787,1,-1.437000751,0,-1.159472585,0,1.076265931,0
35.88792038,-5.992334366,1,-5.495303631,1,-9.439463615,1,-1.332981825,1,0.110886045,1,1.517694712,1,-1.444826007,0,-1.152923822,0,1.077965021,0
35.891922,-8.612556458,1,-6.524814606,1,-10.30702877,1,-1.126844764,1,0.336515158,1,1.366885066,1,-1.449338555,0,-1.147120357,0,1.077599406,0
35.8959198,-7.566870689,1,-8.221323013,1,-10.06826115,1,-1.146292448,1,0.609027743,1,1.279570699,1,-1.45109427,0,-1.141642809,0,1.074567676,0
35.89992142,-4.945620537,1,-9.470629692,1,-8.506484985,1,-1.223096967,1,0.771410406,1,1.229699016,1,-1.451126933,0,-1.136321068,0,1.069399118,0
35.90392304,-3.34732008,1,-10.26696396,1,-7.245910645,1,-1.319759846,1,0.869436681,1,1.171473622,1,-1.450446248,0,-1.13116169,0,1.063037753,0
35.90792084,-2.306790352,1,-10.56250763,1,-6.607708454,1,-1.463386774,1,0.978190184,1,1.120231032,1,-1.449424982,0,-1.126167893,0,1.055765867,0
35.91191864,-1.274330378,1,-10.19429779,1,-6.135677814,1,-1.645172,1,1.07764864,1,1.077676058,1,-1.44824183,0,-1.121300697,0,1.047566295,0
35.91592026,-0.912734568,1,-9.48972702,1,-5.990720272,1,-1.774203777,1,1.153676033,1,1.030369401,1,-1.447030663,0,-1.116557956,0,1.038603902,0
35.91991806,-0.709715188,1,-8.861257553,1,-5.83812809,1,-1.850195885,1,1.224879265,1,0.950283945,1,-1.445681214,0,-1.112026572,0,1.029014349,0
35.92391586,-0.422789812,1,-8.34291935,1,-5.679353237,1,-1.878304601,1,1.312523246,1,0.838110328,1,-1.44392097,0,-1.107837319,0,1.018704414,0
35.92791748,0.178577125,1,-7.879719734,1,-5.437805176,1,-1.871456504,1,1.39164722,1,0.701827407,1,-1.441514492,0,-1.10408628,0,1.007604361,0
35.93191528,0.507546902,1,-7.482224464,1,-5.332413197,1,-1.824456096,1,1.464798212,1,0.561785698,1,-1.438387513,0,-1.100833654,0,0.99580884,0
35.9359169,0.584750056,1,-7.270347595,1,-5.308226585,1,-1.750303149,1,1.550987124,1,0.399649233,1,-1.434321642,0,-1.098115206,0,0.983216405,0
35.93991852,0.441496104,1,-7.377309799,1,-5.29368782,1,-1.674218297,1,1.640510559,1,0.229560763,1,-1.429181933,0,-1.095982909,0,0.969739497,0
35.94391632,0.48055461,1,-7.643105984,1,-5.228569984,1,-1.599063158,1,1.741568327,1,0.050281998,1,-1.422893286,0,-1.094449043,0,0.955305278,0
35.94791412,0.446590453,1,-7.887913704,1,-5.106996059,1,-1.540355325,1,1.840516567,1,-0.127098322,1,-1.411785603,0,-1.094367027,0,0.893343806,0
35.95191574,0.49771744,1,-8.362031937,1,-4.994340897,1,-1.505916715,1,1.941201568,1,-0.307390124,1,-1.403122902,0,-1.093995929,0,0.876756012,0
35.95591354,0.445331126,1,-8.683386803,1,-4.832184792,1,-1.497683287,1,2.045977831,1,-0.485463917,1,-1.393386364,0,-1.09418726,0,0.859043419,0
35.95991516,0.139136046,1,-8.92781353,1,-4.762300968,1,-1.51084435,1,2.14864707,1,-0.656666458,1,-1.382612944,0,-1.094903111,0,0.84015739,0
35.96391678,-0.143060401,1,-9.110525131,1,-4.670215607,1,-1.538852334,1,2.265300751,1,-0.830016434,1,-1.370772719,0,-1.0961169,0,0.81997472,0
35.96791458,-0.452452868,1,-9.202457428,1,-4.605595112,1,-1.573070049,1,2.384587765,1,-1.008026004,1,-1.357762694,0,-1.097805262,0,0.798361063,0
35.97191238,-0.726547301,1,-9.132274628,1,-4.589916229,1,-1.600150585,1,2.519876719,1,-1.185117602,1,-1.343492508,0,-1.099934578,0,0.775216222,0
35.975914,-1.000884056,1,-8.930552483,1,-4.633703232,1,-1.611904502,1,2.651248932,1,-1.364422083,1,-1.32776475,0,-1.10249269,0,0.750381052,0
35.9799118,-1.179312348,1,-8.604083061,1,-4.583707809,1,-1.605966806,1,2.783884287,1,-1.548686743,1,-1.310408711,0,-1.105433464,0,0.723742008,0
35.98390961,-1.374606848,1,-8.265369415,1,-4.604289055,1,-1.582188249,1,2.901566267,1,-1.737080097,1,-1.291361332,0,-1.108735681,0,0.695310831,0
35.98791504,-1.536114097,1,-7.966230392,1,-4.603694916,1,-1.541715026,1,3.026835203,1,-1.919901371,1,-1.270470023,0,-1.112348318,0,0.665013433,0
35.99191284,-1.695634484,1,-7.593108654,1,-4.613958836,1,-1.479868054,1,3.142911196,1,-2.109186649,1,-1.247568488,0,-1.116231561,0,0.632770717,0
35.99591065,-1.848176837,1,-7.342325211,1,-4.614911079,1,-1.397009015,1,3.254568815,1,-2.286164761,1,-1.222504616,0,-1.120318055,0,0.598507106,0
35.99991608,-2.11177206,1,-7.208973408,1,-4.671991348,1,-1.303705812,1,3.358821154,1,-2.464246273,1,-1.195201516,0,-1.124533772,0,0.562213778,0
36.00392151,-2.593824148,1,-7.090677738,1,-4.742863178,1,-1.198932528,1,3.474178791,1,-2.633065462,1,-1.165479302,0,-1.12876308,0,0.523762047,0
36.00791931,-3.167733431,1,-7.108140469,1,-4.804871082,1,-1.100015759,1,3.595098734,1,-2.792617321,1,-1.133243084,0,-1.132888317,0,0.48305428,0
36.01192093,-3.733739138,1,-7.156219006,1,-4.826115608,1,-1.003444076,1,3.72432518,1,-2.946614027,1,-1.09838438,0,-1.136768341,0,0.439964026,0
36.01591873,-4.214384556,1,-7.233709335,1,-4.906495094,1,-0.927906215,1,3.866990805,1,-3.09648633,1,-1.06088376,0,-1.140268207,0,0.394415081,0
36.01992035,-4.489807129,1,-7.179533005,1,-4.939836979,1,-0.858584464,1,3.991256475,1,-3.236889601,1,-1.020797729,0,-1.143254042,0,0.346409559,0
36.02392197,-4.664087772,1,-7.13228178,1,-4.914054394,1,-0.808091402,1,4.123050213,1,-3.369874716,1,-0.978320837,0,-1.145595431,0,0.296095788,0
36.02791977,-4.930558205,1,-7.066278934,1,-4.864870548,1,-0.758446932,1,4.234848499,1,-3.490813971,1,-0.933704734,0,-1.147165537,0,0.243704036,0
36.03191757,-5.22990942,1,-7.007471085,1,-4.884991646,1,-0.72155112,1,4.330917358,1,-3.591975451,1,-0.887323678,0,-1.147847772,0,0.18958056,0
36.03591919,-5.655881882,1,-7.002074718,1,-4.880460262,1,-0.685464561,1,4.438879967,1,-3.675618172,1,-0.839540005,0,-1.147505641,0,0.134095788,0
36.03991699,-5.84404707,1,-6.903484344,1,-4.832228184,1,-0.650971591,1,4.538637161,1,-3.742916584,1,-0.790706992,0,-1.145991087,0,0.077592187,0
36.0439148,-6.028680325,1,-6.774055958,1,-4.841134548,1,-0.60800606,1,4.625876427,1,-3.79231143,1,-0.741296828,0,-1.143226981,0,0.020565508,0
36.04792023,-6.166118145,1,-6.608795166,1,-4.950643063,1,-0.558238864,1,4.698664188,1,-3.830545187,1,-0.691802263,0,-1.13917017,0,-0.036450103,0
36.05191803,-6.374576569,1,-6.433237076,1,-4.998671055,1,-0.505027175,1,4.75480175,1,-3.8537817,1,-0.642664313,0,-1.133839011,0,-0.092955567,0
36.05591583,-6.594975948,1,-6.2270751,1,-5.048303127,1,-0.440102756,1,4.796022415,1,-3.863891602,1,-0.594349086,0,-1.127221346,0,-0.148464739,0
36.05991745,-6.754245758,1,-6.074773312,1,-5.148934841,1,-0.385441512,1,4.838436127,1,-3.859323025,1,-0.54725188,0,-1.119347572,0,-0.202547744,0
36.06391525,-7.092646599,1,-5.893547535,1,-5.214033604,1,-0.302732706,1,4.876528263,1,-3.864555359,1,-0.501531541,0,-1.110266089,0,-0.255001128,0
36.06791306,-7.398172379,1,-5.808010578,1,-5.35631752,1,-0.22017093,1,4.918115616,1,-3.859493256,1,-0.45733732,0,-1.099998116,0,-0.30563271,0
36.07191467,-7.690436363,1,-5.688122749,1,-5.49134922,1,-0.124794744,1,4.959814548,1,-3.846776247,1,-0.414784491,0,-1.088608503,0,-0.354288518,0
36.07591248,-7.883501053,1,-5.654812336,1,-5.655292511,1,-0.021501414,1,4.991310596,1,-3.829847097,1,-0.373996913,0,-1.07613337,0,-0.400802583,0
36.07991409,-8.113687515,1,-5.592344761,1,-5.772054672,1,0.077195831,1,5.013429642,1,-3.815597773,1,-0.3350299,0,-1.062663078,0,-0.44510296,0
36.08391571,-8.397661209,1,-5.557852268,1,-5.958781242,1,0.189191028,1,5.040977001,1,-3.792833328,1,-0.297892988,0,-1.048282385,0,-0.4871566,0
36.08791351,-8.636583328,1,-5.562553406,1,-6.088923454,1,0.302066386,1,5.058138371,1,-3.770964861,1,-0.262574881,0,-1.03304863,0,-0.52695173,0
36.09191132,-8.82050705,1,-5.636641026,1,-6.293381214,1,0.413437307,1,5.076731682,1,-3.744075298,1,-0.229007229,0,-1.017042518,0,-0.564544499,0
36.09591293,-9.02071476,1,-5.688519001,1,-6.412979603,1,0.534258187,1,5.077297211,1,-3.708569765,1,-0.197162688,0,-1.000341296,0,-0.599941134,0
36.09991074,-9.184084892,1,-5.813144207,1,-6.524000168,1,0.647315919,1,5.079021454,1,-3.677871227,1,-0.166940227,0,-0.98303467,0,-0.633224785,0
36.10391235,-9.384776115,1,-5.840777874,1,-6.72036171,1,0.762459338,1,5.070118427,1,-3.640858173,1,-0.138276681,0,-0.965194762,0,-0.664463639,0
36.10791397,-9.563894272,1,-5.95455122,1,-6.939844608,1,0.881344199,1,5.056023598,1,-3.61234498,1,-0.111045517,0,-0.94689846,0,-0.693787813,0
36.11191177,-9.798634529,1,-5.968698025,1,-7.136408806,1,0.993985116,1,5.035998344,1,-3.583493948,1,-0.085103363,0,-0.928218246,0,-0.721324861,0
36.11590958,-10.00999546,1,-6.006079674,1,-7.442455292,1,1.114174008,1,5.009703159,1,-3.555593252,1,-0.060321435,0,-0.909221172,0,-0.747195601,0
36.11991882,-10.32759571,1,-6.055508614,1,-7.674987793,1,1.242030144,1,4.983010769,1,-3.534943342,1,-0.036546916,0,-0.889948308,0,-0.771535277,0
36.12392426,-10.70871353,1,-6.184549332,1,-8.035229683,1,1.369395137,1,4.956576347,1,-3.526272058,1,-0.01363829,0,-0.870438814,0,-0.79448545,0
36.12792587,-11.12251568,1,-6.307546139,1,-8.358247757,1,1.495979786,1,4.937333107,1,-3.525023699,1,0.008556535,0,-0.850687265,0,-0.816205919,0
36.13192368,-11.53058243,1,-6.491894722,1,-8.719364166,1,1.608680606,1,4.919479847,1,-3.544328928,1,0.030133957,0,-0.830699265,0,-0.836826324,0
36.13592148,-11.99582291,1,-6.674859047,1,-9.089125633,1,1.729310393,1,4.914508343,1,-3.562401772,1,0.051194407,0,-0.810474813,0,-0.856473684,0
36.1399231,-12.5462904,1,-6.902178764,1,-9.479446411,1,1.836457253,1,4.909085751,1,-3.59372735,1,0.071786433,0,-0.789991796,0,-0.875253141,0
36.14392471,-13.15759945,1,-7.138486862,1,-9.896388054,1,1.953969955,1,4.920949936,1,-3.641762018,1,0.092033334,0,-0.769209266,0,-0.893270969,0
36.14792252,-13.80989933,1,-7.352536201,1,-10.31098747,1,2.059873343,1,4.931542397,1,-3.707616806,1,0.112013452,0,-0.748108864,0,-0.910648882,0
36.15192032,-14.44562244,1,-7.686131001,1,-10.70932484,1,2.154609203,1,4.94012928,1,-3.785344124,1,0.131772384,0,-0.72669661,0,-0.927493095,0
36.15592194,-15.07797241,1,-8.015683174,1,-11.15345097,1,2.236820221,1,4.941092491,1,-3.8818717,1,0.151336297,0,-0.704967558,0,-0.943910241,0
36.15991974,-15.78268909,1,-8.353643417,1,-11.74777412,1,2.308536053,1,4.929170132,1,-3.995586872,1,0.170732334,0,-0.682959437,0,-0.960009873,0
36.16392136,-16.43503761,1,-8.50520134,1,-12.16927052,1,2.369572163,1,4.891637802,1,-4.126719475,1,0.190000653,0,-0.660725117,0,-0.975921452,0
36.16792297,-17.22574043,1,-8.543867111,1,-12.48498154,1,2.427444935,1,4.840490341,1,-4.272915363,1,0.209162399,0,-0.638305902,0,-0.991741717,0
36.17192078,-18.27954102,1,-8.591885567,1,-12.69853973,1,2.478595972,1,4.774857521,1,-4.430595398,1,0.228256449,0,-0.615747929,0,-1.007564187,0
36.17591858,-19.45792961,1,-8.542030334,1,-12.83179569,1,2.530615091,1,4.685561657,1,-4.59727335,1,0.247318655,0,-0.593107164,0,-1.023479581,0
36.1799202,-20.73069382,1,-8.509902,1,-12.79258633,1,2.582801104,1,4.58140564,1,-4.770000458,1,0.26638177,0,-0.570418239,0,-1.039540529,0
36.183918,-22.120924,1,-8.501823425,1,-12.59230137,1,2.630604029,1,4.449128628,1,-4.939031124,1,0.285423577,0,-0.547737896,0,-1.05578208,0
36.18791962,-23.6213665,1,-8.485958099,1,-12.30213547,1,2.650437593,1,4.297709465,1,-5.113132954,1,0.304406494,0,-0.525148451,0,-1.072262526,0
36.19192123,-25.3020153,1,-8.10159111,1,-11.56561279,1,2.661314011,1,4.13751173,1,-5.271253109,1,0.323237479,0,-0.502694905,0,-1.088961482,0
36.19591904,-25.13161278,1,-2.46563077,1,-11.32725811,1,2.709654808,1,3.900978565,1,-5.517647743,1,0.326057136,0,-0.471333057,0,-1.137911081,0
36.19991684,-22.97797966,1,2.769980907,1,-12.59300995,1,2.884803057,1,3.506391525,1,-5.791901112,1,0.345422089,0,-0.449881941,0,-1.156330466,0
36.20391846,-24.17499352,1,1.661215186,1,-11.23661232,1,3.100414753,1,3.260381699,1,-6.015886784,1,0.365566671,0,-0.429019779,0,-1.175610185,0
36.20791626,-27.55737686,1,1.957246661,1,-9.69606781,1,3.350487709,1,3.067130566,1,-6.166196346,1,0.386501133,0,-0.408282667,0,-1.195354462,0
36.21191406,-29.51012421,1,1.990780354,1,-8.524802208,1,3.517771244,1,2.878199339,1,-6.239583969,1,0.407958686,0,-0.387725294,0,-1.21519649,0
36.21591568,-30.80805779,1,1.949503064,1,-7.208565712,1,3.556462526,1,2.712824583,1,-6.245286465,1,0.429384351,0,-0.367346406,0,-1.234874487,0
36.21991348,-32.11051559,1,1.758458972,1,-5.636295795,1,3.495090485,1,2.557997465,1,-6.181767464,1,0.450238675,0,-0.347207755,0,-1.254115224,0
36.2239151,-32.65585709,1,2.027769566,1,-4.122259617,1,3.382300615,1,2.421318293,1,-6.050701141,1,0.470141768,0,-0.327411234,0,-1.272675872,0
36.22791672,-32.0041275,1,3.208301783,1,-2.676305056,1,3.258908033,1,2.253137112,1,-5.85832119,1,0.48895064,0,-0.308110118,0,-1.290400386,0
36.23191452,-30.42824364,1,5.414299965,1,-1.393787742,1,3.149198771,1,2.028521061,1,-5.62727356,1,0.506723166,0,-0.289595097,0,-1.307240725,0
36.23591232,-29.19536781,1,8.158689499,1,-0.347234547,1,3.078380346,1,1.732693195,1,-5.385893822,1,0.523638487,0,-0.272200912,0,-1.323330879,0
36.23991394,-28.57212639,1,10.24979973,1,0.751582384,1,3.056050777,1,1.424513578,1,-5.138794422,1,0.539942443,0,-0.256077975,0,-1.338806152,0
36.24391556,-28.89125633,1,11.51188469,1,1.755285978,1,3.028087378,1,1.107297897,1,-4.89073801,1,0.555785418,0,-0.241302356,0,-1.353748679,0
36.24791718,-29.86619186,1,11.60764599,1,2.814150095,1,2.934844732,1,0.806485116,1,-4.604821205,1,0.571083724,0,-0.227924272,0,-1.368150234,0
36.25191879,-30.60419655,1,11.4819479,1,3.723977089,1,2.769240141,1,0.501061797,1,-4.289615154,1,0.585570037,0,-0.216020823,0,-1.381972551,0
36.2559166,-31.17643166,1,11.23930168,1,4.418367863,1,2.490659237,1,0.203567415,1,-3.932801723,1,0.598870158,0,-0.205666766,0,-1.395131469,0
36.2599144,-31.10726738,1,10.99823952,1,5.127682209,1,2.146153927,1,-0.064969316,1,-3.532717705,1,0.610638142,0,-0.196952716,0,-1.407514334,0
36.26391602,-30.88762665,1,11.01284599,1,5.371965885,1,1.740926862,1,-0.327508211,1,-3.092002869,1,0.620633066,0,-0.189936936,0,-1.419008732,0
36.26791382,-30.22854996,1,10.39182663,1,5.571749687,1,1.30346179,1,-0.544454038,1,-2.609459162,1,0.628673375,0,-0.184672177,0,-1.429474592,0
36.27191544,-29.68499947,1,9.985627174,1,5.573065281,1,0.86238426,1,-0.736254215,1,-2.07719779,1,0.634687603,0,-0.181198657,0,-1.438726068,0
36.27591705,-28.7921524,1,9.421468735,1,5.143666267,1,0.439669728,1,-0.909805655,1,-1.519384861,1,0.638688684,0,-0.179559395,0,-1.446592927,0
36.27991486,-27.78840256,1,8.778269768,1,4.463784695,1,0.04838495,1,-1.061776519,1,-0.945862949,1,0.640811503,0,-0.179776132,0,-1.452999711,0
36.28391266,-5.813838959,1,-11.37000275,1,-0.39451465,1,-1.478014588,1,-1.529847383,1,-0.156475306,1,0.639476299,0,-0.182421654,0,-1.457897544,0
36.28791428,-34.84366608,1,-7.826004505,1,7.946582317,1,-3.549130678,1,-2.863456964,1,0.935989261,1,0.62992692,0,-0.190402746,0,-1.461961031,0
36.29191208,-28.63419914,1,9.352516174,1,4.677643299,1,-3.846939325,1,-2.781048059,1,1.458830237,1,0.615206301,0,-0.202797845,0,-1.464858651,0
36.29590988,16.87023926,1,8.508522034,1,1.409804821,1,-3.536240339,1,-2.649883986,1,1.691227436,1,0.600732088,0,-0.215037197,0,-1.465688944,0
36.2999115,6.309258461,1,5.950256348,1,-9.787936211,1,-3.845422029,1,-3.273594379,1,1.921807051,1,0.586119413,0,-0.228980064,0,-1.466362715,0
36.3039093,-11.36279583,1,6.174296379,1,-21.46351624,1,-3.660206795,1,-3.17888546,1,1.939811468,1,0.571077406,0,-0.244228348,0,-1.466965556,0
36.30791092,3.613514185,1,4.257468224,1,-29.12309456,1,-2.787473679,1,-2.683939457,1,1.774440646,1,0.558065712,0,-0.258022815,0,-1.467045546,0
36.31191254,4.018818378,1,-2.013062954,1,-28.99104309,1,-2.50209403,1,-2.579162121,1,1.625198483,1,0.547593057,0,-0.270549744,0,-1.466673493,0
36.31591034,1.149468184,1,-5.356689453,1,-20.33058167,1,-2.22805357,1,-2.488927603,1,1.480176449,1,0.538042307,0,-0.282423019,0,-1.466615558,0
36.31990814,4.813135624,1,-0.776520669,1,-16.11035919,1,-1.950630903,1,-2.72718215,1,1.463729024,1,0.529770136,0,-0.294227183,0,-1.466802835,0
36.32390976,2.179309607,1,10.37164307,1,-13.3140192,1,-1.461718321,1,-3.299995422,1,1.814130187,1,0.523281991,0,-0.307861626,0,-1.46721673,0
36.32790756,-2.673954964,1,12.97591114,1,-12.28033066,1,-1.300054193,1,-3.908734798,1,1.945788264,1,0.517868459,0,-0.324210227,0,-1.467888951,0
36.33190918,-0.094309106,1,11.81130981,1,-12.80736542,1,-0.938205183,1,-4.294609547,1,2.016992569,1,0.51390785,0,-0.342395365,0,-1.469172001,0
36.3359108,-4.193649292,1,7.58565712,1,-13.37188816,1,-0.816539347,1,-4.699045181,1,2.222826719,1,0.510958433,0,-0.362218648,0,-1.470745206,0
36.3399086,-13.1578598,1,4.27733326,1,-17.36615753,1,-0.647162616,1,-4.723257065,1,2.224566698,1,0.508591115,0,-0.383143961,0,-1.472257018,0
36.3439064,-19.33485794,1,4.27511549,1,-19.20326805,1,-0.393691957,1,-4.361298084,1,2.084106684,1,0.506991446,0,-0.403308928,0,-1.473723292,0
36.34790802,-19.93937492,1,2.321597815,1,-19.01654434,1,-0.142544016,1,-3.873072386,1,1.880772352,1,0.506452382,0,-0.421503186,0,-1.474862933,0
36.35190582,-19.00602722,1,1.690526843,1,-15.79022312,1,0.008849961,1,-3.532711744,1,1.748768687,1,0.506584764,0,-0.437990785,0,-1.475777388,0
36.35590744,-18.72763252,1,-1.819211483,1,-13.63924694,1,0.074562632,1,-3.275450468,1,1.704116344,1,0.507009268,0,-0.45320797,0,-1.476426005,0
36.35990906,-19.2743721,1,-4.670711517,1,-10.76431656,1,0.005555295,1,-2.992717028,1,1.689924121,1,0.507230222,0,-0.46750477,0,-1.47657609,0
36.36391068,-17.57638168,1,-7.573105812,1,-8.890659332,1,-0.067527615,1,-2.662237644,1,1.583833337,1,0.506972373,0,-0.480532736,0,-1.47630775,0
36.36791229,-15.62931347,1,-8.56960392,1,-7.073407173,1,-0.180599913,1,-2.380779982,1,1.407346606,1,0.506267071,0,-0.492250234,0,-1.475893259,0
36.37191391,-14.02844715,1,-10.30614376,1,-6.852811337,1,-0.32647568,1,-2.160027504,1,1.290110707,1,0.505140007,0,-0.502776861,0,-1.475584507,0
36.37591171,-12.83751392,1,-9.549636841,1,-6.447901726,1,-0.56772083,1,-1.876771927,1,1.184171677,1,0.503067315,0,-0.512234271,0,-1.475056887,0
36.37990952,-7.675127029,1,-7.701123238,1,-6.713439941,1,-0.68241775,1,-1.77120173,1,1.077258587,1,0.500265658,0,-0.520768702,0,-1.474534988,0
36.38391113,-7.650608063,1,-6.074650764,1,-8.026028633,1,-0.83770901,1,-1.678893924,1,1.042746663,1,0.497040689,0,-0.528886616,0,-1.474061489,0
36.38790894,-7.864762783,1,-4.357514381,1,-9.166073799,1,-0.945170105,1,-1.498007894,1,1.018273592,1,0.493105471,0,-0.536436081,0,-1.473380566,0
36.39190674,-9.333662987,1,-3.194001913,1,-9.640727043,1,-0.96909529,1,-1.255119324,1,0.983620763,1,0.48868072,0,-0.543183625,0,-1.472279906,0
36.39590836,-12.50985527,1,-3.706406593,1,-10.03132915,1,-1.03831315,1,-0.941878676,1,0.932794034,1,0.483845711,0,-0.548891783,0,-1.470719337,0
36.39990616,-12.2554369,1,-2.682714224,1,-9.727696419,1,-0.972294211,1,-0.645473182,1,0.837206662,1,0.47877112,0,-0.553311646,0,-1.468727827,0
36.40390778,-10.72582912,1,-3.852927208,1,-9.989236832,1,-0.920165002,1,-0.446866661,1,0.680008709,1,0.473935872,0,-0.556648254,0,-1.4667238,0
36.40790939,-9.216267586,1,-3.083440542,1,-9.616046906,1,-0.857370496,1,-0.340703487,1,0.55774802,1,0.469446599,0,-0.559136391,0,-1.464971066,0
36.4119072,-5.696005821,1,-2.537667036,1,-9.375821114,1,-0.812299192,1,-0.335501313,1,0.501660109,1,0.465317726,0,-0.561271012,0,-1.463454485,0
36.415905,-5.661162853,1,-2.881677628,1,-10.11548805,1,-0.77783823,1,-0.342075437,1,0.46653831,1,0.461392432,0,-0.563372374,0,-1.462112665,0
36.41990662,-6.03082943,1,-2.401631355,1,-10.19672298,1,-0.698765218,1,-0.304885358,1,0.443144172,1,0.457786888,0,-0.565332294,0,-1.460878611,0
36.42390442,-6.422369957,1,-2.572407246,1,-9.319732666,1,-0.647480607,1,-0.301722527,1,0.438142002,1,0.454424441,0,-0.567198753,0,-1.459631085,0
36.42790604,-6.721485615,1,-2.791161537,1,-9.19304657,1,-0.583616078,1,-0.292637795,1,0.397075981,1,0.451316535,0,-0.569002271,0,-1.458460569,0
36.43190765,-5.846929073,1,-2.758679867,1,-8.673089027,1,-0.541329324,1,-0.294430017,1,0.366875619,1,0.448519051,0,-0.570721328,0,-1.457436442,0
36.43590546,-5.9422822,1,-2.44198823,1,-8.95971489,1,-0.493376344,1,-0.280464113,1,0.343730479,1,0.445940495,0,-0.572381198,0,-1.45651567,0
36.43990326,-5.509675503,1,-2.010345221,1,-8.829572678,1,-0.457260728,1,-0.252550721,1,0.331424326,1,0.443555057,0,-0.573912203,0,-1.455619931,0
36.44390488,-5.427568913,1,-1.5154773,1,-8.739794731,1,-0.405240804,1,-0.234283835,1,0.324982375,1,0.441328526,0,-0.575335085,0,-1.454688549,0
36.44790268,-5.882240772,1,-1.465165615,1,-8.637171745,1,-0.344777673,1,-0.205783844,1,0.287838131,1,0.441790521,0,-0.576855004,0,-1.487456918,0
36.45190048,-5.770503521,1,-1.559314609,1,-8.681810379,1,-0.292199045,1,-0.185688242,1,0.248342887,1,0.440104842,0,-0.578023493,0,-1.486703515,0
36.4559021,-5.539011955,1,-1.973787189,1,-8.744638443,1,-0.243866161,1,-0.176053002,1,0.213990018,1,0.438695848,0,-0.579066694,0,-1.486076593,0
36.4598999,-4.886625767,1,-2.457408905,1,-8.862764359,1,-0.214260414,1,-0.181025952,1,0.191947967,1,0.437502891,0,-0.580047131,0,-1.485557318,0
36.46390152,-4.676881313,1,-2.886915207,1,-8.841251373,1,-0.191746309,1,-0.201059237,1,0.186958596,1,0.436462224,0,-0.581061423,0,-1.485131979,0
36.46790314,-4.642156124,1,-3.127568483,1,-8.637990952,1,-0.180530325,1,-0.223221749,1,0.190141171,1,0.435496658,0,-0.582158625,0,-1.484734178,0
36.47190094,-4.949476719,1,-3.280280352,1,-8.488930702,1,-0.179843828,1,-0.23973459,1,0.197896153,1,0.434561729,0,-0.583322942,0,-1.48435843,0
36.47589874,-5.183868885,1,-3.291129589,1,-8.371897697,1,-0.185317114,1,-0.237850115,1,0.209955007,1,0.433610499,0,-0.584529281,0,-1.483955503,0
36.47990036,-5.07036829,1,-3.134203196,1,-8.387779236,1,-0.187516287,1,-0.234975383,1,0.208836928,1,0.432626069,0,-0.585744381,0,-1.483524799,0
36.48390579,-4.83667469,1,-2.964067698,1,-8.452633858,1,-0.186794415,1,-0.231504202,1,0.214964598,1,0.431621492,0,-0.586942017,0,-1.483066082,0
36.4879036,-4.920531273,1,-2.718404055,1,-8.550283432,1,-0.182517081,1,-0.242108539,1,0.217807695,1,0.430621833,0,-0.588169456,0,-1.482597113,0
36.49190521,-4.694521904,1,-2.5889709,1,-8.446797371,1,-0.168430075,1,-0.244765237,1,0.212471813,1,0.429667473,0,-0.589408278,0,-1.482142568,0
36.49590302,-4.827960014,1,-2.506853342,1,-8.467936516,1,-0.1526068,1,-0.256830215,1,0.198001802,1,0.428807855,0,-0.590666175,0,-1.481741905,0
36.49990845,-5.014295101,1,-2.384719372,1,-8.468662262,1,-0.140191883,1,-0.258740664,1,0.180799752,1,0.428052515,0,-0.591921687,0,-1.481423378,0
36.50390244,-4.846200943,1,-2.278045416,1,-8.520685196,1,-0.118633069,1,-0.268279582,1,0.165481761,1,0.427414715,0,-0.593168974,0,-1.481185198,0
36.50790024,-4.777219772,1,-2.0699265,1,-8.584609032,1,-0.093626402,1,-0.280273169,1,0.144880205,1,0.426909953,0,-0.594426811,0,-1.481047392,0
36.51190186,-4.768065453,1,-1.774801731,1,-8.581064224,1,-0.066638701,1,-0.290369749,1,0.118688136,1,0.426594019,0,-0.595683098,0,-1.481036901,0
36.51590729,-4.934752941,1,-1.67937696,1,-8.52409935,1,-0.035315897,1,-0.305877179,1,0.097484671,1,0.426460266,0,-0.596956789,0,-1.481156707,0
36.51990509,-5.05884409,1,-1.739225864,1,-8.466373444,1,-0.001489058,1,-0.307618856,1,0.070513844,1,0.42652455,0,-0.598208129,0,-1.481401324,0
36.52389908,-4.876021862,1,-1.83218658,1,-8.409183502,1,0.026123088,1,-0.318622053,1,0.049551893,1,0.42678386,0,-0.599449992,0,-1.481773257,0
36.52790451,-4.868635654,1,-1.967045188,1,-8.459529877,1,0.04966604,1,-0.322522432,1,0.031731568,1,0.427193642,0,-0.600684941,0,-1.482235909,0
36.53190231,-4.83830595,1,-2.064548969,1,-8.384363174,1,0.069109276,1,-0.327906251,1,0.017301833,1,0.427757502,0,-0.601911306,0,-1.482793212,0
36.53590393,-4.855772018,1,-2.295786858,1,-8.277580261,1,0.090778932,1,-0.334335923,1,0.003205223,1,0.428426683,0,-0.603123009,0,-1.483417869,0
36.53990555,-4.846663952,1,-2.531251431,1,-8.222784042,1,0.088458575,1,-0.336197525,1,-0.009947374,1,0.429182649,0,-0.604337633,0,-1.484120846,0
36.54390335,-4.807770729,1,-2.843365192,1,-8.14061451,1,0.080253944,1,-0.335879982,1,-0.013501153,1,0.429942727,0,-0.605531514,0,-1.484846711,0
36.54790115,-4.718429089,1,-3.126509428,1,-8.119774818,1,0.073033765,1,-0.333286315,1,0.000353865,1,0.430663317,0,-0.606727421,0,-1.485559583,0
36.55190277,-4.913038731,1,-3.495838165,1,-7.935307503,1,0.049027629,1,-0.328176767,1,0.015075686,1,0.431285709,0,-0.60794425,0,-1.486203194,0
36.55590057,-5.028081894,1,-3.833752871,1,-7.783970356,1,0.026924802,1,-0.320084304,1,0.039895676,1,0.431743562,0,-0.609166145,0,-1.486746669,0
36.55990219,-5.06498909,1,-4.093056679,1,-7.544167995,1,-0.01334673,1,-0.303703874,1,0.062537022,1,0.432008326,0,-0.610378981,0,-1.487154841,0
36.56390381,-5.049836159,1,-4.341611862,1,-7.432403088,1,-0.062788703,1,-0.283151448,1,0.103828408,1,0.431995034,0,-0.611587644,0,-1.487384677,0
36.56790161,-5.114099979,1,-4.351324081,1,-7.313393593,1,-0.110093147,1,-0.255493104,1,0.13180539,1,0.431667238,0,-0.612767518,0,-1.487409472,0
36.57189941,-5.160531044,1,-4.181410313,1,-7.336664677,1,-0.15541397,1,-0.227579832,1,0.161233589,1,0.43103829,0,-0.613887668,0,-1.487251043,0
36.57590103,-5.205732346,1,-4.033209801,1,-7.45543623,1,-0.196450636,1,-0.205530584,1,0.181762755,1,0.430152297,0,-0.61495769,0,-1.486927748,0
36.57989883,-5.005171299,1,-3.744370699,1,-7.552108765,1,-0.231750026,1,-0.188787907,1,0.198104069,1,0.429026812,0,-0.615988612,0,-1.486475229,0
36.58390045,-4.966424942,1,-3.29019475,1,-7.752983093,1,-0.242223009,1,-0.169731244,1,0.20756577,1,0.427758723,0,-0.616977632,0,-1.485938787,0
36.58790207,-4.825416088,1,-2.694889784,1,-7.933550835,1,-0.246742651,1,-0.16453746,1,0.216304198,1,0.426414907,0,-0.617930591,0,-1.485328913,0
36.59189987,-4.816616535,1,-2.166147947,1,-8.165834427,1,-0.239989907,1,-0.159629673,1,0.218737423,1,0.425068706,0,-0.618877888,0,-1.484681487,0
36.59589768,-4.891576767,1,-1.849273443,1,-8.259952545,1,-0.208428428,1,-0.168410391,1,0.211978644,1,0.423800319,0,-0.619834185,0,-1.484043598,0
36.59989929,-4.881925583,1,-1.71991539,1,-8.270183563,1,-0.176024944,1,-0.165309042,1,0.207527325,1,0.422677457,0,-0.620792508,0,-1.483434439,0
36.60390091,-4.960185051,1,-1.959854841,1,-8.21924305,1,-0.141664937,1,-0.172538221,1,0.200280145,1,0.421705812,0,-0.621743381,0,-1.482862592,0
36.60790253,-5.045797825,1,-2.05665803,1,-8.130187035,1,-0.114112176,1,-0.172418967,1,0.194015101,1,0.42087096,0,-0.622695148,0,-1.482318401,0
36.61190414,-4.882717133,1,-2.368757248,1,-8.098217964,1,-0.10019736,1,-0.176246762,1,0.194281638,1,0.420137078,0,-0.623654366,0,-1.481792927,0
36.61590195,-4.889806271,1,-2.457240105,1,-8.1277771,1,-0.078908019,1,-0.186409205,1,0.201070428,1,0.419472218,0,-0.62463367,0,-1.481263518,0
36.61989975,-4.894321918,1,-2.492271662,1,-7.989156723,1,-0.06576436,1,-0.189393789,1,0.20278205,1,0.41886431,0,-0.625649154,0,-1.480733871,0
36.62390137,-4.861392498,1,-2.607166767,1,-8.03621769,1,-0.053580567,1,-0.186597437,1,0.205242217,1,0.418305755,0,-0.626660466,0,-1.480191946,0
36.62789917,-4.747552395,1,-2.821120501,1,-8.119524002,1,-0.069863319,1,-0.199410096,1,0.208415553,1,0.417742491,0,-0.627699375,0,-1.479645014,0
36.63190079,-4.930123329,1,-2.444083452,1,-8.095060349,1,-0.065845445,1,-0.211227894,1,0.208653837,1,0.417150736,0,-0.628788829,0,-1.479119301,0
36.63590241,-5.033023357,1,-2.316732645,1,-8.005633354,1,-0.045262661,1,-0.204223901,1,0.209866822,1,0.416618198,0,-0.629890144,0,-1.478590846,0
36.63990021,-5.085025311,1,-2.316787004,1,-8.038361549,1,-0.030059393,1,-0.202527225,1,0.209535152,1,0.416135609,0,-0.630977809,0,-1.478048921,0
36.64389801,-5.130921841,1,-2.469522476,1,-8.026546478,1,-0.016074229,1,-0.197884604,1,0.210861728,1,0.4157269,0,-0.632051945,0,-1.477508068,0
36.64789963,-5.118071556,1,-2.460758448,1,-7.990692139,1,-0.015904339,1,-0.204891264,1,0.211409852,1,0.415329933,0,-0.633125067,0,-1.476955414,0
36.65189743,-5.168710232,1,-2.605199575,1,-7.913086414,1,-0.003065689,1,-0.201753259,1,0.214828342,1,0.414962947,0,-0.634203553,0,-1.476394057,0
36.65589905,-5.075248718,1,-2.709886789,1,-7.979376793,1,-0.00514523,1,-0.192156821,1,0.213449165,1,0.414606661,0,-0.63526845,0,-1.475823879,0
36.65990067,-5.117229939,1,-2.928710938,1,-7.973906994,1,-0.010384785,1,-0.199326724,1,0.218922779,1,0.414237499,0,-0.636340559,0,-1.475237489,0
36.66389847,-5.331497669,1,-2.800949335,1,-7.934532642,1,-0.020999698,1,-0.202142358,1,0.225317731,1,0.413805276,0,-0.637435496,0,-1.474619269,0
36.66789627,-5.177796364,1,-2.881860971,1,-7.940079689,1,-0.040759165,1,-0.203745559,1,0.223881602,1,0.413326651,0,-0.638543725,0,-1.474013686,0
36.67189789,-5.195776463,1,-2.409520388,1,-8.024507523,1,-0.048455123,1,-0.21156998,1,0.226146653,1,0.412768513,0,-0.639673948,0,-1.473400593,0
36.67589569,-5.309666634,1,-2.215599298,1,-8.067911148,1,-0.035190288,1,-0.211858943,1,0.219982922,1,0.412245244,0,-0.640816867,0,-1.472810507,0
36.67989731,-5.17914629,1,-2.141323328,1,-8.029457092,1,-0.021436526,1,-0.207252175,1,0.215142459,1,0.411781669,0,-0.641924679,0,-1.472217083,0
36.68389893,-5.261149883,1,-2.298594952,1,-8.04413414,1,-0.014580389,1,-0.215830475,1,0.203993261,1,0.411389112,0,-0.643039405,0,-1.47167182,0
36.68789673,-5.182200909,1,-2.228553057,1,-8.043660164,1,-0.013154661,1,-0.22123985,1,0.202250421,1,0.411031008,0,-0.64416641,0,-1.471182942,0
36.69189453,-5.178337574,1,-2.300567627,1,-8.048830032,1,-0.000989229,1,-0.229268223,1,0.199441269,1,0.410719544,0,-0.645321846,0,-1.47072053,0
36.69589615,-5.055669785,1,-2.423439741,1,-8.047787666,1,0.003458719,1,-0.23201789,1,0.202342138,1,0.342084348,0,-0.605555832,0,-1.55408752,0
36.69989395,-5.076099396,1,-2.455648422,1,-8.130969048,1,0.005751591,1,-0.240222871,1,0.206170946,1,0.341788173,0,-0.60671401,0,-1.553533196,0
36.70389557,-5.170605659,1,-2.342145681,1,-8.190036774,1,0.012753826,1,-0.253630668,1,0.211243957,1,0.34151119,0,-0.607919395,0,-1.552982211,0
36.70789719,-5.103939533,1,-2.301020622,1,-8.125684738,1,0.015878001,1,-0.261830151,1,0.217071995,1,0.341244221,0,-0.609171629,0,-1.552414536,0
36.71189499,-5.06667614,1,-2.509763002,1,-8.207012177,1,0.002986277,1,-0.272655964,1,0.219651476,1,0.340962708,0,-0.6104725,0,-1.551845789,0
36.71589279,-5.101461887,1,-2.317628384,1,-8.252340317,1,0.003196643,1,-0.290313959,1,0.219900161,1,0.340649009,0,-0.61182946,0,-1.551291466,0
36.71989441,-5.054265976,1,-2.277896404,1,-8.283869743,1,0.019922998,1,-0.298814148,1,0.222847939,1,0.340395808,0,-0.613237143,0,-1.550755262,0
36.72389603,-5.071931839,1,-2.346320629,1,-8.265974045,1,0.033765636,1,-0.314492285,1,0.225799233,1,0.340194046,0,-0.614696443,0,-1.55022347,0
36.72789764,-5.091706276,1,-2.294750452,1,-8.249862671,1,0.036608037,1,-0.332819819,1,0.224432975,1,0.34002912,0,-0.61621809,0,-1.54971242,0
36.73189926,-5.120193481,1,-2.32932663,1,-8.188660622,1,0.043059584,1,-0.347225547,1,0.226989567,1,0.339922905,0,-0.617806971,0,-1.54922545,0
36.73589706,-5.153242111,1,-2.429392338,1,-8.215226173,1,0.055110782,1,-0.35800907,1,0.234783202,1,0.339834988,0,-0.619447947,0,-1.548737526,0
36.73989487,-5.137427807,1,-2.599882603,1,-8.290605545,1,0.053600382,1,-0.377496481,1,0.23751758,1,0.339769781,0,-0.62114948,0,-1.548251271,0
36.74389648,-5.061300278,1,-2.967153788,1,-8.327566147,1,0.025795929,1,-0.396589696,1,0.250473112,1,0.33963412,0,-0.62292558,0,-1.547739387,0
36.74789429,-5.060537338,1,-2.741312265,1,-8.334581375,1,0.016357029,1,-0.420542866,1,0.262239844,1,0.339401543,0,-0.62481153,0,-1.547225595,0
36.75189591,-5.08190012,1,-2.742809296,1,-8.365479469,1,0.028384008,1,-0.436579257,1,0.281882286,1,0.33916682,0,-0.626794755,0,-1.546664953,0
36.75589752,-5.09994936,1,-2.912968874,1,-8.285345078,1,0.026588649,1,-0.462424695,1,0.302046597,1,0.338918626,0,-0.628877759,0,-1.546049714,0
36.75989533,-5.091886044,1,-2.968932867,1,-8.334244728,1,0.018549709,1,-0.489475548,1,0.315924615,1,0.33862561,0,-0.631075442,0,-1.54539156,0
36.76389313,-5.0769701,1,-2.837793827,1,-8.36150074,1,0.0112113,1,-0.510869384,1,0.331022114,1,0.33828181,0,-0.633391023,0,-1.544704795,0
36.76789475,-5.097247601,1,-2.706314564,1,-8.31517601,1,0.012178121,1,-0.538510859,1,0.348432392,1,0.33790049,0,-0.635820031,0,-1.543974757,0
36.77189255,-5.170118809,1,-2.753208876,1,-8.204544067,1,0.012535807,1,-0.56191957,1,0.366559148,1,0.33749947,0,-0.638369024,0,-1.543211341,0
36.77589417,-5.201159954,1,-3.16489768,1,-8.226536751,1,-0.012433758,1,-0.586335182,1,0.383100808,1,0.337008774,0,-0.641034424,0,-1.542387009,0
36.77989197,-5.069963455,1,-3.075660229,1,-8.242334366,1,-0.051611569,1,-0.61724484,1,0.394708455,1,0.336363614,0,-0.643807292,0,-1.541538596,0
36.78388977,-5.142055511,1,-2.746792078,1,-8.369959831,1,-0.060013048,1,-0.645414412,1,0.40842244,1,0.335617274,0,-0.646712422,0,-1.540682912,0
36.78789139,-5.25205946,1,-2.650166512,1,-8.364126205,1,-0.066194296,1,-0.670178056,1,0.422035396,1,0.334824324,0,-0.649742901,0,-1.539796472,0
36.79189301,-5.311874866,1,-2.732646465,1,-8.494419098,1,-0.078018613,1,-0.708673239,1,0.43193385,1,0.333996207,0,-0.652907312,0,-1.538911462,0
36.79589081,-5.223284245,1,-2.861546993,1,-8.608407974,1,-0.101407044,1,-0.74587816,1,0.44266516,1,0.333105713,0,-0.656232834,0,-1.53803575,0
36.79988861,-5.027697563,1,-2.948627949,1,-8.713231087,1,-0.12767528,1,-0.789652467,1,0.459703565,1,0.332097441,0,-0.659716249,0,-1.53714025,0
36.80389023,-5.011275291,1,-3.12876606,1,-8.929938316,1,-0.151210517,1,-0.832978427,1,0.478284836,1,0.330992788,0,-0.663398266,0,-1.536238551,0
36.80788803,-4.787906647,1,-3.172354698,1,-8.840122223,1,-0.16953747,1,-0.894928634,1,0.505044222,1,0.329769611,0,-0.667315543,0,-1.535294533,0
36.81188965,-4.939675331,1,-3.168465853,1,-8.99075222,1,-0.179622874,1,-0.955960333,1,0.525829256,1,0.328467131,0,-0.671486616,0,-1.534329176,0
36.81589127,-4.905398369,1,-3.054792643,1,-9.017018318,1,-0.199497879,1,-1.015437245,1,0.54658854,1,0.327088594,0,-0.675917268,0,-1.533346176,0
36.81988907,-5.053892612,1,-2.767814636,1,-9.243338585,1,-0.2141231,1,-1.082955003,1,0.564978898,1,0.325643539,0,-0.680610836,0,-1.532363772,0
36.82388687,-5.061288834,1,-2.76017642,1,-9.357322693,1,-0.267075747,1,-1.151273251,1,0.580208898,1,0.324074268,0,-0.685578227,0,-1.531407475,0
36.82788849,-5.205692291,1,-2.828752995,1,-9.460741043,1,-0.303773224,1,-1.229795814,1,0.59522438,1,0.322325796,0,-0.690858483,0,-1.530470371,0
36.83188629,-5.311605453,1,-2.700043201,1,-9.69921875,1,-0.32867676,1,-1.306058526,1,0.612006962,1,0.320485413,0,-0.696438789,0,-1.52957809,0
36.83588409,-4.800401688,1,-2.730569363,1,-9.579116821,1,-0.327093959,1,-1.379422188,1,0.645274997,1,0.318586677,0,-0.702321529,0,-1.528663516,0
36.83988571,-4.593237877,1,-3.187635183,1,-9.549974442,1,-0.347177297,1,-1.460708976,1,0.670863986,1,0.316623062,0,-0.708544075,0,-1.527711868,0
36.84389114,-4.961452484,1,-3.402124166,1,-9.623281479,1,-0.392524034,1,-1.55164957,1,0.702035904,1,0.314509749,0,-0.715125263,0,-1.526745081,0
36.84788895,-4.98854208,1,-3.195786238,1,-9.606640816,1,-0.434442639,1,-1.655069709,1,0.745482147,1,0.312161744,0,-0.722121,0,-1.525713682,0
36.85189056,-5.341280937,1,-3.40453434,1,-9.61206913,1,-0.478274554,1,-1.738838196,1,0.791660488,1,0.309571773,0,-0.729534864,0,-1.524583459,0
36.85588837,-4.750110149,1,-3.144461155,1,-9.435569763,1,-0.503785729,1,-1.854828119,1,0.840641141,1,0.306761086,0,-0.737364292,0,-1.523327947,0
36.85988998,-4.846609592,1,-3.192532778,1,-9.62818718,1,-0.529624581,1,-1.959449768,1,0.887996554,1,0.303756148,0,-0.745676935,0,-1.521947503,0
36.8638916,-4.850791454,1,-3.204875708,1,-9.800591469,1,-0.555738807,1,-2.073834896,1,0.937962174,1,0.300581723,0,-0.75445652,0,-1.520468116,0
36.8678894,-4.884451866,1,-3.35521841,1,-10.26438713,1,-0.587268114,1,-2.203453302,1,1.002479196,1,0.297181726,0,-0.763776064,0,-1.518838882,0
36.87188721,-4.409103394,1,-3.17711854,1,-10.56632614,1,-0.609513521,1,-2.345913887,1,1.059440017,1,0.293528229,0,-0.773666799,0,-1.517026424,0
36.87588882,-4.128403187,1,-3.224954844,1,-10.95214748,1,-0.622815967,1,-2.524236679,1,1.115036726,1,0.289724857,0,-0.784247398,0,-1.515114188,0
36.87988663,-4.257059574,1,-3.443391085,1,-11.33373642,1,-0.635675311,1,-2.71714282,1,1.182305455,1,0.285773784,0,-0.795606136,0,-1.513087392,0
36.88389206,-4.264802933,1,-4.04041338,1,-11.61100864,1,-0.65193975,1,-2.938284636,1,1.269404769,1,0.28161478,0,-0.807823956,0,-1.510886192,0
36.88788605,-4.787229061,1,-5.274604321,1,-11.80434132,1,-0.685648561,1,-3.144292831,1,1.376821399,1,0.277122438,0,-0.820968807,0,-1.508373857,0
36.89188385,-4.532437325,1,-6.857060909,1,-11.28138638,1,-0.761699438,1,-3.361157179,1,1.535681844,1,0.271980256,0,-0.835072398,0,-1.50531745,0
36.89588547,-3.716124296,1,-7.594710827,1,-11.13095856,1,-0.839291513,1,-3.614138842,1,1.69582808,1,0.265939027,0,-0.850227356,0,-1.501526594,0
36.8998909,-4.247478485,1,-8.469960213,1,-11.60310459,1,-0.916469872,1,-3.863159657,1,1.872190356,1,0.258943319,0,-0.866533101,0,-1.49692142,0
36.9038887,-4.638231754,1,-8.998142242,1,-11.86075306,1,-0.985829532,1,-4.083427429,1,2.062592506,1,0.250815153,0,-0.883893728,0,-1.491303563,0
36.90788269,-4.319471359,1,-9.563960075,1,-11.88995266,1,-1.068832517,1,-4.294526577,1,2.252830029,1,0.241379812,0,-0.902254701,0,-1.484455228,0
36.91188812,-4.504397392,1,-9.675662041,1,-11.97772217,1,-1.200661778,1,-4.569825649,1,2.536139727,1,0.230242983,0,-0.921719551,0,-1.476029515,0
36.91588593,-4.651510715,1,-9.703033447,1,-12.384655,1,-1.337744355,1,-4.805696964,1,2.731666088,1,0.216899216,0,-0.942340851,0,-1.465761065,0
36.91988754,-4.474123955,1,-9.230969429,1,-12.50746441,1,-1.490711451,1,-5.084577084,1,2.97879529,1,0.201309115,0,-0.964049757,0,-1.453562975,0
36.92388916,-5.064244747,1,-10.03019714,1,-12.82446766,1,-1.679145098,1,-5.35710144,1,3.226617813,1,0.182883501,0,-0.986926615,0,-1.438963532,0
36.92788696,-7.36160326,1,-11.39815712,1,-13.67859554,1,-1.932132721,1,-5.548436165,1,3.487369299,1,0.160939634,0,-1.010737181,0,-1.421424031,0
36.93188477,-9.796872139,1,-12.82583046,1,-13.9477272,1,-2.216611862,1,-5.629085064,1,3.757990599,1,0.134560645,0,-1.034998655,0,-1.400243402,0
36.93588638,-8.059215546,1,-13.1126585,1,-14.170681,1,-2.498901844,1,-5.712902546,1,4.045856953,1,0.102979839,0,-1.059343576,0,-1.37466681,0
36.93988419,-8.266613007,1,-11.92819118,1,-14.62816906,1,-2.759995937,1,-5.864010334,1,4.299401283,1,0.065440916,0,-1.083827496,0,-1.343922019,0
36.9438858,-14.67256165,1,-9.400914192,1,-15.12030697,1,-2.835154295,1,-5.775895119,1,4.413114071,1,0.022357637,0,-1.107936502,0,-1.308102846,0
36.94788742,-14.22135448,1,-7.497767448,1,-14.6835413,1,-2.851420164,1,-5.595830917,1,4.570503235,1,-0.021211857,0,-1.13262105,0,-1.301583529,0
36.95188522,-13.66260529,1,-7.152537346,1,-14.85617447,1,-2.947942257,1,-5.586062908,1,4.67339325,1,-0.075757802,0,-1.154079795,0,-1.254377604,0
36.95588303,-16.62176514,1,-7.366553307,1,-14.53492928,1,-2.94073391,1,-5.519779682,1,4.590531826,1,-0.135983244,0,-1.174259186,0,-1.201710701,0
36.95988464,-18.68485451,1,-6.999150276,1,-13.70812607,1,-2.812938213,1,-5.281669617,1,4.56813097,1,-0.200543374,0,-1.192492008,0,-1.14444387,0
36.96388626,-19.59786415,1,-5.94227314,1,-14.57843494,1,-2.614451647,1,-5.149494171,1,4.506309986,1,-0.269518912,0,-1.208538055,0,-1.082117677,0
36.96788788,-22.89006805,1,-5.137122631,1,-14.07441998,1,-2.329478502,1,-4.970081329,1,4.394199848,1,-0.341643691,0,-1.222522974,0,-1.015778422,0
36.9718895,-22.83466911,1,-6.550459385,1,-13.35736084,1,-2.073013067,1,-4.68898344,1,4.426853657,1,-0.416242242,0,-1.233965039,0,-0.945879579,0
36.9758873,-20.24085426,1,-7.635291576,1,-11.52236938,1,-2.048682451,1,-4.488182068,1,4.499084473,1,-0.494296938,0,-1.242580652,0,-0.871982694,0
36.9798851,-18.79346466,1,-7.97415781,1,-11.00193501,1,-2.274427652,1,-4.255913258,1,4.532573223,1,-0.575554013,0,-1.248440623,0,-0.795319319,0
36.98388672,-18.74696732,1,-7.704950333,1,-9.772321701,1,-2.4544487,1,-3.918128014,1,4.387870789,1,-0.657319665,0,-1.25147748,0,-0.719139516,0
36.98788834,-12.64287472,1,-7.180121899,1,-7.013043404,1,-2.805848598,1,-3.563260078,1,4.295520306,1,-0.737194002,0,-1.251802921,0,-0.64604485,0
36.99188614,-9.909989357,1,-7.152022362,1,-7.023067951,1,-3.213831186,1,-3.167392969,1,4.065825939,1,-0.813802302,0,-1.249708652,0,-0.578042984,0
36.99588776,-13.24037838,1,-7.00607872,1,-7.991221428,1,-3.529629469,1,-2.762465239,1,3.751973152,1,-0.884811759,0,-1.24574399,0,-0.517423809,0
36.99988556,-14.68148041,1,-6.834992886,1,-11.48567677,1,-3.542063951,1,-2.368098021,1,3.220680475,1,-0.9481709,0,-1.240916491,0,-0.465551645,0
37.00388336,-13.92451096,1,-5.295385838,1,-12.51350021,1,-3.431262255,1,-1.96620822,1,2.757376432,1,-1.002130151,0,-1.235912323,0,-0.423229933,0
37.00788498,-18.20735741,1,1.12878406,1,-11.97433472,1,-3.141984224,1,-1.78008461,1,2.49588275,1,-1.049117088,0,-1.230793595,0,-0.38744691,0
37.01188278,-26.36321068,1,1.519385338,1,-14.99530792,1,-2.56837821,1,-1.353828669,1,2.192804098,1,-1.088892937,0,-1.225675464,0,-0.35734427,0
37.0158844,-18.59851265,1,-3.182612896,1,-15.07427788,1,-2.23692131,1,-0.627393007,1,1.902178049,1,-1.11836493,0,-1.220122457,0,-0.336161643,0
37.01988602,-7.64546299,1,-6.400423527,1,-11.01973724,1,-1.955271482,1,-0.192360461,1,1.532475948,1,-1.138436198,0,-1.214575171,0,-0.323709369,0
37.02388382,-5.516631126,1,-6.351561546,1,-10.58804417,1,-1.78102684,1,0.019350642,1,1.188267589,1,-1.152831316,0,-1.209779501,0,-0.316257268,0
37.02788162,-5.355170727,1,-5.94586134,1,-8.690246582,1,-1.531223416,1,0.081336364,1,1.054902911,1,-1.163365364,0,-1.205621243,0,-0.31199193,0
37.03188324,-6.911752224,1,-7.076399803,1,-10.03187275,1,-1.554975033,1,0.243775606,1,0.985583127,1,-1.172356486,0,-1.20163238,0,-0.308980495,0
37.03588104,-5.639900684,1,-7.851442814,1,-9.260867119,1,-1.531458139,1,0.429890066,1,0.881224871,1,-1.178942442,0,-1.197639823,0,-0.308526814,0
37.03987885,-4.151982307,1,-7.775226116,1,-8.242643356,1,-1.522553682,1,0.548814416,1,0.739609003,1,-1.183554053,0,-1.193894148,0,-0.310136348,0
37.04388046,-2.97161603,1,-7.653104305,1,-7.510821819,1,-1.486873507,1,0.656284034,1,0.613153696,1,-1.186517477,0,-1.190501094,0,-0.313420653,0
37.04787827,-1.874908805,1,-7.646317482,1,-7.010251522,1,-1.493561387,1,0.76199317,1,0.519247472,1,-1.188017607,0,-1.18734777,0,-0.318214059,0
37.05187988,-1.360698342,1,-7.803133011,1,-6.696191311,1,-1.505699039,1,0.860991418,1,0.427577943,1,-1.188335299,0,-1.18437469,0,-0.324338973,0
37.0558815,-1.13579452,1,-7.898516655,1,-6.561139107,1,-1.520892978,1,0.946331978,1,0.325283855,1,-1.187560558,0,-1.18162322,0,-0.331710398,0
37.0598793,-0.721786916,1,-7.843200684,1,-6.30892849,1,-1.517673492,1,1.039921403,1,0.212825865,1,-1.185640574,0,-1.179131746,0,-0.34036231,0
37.06387711,-0.245915279,1,-7.700920105,1,-6.026991844,1,-1.517472148,1,1.126914144,1,0.099575147,1,-1.182597876,0,-1.176928163,0,-0.350237072,0
37.06787872,0.33946085,1,-7.563854694,1,-5.770131588,1,-1.514548898,1,1.207542539,1,-0.011293538,1,-1.178464532,0,-1.174988508,0,-0.361294299,0
37.07187653,0.789963543,1,-7.491169453,1,-5.498989105,1,-1.512240171,1,1.28724277,1,-0.125253811,1,-1.173269749,0,-1.173315406,0,-0.373491466,0
37.07587814,0.878195167,1,-7.41632843,1,-5.349411488,1,-1.504684091,1,1.371867776,1,-0.241199866,1,-1.167005301,0,-1.17191422,0,-0.386838317,0
37.07987976,1.020986199,1,-7.357757092,1,-5.231782436,1,-1.496178508,1,1.455339909,1,-0.362141222,1,-1.1595999,0,-1.170784116,0,-0.401396722,0
37.08388138,1.119423866,1,-7.140023708,1,-5.084511757,1,-1.481660366,1,1.537169218,1,-0.488794744,1,-1.151006103,0,-1.169925928,0,-0.417192578,0
37.087883,1.121160984,1,-7.027998924,1,-4.981030464,1,-1.466323256,1,1.633535147,1,-0.610792458,1,-1.141152024,0,-1.16931653,0,-0.434303284,0
37.09188461,1.148641944,1,-6.956439972,1,-4.860901833,1,-1.448881507,1,1.732940674,1,-0.735288322,1,-1.129947901,0,-1.168927431,0,-0.452809125,0
37.09588242,0.963551342,1,-7.027023315,1,-4.751344681,1,-1.437793136,1,1.841042161,1,-0.855594635,1,-1.11732018,0,-1.168712497,0,-0.472789019,0
37.09988022,0.891172945,1,-6.99585247,1,-4.666851521,1,-1.417738914,1,1.950428843,1,-0.981428385,1,-1.103231311,0,-1.168634057,0,-0.494296938,0
37.10388184,0.76124841,1,-6.987446785,1,-4.656939507,1,-1.407558799,1,2.066728592,1,-1.099527001,1,-1.087624073,0,-1.168660522,0,-0.517397523,0
37.10787964,0.542341948,1,-6.855153084,1,-4.601101875,1,-1.39213264,1,2.189528465,1,-1.218912005,1,-1.07042706,0,-1.168726087,0,-0.542171061,0
37.11187744,0.372603834,1,-6.687708855,1,-4.663748741,1,-1.374262691,1,2.321230888,1,-1.334496617,1,-1.051555514,0,-1.168779492,0,-0.568699062,0
37.11587906,0.121428065,1,-6.56384182,1,-4.580822468,1,-1.344522357,1,2.455697536,1,-1.446914554,1,-1.031024814,0,-1.168762565,0,-0.596927404,0
37.11987686,0.064845309,1,-6.288631439,1,-4.643313408,1,-1.311903954,1,2.591369629,1,-1.55755949,1,-1.00870204,0,-1.168603182,0,-0.626955748,0
37.12387848,-0.068904854,1,-6.011267662,1,-4.664005756,1,-1.262865424,1,2.720453501,1,-1.666242361,1,-0.98465848,0,-1.168254375,0,-0.658681989,0
37.1278801,-0.202290729,1,-5.689477921,1,-4.663296223,1,-1.180630803,1,2.843934059,1,-1.767659664,1,-0.958873808,0,-1.167647123,0,-0.692014396,0
37.1318779,-0.375912815,1,-5.363468647,1,-4.680647373,1,-1.088344693,1,2.960906506,1,-1.865296364,1,-0.931367695,0,-1.166735649,0,-0.726855993,0
37.1358757,-0.784079731,1,-5.139807224,1,-4.745087147,1,-0.97603631,1,3.087117195,1,-1.965632677,1,-0.902193189,0,-1.16546011,0,-0.763081431,0
37.13987732,-1.157896638,1,-5.022885799,1,-4.845855236,1,-0.856064916,1,3.206617594,1,-2.058758736,1,-0.871350884,0,-1.163739324,0,-0.800648749,0
37.14387512,-1.623928547,1,-5.130167007,1,-4.896980762,1,-0.737390161,1,3.332581997,1,-2.147361994,1,-0.838938832,0,-1.161509275,0,-0.839434147,0
37.14787674,-2.10747385,1,-5.223676205,1,-4.943686008,1,-0.61612606,1,3.466389179,1,-2.232903481,1,-0.805070281,0,-1.158671618,0,-0.879328609,0
37.15187836,-2.530355692,1,-5.261874676,1,-4.972137451,1,-0.511153758,1,3.593068838,1,-2.313564301,1,-0.769940317,0,-1.155154467,0,-0.920161724,0
37.15587616,-2.808868408,1,-5.411231041,1,-5.028360367,1,-0.422472894,1,3.710891485,1,-2.394505024,1,-0.733811617,0,-1.150912642,0,-0.961727679,0
37.15987396,-3.175672531,1,-5.610144138,1,-5.043389797,1,-0.343201607,1,3.827646017,1,-2.47812748,1,-0.696966708,0,-1.145926714,0,-1.003798008,0
37.16387558,-3.61547637,1,-5.820600986,1,-5.072194576,1,-0.28410688,1,3.934438467,1,-2.553909302,1,-0.659680843,0,-1.140151262,0,-1.046147585,0
37.16787338,-4.063585281,1,-5.880819798,1,-5.11400032,1,-0.232704371,1,4.032869816,1,-2.630936384,1,-0.622195721,0,-1.133577824,0,-1.088588595,0
37.171875,-4.597808361,1,-5.981562138,1,-5.126811028,1,-0.197429046,1,4.127966881,1,-2.700882196,1,-0.584796906,0,-1.126191735,0,-1.130883574,0
37.17587662,-5.059409142,1,-6.146068573,1,-5.122461796,1,-0.175738826,1,4.228295326,1,-2.774343967,1,-0.547722936,0,-1.117952108,0,-1.172860622,0
37.17987442,-5.480792046,1,-6.242500782,1,-5.120214462,1,-0.156634763,1,4.32478714,1,-2.832251072,1,-0.511181295,0,-1.108839154,0,-1.214332461,0
37.18387222,-5.736332417,1,-6.245390415,1,-5.179354668,1,-0.132668525,1,4.413711071,1,-2.887247324,1,-0.47535339,0,-1.098861098,0,-1.25511241,0
37.18787384,-6.06211853,1,-6.193194866,1,-5.238939285,1,-0.10615439,1,4.49809742,1,-2.940802574,1,-0.440386683,0,-1.088024855,0,-1.295016289,0
37.19187164,-6.290176868,1,-6.081945896,1,-5.213545799,1,-0.07441806,1,4.56396246,1,-2.984784126,1,-0.406399637,0,-1.076369166,0,-1.333915591,0
37.19586945,-6.613218784,1,-5.972095966,1,-5.306183338,1,-0.032490507,1,4.623562336,1,-3.043412924,1,0.172269434,0,-1.037995219,0,-1.220389128,0
37.19987106,-6.969902992,1,-5.872293949,1,-5.356712341,1,0.017037449,1,4.681399822,1,-3.077875614,1,0.186678141,0,-1.017492652,0,-1.237263918,0
37.20386887,-7.188383102,1,-5.806788445,1,-5.401471138,1,0.082851015,1,4.729025841,1,-3.130319357,1,0.200440422,0,-0.996627629,0,-1.253311753,0
37.2078743,-7.410246372,1,-5.69376421,1,-5.471775055,1,0.155684829,1,4.774095058,1,-3.176676273,1,0.213651925,0,-0.975431502,0,-1.268587589,0
37.21187592,-7.598352909,1,-5.64186573,1,-5.528256893,1,0.235938191,1,4.80836916,1,-3.210801601,1,0.226385117,0,-0.953945339,0,-1.283128738,0
37.21587372,-7.749424934,1,-5.611880302,1,-5.541270256,1,0.326180547,1,4.833323956,1,-3.243848562,1,0.238707364,0,-0.932212293,0,-1.296960235,0
37.21987534,-7.970210552,1,-5.605202198,1,-5.625608444,1,0.418965161,1,4.844707012,1,-3.271131754,1,0.25066939,0,-0.910278916,0,-1.310111403,0
37.22387695,-8.178694725,1,-5.621263027,1,-5.758617878,1,0.521422803,1,4.854165077,1,-3.29992342,1,0.26235792,0,-0.888180256,0,-1.322644114,0
37.22787476,-8.367935181,1,-5.670772552,1,-5.861961842,1,0.62149471,1,4.852412224,1,-3.317847252,1,0.273813903,0,-0.865960956,0,-1.334558964,0
37.23187256,-8.597694397,1,-5.761954308,1,-5.970504284,1,0.727181435,1,4.853078365,1,-3.338266134,1,0.285071731,0,-0.843627274,0,-1.345908999,0
37.23587418,-8.857652664,1,-5.779123783,1,-6.117937565,1,0.829866111,1,4.849511623,1,-3.356193781,1,0.296169221,0,-0.821200788,0,-1.356697679,0
37.23987198,-9.093136787,1,-5.780412674,1,-6.284639359,1,0.94224906,1,4.840170383,1,-3.372203827,1,0.307156146,0,-0.798690438,0,-1.366979361,0
37.2438736,-9.342437744,1,-5.822692871,1,-6.420377731,1,1.051115632,1,4.832698822,1,-3.389163971,1,0.318086565,0,-0.77612865,0,-1.376780391,0
37.24787521,-9.598502159,1,-5.942927837,1,-6.590242863,1,1.165922761,1,4.813090801,1,-3.408985853,1,0.329010367,0,-0.753515005,0,-1.386146545,0
37.25187302,-9.79842186,1,-6.057559013,1,-6.81243515,1,1.272571683,1,4.790865898,1,-3.42142725,1,0.339940727,0,-0.730875492,0,-1.395100713,0
37.25587082,-9.959129333,1,-6.142949581,1,-7.024859905,1,1.386653543,1,4.761296749,1,-3.436777353,1,0.350908786,0,-0.708249271,0,-1.403654456,0
37.25987244,-10.04454613,1,-6.226920128,1,-7.187335968,1,1.493080735,1,4.729860783,1,-3.453458071,1,0.3619349,0,-0.685654104,0,-1.411862731,0
37.26387024,-10.2333622,1,-6.358514786,1,-7.465201378,1,1.598418832,1,4.68615675,1,-3.475554943,1,0.373047769,0,-0.663101673,0,-1.419763684,0
37.26787567,-10.43117046,1,-6.389254093,1,-7.729545116,1,1.706367016,1,4.636893272,1,-3.492315292,1,0.384278178,0,-0.640623868,0,-1.427382946,0
37.27187729,-10.63852501,1,-6.414435387,1,-7.998260498,1,1.815280437,1,4.584940434,1,-3.509778261,1,0.395657599,0,-0.618240535,0,-1.434734344,0
37.27587509,-10.83728313,1,-6.497215748,1,-8.370390892,1,1.938981891,1,4.521015167,1,-3.527303457,1,0.407212436,0,-0.595968902,0,-1.441838503,0
37.27986908,-11.21682453,1,-6.614556313,1,-8.861366272,1,2.056533337,1,4.462643623,1,-3.550061226,1,0.419009984,0,-0.57382226,0,-1.448735833,0
37.28387451,-11.66876221,1,-6.711579323,1,-9.435152054,1,2.17809248,1,4.393502235,1,-3.56525445,1,0.431054682,0,-0.551818728,0,-1.455422878,0
37.28787231,-12.20834064,1,-6.840292454,1,-10.07231712,1,2.306565046,1,4.330154419,1,-3.584748745,1,0.44337821,0,-0.529953182,0,-1.461916566,0
37.29187393,-12.87626839,1,-6.929353237,1,-10.72675323,1,2.437788486,1,4.268668175,1,-3.596926451,1,0.455983073,0,-0.508217216,0,-1.468202114,0
37.29587555,-13.78470516,1,-7.019249916,1,-11.35758018,1,2.582402945,1,4.21618557,1,-3.617924929,1,0.468917191,0,-0.486605734,0,-1.474280119,0
37.29987335,-14.81876755,1,-6.971086979,1,-12.04635525,1,2.739892006,1,4.166472435,1,-3.633312225,1,0.482238144,0,-0.465064526,0,-1.480147958,0
37.30387116,-15.88834381,1,-6.842615604,1,-12.60377121,1,2.896428347,1,4.120779037,1,-3.66164732,1,0.495995045,0,-0.443570375,0,-1.485812426,0
37.30787277,-17.08045769,1,-6.776918888,1,-13.17310333,1,3.059383631,1,4.084557056,1,-3.701155663,1,0.510210395,0,-0.422091275,0,-1.491311431,0
37.31187058,-18.38108063,1,-6.70476675,1,-13.54163456,1,3.224354982,1,4.048987389,1,-3.74613142,1,0.524915397,0,-0.400589526,0,-1.496655464,0
37.31586838,-19.72713661,1,-6.636175156,1,-13.77074623,1,3.381230831,1,4.014417171,1,-3.803857803,1,0.540114164,0,-0.37903893,0,-1.501873374,0
37.31987,-21.09871101,1,-6.690943241,1,-13.82334518,1,3.520832062,1,3.977388859,1,-3.849334002,1,0.555750132,0,-0.357423127,0,-1.506951451,0
37.3238678,-22.66427231,1,-6.760818005,1,-13.7790947,1,3.641002655,1,3.945096016,1,-3.901920319,1,0.571757197,0,-0.335745871,0,-1.511886001,0
37.32787323,-24.17515182,1,-6.799480915,1,-13.63351822,1,3.740002871,1,3.912884474,1,-3.952676058,1,0.588041365,0,-0.313990653,0,-1.516666412,0
37.33187485,-25.67635536,1,-6.73058176,1,-13.37287426,1,3.814915657,1,3.875212431,1,-4.007152081,1,0.604539394,0,-0.292156696,0,-1.521302462,0
37.33587265,-27.07058716,1,-6.446980476,1,-12.77886391,1,3.86171627,1,3.833688259,1,-4.050446033,1,0.621137023,0,-0.270265341,0,-1.525790095,0
37.33987427,-27.66194344,1,-3.397404671,1,-11.53541756,1,3.894303083,1,3.760169983,1,-4.14127636,1,0.637787223,0,-0.248333707,0,-1.53020072,0
37.34387589,-24.2168045,1,5.427721024,1,-13.25021648,1,4.041162491,1,3.469575882,1,-4.303832054,1,0.654788733,0,-0.226605698,0,-1.535121083,0
37.34787369,-22.04007912,1,5.052964687,1,-11.83337402,1,4.24545908,1,3.2710495,1,-4.445269108,1,0.672547877,0,-0.205229014,0,-1.540762186,0
37.35187149,-24.4955349,1,4.74727869,1,-9.733094215,1,4.483981133,1,3.150153399,1,-4.530326366,1,0.691171765,0,-0.183912143,0,-1.546737075,0
37.35587311,-25.72914124,1,4.727619171,1,-8.719384193,1,4.623738766,1,2.995646715,1,-4.455627441,1,0.710444272,0,-0.162914932,0,-1.552670002,0
37.35987091,-26.61281586,1,5.147748947,1,-7.43984127,1,4.634695053,1,2.857762337,1,-4.264901161,1,0.729816437,0,-0.142593503,0,-1.558143616,0
37.36387253,-27.37808609,1,5.416783333,1,-6.052054405,1,4.586184502,1,2.73380065,1,-3.99233675,1,0.748909175,0,-0.123191662,0,-1.562870383,0
37.36787415,-27.45437241,1,6.025269508,1,-5.194831848,1,4.492426872,1,2.620433807,1,-3.683354855,1,0.767517984,0,-0.104872197,0,-1.566676617,0
37.37187195,-26.72431374,1,6.998071194,1,-4.538692474,1,4.324007511,1,2.475822687,1,-3.38519001,1,0.785453081,0,-0.087690458,0,-1.569631457,0
37.37586975,-25.84219551,1,8.257198334,1,-3.581565619,1,4.072630882,1,2.288823605,1,-3.115960836,1,0.802449584,0,-0.071733885,0,-1.571939111,0
37.37987137,-25.89316177,1,9.58749485,1,-2.491178989,1,3.757836103,1,2.076344252,1,-2.898820877,1,0.818252504,0,-0.057009876,0,-1.573897839,0
37.38386917,-26.92698288,1,10.77156448,1,-1.260659099,1,3.401691437,1,1.870630503,1,-2.723346233,1,0.832668662,0,-0.04340202,0,-1.575726032,0
37.38787079,-28.58856773,1,12.42624664,1,-0.170418113,1,3.052130699,1,1.670734525,1,-2.569164515,1,0.845642507,0,-0.030794783,0,-1.577538848,0
37.39186859,-30.17991638,1,14.87151051,1,1.178522348,1,2.751858711,1,1.460968137,1,-2.427744865,1,0.857268453,0,-0.019155839,0,-1.579411387,0
37.39586639,-31.39731216,1,17.87622452,1,2.251212358,1,2.566189051,1,1.246765018,1,-2.281151533,1,0.867911637,0,-0.008484377,0,-1.581425905,0
37.39986801,-32.12773895,1,20.0407486,1,3.295882463,1,2.467201948,1,1.026711464,1,-2.138343811,1,0.877970934,0,0.001208991,0,-1.583638072,0
37.40386963,-31.64008522,1,20.58465004,1,4.167571545,1,2.418563128,1,0.803010464,1,-1.964974284,1,0.887731016,0,0.009885859,0,-1.586012244,0
37.40786743,-30.24069214,1,19.27510452,1,4.862979889,1,2.332337618,1,0.545461178,1,-1.728067756,1,0.897220969,0,0.017349191,0,-1.588553667,0
37.41186523,-28.17442513,1,16.52682304,1,5.287002087,1,2.136923075,1,0.243700773,1,-1.41591835,1,0.906135082,0,0.023275984,0,-1.591229916,0
37.41586685,-25.71954536,1,12.75044823,1,5.209356308,1,1.781624198,1,-0.104193032,1,-1.028415322,1,0.913945317,0,0.027332403,0,-1.594012022,0
37.41986466,-23.82332039,1,9.192292213,1,5.024635315,1,1.266789794,1,-0.451878577,1,-0.596485019,1,0.919995844,0,0.029233208,0,-1.596875072,0
37.42386627,-17.18165016,1,-1.25618434,1,0.190712735,1,0.356668413,1,-0.874983072,1,-0.081969127,1,0.923456788,0,0.028786225,0,-1.59978807,0
37.42786789,-4.882456779,1,-25.69158936,1,3.192007303,1,-3.065204382,1,-1.736139059,1,0.50535804,1,0.918383241,0,0.025089007,0,-1.603313088,0
37.43186569,-29.64313507,1,-19.22188759,1,6.121631622,1,-6.025183201,1,-2.786229849,1,1.178123951,1,0.899382591,0,0.01668781,0,-1.608473659,0
37.4358635,-5.536530972,1,7.401706696,1,0.229747206,1,-5.557934761,1,-2.531068802,1,1.859784245,1,0.875817299,0,0.004985889,0,-1.613003969,0
37.43986511,13.28094196,1,4.071527004,1,-5.002836704,1,-5.622872829,1,-2.822838545,1,1.940388441,1,0.853765786,0,-0.007600739,0,-1.61604619,0
37.44386292,3.448737621,1,4.014596939,1,-13.86276817,1,-5.794874668,1,-3.016219139,1,2.029411793,1,0.830805957,0,-0.021426471,0,-1.619628549,0
37.44786835,-2.746468782,1,-0.029453896,1,-22.02470589,1,-5.236739635,1,-2.692061424,1,1.845681071,1,0.795379043,0,-0.024872188,0,-1.651907325,0
37.45186997,3.638268471,1,-4.638676643,1,-25.86878395,1,-4.68334198,1,-2.316876173,1,1.609213114,1,0.775555909,0,-0.03674389,0,-1.654127955,0
37.45586777,10.23691177,1,-10.04756641,1,-23.09028244,1,-4.512479305,1,-2.284210205,1,1.595361829,1,0.757350862,0,-0.047720335,0,-1.655804276,0
37.45986939,7.911735058,1,-6.53852272,1,-16.40786552,1,-4.461032391,1,-2.464638233,1,1.598895788,1,0.739444017,0,-0.059004892,0,-1.657565713,0
37.463871,4.136769295,1,3.74379158,1,-12.82603931,1,-4.306413174,1,-2.816681623,1,1.767973542,1,0.722040474,0,-0.071324103,0,-1.659613848,0
37.46786881,2.780385494,1,17.49194908,1,-13.41954136,1,-3.691202641,1,-3.229887486,1,2.084616184,1,0.705996811,0,-0.085492045,0,-1.661756039,0
37.47186661,-1.940348387,1,21.60998154,1,-12.34835815,1,-3.122028351,1,-3.698451519,1,2.350777626,1,0.692735374,0,-0.101787806,0,-1.663743377,0
37.47586823,-6.816912174,1,21.28932762,1,-15.54782104,1,-2.619101286,1,-4.01782465,1,2.42802906,1,0.68144536,0,-0.119872242,0,-1.66622138,0
37.47986603,-8.257338524,1,19.96945953,1,-16.4337101,1,-1.996008396,1,-4.107225418,1,2.430510998,1,0.672563672,0,-0.138663694,0,-1.668808937,0
37.48386765,-15.54617405,1,16.20941353,1,-19.01314354,1,-1.509336114,1,-4.096066475,1,2.34810257,1,0.665992141,0,-0.1575028,0,-1.671535611,0
37.48786926,-21.84727669,1,14.86782646,1,-20.56402969,1,-1.037792206,1,-3.700788498,1,2.211372375,1,0.661337495,0,-0.17547816,0,-1.674017191,0
37.49186707,-23.54384613,1,9.983908653,1,-20.12177086,1,-0.661634088,1,-3.17649889,1,2.040862083,1,0.658217669,0,-0.191564694,0,-1.675763845,0
37.49586487,-24.41656303,1,4.451544285,1,-18.3818512,1,-0.380797923,1,-2.767714977,1,1.914373398,1,0.65633601,0,-0.205722615,0,-1.676749349,0
37.49986649,-25.06595993,1,-1.841743708,1,-15.18326855,1,-0.310382307,1,-2.355508804,1,1.733695507,1,0.655014396,0,-0.21836777,0,-1.677208424,0
37.50386429,-19.590168,1,-7.751244545,1,-11.77931976,1,-0.24928689,1,-1.942614555,1,1.410674095,1,0.653931141,0,-0.228948087,0,-1.677399874,0
37.50786591,-15.96717262,1,-10.1449461,1,-8.71224308,1,-0.286119252,1,-1.774558902,1,1.103129983,1,0.65300405,0,-0.237851977,0,-1.677905917,0
37.51186371,-11.54074287,1,-12.20850849,1,-7.033907413,1,-0.393597275,1,-1.749092817,1,0.824688971,1,0.65197444,0,-0.245759368,0,-1.679171443,0
37.51586151,-9.535973549,1,-12.1911726,1,-6.168735027,1,-0.645829141,1,-1.677816033,1,0.703107238,1,0.650369763,0,-0.253064394,0,-1.680971861,0
37.51986313,-6.70038414,1,-9.001886368,1,-6.626559258,1,-0.862764776,1,-1.631550074,1,0.636904895,1,0.647820771,0,-0.259943277,0,-1.682901502,0
37.52386475,-6.445747375,1,-6.039738655,1,-8.383766174,1,-0.960364163,1,-1.539154649,1,0.591498792,1,0.644667864,0,-0.266497403,0,-1.684854269,0
37.52786255,-7.900170803,1,-3.1331141,1,-9.989566803,1,-1.058652043,1,-1.353481412,1,0.628744841,1,0.641056657,0,-0.272618771,0,-1.686461687,0
37.53186035,-8.762975693,1,0.475598782,1,-10.43362904,1,-1.046073914,1,-1.109962106,1,0.707300365,1,0.637055397,0,-0.278147817,0,-1.687303543,0
37.53586197,-9.822702408,1,1.625429869,1,-10.15684509,1,-0.971636772,1,-0.830713928,1,0.733664453,1,0.63298595,0,-0.282982558,0,-1.687259793,0
37.53985977,-10.45636654,1,0.639511585,1,-10.21667099,1,-0.910106421,1,-0.594217896,1,0.718214393,1,0.629017174,0,-0.287020147,0,-1.68654871,0
37.54386139,-10.99936485,1,-1.175078869,1,-9.70414257,1,-0.855030179,1,-0.305372596,1,0.605914891,1,0.625154793,0,-0.290016562,0,-1.685407519,0
37.54786301,-9.35529995,1,-2.723949671,1,-8.742486954,1,-0.800766349,1,-0.174833536,1,0.499016672,1,0.621481121,0,-0.292065561,0,-1.684111834,0
37.55186081,-8.360074997,1,-4.156590939,1,-8.932227135,1,-0.775341213,1,-0.100517116,1,0.37968871,1,0.617999136,0,-0.293542504,0,-1.682960629,0
37.55585861,-7.164165974,1,-4.386985779,1,-9.243733406,1,-0.817961395,1,-0.009209474,1,0.319789827,1,0.61450386,0,-0.294512153,0,-1.681901455,0
37.55986023,-5.867254257,1,-2.708254814,1,-9.347970009,1,-0.787803054,1,0.019711945,1,0.300772429,1,0.610972762,0,-0.295194775,0,-1.680839658,0
37.56385803,-5.534011364,1,-1.575007677,1,-9.943571091,1,-0.725344419,1,0.028944604,1,0.305369228,1,0.607616723,0,-0.295809388,0,-1.679732442,0
37.56786346,-4.899546146,1,-0.57135421,1,-9.794013023,1,-0.654515624,1,0.02513345,1,0.307217777,1,0.604545951,0,-0.296396524,0,-1.678617001,0
37.57186508,-5.103446007,1,-0.499402314,1,-9.599812508,1,-0.572687864,1,0.000359338,1,0.292738318,1,0.601772785,0,-0.297049731,0,-1.677543044,0
37.57586289,-5.392605782,1,-1.093642235,1,-9.37822628,1,-0.495157838,1,0.004951625,1,0.254350036,1,0.599359095,0,-0.297668934,0,-1.676600695,0
37.5798645,-5.452682018,1,-1.777182221,1,-9.096175194,1,-0.43260774,1,0.013095737,1,0.228731319,1,0.597263992,0,-0.298179626,0,-1.675747395,0
37.58386231,-4.658221245,1,-2.635867357,1,-8.618206978,1,-0.40717566,1,0.020806525,1,0.232850298,1,0.595347941,0,-0.298632592,0,-1.674914837,0
37.58786011,-4.395051956,1,-3.528200626,1,-8.450530052,1,-0.40154615,1,0.011732567,1,0.256424308,1,0.593475401,0,-0.299132288,0,-1.674039721,0
37.59186173,-4.229317188,1,-4.207507133,1,-8.376843452,1,-0.427428246,1,0.015137824,1,0.289690912,1,0.59152323,0,-0.299677551,0,-1.673062444,0
37.59586334,-4.4401021,1,-4.341445446,1,-8.225136757,1,-0.459096014,1,0.015112221,1,0.314638436,1,0.589426875,0,-0.300302207,0,-1.671973944,0
37.59986115,-4.51698494,1,-4.200148582,1,-8.23610878,1,-0.489326745,1,0.009033578,1,0.341453582,1,0.587178767,0,-0.300997019,0,-1.670797944,0
37.60385895,-4.798509121,1,-3.584019899,1,-8.321819305,1,-0.505846083,1,0.010154981,1,0.357304394,1,0.584820569,0,-0.301747262,0,-1.669552088,0
37.60786057,-4.965485573,1,-2.727689028,1,-8.5004282,1,-0.507357478,1,0.009758906,1,0.354900569,1,0.582404971,0,-0.302507162,0,-1.668264508,0
37.61185837,-4.97334528,1,-2.07137084,1,-8.549496651,1,-0.49161163,1,0.01391154,1,0.347358495,1,0.580030084,0,-0.303248763,0,-1.667004704,0
37.61585999,-4.998584747,1,-1.789948702,1,-8.615736961,1,-0.471618384,1,0.010314972,1,0.329728425,1,0.577726543,0,-0.303949922,0,-1.665781856,0
37.61986542,-4.658146381,1,-1.809521079,1,-8.796467781,1,-0.452523679,1,0.002702554,1,0.311022013,1,0.575531065,0,-0.304627478,0,-1.664642572,0
37.62385941,-4.471489429,1,-1.874475241,1,-8.846749306,1,-0.43376407,1,-0.00897178,1,0.289579749,1,0.573444963,0,-0.305287838,0,-1.663597345,0
37.62785721,-4.309226036,1,-1.973442435,1,-9.000609398,1,-0.417052209,1,-0.024457499,1,0.266039222,1,0.571454048,0,-0.305934846,0,-1.662660837,0
37.63186264,-4.277635574,1,-2.015695333,1,-9.056554794,1,-0.402960211,1,-0.046737075,1,0.246209294,1,0.56957221,0,-0.306612909,0,-1.661833405,0
37.63585663,-4.36218071,1,-1.963194132,1,-9.07012558,1,-0.385071069,1,-0.081129566,1,0.227058381,1,0.567793071,0,-0.307347059,0,-1.661148548,0
37.63985443,-4.455824375,1,-1.73985374,1,-9.167633057,1,-0.36557287,1,-0.105543643,1,0.199757829,1,0.566134751,0,-0.308116198,0,-1.660606146,0
37.64385605,-4.509073257,1,-1.526658177,1,-9.086102486,1,-0.336578935,1,-0.121237963,1,0.1794319,1,0.564614415,0,-0.30889684,0,-1.660192013,0
37.64785385,-4.318672657,1,-1.424220562,1,-8.945827484,1,-0.306745589,1,-0.140789837,1,0.159945175,1,0.563232601,0,-0.309707463,0,-1.659890413,0
37.65185928,-4.388969421,1,-1.563568234,1,-8.921198845,1,-0.274987876,1,-0.157511652,1,0.134941891,1,0.562015116,0,-0.310535014,0,-1.659705162,0
37.6558609,-4.459766388,1,-1.717688322,1,-8.801054001,1,-0.251390785,1,-0.172344849,1,0.127022207,1,0.56093502,0,-0.311380118,0,-1.65961051,0
37.6598587,-4.559570789,1,-1.930846334,1,-8.580395699,1,-0.220479041,1,-0.173580527,1,0.113351956,1,0.559979975,0,-0.312212825,0,-1.659578919,0
37.66385269,-4.437367916,1,-2.193742514,1,-8.460771561,1,-0.198936045,1,-0.182213023,1,0.102809705,1,0.559147716,0,-0.313044846,0,-1.659585238,0
37.66785812,-4.272582054,1,-2.44154644,1,-8.452176094,1,-0.176186621,1,-0.187684953,1,0.103761129,1,0.558417857,0,-0.31388998,0,-1.659631014,0
37.67185593,-4.209182262,1,-2.395516396,1,-8.575428009,1,-0.162553906,1,-0.201195046,1,0.107969977,1,0.55774951,0,-0.314774305,0,-1.659684896,0
37.67585754,-4.444230556,1,-2.266329288,1,-8.57981205,1,-0.148043871,1,-0.205464795,1,0.109876193,1,0.557148218,0,-0.315697789,0,-1.659742236,0
37.67985916,-4.626146793,1,-1.964441657,1,-8.499192238,1,-0.129952237,1,-0.2035871,1,0.111752093,1,0.556614578,0,-0.316633642,0,-1.659802318,0
37.68385696,-4.823820114,1,-1.764728069,1,-8.45497036,1,-0.107052036,1,-0.1999854,1,0.105850823,1,0.556165636,0,-0.317555189,0,-1.659865022,0
37.6878624,-4.821815968,1,-1.831819057,1,-8.40921402,1,-0.085602172,1,-0.194330245,1,0.097341992,1,0.555805027,0,-0.318436623,0,-1.659935355,0
37.69186401,-4.722950935,1,-2.084723949,1,-8.325686455,1,-0.071163513,1,-0.18750076,1,0.083871409,1,0.555533886,0,-0.319278806,0,-1.660039902,0
37.69586182,-4.541569233,1,-2.410616636,1,-8.257908821,1,-0.057055421,1,-0.18563585,1,0.084889539,1,0.28001678,0,-0.461273938,0,-1.454605699,0
37.69985962,-4.548237324,1,-2.655996084,1,-8.197547913,1,-0.050789915,1,-0.183190778,1,0.088434644,1,0.279736996,0,-0.462069333,0,-1.454469442,0
37.70386124,-4.596659184,1,-2.968240976,1,-8.106734276,1,-0.053857047,1,-0.182481304,1,0.100715585,1,0.279457778,0,-0.462875217,0,-1.454294205,0
37.70785904,-4.620392323,1,-3.207808018,1,-7.969894886,1,-0.067498818,1,-0.174999759,1,0.119284816,1,0.279098332,0,-0.463682532,0,-1.4540416,0
37.71186066,-4.713763714,1,-3.435322285,1,-7.868378162,1,-0.081280351,1,-0.161408082,1,0.150030956,1,0.278638303,0,-0.464464098,0,-1.453683019,0
37.71586227,-4.760637283,1,-3.537352085,1,-7.832954407,1,-0.107106194,1,-0.14164117,1,0.173548117,1,0.278032303,0,-0.465220749,0,-1.45318532,0
37.71986008,-4.780761719,1,-3.426160574,1,-7.819749832,1,-0.126448497,1,-0.127465308,1,0.194940194,1,0.277283251,0,-0.465937912,0,-1.452557087,0
37.72385788,-4.787816048,1,-3.143124819,1,-7.834813118,1,-0.144356251,1,-0.115063004,1,0.208939776,1,0.276420653,0,-0.466618657,0,-1.451838255,0
37.7278595,-4.79176569,1,-2.789746761,1,-7.941226006,1,-0.143667877,1,-0.105841324,1,0.216750294,1,0.275494993,0,-0.467272162,0,-1.4510535,0
37.7318573,-4.83853054,1,-2.519596577,1,-8.031384468,1,-0.148057804,1,-0.091955721,1,0.219209552,1,0.274541974,0,-0.467886388,0,-1.450233936,0
37.73585892,-4.769086838,1,-2.44503212,1,-8.051947594,1,-0.148527145,1,-0.087941431,1,0.223274097,1,0.273566067,0,-0.468467861,0,-1.449388862,0
37.73986054,-4.745649338,1,-2.390297413,1,-8.088355064,1,-0.147982389,1,-0.075689755,1,0.218397781,1,0.272593886,0,-0.469016761,0,-1.448539734,0
37.74385834,-4.540512085,1,-2.344247341,1,-8.113625526,1,-0.143233851,1,-0.072791599,1,0.218879774,1,0.271621078,0,-0.469538093,0,-1.447680593,0
37.74785614,-4.5188694,1,-2.214282036,1,-8.26095295,1,-0.137875691,1,-0.075497836,1,0.221474439,1,0.270672739,0,-0.470055908,0,-1.446821928,0
37.75185776,-4.70117712,1,-2.118291855,1,-8.271224022,1,-0.127135053,1,-0.051010728,1,0.229478076,1,0.269734234,0,-0.470551252,0,-1.445918918,0
37.75585556,-4.165499687,1,-1.902047634,1,-8.645801544,1,-0.110592306,1,-0.101928398,1,0.205276951,1,0.268882096,0,-0.471081138,0,-1.44508338,0
37.75985336,-4.531761169,1,-1.889112115,1,-8.577769279,1,-0.097454026,1,-0.117885567,1,0.203965381,1,0.268116295,0,-0.471724987,0,-1.444327354,0
37.76385498,-4.314985275,1,-1.918761015,1,-8.479105949,1,-0.082860582,1,-0.124880612,1,0.200596035,1,0.267425835,0,-0.472399086,0,-1.443601131,0
37.76785278,-4.482895851,1,-2.07291007,1,-8.487922668,1,-0.070540354,1,-0.137747437,1,0.204249561,1,0.26679337,0,-0.473121345,0,-1.442882657,0
37.7718544,-4.418121815,1,-2.149460077,1,-8.545802116,1,-0.061154526,1,-0.146136925,1,0.204022303,1,0.266210854,0,-0.473886162,0,-1.442176938,0
37.77585602,-4.538775921,1,-2.029360533,1,-8.567564011,1,-0.06008051,1,-0.156193092,1,0.212047562,1,0.265640646,0,-0.474688262,0,-1.441458821,0
37.77985382,-4.580350876,1,-2.005489111,1,-8.455302238,1,-0.045790255,1,-0.155330583,1,0.210331365,1,0.265107125,0,-0.475512564,0,-1.440724015,0
37.78385162,-4.678570271,1,-2.12789011,1,-8.399772644,1,-0.037783131,1,-0.153442234,1,0.208733082,1,0.264603257,0,-0.476330996,0,-1.439993024,0
37.78785324,-4.734597683,1,-2.153914213,1,-8.311130524,1,-0.041270234,1,-0.154446453,1,0.208402723,1,0.264101326,0,-0.477152318,0,-1.43926239,0
37.79185104,-4.827450752,1,-2.256257772,1,-8.257630348,1,-0.037306979,1,-0.150696784,1,0.20882152,1,0.263608515,0,-0.47796157,0,-1.438532233,0
37.79585266,-4.731505394,1,-2.27021575,1,-8.241677284,1,-0.035426278,1,-0.145910591,1,0.211014673,1,0.263119608,0,-0.478751421,0,-1.437793612,0
37.79985428,-4.758405209,1,-2.382447243,1,-8.204622269,1,-0.03692684,1,-0.145218,1,0.21651496,1,0.262620717,0,-0.479537487,0,-1.43702662,0
37.80385208,-4.713521481,1,-2.463195086,1,-8.249520302,1,-0.032424476,1,-0.146897897,1,0.219313696,1,0.262132078,0,-0.48032546,0,-1.436248779,0
37.80785751,-4.680883884,1,-2.438762426,1,-8.308711052,1,-0.037206743,1,-0.151432022,1,0.228422493,1,0.261629879,0,-0.481129348,0,-1.435455799,0
37.81185913,-4.615157604,1,-2.401059151,1,-8.287865639,1,-0.034247097,1,-0.15217036,1,0.235813946,1,0.26110369,0,-0.481957585,0,-1.434620142,0
37.81585693,-4.624162674,1,-2.469003916,1,-8.376317978,1,-0.036435962,1,-0.162321121,1,0.24096331,1,0.260558546,0,-0.482808828,0,-1.433760524,0
37.81985474,-4.455424786,1,-2.634290218,1,-8.526830673,1,-0.046222094,1,-0.180804968,1,0.255671889,1,0.259996623,0,-0.483720958,0,-1.43287468,0
37.82385635,-4.61206913,1,-2.41936183,1,-8.498660088,1,-0.040261745,1,-0.194841132,1,0.257985979,1,0.259393781,0,-0.484717041,0,-1.431967974,0
37.82785416,-4.463056564,1,-2.288214207,1,-8.581407547,1,-0.039845668,1,-0.207292631,1,0.273953468,1,0.258799702,0,-0.485767901,0,-1.43103528,0
37.83185577,-4.462868214,1,-2.149426699,1,-8.640829086,1,-0.027122337,1,-0.225485697,1,0.284578681,1,0.258207589,0,-0.486895025,0,-1.43006444,0
37.83585739,-4.488662243,1,-2.157137156,1,-8.729184151,1,-0.022179604,1,-0.246388152,1,0.293491721,1,0.257639319,0,-0.488093555,0,-1.429071307,0
37.83985519,-4.56505537,1,-2.160058975,1,-8.784409523,1,-0.027638059,1,-0.271685541,1,0.305728346,1,0.257068247,0,-0.489405751,0,-1.42805934,0
37.843853,-4.392577171,1,-2.261224031,1,-8.722775459,1,-0.023633301,1,-0.297186702,1,0.317975521,1,0.256480247,0,-0.490817308,0,-1.427026033,0
37.84785461,-5.019585133,1,-2.022639513,1,-8.720760345,1,-0.010354131,1,-0.310932338,1,0.334623754,1,0.255894303,0,-0.492342949,0,-1.425939441,0
37.85185242,-4.583124638,1,-2.121275425,1,-8.690451622,1,0.004825504,1,-0.330650032,1,0.337039977,1,0.25536716,0,-0.493919581,0,-1.424832463,0
37.85585403,-4.58006525,1,-2.287667751,1,-8.857163429,1,0.004212049,1,-0.358871937,1,0.356902242,1,0.254847288,0,-0.495608211,0,-1.423697233,0
37.85985565,-4.409743309,1,-2.402879,1,-8.85320282,1,0.00760976,1,-0.387187392,1,0.372852802,1,0.254312605,0,-0.497420639,0,-1.422528744,0
37.86385346,-4.365734577,1,-2.902636051,1,-8.928370476,1,-0.009556224,1,-0.429717541,1,0.391928911,1,0.253745824,0,-0.499388218,0,-1.421318769,0
37.86785126,-4.493575096,1,-2.707937479,1,-8.886623383,1,-0.020234931,1,-0.465111405,1,0.404427618,1,0.253066689,0,-0.501517415,0,-1.420066118,0
37.87185288,-4.497956276,1,-3.147583246,1,-9.031574249,1,-0.035166275,1,-0.493237317,1,0.436880529,1,0.252344519,0,-0.503796339,0,-1.418757915,0
37.87585068,-4.717859745,1,-2.979593515,1,-9.053248405,1,-0.059312809,1,-0.547652185,1,0.478090048,1,0.25145191,0,-0.506263018,0,-1.417322159,0
37.87984848,-4.374117374,1,-3.004508972,1,-8.833236694,1,-0.084041111,1,-0.59495908,1,0.484639168,1,0.25044924,0,-0.508958399,0,-1.415845513,0
37.8838501,-4.656167507,1,-2.305110931,1,-8.912662506,1,-0.094382972,1,-0.63034308,1,0.504280746,1,0.249346495,0,-0.511830389,0,-1.414340019,0
37.8878479,-4.532399654,1,-2.255916357,1,-8.81747818,1,-0.080357462,1,-0.660739005,1,0.518170059,1,0.248241484,0,-0.514828026,0,-1.412795663,0
37.89184952,-5.02541399,1,-2.380663872,1,-8.917413712,1,-0.081744142,1,-0.697865903,1,0.532840312,1,0.247137249,0,-0.517980874,0,-1.411216617,0
37.89585114,-4.505727768,1,-2.550790548,1,-8.695537567,1,-0.095971614,1,-0.730972409,1,0.537025809,1,0.246005863,0,-0.521279395,0,-1.409636021,0
37.89984894,-4.666229725,1,-2.199026108,1,-8.836146355,1,-0.109135494,1,-0.763674974,1,0.548315406,1,0.244796738,0,-0.524710596,0,-1.408043742,0
37.90384674,-4.721480846,1,-2.017240524,1,-8.898316383,1,-0.100311339,1,-0.797165811,1,0.551782966,1,0.243580922,0,-0.52826786,0,-1.406450629,0
37.90784836,-4.650887489,1,-2.335291386,1,-8.997688293,1,-0.115898892,1,-0.835192859,1,0.552067995,1,0.242361337,0,-0.531968057,0,-1.404878855,0
37.91184616,-4.807448864,1,-2.634181499,1,-9.109570503,1,-0.145156428,1,-0.873666823,1,0.561149478,1,0.241042167,0,-0.535827935,0,-1.403311968,0
37.91584778,-4.543091297,1,-2.612348318,1,-8.983603477,1,-0.171178371,1,-0.921527207,1,0.570329249,1,0.239615291,0,-0.539857984,0,-1.401756287,0
37.9198494,-4.712943554,1,-2.714769363,1,-9.184371948,1,-0.177106068,1,-0.968858778,1,0.591008008,1,0.238099411,0,-0.544078946,0,-1.400157928,0
37.9238472,-4.721082687,1,-2.851504326,1,-9.350871086,1,-0.202355623,1,-1.022340894,1,0.617138684,1,0.236480132,0,-0.548509955,0,-1.398502588,0
37.92785263,-4.862473011,1,-3.031013489,1,-9.511626244,1,-0.238134697,1,-1.09016788,1,0.651176274,1,0.234684214,0,-0.553204894,0,-1.396754503,0
37.93185425,-4.915009975,1,-3.16168642,1,-9.431531906,1,-0.281318069,1,-1.16173172,1,0.681810617,1,0.232680127,0,-0.558204174,0,-1.394926667,0
37.93585205,-4.875930786,1,-2.832478762,1,-9.589819908,1,-0.297385812,1,-1.236807466,1,0.717131376,1,0.230500624,0,-0.563519835,0,-1.393018603,0
37.93984985,-5.083043575,1,-2.939164877,1,-9.546792984,1,-0.323428899,1,-1.320996284,1,0.761218607,1,0.228181094,0,-0.569174409,0,-1.390978098,0
37.94385147,-5.206323147,1,-3.471102238,1,-9.7283144,1,-0.38359338,1,-1.387705803,1,0.802916408,1,0.225597247,0,-0.575159907,0,-1.388805628,0
37.94784927,-4.300885201,1,-3.198194981,1,-9.616390228,1,-0.448449075,1,-1.471390009,1,0.828305244,1,0.222474247,0,-0.582345605,0,-1.405471087,0
37.95185089,-4.575351238,1,-2.514387608,1,-9.882605553,1,-0.488381624,1,-1.565698862,1,0.857476175,1,0.219290003,0,-0.589011848,0,-1.403113246,0
37.95585251,-4.622448444,1,-2.362151623,1,-9.881002426,1,-0.501244009,1,-1.650687099,1,0.891449094,1,0.215944514,0,-0.596048415,0,-1.400668263,0
37.95985031,-4.735751629,1,-2.469085455,1,-9.936106682,1,-0.534111559,1,-1.758786678,1,0.915220976,1,0.212446928,0,-0.60347724,0,-1.398134112,0
37.96384811,-4.867360115,1,-2.275977612,1,-10.11762619,1,-0.561184645,1,-1.851214767,1,0.938530743,1,0.208776817,0,-0.611303091,0,-1.395557642,0
37.96784973,-4.938091278,1,-2.192724466,1,-10.34135914,1,-0.583774865,1,-1.951269507,1,0.973444223,1,0.204934403,0,-0.619541645,0,-1.392879725,0
37.97184753,-4.843677521,1,-1.87634182,1,-10.65168762,1,-0.57669121,1,-2.05526042,1,0.995883942,1,0.20100306,0,-0.628183603,0,-1.390121937,0
37.97584915,-4.400846958,1,-1.825391889,1,-10.58342266,1,-0.560925603,1,-2.168422461,1,1.030972838,1,0.197041407,0,-0.637261748,0,-1.387263775,0
37.97984695,-4.122023106,1,-1.575979471,1,-10.39970779,1,-0.550144136,1,-2.308006048,1,1.082530141,1,0.193020225,0,-0.646846414,0,-1.384291291,0
37.98384476,-4.185625076,1,-1.97405076,1,-10.73624802,1,-0.53955406,1,-2.474833012,1,1.116849065,1,0.188914031,0,-0.657088876,0,-1.381112695,0
37.98784638,-4.23643446,1,-1.374673009,1,-10.99473572,1,-0.512014031,1,-2.635172606,1,1.159909725,1,0.184805438,0,-0.667962909,0,-1.377858758,0
37.99185181,-4.268772125,1,-1.129449964,1,-11.4418869,1,-0.477662325,1,-2.824834347,1,1.197497487,1,0.180703044,0,-0.679567277,0,-1.374461174,0
37.9958458,-3.610240698,1,-0.474208593,1,-11.76962662,1,-0.40288043,1,-3.035845757,1,1.22250402,1,0.176725104,0,-0.691943049,0,-1.37099123,0
37.9998436,-3.074157,1,-0.092124104,1,-12.5551405,1,-0.306144536,1,-3.305342197,1,1.242877722,1,0.173065647,0,-0.70528698,0,-1.367521882,0
38.00384903,-2.710552931,1,0.245125756,1,-13.22792912,1,-0.177327424,1,-3.599578857,1,1.253028631,1,0.169871598,0,-0.719752252,0,-1.364129901,0
38.00784302,-2.191189528,1,-0.266283333,1,-13.75661182,1,-0.052531108,1,-3.940248251,1,1.273331046,1,0.167249665,0,-0.735432982,0,-1.360852718,0
38.01184845,-2.440893412,1,-1.60485208,1,-14.53416824,1,-0.009212722,1,-4.283090115,1,1.283797383,1,0.165015355,0,-0.752530336,0,-1.357673645,0
38.01585007,0.869544864,1,0.041351505,1,-11.71357155,1,0.242856339,1,-4.70766449,1,1.322733045,1,0.163160637,0,-0.770665586,0,-1.354839087,0
38.01984787,-6.327399731,1,-4.450074196,1,-16.48620224,1,0.248850569,1,-5.148509502,1,1.418919206,1,0.161997154,0,-0.791540802,0,-1.351671457,0
38.02384567,-7.68013382,1,-10.139328,1,-14.25630856,1,0.043821186,1,-5.187840462,1,1.636852741,1,0.159853309,0,-0.812760234,0,-1.347746372,0
38.02784729,-4.007582188,1,-15.4887352,1,-13.9991703,1,-0.386117876,1,-5.469806194,1,1.801340222,1,0.155394465,0,-0.834874213,0,-1.342629552,0
38.03184509,-1.728327274,1,-11.79766369,1,-13.39662647,1,-0.626136541,1,-5.837347984,1,2.071963072,1,0.148602977,0,-0.858401299,0,-1.336326599,0
38.03584671,-4.706475258,1,-11.82199669,1,-13.98834896,1,-0.874907851,1,-6.069547176,1,2.428533554,1,0.139097601,0,-0.883283377,0,-1.327799439,0
38.03984833,-8.828072548,1,-14.79656315,1,-14.26764393,1,-1.178899884,1,-6.156616688,1,2.7651968,1,0.126156405,0,-0.90892446,0,-1.316483855,0
38.04384613,-8.606701851,1,-14.82230949,1,-13.84640026,1,-1.536534429,1,-6.249090672,1,3.066623211,1,0.109300226,0,-0.934884965,0,-1.302147627,0
38.04785156,-6.885196209,1,-13.62843895,1,-14.03341103,1,-1.887874246,1,-6.449831963,1,3.397229671,1,0.088012092,0,-0.961414278,0,-1.284377933,0
38.05185318,-10.5273838,1,-11.8382616,1,-16.03827858,1,-2.186639071,1,-6.607355118,1,3.683173418,1,0.06182785,0,-0.988565922,0,-1.26264596,0
38.05585098,-17.31251717,1,-10.25048065,1,-17.15192604,1,-2.316071033,1,-6.432690144,1,3.872824192,1,0.031061767,0,-1.015376091,0,-1.236873746,0
38.05984879,-15.82302856,1,-11.23847866,1,-16.03894043,1,-2.462219,1,-6.317111969,1,4.119941235,1,-0.00433022,0,-1.04104197,0,-1.206647515,0
38.0638504,-13.97661304,1,-10.42317486,1,-14.38492966,1,-2.733097553,1,-6.311990261,1,4.453012466,1,-0.045991454,0,-1.065840483,0,-1.170670509,0
38.06784821,-17.03741264,1,-10.4977684,1,-14.36423302,1,-2.89138937,1,-6.340798378,1,4.653229237,1,-0.094458289,0,-1.08985424,0,-1.12848258,0
38.07184982,-20.30207825,1,-10.81742191,1,-14.03577709,1,-3.030575275,1,-6.219296932,1,4.875550747,1,-0.149576768,0,-1.112488985,0,-1.079948187,0
38.07585144,-22.17337418,1,-10.41607666,1,-14.36419868,1,-3.145329237,1,-6.027853966,1,5.061961174,1,-0.2118247,0,-1.133071661,0,-1.024610996,0
38.07984924,-24.01997566,1,-11.09243107,1,-15.29458046,1,-3.116736174,1,-5.800857067,1,5.178544044,1,-0.280480891,0,-1.151048422,0,-0.962926269,0
38.08384705,-24.38898849,1,-11.75605297,1,-13.6852026,1,-3.191974401,1,-5.542739868,1,5.432789803,1,-0.355258048,0,-1.165964127,0,-0.89502877,0
38.08784866,-20.03000259,1,-12.98913765,1,-11.49828434,1,-3.479562044,1,-5.375753403,1,5.662508965,1,-0.437153876,0,-1.177523851,0,-0.820574999,0
38.09184647,-19.63130188,1,-11.49593258,1,-11.6024704,1,-3.941247463,1,-5.168541908,1,5.688906193,1,-0.525139451,0,-1.185758948,0,-0.741533041,0
38.09584808,-18.53533173,1,-9.952941895,1,-9.223267555,1,-4.34100771,1,-4.668082237,1,5.629432201,1,-0.615415394,0,-1.190196872,0,-0.662052751,0
38.09984207,-12.46823406,1,-9.255784988,1,-8.431785583,1,-4.87441206,1,-4.098072529,1,5.501232147,1,-0.704745889,0,-1.190342188,0,-0.585699558,0
38.10383987,-12.94029808,1,-6.849071026,1,-11.80851078,1,-5.217862606,1,-3.59819603,1,5.222234726,1,-0.790305734,0,-1.187023163,0,-0.515341878,0
38.10784149,-16.44075203,1,-3.529301882,1,-14.30867004,1,-5.177729607,1,-3.017801046,1,4.74320507,1,-0.868374944,0,-1.181240082,0,-0.453601241,0
38.11183548,-17.31155205,1,-0.397572935,1,-16.25922966,1,-4.639507294,1,-2.495377779,1,4.060153484,1,-0.935358822,0,-1.174252629,0,-0.402500451,0
38.11583328,-18.5161438,1,10.46073437,1,-17.41055107,1,-3.519740582,1,-2.095849991,1,3.491809607,1,-0.989813149,0,-1.167096376,0,-0.361273944,0
38.1198349,-29.08268547,1,13.70582581,1,-19.5366497,1,-1.947961926,1,-1.599670172,1,3.037828922,1,-1.031627536,0,-1.160055637,0,-0.327597916,0
38.12382889,-21.40689278,1,5.754869461,1,-20.30797768,1,-0.884807765,1,-0.649119139,1,2.677632809,1,-1.059031606,0,-1.152433991,0,-0.303727686,0
38.12782669,-8.468547821,1,-1.258898497,1,-16.3116951,1,-0.107932024,1,0.038642365,1,2.260398388,1,-1.073793769,0,-1.144298673,0,-0.289678872,0
38.13182831,-4.70497179,1,-5.91264534,1,-12.60088539,1,0.532267988,1,0.354065895,1,1.833121181,1,-1.079706907,0,-1.136716008,0,-0.282200813,0
38.13581848,-5.458548546,1,-8.717479706,1,-11.43234348,1,0.854352176,1,0.554470062,1,1.597894073,1,-1.080276489,0,-1.129859686,0,-0.278389871,0
38.13981628,-5.159775734,1,-11.13529015,1,-10.57597351,1,0.761030376,1,0.746907651,1,1.520461321,1,-1.078270912,0,-1.12316215,0,-0.276932329,0
38.1438179,-2.652499676,1,-12.7728157,1,-9.04207325,1,0.453949273,1,0.890472531,1,1.473939538,1,-1.075688481,0,-1.116315961,0,-0.277074337,0
38.14781189,-0.192191109,1,-12.84211063,1,-7.358139038,1,0.116505504,1,0.970410526,1,1.406167626,1,-1.073470592,0,-1.109464645,0,-0.278302372,0
38.15180969,0.751670241,1,-11.87821484,1,-6.307797909,1,-0.152992934,1,1.007225156,1,1.305167317,1,-1.071812272,0,-1.102803707,0,-0.280265868,0
38.15581131,0.944064558,1,-10.43838215,1,-5.944231033,1,-0.343070507,1,1.071138144,1,1.192032695,1,-1.070360899,0,-1.096436143,0,-0.28302294,0
38.1598053,-0.056885328,1,-8.201018333,1,-7.144093513,1,-0.519766986,1,1.261060715,1,0.996410847,1,-1.068481445,0,-1.090355635,0,-0.287114054,0
38.1638031,3.04137826,1,-6.766485214,1,-4.658324718,1,-0.425729632,1,1.176814318,1,0.888366997,1,-1.065520525,0,-1.084676981,0,-0.292577744,0
38.16780853,2.010945559,1,-6.268624783,1,-5.203139305,1,-0.353120565,1,1.163937926,1,0.75055629,1,-1.06252718,0,-1.079567909,0,-0.297760129,0
38.17181015,1.822058678,1,-6.319880962,1,-5.168892384,1,-0.237578437,1,1.254830122,1,0.566337287,1,-1.058237076,0,-1.074892879,0,-0.303973079,0
38.17580795,2.596997023,1,-6.080521584,1,-4.61780262,1,-0.11920812,1,1.314334273,1,0.347231805,1,-1.052394271,0,-1.070768714,0,-0.311443627,0
38.17980957,3.166169882,1,-5.887038231,1,-4.160984039,1,0.033150792,1,1.351473927,1,0.128994629,1,-1.04499352,0,-1.067288876,0,-0.320084006,0
38.18380356,3.368000746,1,-6.020192146,1,-3.980970383,1,0.166346952,1,1.40063405,1,-0.067799039,1,-1.036109447,0,-1.064403057,0,-0.329765201,0
38.18780136,3.713058949,1,-6.304852962,1,-3.819929838,1,0.264663994,1,1.442122817,1,-0.259562224,1,-1.025878549,0,-1.062042952,0,-0.340475082,0
38.19180298,4.170706749,1,-6.58463192,1,-3.557454586,1,0.330079675,1,1.472566843,1,-0.447865635,1,-1.014471054,0,-1.060192227,0,-0.35217303,0
38.19579697,4.375955582,1,-6.670845509,1,-3.406723261,1,0.368147641,1,1.482660651,1,-0.631229043,1,-1.006383419,0,-1.061240315,0,-0.375544548,0
38.19979477,4.326493263,1,-6.759993076,1,-3.3060534,1,0.393285334,1,1.505231142,1,-0.80693984,1,-0.993083119,0,-1.060425878,0,-0.38903451,0
38.20379639,4.21068716,1,-6.694743156,1,-3.327034473,1,0.38833189,1,1.51534605,1,-0.975443006,1,-0.979017317,0,-1.060075641,0,-0.403374583,0
38.207798,4.040104866,1,-6.551206112,1,-3.340709925,1,0.379713327,1,1.531362414,1,-1.135333061,1,-0.964230955,0,-1.060118794,0,-0.418564826,0
38.21179581,3.844916582,1,-6.380609035,1,-3.443130255,1,0.366160423,1,1.553447723,1,-1.293200612,1,-0.948719859,0,-1.060530424,0,-0.434635639,0
38.21579361,3.43504715,1,-6.108819008,1,-3.582804441,1,0.354115576,1,1.581983805,1,-1.449507356,1,-0.932437897,0,-1.061267018,0,-0.451645315,0
38.21979141,2.99287796,1,-5.798449516,1,-3.78090024,1,0.357395172,1,1.619270325,1,-1.595005035,1,-0.915293455,0,-1.062271476,0,-0.469657362,0
38.22378922,2.517366171,1,-5.482546806,1,-3.951845407,1,0.358783871,1,1.679424524,1,-1.73235631,1,-0.897166908,0,-1.063452959,0,-0.4887743,0
38.22778702,2.109810591,1,-5.120222092,1,-4.132070541,1,0.387591779,1,1.745864868,1,-1.869628429,1,-0.877907515,0,-1.064716816,0,-0.509092927,0
38.23178482,1.753679037,1,-4.753368378,1,-4.373327255,1,0.435312033,1,1.820521474,1,-1.998499751,1,-0.857385278,0,-1.066014171,0,-0.530671835,0
38.23578262,1.332281113,1,-4.408958435,1,-4.591878891,1,0.492321283,1,1.907471061,1,-2.123275518,1,-0.835486889,0,-1.067245722,0,-0.553555846,0
38.23978424,0.921128035,1,-4.043400764,1,-4.884428024,1,0.572788954,1,2.003861904,1,-2.242863417,1,-0.812146425,0,-1.068329811,0,-0.577765226,0
38.24377823,0.523439348,1,-3.729460716,1,-5.102220535,1,0.645684242,1,2.108918905,1,-2.342054605,1,-0.78732276,0,-1.069177032,0,-0.603295445,0
38.24777603,-0.000803802,1,-3.505828857,1,-5.319430351,1,0.722479463,1,2.221618414,1,-2.433589697,1,-0.761078119,0,-1.06967032,0,-0.630095303,0
38.25177383,-0.244755283,1,-3.297624588,1,-5.543288231,1,0.818648577,1,2.347908258,1,-2.524868011,1,-0.733362854,0,-1.069692969,0,-0.658187866,0
38.25577164,-0.653589725,1,-3.357622862,1,-5.74153614,1,0.914822042,1,2.462530375,1,-2.598642111,1,-0.704252243,0,-1.069200277,0,-0.687429488,0
38.25976944,-1.08757174,1,-3.334285975,1,-5.925379276,1,0.986810505,1,2.59096694,1,-2.64039588,1,-0.674038053,0,-1.068062901,0,-0.717555642,0
38.26377106,-1.572348595,1,-3.376056671,1,-6.200833797,1,1.056926966,1,2.729954004,1,-2.678954124,1,-0.642871261,0,-1.066161394,0,-0.74847579,0
38.26776505,-2.116492987,1,-3.20209384,1,-6.449596882,1,1.115615129,1,2.872732878,1,-2.706724644,1,-0.610928953,0,-1.063404441,0,-0.780030191,0
38.27176285,-2.674710989,1,-3.027098656,1,-6.659900188,1,1.177144408,1,3.023366451,1,-2.732386351,1,-0.578365862,0,-1.059737802,0,-0.812067389,0
38.27576447,-3.108283758,1,-2.831619024,1,-6.970410347,1,1.233487606,1,3.179989815,1,-2.754829168,1,-0.545342326,0,-1.055091262,0,-0.84444356,0
38.27975845,-3.493020058,1,-2.601659775,1,-7.132112503,1,1.296593308,1,3.338784456,1,-2.774704218,1,-0.512041271,0,-1.049415231,0,-0.876963735,0
38.28375626,-3.940215111,1,-2.359654188,1,-7.251346588,1,1.359457374,1,3.499237776,1,-2.782346487,1,-0.478612602,0,-1.042662621,0,-0.909452438,0
38.28775787,-4.288433552,1,-2.156355381,1,-7.376467228,1,1.434978843,1,3.665929794,1,-2.788766861,1,-0.445209742,0,-1.034790993,0,-0.941721261,0
38.29175949,-4.504475594,1,-1.986974239,1,-7.491266251,1,1.511264324,1,3.816776514,1,-2.794834852,1,-0.41201669,0,-1.025813818,0,-0.973554969,0
38.29575729,-4.704908371,1,-1.864929676,1,-7.585781574,1,1.58914268,1,3.957971811,1,-2.795445204,1,-0.379195333,0,-1.01576972,0,-1.004773736,0
38.2997551,-4.859464645,1,-1.786384344,1,-7.643868446,1,1.669023395,1,4.083141804,1,-2.794924021,1,-0.346919894,0,-1.004710674,0,-1.03518188,0
38.3037529,-4.936927319,1,-1.690648079,1,-7.67481041,1,1.748451471,1,4.191132069,1,-2.783443451,1,-0.315356672,0,-0.992686152,0,-1.064605713,0
38.3077507,-5.018639088,1,-1.73561132,1,-7.727129459,1,1.82305181,1,4.288424492,1,-2.773586273,1,-0.284594953,0,-0.97977072,0,-1.092919469,0
38.31174851,-5.111188412,1,-1.605829597,1,-7.83538866,1,1.9030931,1,4.36330843,1,-2.769330025,1,-0.254685462,0,-0.966048598,0,-1.120093346,0
38.31574631,-5.22860527,1,-1.532639027,1,-7.997433186,1,1.980342865,1,4.426176548,1,-2.762933969,1,-0.225654691,0,-0.95161128,0,-1.146072984,0
38.31974411,-5.457866192,1,-1.456856251,1,-8.105877876,1,2.053608894,1,4.474947453,1,-2.767431736,1,-0.197488353,0,-0.936523676,0,-1.170873761,0
38.32374191,-5.676015377,1,-1.520608783,1,-8.204860687,1,2.128976583,1,4.517266273,1,-2.760749578,1,-0.170201346,0,-0.920859993,0,-1.194490433,0
38.32773972,-5.891991615,1,-1.427278161,1,-8.357913017,1,2.204870701,1,4.553557873,1,-2.760077,1,-0.143762216,0,-0.904665232,0,-1.216952562,0
38.33173752,-6.129014492,1,-1.457799315,1,-8.523591042,1,2.278470993,1,4.583353519,1,-2.759302378,1,-0.118121848,0,-0.88799119,0,-1.23829031,0
38.33573532,-6.423258781,1,-1.415269017,1,-8.703964233,1,2.349157572,1,4.612174988,1,-2.754777193,1,-0.093276426,0,-0.870853662,0,-1.258533835,0
38.33973694,-6.758439064,1,-1.442916751,1,-8.883677483,1,2.420457363,1,4.642288685,1,-2.763235092,1,-0.069151729,0,-0.853296697,0,-1.2777493,0
38.34373474,-7.057607174,1,-1.543257713,1,-9.108602524,1,2.491248131,1,4.665902138,1,-2.75792551,1,-0.045723699,0,-0.835337996,0,-1.295953393,0
38.34773636,-7.235837936,1,-1.712399125,1,-9.252290726,1,2.55002284,1,4.693675041,1,-2.764427423,1,-0.022956774,0,-0.817002058,0,-1.313197136,0
38.35173035,-7.332069874,1,-1.783006072,1,-9.446846962,1,2.604038954,1,4.709244251,1,-2.77365303,1,-0.000818655,0,-0.798333406,0,-1.329546332,0
38.35572815,-7.507977009,1,-1.814740896,1,-9.679714203,1,2.657701492,1,4.714222431,1,-2.784022808,1,0.020701628,0,-0.779387236,0,-1.345041752,0
38.35972977,-7.674414635,1,-1.946173429,1,-9.84899807,1,2.703501225,1,4.705126762,1,-2.79288578,1,0.041663673,0,-0.760195494,0,-1.359751701,0
38.36371994,-7.670898914,1,-2.012765884,1,-10.07089996,1,2.744735956,1,4.687092304,1,-2.814340115,1,0.062092796,0,-0.740848541,0,-1.37373054,0
38.36771774,-7.799684048,1,-2.113139629,1,-10.44598007,1,2.795155287,1,4.661602974,1,-2.841004133,1,0.082088947,0,-0.721390069,0,-1.387084007,0
38.37171936,-7.986847878,1,-2.116793633,1,-10.87589836,1,2.838326693,1,4.628964901,1,-2.876396656,1,0.101701759,0,-0.701840639,0,-1.399867773,0
38.37571716,-8.218644142,1,-2.221972227,1,-11.33476448,1,2.884524107,1,4.588145733,1,-2.924502134,1,0.121013463,0,-0.682228506,0,-1.412194848,0
38.37971497,-8.454595566,1,-2.337442875,1,-11.84266281,1,2.926136971,1,4.542955399,1,-2.975607872,1,0.140045777,0,-0.66258651,0,-1.424109459,0
38.38371277,-8.763096809,1,-2.487580299,1,-12.47472,1,2.959305286,1,4.497786045,1,-3.029824257,1,0.158837661,0,-0.642916441,0,-1.435672164,0
38.38771057,-9.074270248,1,-2.475744486,1,-13.2228651,1,2.994693279,1,4.453231335,1,-3.090038538,1,0.177410722,0,-0.623223782,0,-1.446932316,0
38.39170837,-9.37219429,1,-2.265357733,1,-14.06976604,1,3.049329519,1,4.402432919,1,-3.147903204,1,0.195815846,0,-0.603505433,0,-1.457901478,0
38.39570618,-9.954914093,1,-1.827467918,1,-14.79460144,1,3.124381304,1,4.367036343,1,-3.196156263,1,0.21412155,0,-0.583750427,0,-1.468566537,0
38.39970398,-10.75348949,1,-1.261732936,1,-15.49238491,1,3.230372906,1,4.341601849,1,-3.251473188,1,0.232459053,0,-0.563908577,0,-1.478942513,0
38.40370178,-11.56492329,1,-0.887495697,1,-16.17291069,1,3.338567257,1,4.335564137,1,-3.302825212,1,0.250887424,0,-0.543918192,0,-1.489004254,0
38.40769959,-12.4609127,1,-0.925772309,1,-16.77673721,1,3.45311141,1,4.340193272,1,-3.33446908,1,0.269407898,0,-0.523736,0,-1.49871707,0
38.4117012,-13.34993362,1,-1.163992882,1,-17.36284637,1,3.546123505,1,4.349979401,1,-3.346343517,1,0.287963033,0,-0.503345788,0,-1.507974267,0
38.41569901,-14.38185024,1,-1.42766571,1,-17.8399601,1,3.617312193,1,4.369207382,1,-3.342591286,1,0.306432664,0,-0.482760817,0,-1.516707301,0
38.41970062,-15.58116055,1,-1.42703855,1,-18.21504784,1,3.661471605,1,4.392315865,1,-3.336981773,1,0.324703038,0,-0.461956829,0,-1.524855375,0
38.42369461,-16.79827881,1,-0.749890506,1,-18.66442871,1,3.696306229,1,4.398560047,1,-3.32268095,1,0.3427338,0,-0.440982401,0,-1.53243959,0
38.42769241,-18.33152962,1,0.350354433,1,-19.11747551,1,3.732025862,1,4.407348156,1,-3.314350367,1,0.36052233,0,-0.419871271,0,-1.53947103,0
38.43169403,-20.0184536,1,2.304874659,1,-19.45048904,1,3.804387808,1,4.401072502,1,-3.312031507,1,0.378186762,0,-0.398662269,0,-1.546006203,0
38.43569183,-21.96097755,1,3.918386698,1,-19.48477364,1,3.923611879,1,4.418079853,1,-3.295084953,1,0.395919621,0,-0.377342343,0,-1.552040339,0
38.43968964,-23.61470985,1,5.176691055,1,-18.96460724,1,4.091020584,1,4.467107773,1,-3.257972002,1,0.413867831,0,-0.35584265,0,-1.557454109,0
38.44368744,-25.39110947,1,5.597592354,1,-17.87135124,1,4.246697426,1,4.533492088,1,-3.175268888,1,0.432129025,0,-0.334152699,0,-1.562088609,0
38.44768524,-27.46002388,1,4.156328201,1,-16.25069618,1,4.325309753,1,4.647397041,1,-3.05206275,1,0.434275955,0,-0.305339307,0,-1.592458248,0
38.45168304,-29.0160656,1,2.789499044,1,-14.32767487,1,4.254443169,1,4.74539566,1,-2.87286973,1,0.452278912,0,-0.283270091,0,-1.595239758,0
38.45568085,-29.82523537,1,2.19867444,1,-11.95987988,1,4.076059818,1,4.784843445,1,-2.633710861,1,0.469352156,0,-0.261286885,0,-1.596690893,0
38.45967865,-29.84687996,1,2.723038197,1,-9.630783081,1,3.863265991,1,4.754550457,1,-2.351951122,1,0.485246241,0,-0.239741087,0,-1.596780539,0
38.46367645,-29.05811882,1,4.955296993,1,-7.418953419,1,3.67964077,1,4.62731266,1,-2.075108528,1,0.500062943,0,-0.218990788,0,-1.595653057,0
38.46767426,-27.85677338,1,7.698714733,1,-5.153969765,1,3.569527626,1,4.393815994,1,-1.806809545,1,0.514118731,0,-0.19943215,0,-1.593618274,0
38.47167587,-26.8152771,1,10.39074039,1,-2.851852894,1,3.556553841,1,4.056804657,1,-1.562895179,1,0.527854502,0,-0.181411982,0,-1.590991378,0
38.47567368,-25.56978798,1,12.94115353,1,-0.918220818,1,3.622220755,1,3.630158424,1,-1.325562596,1,0.541691244,0,-0.165221646,0,-1.588061571,0
38.47967529,-24.6085434,1,15.06251049,1,0.521840572,1,3.737290859,1,3.145246506,1,-1.108319998,1,0.555946589,0,-0.151117489,0,-1.585106492,0
38.48366928,-24.37134933,1,16.9153347,1,1.644829035,1,3.857752085,1,2.631803274,1,-0.91080457,1,0.570731223,0,-0.139195666,0,-1.582321763,0
38.48766708,-24.96128273,1,18.37432098,1,2.31781292,1,3.942653418,1,2.140771627,1,-0.746226668,1,0.586017549,0,-0.129404977,0,-1.579858899,0
38.4916687,-25.83062744,1,19.16190338,1,2.711665869,1,3.981709719,1,1.695207238,1,-0.608006358,1,0.601624608,0,-0.121546738,0,-1.577793121,0
38.49566269,-27.05825233,1,19.44582748,1,2.886280775,1,3.933378696,1,1.31594193,1,-0.497557819,1,0.617279708,0,-0.115362354,0,-1.576152563,0
38.49966049,-27.99751282,1,19.47666168,1,2.721816778,1,3.786563873,1,0.978843629,1,-0.423753649,1,0.632619619,0,-0.110576451,0,-1.574962139,0
38.50366211,-28.81724167,1,18.75825882,1,2.41736412,1,3.514939785,1,0.718271971,1,-0.3764759,1,0.647189081,0,-0.106916666,0,-1.574211001,0
38.50765991,-28.90761375,1,16.51122475,1,2.181427717,1,3.08545351,1,0.506256819,1,-0.327796608,1,0.660391152,0,-0.104116023,0,-1.573851585,0
38.51165772,-28.43352509,1,13.21353245,1,2.018312454,1,2.471799135,1,0.316795796,1,-0.244777679,1,0.671531618,0,-0.102105953,0,-1.573755383,0
38.51565552,-27.56713676,1,9.887854576,1,1.673422813,1,1.68900919,1,0.12694025,1,-0.135452226,1,0.679890633,0,-0.100935452,0,-1.573797941,0
38.51965332,-25.97785759,1,7.786193848,1,1.152651548,1,0.830289662,1,-0.096761219,1,0.010698632,1,0.684953809,0,-0.100721307,0,-1.573963165,0
38.52365112,-24.35671997,1,6.943535328,1,0.567867637,1,-0.021608502,1,-0.346757382,1,0.174314305,1,0.686577737,0,-0.101638548,0,-1.574239969,0
38.52764893,-22.6323452,1,7.364789963,1,-0.037641529,1,-0.757978261,1,-0.607974708,1,0.358338565,1,0.685009837,0,-0.103796437,0,-1.574630141,0
38.53165054,-4.23592186,1,-12.82975483,1,-7.787883759,1,-2.385728359,1,-1.085128665,1,0.679956913,1,0.679436564,0,-0.107627884,0,-1.575128078,0
38.53564835,-14.83487511,1,5.493391514,1,-5.055716515,1,-3.096508741,1,-1.878785253,1,1.593598485,1,0.667532444,0,-0.115010202,0,-1.575446486,0
38.53964996,-8.042595863,1,6.960812092,1,-9.151841164,1,-2.875421047,1,-1.602297187,1,1.738013864,1,0.655732155,0,-0.124948606,0,-1.574326396,0
38.54364395,8.696352005,1,-6.095469475,1,-13.19950008,1,-2.994441032,1,-1.258827806,1,1.676031232,1,0.64357245,0,-0.13351965,0,-1.572404027,0
38.54764175,5.682635307,1,-18.47953796,1,-17.57030296,1,-2.954050541,1,-1.062827349,1,1.914112926,1,0.631407261,0,-0.141474128,0,-1.569354296,0
38.55164337,2.516061783,1,-24.84543037,1,-18.62566566,1,-3.255562305,1,-0.78205049,1,2.176508427,1,0.618314207,0,-0.149353236,0,-1.56486392,0
38.55564117,11.55590153,1,-28.90512276,1,-16.51007843,1,-3.603995323,1,-0.49839595,1,2.44478941,1,0.603751481,0,-0.156632915,0,-1.558607101,0
38.55963898,14.89587402,1,-28.80532074,1,-11.80505943,1,-4.245807171,1,-0.806784868,1,2.68201232,1,0.586833775,0,-0.164453089,0,-1.551416516,0
38.56363678,13.09233284,1,-21.88634491,1,-6.034110546,1,-4.62401104,1,-1.306475401,1,2.833097935,1,0.56789732,0,-0.174026743,0,-1.544320941,0
38.56763458,12.41340637,1,-9.737943649,1,-5.016482353,1,-4.847355366,1,-1.833462119,1,3.014510393,1,0.547734082,0,-0.185484603,0,-1.537626147,0
38.57163239,5.815271378,1,-3.164288282,1,-4.734172821,1,-5.087275028,1,-2.595677376,1,3.176623583,1,0.526618361,0,-0.199506342,0,-1.531431913,0
38.57563019,1.7499367,1,2.114187479,1,-5.09292078,1,-4.987558365,1,-3.145715952,1,3.146903992,1,0.505270422,0,-0.215677872,0,-1.525963187,0
38.57962418,0.470839411,1,5.985447884,1,-8.265805244,1,-4.549039364,1,-3.781957865,1,3.081022739,1,0.484964758,0,-0.233833745,0,-1.521435738,0
38.58362198,-8.646927834,1,8.510865211,1,-11.996912,1,-4.022521973,1,-4.174918652,1,2.618460655,1,0.467246652,0,-0.253317088,0,-1.518420696,0
38.58761978,-19.34751511,1,12.99615192,1,-16.44805908,1,-3.549395561,1,-4.040726662,1,1.966269135,1,0.45182696,0,-0.272269905,0,-1.517556429,0
38.59161758,-21.14760208,1,14.14648247,1,-19.50092506,1,-3.076421976,1,-3.640248299,1,1.46156764,1,0.438805461,0,-0.289042801,0,-1.518058658,0
38.59561539,-22.32247925,1,12.8278265,1,-19.5402298,1,-2.653137922,1,-3.254304647,1,1.247742891,1,0.427631557,0,-0.303825825,0,-1.519040227,0
38.59961319,-18.84013367,1,10.81571102,1,-19.22979546,1,-2.269800186,1,-2.886267185,1,1.1593256,1,0.418057442,0,-0.316976011,0,-1.519756198,0
38.60361099,-16.02931023,1,11.23430157,1,-17.49344063,1,-1.835119128,1,-2.620111465,1,1.259681225,1,0.409817278,0,-0.328975171,0,-1.519771218,0
38.6076088,-16.16913033,1,8.059569359,1,-16.77073097,1,-1.512314796,1,-2.446839333,1,1.33543694,1,0.402874172,0,-0.34037599,0,-1.518942118,0
38.61161041,-13.45395756,1,2.938472748,1,-15.62703133,1,-1.254171968,1,-2.154093981,1,1.261137009,1,0.396905422,0,-0.350872636,0,-1.517632604,0
38.6156044,-13.16201401,1,-2.43150878,1,-13.2896328,1,-1.143313169,1,-1.968557358,1,1.138982058,1,0.391691417,0,-0.360325873,0,-1.516252995,0
38.6196022,-12.83694267,1,-5.805887699,1,-11.02663136,1,-1.105921984,1,-1.787440062,1,0.896167874,1,0.386829138,0,-0.36885643,0,-1.515252471,0
38.62360382,-9.314070702,1,-6.18082571,1,-8.875388145,1,-1.046238542,1,-1.672755957,1,0.660003543,1,0.38242054,0,-0.37640059,0,-1.514954925,0
38.62759781,-7.995529652,1,-5.479978561,1,-7.967282772,1,-1.075585961,1,-1.580164075,1,0.503947139,1,0.378299236,0,-0.383270979,0,-1.515267849,0
38.63159561,-6.097201347,1,-3.598811626,1,-8.111731529,1,-1.105450511,1,-1.501719236,1,0.448881358,1,0.374108851,0,-0.389673173,0,-1.515812278,0
38.63559723,-5.418485165,1,-1.24549222,1,-8.351211548,1,-1.085713267,1,-1.463928342,1,0.503834546,1,0.369905293,0,-0.395902187,0,-1.516242266,0
38.63959503,-6.843809605,1,-0.216171578,1,-9.204795837,1,-1.055381775,1,-1.352032304,1,0.594057322,1,0.365613937,0,-0.401982605,0,-1.51624763,0
38.64359283,-9.30989933,1,0.720259845,1,-9.955034256,1,-1.04434073,1,-1.133128405,1,0.691738844,1,0.361141354,0,-0.407561958,0,-1.515550017,0
38.64759064,-10.61600685,1,0.391207695,1,-9.945145607,1,-0.950017393,1,-0.894735098,1,0.700465262,1,0.356617808,0,-0.412350386,0,-1.514250636,0
38.65159226,-10.31154537,1,-0.089749709,1,-9.662740707,1,-0.877432168,1,-0.674012065,1,0.671566188,1,0.352314651,0,-0.41621998,0,-1.512601614,0
38.65559006,-11.32763386,1,-1.543117404,1,-9.819638252,1,-0.808049798,1,-0.464696229,1,0.528370559,1,0.348243833,0,-0.419220537,0,-1.510988951,0
38.65959168,-7.905637264,1,-2.141118288,1,-8.817522049,1,-0.736152709,1,-0.317315847,1,0.437873363,1,0.344611138,0,-0.421280563,0,-1.509569645,0
38.66358566,-5.950222015,1,-2.366365671,1,-9.03224659,1,-0.688692153,1,-0.304922432,1,0.354833841,1,0.341247022,0,-0.422960281,0,-1.508387327,0
38.66758347,-5.501238823,1,-2.728795767,1,-9.548856735,1,-0.630669892,1,-0.288084447,1,0.279425263,1,0.338251412,0,-0.424510092,0,-1.507509112,0
38.67158508,-5.560940266,1,-2.129720926,1,-9.897265434,1,-0.608993709,1,-0.244537055,1,0.231739119,1,0.335494936,0,-0.425856739,0,-1.506849051,0
38.67558289,-5.562045097,1,-1.364608645,1,-9.885867119,1,-0.566209257,1,-0.181867123,1,0.252449214,1,0.332874179,0,-0.426951766,0,-1.506155849,0
38.67958069,-6.381226063,1,-1.33224833,1,-9.770501137,1,-0.523865283,1,-0.141969234,1,0.282083094,1,0.330335438,0,-0.427911133,0,-1.505283594,0
38.68357849,-6.115562439,1,-1.727266192,1,-9.529417992,1,-0.466475666,1,-0.098299779,1,0.275337338,1,0.327932477,0,-0.428718835,0,-1.504256248,0
38.68757629,-6.461491585,1,-2.615249395,1,-9.286482811,1,-0.408633441,1,-0.055356041,1,0.212009132,1,0.325802535,0,-0.429336786,0,-1.50334692,0
38.6915741,-5.22164917,1,-2.747079849,1,-8.577961922,1,-0.388842374,1,-0.060465813,1,0.190086499,1,0.323909909,0,-0.429787993,0,-1.502600431,0
38.6955719,-5.208443165,1,-2.863469839,1,-8.702601433,1,-0.365231186,1,-0.067243688,1,0.169939041,1,0.320252329,0,-0.430467516,0,-1.52602458,0
38.6995697,-5.023345947,1,-2.981485605,1,-8.883415222,1,-0.349199235,1,-0.060793921,1,0.173836946,1,0.318563044,0,-0.430918008,0,-1.525398493,0
38.70356751,-5.127171993,1,-2.693214655,1,-8.846870422,1,-0.325806201,1,-0.034307506,1,0.181590721,1,0.316933692,0,-0.431321919,0,-1.524726987,0
38.70756912,-5.324965477,1,-2.507455349,1,-8.719799042,1,-0.296379387,1,-0.01817454,1,0.182303593,1,0.315400898,0,-0.431644469,0,-1.524015069,0
38.71156311,-5.421272755,1,-2.384443521,1,-8.769583702,1,-0.264864534,1,0.004832997,1,0.167238846,1,0.313981771,0,-0.431892812,0,-1.523283243,0
38.71556091,-5.228909492,1,-2.086069345,1,-8.73428154,1,-0.232134432,1,0.009875176,1,0.151625216,1,0.312699616,0,-0.43205452,0,-1.522599578,0
38.71956253,-4.873957157,1,-2.09747839,1,-8.631178856,1,-0.201267987,1,0.010461961,1,0.13807939,1,0.311578512,0,-0.432191551,0,-1.521976829,0
38.72355652,-4.52481842,1,-2.161054611,1,-8.725079536,1,-0.174030155,1,-0.005457739,1,0.123289831,1,0.310595334,0,-0.432333767,0,-1.521417975,0
38.72755432,-4.274289131,1,-2.228187561,1,-8.683311462,1,-0.151874796,1,-0.02934825,1,0.107269682,1,0.309742272,0,-0.43254146,0,-1.520956993,0
38.73155594,-4.123065948,1,-2.289447784,1,-8.72279644,1,-0.12669833,1,-0.058145367,1,0.096459419,1,0.309028566,0,-0.432831228,0,-1.520586252,0
38.73555374,-4.046544075,1,-2.291878462,1,-8.908322334,1,-0.110344291,1,-0.091612972,1,0.088576198,1,0.308433533,0,-0.433230698,0,-1.520299911,0
38.73955154,-4.143130302,1,-2.189925909,1,-8.98861599,1,-0.083580524,1,-0.119557083,1,0.093525022,1,0.307938695,0,-0.433748901,0,-1.520051003,0
38.74354935,-4.208611965,1,-2.193228245,1,-8.970828056,1,-0.058706027,1,-0.145881593,1,0.10000886,1,0.307563007,0,-0.434371471,0,-1.519820809,0
38.74754715,-4.072410107,1,-2.218333721,1,-8.888154984,1,-0.035706621,1,-0.178449243,1,0.102492213,1,0.3072851,0,-0.435114205,0,-1.519612432,0
38.75154495,-4.029675007,1,-2.294515133,1,-8.847923279,1,-0.013408408,1,-0.207690224,1,0.100384243,1,0.307113498,0,-0.435979575,0,-1.519438982,0
38.75554276,-4.084611416,1,-2.231148958,1,-8.876724243,1,0.006752525,1,-0.231742665,1,0.104938023,1,0.307052672,0,-0.436941683,0,-1.519314647,0
38.75954056,-4.131207466,1,-2.094719887,1,-8.808603287,1,0.031379443,1,-0.250349551,1,0.095420241,1,0.307090938,0,-0.437993824,0,-1.519222498,0
38.76353455,-4.189156532,1,-1.996171355,1,-8.800218582,1,0.050147798,1,-0.264857501,1,0.094582982,1,0.3072429,0,-0.439091593,0,-1.519178152,0
38.76753998,-4.328050613,1,-1.976208925,1,-8.723751068,1,0.069641024,1,-0.282598615,1,0.089977272,1,0.30746761,0,-0.440262049,0,-1.519151807,0
38.7715416,-4.467474937,1,-2.039083242,1,-8.660825729,1,0.084572479,1,-0.294059545,1,0.083248556,1,0.307792783,0,-0.441461504,0,-1.519169211,0
38.7755394,-4.504480362,1,-2.033612013,1,-8.57979393,1,0.096442565,1,-0.29845053,1,0.073722497,1,0.308177054,0,-0.442674488,0,-1.519232035,0
38.7795372,-4.563913345,1,-2.064117432,1,-8.510951042,1,0.116481006,1,-0.298173815,1,0.05960238,1,0.308654189,0,-0.443905264,0,-1.519354463,0
38.78353119,-4.639978886,1,-2.075895309,1,-8.471619606,1,0.137625128,1,-0.309042841,1,0.042033054,1,0.309244722,0,-0.445132554,0,-1.519560575,0
38.78752899,-4.629609585,1,-2.11744523,1,-8.459826469,1,0.159721643,1,-0.312934965,1,0.025339812,1,0.309948206,0,-0.446355104,0,-1.519839644,0
38.79153442,-4.594010353,1,-2.244245768,1,-8.415539742,1,0.177509949,1,-0.322152287,1,0.013936456,1,0.310772896,0,-0.447578251,0,-1.520179152,0
38.7955246,-4.676380157,1,-2.33046031,1,-8.386561394,1,0.196294695,1,-0.316648036,1,0.002866062,1,0.311697006,0,-0.448800445,0,-1.520582914,0
38.7995224,-4.636460304,1,-2.493155956,1,-8.22849369,1,0.210688695,1,-0.324093699,1,-0.011685612,1,0.312713504,0,-0.450019777,0,-1.521042943,0
38.80352402,-4.409923553,1,-2.652761221,1,-8.128388405,1,0.217364728,1,-0.331689835,1,-0.016441699,1,0.313793331,0,-0.451244891,0,-1.521562338,0
38.80751801,-4.528739452,1,-2.724426746,1,-8.282593727,1,0.225926951,1,-0.337756634,1,-0.025016319,1,0.314924121,0,-0.45249626,0,-1.522114515,0
38.81151962,-4.612764359,1,-2.808577776,1,-8.244974136,1,0.230825201,1,-0.34262839,1,-0.022749569,1,0.316078424,0,-0.453759402,0,-1.522684574,0
38.81551743,-4.787082672,1,-3.012154579,1,-8.09756279,1,0.22585462,1,-0.337426275,1,-0.020778904,1,0.317236722,0,-0.455019027,0,-1.523246765,0
38.81951523,-4.725188255,1,-3.218016863,1,-7.916879654,1,0.21701704,1,-0.335107684,1,-0.026383938,1,0.31837219,0,-0.45627135,0,-1.523804784,0
38.82351303,-4.661068439,1,-3.309521675,1,-7.922120094,1,0.202540517,1,-0.334948093,1,-0.02137861,1,0.319468617,0,-0.457516909,0,-1.524367809,0
38.82751083,-4.535657406,1,-3.192807436,1,-8.047142029,1,0.185042799,1,-0.331325352,1,-0.018398771,1,0.320491135,0,-0.458754152,0,-1.524919271,0
38.83150864,-4.568067551,1,-3.112252474,1,-8.092236519,1,0.183838472,1,-0.334377587,1,-0.010352349,1,0.321460277,0,-0.460001677,0,-1.525456309,0
38.83550644,-4.638168812,1,-3.09932971,1,-8.189349174,1,0.179670736,1,-0.329359144,1,-0.004808215,1,0.322407663,0,-0.461244762,0,-1.525959969,0
38.83950806,-4.703650475,1,-3.048943996,1,-8.17428875,1,0.193460032,1,-0.328025699,1,-0.005014423,1,0.323356748,0,-0.462494791,0,-1.52644372,0
38.84350205,-4.751027107,1,-2.866879463,1,-8.139539719,1,0.19649066,1,-0.323016554,1,0.001110456,1,0.324347913,0,-0.463727921,0,-1.526914597,0
38.84749985,-4.707368374,1,-2.810700893,1,-8.051279068,1,0.206356555,1,-0.319988579,1,0.001478746,1,0.325360835,0,-0.464955479,0,-1.527363896,0
38.85150147,-4.728489876,1,-2.784860134,1,-8.12771225,1,0.218798578,1,-0.320481032,1,0.000499792,1,0.326419353,0,-0.466174513,0,-1.527823448,0
38.85549927,-4.647030354,1,-2.780789852,1,-8.116287231,1,0.224521011,1,-0.323414862,1,-0.006243828,1,0.327522218,0,-0.467378139,0,-1.528288603,0
38.85949707,-4.613654613,1,-2.770987749,1,-8.152401924,1,0.238103256,1,-0.322923094,1,-0.015350793,1,0.328680813,0,-0.468585879,0,-1.528803825,0
38.86349487,-4.674349785,1,-2.721827507,1,-8.162640572,1,0.24565208,1,-0.330517858,1,-0.009656741,1,0.329889953,0,-0.469801664,0,-1.529330254,0
38.86749268,-4.614317417,1,-2.656747103,1,-8.190431595,1,0.25147143,1,-0.333687693,1,-0.021347569,1,0.33113718,0,-0.471025735,0,-1.529887915,0
38.87149048,-4.648400307,1,-2.572096348,1,-8.210976601,1,0.26132828,1,-0.341046721,1,-0.024914399,1,0.332428038,0,-0.4722763,0,-1.530474663,0
38.87548828,-4.702672482,1,-2.64781785,1,-8.280576706,1,0.27407372,1,-0.344576746,1,-0.03021696,1,0.333772928,0,-0.473538637,0,-1.53109014,0
38.87948608,-4.577823639,1,-2.712532759,1,-8.176944733,1,0.285084367,1,-0.353214949,1,-0.039201353,1,0.335190028,0,-0.474812597,0,-1.531747699,0
38.88348389,-4.550285816,1,-2.773578167,1,-8.214328766,1,0.2929869,1,-0.363614976,1,-0.039426006,1,0.336669564,0,-0.476111233,0,-1.532448769,0
38.8874855,-4.635602474,1,-2.718408823,1,-8.186034203,1,0.302962601,1,-0.373577297,1,-0.038642567,1,0.338183701,0,-0.477455169,0,-1.533160329,0
38.89148712,-4.529354095,1,-2.777809858,1,-8.263370514,1,0.307403028,1,-0.382209748,1,-0.041528549,1,0.339732647,0,-0.478819638,0,-1.533890843,0
38.89548492,-4.508735657,1,-2.78634119,1,-8.252059937,1,0.302642435,1,-0.394419432,1,-0.039706256,1,0.341295004,0,-0.480234593,0,-1.534645796,0
38.89948273,-4.83594799,1,-2.719748974,1,-8.206140518,1,0.308352262,1,-0.397817075,1,-0.043148216,1,0.342867285,0,-0.481684774,0,-1.535415888,0
38.90348053,-5.029287815,1,-2.729861975,1,-8.153741837,1,0.317326546,1,-0.403164357,1,-0.047790095,1,0.34449321,0,-0.48313719,0,-1.536218524,0
38.90747833,-5.01493597,1,-2.840139389,1,-8.11388588,1,0.325567067,1,-0.414225101,1,-0.055494066,1,0.346178442,0,-0.484599739,0,-1.537064791,0
38.91147614,-4.949655056,1,-2.909217358,1,-8.055389404,1,0.327575505,1,-0.421441257,1,-0.054430388,1,0.347890556,0,-0.486098886,0,-1.53793931,0
38.91547394,-4.854842186,1,-2.944457293,1,-8.10457325,1,0.338524222,1,-0.420533448,1,-0.052853353,1,0.349624813,0,-0.487608224,0,-1.538821578,0
38.91947174,-4.761107445,1,-3.105614185,1,-8.147824287,1,0.342761636,1,-0.429377586,1,-0.050685909,1,0.351399601,0,-0.489134789,0,-1.53971231,0
38.92347336,-4.765677452,1,-3.097636938,1,-8.09471035,1,0.328913093,1,-0.441018432,1,-0.041483931,1,0.353152454,0,-0.49071312,0,-1.540590525,0
38.92746735,-5.009320259,1,-3.165204287,1,-8.05700779,1,0.327721298,1,-0.446982175,1,-0.041443154,1,0.354888558,0,-0.492328465,0,-1.541469932,0
38.93146515,-5.05020237,1,-3.017569065,1,-7.979287624,1,0.337178528,1,-0.454532951,1,-0.040310808,1,0.356637895,0,-0.493957788,0,-1.542348385,0
38.93546677,-5.021326065,1,-3.011651516,1,-7.998975754,1,0.343948096,1,-0.451499939,1,-0.032900486,1,0.358406514,0,-0.495605886,0,-1.543212771,0
38.93946075,-4.914830685,1,-2.967130184,1,-7.993629932,1,0.355561793,1,-0.456726521,1,-0.022207111,1,0.360213041,0,-0.49726671,0,-1.544062734,0
38.94346237,-4.916165352,1,-2.983138323,1,-8.042243004,1,0.37374419,1,-0.460182369,1,-0.017043278,1,0.354338229,0,-0.51131469,0,-1.533686519,0
38.94746018,-4.822946072,1,-2.963729858,1,-8.090947151,1,0.380992919,1,-0.47275126,1,-0.00655183,1,0.355308831,0,-0.512904346,0,-1.55762887,0
38.95145798,-4.970193863,1,-2.801590443,1,-8.05548954,1,0.394675285,1,-0.48477,1,0.001526492,1,0.357236862,0,-0.514695108,0,-1.558404922,0
38.95545578,-4.917837143,1,-2.664921284,1,-8.067500114,1,0.426772207,1,-0.493021041,1,0.005042347,1,0.35925734,0,-0.516530871,0,-1.559179544,0
38.95945358,-4.880702972,1,-2.709686279,1,-8.120967865,1,0.4512178,1,-0.499548227,1,0.00605907,1,0.36140573,0,-0.518395603,0,-1.559962153,0
38.96345139,-4.985263348,1,-2.607913017,1,-8.156887054,1,0.473402709,1,-0.506212473,1,0.003450557,1,0.363654077,0,-0.520277739,0,-1.560771823,0
38.96744919,-4.904736519,1,-2.525349617,1,-8.179676056,1,0.502171159,1,-0.532844305,1,0.011699043,1,0.366024315,0,-0.522234321,0,-1.561593533,0
38.97145081,-4.909678936,1,-2.531471491,1,-8.255047798,1,0.514971614,1,-0.559598565,1,0.010839142,1,0.36848864,0,-0.524283528,0,-1.562461138,0
38.97544479,-4.996588707,1,-2.661682606,1,-8.170833588,1,0.545442522,1,-0.582861722,1,0.008338815,1,0.371080637,0,-0.526422739,0,-1.563377738,0
38.97944641,-4.821607113,1,-2.711450815,1,-8.112906456,1,0.562931001,1,-0.589941144,1,0.010590535,1,0.373767674,0,-0.528626025,0,-1.564324975,0
38.98344421,-4.87497282,1,-3.097118855,1,-8.127422333,1,0.585776508,1,-0.608013213,1,0.017459987,1,0.376553208,0,-0.53087008,0,-1.565284967,0
38.98744202,-4.638235092,1,-3.11460638,1,-8.191640854,1,0.602832019,1,-0.64258635,1,0.037472803,1,0.379401743,0,-0.533244967,0,-1.566237211,0
38.99143601,-4.559319019,1,-3.583915472,1,-8.387730598,1,0.611587882,1,-0.660257936,1,0.055161919,1,0.382306427,0,-0.535731852,0,-1.567170143,0
38.99543381,-4.29799509,1,-4.32610178,1,-8.294537544,1,0.577562511,1,-0.701117039,1,0.086231865,1,0.385149479,0,-0.538369238,0,-1.568055511,0
38.99943161,-4.557745934,1,-4.134759903,1,-8.216809273,1,0.562596142,1,-0.740176022,1,0.116720296,1,0.387842059,0,-0.541194797,0,-1.568891287,0
39.00342941,-4.554825783,1,-4.072611809,1,-8.109947205,1,0.569166601,1,-0.755752325,1,0.152559981,1,0.39047271,0,-0.544157088,0,-1.569620848,0
39.00742722,-4.860309601,1,-4.244166851,1,-8.097436905,1,0.570199311,1,-0.769756556,1,0.192715377,1,0.393070459,0,-0.54724431,0,-1.570231915,0
39.01143265,-4.509837627,1,-4.343205452,1,-8.00312233,1,0.54248172,1,-0.79403311,1,0.225105271,1,0.395573914,0,-0.550464869,0,-1.570743561,0
39.01543045,-4.892608166,1,-3.97514677,1,-8.040060997,1,0.534252405,1,-0.822478712,1,0.252435654,1,0.397941947,0,-0.553800642,0,-1.571178794,0
39.01942825,-4.953236103,1,-3.917386055,1,-7.928890705,1,0.517483294,1,-0.819007576,1,0.276309311,1,0.40023005,0,-0.557246208,0,-1.571531534,0
39.02342606,-4.926386833,1,-4.514568806,1,-7.872606277,1,0.49746412,1,-0.848652065,1,0.310683876,1,0.402421087,0,-0.560785115,0,-1.571798682,0
39.02742386,-4.707054615,1,-5.43911171,1,-7.891689777,1,0.430884838,1,-0.885738134,1,0.330307662,1,0.40441829,0,-0.564487278,0,-1.572012424,0
39.03142166,-4.611258984,1,-5.121908665,1,-7.813333035,1,0.377922505,1,-0.923991621,1,0.358381301,1,0.406115532,0,-0.56835568,0,-1.572198987,0
39.03541946,-4.948158741,1,-4.974585533,1,-7.944036961,1,0.369172037,1,-0.948367834,1,0.402993828,1,0.407672286,0,-0.572402358,0,-1.572301507,0
39.03941727,-5.020319939,1,-4.769402027,1,-8.014763832,1,0.346845061,1,-0.970684826,1,0.454203814,1,0.409069121,0,-0.576598227,0,-1.572236538,0
39.04341888,-4.972994328,1,-4.742403984,1,-8.01998806,1,0.342308104,1,-0.994246185,1,0.488458991,1,0.410339743,0,-0.580952764,0,-1.572036386,0
39.04741287,-5.007067204,1,-5.492832661,1,-8.115932465,1,0.282356709,1,-1.049144149,1,0.538315475,1,0.411440909,0,-0.585514247,0,-1.571739912,0
39.05141068,-4.856719971,1,-5.006785393,1,-8.026649475,1,0.219377726,1,-1.100647807,1,0.575348258,1,0.412200212,0,-0.590351403,0,-1.571347237,0
39.05541229,-5.124939442,1,-4.683856487,1,-8.215209961,1,0.211683124,1,-1.144235373,1,0.614945412,1,0.412801653,0,-0.595418692,0,-1.570894718,0
39.0594101,-5.192409992,1,-4.600296021,1,-8.342699051,1,0.201929212,1,-1.186585784,1,0.667694569,1,0.413319677,0,-0.600705981,0,-1.570332289,0
39.0634079,-5.009392738,1,-5.032268524,1,-8.181860924,1,0.123709545,1,-1.232758999,1,0.708810985,1,0.413582951,0,-0.606237948,0,-1.56962502,0
39.06740952,-5.140526295,1,-4.474538326,1,-8.111449242,1,0.100206986,1,-1.303539157,1,0.728835762,1,0.413582683,0,-0.612047732,0,-1.56889689,0
39.0714035,-5.272371769,1,-4.056784153,1,-8.365202904,1,0.091053821,1,-1.355481267,1,0.761799395,1,0.413544774,0,-0.618110538,0,-1.568175435,0
39.07540131,-5.369521618,1,-3.937786818,1,-8.654335022,1,0.077238657,1,-1.388506413,1,0.791469753,1,0.413421094,0,-0.624384224,0,-1.567376971,0
39.07940292,-5.248136997,1,-4.017791748,1,-8.707411766,1,0.045382544,1,-1.467980266,1,0.826588809,1,0.413180351,0,-0.630909979,0,-1.566542625,0
39.08339691,-4.980929852,1,-3.507937193,1,-8.604302406,1,0.038007546,1,-1.548330069,1,0.840035498,1,0.41286549,0,-0.637768567,0,-1.565760612,0
39.08739853,-5.485441208,1,-3.568758488,1,-8.681519508,1,0.052341904,1,-1.640814781,1,0.856574416,1,0.412634254,0,-0.64497894,0,-1.565078139,0
39.09139633,-5.409823418,1,-3.482897758,1,-8.70957756,1,0.060929127,1,-1.719830871,1,0.869509459,1,0.412506521,0,-0.652518988,0,-1.564482808,0
39.09539414,-5.272516727,1,-3.875703573,1,-9.003044128,1,0.039763808,1,-1.809013367,1,0.887383878,1,0.412419945,0,-0.660383701,0,-1.563984871,0
39.09939194,-5.019312382,1,-3.229320526,1,-8.953716278,1,0.026138583,1,-1.921987891,1,0.911789894,1,0.41229704,0,-0.668658376,0,-1.563589334,0
39.10338974,-4.947172165,1,-3.065502405,1,-9.189137459,1,0.072232574,1,-2.032051563,1,0.920753658,1,0.41234839,0,-0.67738241,0,-1.563364744,0
39.10738754,-5.300190449,1,-3.291504145,1,-9.425337791,1,0.08904741,1,-2.126132965,1,0.945006311,1,0.41261965,0,-0.686492562,0,-1.563261867,0
39.11138535,-4.706406116,1,-3.453532696,1,-9.228100777,1,0.098393105,1,-2.251894712,1,0.974367976,1,0.412993848,0,-0.696043491,0,-1.563254952,0
39.11538696,-5.568337917,1,-4.397916317,1,-9.953009605,1,0.066487104,1,-2.385569334,1,1.027339458,1,0.41339767,0,-0.706144214,0,-1.563344836,0
39.11938477,-4.958672523,1,-3.815680265,1,-9.588175774,1,0.015619848,1,-2.522251606,1,1.078716636,1,0.413607866,0,-0.716806173,0,-1.563431382,0
39.12338257,-4.217081547,1,-3.568280458,1,-9.839057922,1,0.045620061,1,-2.721420765,1,1.114339232,1,0.413888305,0,-0.728170097,0,-1.563694477,0
39.12738037,-4.844845295,1,-3.48193121,1,-10.68925667,1,0.096958831,1,-2.893932581,1,1.147456288,1,0.414532781,0,-0.740266323,0,-1.564232469,0
39.13138199,-4.247659683,1,-3.90267992,1,-10.68495274,1,0.127841264,1,-3.079614639,1,1.218706369,1,0.415434599,0,-0.753083527,0,-1.564892769,0
39.13537979,-4.205737114,1,-4.898206711,1,-11.04751396,1,0.129477397,1,-3.308416367,1,1.287004352,1,0.416500926,0,-0.766794026,0,-1.56569159,0
39.13938141,-4.34934473,1,-5.913889408,1,-11.29093075,1,0.105614759,1,-3.533478975,1,1.393604279,1,0.417628944,0,-0.781480432,0,-1.566612482,0
39.14337921,-4.394980431,1,-6.923839092,1,-11.19696808,1,0.036903869,1,-3.78762579,1,1.548469067,1,0.418491721,0,-0.797234416,0,-1.567412734,0
39.14737701,-4.500099182,1,-7.63581419,1,-11.50931931,1,-0.017564105,1,-4.050910473,1,1.704454422,1,0.418953896,0,-0.814187467,0,-1.568016052,0
39.15137482,-4.703774929,1,-7.674310207,1,-12.0305872,1,-0.034922235,1,-4.321949005,1,1.864864469,1,0.41916135,0,-0.832385302,0,-1.568458796,0
39.15537262,-4.200107574,1,-7.948159695,1,-12.03336716,1,-0.038135547,1,-4.594761372,1,2.032696724,1,0.419151783,0,-0.851827741,0,-1.568650484,0
39.15937042,-3.286149979,1,-8.691606522,1,-12.01832199,1,-0.043751456,1,-4.927772999,1,2.212093115,1,0.41899389,0,-0.87267679,0,-1.568635345,0
39.16337204,-3.197857618,1,-9.454574585,1,-12.30309391,1,-0.094317473,1,-5.26336813,1,2.403772593,1,0.418551803,0,-0.895052791,0,-1.568414807,0
39.16736603,-4.548283577,1,-9.847452164,1,-12.37283039,1,-0.159324959,1,-5.574430466,1,2.620756388,1,0.417583108,0,-0.918967247,0,-1.567826033,0
39.17136383,-5.166422844,1,-10.12450695,1,-12.29963589,1,-0.191822454,1,-5.86665535,1,2.805733442,1,0.415965736,0,-0.944277883,0,-1.566709876,0
39.17536545,-5.056470871,1,-10.36038971,1,-12.85874271,1,-0.217444047,1,-6.139588833,1,2.994685888,1,0.413791358,0,-0.970916986,0,-1.565066934,0
39.17936325,-6.589383125,1,-9.780473709,1,-13.5667963,1,-0.236233383,1,-6.377949715,1,3.191171169,1,0.410911232,0,-0.998835742,0,-1.562714458,0
39.18336105,-7.425477028,1,-8.911340714,1,-14.56246853,1,-0.192399114,1,-6.587285519,1,3.355715275,1,0.407338202,0,-1.02785337,0,-1.55951798,0
39.18735886,-9.344162941,1,-7.80215168,1,-14.73143578,1,-0.141449735,1,-6.698374271,1,3.519391537,1,0.402931392,0,-1.057688951,0,-1.55520606,0
39.19135666,-8.046907425,1,-6.857960701,1,-13.96080685,1,-0.072153181,1,-6.940126896,1,3.71412158,1,0.397577524,0,-1.08842206,0,-1.549571037,0
39.19535446,-10.66467953,1,-7.266952038,1,-15.5518074,1,0.010267988,1,-7.085359097,1,3.838325739,1,0.39704752,0,-1.120419741,0,-1.563012004,0
39.19935608,-14.10830307,1,-6.850081921,1,-16.07966042,1,0.223337933,1,-7.132344246,1,3.926153898,1,0.390222609,0,-1.152639031,0,-1.554900885,0
39.20335007,-17.19556618,1,-8.409473419,1,-17.17641068,1,0.299938262,1,-6.906602383,1,4.034279823,1,0.381470561,0,-1.184661031,0,-1.544253588,0
39.20734787,-16.62672234,1,-9.43231678,1,-17.17829895,1,0.266190439,1,-6.64358139,1,4.133975983,1,0.369095117,0,-1.215927124,0,-1.529726505,0
39.21134949,-14.61967468,1,-10.19619083,1,-15.3696022,1,0.195812464,1,-6.710853577,1,4.28175211,1,0.352166653,0,-1.246811271,0,-1.510672927,0
39.21534729,-15.82206154,1,-11.86837196,1,-14.53743935,1,0.046074037,1,-6.634600639,1,4.33950901,1,0.329723775,0,-1.277722955,0,-1.486616492,0
39.21934509,-15.97757339,1,-12.35093594,1,-13.84381485,1,-0.175682247,1,-6.584883213,1,4.488920689,1,0.299291372,0,-1.308325052,0,-1.455224991,0
39.2233429,-18.35905647,1,-11.95051575,1,-11.56187534,1,-0.496506274,1,-6.552447796,1,4.614366531,1,0.257096171,0,-1.338600159,0,-1.413077354,0
39.22733688,-18.83405876,1,-10.96351337,1,-12.14634514,1,-0.685256243,1,-6.428069115,1,4.544734001,1,0.200477645,0,-1.368103623,0,-1.357577085,0
39.23133469,-19.90526199,1,-8.10931015,1,-10.37910652,1,-0.736048698,1,-6.281962395,1,4.527160645,1,0.125701532,0,-1.396119237,0,-1.284374595,0
39.23534012,-20.207901,1,-5.18774128,1,-10.39172459,1,-0.740753889,1,-6.035424232,1,4.50818491,1,0.022941267,0,-1.422116399,0,-1.183295846,0
39.23933029,-19.76926804,1,-4.551678181,1,-9.432598114,1,-0.552017093,1,-5.649894714,1,4.314832687,1,-0.114810333,0,-1.444726467,0,-1.046887279,0
39.24333191,-15.31998825,1,-4.686942577,1,-8.048236847,1,-0.435652405,1,-5.159828663,1,4.225707531,1,-0.296695411,0,-1.462485313,0,-0.865701795,0
39.24732971,-8.825769424,1,-5.727685452,1,-8.359666824,1,-0.430236459,1,-4.722771645,1,3.961810827,1,-0.521496296,0,-1.474134564,0,-0.641464651,0
39.25132752,-5.834259033,1,-7.981338024,1,-8.865613937,1,-0.453283638,1,-4.331855774,1,3.713086128,1,-0.769737005,0,-1.479437113,0,-0.393913567,0
39.25533676,-8.06812191,1,-8.778731346,1,-8.737494469,1,-0.588856518,1,-4.020411491,1,3.52197504,1,-1.011861205,0,-1.478660941,0,-0.152795076,0
39.25933075,-11.33630371,1,-9.547484398,1,-9.677792549,1,-0.832996488,1,-3.7136693,1,3.11289835,1,-1.222876072,0,-1.473436713,0,0.056315787,0
39.26332855,-18.34150887,1,-7.422821522,1,-10.38647366,1,-0.969627798,1,-3.49156642,1,2.698218346,1,-1.394024372,0,-1.4659549,0,0.224638164,0
39.26732636,-31.93823814,1,-5.386907578,1,-15.64299965,1,-0.790751994,1,-2.789299965,1,2.116534948,1,-1.523393273,0,-1.457722545,0,0.351157129,0
39.27132797,-24.34152985,1,-5.210869312,1,-17.53523636,1,-0.547409177,1,-1.710436225,1,1.479664922,1,-1.602892637,0,-1.450602412,0,0.428536922,0
39.27532196,-11.46592522,1,-5.152014732,1,-15.52873039,1,-0.320149839,1,-0.919637501,1,0.899935782,1,-1.644438267,0,-1.445594072,0,0.468625307,0
39.27931976,-4.476981163,1,-4.704371929,1,-12.76097202,1,0.013598384,1,-0.497586608,1,0.410056323,1,-1.664859653,0,-1.442786694,0,0.488584399,0
39.28332138,-4.953441143,1,-4.857856274,1,-11.96745014,1,0.349206626,1,-0.215970621,1,0.020240774,1,-1.674414635,0,-1.441807151,0,0.498976886,0
39.28731918,-5.139784813,1,-5.402823925,1,-11.48152924,1,0.533881545,1,0.108212844,1,-0.269626707,1,-1.674674034,0,-1.442304373,0,0.501060009,0
39.29131699,-3.319797993,1,-5.489749908,1,-10.8649168,1,0.623728037,1,0.400356114,1,-0.498859137,1,-1.665508509,0,-1.443941474,0,0.494156331,0
39.29531479,-0.471235842,1,-5.23020649,1,-9.499476433,1,0.697669506,1,0.631817877,1,-0.685390472,1,-1.647939205,0,-1.44649601,0,0.479115039,0
39.29931259,1.962307692,1,-4.882905483,1,-8.212389946,1,0.768616199,1,0.76129663,1,-0.814129889,1,-1.623878121,0,-1.449683309,0,0.457837403,0
39.30331039,3.51573205,1,-4.483647346,1,-7.396375656,1,0.826650918,1,0.860908926,1,-0.894829154,1,-1.594720721,0,-1.453231812,0,0.431692362,0
39.30731201,4.415157318,1,-3.780801773,1,-7.049715996,1,0.876282156,1,0.943307877,1,-0.941151917,1,-1.560499787,0,-1.456931353,0,0.400663495,0
39.311306,4.85014677,1,-3.218879461,1,-6.961110115,1,0.901614308,1,1.011309385,1,-0.973628938,1,-1.521249294,0,-1.460651398,0,0.364755362,0
39.3153038,4.953949928,1,-2.805959225,1,-6.805855751,1,0.930317342,1,1.095855951,1,-0.986122489,1,-1.476324081,0,-1.4642694,0,0.323253453,0
39.31930542,5.020865917,1,-2.500004053,1,-6.62835741,1,0.959065557,1,1.179074645,1,-0.99197185,1,-1.425081968,0,-1.467655063,0,0.27552399,0
39.32330322,4.92357111,1,-2.451081276,1,-6.642531872,1,0.977538705,1,1.282002449,1,-0.981366873,1,-1.366865516,0,-1.470678329,0,0.220905527,0
39.32730103,4.633788109,1,-2.459204674,1,-6.779037476,1,0.978207827,1,1.422414303,1,-0.973832905,1,-1.300708771,0,-1.4732126,0,0.158356965,0
39.33129883,4.247157097,1,-2.429525137,1,-6.924541473,1,0.974098444,1,1.581511378,1,-0.968287051,1,-1.225650787,0,-1.475098491,0,0.086876079,0
39.33529663,3.718860388,1,-2.446174622,1,-7.112937927,1,0.948298752,1,1.761201859,1,-0.959385276,1,-1.141763091,0,-1.476152897,0,0.006474983,0
39.33929443,3.098171473,1,-2.506353378,1,-7.281106472,1,0.9230389,1,1.960880041,1,-0.943237603,1,-1.049927354,0,-1.476137042,0,-0.081995316,0
39.34329605,2.591751575,1,-2.464008093,1,-7.556822777,1,0.896230757,1,2.182754278,1,-0.939730883,1,-0.951999724,0,-1.474837422,0,-0.17671521,0
39.34729004,2.155392408,1,-2.305024862,1,-7.783038616,1,0.868318737,1,2.411745787,1,-0.936464489,1,-0.850776076,0,-1.472075701,0,-0.274882555,0
39.35128784,1.921602845,1,-1.98198688,1,-7.89685154,1,0.854575634,1,2.654062271,1,-0.943938196,1,-0.749599934,0,-1.467704892,0,-0.373115033,0
39.35528946,1.636339784,1,-1.684243679,1,-8.159636497,1,0.859248459,1,2.890035868,1,-0.946202934,1,-0.651912034,0,-1.461661935,0,-0.467913359,0
39.35928726,1.183734179,1,-1.390676975,1,-8.350311279,1,0.869653404,1,3.130921364,1,-0.953976691,1,-0.560470283,0,-1.453924417,0,-0.556459725,0
39.36328507,0.931879997,1,-1.104159594,1,-8.526369095,1,0.906707406,1,3.376233339,1,-0.966236532,1,-0.476743609,0,-1.444509983,0,-0.637224674,0
39.36728668,0.760331392,1,-0.84014231,1,-8.566162109,1,0.949659705,1,3.610187769,1,-0.970328808,1,-0.401746273,0,-1.433496356,0,-0.709134102,0
39.37128067,0.527866662,1,-0.671854854,1,-8.639539719,1,1.008329391,1,3.839478731,1,-0.961777449,1,-0.335733771,0,-1.420992732,0,-0.771867812,0
39.3752861,0.263943911,1,-0.596440434,1,-8.645417213,1,1.068407416,1,4.050982475,1,-0.957102358,1,-0.278194726,0,-1.407105446,0,-0.825909615,0
39.37928391,0.018415099,1,-0.660560787,1,-8.650200844,1,1.12752831,1,4.260316849,1,-0.934679747,1,-0.228545889,0,-1.391947985,0,-0.87183547,0
39.38328171,-0.255922049,1,-0.608374417,1,-8.625160217,1,1.190863252,1,4.458128452,1,-0.912347138,1,-0.185859069,0,-1.375640631,0,-0.910558522,0
39.38727951,-0.490915298,1,-0.650302529,1,-8.561635971,1,1.241616488,1,4.647411823,1,-0.883803785,1,-0.149168879,0,-1.358283639,0,-0.943054855,0
39.39128113,-0.645359278,1,-0.598933041,1,-8.530115128,1,1.292196512,1,4.825059414,1,-0.859071732,1,-0.117581375,0,-1.339965582,0,-0.970239043,0
39.39527893,-0.84115988,1,-0.576735735,1,-8.480169296,1,1.351521969,1,4.987306118,1,-0.83610785,1,-0.090232134,0,-1.320793271,0,-0.992950916,0
39.39927673,-0.976150095,1,-0.599975049,1,-8.440126419,1,1.396930933,1,5.139124393,1,-0.805927753,1,-0.066484042,0,-1.300848007,0,-1.011842489,0
39.40327454,-1.110182405,1,-0.601037621,1,-8.444212914,1,1.451098919,1,5.265219688,1,-0.781231046,1,-0.045721091,0,-1.280251861,0,-1.027523637,0
39.40727234,-1.220486403,1,-0.671905279,1,-8.329399109,1,1.503842831,1,5.368291855,1,-0.749698758,1,-0.027443096,0,-1.259096742,0,-1.040477276,0
39.41127014,-1.365494847,1,-0.631419539,1,-8.343659401,1,1.560691595,1,5.453402042,1,-0.716685355,1,-0.011289029,0,-1.23750484,0,-1.051042914,0
39.41527176,-1.664224625,1,-0.64201355,1,-8.396160126,1,1.613597751,1,5.531987667,1,-0.681361437,1,0.00310718,0,-1.215547204,0,-1.059586287,0
39.41926575,-1.951975107,1,-0.636539102,1,-8.586566925,1,1.67584765,1,5.598500252,1,-0.659112573,1,0.016100053,0,-1.193259358,0,-1.066462278,0
39.42326355,-2.160295725,1,-0.623559535,1,-8.597616196,1,1.74469173,1,5.653699398,1,-0.62652266,1,0.027986482,0,-1.170698166,0,-1.071922541,0
39.42726517,-2.57252264,1,-0.477598995,1,-8.791726112,1,1.814105988,1,5.709472179,1,-0.602310956,1,0.038943607,0,-1.147889614,0,-1.07613492,0
39.43126297,-2.897113562,1,-0.434675932,1,-8.831673622,1,1.882136941,1,5.770170689,1,-0.565993726,1,0.049217481,0,-1.124849677,0,-1.079303741,0
39.43526077,-3.272495508,1,-0.29491505,1,-8.876585007,1,1.982948184,1,5.815040588,1,-0.554946065,1,0.058945064,0,-1.10159564,0,-1.081537724,0
39.43925858,-3.371388197,1,-0.153285548,1,-8.900556564,1,2.087966204,1,5.858699799,1,-0.531578541,1,0.068377167,0,-1.078152537,0,-1.082997203,0
39.44325638,-3.582516193,1,-0.03803242,1,-8.924813271,1,2.202920914,1,5.889631748,1,-0.498667121,1,0.261752665,0,-0.845644891,0,-1.129783154,0
39.44725418,-3.811316967,1,0.031371992,1,-9.056838036,1,2.336642981,1,5.913955212,1,-0.46733287,1,0.258537412,0,-0.820761561,0,-1.133303404,0
39.4512558,-3.935496092,1,-0.082896873,1,-9.004038811,1,2.448851824,1,5.937061787,1,-0.42976132,1,0.263502479,0,-0.797400832,0,-1.126948476,0
39.45524979,-4.104926586,1,-0.327167988,1,-9.187085152,1,2.560663462,1,5.944308758,1,-0.385830373,1,0.268853843,0,-0.774047494,0,-1.120346308,0
39.4592514,-4.325978279,1,-0.442493051,1,-9.323997498,1,2.676408768,1,5.942177296,1,-0.348165691,1,0.274585694,0,-0.750753403,0,-1.113479495,0
39.46324921,-4.516354084,1,-0.453818828,1,-9.545115471,1,2.775635958,1,5.937051773,1,-0.306169331,1,0.280698061,0,-0.727550149,0,-1.106373191,0
39.46724701,-4.832560539,1,-0.582139373,1,-9.81826973,1,2.893559694,1,5.926619053,1,-0.263703227,1,0.287202239,0,-0.704457045,0,-1.099007726,0
39.47124481,-5.102468491,1,-0.663681865,1,-10.1217823,1,3.017132282,1,5.918600082,1,-0.230046317,1,0.294172823,0,-0.681472659,0,-1.091413379,0
39.47524643,-5.467003822,1,-0.754284739,1,-10.38155937,1,3.138652086,1,5.91782093,1,-0.201709569,1,0.301642925,0,-0.658600569,0,-1.083601713,0
39.47924042,-5.668320656,1,-0.786071658,1,-10.67111683,1,3.287312984,1,5.900196552,1,-0.193320602,1,0.309693545,0,-0.635818064,0,-1.075626612,0
39.48323822,-5.960756779,1,-0.958634496,1,-11.01970959,1,3.432067394,1,5.877398491,1,-0.2003268,1,0.318426847,0,-0.613179445,0,-1.067578912,0
39.48723984,-6.391182899,1,-1.287556052,1,-11.41892338,1,3.576840162,1,5.840047359,1,-0.236097321,1,0.327892601,0,-0.590682626,0,-1.059536576,0
39.49123764,-6.801028252,1,-1.622159719,1,-11.7620182,1,3.718364,1,5.808713436,1,-0.297361434,1,0.338154346,0,-0.568304718,0,-1.051630616,0
39.49523926,-7.023510933,1,-1.777921677,1,-12.27537632,1,3.846034288,1,5.751283646,1,-0.398677528,1,0.349246085,0,-0.546062589,0,-1.043979406,0
39.49924088,-7.465877533,1,-1.815870047,1,-12.78947258,1,3.994920254,1,5.676218033,1,-0.535560966,1,0.361251384,0,-0.523982346,0,-1.036759138,0
39.50323868,-7.905499458,1,-1.707270503,1,-13.38956165,1,4.142234325,1,5.606508255,1,-0.708204031,1,0.374254227,0,-0.502035379,0,-1.030105829,0
39.50723648,-8.477829933,1,-1.475677371,1,-14.04552746,1,4.2961936,1,5.518630981,1,-0.917928994,1,0.388307691,0,-0.480178118,0,-1.024131775,0
39.5112381,-9.277389526,1,-1.178389192,1,-14.69927883,1,4.457278728,1,5.421581268,1,-1.166019201,1,0.403486878,0,-0.458389044,0,-1.018979907,0
39.51523209,-10.45975876,1,-0.957507432,1,-15.24728489,1,4.6103549,1,5.337875366,1,-1.449615121,1,0.419784546,0,-0.436583847,0,-1.014743686,0
39.51922607,-11.72764397,1,-0.82755214,1,-15.77728748,1,4.740517616,1,5.268534184,1,-1.767848611,1,0.437154919,0,-0.414619237,0,-1.011485934,0
39.52323151,-12.85276222,1,-0.895399988,1,-16.15301514,1,4.83523941,1,5.200323582,1,-2.094035149,1,0.455436349,0,-0.392404437,0,-1.009236813,0
39.52722549,-13.99590015,1,-0.974813521,1,-16.52823257,1,4.869456768,1,5.134774208,1,-2.435251713,1,0.474398971,0,-0.369861871,0,-1.007984281,0
39.5312233,-15.22967052,1,-1.191975951,1,-16.91512299,1,4.836101055,1,5.072149754,1,-2.7718153,1,0.493726432,0,-0.346938372,0,-1.007689953,0
39.5352211,-16.52374268,1,-1.326007605,1,-17.35009193,1,4.742103577,1,5.003593445,1,-3.096422434,1,0.513093412,0,-0.323624074,0,-1.008288622,0
39.5392189,-17.95709991,1,-1.362578988,1,-17.84902954,1,4.5796175,1,4.930503845,1,-3.394675016,1,0.5321787,0,-0.299925566,0,-1.009687185,0
39.54321671,-19.73069382,1,-0.86307478,1,-18.15005875,1,4.36825943,1,4.844358444,1,-3.661975145,1,0.550673783,0,-0.275885046,0,-1.011793017,0
39.54721832,-21.73553085,1,0.762498021,1,-18.65710258,1,4.139796257,1,4.740125179,1,-3.91008997,1,0.568407059,0,-0.251594126,0,-1.014552116,0
39.55121231,-23.69666481,1,3.574573517,1,-18.90812492,1,3.927635908,1,4.633205414,1,-4.13135004,1,0.585335076,0,-0.227108672,0,-1.017906666,0
39.55521393,-25.94029999,1,7.27766943,1,-18.43414879,1,3.810687542,1,4.540635109,1,-4.314130306,1,0.60161221,0,-0.202456653,0,-1.021763682,0
39.55921173,-28.05977249,1,10.57734776,1,-17.07203484,1,3.80224061,1,4.502313614,1,-4.408420563,1,0.617580175,0,-0.177641824,0,-1.025819778,0
39.56320953,-29.39023018,1,13.48500633,1,-15.01829052,1,3.86162281,1,4.484148026,1,-4.390931129,1,0.633529902,0,-0.152749121,0,-1.029643774,0
39.56720734,-31.2381382,1,13.50586987,1,-12.61823845,1,3.917160749,1,4.51455164,1,-4.259334087,1,0.649540186,0,-0.12796919,0,-1.032795787,0
39.57120895,-32.12619781,1,12.05434799,1,-10.34741497,1,3.852674723,1,4.550626278,1,-3.996622324,1,0.66537559,0,-0.103500567,0,-1.034816742,0
39.57520294,-32.17382813,1,9.95548439,1,-8.030379295,1,3.594915152,1,4.503509045,1,-3.590884686,1,0.680373073,0,-0.079848215,0,-1.035411,0
39.57920456,-31.62091827,1,7.776162624,1,-5.762096405,1,3.124891281,1,4.371100426,1,-3.069238901,1,0.693783522,0,-0.057642397,0,-1.034446597,0
39.58320236,-30.89330101,1,7.159325123,1,-3.787428141,1,2.566705227,1,4.167037964,1,-2.513782978,1,0.705055952,0,-0.037368346,0,-1.03197825,0
39.58720017,-30.72945213,1,9.229237556,1,-2.362375021,1,2.026111364,1,3.901446581,1,-2.082224369,1,0.714079976,0,-0.019152857,0,-1.028443694,0
39.59119797,-28.06153297,1,13.96966648,1,-0.020979201,1,1.687934995,1,3.475385666,1,-1.534066916,1,0.721499622,0,-0.003345138,0,-1.024108291,0
39.59519959,-29.63854027,1,17.27165031,1,2.007976532,1,1.568061829,1,3.019978523,1,-1.09752655,1,0.727975726,0,0.009856623,0,-1.019444823,0
39.59919357,-31.16545486,1,19.32918358,1,3.287415266,1,1.556265235,1,2.613281727,1,-0.746584296,1,0.734281301,0,0.020687418,0,-1.014663696,0
39.60319138,-31.53153419,1,21.45426178,1,4.415275574,1,1.617887974,1,2.195611,1,-0.441723377,1,0.740713239,0,0.029403094,0,-1.009938121,0
39.60719299,-31.0310688,1,22.89328003,1,5.060997009,1,1.747501731,1,1.74375701,1,-0.177453399,1,0.747572303,0,0.036030278,0,-1.005491376,0
39.6111908,-30.37394524,1,23.09250641,1,5.127735615,1,1.852038622,1,1.29445827,1,0.040353343,1,0.754943907,0,0.040645976,0,-1.001542926,0
39.61519241,-29.28030205,1,22.0790596,1,4.983095646,1,1.849807024,1,0.873337984,1,0.199117422,1,0.76252532,0,0.043451451,0,-0.998205185,0
39.61919403,-28.42998123,1,20.65727997,1,4.704656124,1,1.716303945,1,0.472046107,1,0.361298352,1,0.769815266,0,0.04461484,0,-0.99552238,0
39.62319183,-28.82214928,1,17.7305088,1,3.875768661,1,1.432984233,1,0.130100414,1,0.504543364,1,0.77624613,0,0.044261962,0,-0.993444383,0
39.62718964,-16.73168945,1,-4.556996822,1,-1.382295609,1,-0.168690369,1,-0.458170772,1,0.981146812,1,0.779529631,0,0.041907389,0,-0.991816223,0
39.63119125,-37.41326141,1,-1.29068172,1,6.895886421,1,-2.061158419,1,-1.679211497,1,2.12644887,1,0.774605095,0,0.034637377,0,-0.990388513,0
39.63518524,-37.54083252,1,19.10351372,1,7.432798862,1,-1.891070127,1,-1.923382163,1,2.913191319,1,0.76642555,0,0.021947417,0,-0.98829329,0
39.63918304,1.789837122,1,18.43048096,1,4.138333321,1,-1.645896912,1,-1.32795012,1,3.011058807,1,0.759515703,0,0.009132333,0,-0.984157205,0
39.64318466,1.177358747,1,7.953849316,1,-6.20851469,1,-1.550192356,1,-1.565616965,1,3.362819433,1,0.753143787,0,-0.00364218,0,-0.978766501,0
39.64718247,-21.72891426,1,-4.23377943,1,-16.73869896,1,-1.660409212,1,-1.632154465,1,3.604070187,1,0.746669233,0,-0.01811192,0,-0.97302413,0
39.65118027,-11.76673222,1,-17.25876427,1,-20.16039467,1,-1.352359772,1,-0.806510329,1,3.585812569,1,0.740431309,0,-0.031436704,0,-0.965722024,0
39.65518189,3.688376665,1,-31.896492,1,-22.10587311,1,-1.600332737,1,-0.287446171,1,3.525076628,1,0.734331429,0,-0.04252968,0,-0.95660311,0
39.65917587,5.551691055,1,-43.15420151,1,-16.77664757,1,-2.47367382,1,-0.224022374,1,3.562091351,1,0.725934148,0,-0.05268883,0,-0.946635246,0
39.66317368,5.571336746,1,-42.61785126,1,-10.78666592,1,-3.180076361,1,-0.413628459,1,3.408099651,1,0.713939905,0,-0.062763251,0,-0.936878264,0
39.66717529,3.790067911,1,-34.7544632,1,-6.799590111,1,-3.76286912,1,-0.883734584,1,3.279405117,1,0.699471116,0,-0.073394239,0,-0.928343058,0
39.6711731,1.977916479,1,-24.10515213,1,-2.212078571,1,-4.275339603,1,-1.452859759,1,2.85871911,1,0.682698131,0,-0.084790647,0,-0.921700656,0
39.6751709,0.907998681,1,-14.9656105,1,-2.038648129,1,-4.356538773,1,-2.268860579,1,2.661538124,1,0.665159464,0,-0.097481705,0,-0.917723775,0
39.6791687,-1.015807629,1,-7.085532665,1,-3.168512344,1,-4.461324215,1,-3.003802299,1,2.265604258,1,0.647266209,0,-0.111914225,0,-0.916375279,0
39.6831665,-7.068209171,1,-4.729008198,1,-3.953144312,1,-4.529884338,1,-3.46170783,1,1.903720379,1,0.629366934,0,-0.127369642,0,-0.917473614,0
39.68716431,-13.69665241,1,4.330286026,1,-11.26170158,1,-4.299229145,1,-3.578269958,1,1.465813279,1,0.612053156,0,-0.142795414,0,-0.92022413,0
39.69116592,-22.38548851,1,11.0899086,1,-15.73012352,1,-3.934876204,1,-3.206032753,1,1.1017555,1,0.596046984,0,-0.15696311,0,-0.923883677,0
39.69516373,-24.60982895,1,17.9811058,1,-19.1667366,1,-3.315439463,1,-2.608825922,1,0.90607357,1,0.580812216,0,-0.168726161,0,-0.950995624,0
39.69916153,-22.44159508,1,21.70466614,1,-20.03197289,1,-2.771376371,1,-2.068715334,1,0.914168954,1,0.568961143,0,-0.178517446,0,-0.953096926,0
39.70315933,-15.93387604,1,23.2414341,1,-19.35628128,1,-2.163050652,1,-1.618079782,1,1.029278994,1,0.559202313,0,-0.186756596,0,-0.95374918,0
39.70715714,-10.95318604,1,18.87771606,1,-17.65719223,1,-1.589851499,1,-1.436715603,1,1.197149754,1,0.551621974,0,-0.19426173,0,-0.953157246,0
39.71115494,-8.066345215,1,10.83075809,1,-15.46982384,1,-1.216580987,1,-1.32982254,1,1.282189608,1,0.545763433,0,-0.201590717,0,-0.951757908,0
39.71515656,-6.528981686,1,3.254940033,1,-12.83649158,1,-0.97880739,1,-1.285651922,1,1.251012325,1,0.541094959,0,-0.208694339,0,-0.950053632,0
39.71915436,-4.676204681,1,-3.758974314,1,-10.13453674,1,-0.88221848,1,-1.270344853,1,1.128756404,1,0.537085354,0,-0.215529025,0,-0.948543251,0
39.72315216,-5.287237644,1,-8.102797508,1,-8.116309166,1,-0.952187002,1,-1.254901648,1,0.977505565,1,0.533239543,0,-0.222050443,0,-0.947466254,0
39.72714996,-5.601037502,1,-10.3402729,1,-7.05544138,1,-1.036833286,1,-1.211027741,1,0.778312743,1,0.529105961,0,-0.228066757,0,-0.946921408,0
39.73114777,-5.951122284,1,-7.903582096,1,-6.71983099,1,-1.127947807,1,-1.215843916,1,0.632005155,1,0.524806857,0,-0.233718559,0,-0.946966529,0
39.7351532,-9.42713356,1,-4.417003155,1,-8.424440384,1,-1.239762545,1,-0.996021807,1,0.536735475,1,0.520089686,0,-0.238711238,0,-0.947160065,0
39.739151,-9.481308937,1,0.893183947,1,-9.22736454,1,-1.214190245,1,-0.738534451,1,0.566643476,1,0.515118003,0,-0.242847562,0,-0.94698292,0
39.7431488,-11.01884365,1,3.885421276,1,-10.14435863,1,-1.138574123,1,-0.434757471,1,0.586827219,1,0.510179758,0,-0.246024251,0,-0.946078598,0
39.74714661,-10.65082169,1,3.975982666,1,-10.88195705,1,-0.939482987,1,-0.190143615,1,0.596466959,1,0.50565201,0,-0.248260602,0,-0.944571733,0
39.75114822,-8.850924492,1,2.397358656,1,-10.00959873,1,-0.783921361,1,-0.062007081,1,0.544457018,1,0.501741648,0,-0.249764875,0,-0.942703962,0
39.75514221,-7.063042641,1,-0.963456333,1,-9.020163536,1,-0.634488761,1,-0.019868517,1,0.400081217,1,0.498504549,0,-0.250794172,0,-0.941052914,0
39.75914383,-4.747224808,1,-3.296833992,1,-8.609938622,1,-0.560226262,1,-0.090774775,1,0.286695361,1,0.495845854,0,-0.251624227,0,-0.939898849,0
39.76314163,-4.918049812,1,-3.960719109,1,-9.423456192,1,-0.498621315,1,-0.141859323,1,0.215346992,1,0.493573129,0,-0.252540439,0,-0.939233124,0
39.76713944,-4.954135418,1,-3.216014385,1,-9.673114777,1,-0.471442014,1,-0.115003712,1,0.230613515,1,0.491498649,0,-0.253398955,0,-0.938691258,0
39.77113724,-4.136908531,1,-2.92002368,1,-9.330631256,1,-0.459990114,1,-0.144847527,1,0.304403126,1,0.489445031,0,-0.254340172,0,-0.937959969,0
39.77513886,-3.992337465,1,-3.144947767,1,-9.017065048,1,-0.453216225,1,-0.177411556,1,0.33222276,1,0.487397522,0,-0.255513042,0,-0.937096536,0
39.77913284,-4.299351692,1,-3.702314377,1,-8.866387367,1,-0.435909569,1,-0.21531719,1,0.32584101,1,0.485419929,0,-0.25683707,0,-0.936285019,0
39.78313446,-4.982296467,1,-3.407859802,1,-8.962462425,1,-0.427184105,1,-0.227582127,1,0.305155635,1,0.483510226,0,-0.258205652,0,-0.93556124,0
39.78713226,-5.311552048,1,-2.376871586,1,-9.033493042,1,-0.394576222,1,-0.232888624,1,0.289976299,1,0.481699467,0,-0.259575695,0,-0.93491447,0
39.79113007,-5.739415646,1,-1.335526824,1,-9.084716797,1,-0.343844622,1,-0.234055459,1,0.278019011,1,0.480065227,0,-0.260937899,0,-0.934323192,0
39.79512787,-5.772833824,1,-0.527150929,1,-9.153837204,1,-0.269655883,1,-0.227257013,1,0.246134043,1,0.478699237,0,-0.262250185,0,-0.933793366,0
39.79912949,-5.370904446,1,-0.389717847,1,-8.924478531,1,-0.200328872,1,-0.231921569,1,0.228807241,1,0.477650166,0,-0.263498783,0,-0.93336159,0
39.80312347,-4.923313618,1,-1.019064188,1,-9.030753136,1,-0.137476906,1,-0.237740368,1,0.210827649,1,0.476881772,0,-0.264744788,0,-0.932996333,0
39.80712509,-4.586131096,1,-2.033415079,1,-9.048274994,1,-0.085787818,1,-0.253089368,1,0.196774334,1,0.476369947,0,-0.265976191,0,-0.932723582,0
39.81112289,-4.354866982,1,-2.566418171,1,-8.891368866,1,-0.064029142,1,-0.271111727,1,0.183723524,1,0.476028085,0,-0.267255455,0,-0.932525754,0
39.8151207,-4.358812809,1,-2.68038106,1,-8.909151077,1,-0.03991935,1,-0.299442917,1,0.188591808,1,0.475789309,0,-0.268604726,0,-0.932384789,0
39.81911469,-4.768021107,1,-2.305245399,1,-8.927906036,1,-0.020498671,1,-0.311314017,1,0.188174114,1,0.475642264,0,-0.270043224,0,-0.932285488,0
39.82312012,-4.783601284,1,-2.158124208,1,-8.919874191,1,0.001208082,1,-0.330517143,1,0.179128423,1,0.475593209,0,-0.271524817,0,-0.932224095,0
39.82711029,-4.657589436,1,-2.396394491,1,-8.839512825,1,0.019759344,1,-0.344733089,1,0.176984653,1,0.475640446,0,-0.273056239,0,-0.932212472,0
39.83111191,-4.735952377,1,-2.572689772,1,-8.793662071,1,0.026744783,1,-0.358603984,1,0.169921651,1,0.475739479,0,-0.274618804,0,-0.932235003,0
39.83510971,-5.078435898,1,-2.534337282,1,-8.663775444,1,0.034849368,1,-0.361855805,1,0.153802633,1,0.475886196,0,-0.276196539,0,-0.932315707,0
39.83910751,-5.436964035,1,-2.303005695,1,-8.44591713,1,0.044087246,1,-0.357874244,1,0.133327708,1,0.47609058,0,-0.277750611,0,-0.932468951,0
39.84310532,-5.38260603,1,-2.332052946,1,-8.442092896,1,0.05909317,1,-0.35338062,1,0.110504381,1,0.476363897,0,-0.279243946,0,-0.932697117,0
39.84710693,-5.157308578,1,-2.319970608,1,-8.448950768,1,0.07349588,1,-0.349308312,1,0.081465468,1,0.476715624,0,-0.280661047,0,-0.93301636,0
39.85110474,-5.034293175,1,-2.190821409,1,-8.535700798,1,0.08280693,1,-0.348268449,1,0.066181332,1,0.477136701,0,-0.282038361,0,-0.933413863,0
39.85510635,-4.918917656,1,-2.06492424,1,-8.494564056,1,0.105549067,1,-0.352777034,1,0.054386519,1,0.477646649,0,-0.283391118,0,-0.933866918,0
39.85911179,-5.123331547,1,-1.839074492,1,-8.560987473,1,0.132093057,1,-0.354439825,1,0.029963523,1,0.478260815,0,-0.284720719,0,-0.934393346,0
39.86310577,-4.881730556,1,-1.842962503,1,-8.514369965,1,0.163557649,1,-0.361605495,1,0.009175953,1,0.47902751,0,-0.28602612,0,-0.93500638,0
39.86710358,-5.040324688,1,-2.052468061,1,-8.659815788,1,0.197088718,1,-0.370050728,1,-0.009971811,1,0.479957402,0,-0.287319005,0,-0.935718596,0
39.87110138,-4.740741253,1,-2.206942797,1,-8.485202789,1,0.224083602,1,-0.383452415,1,-0.026207563,1,0.481022239,0,-0.288621902,0,-0.936511457,0
39.87509918,-4.720468521,1,-2.314589262,1,-8.4802742,1,0.244232148,1,-0.389459282,1,-0.026666416,1,0.48220706,0,-0.289936841,0,-0.937359452,0
39.87909699,-4.76251936,1,-2.524862051,1,-8.384794235,1,0.271585643,1,-0.386890978,1,-0.03027481,1,0.483492494,0,-0.291262448,0,-0.938214839,0
39.8830986,-4.762804985,1,-2.863222837,1,-8.339746475,1,0.274259895,1,-0.3948358,1,-0.023869546,1,0.484841585,0,-0.292598903,0,-0.939082265,0
39.88709641,-4.844377995,1,-3.170649767,1,-8.195025444,1,0.264398962,1,-0.401216328,1,-0.013749464,1,0.486165136,0,-0.293976903,0,-0.93992871,0
39.89109421,-4.943457127,1,-3.42487216,1,-8.05689621,1,0.248967141,1,-0.400225997,1,-0.002110191,1,0.48743245,0,-0.295377463,0,-0.940738857,0
39.89509583,-4.949780941,1,-3.616694689,1,-7.929017544,1,0.231361091,1,-0.394425809,1,0.019937346,1,0.488615662,0,-0.296800613,0,-0.941482246,0
39.89908981,-4.839738846,1,-3.83398819,1,-7.910144329,1,0.197350055,1,-0.391230047,1,0.040996306,1,0.489661098,0,-0.298241794,0,-0.942134917,0
39.90308762,-4.948017597,1,-3.880932093,1,-7.764983177,1,0.171539664,1,-0.381802648,1,0.064104572,1,0.490552306,0,-0.299705982,0,-0.942701459,0
39.90708923,-4.972690105,1,-3.861268759,1,-7.663376808,1,0.137907326,1,-0.361103505,1,0.083075255,1,0.491297185,0,-0.30115366,0,-0.943153262,0
39.91108704,-5.131581306,1,-3.600997686,1,-7.565556049,1,0.114882849,1,-0.346757382,1,0.096537821,1,0.491908908,0,-0.30258283,0,-0.943522453,0
39.91508484,-5.191892147,1,-3.274641991,1,-7.614331722,1,0.107890174,1,-0.325600058,1,0.105207309,1,0.492436677,0,-0.303957582,0,-0.943805397,0
39.91908646,-5.129446983,1,-3.150627375,1,-7.663107395,1,0.10338974,1,-0.303229541,1,0.109258935,1,0.492924094,0,-0.305265367,0,-0.94402802,0
39.92308044,-5.083046913,1,-2.955015182,1,-7.731838226,1,0.093664527,1,-0.291433334,1,0.111462064,1,0.493367434,0,-0.306514919,0,-0.944204509,0
39.92708206,-5.083958626,1,-2.75977087,1,-7.810894012,1,0.101889111,1,-0.276306808,1,0.10993892,1,0.493806183,0,-0.307722628,0,-0.944352269,0
39.93107987,-4.96887207,1,-2.551292896,1,-7.941797733,1,0.103456631,1,-0.269774288,1,0.112854019,1,0.494257629,0,-0.30890131,0,-0.944485843,0
39.93507767,-5.053003311,1,-2.566912889,1,-7.933795929,1,0.121765114,1,-0.279580295,1,0.108922869,1,0.494744807,0,-0.310077548,0,-0.944611192,0
39.93907547,-4.877353191,1,-2.545854092,1,-8.066687584,1,0.133465022,1,-0.270863473,1,0.093836367,1,0.495303392,0,-0.311230391,0,-0.944782734,0
39.94307709,-4.884990692,1,-2.47233963,1,-8.093365669,1,0.151925936,1,-0.282740593,1,0.090843961,1,0.360580981,0,-0.434796035,0,-0.874887228,0
39.94707108,-4.850625515,1,-2.601510763,1,-8.112308502,1,0.176894248,1,-0.285279691,1,0.088587083,1,0.361061454,0,-0.435912609,0,-0.900424123,0
39.95107269,-4.827439785,1,-2.790061474,1,-8.090668678,1,0.182155937,1,-0.296237499,1,0.094491512,1,0.361813843,0,-0.437135339,0,-0.900507212,0
39.9550705,-4.842400551,1,-2.827728987,1,-8.07297039,1,0.174840316,1,-0.294886589,1,0.092212923,1,0.362564266,0,-0.438369572,0,-0.90058428,0
39.9590683,-4.955640793,1,-2.733176231,1,-8.030959129,1,0.196207911,1,-0.301658005,1,0.097474597,1,0.363344967,0,-0.439612091,0,-0.900659382,0
39.9630661,-4.912922382,1,-2.661924601,1,-8.059159279,1,0.209572896,1,-0.297457337,1,0.103720054,1,0.364182949,0,-0.440869212,0,-0.900718987,0
39.96706772,-4.992251873,1,-2.704317808,1,-8.088274002,1,0.220038235,1,-0.304908335,1,0.106608637,1,0.3650648,0,-0.442149401,0,-0.900755882,0
39.97106552,-4.982298851,1,-2.598186016,1,-8.035829544,1,0.232590914,1,-0.309610099,1,0.110722393,1,0.365987629,0,-0.44344908,0,-0.900798798,0
39.97506714,-5.053702831,1,-2.666527987,1,-8.036997795,1,0.241451398,1,-0.310957491,1,0.110123903,1,0.366952747,0,-0.444774836,0,-0.900840759,0
39.97906876,-5.046321869,1,-2.696786165,1,-7.986739635,1,0.249755412,1,-0.31623587,1,0.110403135,1,0.367944598,0,-0.446104765,0,-0.900885224,0
39.98306656,-4.95852375,1,-2.887396097,1,-7.93805027,1,0.238696888,1,-0.320050448,1,0.111022711,1,0.368946284,0,-0.447456062,0,-0.900945842,0
39.98706436,-4.986985207,1,-2.804213524,1,-7.934568882,1,0.231248066,1,-0.329148084,1,0.107402086,1,0.369913042,0,-0.448824406,0,-0.901013136,0
39.99106598,-5.07767725,1,-2.424914837,1,-7.966775894,1,0.244203001,1,-0.329985619,1,0.106556185,1,0.370900959,0,-0.450205505,0,-0.901103854,0
39.99505997,-5.095900059,1,-2.482079268,1,-7.985659599,1,0.256970972,1,-0.334593266,1,0.095456533,1,0.371968627,0,-0.451596618,0,-0.901225328,0
39.99905777,-5.058115005,1,-2.468871355,1,-7.937560558,1,0.26894626,1,-0.339980662,1,0.089272551,1,0.37307775,0,-0.452988416,0,-0.901381552,0
40.00305939,-5.078014374,1,-2.508846521,1,-7.872441292,1,0.273916751,1,-0.342521697,1,0.077406347,1,0.374254763,0,-0.454384744,0,-0.901587844,0
40.00705719,-5.186056137,1,-2.485167503,1,-7.874623299,1,0.276563525,1,-0.351278931,1,0.070497736,1,0.375471115,0,-0.455784768,0,-0.901841581,0
40.01105499,-5.187437534,1,-2.483649969,1,-7.871617317,1,0.284191161,1,-0.349983364,1,0.058647342,1,0.37673229,0,-0.457179338,0,-0.902146697,0
40.01505661,-5.225502491,1,-2.485579014,1,-7.881614208,1,0.291709304,1,-0.357898325,1,0.050542984,1,0.378049105,0,-0.458576143,0,-0.902501345,0
40.0190506,-5.162688255,1,-2.584692717,1,-7.893557072,1,0.295681804,1,-0.361948222,1,0.042100016,1,0.379402459,0,-0.459976673,0,-0.902894318,0
40.0230484,-5.113801479,1,-2.58375001,1,-7.885221958,1,0.299425423,1,-0.365087777,1,0.037011195,1,0.380789816,0,-0.461389065,0,-0.903340876,0
40.02705002,-5.161406517,1,-2.689829111,1,-7.962340832,1,0.300405413,1,-0.364115834,1,0.033961385,1,0.382196486,0,-0.462794274,0,-0.903809667,0
40.03104782,-5.145832539,1,-2.788653851,1,-7.841094971,1,0.304784864,1,-0.373689443,1,0.032110155,1,0.383620739,0,-0.464204967,0,-0.904289842,0
40.03504562,-5.185691357,1,-3.005582809,1,-7.834377289,1,0.307537913,1,-0.371061385,1,0.037440032,1,0.385060251,0,-0.465636104,0,-0.904770017,0
40.03904724,-5.065747738,1,-3.07234025,1,-7.820187569,1,0.307418227,1,-0.378774464,1,0.043704405,1,0.386502206,0,-0.467093199,0,-0.905233622,0
40.04304123,-5.08308363,1,-3.193585634,1,-7.822095871,1,0.301230848,1,-0.38809976,1,0.056875944,1,0.387927115,0,-0.468592227,0,-0.905672848,0
40.04704285,-5.075739384,1,-3.238223791,1,-7.802309036,1,0.300279617,1,-0.393049657,1,0.059431504,1,0.389314413,0,-0.470127553,0,-0.90608871,0
40.05104065,-5.096847534,1,-3.250123024,1,-7.85620451,1,0.295326352,1,-0.405487001,1,0.076621361,1,0.390684068,0,-0.47170347,0,-0.906476378,0
40.05503845,-5.097251415,1,-3.201257467,1,-7.846685886,1,0.293461859,1,-0.409925431,1,0.094946697,1,0.392017841,0,-0.473336875,0,-0.906817198,0
40.05903626,-5.089354515,1,-3.312304258,1,-7.962507725,1,0.28442353,1,-0.4243927,1,0.10999997,1,0.393315554,0,-0.475041628,0,-0.907121956,0
40.06303787,-5.011214733,1,-3.131575823,1,-7.977742195,1,0.28822884,1,-0.441544801,1,0.120201379,1,0.394577682,0,-0.476810753,0,-0.907396317,0
40.06703186,-5.068178177,1,-2.985878468,1,-8.043960571,1,0.300357878,1,-0.461748838,1,0.130343392,1,0.395873725,0,-0.47867015,0,-0.907655716,0
40.07103348,-4.978487492,1,-3.21184063,1,-8.035492897,1,0.304643154,1,-0.478113294,1,0.14820379,1,0.397200406,0,-0.480622619,0,-0.907896221,0
40.07503128,-5.098121166,1,-3.465524912,1,-7.997481823,1,0.299944311,1,-0.504719436,1,0.166311085,1,0.398505986,0,-0.482682198,0,-0.908094525,0
40.07902908,-5.04521656,1,-3.59773922,1,-7.911316872,1,0.29970476,1,-0.518551409,1,0.191492647,1,0.399780929,0,-0.484851509,0,-0.908247709,0
40.08302689,-5.092176437,1,-3.670058966,1,-7.977980614,1,0.301639706,1,-0.540596724,1,0.214071229,1,0.40102908,0,-0.487122059,0,-0.908339024,0
40.0870285,-4.993279457,1,-3.62744689,1,-8.00856781,1,0.2988469,1,-0.561466694,1,0.235598266,1,0.40224728,0,-0.489505917,0,-0.908377647,0
40.09102631,-5.117661953,1,-3.551460743,1,-8.072284698,1,0.297110707,1,-0.587656975,1,0.25780049,1,0.403434545,0,-0.492015094,0,-0.908367991,0
40.09502792,-4.999716759,1,-3.415886164,1,-8.138932228,1,0.304077268,1,-0.619254947,1,0.284718037,1,0.404619277,0,-0.494654179,0,-0.908313513,0
40.09902954,-5.092358112,1,-3.626707077,1,-8.378272057,1,0.300102085,1,-0.647159934,1,0.306921601,1,0.40578109,0,-0.497441292,0,-0.908208549,0
40.10302734,-4.946781158,1,-3.799052,1,-8.153166771,1,0.25693211,1,-0.693224192,1,0.336013496,1,0.406820327,0,-0.500408709,0,-0.908071876,0
40.10702515,-5.110298634,1,-3.43733573,1,-8.051233292,1,0.248991147,1,-0.728323042,1,0.349522233,1,0.407765925,0,-0.503577173,0,-0.907935381,0
40.11102676,-5.109701157,1,-3.316275597,1,-7.87706995,1,0.266773462,1,-0.754713416,1,0.372681171,1,0.408718824,0,-0.506871641,0,-0.907766044,0
40.11502075,-5.143905163,1,-3.483631849,1,-7.933608055,1,0.260955036,1,-0.76834017,1,0.388617009,1,0.409673214,0,-0.510274053,0,-0.907546937,0
40.11901856,-5.052079201,1,-3.351688385,1,-7.983335018,1,0.252157956,1,-0.802907288,1,0.399553537,1,0.410593301,0,-0.513778508,0,-0.907330811,0
40.12302017,-5.139471054,1,-3.099366665,1,-7.951585293,1,0.236877352,1,-0.819994748,1,0.403143644,1,0.411473393,0,-0.517392814,0,-0.907126784,0
40.12701798,-5.439067841,1,-3.022874832,1,-7.998209953,1,0.229623884,1,-0.84658742,1,0.406137913,1,0.412328362,0,-0.5210976,0,-0.906961024,0
40.13101578,-5.400043964,1,-3.436502457,1,-7.983216763,1,0.217878282,1,-0.877183437,1,0.400724471,1,0.41318208,0,-0.524901032,0,-0.906852245,0
40.1350174,-5.190103054,1,-3.754476309,1,-7.91277504,1,0.173126131,1,-0.912299573,1,0.41580683,1,0.413932353,0,-0.528834105,0,-0.906779647,0
40.1390152,-5.218795776,1,-3.855160236,1,-8.136125565,1,0.15541774,1,-0.951044858,1,0.432492524,1,0.41455102,0,-0.53293407,0,-0.906713247,0
40.143013,-5.114256859,1,-3.828305721,1,-8.31223774,1,0.147960976,1,-0.983956635,1,0.457929045,1,0.415120155,0,-0.537189722,0,-0.906628191,0
40.1470108,-5.059050083,1,-3.983924866,1,-8.370288849,1,0.147188693,1,-1.040645838,1,0.484191239,1,0.415657938,0,-0.541651011,0,-0.90652746,0
40.15100861,-5.124715328,1,-4.111712456,1,-8.408930779,1,0.132308975,1,-1.09780395,1,0.510198534,1,0.416171253,0,-0.546357155,0,-0.906417847,0
40.15500641,-5.326938629,1,-3.932742119,1,-8.29846859,1,0.102940783,1,-1.165128469,1,0.541890025,1,0.416583955,0,-0.551358402,0,-0.906301975,0
40.15900803,-5.469705582,1,-3.921334028,1,-8.387133598,1,0.082646295,1,-1.225469589,1,0.564239204,1,0.41691339,0,-0.556631386,0,-0.906209528,0
40.16300583,-5.157225609,1,-3.472649097,1,-8.468485832,1,0.077220581,1,-1.282953262,1,0.584468901,1,0.417179942,0,-0.562139988,0,-0.90611577,0
40.16700363,-5.185307503,1,-3.213006496,1,-8.574759483,1,0.083154857,1,-1.344950795,1,0.595258057,1,0.417466909,0,-0.567899227,0,-0.906077743,0
40.17100525,-5.261250973,1,-3.044194937,1,-8.544708252,1,0.078507289,1,-1.407004595,1,0.604676187,1,0.417814553,0,-0.573907375,0,-0.90611589,0
40.17499924,-5.340446472,1,-3.079046488,1,-8.593297958,1,0.076385297,1,-1.468981385,1,0.609957933,1,0.418200254,0,-0.580145538,0,-0.906252027,0
40.17900085,-5.450789452,1,-2.886372328,1,-8.575266838,1,0.068126984,1,-1.538784146,1,0.615713835,1,0.41862762,0,-0.58664304,0,-0.90650332,0
40.18299866,-5.549402714,1,-3.13936758,1,-8.697378159,1,0.05826848,1,-1.604713082,1,0.630185723,1,0.41908285,0,-0.593405962,0,-0.90684396,0
40.18699646,-5.780246735,1,-3.280222893,1,-8.846067429,1,0.018596355,1,-1.66983974,1,0.645132184,1,0.41946876,0,-0.600433409,0,-0.907245517,0
40.19099426,-5.561411381,1,-3.223275423,1,-8.759552956,1,-0.012400337,1,-1.741325855,1,0.671598554,1,0.419727713,0,-0.607724667,0,-0.907688022,0
40.19499588,-5.178932667,1,-3.033491135,1,-8.644330978,1,-0.005461286,1,-1.839050412,1,0.690402269,1,0.421135694,0,-0.615113258,0,-0.932056069,0
40.19898605,-5.412343025,1,-2.979147673,1,-8.701839447,1,0.026314534,1,-1.929547071,1,0.718043089,1,0.42153877,0,-0.623144925,0,-0.932692885,0
40.20298767,-5.3548913,1,-3.301852465,1,-8.653664589,1,0.050773334,1,-2.017298698,1,0.744566619,1,0.422101974,0,-0.631546438,0,-0.933386862,0
40.20698547,-5.250220299,1,-3.557051182,1,-8.774548531,1,0.064730957,1,-2.12031579,1,0.788106561,1,0.422780037,0,-0.640341043,0,-0.934128046,0
40.21098328,-5.163560867,1,-3.598633766,1,-8.932591438,1,0.072797827,1,-2.22277689,1,0.83764118,1,0.423504353,0,-0.649585724,0,-0.934881806,0
40.21499252,-5.348488808,1,-4.088678837,1,-9.205742836,1,0.063888267,1,-2.342217684,1,0.888917327,1,0.424247891,0,-0.659345448,0,-0.935652792,0
40.21899414,-5.034638405,1,-4.00516367,1,-9.22522068,1,0.038080323,1,-2.463022947,1,0.953651309,1,0.424922675,0,-0.669594049,0,-0.936421633,0
40.22298813,-4.911152363,1,-3.970445395,1,-9.426217079,1,0.040639438,1,-2.617330313,1,1.006090641,1,0.425573885,0,-0.68047297,0,-0.93721652,0
40.22698212,-5.079066753,1,-4.122940063,1,-9.704516411,1,0.051525056,1,-2.769512892,1,1.078514338,1,0.426291406,0,-0.691994667,0,-0.938064456,0
40.23098755,-5.051950455,1,-4.65000248,1,-10.01151371,1,0.050832041,1,-2.933684111,1,1.151248574,1,0.427060664,0,-0.704214573,0,-0.938935161,0
40.23498154,-5.232425213,1,-5.133599758,1,-10.15472317,1,0.041503534,1,-3.109317541,1,1.251680851,1,0.427806377,0,-0.71720463,0,-0.939781606,0
40.23897934,-4.996109962,1,-5.624414444,1,-10.39903927,1,0.024033539,1,-3.302021742,1,1.35925591,1,0.428447604,0,-0.731031358,0,-0.940545321,0
40.24298477,-4.693024158,1,-6.069379807,1,-10.61039639,1,0.020211086,1,-3.518981695,1,1.479277968,1,0.429007828,0,-0.745800376,0,-0.941244006,0
40.24697495,-4.858086109,1,-6.399569035,1,-10.92523766,1,0.017003672,1,-3.744949579,1,1.627891183,1,0.429449469,0,-0.761596322,0,-0.941797733,0
40.25097656,-4.544332981,1,-6.646831989,1,-11.25832272,1,0.022969812,1,-3.993015528,1,1.769078732,1,0.429777533,0,-0.778488874,0,-0.942168236,0
40.25497437,-4.493950367,1,-6.947579861,1,-11.56903744,1,0.021322023,1,-4.272214413,1,1.931232691,1,0.430038422,0,-0.796579599,0,-0.942400634,0
40.25897217,-4.134684563,1,-7.015563965,1,-11.62130642,1,0.017579012,1,-4.577366829,1,2.108339071,1,0.430154264,0,-0.81603241,0,-0.942461312,0
40.26296997,-3.817457199,1,-7.581068516,1,-11.72565651,1,0.005870399,1,-4.90114069,1,2.288162231,1,0.430097759,0,-0.836916387,0,-0.9423244,0
40.26697159,-3.886141539,1,-8.043041229,1,-11.83925915,1,0.01041257,1,-5.226580143,1,2.445498228,1,0.429959595,0,-0.85927856,0,-0.942097306,0
40.27096939,-4.426125526,1,-7.958281517,1,-11.5698185,1,0.009321413,1,-5.53172636,1,2.627159834,1,0.429706603,0,-0.883066654,0,-0.941723645,0
40.27496719,-6.144145489,1,-9.064185143,1,-11.56658745,1,-0.033018839,1,-5.811200142,1,2.835935593,1,0.429067492,0,-0.908271253,0,-0.940956533,0
40.278965,-7.256207943,1,-9.484129906,1,-11.61157703,1,-0.073359065,1,-6.008328915,1,3.017917633,1,0.42776221,0,-0.934624255,0,-0.93958962,0
40.2829628,-6.820987225,1,-9.689448357,1,-11.91295338,1,-0.103901647,1,-6.193496704,1,3.202180386,1,0.425649196,0,-0.961999655,0,-0.937458158,0
40.2869606,-9.074176788,1,-8.124625206,1,-13.44319725,1,-0.060814757,1,-6.34812355,1,3.335344791,1,0.422950625,0,-0.990281343,0,-0.934612036,0
40.29096222,-10.21935844,1,-5.926131248,1,-12.903615,1,0.037890516,1,-6.440398216,1,3.475246429,1,0.419818223,0,-1.019170284,0,-0.930968225,0
40.29496002,-9.715538025,1,-5.483114719,1,-12.83485508,1,0.119088724,1,-6.565224648,1,3.630166292,1,0.415982604,0,-1.048711181,0,-0.926157534,0
40.29895783,-12.18759346,1,-4.505645752,1,-12.55376339,1,0.263369203,1,-6.719712257,1,3.726998568,1,0.41169861,0,-1.079003692,0,-0.92040962,0
40.30295944,-13.91773987,1,-4.678156853,1,-13.55174541,1,0.467326164,1,-6.771070957,1,3.818928957,1,0.407156289,0,-1.109747767,0,-0.913615942,0
40.30695725,-17.73240471,1,-6.364783764,1,-15.16830826,1,0.608505249,1,-6.624804497,1,3.855840921,1,0.401958376,0,-1.140470743,0,-0.905436158,0
40.31095505,-17.89393616,1,-6.86082077,1,-15.66086674,1,0.61579448,1,-6.432085991,1,3.940310001,1,0.394724607,0,-1.170609951,0,-0.894849062,0
40.31495285,-15.4267683,1,-8.069706917,1,-13.62847519,1,0.719627619,1,-6.312166691,1,3.93170023,1,0.385354161,0,-1.200006247,0,-0.881865323,0
40.31895065,-17.8343792,1,-10.01465416,1,-14.28802967,1,0.686812103,1,-6.2497859,1,3.998547792,1,0.373555303,0,-1.229331374,0,-0.866277456,0
40.32294846,-19.11998367,1,-10.11608028,1,-13.69913483,1,0.582494736,1,-5.982123375,1,4.083312035,1,0.357564956,0,-1.257936001,0,-0.846659243,0
40.32695007,-16.68973923,1,-10.82381725,1,-11.87717533,1,0.369918793,1,-5.868488312,1,4.229170322,1,0.334778726,0,-1.285819888,0,-0.820815325,0
40.33094788,-17.8306942,1,-10.66695023,1,-11.65180206,1,0.095698088,1,-5.765798092,1,4.336969852,1,0.303298026,0,-1.313319445,0,-0.787207007,0
40.33494568,-18.4076767,1,-10.42729473,1,-10.72970295,1,-0.094835326,1,-5.539947987,1,4.387598515,1,0.261626393,0,-1.339936852,0,-0.744259059,0
40.33895111,-17.90645409,1,-9.725139618,1,-9.088636398,1,-0.334163815,1,-5.3137393,1,4.499595642,1,0.205210879,0,-1.365162134,0,-0.687359631,0
40.34295273,-19.30136871,1,-8.105168343,1,-10.30655861,1,-0.496270955,1,-5.016615391,1,4.378716469,1,0.131618395,0,-1.388591647,0,-0.614121854,0
40.34695435,-16.32499504,1,-6.596741676,1,-8.375855446,1,-0.501265705,1,-4.621908188,1,4.258220196,1,0.040251248,0,-1.40929842,0,-0.523415148,0
40.35095215,-10.82810211,1,-4.70136404,1,-7.806913376,1,-0.533105195,1,-4.234975338,1,4.142157078,1,-0.073164999,0,-1.426764727,0,-0.410767257,0
40.35494995,-5.194867611,1,-4.052697659,1,-8.633999825,1,-0.447390854,1,-3.837714672,1,3.915556669,1,-0.207279563,0,-1.440536857,0,-0.277402699,0
40.35894775,-3.405780077,1,-4.651308537,1,-7.834245205,1,-0.355530262,1,-3.470329523,1,3.7811203,1,-0.358004123,0,-1.450241566,0,-0.127097964,0
40.36294937,-6.885795593,1,-2.381702423,1,-9.846990585,1,-0.28629154,1,-3.29660821,1,3.689170122,1,-0.523585737,0,-1.456186652,0,0.038294841,0
40.36694717,-8.41256237,1,-0.799490571,1,-10.05003643,1,0.074401483,1,-3.054620743,1,3.454067707,1,-0.690028906,0,-1.458385825,0,0.205357909,0
40.37094498,-17.21376038,1,-0.429229379,1,-11.29225445,1,0.482155055,1,-2.831079245,1,3.107984781,1,-0.845610559,0,-1.457790613,0,0.363025129,0
40.37494659,-28.06192589,1,0.23526606,1,-14.28271866,1,0.999763548,1,-2.237342358,1,2.679058075,1,-0.975304246,0,-1.454920292,0,0.496555477,0
40.37894058,-21.16298294,1,-2.470487118,1,-15.89540672,1,1.325375795,1,-1.325817227,1,2.173504591,1,-1.064427376,0,-1.450367928,0,0.591040909,0
40.3829422,-11.27687359,1,-4.688176632,1,-14.2670002,1,1.542610168,1,-0.607688963,1,1.709499836,1,-1.115089417,0,-1.445266962,0,0.647886336,0
40.38694,-5.011394501,1,-5.58250761,1,-11.67532921,1,1.737163305,1,-0.198994905,1,1.331051111,1,-1.13943553,0,-1.440440059,0,0.679029346,0
40.39093781,-5.233505249,1,-6.437714577,1,-10.66086769,1,1.879650235,1,0.059207894,1,1.043917775,1,-1.148818374,0,-1.436249495,0,0.695852995,0
40.39493561,-6.545919895,1,-7.160718441,1,-10.62854862,1,1.842009425,1,0.339090556,1,0.795793355,1,-1.147097588,0,-1.432578325,0,0.701661527,0
40.39893723,-5.207517147,1,-7.489945889,1,-10.50444221,1,1.712188363,1,0.655194998,1,0.54229939,1,-1.134954929,0,-1.429317832,0,0.696590304,0
40.40293503,-2.52695775,1,-7.276946545,1,-9.323513031,1,1.570823073,1,0.894881845,1,0.314701438,1,-1.113930702,0,-1.426435351,0,0.681967735,0
40.40693283,-0.392085433,1,-6.637118816,1,-8.079223633,1,1.473197937,1,1.03988409,1,0.127820477,1,-1.08688724,0,-1.423903942,0,0.660777688,0
40.41093445,0.732955396,1,-5.895791054,1,-7.42651844,1,1.374618649,1,1.139246464,1,-0.040079009,1,-1.056097865,0,-1.421671629,0,0.63540262,0
40.41492844,1.716370106,1,-5.220799923,1,-7.111069679,1,1.276174545,1,1.236741424,1,-0.196170226,1,-1.022132516,0,-1.419673443,0,0.606415153,0
40.41893005,2.578796625,1,-4.362080097,1,-6.900742054,1,1.202392578,1,1.316874981,1,-0.33886081,1,-0.985199213,0,-1.417815566,0,0.574057162,0
40.42292786,3.202306032,1,-3.495806694,1,-6.666755676,1,1.16603744,1,1.372086048,1,-0.476164848,1,-0.945852995,0,-1.416098237,0,0.539022088,0
40.42692566,3.39749217,1,-2.839940071,1,-6.642555237,1,1.147583842,1,1.421833754,1,-0.59702915,1,-0.904528141,0,-1.414452791,0,0.501883388,0
40.43092346,3.578600883,1,-2.352312565,1,-6.666164875,1,1.149548173,1,1.469406843,1,-0.707168818,1,-0.861321688,0,-1.412802696,0,0.462784469,0
40.43492508,3.71998477,1,-1.974598408,1,-6.726941109,1,1.172445059,1,1.537580132,1,-0.800602019,1,-0.81612885,0,-1.41102612,0,0.421718031,0
40.43892288,3.555306435,1,-1.754020214,1,-6.836318493,1,1.201595545,1,1.62049818,1,-0.882837057,1,-0.769030571,0,-1.408997416,0,0.378805578,0
40.44292069,3.258717299,1,-1.639051914,1,-6.940858364,1,1.224606991,1,1.720392942,1,-0.953500271,1,-0.720160365,0,-1.406570435,0,0.334206402,0
40.4469223,2.992517948,1,-1.598507047,1,-7.085837841,1,1.243537068,1,1.839527607,1,-1.000906587,1,-0.675872087,0,-1.403662205,0,0.265571862,0
40.45091629,2.719162941,1,-1.514221311,1,-7.304543018,1,1.245419383,1,1.972746611,1,-1.037180901,1,-0.624791622,0,-1.400069118,0,0.2187967,0
40.45491791,2.479737997,1,-1.392812967,1,-7.47809267,1,1.244843483,1,2.119578123,1,-1.06300652,1,-0.573465466,0,-1.395678997,0,0.171760857,0
40.45892334,2.295783281,1,-1.163724661,1,-7.638010979,1,1.251855373,1,2.278052807,1,-1.071597934,1,-0.522653699,0,-1.390400529,0,0.125204921,0
40.46292496,2.106320858,1,-0.885257542,1,-7.890710354,1,1.27084434,1,2.43973875,1,-1.069365621,1,-0.473040521,0,-1.38415885,0,0.079877995,0
40.46692276,1.738218188,1,-0.63023454,1,-8.112015724,1,1.306481719,1,2.616233826,1,-1.056674004,1,-0.425208747,0,-1.376905084,0,0.036413394,0
40.47092438,1.401945829,1,-0.331019819,1,-8.287570953,1,1.354751945,1,2.799004078,1,-1.037768602,1,-0.379509568,0,-1.368577957,0,-0.004773518,0
40.47492218,1.124325752,1,-0.184637547,1,-8.46393013,1,1.411102414,1,2.994544029,1,-1.005542994,1,-0.336392701,0,-1.35914731,0,-0.043184038,0
40.47891998,0.845208824,1,0.074682668,1,-8.565638542,1,1.477015018,1,3.185854673,1,-0.957987487,1,-0.296221852,0,-1.348623157,0,-0.078399859,0
40.4829216,0.580371916,1,0.251979798,1,-8.62391758,1,1.555650234,1,3.378314257,1,-0.909669995,1,-0.259140611,0,-1.337014318,0,-0.110241413,0
40.48691559,0.356949329,1,0.298658401,1,-8.641060829,1,1.625629425,1,3.567327261,1,-0.835079551,1,-0.225326404,0,-1.324371576,0,-0.138498291,0
40.49091339,0.055077132,1,0.26795426,1,-8.643220901,1,1.699374914,1,3.763012648,1,-0.754840732,1,-0.194823265,0,-1.310696363,0,-0.16313912,0
40.49491501,-0.301710725,1,0.273811877,1,-8.619981766,1,1.762308598,1,3.959196329,1,-0.676208079,1,-0.167415828,0,-1.296015024,0,-0.184370443,0
40.49891281,-0.633835733,1,0.140533537,1,-8.643652916,1,1.820180774,1,4.157043457,1,-0.599490583,1,-0.142914906,0,-1.280368447,0,-0.202412367,0
40.50291061,-0.810244441,1,0.123926766,1,-8.725910187,1,1.88583982,1,4.334803581,1,-0.532965004,1,-0.120948836,0,-1.263832092,0,-0.217641875,0
40.50691223,-1.131936908,1,0.126488581,1,-8.757940292,1,1.946936727,1,4.499979973,1,-0.472024709,1,-0.101196028,0,-1.246486664,0,-0.230364189,0
40.51091003,-1.555786252,1,0.051070865,1,-8.912181854,1,2.023071051,1,4.668284893,1,-0.428571194,1,-0.083221935,0,-1.228395343,0,-0.240981936,0
40.51490784,-1.702646375,1,-0.096282408,1,-8.919470787,1,2.099163294,1,4.818692684,1,-0.394522607,1,-0.066640988,0,-1.209604263,0,-0.249870673,0
40.51890945,-2.05637455,1,-0.136639535,1,-9.023820877,1,2.17199707,1,4.948669434,1,-0.388758212,1,-0.051137157,0,-1.190192223,0,-0.257339984,0
40.52290344,-2.372138023,1,-0.280346394,1,-9.116790771,1,2.24786973,1,5.072188377,1,-0.401436418,1,-0.036350854,0,-1.170242786,0,-0.263765633,0
40.52690506,-2.767635107,1,-0.292654127,1,-9.22719574,1,2.33141613,1,5.182149887,1,-0.430403233,1,-0.022023028,0,-1.149781346,0,-0.269409657,0
40.53090286,-3.247471809,1,-0.27194944,1,-9.227313042,1,2.429681301,1,5.293199539,1,-0.486743122,1,-0.007841489,0,-1.128855705,0,-0.274537802,0
40.53490067,-3.667954445,1,-0.417454213,1,-9.350278854,1,2.525608778,1,5.396787167,1,-0.553146422,1,0.006362292,0,-1.107464075,0,-0.279310405,0
40.53889847,-4.103044987,1,-0.469618469,1,-9.327065468,1,2.629454136,1,5.491230011,1,-0.632941425,1,0.020720115,0,-1.085644364,0,-0.283849895,0
40.54290009,-4.504496098,1,-0.532995105,1,-9.340451241,1,2.740862131,1,5.584962368,1,-0.72440505,1,0.035329591,0,-1.063419461,0,-0.288249552,0
40.54689789,-4.716897964,1,-0.63786602,1,-9.358494759,1,2.846757889,1,5.662246704,1,-0.825677514,1,0.05024498,0,-1.040817022,0,-0.292562604,0
40.55089569,-4.884477139,1,-0.677628458,1,-9.273700714,1,2.955340862,1,5.70779705,1,-0.922559321,1,0.065469071,0,-1.017915845,0,-0.296792746,0
40.55489731,-5.004545689,1,-0.882449687,1,-9.224964142,1,3.053510904,1,5.747033596,1,-1.02631247,1,0.080991149,0,-0.994767129,0,-0.300935268,0
40.55889511,-5.080305099,1,-1.078591704,1,-9.222646713,1,3.142808676,1,5.771141052,1,-1.119472504,1,0.096735619,0,-0.971444726,0,-0.30496195,0
40.56289291,-5.263745308,1,-1.23722887,1,-9.23992157,1,3.216642857,1,5.775654793,1,-1.202896595,1,0.112604633,0,-0.94798857,0,-0.308805972,0
40.56689453,-5.3939538,1,-1.338923573,1,-9.258831978,1,3.290437937,1,5.77215147,1,-1.273583293,1,0.128522128,0,-0.92446512,0,-0.31240797,0
40.57088852,-5.574886322,1,-1.461517453,1,-9.382740021,1,3.3595469,1,5.759506226,1,-1.346085906,1,0.144483939,0,-0.900897145,0,-0.315779895,0
40.57488632,-5.596991062,1,-1.406139255,1,-9.525686264,1,3.420645714,1,5.734724045,1,-1.398590088,1,0.160435706,0,-0.877325177,0,-0.318864465,0
40.57889557,-5.871997833,1,-1.426601887,1,-9.688785553,1,3.483432531,1,5.704692841,1,-1.452565312,1,0.176348463,0,-0.853823006,0,-0.321632206,0
40.58289719,-6.072882652,1,-1.423528671,1,-9.913583755,1,3.545675993,1,5.661441803,1,-1.491937399,1,0.192209423,0,-0.830400944,0,-0.324065089,0
40.58689499,-6.394168377,1,-1.430865526,1,-10.1539669,1,3.622243166,1,5.621515751,1,-1.532054305,1,0.208086625,0,-0.807085097,0,-0.3261742,0
40.59089661,-6.659409046,1,-1.417851329,1,-10.4595108,1,3.705085993,1,5.563203335,1,-1.577808738,1,0.224036932,0,-0.783897519,0,-0.327993602,0
40.59489441,-7.048583031,1,-1.445799708,1,-10.8183012,1,3.790849686,1,5.503716946,1,-1.63635385,1,0.240155801,0,-0.760879755,0,-0.329603791,0
40.59889221,-7.277798176,1,-1.476120234,1,-11.35560513,1,3.876637459,1,5.414584637,1,-1.707229733,1,0.256519496,0,-0.73807013,0,-0.331111491,0
40.60289383,-7.713468552,1,-1.374604821,1,-11.87110424,1,3.967882156,1,5.322849751,1,-1.785377145,1,0.273202032,0,-0.715506434,0,-0.332609653,0
40.60688782,-8.247274399,1,-1.213676929,1,-12.47420025,1,4.070028782,1,5.236693859,1,-1.896070004,1,0.290308148,0,-0.693167686,0,-0.334194481,0
40.61088944,-8.89511776,1,-0.989462435,1,-13.0171833,1,4.173778534,1,5.149279118,1,-2.021537781,1,0.307896674,0,-0.671013713,0,-0.335949481,0
40.61488724,-9.554909706,1,-0.534162521,1,-13.64861298,1,4.282688618,1,5.05941391,1,-2.16962409,1,0.326056302,0,-0.649005115,0,-0.337973595,0
40.61888504,-10.39889336,1,-0.230304748,1,-14.28345013,1,4.385537624,1,4.977757454,1,-2.328653574,1,0.344799191,0,-0.627086639,0,-0.34033072,0
40.62288284,-11.45097065,1,-0.093774773,1,-14.90015507,1,4.467693806,1,4.906527042,1,-2.494882822,1,0.36406213,0,-0.605205119,0,-0.343007624,0
40.62688446,-12.58074951,1,0.165556386,1,-15.41181087,1,4.513151646,1,4.850392342,1,-2.664750338,1,0.383708477,0,-0.58327657,0,-0.345993906,0
40.63088226,-13.82928848,1,0.389822394,1,-15.78101444,1,4.525213242,1,4.807611465,1,-2.822021484,1,0.403559506,0,-0.561235607,0,-0.349242598,0
40.63488007,-14.91982174,1,0.637593329,1,-16.14205933,1,4.504750729,1,4.77156496,1,-2.98697114,1,0.423432589,0,-0.539021194,0,-0.352701575,0
40.63888168,-15.87354469,1,1.098750949,1,-16.62803078,1,4.443993568,1,4.739313126,1,-3.13766408,1,0.443164527,0,-0.516616166,0,-0.356335491,0
40.64287949,-16.83752823,1,1.825286627,1,-17.19232178,1,4.353454113,1,4.681640148,1,-3.276812077,1,0.462591857,0,-0.494059771,0,-0.360105187,0
40.64687729,-17.96523094,1,3.547239065,1,-17.81624985,1,4.248324871,1,4.605071545,1,-3.401269436,1,0.48161608,0,-0.471434206,0,-0.363999456,0
40.65087891,-19.25433731,1,6.019139767,1,-18.35221863,1,4.158517838,1,4.513307571,1,-3.494294405,1,0.500201643,0,-0.448850334,0,-0.367991477,0
40.65487289,-21.0676384,1,9.066102982,1,-18.31797409,1,4.131070137,1,4.445982456,1,-3.544795275,1,0.518426061,0,-0.426354617,0,-0.371935755,0
40.65887451,-23.35219002,1,11.62053299,1,-17.55251503,1,4.1645751,1,4.428196907,1,-3.52435565,1,0.536457837,0,-0.403911501,0,-0.375552684,0
40.66287231,-25.23430634,1,13.66466618,1,-16.25663757,1,4.238395214,1,4.473701954,1,-3.426739454,1,0.554371297,0,-0.381479234,0,-0.378451884,0
40.66687012,-27.39406013,1,13.74704742,1,-14.8057127,1,4.279624939,1,4.55392313,1,-3.248960257,1,0.572073758,0,-0.359095693,0,-0.380245,0
40.67086792,-29.32794189,1,11.64692116,1,-13.08902645,1,4.207945347,1,4.695964813,1,-3.000906229,1,0.589215338,0,-0.336770117,0,-0.380580485,0
40.67486954,-30.05849648,1,8.732019424,1,-11.18375206,1,3.924841166,1,4.809865475,1,-2.684916496,1,0.605112135,0,-0.314630747,0,-0.379227638,0
40.67886734,-30.08870506,1,5.935152531,1,-9.273364067,1,3.443413258,1,4.839474678,1,-2.321277618,1,0.618972898,0,-0.293066442,0,-0.376175225,0
40.68286514,-29.66246033,1,4.911962986,1,-7.287481308,1,2.859948397,1,4.781279564,1,-1.980113745,1,0.630329311,0,-0.272408396,0,-0.371696204,0
40.68686676,-28.54663849,1,7.014941692,1,-5.526789665,1,2.311965704,1,4.602989197,1,-1.709867954,1,0.63923651,0,-0.252908945,0,-0.366284162,0
40.69086075,-27.72963524,1,10.02256584,1,-3.273095608,1,1.911217093,1,4.324736595,1,-1.506563544,1,0.646257997,0,-0.234748602,0,-0.360532105,0
40.69486237,-27.79259491,1,13.06329727,1,-0.933381915,1,1.682428002,1,3.980669498,1,-1.347854614,1,0.644193888,0,-0.215019047,0,-0.38973546,0
40.6988678,-27.93073082,1,15.83309174,1,1.470388293,1,1.644219875,1,3.577081442,1,-1.208408475,1,0.649745047,0,-0.1998671,0,-0.384589195,0
40.70286942,-28.01729584,1,18.38581848,1,3.448652506,1,1.75870645,1,3.117586613,1,-1.061208487,1,0.655626297,0,-0.186448216,0,-0.379974306,0
40.70686722,-27.58563805,1,20.6450386,1,4.871729374,1,1.987621307,1,2.612570047,1,-0.904586673,1,0.662378788,0,-0.174961492,0,-0.376001894,0
40.71086884,-26.67284393,1,22.28718185,1,5.751516342,1,2.281259298,1,2.080518723,1,-0.729315519,1,0.670353651,0,-0.165553257,0,-0.372717559,0
40.71486664,-25.20798874,1,22.83690071,1,6.122062206,1,2.557305098,1,1.534364343,1,-0.543693483,1,0.67963922,0,-0.158319682,0,-0.370153904,0
40.71886444,-24.30254745,1,22.03729439,1,5.985191345,1,2.731220722,1,1.00729382,1,-0.370364487,1,0.689973176,0,-0.153242752,0,-0.368335873,0
40.72286606,-22.5351963,1,17.38856316,1,3.390011072,1,2.629183769,1,0.489395499,1,-0.208414301,1,0.700672567,0,-0.150184542,0,-0.367288202,0
40.72686005,-16.08607483,1,-5.137601376,1,3.925679922,1,0.596612155,1,-0.262525022,1,0.201274693,1,0.707535565,0,-0.149564311,0,-0.367098808,0
40.73086166,-32.57373428,1,-6.921464443,1,8.151342392,1,-1.60766077,1,-1.303242922,1,1.014720321,1,0.70529753,0,-0.153673574,0,-0.36726734,0
40.73485947,-32.03966141,1,-0.477854341,1,11.19669151,1,-3.273616552,1,-1.803440213,1,1.603548408,1,0.6954633,0,-0.161870316,0,-0.367290914,0
40.73885727,-21.70373917,1,15.23198414,1,9.80341053,1,-3.575838804,1,-2.181377411,1,2.3431077,1,0.680987835,0,-0.173027381,0,-0.36627087,0
40.74285507,-2.154514313,1,23.21656227,1,2.544802427,1,-2.832936049,1,-2.192908764,1,2.985156059,1,0.667894125,0,-0.186652169,0,-0.363337964,0
40.74685669,-8.028680801,1,16.22240829,1,-6.472484589,1,-2.832739353,1,-2.253410578,1,3.253760099,1,0.655668676,0,-0.201406956,0,-0.358802587,0
40.75085449,-18.53554344,1,7.509178638,1,-17.23250198,1,-2.387340784,1,-1.94976306,1,3.158679962,1,0.644063711,0,-0.215998217,0,-0.353582919,0
40.7548523,-12.96946335,1,-9.504411697,1,-23.17271614,1,-2.171241045,1,-1.348254085,1,2.96323061,1,0.633737504,0,-0.228598148,0,-0.347524166,0
40.75885391,-1.226282716,1,-23.96136093,1,-24.87236595,1,-2.247345209,1,-0.894370198,1,3.014312267,1,0.623396277,0,-0.23912026,0,-0.340269804,0
40.7628479,0.276287585,1,-32.7738266,1,-21.54903221,1,-2.821063995,1,-0.680956125,1,2.977189302,1,0.6111992,0,-0.248611346,0,-0.332050413,0
40.76684952,0.090082675,1,-32.42364502,1,-15.2387228,1,-3.251122713,1,-0.765802085,1,2.960276365,1,0.596866727,0,-0.257684588,0,-0.32364285,0
40.77084732,1.779965758,1,-25.5361824,1,-9.568213463,1,-3.707732201,1,-0.944342136,1,2.791120529,1,0.580789387,0,-0.266894221,0,-0.315548867,0
40.77484512,2.247358084,1,-15.78953743,1,-5.638307095,1,-3.808839321,1,-1.608335972,1,2.518718719,1,0.564082742,0,-0.276852548,0,-0.309146881,0
40.77884293,1.386149883,1,-7.610133648,1,-3.825799942,1,-3.832547426,1,-2.354039907,1,2.186529398,1,0.547624111,0,-0.28859669,0,-0.305173576,0
40.78284454,-3.512802839,1,-3.150612593,1,-5.49212122,1,-3.763794899,1,-3.087482691,1,1.907895446,1,0.532044291,0,-0.30216527,0,-0.303686142,0
40.78684235,-10.38226318,1,2.682101965,1,-8.30715847,1,-3.577172995,1,-3.379511595,1,1.57606256,1,0.517462015,0,-0.316969514,0,-0.304235995,0
40.79084015,-19.24399757,1,7.588037491,1,-12.806777,1,-3.289121389,1,-3.27479744,1,1.177210927,1,0.504299998,0,-0.331363112,0,-0.306079,0
40.79484177,-27.27511024,1,12.6194191,1,-17.74773598,1,-2.871862173,1,-2.700254917,1,0.902693093,1,0.492685139,0,-0.343932688,0,-0.308334678,0
40.79883957,-29.06575966,1,15.41080666,1,-20.14146996,1,-2.449306011,1,-1.925550461,1,0.737177014,1,0.482568234,0,-0.353660464,0,-0.309912622,0
40.80283737,-21.87589455,1,18.42748833,1,-19.71143723,1,-1.964310169,1,-1.156014085,1,0.764915586,1,0.473781556,0,-0.360426724,0,-0.310102284,0
40.80683899,-14.94927406,1,18.45982933,1,-17.98786736,1,-1.4180547,1,-0.745892763,1,0.870016992,1,0.466528833,0,-0.365206122,0,-0.308767617,0
40.81083298,-8.993702888,1,13.05355263,1,-15.25377369,1,-0.982631862,1,-0.642196774,1,0.901413321,1,0.46098429,0,-0.369272411,0,-0.306670785,0
40.8148346,-2.967284441,1,5.899562359,1,-12.2901268,1,-0.664819896,1,-0.700425446,1,0.906838179,1,0.456927747,0,-0.373232245,0,-0.304435492,0
40.81884003,-0.932668269,1,-0.989278376,1,-10.04571247,1,-0.542421281,1,-0.884386778,1,0.84879297,1,0.453846991,0,-0.377628028,0,-0.302527368,0
40.82284164,-2.005088568,1,-6.755221844,1,-8.826479912,1,-0.541108131,1,-1.011093259,1,0.737145305,1,0.45122546,0,-0.382454693,0,-0.301233381,0
40.82683945,-3.813988209,1,-9.072770119,1,-7.647891998,1,-0.618279874,1,-1.048152208,1,0.615715683,1,0.448671788,0,-0.387365818,0,-0.300565571,0
40.83084106,-5.471000195,1,-8.572873116,1,-6.826360226,1,-0.734523833,1,-0.980655909,1,0.50174576,1,0.44586587,0,-0.391990453,0,-0.300303131,0
40.83483887,-7.380615234,1,-5.506922245,1,-7.231241703,1,-0.82594192,1,-0.899411857,1,0.448914826,1,0.442694247,0,-0.396217585,0,-0.300191998,0
40.83883667,-9.824792862,1,-2.162671804,1,-7.108262539,1,-0.842398107,1,-0.658789873,1,0.4061279,1,0.439287305,0,-0.39985168,0,-0.300019115,0
40.84283829,-7.982475281,1,0.714880884,1,-8.113377571,1,-0.810052693,1,-0.466601074,1,0.443594873,1,0.435666353,0,-0.402457297,0,-0.299354792,0
40.84683609,-8.801896095,1,1.269764423,1,-8.652569771,1,-0.749855042,1,-0.299559116,1,0.47098726,1,0.432076544,0,-0.404636383,0,-0.298227787,0
40.85083389,-7.913106441,1,1.242325664,1,-8.680965424,1,-0.634640574,1,-0.14361988,1,0.470221937,1,0.428758442,0,-0.406237036,0,-0.29677707,0
40.85483551,-6.558855057,1,0.126217142,1,-8.787089348,1,-0.561649859,1,-0.050576147,1,0.436172813,1,0.425718009,0,-0.407315433,0,-0.295139283,0
40.8588295,-6.615340233,1,-1.669448137,1,-9.195953369,1,-0.502311409,1,-0.006415225,1,0.360061526,1,0.42298609,0,-0.408074945,0,-0.29359901,0
40.86283112,-6.329032898,1,-2.966719151,1,-8.977642059,1,-0.442474067,1,0.04425643,1,0.275660157,1,0.420609385,0,-0.408554375,0,-0.292317629,0
40.86682892,-4.594702244,1,-3.116702557,1,-8.822458267,1,-0.394379914,1,0.022896405,1,0.223470017,1,0.418500066,0,-0.408785611,0,-0.291254491,0
40.87082672,-4.773912907,1,-3.166885614,1,-8.870726585,1,-0.375739545,1,-0.002462174,1,0.225168884,1,0.416620672,0,-0.409142852,0,-0.290347934,0
40.87482452,-4.407504082,1,-2.622184038,1,-9.417150497,1,-0.358715355,1,-0.030219253,1,0.232035846,1,0.414796293,0,-0.409551859,0,-0.289459139,0
40.87882614,-4.912885666,1,-2.366546154,1,-9.508348465,1,-0.326754212,1,-0.039472073,1,0.250336498,1,0.413075268,0,-0.410083354,0,-0.288567573,0
40.88282394,-4.798800945,1,-2.522526264,1,-9.083925247,1,-0.314223498,1,-0.045600019,1,0.277639657,1,0.411407113,0,-0.410654008,0,-0.28758508,0
40.88682175,-5.027412415,1,-2.98950839,1,-8.750311852,1,-0.323776275,1,-0.05539766,1,0.287401944,1,0.409707993,0,-0.411304414,0,-0.286538899,0
40.89082336,-5.01999855,1,-3.260479689,1,-8.620453835,1,-0.324950665,1,-0.057602488,1,0.276115149,1,0.407994896,0,-0.411949784,0,-0.285502076,0
40.89482117,-4.915616512,1,-2.926804066,1,-8.675963402,1,-0.320039034,1,-0.063651718,1,0.270565897,1,0.406303287,0,-0.412612498,0,-0.284508735,0
40.89881897,-4.808320999,1,-2.419833183,1,-8.736918449,1,-0.314630479,1,-0.068552792,1,0.260701954,1,0.404642463,0,-0.413268179,0,-0.283553362,0
40.90282059,-4.898654461,1,-1.942931771,1,-8.68305397,1,-0.309290111,1,-0.074764192,1,0.253955275,1,0.403024614,0,-0.413951635,0,-0.282638431,0
40.90681839,-5.061569214,1,-1.711736202,1,-8.775842667,1,-0.287541091,1,-0.074629933,1,0.247448444,1,0.401487768,0,-0.414616644,0,-0.281755328,0
40.91081619,-5.061851025,1,-1.754473209,1,-8.82901001,1,-0.256692201,1,-0.075501315,1,0.232161283,1,0.400056452,0,-0.415266544,0,-0.280917138,0
40.914814,-5.023092747,1,-2.004421473,1,-8.803865433,1,-0.2231047,1,-0.075087517,1,0.219798967,1,0.398779511,0,-0.415899694,0,-0.280136734,0
40.9188118,-4.68819046,1,-2.332869053,1,-8.828962326,1,-0.204316065,1,-0.074216783,1,0.210003853,1,0.397629321,0,-0.416510135,0,-0.279399306,0
40.9228096,-4.522101402,1,-2.441967726,1,-8.90392971,1,-0.182942927,1,-0.085974716,1,0.196909472,1,0.39658156,0,-0.417130291,0,-0.27872473,0
40.92681122,-4.40234375,1,-2.433984518,1,-8.979099274,1,-0.161810294,1,-0.10467422,1,0.198489949,1,0.395630509,0,-0.417772532,0,-0.278089285,0
40.93080902,-4.515330315,1,-2.391144753,1,-8.950453758,1,-0.154058114,1,-0.126712292,1,0.198688805,1,0.394746333,0,-0.418504536,0,-0.277481884,0
40.93480682,-4.477942467,1,-2.340816736,1,-8.790654182,1,-0.133882076,1,-0.143922538,1,0.185594186,1,0.393956512,0,-0.419300199,0,-0.276932716,0
40.93881226,-4.381067276,1,-2.484245539,1,-8.748822212,1,-0.123951346,1,-0.171487555,1,0.176356137,1,0.393245697,0,-0.420157403,0,-0.276463926,0
40.94281769,-4.368420124,1,-2.465568781,1,-8.828854561,1,-0.112281486,1,-0.189572155,1,0.164710552,1,0.306657016,0,-0.656292796,0,-0.736130238,0
40.94681549,-4.40952301,1,-2.399087906,1,-8.879583359,1,-0.09974838,1,-0.217814207,1,0.151018694,1,0.308000773,0,-0.657751083,0,-0.758101046,0
40.95081711,-4.535437584,1,-2.312987566,1,-8.85892868,1,-0.080712222,1,-0.238300249,1,0.138716802,1,0.307416201,0,-0.658788562,0,-0.757736862,0
40.9548111,-4.767290592,1,-2.202398062,1,-8.851696014,1,-0.061227825,1,-0.253050804,1,0.121157631,1,0.306975812,0,-0.659881771,0,-0.757481933,0
40.95881271,-4.855920792,1,-2.165210724,1,-8.73478508,1,-0.039591338,1,-0.256362408,1,0.106263146,1,0.306671053,0,-0.660995841,0,-0.757325053,0
40.96281052,-4.942175865,1,-2.132714272,1,-8.678045273,1,-0.011653416,1,-0.258925021,1,0.092194907,1,0.306508631,0,-0.662110567,0,-0.75723666,0
40.96680832,-4.943140507,1,-2.111164808,1,-8.628228188,1,0.005430894,1,-0.265403599,1,0.074022897,1,0.306486189,0,-0.663212717,0,-0.757238328,0
40.97080612,-4.933049679,1,-2.189790487,1,-8.532308578,1,0.028213002,1,-0.268495828,1,0.059909713,1,0.306607246,0,-0.664311707,0,-0.757319808,0
40.97480774,-4.950696945,1,-2.162056446,1,-8.486514091,1,0.055675443,1,-0.274206787,1,0.042446487,1,0.306874633,0,-0.665406704,0,-0.757493258,0
40.97880554,-4.90663147,1,-2.147876263,1,-8.405114174,1,0.071698584,1,-0.276022881,1,0.025768224,1,0.307284772,0,-0.666487813,0,-0.757748544,0
40.98280335,-4.980279922,1,-2.102877617,1,-8.334042549,1,0.093114264,1,-0.270558715,1,0.015639015,1,0.307819664,0,-0.667552412,0,-0.758072257,0
40.98680496,-4.947889328,1,-2.189357758,1,-8.290184021,1,0.109644994,1,-0.267189831,1,0.004123583,1,0.308445275,0,-0.668589234,0,-0.758439302,0
40.99080277,-4.851223469,1,-2.438907862,1,-8.226997375,1,0.117114067,1,-0.266533613,1,-0.001677634,1,0.309157252,0,-0.669606805,0,-0.758843422,0
40.99480057,-4.860795021,1,-2.607451916,1,-8.172094345,1,0.126368523,1,-0.265242219,1,-0.007135182,1,0.309915841,0,-0.670613229,0,-0.759276271,0
40.99880219,-4.930120468,1,-2.788803816,1,-8.112661362,1,0.124244533,1,-0.254927039,1,-0.006068954,1,0.310691953,0,-0.671601653,0,-0.759715736,0
41.00279617,-4.865246296,1,-2.950733185,1,-8.053865433,1,0.123118706,1,-0.254208416,1,0.007705943,1,0.311431319,0,-0.672564447,0,-0.760117054,0
41.00679779,-4.90356636,1,-3.037519455,1,-8.016028404,1,0.108698852,1,-0.239537075,1,0.015102386,1,0.312105179,0,-0.673512876,0,-0.760445833,0
41.01079559,-4.874056816,1,-3.065963745,1,-7.920568466,1,0.104830682,1,-0.229415908,1,0.031641833,1,0.312685907,0,-0.674436986,0,-0.760700941,0
41.0147934,-4.886311531,1,-3.121623516,1,-7.897495747,1,0.089807212,1,-0.217759877,1,0.046643905,1,0.313185155,0,-0.67533958,0,-0.760871053,0
41.0187912,-4.879704952,1,-3.160077572,1,-7.850317001,1,0.074620984,1,-0.205977917,1,0.054704189,1,0.313589901,0,-0.676216424,0,-0.760970712,0
41.02279282,-4.865281105,1,-3.099131823,1,-7.860652924,1,0.064630903,1,-0.197410241,1,0.071764648,1,0.313886285,0,-0.67706579,0,-0.760983169,0
41.02679062,-4.844228745,1,-3.068754911,1,-7.87609148,1,0.055561051,1,-0.189302132,1,0.075583823,1,0.314091325,0,-0.67789489,0,-0.76094085,0
41.03078842,-4.774074554,1,-2.938670635,1,-7.962159634,1,0.04816141,1,-0.181399852,1,0.086283147,1,0.314227551,0,-0.678694725,0,-0.760831296,0
41.03479004,-4.806146145,1,-2.829209805,1,-8.058421135,1,0.044207986,1,-0.174627557,1,0.089467883,1,0.314323008,0,-0.679486275,0,-0.76068294,0
41.03878784,-4.780364513,1,-2.620688915,1,-8.055517197,1,0.046654087,1,-0.170447379,1,0.090771802,1,0.314392239,0,-0.680251598,0,-0.760509253,0
41.04278565,-4.675710678,1,-2.573467255,1,-8.135519981,1,0.053104531,1,-0.17166017,1,0.092915632,1,0.314494371,0,-0.681026638,0,-0.760344982,0
41.04678726,-4.639091969,1,-2.537186146,1,-8.238665581,1,0.061494596,1,-0.176443577,1,0.088652171,1,0.314617932,0,-0.681799591,0,-0.760178924,0
41.05078125,-4.703786373,1,-2.370685816,1,-8.294816017,1,0.069128416,1,-0.180682763,1,0.083680898,1,0.314785779,0,-0.682586432,0,-0.760040164,0
41.05478287,-4.701838017,1,-2.298047543,1,-8.223345757,1,0.074686624,1,-0.18295449,1,0.081155725,1,0.315009683,0,-0.683387458,0,-0.759927511,0
41.0587883,-4.652009964,1,-2.379727364,1,-8.277235031,1,0.087806642,1,-0.192557484,1,0.073480859,1,0.315288723,0,-0.684199393,0,-0.759848475,0
41.06278992,-4.643764019,1,-2.324803114,1,-8.262933731,1,0.097905383,1,-0.199710891,1,0.069827519,1,0.315634072,0,-0.685029626,0,-0.759824157,0
41.06678772,-4.60934782,1,-2.277863264,1,-8.355388641,1,0.111455247,1,-0.207179472,1,0.063855775,1,0.316054046,0,-0.685885131,0,-0.759827793,0
41.07078934,-4.648211479,1,-2.266452312,1,-8.31742382,1,0.124104515,1,-0.216055483,1,0.059555773,1,0.316544294,0,-0.686757505,0,-0.759857833,0
41.07478714,-4.665466785,1,-2.314849377,1,-8.332620621,1,0.136701092,1,-0.223319381,1,0.053182915,1,0.317110598,0,-0.687666059,0,-0.759926081,0
41.07878494,-4.730045795,1,-2.374861002,1,-8.322173119,1,0.145842686,1,-0.226918653,1,0.050661407,1,0.317748815,0,-0.688579023,0,-0.76002872,0
41.08278656,-4.743824005,1,-2.459683895,1,-8.232655525,1,0.157331064,1,-0.234814167,1,0.045742784,1,0.318442434,0,-0.689517915,0,-0.760161877,0
41.08678436,-4.772895813,1,-2.494202137,1,-8.225000381,1,0.166722506,1,-0.242253736,1,0.050424341,1,0.319182873,0,-0.690483034,0,-0.760311782,0
41.09078217,-4.786364079,1,-2.527257681,1,-8.174647331,1,0.17196025,1,-0.246187106,1,0.049461044,1,0.319955081,0,-0.691477776,0,-0.760470688,0
41.09478378,-4.753062248,1,-2.621059656,1,-8.198039055,1,0.178148404,1,-0.25190565,1,0.05265718,1,0.320756793,0,-0.69248426,0,-0.760627866,0
41.09877777,-4.784835815,1,-2.722806931,1,-8.152742386,1,0.180708021,1,-0.253887981,1,0.050899968,1,0.321571022,0,-0.693499565,0,-0.760780931,0
41.10277939,-4.718625069,1,-2.721548557,1,-8.222458839,1,0.181309596,1,-0.257769585,1,0.058746386,1,0.322390884,0,-0.694540739,0,-0.760935485,0
41.10677719,-4.917887688,1,-2.77414155,1,-8.030895233,1,0.179699764,1,-0.265021265,1,0.05698007,1,0.32319954,0,-0.695612252,0,-0.761078358,0
41.11077499,-4.847560406,1,-2.696042299,1,-8.071352959,1,0.178171203,1,-0.267870337,1,0.063185617,1,0.324011505,0,-0.696693242,0,-0.761219919,0
41.1147728,-4.867743969,1,-2.695190668,1,-8.07605648,1,0.18368496,1,-0.272305608,1,0.061487611,1,0.324829161,0,-0.697790802,0,-0.761355996,0
41.11877441,-4.842955112,1,-2.650378942,1,-8.0760746,1,0.191306025,1,-0.268274695,1,0.064960487,1,0.325655043,0,-0.698897541,0,-0.761488378,0
41.12277222,-4.864046097,1,-2.623573065,1,-8.073402405,1,0.192316741,1,-0.279091328,1,0.065860868,1,0.326503575,0,-0.700015962,0,-0.761620045,0
41.12677002,-4.918661118,1,-2.668390036,1,-8.172628403,1,0.207535833,1,-0.272247046,1,0.067673549,1,0.327389687,0,-0.701143801,0,-0.761752844,0
41.13077164,-4.898836613,1,-2.75299263,1,-8.153086662,1,0.211566076,1,-0.280315489,1,0.069580398,1,0.328316778,0,-0.702282548,0,-0.761885166,0
41.13476944,-4.85046196,1,-2.748970509,1,-8.188820839,1,0.205556542,1,-0.290893823,1,0.073273689,1,0.329231352,0,-0.703451097,0,-0.762015045,0
41.13876724,-4.841587067,1,-2.778805971,1,-8.148000717,1,0.201148033,1,-0.296299815,1,0.076877341,1,0.330128849,0,-0.704663038,0,-0.762143195,0
41.14276505,-4.885324001,1,-2.709948778,1,-8.175205231,1,0.211672589,1,-0.299660653,1,0.084232353,1,0.331017911,0,-0.705891252,0,-0.762247741,0
41.14676285,-4.958739758,1,-2.850690603,1,-8.175990105,1,0.213958651,1,-0.302764446,1,0.094309255,1,0.33191967,0,-0.707144439,0,-0.762321532,0
41.15076447,-4.903530598,1,-2.973515749,1,-8.179306984,1,0.21626392,1,-0.313546121,1,0.101513349,1,0.332802832,0,-0.70843941,0,-0.762360632,0
41.15476227,-4.846687794,1,-2.946778297,1,-8.216813087,1,0.213380888,1,-0.32469207,1,0.118232735,1,0.333665222,0,-0.709790111,0,-0.762359679,0
41.15876007,-4.802357674,1,-2.795689106,1,-8.241337776,1,0.220150575,1,-0.332827955,1,0.133788586,1,0.334499002,0,-0.711198449,0,-0.762299716,0
41.16275787,-4.828140736,1,-2.8412745,1,-8.239329338,1,0.237558916,1,-0.346794039,1,0.149473771,1,0.33533743,0,-0.712669015,0,-0.762174368,0
41.16675949,-4.863244057,1,-2.957323313,1,-8.196973801,1,0.239925191,1,-0.356728792,1,0.167884588,1,0.336177051,0,-0.714196861,0,-0.761990547,0
41.17075729,-4.872234821,1,-3.025520086,1,-8.192035675,1,0.243225306,1,-0.363082021,1,0.181978077,1,0.336983562,0,-0.715783238,0,-0.761738062,0
41.1747551,-4.897614956,1,-3.003166914,1,-8.174554825,1,0.246415049,1,-0.379457623,1,0.201697409,1,0.337752998,0,-0.717437804,0,-0.761431038,0
41.17876053,-4.806952,1,-3.112768888,1,-8.290224075,1,0.23216413,1,-0.397528708,1,0.217525974,1,0.338469625,0,-0.719170988,0,-0.761063039,0
41.18276596,-4.78660202,1,-2.718676567,1,-8.256998062,1,0.214631915,1,-0.418708295,1,0.224470809,1,0.3390944,0,-0.720997989,0,-0.760672033,0
41.18676376,-4.976539135,1,-2.583554983,1,-8.296551704,1,0.240053236,1,-0.437869728,1,0.232806161,1,0.339744538,0,-0.722925246,0,-0.760283291,0
41.19076157,-5.014606953,1,-2.467151165,1,-8.402715683,1,0.262869269,1,-0.456108153,1,0.24138172,1,0.340478361,0,-0.724913716,0,-0.759878755,0
41.19475937,-4.920703411,1,-2.344892502,1,-8.547269821,1,0.284571022,1,-0.477592617,1,0.241901577,1,0.334194303,0,-0.681577206,0,-0.724417865,0
41.19876099,-4.845452785,1,-2.344493866,1,-8.400492668,1,0.299548656,1,-0.511408925,1,0.239244834,1,0.33516258,0,-0.683745563,0,-0.724088192,0
41.20275879,-5.050377369,1,-2.585892916,1,-8.355359077,1,0.310795933,1,-0.547001839,1,0.241863549,1,0.336225331,0,-0.686059356,0,-0.723821402,0
41.20675659,-4.948949337,1,-2.641918898,1,-8.174510002,1,0.327150613,1,-0.560142219,1,0.245862871,1,0.337333977,0,-0.688475549,0,-0.723563731,0
41.2107544,-4.885681629,1,-2.753783703,1,-8.23723793,1,0.345279634,1,-0.587609112,1,0.252646327,1,0.338541031,0,-0.690971851,0,-0.723341227,0
41.21475601,-4.70454073,1,-2.894699574,1,-8.218779564,1,0.340951532,1,-0.618710816,1,0.257236898,1,0.339801073,0,-0.693587661,0,-0.723135471,0
41.21875382,-4.70660162,1,-3.182805777,1,-8.297057152,1,0.315354347,1,-0.644695163,1,0.258505493,1,0.341005236,0,-0.696313858,0,-0.722960413,0
41.22275162,-4.796282768,1,-2.841882467,1,-8.335899353,1,0.315289974,1,-0.67470479,1,0.258995146,1,0.342179328,0,-0.699148834,0,-0.722845197,0
41.22675324,-4.781801701,1,-2.912781477,1,-8.38136673,1,0.325362056,1,-0.691704333,1,0.261523634,1,0.343406856,0,-0.702068567,0,-0.722762942,0
41.23075104,-4.861288071,1,-2.806834936,1,-8.2673769,1,0.335285932,1,-0.731621742,1,0.272488683,1,0.344691634,0,-0.705103993,0,-0.722703993,0
41.23474884,-4.974439144,1,-3.268310785,1,-8.289180756,1,0.338144153,1,-0.762204945,1,0.278706461,1,0.346015453,0,-0.708286226,0,-0.722663164,0
41.23875046,-4.880985737,1,-3.531748295,1,-8.317680359,1,0.333854944,1,-0.795384347,1,0.288893402,1,0.347352028,0,-0.711600244,0,-0.722661912,0
41.24274826,-4.807757378,1,-4.074910641,1,-8.485873222,1,0.292668968,1,-0.836867511,1,0.309929878,1,0.348615855,0,-0.715088189,0,-0.722659588,0
41.24674606,-4.65308857,1,-3.800783634,1,-8.590903282,1,0.258077532,1,-0.894746184,1,0.335950136,1,0.349680424,0,-0.718783021,0,-0.72262162,0
41.25074768,-4.790924072,1,-3.654513597,1,-8.64053154,1,0.265806407,1,-0.942122757,1,0.35940668,1,0.350697547,0,-0.722712696,0,-0.722566187,0
41.25474167,-4.856037617,1,-3.647087097,1,-8.548826218,1,0.264532596,1,-0.995797634,1,0.389614075,1,0.351701498,0,-0.726867557,0,-0.722475946,0
41.25874329,-4.892496109,1,-3.67613554,1,-8.481459618,1,0.257593095,1,-1.044496655,1,0.415912151,1,0.352653027,0,-0.731256247,0,-0.722337425,0
41.26274109,-4.980794907,1,-3.469224215,1,-8.500882149,1,0.248638868,1,-1.09782815,1,0.440040171,1,0.353550553,0,-0.735875249,0,-0.72216481,0
41.26673889,-5.054983616,1,-3.762163877,1,-8.636350632,1,0.225590751,1,-1.142879128,1,0.462358654,1,0.354379594,0,-0.740703225,0,-0.72198391,0
41.27073669,-4.84979248,1,-3.307593584,1,-8.592567444,1,0.190423682,1,-1.206215262,1,0.476182044,1,0.355101109,0,-0.745758057,0,-0.721811533,0
41.27473831,-5.106796741,1,-2.89179039,1,-8.754907608,1,0.197145507,1,-1.272619724,1,0.486587465,1,0.355796099,0,-0.751067996,0,-0.721702993,0
41.27873612,-5.131404877,1,-2.875594139,1,-8.767232895,1,0.203065291,1,-1.321644306,1,0.504035652,1,0.356554091,0,-0.756614089,0,-0.721627653,0
41.28273392,-5.304105759,1,-3.306858778,1,-8.873644829,1,0.192189157,1,-1.387297869,1,0.513515711,1,0.357346535,0,-0.762400091,0,-0.721612096,0
41.28673554,-5.044297218,1,-3.501924515,1,-8.891584396,1,0.147932306,1,-1.46321547,1,0.535508931,1,0.358057857,0,-0.768472552,0,-0.721654892,0
41.29073334,-4.95763731,1,-3.186885357,1,-8.916061401,1,0.144082233,1,-1.543241739,1,0.551719964,1,0.358703017,0,-0.774864316,0,-0.721765161,0
41.29472733,-5.145444393,1,-3.025770426,1,-9.079216957,1,0.151744127,1,-1.616735101,1,0.57185632,1,0.359410346,0,-0.781579018,0,-0.721924365,0
41.29873276,-4.982377529,1,-3.108896732,1,-8.90549469,1,0.162838146,1,-1.688337564,1,0.604017854,1,0.360164881,0,-0.788591027,0,-0.722103596,0
41.30273438,-5.038239002,1,-3.410676241,1,-9.004140854,1,0.152574226,1,-1.781775713,1,0.631394207,1,0.360938668,0,-0.795956254,0,-0.722299039,0
41.30673218,-5.204910278,1,-3.489427567,1,-9.120407104,1,0.135986865,1,-1.869523406,1,0.659898281,1,0.361693501,0,-0.803699076,0,-0.722539186,0
41.3107338,-5.580570698,1,-3.955910206,1,-9.471941948,1,0.096881159,1,-1.949426651,1,0.708450496,1,0.362313569,0,-0.811811864,0,-0.722740531,0
41.3147316,-5.317098618,1,-4.055689812,1,-9.607488632,1,0.049882978,1,-2.046368599,1,0.767163575,1,0.362665713,0,-0.820342481,0,-0.722833276,0
41.3187294,-4.463196754,1,-3.643207312,1,-9.32261467,1,0.05019138,1,-2.185421944,1,0.80877316,1,0.362908959,0,-0.829358578,0,-0.722909987,0
41.32273102,-4.802310944,1,-3.496937752,1,-9.717650414,1,0.080126643,1,-2.311852694,1,0.854528487,1,0.363265783,0,-0.838948846,0,-0.723041296,0
41.32672882,-4.953029156,1,-3.577652693,1,-9.83045578,1,0.100506917,1,-2.435811758,1,0.907673955,1,0.36374265,0,-0.849074364,0,-0.723177552,0
41.33072662,-4.708716869,1,-4.236179829,1,-10.16857815,1,0.089010075,1,-2.577730894,1,0.974856079,1,0.364162743,0,-0.859772801,0,-0.723234594,0
41.33472824,-5.004105568,1,-4.801406384,1,-10.29872322,1,0.038531579,1,-2.728086948,1,1.049241424,1,0.364413083,0,-0.871130526,0,-0.723230481,0
41.33871841,-4.396987915,1,-4.707396984,1,-10.24526501,1,0.010682218,1,-2.907007456,1,1.140424967,1,0.364401221,0,-0.88319695,0,-0.723105848,0
41.34272385,-4.38260746,1,-4.915622234,1,-10.58638573,1,0.014075898,1,-3.105021477,1,1.252650976,1,0.364210606,0,-0.896129608,0,-0.722806931,0
41.34672165,-4.570713043,1,-5.266046524,1,-10.92782402,1,0.016607564,1,-3.286512136,1,1.384953856,1,0.363801658,0,-0.909949541,0,-0.722200572,0
41.35071564,-4.480657101,1,-5.663833141,1,-11.06454563,1,0.044329137,1,-3.511086941,1,1.523266792,1,0.36315006,0,-0.924707234,0,-0.721234262,0
41.35471344,-3.799286842,1,-6.034531116,1,-11.00309467,1,0.040951822,1,-3.748469591,1,1.671950579,1,0.362188995,0,-0.940557003,0,-0.719845653,0
41.35871506,-4.122151375,1,-6.351087093,1,-11.88198185,1,0.042249005,1,-4.026527882,1,1.824473977,1,0.3609083,0,-0.957578361,0,-0.718040824,0
41.36271286,-4.67211771,1,-6.298390865,1,-12.20768547,1,0.042000677,1,-4.288982868,1,1.977554083,1,0.359274149,0,-0.975809634,0,-0.715846539,0
41.36671066,-4.673945427,1,-6.976795197,1,-12.32547283,1,0.019021871,1,-4.537561417,1,2.149239779,1,0.35703367,0,-0.995240748,0,-0.713026345,0
41.37071228,-4.006004333,1,-7.596281528,1,-12.0021143,1,-0.004313392,1,-4.828810692,1,2.324956179,1,0.354121327,0,-1.015887737,0,-0.709540009,0
41.37471008,-3.324068546,1,-8.554186821,1,-12.24704266,1,-0.021885362,1,-5.173415184,1,2.512455702,1,0.350457877,0,-1.037983298,0,-0.70531565,0
41.37870789,-3.522753716,1,-9.071194649,1,-12.06448841,1,-0.045615468,1,-5.489639759,1,2.720346928,1,0.345885515,0,-1.061611772,0,-0.700197756,0
41.3827095,-5.026891708,1,-9.810076714,1,-12.02108002,1,-0.073434606,1,-5.790830612,1,2.971159935,1,0.339867413,0,-1.086678863,0,-0.693622828,0
41.38670731,-5.799307823,1,-9.803830147,1,-12.40139961,1,-0.090771608,1,-6.021862507,1,3.186648369,1,0.331953377,0,-1.113052964,0,-0.685139656,0
41.39070511,-5.158834457,1,-9.210604668,1,-12.00703335,1,-0.086499549,1,-6.295887947,1,3.398122549,1,0.322021544,0,-1.140608668,0,-0.674538493,0
41.39470673,-5.685572624,1,-8.291847229,1,-13.00653076,1,-0.060284395,1,-6.547796249,1,3.576532841,1,0.30973506,0,-1.169377089,0,-0.661449194,0
41.39870453,-9.721957207,1,-6.469226837,1,-14.06105232,1,0.028799495,1,-6.717616081,1,3.725099564,1,0.294869959,0,-1.199084401,0,-0.645480871,0
41.40270233,-11.45984745,1,-5.516069889,1,-14.44358635,1,0.124899872,1,-6.754702091,1,3.865677118,1,0.276423216,0,-1.229213953,0,-0.625473976,0
41.40670395,-10.25695229,1,-4.424164295,1,-12.79779053,1,0.242704347,1,-6.929811478,1,4.012713909,1,0.253367752,0,-1.259694934,0,-0.600392342,0
41.41070175,-11.56648922,1,-4.948793411,1,-14.03362274,1,0.361153603,1,-7.120907307,1,4.111972809,1,0.22444436,0,-1.290942907,0,-0.568934202,0
41.41469955,-15.14922047,1,-5.754309654,1,-15.74808311,1,0.522606671,1,-7.104249001,1,4.148201466,1,0.188009217,0,-1.322207451,0,-0.52932775,0
41.41870117,-17.26093864,1,-5.146689415,1,-15.28158379,1,0.697234571,1,-6.916607857,1,4.16742754,1,0.140909746,0,-1.352500319,0,-0.478430629,0
41.42270279,-14.58579254,1,-7.002820492,1,-14.87502575,1,0.680620253,1,-6.916182995,1,4.280772209,1,0.076643541,0,-1.381871104,0,-0.409993291,0
41.42670059,-14.86647892,1,-8.94737339,1,-13.8885994,1,0.715795159,1,-6.916293621,1,4.296076775,1,-0.01266418,0,-1.410101891,0,-0.316481024,0
41.43070602,-20.15814018,1,-8.734261513,1,-14.30650043,1,0.683060288,1,-6.777666569,1,4.301594734,1,-0.139222816,0,-1.436244965,0,-0.18567808,0
41.43470001,-18.40953827,1,-9.312432289,1,-12.33011913,1,0.477854848,1,-6.552472591,1,4.401800156,1,-0.322274864,0,-1.458278537,0,0.001141873,0
41.43869782,-17.44020271,1,-10.41332722,1,-11.1534605,1,0.1799732,1,-6.475337505,1,4.561061382,1,-0.584025323,0,-1.473999977,0,0.265633613,0
41.44269943,-20.84882355,1,-9.974301338,1,-12.01350594,1,-0.05283558,1,-6.242684364,1,4.50939846,1,-0.912172794,0,-1.48044014,0,0.59541136,0
41.44669724,-22.01553726,1,-9.197108269,1,-11.01745033,1,-0.267734766,1,-5.832838535,1,4.490974903,1,-1.243085265,0,-1.478564501,0,0.898910224,0
41.45069504,-20.99169159,1,-8.31652832,1,-10.01317692,1,-0.539088547,1,-5.445934296,1,4.453109741,1,-1.504206896,0,-1.465304136,0,1.159675598,0
41.45469666,-19.47216034,1,-7.214506626,1,-10.4187088,1,-0.706637323,1,-4.966948509,1,4.23961544,1,-1.684636831,0,-1.447347522,0,1.338714957,0
41.45869064,-11.74949837,1,-5.547399998,1,-8.946052551,1,-0.803547561,1,-4.496355534,1,4.078913689,1,-1.805155039,0,-1.427663684,0,1.457241654,0
41.46269226,-3.206881046,1,-4.411194324,1,-8.925775528,1,-0.853092849,1,-4.034268856,1,3.996854305,1,-1.886520624,0,-1.407475233,0,1.536214828,0
41.46669006,-1.874429822,1,-2.710646391,1,-9.56356144,1,-0.769407868,1,-3.614578962,1,3.88370657,1,-1.941459179,0,-1.387493014,0,1.588646173,0
41.47068787,-6.383747101,1,-0.088088162,1,-10.55663013,1,-0.540426016,1,-3.388334513,1,3.741846561,1,-1.980665088,0,-1.368048668,0,1.625892401,0
41.47468567,-8.543944359,1,1.200923324,1,-11.26030636,1,-0.11570102,1,-3.169658184,1,3.551494598,1,-2.009405136,0,-1.349366903,0,1.653910279,0
41.47868729,-17.2718811,1,2.769630671,1,-10.62392998,1,0.486281395,1,-3.066614628,1,3.254984617,1,-2.031384706,0,-1.331630588,0,1.677200794,0
41.48268509,-28.7513504,1,2.844076633,1,-14.87964535,1,1.121979475,1,-2.492094517,1,2.730550051,1,-2.046724081,0,-1.315783501,0,1.696386814,0
41.48668289,-19.75196075,1,-1.501471877,1,-16.3915329,1,1.501657844,1,-1.551438212,1,2.125266314,1,-2.051486492,0,-1.303477168,0,1.7067945,0
41.49068451,-8.417052269,1,-3.116359949,1,-14.0973959,1,1.760264874,1,-0.833295405,1,1.720358253,1,-2.047278404,0,-1.294541955,0,1.709227085,0
41.49468231,-3.812757254,1,-4.488191128,1,-11.42531776,1,1.967897773,1,-0.506864548,1,1.439027786,1,-2.037985086,0,-1.287742853,0,1.707302928,0
41.49868012,-5.717843056,1,-6.204306126,1,-10.50565529,1,2.03767252,1,-0.253107607,1,1.216205359,1,-2.026517153,0,-1.282301664,0,1.703763008,0
41.50268173,-7.125758648,1,-7.174347878,1,-11.04153252,1,1.914630175,1,0.082413748,1,0.948664188,1,-2.013349771,0,-1.278244376,0,1.69831574,0
41.50667954,-4.50316906,1,-7.331465244,1,-10.53003407,1,1.736250162,1,0.410415262,1,0.675584674,1,-1.998530149,0,-1.275741577,0,1.690457582,0
41.51067734,-1.54795444,1,-7.098211765,1,-9.013074875,1,1.543656349,1,0.623036146,1,0.466898441,1,-1.982664347,0,-1.274521351,0,1.680734515,0
41.51467896,-0.074439004,1,-6.533349991,1,-8.053339958,1,1.354803801,1,0.7674191,1,0.290174395,1,-1.966532588,0,-1.2742275,0,1.669920564,0
41.51867676,1.231062293,1,-6.018965244,1,-7.533416748,1,1.152101398,1,0.900001943,1,0.123273753,1,-1.950395942,0,-1.274721861,0,1.658288479,0
41.52267456,2.511565208,1,-5.223278046,1,-7.056367397,1,0.97764802,1,1.014752507,1,-0.024384106,1,-1.934170723,0,-1.275935531,0,1.645769835,0
41.52667236,3.345849514,1,-4.26075983,1,-6.55805397,1,0.849438548,1,1.108882308,1,-0.159649968,1,-1.917793393,0,-1.277765274,0,1.632452965,0
41.53067017,3.803965092,1,-3.352332115,1,-6.313659668,1,0.775980234,1,1.182872415,1,-0.251128256,1,-1.901077271,0,-1.280056953,0,1.618378878,0
41.53467178,4.058405876,1,-2.595096827,1,-6.31444788,1,0.726755619,1,1.253373623,1,-0.32171759,1,-1.883760095,0,-1.282681942,0,1.603443027,0
41.53866959,4.474664211,1,-2.036049604,1,-6.333384991,1,0.712619364,1,1.32790637,1,-0.375182897,1,-1.865624428,0,-1.285562873,0,1.58752501,0
41.54267502,4.674965382,1,-1.393573642,1,-6.470998287,1,0.746549249,1,1.394961119,1,-0.405619323,1,-1.846318603,0,-1.288601875,0,1.570442557,0
41.54667282,4.546000004,1,-0.675577283,1,-6.630702019,1,0.816089153,1,1.485659003,1,-0.423554003,1,-1.825409412,0,-1.291723371,0,1.551937938,0
41.55067444,4.3206563,1,-0.110453315,1,-6.917778015,1,0.916730583,1,1.586948752,1,-0.423155457,1,-1.802423477,0,-1.294843435,0,1.531636596,0
41.55466843,4.00963974,1,0.248723328,1,-7.226884842,1,1.031961083,1,1.710115433,1,-0.403447032,1,-1.776966095,0,-1.29789412,0,1.5092237,0
41.55867004,3.551447868,1,0.553692043,1,-7.561890602,1,1.163429022,1,1.849830389,1,-0.383069485,1,-1.748600125,0,-1.300801396,0,1.484331489,0
41.56266785,3.022688866,1,0.747435093,1,-7.840522289,1,1.309207082,1,2.01005888,1,-0.358342081,1,-1.716860771,0,-1.303506851,0,1.456544518,0
41.56666565,2.411091089,1,0.886645496,1,-8.164670944,1,1.459621549,1,2.198687315,1,-0.327933371,1,-1.681343079,0,-1.305941582,0,1.425473213,0
41.57066727,1.960678577,1,0.686258852,1,-8.539571762,1,1.599409103,1,2.400789261,1,-0.296332926,1,-1.6416924,0,-1.308021069,0,1.390738726,0
41.57466507,1.313661337,1,0.488866806,1,-8.762194633,1,1.730921984,1,2.625624657,1,-0.256121218,1,-1.597776771,0,-1.309618473,0,1.352166891,0
41.57866287,0.734799266,1,0.318778068,1,-9.030420303,1,1.850040197,1,2.864939928,1,-0.221837834,1,-1.549477577,0,-1.310606718,0,1.309584141,0
41.58266068,0.124532551,1,0.123657107,1,-9.313498497,1,1.95495069,1,3.104248524,1,-0.198849365,1,-1.496877432,0,-1.310872078,0,1.263038039,0
41.58666229,-0.332038134,1,0.072686255,1,-9.366043091,1,2.054288626,1,3.341584444,1,-0.181554511,1,-1.440345526,0,-1.310301542,0,1.21284008,0
41.5906601,-0.734605074,1,0.031073794,1,-9.45399189,1,2.137039661,1,3.573566198,1,-0.182343155,1,-1.380449414,0,-1.308805585,0,1.159517765,0
41.5946579,-0.997999609,1,-0.060730416,1,-9.449319839,1,2.219449759,1,3.800961733,1,-0.187625721,1,-1.317733884,0,-1.306281924,0,1.103592992,0
41.59865952,-1.098898888,1,-0.231211796,1,-9.444620132,1,2.295333385,1,4.008498192,1,-0.21645692,1,-1.252883554,0,-1.302645326,0,1.045739174,0
41.60265732,-1.208632708,1,-0.324460119,1,-9.405993462,1,2.373049736,1,4.212912083,1,-0.248717636,1,-1.186701775,0,-1.297861457,0,0.986748517,0
41.60665512,-1.340181351,1,-0.348030806,1,-9.337720871,1,2.435036898,1,4.398972034,1,-0.298293978,1,-1.119940042,0,-1.291872501,0,0.927345574,0
41.61065674,-1.441286206,1,-0.26127544,1,-9.270811081,1,2.507209539,1,4.558878899,1,-0.357983649,1,-1.053291917,0,-1.284679651,0,0.868240654,0
41.61465454,-1.532340288,1,-0.212558746,1,-9.208220482,1,2.574628115,1,4.701051235,1,-0.433391273,1,-0.98750335,0,-1.276325226,0,0.810190439,0
41.61865234,-1.569313288,1,-0.150762573,1,-9.118623734,1,2.65238595,1,4.823391438,1,-0.511811376,1,-0.923080742,0,-1.266863346,0,0.753727078,0
41.62265396,-1.682284355,1,-0.108543366,1,-9.038249969,1,2.726733446,1,4.918922901,1,-0.600866139,1,-0.860471487,0,-1.25636375,0,0.699300647,0
41.62665176,-1.71293366,1,-0.024353638,1,-8.962742805,1,2.797967672,1,4.993963242,1,-0.703989923,1,-0.79996109,0,-1.244897246,0,0.647192001,0
41.63064957,-1.96052444,1,0.038347241,1,-8.996844292,1,2.877443314,1,5.057799339,1,-0.801949918,1,-0.741722047,0,-1.232574105,0,0.597596049,0
41.63465118,-1.899416685,1,0.09933047,1,-9.008172035,1,2.948821783,1,5.099917889,1,-0.911680639,1,-0.685792446,0,-1.219447017,0,0.550558925,0
41.63864517,-2.042499304,1,0.143622413,1,-9.06019783,1,3.021249294,1,5.124768734,1,-1.016763806,1,-0.632260144,0,-1.205646038,0,0.506152093,0
41.64264679,-2.295920372,1,0.235490993,1,-9.158823967,1,3.090299368,1,5.137363911,1,-1.122258663,1,-0.581063926,0,-1.191225171,0,0.46432054,0
41.64664459,-2.430806875,1,0.229113519,1,-9.211447716,1,3.165390968,1,5.16279459,1,-1.221892357,1,-0.532062829,0,-1.176199913,0,0.424931109,0
41.6506424,-2.765080452,1,0.325758964,1,-9.293886185,1,3.232154846,1,5.17154789,1,-1.317824006,1,-0.485184908,0,-1.160619497,0,0.387889445,0
41.65464401,-2.976838112,1,0.342123628,1,-9.37202549,1,3.305738449,1,5.196896553,1,-1.404865384,1,-0.440326065,0,-1.144491792,0,0.353114545,0
41.65864182,-3.143500328,1,0.334217608,1,-9.402358055,1,3.369977951,1,5.211643696,1,-1.469730854,1,-0.39741233,0,-1.127812028,0,0.320520699,0
41.66264725,-3.246604681,1,0.30498597,1,-9.531181335,1,3.422279835,1,5.224340439,1,-1.527001381,1,-0.356470823,0,-1.110601544,0,0.290128469,0
41.66664505,-3.30138135,1,0.323152661,1,-9.658650398,1,3.480700254,1,5.230997086,1,-1.56790638,1,-0.317477763,0,-1.092904091,0,0.261889637,0
41.67064667,-3.377672672,1,0.32389605,1,-9.800168991,1,3.527935266,1,5.229423046,1,-1.591388345,1,-0.280418336,0,-1.074782848,0,0.235812753,0
41.67464066,-3.613745451,1,0.415382594,1,-9.952516556,1,3.582224131,1,5.219094753,1,-1.613980651,1,-0.245173916,0,-1.056258082,0,0.211783141,0
41.67864227,-3.691505432,1,0.438711017,1,-10.18412876,1,3.638816118,1,5.204999447,1,-1.623548627,1,-0.211642534,0,-1.037417293,0,0.1897396,0
41.68264008,-3.879729509,1,0.434164643,1,-10.46109009,1,3.694404602,1,5.185452461,1,-1.632475376,1,-0.179685459,0,-1.018299699,0,0.169537455,0
41.68663788,-3.976395607,1,0.358597696,1,-10.69552898,1,3.752887011,1,5.158100605,1,-1.638850689,1,-0.149168074,0,-0.998961508,0,0.151083276,0
41.69063568,-4.236564636,1,0.241592616,1,-11.02201462,1,3.81755209,1,5.12698555,1,-1.641665816,1,-0.119949639,0,-0.979444087,0,0.134228706,0
41.6946373,-4.564346313,1,0.193252981,1,-11.35268688,1,3.881323814,1,5.093272686,1,-1.641127348,1,-0.098186828,0,-0.958157599,0,0.102366634,0
41.6986351,-4.969014168,1,0.102787673,1,-11.77422142,1,3.944856882,1,5.058981419,1,-1.652415276,1,-0.070993908,0,-0.938486874,0,0.088156424,0
41.7026329,-5.277085304,1,-0.022452511,1,-12.14150333,1,4.014178753,1,5.018678188,1,-1.676146746,1,-0.044632457,0,-0.918748617,0,0.075123534,0
41.70663452,-5.589294434,1,-0.121380031,1,-12.61292553,1,4.087778568,1,4.984721661,1,-1.705318809,1,-0.018933054,0,-0.898971736,0,0.063082092,0
41.71063232,-6.16868639,1,-0.236970976,1,-13.13162899,1,4.157936096,1,4.943182468,1,-1.757846236,1,0.006236662,0,-0.879160762,0,0.051904701,0
41.71463013,-6.802659035,1,-0.401718378,1,-13.72544575,1,4.227818966,1,4.915878773,1,-1.823109388,1,0.031039018,0,-0.859313905,0,0.041393336,0
41.71863174,-7.50125885,1,-0.547635913,1,-14.32667255,1,4.293875217,1,4.906855106,1,-1.901049137,1,0.055567157,0,-0.839367926,0,0.031431772,0
41.72262955,-8.045983315,1,-0.486663848,1,-15.00354576,1,4.362580299,1,4.889077663,1,-2.002245665,1,0.079928517,0,-0.819291353,0,0.021861,0
41.72662735,-8.717434883,1,-0.127511606,1,-15.65717793,1,4.413949966,1,4.873372555,1,-2.123158932,1,0.104212478,0,-0.799085975,0,0.012552048,0
41.73062897,-9.574279785,1,0.443058252,1,-16.28466225,1,4.468219757,1,4.839804173,1,-2.252668142,1,0.12846972,0,-0.778779387,0,0.003408017,0
41.73462677,-10.58995056,1,0.87504226,1,-16.75276375,1,4.514059067,1,4.820978642,1,-2.400018454,1,0.152719826,0,-0.758337855,0,-0.005641379,0
41.73862457,-11.59960175,1,1.27691853,1,-17.03536224,1,4.536349297,1,4.815401554,1,-2.553077221,1,0.176946446,0,-0.737696648,0,-0.014651293,0
41.74262619,-12.63662243,1,1.62522018,1,-17.23671341,1,4.536259174,1,4.791921616,1,-2.702800751,1,0.201071769,0,-0.716849744,0,-0.023645146,0
41.74662018,-13.76772213,1,1.996554852,1,-17.35003471,1,4.506503105,1,4.767254353,1,-2.842392206,1,0.2249704,0,-0.695816338,0,-0.032582887,0
41.7506218,-15.02114296,1,2.513389349,1,-17.68286896,1,4.446646214,1,4.72924757,1,-2.987205744,1,0.248519287,0,-0.674613059,0,-0.041489732,0
41.75462341,-16.32264137,1,3.217296362,1,-18.03444862,1,4.355518818,1,4.673604965,1,-3.129067659,1,0.271594465,0,-0.653298795,0,-0.050359059,0
41.7586174,-17.66937828,1,4.936547756,1,-18.49376678,1,4.231537819,1,4.582380295,1,-3.267143011,1,0.294104457,0,-0.631946683,0,-0.059246697,0
41.76261902,-19.38627625,1,7.161248684,1,-18.89175034,1,4.125925541,1,4.475904942,1,-3.391670704,1,0.316019952,0,-0.610663056,0,-0.068184033,0
41.76661682,-21.77436447,1,10.03534794,1,-18.65751839,1,4.062057972,1,4.375686646,1,-3.480448961,1,0.337409139,0,-0.589493215,0,-0.077094659,0
41.77061462,-24.8019886,1,12.408288,1,-17.75962448,1,4.046247005,1,4.331810951,1,-3.505310774,1,0.358345062,0,-0.568365455,0,-0.085724883,0
41.77461243,-27.67692184,1,13.85059071,1,-16.41158676,1,4.021441936,1,4.35701561,1,-3.48413825,1,0.378719538,0,-0.547133148,0,-0.093734019,0
41.77861404,-30.33002472,1,14.31217289,1,-14.49771214,1,3.962321043,1,4.453658581,1,-3.393964529,1,0.39831239,0,-0.525616527,0,-0.100807078,0
41.78261566,-32.81417465,1,13.20689964,1,-12.44043446,1,3.82877779,1,4.589111805,1,-3.232064962,1,0.416763753,0,-0.503761292,0,-0.106569678,0
41.78661728,-34.29919815,1,11.10377407,1,-10.30058765,1,3.551619291,1,4.733214378,1,-3.007923126,1,0.433546364,0,-0.481612325,0,-0.110744335,0
41.7906189,-34.48345184,1,9.419210434,1,-7.818140507,1,3.141930342,1,4.787317276,1,-2.748513937,1,0.448130488,0,-0.459448069,0,-0.113301046,0
41.79461289,-33.4372673,1,8.851011276,1,-5.287487984,1,2.644368649,1,4.723152637,1,-2.466213465,1,0.46019575,0,-0.437755287,0,-0.114429452,0
41.7986145,-31.72076797,1,9.670734406,1,-2.843321562,1,2.167369843,1,4.537036419,1,-2.192616701,1,0.469792902,0,-0.416991979,0,-0.114433125,0
41.80261231,-29.98802948,1,12.94851303,1,-0.666954279,1,1.815233588,1,4.204905033,1,-1.960366011,1,0.477456391,0,-0.397630632,0,-0.113774188,0
41.80661011,-28.82208061,1,16.19718742,1,1.937229156,1,1.649911761,1,3.768689632,1,-1.714411616,1,0.483980775,0,-0.380067766,0,-0.112834021,0
41.81061173,-28.81967545,1,18.92050171,1,4.310961246,1,1.65606308,1,3.271589518,1,-1.451551199,1,0.490167618,0,-0.36465466,0,-0.111770071,0
41.81460953,-29.41983032,1,20.73780823,1,6.213023663,1,1.781551361,1,2.758096695,1,-1.156371951,1,0.496603638,0,-0.351553321,0,-0.110578828,0
41.81860733,-29.4561615,1,21.79492569,1,7.552789211,1,1.968268991,1,2.234991312,1,-0.829409063,1,0.503627241,0,-0.340866148,0,-0.109192744,0
41.82260513,-28.81803703,1,21.98918152,1,8.205511093,1,2.153844833,1,1.688816071,1,-0.482499093,1,0.511349201,0,-0.332721919,0,-0.10759104,0
41.82660675,-26.16239738,1,19.07833862,1,6.518755436,1,2.17349267,1,1.114590168,1,-0.1084214,1,0.51953876,0,-0.327222526,0,-0.105775297,0
41.83060455,-19.60499191,1,0.909514666,1,6.992910385,1,0.452423513,1,0.186575055,1,0.603620648,1,0.524490654,0,-0.325274974,0,-0.10356155,0
41.83460236,-35.76237106,1,1.920118213,1,12.16107941,1,-1.031332135,1,-1.022466063,1,1.525287032,1,0.522212565,0,-0.329014719,0,-0.100536294,0
41.83860397,-31.55788994,1,6.441481113,1,15.31898689,1,-2.453085899,1,-1.503401756,1,2.142477036,1,0.513922513,0,-0.33713305,0,-0.09647081,0
41.84260178,-21.9253788,1,13.36045265,1,15.9470005,1,-3.164559841,1,-2.1113801,1,2.936716795,1,0.500428379,0,-0.348233521,0,-0.090774998,0
41.84659958,-14.46963501,1,26.35174942,1,9.454850197,1,-2.663874388,1,-2.70597887,1,3.820887089,1,0.485846519,0,-0.363329351,0,-0.082951844,0
41.8506012,-6.038764477,1,24.38680267,1,0.42543909,1,-2.323275805,1,-2.71050787,1,4.29090929,1,0.47229749,0,-0.380472422,0,-0.072776802,0
41.854599,-14.7694931,1,15.45708275,1,-13.45457172,1,-1.820905924,1,-2.645754576,1,4.298382759,1,0.459583461,0,-0.397874713,0,-0.061289102,0
41.8585968,-20.66231537,1,-1.081831932,1,-22.41538429,1,-1.338530302,1,-2.279967308,1,3.881949902,1,0.448824644,0,-0.414067149,0,-0.050032515,0
41.86259842,-11.89161777,1,-17.97403526,1,-26.8776226,1,-1.131330729,1,-1.569354653,1,3.563033342,1,0.439364582,0,-0.427384734,0,-0.038983498,0
41.86659622,-6.354870796,1,-34.98439026,1,-25.92856407,1,-1.574408174,1,-1.104254961,1,3.162809372,1,0.429635465,0,-0.43783015,0,-0.02790422,0
41.87059403,-4.184767723,1,-42.47689056,1,-20.82515907,1,-2.223384857,1,-0.817399621,1,2.828930378,1,0.417641848,0,-0.446270883,0,-0.017535817,0
41.87459564,-0.710289299,1,-32.97837448,1,-11.2541647,1,-2.559942722,1,-0.9696064,1,2.607342482,1,0.403687507,0,-0.45361352,0,-0.007922083,0
41.87859345,-3.240395069,1,-27.53912735,1,-7.070970535,1,-3.033842564,1,-1.616910458,1,2.381563425,1,0.389130533,0,-0.462352216,0,0.000138322,0
41.88259125,-4.213645458,1,-17.99203491,1,-3.362106323,1,-3.404785633,1,-2.167223692,1,2.161155939,1,0.3734411,0,-0.472620606,0,0.00641573,0
41.88659287,-4.895587921,1,-9.483440399,1,-3.607250214,1,-3.510365248,1,-2.748718023,1,1.848904848,1,0.357384384,0,-0.484770089,0,0.010899386,0
41.89058685,-11.36620426,1,-3.560084343,1,-5.650803566,1,-3.572185278,1,-3.022411585,1,1.517773986,1,0.341913015,0,-0.498009861,0,0.013584997,0
41.89458847,-19.22889328,1,6.638466835,1,-11.12846565,1,-3.271782637,1,-2.90481472,1,1.096418262,1,0.327601999,0,-0.510967255,0,0.014718597,0
41.89858627,-26.59355736,1,10.99250603,1,-17.04504967,1,-3.042201281,1,-2.421828985,1,0.797419906,1,0.314861774,0,-0.522385538,0,0.014930011,0
41.90259171,-25.06336403,1,18.01827049,1,-20.24910927,1,-2.555593491,1,-1.543127537,1,0.71512717,1,0.303358674,0,-0.530849934,0,0.015389034,0
41.90658951,-20.58884048,1,23.79360199,1,-19.87631607,1,-1.985944152,1,-0.946001828,1,0.795697689,1,0.293425143,0,-0.536384463,0,0.017068202,0
41.91059113,-15.23596478,1,20.9406929,1,-18.57515144,1,-1.385416627,1,-0.473187238,1,0.874205351,1,0.285264969,0,-0.540053546,0,0.019865232,0
41.91458893,-7.286429405,1,15.53834248,1,-14.87759304,1,-0.925670147,1,-0.270823717,1,0.962023199,1,0.278783679,0,-0.542406142,0,0.02353015,0
41.91858673,-2.835928202,1,6.213375568,1,-11.90214539,1,-0.624179184,1,-0.374589682,1,0.948227644,1,0.273686677,0,-0.544667482,0,0.027460163,0
41.92258835,-2.783491373,1,-3.281364679,1,-9.870142937,1,-0.527190387,1,-0.499741346,1,0.841530442,1,0.269619495,0,-0.547316134,0,0.030987432,0
41.92658234,-2.920796633,1,-8.613480568,1,-7.794449329,1,-0.543328166,1,-0.593772054,1,0.648998201,1,0.266099244,0,-0.550244212,0,0.033671636,0
41.93058395,-3.478306532,1,-9.786910057,1,-6.551944256,1,-0.614308238,1,-0.640930057,1,0.515763283,1,0.262827158,0,-0.553243816,0,0.035512343,0
41.93458557,-5.428482056,1,-8.522910118,1,-6.039731026,1,-0.747403741,1,-0.618615568,1,0.43797195,1,0.259361595,0,-0.556202352,0,0.036917895,0
41.93857956,-6.9327178,1,-5.338234425,1,-6.45356226,1,-0.852237523,1,-0.477830857,1,0.418132633,1,0.2554923,0,-0.558756709,0,0.038182568,0
41.94258118,-8.933409691,1,-1.555779099,1,-7.820221424,1,-0.86570096,1,-0.299755514,1,0.439354181,1,0.251222998,0,-0.560676515,0,0.039667532,0
41.94657898,-11.37084198,1,1.234181643,1,-8.832489014,1,-0.851313531,1,-0.036878876,1,0.476910263,1,0.247937471,0,-0.564395905,0,0.018075146,0
41.95057678,-10.16682625,1,2.421209574,1,-8.915855408,1,-0.689092398,1,0.157921374,1,0.422152907,1,0.243676171,0,-0.56458056,0,0.020232338,0
41.95457459,-7.625906467,1,1.219102502,1,-8.351967812,1,-0.56597513,1,0.208689809,1,0.378350765,1,0.240092367,0,-0.564208269,0,0.022289827,0
41.9585762,-5.983971119,1,-0.526246786,1,-8.593388557,1,-0.466747165,1,0.17782329,1,0.303540736,1,0.23708339,0,-0.563779116,0,0.02407294,0
41.96257401,-4.467248917,1,-2.382070303,1,-9.220179558,1,-0.396742135,1,0.139680922,1,0.235868469,1,0.234613001,0,-0.563415885,0,0.025487967,0
41.96657181,-3.967202187,1,-3.016408443,1,-9.598479271,1,-0.351354778,1,0.117784016,1,0.193421781,1,0.232521534,0,-0.563110888,0,0.026599325,0
41.97057343,-3.423164845,1,-2.630480289,1,-9.376461029,1,-0.319374949,1,0.057215042,1,0.223588601,1,0.230614707,0,-0.562936544,0,0.027657682,0
41.97457123,-3.728681087,1,-2.333376408,1,-9.328585625,1,-0.282398492,1,-0.004140816,1,0.261419296,1,0.228806749,0,-0.563063145,0,0.028803771,0
41.97856903,-4.101861477,1,-2.403603315,1,-9.244802475,1,-0.252588689,1,-0.044981726,1,0.276397616,1,0.227081016,0,-0.563415527,0,0.03002757,0
41.98257065,-3.963281631,1,-2.710477829,1,-9.048703194,1,-0.218927845,1,-0.081779182,1,0.27939859,1,0.22547254,0,-0.563913643,0,0.031253535,0
41.98656845,-3.982324839,1,-3.108773947,1,-8.878851891,1,-0.205497965,1,-0.123014152,1,0.292229533,1,0.223994598,0,-0.564569175,0,0.03246158,0
41.99056625,-3.995810032,1,-3.423229218,1,-8.749926567,1,-0.215844125,1,-0.156604126,1,0.316874623,1,0.222480655,0,-0.565382838,0,0.03372718,0
41.99456787,-3.91732645,1,-3.523845196,1,-8.576892853,1,-0.225014299,1,-0.191072375,1,0.355113506,1,0.220856428,0,-0.566340029,0,0.035098989,0
41.99856567,-4.362401009,1,-3.219706059,1,-8.546829224,1,-0.230637133,1,-0.210733935,1,0.376772165,1,0.219136894,0,-0.567457497,0,0.036588106,0
42.00256348,-4.964637756,1,-2.765919685,1,-8.576904297,1,-0.235447735,1,-0.206717551,1,0.376518011,1,0.217388824,0,-0.568600655,0,0.038119569,0
42.00656509,-5.199689865,1,-1.882032514,1,-8.63675499,1,-0.199324667,1,-0.200833127,1,0.350565702,1,0.215716735,0,-0.569713891,0,0.039610371,0
42.0105629,-5.55914402,1,-1.530954599,1,-8.934709549,1,-0.164468288,1,-0.189148873,1,0.332590938,1,0.214252755,0,-0.570769727,0,0.040997107,0
42.0145607,-5.571469307,1,-1.399163723,1,-9.120333672,1,-0.113945365,1,-0.182465598,1,0.297203362,1,0.213014662,0,-0.571766675,0,0.042267211,0
42.01856232,-4.53871727,1,-1.937066555,1,-8.975827217,1,-0.093955889,1,-0.209706187,1,0.27951014,1,0.211978406,0,-0.57276237,0,0.043411721,0
42.02256393,-4.359878063,1,-2.423620701,1,-9.030934334,1,-0.081149094,1,-0.246644393,1,0.255309671,1,0.211075321,0,-0.573878467,0,0.044422563,0
42.02656174,-4.413310528,1,-2.753197432,1,-8.907877922,1,-0.07463342,1,-0.273992389,1,0.246216193,1,0.210268065,0,-0.575107157,0,0.045332272,0
42.03056335,-4.475831032,1,-2.899928808,1,-8.782548904,1,-0.067700543,1,-0.300228834,1,0.227307618,1,0.209538817,0,-0.576437056,0,0.046147041,0
42.03456116,-4.662465096,1,-3.088202,1,-8.751957893,1,-0.072696894,1,-0.330575675,1,0.210853517,1,0.208883822,0,-0.577862322,0,0.046846945,0
42.03855896,-4.589431286,1,-2.962576151,1,-8.825931549,1,-0.062262692,1,-0.351425707,1,0.196210697,1,0.20828554,0,-0.579361677,0,0.047461521,0
42.04256058,-4.514777184,1,-2.757178307,1,-8.923605919,1,-0.057064712,1,-0.380343169,1,0.188365251,1,0.20776026,0,-0.580950975,0,0.047993962,0
42.04655838,-4.725082397,1,-2.347939968,1,-8.901367188,1,-0.037489258,1,-0.398829371,1,0.178453386,1,0.207303688,0,-0.582616389,0,0.048467614,0
42.05055618,-4.974777222,1,-2.097005844,1,-8.744276047,1,-0.013869582,1,-0.400986195,1,0.167123154,1,0.206965879,0,-0.584326804,0,0.048880655,0
42.0545578,-4.945795536,1,-2.195207119,1,-8.642362595,1,0.011079574,1,-0.410045713,1,0.146586835,1,0.206778094,0,-0.586043239,0,0.049221162,0
42.0585556,-4.823905468,1,-2.198668003,1,-8.642090797,1,0.031300519,1,-0.413790286,1,0.132238179,1,0.206733584,0,-0.587768793,0,0.04945315,0
42.06255341,-4.812747955,1,-2.011885643,1,-8.637900352,1,0.055099055,1,-0.425350368,1,0.113010466,1,0.206810385,0,-0.589512467,0,0.049620289,0
42.06655502,-4.980780125,1,-1.895985842,1,-8.626331329,1,0.07618086,1,-0.428722411,1,0.106452949,1,0.20701845,0,-0.591276467,0,0.049726304,0
42.07055283,-5.232422352,1,-1.91253233,1,-8.586856842,1,0.107787788,1,-0.425611585,1,0.093748346,1,0.207359806,0,-0.593032837,0,0.04977775,0
42.07455063,-4.94658947,1,-2.089403868,1,-8.351164818,1,0.124660261,1,-0.42264989,1,0.073294133,1,0.207839519,0,-0.59476167,0,0.049746409,0
42.07855225,-5.261271477,1,-2.084312916,1,-8.439657211,1,0.160209477,1,-0.420156717,1,0.062240597,1,0.208458468,0,-0.596483231,0,0.049644455,0
42.08255005,-4.946381092,1,-2.282141924,1,-8.235275269,1,0.177561447,1,-0.413821965,1,0.059954692,1,0.209212139,0,-0.598173618,0,0.049504194,0
42.08654785,-4.97755146,1,-2.844869375,1,-8.234347343,1,0.188004687,1,-0.410376728,1,0.063233636,1,0.210010901,0,-0.599838674,0,0.04939051,0
42.09054947,-5.05352211,1,-3.231999874,1,-8.004436493,1,0.185393825,1,-0.40545699,1,0.076013379,1,0.21079956,0,-0.601490796,0,0.049310789,0
42.09454727,-4.992086411,1,-3.505179405,1,-7.929594994,1,0.168557614,1,-0.395568043,1,0.090042002,1,0.211516067,0,-0.6031214,0,0.049284935,0
42.09854507,-5.098181725,1,-3.600784779,1,-7.91850853,1,0.156943589,1,-0.381168097,1,0.115700558,1,0.212113023,0,-0.604727268,0,0.049372468,0
42.10254669,-4.882812977,1,-3.984350443,1,-7.838296413,1,0.107753001,1,-0.375209749,1,0.1392079,1,0.212519854,0,-0.606303871,0,0.049593497,0
42.1065445,-5.123066902,1,-3.861317396,1,-7.750809193,1,0.072710708,1,-0.357863069,1,0.159790888,1,0.21268633,0,-0.607869625,0,0.049932837,0
42.1105423,-5.227825642,1,-3.539414644,1,-7.674634933,1,0.06218832,1,-0.340906858,1,0.170633942,1,0.212710425,0,-0.609376788,0,0.050358087,0
42.11454392,-5.204919338,1,-3.264404058,1,-7.710857868,1,0.058083974,1,-0.323530555,1,0.178088233,1,0.212660104,0,-0.610817254,0,0.05086349,0
42.1185379,-5.153040886,1,-2.99869132,1,-7.740290642,1,0.050530761,1,-0.304890215,1,0.185362086,1,0.212559313,0,-0.612198889,0,0.05141478,0
42.12253952,-5.084322453,1,-2.522476435,1,-7.774579525,1,0.056551684,1,-0.294140875,1,0.179119602,1,0.212448373,0,-0.613525748,0,0.051980283,0
42.12654114,-5.040599823,1,-2.225867271,1,-7.94866848,1,0.070900813,1,-0.290651053,1,0.17713435,1,0.212395281,0,-0.614814401,0,0.052528698,0
42.13053894,-5.036405563,1,-2.011619329,1,-8.011849403,1,0.096134216,1,-0.288430274,1,0.161007658,1,0.212411463,0,-0.616085231,0,0.053048838,0
42.13453674,-5.075612545,1,-2.099009275,1,-7.925726891,1,0.111432828,1,-0.284202516,1,0.154063433,1,0.21256128,0,-0.617343068,0,0.053512298,0
42.13853836,-5.057255268,1,-2.068170786,1,-8.035596848,1,0.132249415,1,-0.277334303,1,0.145184234,1,0.212810501,0,-0.618575275,0,0.053934734,0
42.14253998,-4.956840515,1,-2.308303118,1,-8.068311691,1,0.149957791,1,-0.278666824,1,0.139227912,1,0.213166386,0,-0.619788766,0,0.054322075,0
42.14653778,-4.975142956,1,-2.294956684,1,-8.091636658,1,0.162616596,1,-0.286540657,1,0.130942836,1,0.213576034,0,-0.620998442,0,0.054688629,0
42.1505394,-4.988213062,1,-2.262867928,1,-8.080373764,1,0.177979499,1,-0.282022268,1,0.131764293,1,0.214056805,0,-0.622226775,0,0.055025529,0
42.1545372,-4.941977501,1,-2.530132532,1,-8.11398983,1,0.179100901,1,-0.291259587,1,0.129215837,1,0.214588732,0,-0.623454869,0,0.055346616,0
42.158535,-4.903914928,1,-2.529547215,1,-8.104199409,1,0.181380168,1,-0.297090083,1,0.126387194,1,0.215120032,0,-0.62471664,0,0.055648893,0
42.16253662,-4.955677509,1,-2.41722846,1,-8.103905678,1,0.189398691,1,-0.301380754,1,0.12407805,1,0.215689301,0,-0.6259951,0,0.055928558,0
42.16653442,-4.975440502,1,-2.291682959,1,-8.136507988,1,0.205976427,1,-0.30701834,1,0.127601132,1,0.216307119,0,-0.62729907,0,0.056219563,0
42.17053223,-4.958100319,1,-2.575117111,1,-8.045022011,1,0.225771487,1,-0.309926957,1,0.132353187,1,0.216992483,0,-0.628625631,0,0.056515522,0
42.17453384,-4.951190472,1,-2.813071966,1,-8.026899338,1,0.22493653,1,-0.313541263,1,0.135029078,1,0.217711911,0,-0.6299541,0,0.056830339,0
42.17853165,-4.945307255,1,-2.89643383,1,-8.016803741,1,0.20302248,1,-0.317921162,1,0.140551209,1,0.218379021,0,-0.631307542,0,0.057155255,0
42.18252945,-5.06325388,1,-2.629106283,1,-7.905893803,1,0.205732852,1,-0.320198178,1,0.140167147,1,0.218990192,0,-0.632681668,0,0.057486136,0
42.18653107,-5.121417999,1,-2.808722019,1,-7.857564449,1,0.202167407,1,-0.325316787,1,0.146992058,1,0.219603986,0,-0.634061337,0,0.05783328,0
42.19052887,-5.088644505,1,-2.50710535,1,-7.951470852,1,0.185509667,1,-0.329914659,1,0.140022799,1,0.220169514,0,-0.635460019,0,0.058179449,0
42.19452667,-5.11359024,1,-2.310491085,1,-7.940683842,1,0.203653499,1,-0.33340627,1,0.135914892,1,0.241949439,0,-0.613679349,0,0.070903137,0
42.19852829,-5.311222553,1,-2.229215622,1,-8.019480705,1,0.206489086,1,-0.337961376,1,0.133762151,1,0.242627338,0,-0.615112126,0,0.071149297,0
42.20252609,-5.120999336,1,-2.212876081,1,-7.972860336,1,0.214012966,1,-0.343572766,1,0.119686544,1,0.243352488,0,-0.616556346,0,0.071350135,0
42.2065239,-5.260804176,1,-2.175727129,1,-8.014258385,1,0.228183791,1,-0.352018476,1,0.115661554,1,0.244152054,0,-0.618018746,0,0.071499102,0
42.21052551,-5.209181786,1,-2.126798868,1,-7.973423004,1,0.241950482,1,-0.355027795,1,0.10482163,1,0.245043591,0,-0.61949569,0,0.07158979,0
42.21452332,-5.187808037,1,-2.258876562,1,-7.894543648,1,0.251557678,1,-0.358277738,1,0.097558081,1,0.245995387,0,-0.620975375,0,0.071651369,0
42.21852112,-5.198625565,1,-2.406787872,1,-7.878191471,1,0.262510091,1,-0.36209023,1,0.088454038,1,0.247029409,0,-0.622465909,0,0.071650021,0
42.22252274,-5.263278484,1,-2.549888134,1,-7.872220516,1,0.261991709,1,-0.367465675,1,0.081692435,1,0.248096228,0,-0.623967946,0,0.07161478,0
42.22652054,-5.178152561,1,-2.663015842,1,-7.845283985,1,0.260421962,1,-0.372491181,1,0.075883538,1,0.249176204,0,-0.625481188,0,0.071542948,0
42.23051834,-5.234636307,1,-2.746697903,1,-7.885370255,1,0.258280486,1,-0.373946995,1,0.077572152,1,0.250265807,0,-0.62699914,0,0.071464777,0
42.23451996,-5.18086338,1,-2.742254972,1,-7.852797031,1,0.25656426,1,-0.376742482,1,0.081626944,1,0.251341909,0,-0.628532887,0,0.071373455,0
42.23851776,-5.199584007,1,-2.861667156,1,-7.878262997,1,0.251904219,1,-0.384479433,1,0.083527088,1,0.252406329,0,-0.630088031,0,0.071290314,0
42.24251556,-5.160032749,1,-2.883402586,1,-7.875010967,1,0.25229001,1,-0.388765305,1,0.091259062,1,0.253442615,0,-0.631665587,0,0.071221836,0
42.24651718,-5.196304798,1,-3.015717506,1,-7.906226158,1,0.237662345,1,-0.391216785,1,0.097176641,1,0.25445354,0,-0.633272052,0,0.071181342,0
42.25051498,-5.127609253,1,-2.884525061,1,-7.863090992,1,0.23171401,1,-0.403826565,1,0.10240785,1,0.255398333,0,-0.634909034,0,0.071159557,0
42.25451279,-5.2073493,1,-2.89578414,1,-8.011390686,1,0.240182191,1,-0.412922591,1,0.109357662,1,0.256348431,0,-0.636598825,0,0.071146809,0
42.2585144,-5.153812408,1,-2.879210711,1,-8.03813076,1,0.239681229,1,-0.419860423,1,0.114894181,1,0.257309258,0,-0.638330042,0,0.071154878,0
42.26251602,-5.116289616,1,-2.978695869,1,-8.116440773,1,0.243583709,1,-0.444095731,1,0.130965024,1,0.258241951,0,-0.640127718,0,0.071201429,0
42.26651382,-5.057151318,1,-3.107098818,1,-8.153952599,1,0.247226298,1,-0.46279037,1,0.141797408,1,0.259179264,0,-0.642018557,0,0.071276285,0
42.27051544,-5.075145245,1,-3.263829708,1,-8.165925026,1,0.248236388,1,-0.484826595,1,0.163352057,1,0.260097742,0,-0.64400202,0,0.071405225,0
42.27451325,-5.101037502,1,-3.594976664,1,-8.134676933,1,0.247473627,1,-0.511402905,1,0.186575204,1,0.260977566,0,-0.646102965,0,0.071609847,0
42.27851105,-4.946293354,1,-3.520621538,1,-8.090252876,1,0.233594522,1,-0.537286878,1,0.208336458,1,0.261769056,0,-0.648343861,0,0.071877845,0
42.28251267,-5.057685852,1,-3.229348898,1,-8.157442093,1,0.239853263,1,-0.567613602,1,0.232200652,1,0.262503326,0,-0.650718689,0,0.072221868,0
42.28651047,-5.056004524,1,-3.191180944,1,-8.271531105,1,0.246780545,1,-0.593039215,1,0.26087147,1,0.2632083,0,-0.653221965,0,0.072662257,0
42.29050827,-5.054258823,1,-3.197095394,1,-8.275164604,1,0.252644449,1,-0.630820394,1,0.280154556,1,0.263898045,0,-0.655865073,0,0.073173746,0
42.29450989,-4.897926807,1,-2.967540264,1,-8.528753281,1,0.260962069,1,-0.671412885,1,0.29055503,1,0.264586598,0,-0.65867573,0,0.073717751,0
42.29850769,-5.004182816,1,-2.908328772,1,-8.492273331,1,0.278710574,1,-0.700000286,1,0.312499285,1,0.265315682,0,-0.661634684,0,0.074288845,0
42.30250549,-5.026281834,1,-3.206965923,1,-8.307431221,1,0.275789022,1,-0.755877852,1,0.336983949,1,0.266055584,0,-0.664779544,0,0.074896403,0
42.30650711,-5.178364277,1,-3.313946009,1,-8.1201334,1,0.274352908,1,-0.787970006,1,0.357702762,1,0.266751111,0,-0.668121338,0,0.075562209,0
42.31050491,-5.214898586,1,-4.088260651,1,-7.891798019,1,0.236682683,1,-0.776277304,1,0.381005943,1,0.26733461,0,-0.671559453,0,0.076312713,0
42.31450272,-5.496643543,1,-2.963623762,1,-8.570908546,1,0.308286369,1,-0.861869395,1,0.395985126,1,0.267958283,0,-0.675129235,0,0.077095985,0
42.31850433,-4.86322403,1,-2.90321207,1,-8.137261391,1,0.23647444,1,-0.882030785,1,0.423854083,1,0.268501639,0,-0.678894818,0,0.077960245,0
42.32250214,-5.175858974,1,-3.134888887,1,-8.012251854,1,0.229395464,1,-0.922642052,1,0.409692228,1,0.268886387,0,-0.682832897,0,0.078809246,0
42.32649994,-5.202184677,1,-2.862502575,1,-8.385892868,1,0.234309614,1,-0.962892115,1,0.421566993,1,0.269343168,0,-0.686906993,0,0.0795656,0
42.33050156,-5.179200649,1,-3.196340799,1,-8.144069672,1,0.225524336,1,-1.009879589,1,0.445431858,1,0.26975736,0,-0.691174865,0,0.080376431,0
42.33449936,-5.288472652,1,-3.798704386,1,-8.108605385,1,0.219585821,1,-1.062060714,1,0.458400846,1,0.270125657,0,-0.695646942,0,0.081199758,0
42.33849716,-5.346889973,1,-4.053964138,1,-8.345293045,1,0.204544187,1,-1.099818945,1,0.475545317,1,0.270443052,0,-0.700317979,0,0.082034536,0
42.34249878,-4.974667072,1,-3.954240799,1,-8.404156685,1,0.174736887,1,-1.154742837,1,0.507614851,1,0.270617723,0,-0.705183208,0,0.082939595,0
42.34649658,-4.909707069,1,-3.762187958,1,-8.584566116,1,0.152675435,1,-1.217819691,1,0.535128653,1,0.270604402,0,-0.710307002,0,0.083929703,0
42.35049439,-5.199630737,1,-3.536314249,1,-8.593811035,1,0.147508591,1,-1.282574654,1,0.55204457,1,0.270539314,0,-0.715710104,0,0.084928788,0
42.354496,-5.206350803,1,-3.281511068,1,-8.536765099,1,0.14784883,1,-1.354159951,1,0.573588252,1,0.27046743,0,-0.721392512,0,0.085940622,0
42.35849381,-5.341704845,1,-3.143324852,1,-8.615588188,1,0.149656311,1,-1.42478466,1,0.584364295,1,0.27039659,0,-0.727361739,0,0.086952642,0
42.36249161,-5.281190395,1,-3.070019245,1,-8.564837456,1,0.145282194,1,-1.492184639,1,0.603814244,1,0.270325124,0,-0.733619392,0,0.087936349,0
42.36649323,-5.483744621,1,-3.072271109,1,-8.714007378,1,0.132642448,1,-1.562711477,1,0.626404226,1,0.270209432,0,-0.740163028,0,0.088944592,0
42.37049103,-5.447451115,1,-3.124485493,1,-8.685996056,1,0.108384646,1,-1.638079643,1,0.640778124,1,0.270013094,0,-0.747008801,0,0.089944594,0
42.37448883,-5.400631905,1,-3.091242552,1,-8.841158867,1,0.091026351,1,-1.696498394,1,0.652950346,1,0.26974082,0,-0.754133284,0,0.090932667,0
42.37849045,-5.731492519,1,-2.919439077,1,-8.981472015,1,0.051082909,1,-1.761412501,1,0.672422707,1,0.269332528,0,-0.761512697,0,0.09193413,0
42.38248444,-4.99911499,1,-2.490732908,1,-8.688562393,1,0.056902219,1,-1.862413764,1,0.688736141,1,0.268868029,0,-0.769207537,0,0.092910767,0
42.38648987,-5.454527378,1,-2.405146599,1,-8.81565094,1,0.090772972,1,-1.945306182,1,0.701380551,1,0.268536866,0,-0.777296662,0,0.093817554,0
42.39049149,-5.624185562,1,-2.479900122,1,-8.721571922,1,0.107211977,1,-2.029599905,1,0.724262953,1,0.26829803,0,-0.785711288,0,0.094730377,0
42.39448929,-5.569625854,1,-2.970317125,1,-8.679819107,1,0.103809476,1,-2.115356445,1,0.74819386,1,0.268072546,0,-0.794479549,0,0.095642425,0
42.39848709,-5.610458851,1,-3.258145809,1,-8.827044487,1,0.088370815,1,-2.199953794,1,0.774419248,1,0.267797321,0,-0.803607345,0,0.096571162,0
42.40248871,-5.162773609,1,-3.044104815,1,-8.834740639,1,0.085692286,1,-2.297005653,1,0.804127276,1,0.267447948,0,-0.81311965,0,0.097529948,0
42.40648651,-5.313285351,1,-2.975249052,1,-8.949811935,1,0.10701783,1,-2.417664051,1,0.847741961,1,0.26709038,0,-0.823078573,0,0.098547421,0
42.41048431,-5.228829861,1,-2.959903717,1,-8.981126785,1,0.129232138,1,-2.525056839,1,0.878019035,1,0.266760021,0,-0.833526134,0,0.099610768,0
42.41448593,-5.20853138,1,-3.181939125,1,-8.947237015,1,0.143692896,1,-2.652070761,1,0.926796734,1,0.266453385,0,-0.844454288,0,0.10075333,0
42.41848373,-5.541333675,1,-3.20582962,1,-9.157325745,1,0.168067694,1,-2.780956507,1,0.96949774,1,0.266169459,0,-0.855935633,0,0.101959012,0
42.42248154,-5.395799637,1,-3.184833527,1,-9.169810295,1,0.199433818,1,-2.907234669,1,1.024640799,1,0.265904844,0,-0.867968023,0,0.1032767,0
42.42648315,-5.103386402,1,-3.628092289,1,-9.41394043,1,0.218694806,1,-3.071078539,1,1.070748568,1,0.265631169,0,-0.880596519,0,0.104696847,0
42.43048096,-5.19065094,1,-3.848315239,1,-9.685233116,1,0.225547507,1,-3.223118305,1,1.126875162,1,0.265361011,0,-0.893892467,0,0.106197692,0
42.43447876,-4.919834137,1,-4.251547337,1,-9.807225227,1,0.216672301,1,-3.422634363,1,1.201249361,1,0.264981389,0,-0.907919824,0,0.107829303,0
42.43848038,-5.440482616,1,-4.830807209,1,-10.21197033,1,0.194499627,1,-3.614167452,1,1.270757079,1,0.264389962,0,-0.922804952,0,0.109616615,0
42.44247818,-5.661083221,1,-4.92698431,1,-10.39986897,1,0.17454198,1,-3.807821989,1,1.361017346,1,0.263503224,0,-0.938496709,0,0.111639269,0
42.44647598,-5.362623692,1,-5.676260948,1,-10.53101349,1,0.149111137,1,-4.025621891,1,1.483393192,1,0.261511505,0,-0.954700232,0,0.089291826,0
42.4504776,-5.148294449,1,-5.819995403,1,-10.78741932,1,0.145534575,1,-4.247189045,1,1.597061038,1,0.259677351,0,-0.972264647,0,0.092237324,0
42.4544754,-4.331082821,1,-6.067995548,1,-10.79143906,1,0.158039749,1,-4.526025772,1,1.743990541,1,0.257322639,0,-0.990931809,0,0.095798023,0
42.45847321,-4.0209589,1,-6.043848991,1,-11.15315819,1,0.185873151,1,-4.825072289,1,1.875524282,1,0.254459023,0,-1.010845304,0,0.100008041,0
42.46247482,-4.166854858,1,-6.066253662,1,-11.72612,1,0.198997408,1,-5.129206181,1,2.044780016,1,0.250957131,0,-1.032074094,0,0.105014615,0
42.46647263,-4.183774948,1,-6.341534138,1,-11.75964451,1,0.229288757,1,-5.44555378,1,2.226119995,1,0.246515602,0,-1.054665685,0,0.111129925,0
42.47047043,-5.04956007,1,-7.032113075,1,-12.03012657,1,0.222169399,1,-5.754183769,1,2.39990139,1,0.240942866,0,-1.078649282,0,0.118524209,0
42.47447205,-6.500457287,1,-7.395432949,1,-12.01732731,1,0.214089453,1,-6.027697563,1,2.563915014,1,0.23389484,0,-1.103892446,0,0.127447903,0
42.47846985,-7.409946918,1,-8.504449844,1,-11.61597538,1,0.178133473,1,-6.24814558,1,2.739502907,1,0.224973872,0,-1.130236626,0,0.138261765,0
42.48246765,-7.966313362,1,-8.860641479,1,-12.23201942,1,0.168405816,1,-6.444249153,1,2.889534473,1,0.213662818,0,-1.157476664,0,0.151460782,0
42.48646927,-10.47601891,1,-8.528473854,1,-12.68792629,1,0.175355658,1,-6.511121273,1,3.007555962,1,0.199578151,0,-1.185274363,0,0.167473063,0
42.49046707,-11.06840897,1,-7.908678055,1,-11.91574192,1,0.200585559,1,-6.577898979,1,3.181350231,1,0.181883857,0,-1.213320136,0,0.187265515,0
42.49446487,-9.656578064,1,-7.016615391,1,-11.83257771,1,0.246101856,1,-6.733809471,1,3.329793215,1,0.159456283,0,-1.241729736,0,0.212011635,0
42.49846649,-11.49452877,1,-5.358780384,1,-11.68354034,1,0.372269243,1,-6.893885612,1,3.447597504,1,0.131527081,0,-1.270706534,0,0.242615655,0
42.50246429,-14.11329937,1,-5.478835583,1,-13.72414207,1,0.548503757,1,-6.978857994,1,3.537344456,1,0.096752942,0,-1.299926281,0,0.280786872,0
42.50646973,-18.55518913,1,-5.765068054,1,-14.88009071,1,0.728965819,1,-6.785146236,1,3.591803312,1,0.053115532,0,-1.328494787,0,0.328577697,0
42.51046753,-18.16848755,1,-5.679388046,1,-13.89627838,1,0.860167682,1,-6.50260067,1,3.626571894,1,-0.002979896,0,-1.355364561,0,0.389342636,0
42.51446533,-14.85189438,1,-9.286561012,1,-12.75508022,1,0.845656514,1,-6.587882042,1,3.790809631,1,-0.07675612,0,-1.380986094,0,0.468215615,0
42.51846695,-18.54170799,1,-9.652556419,1,-13.18300819,1,0.783027947,1,-6.469922543,1,3.857196569,1,-0.176429808,0,-1.405018449,0,0.572777092,0
42.52246857,-20.45681381,1,-10.81200695,1,-12.61347771,1,0.578066051,1,-6.254123211,1,4.016126633,1,-0.310460389,0,-1.425992727,0,0.71124202,0
42.52646256,-19.20305443,1,-11.64736366,1,-11.37431908,1,0.28325814,1,-6.148089409,1,4.143875599,1,-0.488756686,0,-1.442528367,0,0.892925739,0
42.53046417,-21.55023003,1,-11.16564274,1,-11.95855427,1,-0.0035726,1,-5.946400166,1,4.188771248,1,-0.711023331,0,-1.453149557,0,1.117413521,0
42.53446579,-22.33414268,1,-10.40737438,1,-11.19829369,1,-0.241740167,1,-5.630010605,1,4.239222527,1,-0.95611167,0,-1.456311822,0,1.36367023,0
42.53845978,-20.94750404,1,-9.081632614,1,-10.69505882,1,-0.52294302,1,-5.349797726,1,4.294180393,1,-1.192166448,0,-1.451680899,0,1.599782586,0
42.5424614,-20.25598907,1,-7.185251713,1,-11.12957001,1,-0.651467323,1,-5.030425072,1,4.117101192,1,-1.391897202,0,-1.441158175,0,1.798624396,0
42.54646301,-16.41162491,1,-5.116779327,1,-9.478603363,1,-0.645764351,1,-4.6563344,1,4.026991367,1,-1.546709538,0,-1.426896811,0,1.952251554,0
42.55046082,-10.82255459,1,-3.877602577,1,-9.336154938,1,-0.599059999,1,-4.260855675,1,3.89632988,1,-1.662063479,0,-1.410417676,0,2.06642127,0
42.55445862,-4.055810928,1,-1.878344417,1,-9.438843727,1,-0.380416632,1,-3.896641254,1,3.669864416,1,-1.747018099,0,-1.393224597,0,2.150568247,0
42.55846024,-1.165127635,1,-3.026732206,1,-8.368314743,1,-0.15952225,1,-3.620854139,1,3.564032555,1,-1.809861779,0,-1.376033187,0,2.213437319,0
42.56245422,-6.111414433,1,-0.30396986,1,-10.06157398,1,0.067893028,1,-3.482650995,1,3.546050787,1,-1.858747244,0,-1.358534336,0,2.26312685,0
42.56645584,-9.581033707,1,0.724787474,1,-11.26239109,1,0.537442923,1,-3.269010067,1,3.4099195,1,-1.896104693,0,-1.341196656,0,2.302612305,0
42.57045746,-17.43447495,1,1.13460052,1,-10.71138859,1,0.981397152,1,-3.055711746,1,3.241892099,1,-1.924078226,0,-1.324394107,0,2.334528685,0
42.57445145,-30.10643196,1,0.784158289,1,-14.01113224,1,1.368512154,1,-2.45367074,1,2.883260012,1,-1.942951322,0,-1.308908224,0,2.358926535,0
42.57845306,-22.69978333,1,-2.736092091,1,-15.87052727,1,1.560235977,1,-1.473734379,1,2.36089325,1,-1.949571133,0,-1.296270609,0,2.371882677,0
42.58245468,-11.36349392,1,-4.126302242,1,-14.03323364,1,1.747492194,1,-0.730903327,1,1.939875603,1,-1.946073532,0,-1.286710978,0,2.375130892,0
42.58644867,-5.242691994,1,-4.721866131,1,-11.45649529,1,1.907259464,1,-0.355285078,1,1.661350131,1,-1.936596394,0,-1.279273868,0,2.372876644,0
42.59045029,-6.650249004,1,-5.903475285,1,-10.6924057,1,1.967743754,1,-0.091826655,1,1.450985789,1,-1.924365401,0,-1.27312851,0,2.368242979,0
42.5944519,-8.411737442,1,-6.78606987,1,-11.05406761,1,1.854301453,1,0.249300018,1,1.206188083,1,-1.909942389,0,-1.268213987,0,2.361183643,0
42.59844971,-6.153672695,1,-7.151919365,1,-10.57435799,1,1.667429328,1,0.585308373,1,0.940921068,1,-1.893402934,0,-1.264701962,0,2.351228237,0
42.60244751,-3.031816483,1,-6.836880684,1,-9.263730049,1,1.517095208,1,0.79695785,1,0.717541635,1,-1.875419378,0,-1.262426615,0,2.339039326,0
42.60644913,-1.597969055,1,-6.317824841,1,-8.288707733,1,1.367368937,1,0.92351824,1,0.536171496,1,-1.85706234,0,-1.261029482,0,2.325816154,0
42.61044312,-0.334295452,1,-5.849867344,1,-7.657717705,1,1.203309536,1,1.041064382,1,0.365818381,1,-1.838559151,0,-1.260365248,0,2.311786652,0
42.61444473,0.891540408,1,-5.156528473,1,-7.072902679,1,1.059490561,1,1.138157845,1,0.189708784,1,-1.82000339,0,-1.260402441,0,2.297044277,0
42.61844635,1.631045461,1,-4.314200878,1,-6.583614826,1,0.953478873,1,1.198361397,1,0.020251585,1,-1.801505089,0,-1.261092544,0,2.281834602,0
42.62244415,2.326604605,1,-3.586358786,1,-6.215135098,1,0.891618967,1,1.250136375,1,-0.137263894,1,-1.78301394,0,-1.262397051,0,2.266287088,0
42.62644577,2.831709623,1,-2.923171282,1,-6.06017971,1,0.863823354,1,1.301572084,1,-0.279531658,1,-1.764333129,0,-1.264244556,0,2.250363111,0
42.63044739,3.106453657,1,-2.344170332,1,-5.995629787,1,0.851430416,1,1.349686742,1,-0.415180117,1,-1.745194197,0,-1.266581774,0,2.233891487,0
42.63444519,3.33101511,1,-1.858184814,1,-5.983612537,1,0.855831027,1,1.407468915,1,-0.539341986,1,-1.72536695,0,-1.26937592,0,2.216693401,0
42.63844299,3.417423248,1,-1.437847495,1,-6.051970482,1,0.890843511,1,1.475518584,1,-0.659812689,1,-1.704537868,0,-1.27257669,0,2.198541403,0
42.64244461,3.246366262,1,-1.213624001,1,-6.199452877,1,0.93351233,1,1.555014729,1,-0.763159871,1,-1.682350397,0,-1.276148915,0,2.179159641,0
42.64644241,2.940040588,1,-1.136662602,1,-6.34137249,1,0.969920337,1,1.657078266,1,-0.849019229,1,-1.65842247,0,-1.280003786,0,2.158144712,0
42.65044022,2.570041418,1,-1.204877615,1,-6.642158985,1,0.981144071,1,1.772710204,1,-0.921716154,1,-1.63241601,0,-1.284056187,0,2.135098457,0
42.65444183,2.235102892,1,-1.261868,1,-6.920054913,1,0.976534486,1,1.91865468,1,-0.977527142,1,-1.603930235,0,-1.28820467,0,2.109496117,0
42.65843964,1.901559949,1,-1.217926502,1,-7.210665226,1,0.960606813,1,2.073793888,1,-1.018052816,1,-1.572586894,0,-1.292327404,0,2.080912113,0
42.66243744,1.551154375,1,-0.973457575,1,-7.473641872,1,0.945319474,1,2.255144835,1,-1.046672344,1,-1.538046956,0,-1.296329975,0,2.048975468,0
42.66643906,1.10470593,1,-0.615284801,1,-7.756055832,1,0.944402218,1,2.444440603,1,-1.066687822,1,-1.499925613,0,-1.300073147,0,2.013316393,0
42.67043686,0.618859649,1,-0.254023969,1,-8.10080719,1,0.958087444,1,2.65200448,1,-1.07427454,1,-1.457913399,0,-1.303414822,0,1.973670483,0
42.67443466,0.182111919,1,0.070257194,1,-8.415280342,1,0.989075661,1,2.869882584,1,-1.080013633,1,-1.41167891,0,-1.306187391,0,1.92978847,0
42.67843628,-0.301265597,1,0.428139031,1,-8.691976547,1,1.044921756,1,3.093768597,1,-1.077879429,1,-1.361217976,0,-1.308257937,0,1.881737113,0
42.68243408,-0.676562428,1,0.767243981,1,-8.872074127,1,1.107965112,1,3.321138144,1,-1.075093508,1,-1.306605577,0,-1.309429765,0,1.829662561,0
42.68643189,-1.202500939,1,0.933105946,1,-8.995862007,1,1.188468337,1,3.56388545,1,-1.065167904,1,-1.248114109,0,-1.309543967,0,1.773870349,0
42.6904335,-1.346273661,1,0.925554514,1,-8.994887352,1,1.269016385,1,3.783443213,1,-1.049067736,1,-1.186265945,0,-1.308424592,0,1.714939833,0
42.69443131,-1.604465008,1,0.893470645,1,-8.977521896,1,1.358091474,1,4.011062145,1,-1.038426638,1,-1.124091268,0,-1.302641511,0,1.628451228,0
42.69842911,-1.962652087,1,0.854074836,1,-9.079125404,1,1.435889006,1,4.224524498,1,-1.020472288,1,-1.058858156,0,-1.298706293,0,1.566563129,0
42.70243073,-2.209721088,1,0.763511121,1,-9.026918411,1,1.510472178,1,4.436276436,1,-1.006780624,1,-0.992935836,0,-1.293199182,0,1.5042032,0
42.70642853,-2.43837738,1,0.758722961,1,-8.903944016,1,1.577693462,1,4.635779381,1,-0.985907912,1,-0.927359462,0,-1.286053181,0,1.442383766,0
42.71042633,-2.654836416,1,0.653439105,1,-8.828222275,1,1.643719196,1,4.824358463,1,-0.969112456,1,-0.863037407,0,-1.277273893,0,1.382003665,0
42.71442795,-2.983557224,1,0.508313298,1,-8.772395134,1,1.701997876,1,5.008580208,1,-0.964909732,1,-0.800656974,0,-1.266872764,0,1.323735952,0
42.71842575,-3.172405005,1,0.399690747,1,-8.739409447,1,1.75787735,1,5.177862644,1,-0.958981991,1,-0.740796447,0,-1.254934192,0,1.268154621,0
42.72242737,-3.302768946,1,0.337805003,1,-8.690452576,1,1.815195322,1,5.329573631,1,-0.967175126,1,-0.683818996,0,-1.241532087,0,1.215611935,0
42.72642517,-3.421217918,1,0.278655291,1,-8.581695557,1,1.86190629,1,5.46728611,1,-0.973714292,1,-0.629986465,0,-1.226787329,0,1.166365862,0
42.73042297,-3.708545208,1,0.217167079,1,-8.588438034,1,1.914249301,1,5.580331326,1,-0.97939235,1,-0.579459429,0,-1.210831046,0,1.120579004,0
42.73442078,-4.022045612,1,0.188350454,1,-8.493732452,1,1.965391636,1,5.698584557,1,-1.004487038,1,-0.532135725,0,-1.193757057,0,1.078164935,0
42.73842239,-4.06355381,1,0.279462725,1,-8.382951736,1,2.033256531,1,5.794418335,1,-1.027802944,1,-0.487819821,0,-1.175665855,0,1.038958311,0
42.7424202,-4.122728825,1,0.276936352,1,-8.333061218,1,2.098600388,1,5.8703022,1,-1.064471841,1,-0.446317196,0,-1.156715274,0,1.002788067,0
42.74642563,-4.291628838,1,0.348792613,1,-8.215013504,1,2.175827026,1,5.930978298,1,-1.101673126,1,-0.407396317,0,-1.137020946,0,0.969458342,0
42.75042725,-4.186038017,1,0.325406045,1,-8.078938484,1,2.255316019,1,5.978577614,1,-1.138850689,1,-0.370823681,0,-1.116669059,0,0.938775897,0
42.75442505,-4.200550556,1,0.321086138,1,-7.998569489,1,2.342318773,1,6.002759933,1,-1.165441036,1,-0.336443126,0,-1.095779896,0,0.910599828,0
42.75842285,-4.146215439,1,0.272510767,1,-7.947801113,1,2.42184186,1,6.004286289,1,-1.200961113,1,-0.30407238,0,-1.074468374,0,0.88476938,0
42.76242447,-3.900803089,1,0.257863581,1,-7.849437714,1,2.521391869,1,5.989470005,1,-1.220097423,1,-0.273524225,0,-1.052849054,0,0.861128688,0
42.76642227,-3.988030195,1,0.118540742,1,-7.896272182,1,2.5999856,1,5.956753254,1,-1.241674423,1,-0.244653299,0,-1.031023264,0,0.839553773,0
42.77042007,-4.266580582,1,-0.006334363,1,-8.076131821,1,2.684916258,1,5.915184021,1,-1.256177902,1,-0.217311144,0,-1.009054184,0,0.819880247,0
42.77442169,-4.428824425,1,-0.179725781,1,-8.261312485,1,2.764253139,1,5.873276234,1,-1.263316751,1,-0.191332579,0,-0.987007916,0,0.801937461,0
42.7784195,-4.67766571,1,-0.497410566,1,-8.33490181,1,2.835880518,1,5.817459106,1,-1.273583055,1,-0.166592553,0,-0.964893341,0,0.785589159,0
42.7824173,-5.08538866,1,-0.821261227,1,-8.566141129,1,2.901051044,1,5.764892101,1,-1.280673623,1,-0.142951801,0,-0.942788661,0,0.770678997,0
42.78641892,-5.349829197,1,-0.951215923,1,-8.896606445,1,2.962947369,1,5.725839615,1,-1.289916873,1,-0.120296218,0,-0.920680583,0,0.757066071,0
42.79041672,-5.62658596,1,-1.156230211,1,-9.222185135,1,3.012345314,1,5.672478676,1,-1.300642848,1,-0.098522626,0,-0.898588061,0,0.744626462,0
42.79441452,-6.102921009,1,-1.296313405,1,-9.604536057,1,3.068982124,1,5.635668755,1,-1.305253029,1,-0.077526964,0,-0.87652725,0,0.733246624,0
42.79841614,-6.71900034,1,-1.452957034,1,-9.978233337,1,3.122248888,1,5.600596905,1,-1.322174907,1,-0.057212882,0,-0.854466736,0,0.722832084,0
42.80241394,-7.170270443,1,-1.665859222,1,-10.33694744,1,3.182580948,1,5.58136034,1,-1.355852842,1,-0.037407674,0,-0.832385123,0,0.713194489,0
42.80641174,-7.527402401,1,-1.769535422,1,-10.66328049,1,3.251866341,1,5.55132103,1,-1.41173768,1,-0.017932767,0,-0.81027168,0,0.704170823,0
42.81041336,-7.939457417,1,-1.770644665,1,-11.02809525,1,3.309627533,1,5.528363228,1,-1.490696073,1,0.001334043,0,-0.788167655,0,0.695593894,0
42.81441116,-8.264398575,1,-1.994873047,1,-11.4192915,1,3.36891818,1,5.492115021,1,-1.593129635,1,0.020512968,0,-0.766064882,0,0.687296093,0
42.81840897,-8.691964149,1,-2.112891674,1,-11.77610302,1,3.424245358,1,5.45704031,1,-1.734866738,1,0.039732598,0,-0.743970037,0,0.679081857,0
42.82241058,-9.073086739,1,-2.123723269,1,-12.20492268,1,3.469527721,1,5.392147064,1,-1.902674794,1,0.059100024,0,-0.72193712,0,0.670750737,0
42.82640839,-9.423985481,1,-1.962412953,1,-12.74066925,1,3.511607409,1,5.313818455,1,-2.1079216,1,0.078677192,0,-0.700019479,0,0.662154794,0
42.83040619,-9.881559372,1,-1.773979545,1,-13.27793789,1,3.544827461,1,5.223311901,1,-2.331097126,1,0.098533191,0,-0.678239465,0,0.6531322,0
42.83440781,-10.44265842,1,-1.519353271,1,-13.76356792,1,3.569878817,1,5.12624836,1,-2.573361397,1,0.118668154,0,-0.656597912,0,0.643589973,0
42.83840561,-11.15757751,1,-1.201190114,1,-14.24355507,1,3.585870028,1,5.021733284,1,-2.836004496,1,0.13909021,0,-0.63507241,0,0.633434415,0
42.84240341,-11.97900963,1,-0.99560684,1,-14.67735481,1,3.585333824,1,4.918966293,1,-3.102619648,1,0.159750089,0,-0.613630891,0,0.62262094,0
42.84640503,-12.95115566,1,-0.878667712,1,-15.24254513,1,3.560872555,1,4.8190732,1,-3.355854988,1,0.180545837,0,-0.592246711,0,0.611175656,0
42.85040283,-14.07253838,1,-0.760707915,1,-15.79750824,1,3.505949497,1,4.706109047,1,-3.605130911,1,0.201303512,0,-0.570900202,0,0.59914279,0
42.85440064,-15.48959541,1,-0.723835945,1,-16.28333092,1,3.415343285,1,4.602644444,1,-3.825276375,1,0.221812412,0,-0.54957062,0,0.58660692,0
42.85840225,-17.26450729,1,0.027147977,1,-16.83824539,1,3.292066574,1,4.507390022,1,-4.025099277,1,0.241870046,0,-0.528226078,0,0.573669612,0
42.86240006,-19.19133377,1,1.527171016,1,-17.40473938,1,3.163238764,1,4.411002159,1,-4.192062855,1,0.261316329,0,-0.506867349,0,0.560446382,0
42.86640549,-21.4552269,1,4.039634705,1,-17.50142479,1,3.077090263,1,4.333350658,1,-4.327573776,1,0.280153394,0,-0.485464811,0,0.547069132,0
42.87040329,-24.14001083,1,6.578892708,1,-16.91964722,1,3.065261364,1,4.304600239,1,-4.392216682,1,0.29848361,0,-0.463937372,0,0.533795476,0
42.87440109,-26.41527748,1,8.513011932,1,-15.64556313,1,3.130685568,1,4.343307018,1,-4.364418507,1,0.316448569,0,-0.442157656,0,0.521029472,0
42.87840271,-28.59762001,1,9.158495903,1,-13.84527302,1,3.226512909,1,4.425540924,1,-4.246671677,1,0.334099948,0,-0.420034915,0,0.509207666,0
42.88240433,-30.6331501,1,7.709609985,1,-11.80237389,1,3.262610435,1,4.541398525,1,-4.02224493,1,0.351268232,0,-0.39758867,0,0.498772353,0
42.88640213,-31.72035789,1,5.202888966,1,-9.546435356,1,3.115629911,1,4.647031784,1,-3.710171461,1,0.367343366,0,-0.374941766,0,0.490103155,0
42.89039993,-31.54068756,1,3.485417128,1,-7.178236485,1,2.78364563,1,4.65836668,1,-3.304787397,1,0.381558895,0,-0.35245508,0,0.483416706,0
42.89440155,-30.79650497,1,3.285341978,1,-4.977397442,1,2.38828516,1,4.551363468,1,-2.858128786,1,0.393490076,0,-0.330726236,0,0.478689969,0
42.89839935,-29.67868423,1,4.670384884,1,-2.975135088,1,2.006745338,1,4.353429794,1,-2.426999807,1,0.403199375,0,-0.31018582,0,0.475724608,0
42.90239716,-28.34642601,1,8.084235191,1,-1.050363183,1,1.751476645,1,4.035135746,1,-2.026644945,1,0.411162883,0,-0.291231483,0,0.47414425,0
42.90639877,-27.15267372,1,11.93888664,1,0.916576684,1,1.65620327,1,3.650617838,1,-1.658025026,1,0.41808629,0,-0.274180233,0,0.473584831,0
42.91039658,-27.081707,1,15.5161438,1,2.801625967,1,1.744373918,1,3.212326527,1,-1.312819719,1,0.424782693,0,-0.25921908,0,0.47378993,0
42.91439438,-27.73750496,1,18.28647423,1,4.331144333,1,1.965310335,1,2.760963678,1,-0.987338066,1,0.431967914,0,-0.246451199,0,0.474602073,0
42.918396,-28.5514183,1,20.33268929,1,5.414079666,1,2.277900457,1,2.313653946,1,-0.668078244,1,0.440123916,0,-0.23585774,0,0.475926578,0
42.9223938,-26.33789825,1,18.40863991,1,4.110825539,1,2.491244078,1,1.81958878,1,-0.346935391,1,0.449381053,0,-0.22747691,0,0.477697939,0
42.9263916,-21.57618141,1,5.454218864,1,6.377674103,1,1.267202139,1,0.915601969,1,0.266593009,1,0.456639051,0,-0.222280174,0,0.47997579,0
42.93039322,-36.45022583,1,9.582208633,1,10.06906033,1,0.490673155,1,-0.101018965,1,0.912470937,1,0.459421545,0,-0.222103909,0,0.482902944,0
42.93439102,-27.81510735,1,12.17171383,1,13.0274229,1,-0.565686285,1,-0.492580116,1,1.229270458,1,0.458620131,0,-0.225071624,0,0.486301571,0
42.93838882,-20.76144981,1,9.864220619,1,13.76238918,1,-1.666127205,1,-1.168092489,1,1.737808347,1,0.453241527,0,-0.230563611,0,0.490248501,0
42.94239044,-24.00577927,1,11.73380661,1,13.88033676,1,-2.764650106,1,-1.99302423,1,2.410971165,1,0.443230182,0,-0.239849463,0,0.495105654,0
42.94638825,-29.42874908,1,17.05900002,1,13.93290043,1,-3.495403528,1,-2.544864416,1,3.079873562,1,0.416360974,0,-0.24702239,0,0.469441503,0
42.95038605,-26.41791344,1,26.76549149,1,10.28197575,1,-3.29671073,1,-3.1629076,1,3.839354515,1,0.400339216,0,-0.26306659,0,0.47796753,0
42.95438767,-3.111721039,1,26.03292084,1,0.33106634,1,-2.54322958,1,-3.134819746,1,4.316001415,1,0.385846734,0,-0.281021178,0,0.488595515,0
42.95838547,-2.238234043,1,14.158144,1,-10.45497704,1,-2.058176041,1,-3.330015421,1,4.682878494,1,0.37310946,0,-0.299604058,0,0.501224935,0
42.96238327,-14.4542017,1,1.319609165,1,-22.73103714,1,-1.689555526,1,-3.311032772,1,4.525118828,1,0.361666292,0,-0.318808377,0,0.514293313,0
42.96638489,-10.25480461,1,-13.66137028,1,-30.60195732,1,-1.439644694,1,-2.848361015,1,4.200246811,1,0.351356238,0,-0.336446881,0,0.527024031,0
42.97038269,-6.98151207,1,-24.97032547,1,-29.53449249,1,-1.541757226,1,-2.446095705,1,3.849526882,1,0.341356337,0,-0.351811886,0,0.539346874,0
42.97438049,-14.13885975,1,-35.40928268,1,-22.36215782,1,-2.082989931,1,-2.298853159,1,3.399675369,1,0.330129504,0,-0.365585834,0,0.550610065,0
42.97838211,-17.76583672,1,-31.28754616,1,-14.88048744,1,-2.349630594,1,-2.280709267,1,3.017735004,1,0.317722142,0,-0.37827462,0,0.560608983,0
42.98237991,-22.25543404,1,-23.48570061,1,-9.332946777,1,-2.784476519,1,-2.312392235,1,2.531839371,1,0.304391742,0,-0.390457034,0,0.568965614,0
42.98638153,-20.44496918,1,-13.08612728,1,-6.196491241,1,-2.940043211,1,-2.520353317,1,1.925822139,1,0.290420949,0,-0.402161121,0,0.575148821,0
42.99038315,-18.7145462,1,-4.852916718,1,-4.486971855,1,-2.868799925,1,-2.871186018,1,1.315410614,1,0.277351856,0,-0.414435655,0,0.578630924,0
42.99438095,-18.35983276,1,2.360886097,1,-8.751696587,1,-2.737509966,1,-2.768045664,1,0.768520057,1,0.265681148,0,-0.426445514,0,0.579661489,0
42.99838257,-19.57713318,1,9.425222397,1,-14.36156654,1,-2.562738895,1,-2.503027916,1,0.526765883,1,0.255185276,0,-0.437375546,0,0.579306662,0
43.00238037,-22.92746925,1,16.04240799,1,-20.14532471,1,-2.264780283,1,-1.826940656,1,0.488085598,1,0.245605528,0,-0.446331531,0,0.579039276,0
43.00637817,-21.40726089,1,20.74275208,1,-22.50696182,1,-1.754927516,1,-1.023718357,1,0.628163576,1,0.237115324,0,-0.452369481,0,0.57990247,0
43.01037979,-15.22098255,1,22.76910019,1,-21.11629486,1,-1.143922329,1,-0.412353784,1,0.80450058,1,0.230260149,0,-0.455796361,0,0.58231467,0
43.01437759,-5.118225098,1,17.46992874,1,-15.94377232,1,-0.544419944,1,-0.188547224,1,0.844344437,1,0.225459918,0,-0.457568467,0,0.585640609,0
43.0183754,0.071689084,1,7.112339497,1,-11.57849026,1,-0.220638976,1,-0.376335829,1,0.816637158,1,0.222505033,0,-0.459347546,0,0.589026988,0
43.02237701,1.599715471,1,-2.2056005,1,-7.853434086,1,-0.106098659,1,-0.680703282,1,0.701324582,1,0.220652625,0,-0.462070614,0,0.59183073,0
43.02637482,0.149608672,1,-8.270623207,1,-6.714379787,1,-0.144943357,1,-0.922185183,1,0.535216212,1,0.219310552,0,-0.465789229,0,0.593761265,0
43.03037262,-3.4462955,1,-9.833130836,1,-6.946491718,1,-0.217334375,1,-0.954025924,1,0.383014977,1,0.218123779,0,-0.469909489,0,0.594812691,0
43.03437424,-8.043566704,1,-9.056670189,1,-7.072203159,1,-0.364387363,1,-0.744908512,1,0.36849162,1,0.216622129,0,-0.473581076,0,0.595592201,0
43.03837585,-10.58643627,1,-4.898757935,1,-7.20246172,1,-0.412819594,1,-0.462121189,1,0.392064899,1,0.214513466,0,-0.476249933,0,0.596696615,0
43.04236984,-9.020806313,1,-2.889325857,1,-6.482141018,1,-0.45671761,1,-0.282838702,1,0.429063916,1,0.212118134,0,-0.478050321,0,0.598165154,0
43.04637146,-8.278698921,1,-1.035490274,1,-6.994669914,1,-0.470410019,1,-0.221342087,1,0.40799886,1,0.209484428,0,-0.479361296,0,0.599785924,0
43.05036926,-7.572043896,1,-0.165758535,1,-8.079813004,1,-0.366759449,1,-0.168816537,1,0.314145565,1,0.207138881,0,-0.480417967,0,0.601209044,0
43.05436707,-6.945503235,1,-0.604984164,1,-8.27272892,1,-0.270810425,1,-0.124419257,1,0.240363777,1,0.205386043,0,-0.481220335,0,0.60229516,0
43.05836868,-5.406332016,1,-1.111632466,1,-8.183393478,1,-0.213831663,1,-0.097403958,1,0.227616772,1,0.204001844,0,-0.481825829,0,0.603205562,0
43.06236649,-4.660614491,1,-2.387397051,1,-8.434547424,1,-0.218664154,1,-0.086582601,1,0.276849627,1,0.202675238,0,-0.482387275,0,0.604229987,0
43.06636429,-4.376306057,1,-3.317583561,1,-9.169066429,1,-0.199243501,1,-0.103797473,1,0.292341202,1,0.201286912,0,-0.482977211,0,0.60540992,0
43.07036591,-4.145167828,1,-3.933932543,1,-9.405285835,1,-0.184728846,1,-0.145645276,1,0.31881243,1,0.199936524,0,-0.483703405,0,0.606639385,0
43.07436752,-4.167579174,1,-4.362569332,1,-9.485226631,1,-0.18981652,1,-0.193235606,1,0.348473787,1,0.198576778,0,-0.484638065,0,0.60796684,0
43.07836151,-4.183364868,1,-4.41454792,1,-9.025025368,1,-0.215106487,1,-0.213605285,1,0.402371615,1,0.19707796,0,-0.485739172,0,0.609450459,0
43.08236313,-4.79248476,1,-3.939960957,1,-8.888037682,1,-0.240989238,1,-0.222601563,1,0.422460854,1,0.195378929,0,-0.486924201,0,0.611094832,0
43.08636475,-5.140058041,1,-2.916788816,1,-8.544950485,1,-0.239202514,1,-0.232159346,1,0.41243875,1,0.193640172,0,-0.488136292,0,0.612754822,0
43.09035873,-5.369891167,1,-1.713010192,1,-8.503972054,1,-0.200228289,1,-0.23074311,1,0.373377919,1,0.192034841,0,-0.489357829,0,0.614306211,0
43.09436035,-5.697305202,1,-0.369526118,1,-8.848413467,1,-0.142976061,1,-0.219532281,1,0.333302319,1,0.190689787,0,-0.490508944,0,0.615681291,0
43.09836197,-5.534062386,1,0.210413367,1,-8.822451591,1,-0.083325647,1,-0.195324838,1,0.304287195,1,0.189657018,0,-0.491571307,0,0.616917491,0
43.10235596,-5.279940605,1,-0.612421095,1,-8.840894699,1,-0.022365406,1,-0.186959267,1,0.27311942,1,0.188925236,0,-0.492542207,0,0.61804533,0
43.10636139,-5.248715401,1,-1.882373691,1,-8.728618622,1,-0.001701053,1,-0.179660723,1,0.254750699,1,0.188391373,0,-0.493456542,0,0.619071424,0
43.11036301,-5.182806969,1,-2.915350199,1,-8.616378784,1,0.001786293,1,-0.183556229,1,0.233442768,1,0.18795003,0,-0.494352013,0,0.619997859,0
43.11436081,-5.168208122,1,-3.548752069,1,-8.488595963,1,-0.007803887,1,-0.179831877,1,0.220571429,1,0.18753165,0,-0.49522844,0,0.620858848,0
43.11835861,-5.032114506,1,-3.734159708,1,-8.482883453,1,-0.039995372,1,-0.170827448,1,0.22852771,1,0.187033445,0,-0.496095717,0,0.621715844,0
43.12236023,-4.737369537,1,-3.508526564,1,-8.691697121,1,-0.065505452,1,-0.172362879,1,0.23317039,1,0.18640551,0,-0.496944249,0,0.622601867,0
43.12635803,-4.646575928,1,-3.064831734,1,-8.814013481,1,-0.089927368,1,-0.18461059,1,0.236407459,1,0.185657248,0,-0.497824162,0,0.623508751,0
43.13035584,-4.897068501,1,-2.728873253,1,-8.860559464,1,-0.107657485,1,-0.195229068,1,0.228192285,1,0.184843943,0,-0.498742253,0,0.624393344,0
43.13435745,-5.114550591,1,-2.677016497,1,-8.764883041,1,-0.107252486,1,-0.201918632,1,0.213439867,1,0.184033245,0,-0.49968043,0,0.625217915,0
43.13835526,-4.999547482,1,-2.847387075,1,-8.694168091,1,-0.110202819,1,-0.219355598,1,0.187617928,1,0.183261544,0,-0.500651896,0,0.62593317,0
43.14235306,-5.316439152,1,-2.240758896,1,-8.685218811,1,-0.094059296,1,-0.220348507,1,0.171300963,1,0.18254441,0,-0.501646876,0,0.626552403,0
43.14635468,-4.862059116,1,-1.849190474,1,-8.584174156,1,-0.072142445,1,-0.236066431,1,0.152701229,1,0.181958303,0,-0.502661705,0,0.627078593,0
43.15035248,-4.980016708,1,-1.684489012,1,-8.747545242,1,-0.037425015,1,-0.242513478,1,0.127118811,1,0.181535304,0,-0.503700495,0,0.627510607,0
43.15435028,-4.824163914,1,-1.729688525,1,-8.67195797,1,-0.016158793,1,-0.25417757,1,0.109100632,1,0.181268319,0,-0.504759192,0,0.627841532,0
43.1583519,-5.118857384,1,-1.867605686,1,-8.508956909,1,0.007654663,1,-0.261582166,1,0.098153569,1,0.181135163,0,-0.50585252,0,0.6280936,0
43.1623497,-5.155603886,1,-2.132071972,1,-8.309434891,1,0.025326479,1,-0.261239558,1,0.08717519,1,0.181102589,0,-0.506944239,0,0.628299952,0
43.1663475,-5.094723225,1,-2.29225111,1,-8.294159889,1,0.037474029,1,-0.254853606,1,0.084338725,1,0.181144699,0,-0.508015692,0,0.628479898,0
43.17034912,-4.995393276,1,-2.295384169,1,-8.226578712,1,0.053695828,1,-0.25469172,1,0.087503821,1,0.181243047,0,-0.50908941,0,0.628651917,0
43.17434692,-5.025883198,1,-2.357627392,1,-8.253507614,1,0.06081827,1,-0.250953376,1,0.089752413,1,0.181375504,0,-0.51015085,0,0.628844023,0
43.17834473,-4.961867809,1,-2.506170034,1,-8.196264267,1,0.065747045,1,-0.251767397,1,0.105733305,1,0.181519672,0,-0.511217117,0,0.629069686,0
43.18234634,-5.065138817,1,-2.726688147,1,-8.113965988,1,0.073680334,1,-0.242373779,1,0.117430784,1,0.181646585,0,-0.512276471,0,0.629363656,0
43.18634415,-4.870172977,1,-3.094918013,1,-8.070985794,1,0.064968191,1,-0.24738428,1,0.133131132,1,0.18174772,0,-0.513326466,0,0.629722655,0
43.19034576,-4.89839983,1,-3.317209005,1,-8.110830307,1,0.058433775,1,-0.24653697,1,0.158996552,1,0.181758985,0,-0.514407456,0,0.630182445,0
43.19434357,-4.812101841,1,-3.45823288,1,-8.043772697,1,0.042035859,1,-0.242702007,1,0.182873085,1,0.137881622,0,-0.633112311,0,0.487296909,0
43.19834137,-4.86858511,1,-3.52583909,1,-8.00890255,1,0.024347667,1,-0.239911929,1,0.202080831,1,0.137553036,0,-0.634173393,0,0.488087595,0
43.20234299,-4.795555592,1,-3.560362101,1,-7.950912952,1,0.012862043,1,-0.239134401,1,0.226042747,1,0.137101322,0,-0.635242641,0,0.488981128,0
43.20634079,-4.876916409,1,-3.527667522,1,-8.020701408,1,0.001622572,1,-0.239831746,1,0.244561166,1,0.136536181,0,-0.636316061,0,0.489972532,0
43.21033859,-4.842297077,1,-3.462422132,1,-8.065351486,1,-0.014750841,1,-0.242137015,1,0.253400385,1,0.135879695,0,-0.637403667,0,0.491038501,0
43.21434021,-4.846020222,1,-3.065062284,1,-8.060220718,1,-0.021977331,1,-0.23959136,1,0.256498247,1,0.135140121,0,-0.638489246,0,0.492142171,0
43.21833801,-4.942486763,1,-2.594216108,1,-8.133477211,1,-0.009635618,1,-0.23293896,1,0.26206997,1,0.134446353,0,-0.63957572,0,0.493227214,0
43.22233582,-4.799236774,1,-2.25276804,1,-8.205699921,1,-0.007415376,1,-0.234401181,1,0.272690743,1,0.133698642,0,-0.640644491,0,0.494405448,0
43.22634125,-4.630210876,1,-2.31908536,1,-8.399539948,1,-0.010558385,1,-0.251570851,1,0.265056729,1,0.132960796,0,-0.641751468,0,0.495577484,0
43.23034287,-4.520242691,1,-2.290156126,1,-8.495467186,1,-0.015677601,1,-0.271131217,1,0.263586134,1,0.132222176,0,-0.642924786,0,0.496710807,0
43.23434067,-4.648846149,1,-1.971582055,1,-8.466543198,1,0.007002552,1,-0.28831172,1,0.25442645,1,0.131548882,0,-0.644178629,0,0.497793525,0
43.23833847,-4.750701427,1,-1.892885447,1,-8.431507111,1,0.050527357,1,-0.299568832,1,0.253393054,1,0.131025761,0,-0.64547658,0,0.498853922,0
43.24234009,-4.823096752,1,-2.280369759,1,-8.572896004,1,0.067738384,1,-0.31465742,1,0.25500676,1,0.130634785,0,-0.646829784,0,0.499909401,0
43.24633789,-4.607090473,1,-2.394859552,1,-8.391177177,1,0.062754586,1,-0.341482431,1,0.248759121,1,0.130269498,0,-0.648253858,0,0.500947177,0
43.25033569,-4.7906394,1,-2.551377058,1,-8.413304329,1,0.069266468,1,-0.36073029,1,0.242808506,1,0.129931152,0,-0.64977783,0,0.501955569,0
43.25433731,-4.739896774,1,-2.128626347,1,-8.401640892,1,0.075451389,1,-0.374534875,1,0.248230457,1,0.129605293,0,-0.651365399,0,0.502947688,0
43.25833511,-5.004701138,1,-2.143165827,1,-8.412256241,1,0.103577293,1,-0.394040972,1,0.24894315,1,0.12938647,0,-0.653020144,0,0.503925204,0
43.26233292,-4.808185101,1,-2.320883274,1,-8.378886223,1,0.096644707,1,-0.412846148,1,0.245053276,1,0.129202425,0,-0.654754221,0,0.504901588,0
43.26633453,-4.874391556,1,-2.649415016,1,-8.387630463,1,0.078020334,1,-0.441076964,1,0.24442327,1,0.128985211,0,-0.656570733,0,0.505844653,0
43.27033234,-4.921648026,1,-2.293894053,1,-8.311080933,1,0.087305449,1,-0.462332487,1,0.234165326,1,0.128756583,0,-0.65847981,0,0.506745458,0
43.27433014,-5.001424313,1,-2.134597301,1,-8.367684364,1,0.103668988,1,-0.469812989,1,0.236275941,1,0.128608093,0,-0.660454154,0,0.507630646,0
43.27833176,-5.037173271,1,-2.077500582,1,-8.257174492,1,0.11523173,1,-0.484005928,1,0.239651665,1,0.128499687,0,-0.66247654,0,0.508510232,0
43.28232956,-5.114968777,1,-2.19253397,1,-8.236944199,1,0.13437283,1,-0.495087445,1,0.236113101,1,0.128471658,0,-0.664545357,0,0.509384751,0
43.28633118,-5.060227394,1,-2.704041243,1,-8.13752079,1,0.110451676,1,-0.511476815,1,0.238056839,1,0.128431976,0,-0.666653693,0,0.51025176,0
43.29032898,-5.021975994,1,-2.394291162,1,-8.05801487,1,0.098003954,1,-0.5277161,1,0.232259691,1,0.128304288,0,-0.668831944,0,0.511106908,0
43.29432678,-5.157042503,1,-2.269615889,1,-8.067472458,1,0.112863071,1,-0.534864306,1,0.233192727,1,0.128215626,0,-0.67106235,0,0.511934578,0
43.2983284,-5.102802277,1,-2.198226213,1,-8.092290878,1,0.12219663,1,-0.545739353,1,0.231859848,1,0.128177315,0,-0.673320532,0,0.512755632,0
43.30233002,-5.115139484,1,-2.368623972,1,-8.047101021,1,0.132012412,1,-0.552692235,1,0.230868608,1,0.128173947,0,-0.675605059,0,0.513571799,0
43.30632401,-5.177143097,1,-2.404670238,1,-7.976306438,1,0.131651163,1,-0.555586576,1,0.226277158,1,0.128191099,0,-0.677931845,0,0.514369249,0
43.31032562,-5.228671074,1,-2.464111567,1,-7.933875084,1,0.134922862,1,-0.563225985,1,0.228228897,1,0.128229395,0,-0.680269122,0,0.515160859,0
43.31432724,-5.356266499,1,-2.56558466,1,-7.95975399,1,0.12390957,1,-0.568187654,1,0.231191054,1,0.128236562,0,-0.682642102,0,0.515967846,0
43.31832123,-5.240865231,1,-2.393799067,1,-7.84610939,1,0.117056653,1,-0.578356266,1,0.230315402,1,0.128195852,0,-0.685041606,0,0.516781211,0
43.32232285,-5.367114067,1,-2.254681349,1,-7.885956764,1,0.128124088,1,-0.582952559,1,0.230211169,1,0.12817958,0,-0.687469423,0,0.51757741,0
43.32632446,-5.340715408,1,-2.206161499,1,-7.862380505,1,0.133745402,1,-0.583609462,1,0.236969084,1,0.128183573,0,-0.68991071,0,0.518404543,0
43.33032227,-5.35070467,1,-2.412841558,1,-7.862435341,1,0.139397278,1,-0.591909528,1,0.238680527,1,0.128203109,0,-0.692368746,0,0.51923871,0
43.33432007,-5.337469101,1,-2.387932539,1,-7.886871338,1,0.139784783,1,-0.601391733,1,0.241163239,1,0.128224358,0,-0.694856763,0,0.520076931,0
43.33832169,-5.386146069,1,-2.331295252,1,-7.911193848,1,0.135079548,1,-0.606768429,1,0.24627386,1,0.128229424,0,-0.697378635,0,0.520935476,0
43.34231949,-5.409024239,1,-2.279089451,1,-7.8665452,1,0.144759625,1,-0.61327672,1,0.244864076,1,0.128226534,0,-0.69991523,0,0.521809161,0
43.34631729,-5.505794525,1,-2.270349741,1,-7.908099174,1,0.147601411,1,-0.61528337,1,0.248141795,1,0.128260329,0,-0.702474117,0,0.522667885,0
43.35032272,-5.47247076,1,-2.463288784,1,-7.976512909,1,0.141151831,1,-0.628298044,1,0.2446962,1,0.128280178,0,-0.705064654,0,0.523533702,0
43.35432816,-5.446135044,1,-2.440016031,1,-7.946630478,1,0.127227366,1,-0.643912017,1,0.252271146,1,0.128246501,0,-0.707707047,0,0.524411619,0
43.35832596,-5.42569828,1,-2.393510103,1,-7.89799118,1,0.131287411,1,-0.651679873,1,0.256110251,1,0.128176048,0,-0.710404992,0,0.525305092,0
43.36232758,-5.403790474,1,-2.430340052,1,-7.962493896,1,0.145769626,1,-0.66969198,1,0.268694758,1,0.128129557,0,-0.713166654,0,0.526226878,0
43.36632538,-5.360208035,1,-2.631304264,1,-7.956339836,1,0.154875904,1,-0.68679601,1,0.281886905,1,0.128093734,0,-0.715990961,0,0.527209163,0
43.37032318,-5.400299549,1,-2.692169905,1,-7.985604763,1,0.162774324,1,-0.700694323,1,0.294145197,1,0.128040686,0,-0.718888581,0,0.528251708,0
43.3743248,-5.314684868,1,-2.699516058,1,-7.986664295,1,0.168310553,1,-0.72647959,1,0.31464678,1,0.12796317,0,-0.721877992,0,0.529376447,0
43.3783226,-5.300012589,1,-2.711378574,1,-8.033218384,1,0.173469484,1,-0.746710122,1,0.331194788,1,0.127863586,0,-0.724953413,0,0.530568957,0
43.3823204,-5.350278854,1,-2.730956316,1,-8.101452827,1,0.186923563,1,-0.77447778,1,0.342484266,1,0.127740175,0,-0.728141725,0,0.53183955,0
43.38632202,-5.309050083,1,-2.838951111,1,-8.159030914,1,0.195017457,1,-0.806548297,1,0.362925977,1,0.127615362,0,-0.731455147,0,0.533173263,0
43.39031982,-5.468340397,1,-3.003062725,1,-8.249493599,1,0.195637688,1,-0.843307555,1,0.38275215,1,0.127437785,0,-0.734912813,0,0.534608185,0
43.39431763,-5.383976936,1,-3.193451643,1,-8.163408279,1,0.182136804,1,-0.88016808,1,0.403835118,1,0.127181813,0,-0.738521755,0,0.53612572,0
43.39831924,-5.357021332,1,-3.03081727,1,-8.033335686,1,0.181182191,1,-0.915770054,1,0.429430962,1,0.12679325,0,-0.742289543,0,0.537769139,0
43.40231705,-5.451060295,1,-2.935338974,1,-7.916989326,1,0.190764278,1,-0.948031366,1,0.457418829,1,0.126333207,0,-0.746210098,0,0.539532721,0
43.40631485,-5.47145462,1,-2.838593483,1,-7.877502918,1,0.199092418,1,-0.971663475,1,0.477213651,1,0.125847101,0,-0.75025177,0,0.541402757,0
43.41031647,-5.484174728,1,-2.641163349,1,-7.844602108,1,0.192968488,1,-1.002829194,1,0.490336359,1,0.125293776,0,-0.754409552,0,0.543354154,0
43.41431427,-5.595271587,1,-2.472953558,1,-7.906224251,1,0.180509031,1,-1.026785612,1,0.499474138,1,0.124672994,0,-0.758688092,0,0.545351923,0
43.41831589,-5.59058094,1,-2.246903896,1,-7.877549648,1,0.166697964,1,-1.052793026,1,0.493133754,1,0.123979136,0,-0.763069034,0,0.547378659,0
43.42231751,-5.629076004,1,-2.153018713,1,-7.949436665,1,0.166746974,1,-1.088514805,1,0.489500612,1,0.12327309,0,-0.767570496,0,0.54935807,0
43.42631149,-5.68235445,1,-2.180365801,1,-8.026603699,1,0.154412791,1,-1.118304014,1,0.488637984,1,0.122553982,0,-0.772190988,0,0.551320553,0
43.43031311,-5.540650845,1,-2.282031298,1,-8.119971275,1,0.146368816,1,-1.157626152,1,0.489961743,1,0.121800691,0,-0.776942015,0,0.55326438,0
43.43431473,-5.626571655,1,-2.615470648,1,-8.329893112,1,0.129547387,1,-1.196683288,1,0.487018764,1,0.121005595,0,-0.781863928,0,0.555179358,0
43.43830872,-5.445407391,1,-3.017373085,1,-8.348267555,1,0.109736785,1,-1.244272709,1,0.502410471,1,0.120113321,0,-0.786946893,0,0.557129145,0
43.44231033,-5.37678194,1,-3.262851954,1,-8.279011726,1,0.085828684,1,-1.30167532,1,0.522860944,1,0.119061537,0,-0.79224515,0,0.559162021,0
43.44631195,-5.482091427,1,-3.323821783,1,-8.401773453,1,0.06865596,1,-1.368591666,1,0.543575883,1,0.119168282,0,-0.79757005,0,0.531181395,0
43.45030975,-5.503368378,1,-3.25036931,1,-8.527457237,1,0.048920043,1,-1.43310833,1,0.578273296,1,0.117770277,0,-0.803399026,0,0.533439338,0
43.45430756,-5.460764408,1,-3.261891365,1,-8.463327408,1,0.027341459,1,-1.506718278,1,0.613361716,1,0.116167538,0,-0.809515655,0,0.535875916,0
43.45830917,-5.556375504,1,-3.248776674,1,-8.583737373,1,0.004090615,1,-1.576971173,1,0.642747462,1,0.114341073,0,-0.815932512,0,0.538473785,0
43.46230698,-5.523984432,1,-3.136342049,1,-8.667403221,1,-0.016668119,1,-1.645788431,1,0.671375871,1,0.112293534,0,-0.822636664,0,0.541241407,0
43.46630478,-5.459436417,1,-2.997537613,1,-8.816307068,1,-0.041565035,1,-1.734298587,1,0.705678225,1,0.110018231,0,-0.829666018,0,0.544171929,0
43.47031021,-5.396639824,1,-2.804396152,1,-8.818608284,1,-0.059348591,1,-1.812638164,1,0.733782411,1,0.107523099,0,-0.837019622,0,0.54727149,0
43.47431564,-5.492587566,1,-2.810457468,1,-8.843325615,1,-0.069092005,1,-1.89956975,1,0.764957845,1,0.104814216,0,-0.844717145,0,0.550561786,0
43.47831345,-5.622193813,1,-2.840897799,1,-8.858581543,1,-0.086613797,1,-1.987386823,1,0.798204124,1,0.10189753,0,-0.852774262,0,0.554040372,0
43.48231506,-5.76941824,1,-2.915917158,1,-8.850576401,1,-0.108126923,1,-2.082113981,1,0.831276536,1,0.098691843,0,-0.861200452,0,0.557756901,0
43.48631287,-6.48888731,1,-4.01528883,1,-10.0262537,1,-0.205568179,1,-2.060477734,1,0.84672749,1,0.095166489,0,-0.869885564,0,0.561692834,0
43.49031067,-1.634469748,1,1.549928784,1,-7.85135603,1,0.148550853,1,-2.505573273,1,0.85366118,1,0.09180668,0,-0.87882781,0,0.565688252,0
43.49431229,-9.472523689,1,-0.675472319,1,-9.756831169,1,0.062160183,1,-2.32464242,1,0.973983586,1,0.088929243,0,-0.888845444,0,0.569954515,0
43.49831009,-4.972468376,1,-6.873478413,1,-7.696304798,1,-0.096882321,1,-2.53377986,1,0.984905779,1,0.085045621,0,-0.898850083,0,0.574912012,0
43.50230789,-4.409496784,1,-4.687526703,1,-9.64553833,1,-0.139667436,1,-2.691342831,1,0.928270221,1,0.080790989,0,-0.909602106,0,0.579595923,0
43.50630951,-4.367856026,1,-0.848949015,1,-9.521080971,1,-0.08188051,1,-2.813258886,1,1.099378824,1,0.076275691,0,-0.920886636,0,0.584767461,0
43.51030731,-5.656531811,1,-2.89492774,1,-9.297159195,1,-0.011396327,1,-2.966362715,1,1.153027773,1,0.071194179,0,-0.932752609,0,0.590895772,0
43.51430512,-5.678264618,1,-3.554647923,1,-9.38407135,1,0.002701551,1,-3.138272285,1,1.163766026,1,0.066018447,0,-0.945245326,0,0.597279429,0
43.51830673,-4.933432102,1,-2.90028882,1,-9.752790451,1,-0.002964895,1,-3.31912446,1,1.234120369,1,0.060453136,0,-0.958431602,0,0.604125977,0
43.52230454,-5.003953457,1,-2.85674572,1,-10.38831425,1,0.011788517,1,-3.523420334,1,1.289565325,1,0.054307323,0,-0.97237581,0,0.61161989,0
43.52630234,-4.758092403,1,-2.814054966,1,-10.65918922,1,0.021156084,1,-3.74732852,1,1.35140574,1,0.047623083,0,-0.987152517,0,0.619749427,0
43.53030396,-4.909337997,1,-3.40120697,1,-10.94631767,1,0.021828525,1,-3.978045464,1,1.409350753,1,0.040277597,0,-1.002839446,0,0.628632843,0
43.53430176,-5.15324831,1,-4.137275219,1,-11.50820732,1,-0.020264182,1,-4.226419449,1,1.478121758,1,0.03201659,0,-1.019451737,0,0.63838774,0
43.53829956,-5.660812855,1,-4.83083868,1,-11.73840618,1,-0.084922299,1,-4.458669186,1,1.581171632,1,0.022464715,0,-1.036983371,0,0.649303555,0
43.54230118,-4.940598488,1,-5.523262978,1,-11.70147228,1,-0.139877811,1,-4.742282391,1,1.712119937,1,0.011205948,0,-1.055478454,0,0.661808074,0
43.54629898,-4.602515697,1,-6.055799007,1,-12.05195713,1,-0.182452276,1,-5.051988125,1,1.864837646,1,-0.002213712,0,-1.075096369,0,0.676388323,0
43.5503006,-5.08598423,1,-6.80754137,1,-12.60765553,1,-0.201827601,1,-5.333148003,1,2.059690475,1,-0.018242154,0,-1.095774055,0,0.693644643,0
43.5542984,-5.118793964,1,-7.482246399,1,-12.83590126,1,-0.233580977,1,-5.636260509,1,2.252815485,1,-0.037521411,0,-1.117459655,0,0.714230061,0
43.5582962,-4.792162418,1,-8.239120483,1,-12.63241863,1,-0.285598129,1,-5.97564888,1,2.502257824,1,-0.061006431,0,-1.140198827,0,0.739071012,0
43.56229782,-5.573627472,1,-9.652882576,1,-12.70249271,1,-0.365231216,1,-6.27905035,1,2.745190859,1,-0.090057753,0,-1.163855433,0,0.769437671,0
43.56629562,-7.41023922,1,-10.45912457,1,-13.31890869,1,-0.4440853,1,-6.520292282,1,2.958935022,1,-0.125562772,0,-1.188106537,0,0.806148946,0
43.57029343,-9.542439461,1,-10.09890366,1,-12.51411915,1,-0.481768727,1,-6.660999775,1,3.19404006,1,-0.168649122,0,-1.212367058,0,0.850382566,0
43.57429504,-11.89670467,1,-10.81932354,1,-13.59314919,1,-0.52546078,1,-6.728913307,1,3.367295265,1,-0.220845416,0,-1.236134648,0,0.903691888,0
43.57829666,-13.36058617,1,-10.58862495,1,-13.6304884,1,-0.552454829,1,-6.709744453,1,3.52936244,1,-0.282799304,0,-1.258768201,0,0.966796279,0
43.58229065,-10.97122955,1,-8.352093697,1,-12.29457951,1,-0.538240135,1,-6.799667835,1,3.736368895,1,-0.356401742,0,-1.279771209,0,1.041524172,0
43.58629227,-13.71551991,1,-8.098725319,1,-14.09744263,1,-0.60938406,1,-6.891701221,1,3.956838846,1,-0.445112884,0,-1.299060822,0,1.131436348,0
43.59030151,-15.41043377,1,-6.462634087,1,-15.55705833,1,-0.54137218,1,-6.897400856,1,4.029965401,1,-0.548317134,0,-1.315698266,0,1.235912561,0
43.59430313,-19.37658882,1,-6.3352108,1,-15.81811428,1,-0.400684237,1,-6.761293411,1,4.034042835,1,-0.663955629,0,-1.329044104,0,1.353274226,0
43.59830475,-17.0943737,1,-6.906453609,1,-14.28234386,1,-0.397049844,1,-6.647350788,1,4.160589218,1,-0.789788723,0,-1.338172436,0,1.481087923,0
43.60230637,-17.37810707,1,-7.545282364,1,-14.01928997,1,-0.350672722,1,-6.647903442,1,4.177400589,1,-0.92396003,0,-1.342980385,0,1.617322206,0
43.60630417,-21.19934654,1,-7.368488789,1,-14.00739574,1,-0.284924001,1,-6.53318882,1,4.169470787,1,-1.060173273,0,-1.343434215,0,1.755830646,0
43.61030197,-22.16158485,1,-8.224645615,1,-13.72389984,1,-0.415793031,1,-6.260570049,1,4.315039158,1,-1.191577077,0,-1.339176178,0,1.88939476,0
43.61430359,-19.25273895,1,-9.924616814,1,-11.28489876,1,-0.676068664,1,-6.202595234,1,4.521559238,1,-1.31493032,0,-1.330136299,0,2.014017344,0
43.61830139,-19.16980743,1,-9.959834099,1,-11.15390301,1,-0.962585449,1,-6.19241333,1,4.67147541,1,-1.429055333,0,-1.316927314,0,2.128319979,0
43.62229919,-22.14954567,1,-9.343277931,1,-11.60511303,1,-1.188969731,1,-5.986376762,1,4.584171295,1,-1.530338287,0,-1.300687671,0,2.228690147,0
43.62630081,-23.22261429,1,-7.836169243,1,-11.31995392,1,-1.317928433,1,-5.65037775,1,4.542778015,1,-1.616549969,0,-1.28234899,0,2.313122272,0
43.63029862,-21.97305107,1,-6.887961388,1,-10.89759731,1,-1.321304202,1,-5.16287756,1,4.383810043,1,-1.687424064,0,-1.262776494,0,2.381685019,0
43.63429642,-16.1756115,1,-5.287919044,1,-9.441360474,1,-1.295560122,1,-4.569475174,1,4.355494976,1,-1.743584991,0,-1.242688179,0,2.435317993,0
43.63829804,-7.230565071,1,-4.423810959,1,-10.15162277,1,-1.230104685,1,-3.877363205,1,4.257983685,1,-1.786353707,0,-1.222485423,0,2.475266695,0
43.64229584,-1.26038444,1,-2.909053087,1,-9.955069542,1,-1.043180227,1,-3.393529892,1,4.142397404,1,-1.818215132,0,-1.202840805,0,2.504406452,0
43.64629364,-5.840557575,1,-0.216478035,1,-12.19712067,1,-0.680911899,1,-3.086690187,1,4.078289986,1,-1.842760205,0,-1.183608174,0,2.527043819,0
43.65029526,-12.08328724,1,0.899642289,1,-13.12938595,1,-0.121820413,1,-2.736789942,1,3.90945673,1,-1.860380888,0,-1.164990783,0,2.544365883,0
43.65429306,-24.00151062,1,3.094424725,1,-14.38352013,1,0.589430749,1,-2.422622204,1,3.4925313,1,-1.872149587,0,-1.147791624,0,2.558179617,0
43.65829086,-34.25985718,1,3.829516172,1,-18.13532257,1,1.333391905,1,-1.588695645,1,3.006215096,1,-1.876932144,0,-1.132943988,0,2.567784548,0
43.66229248,-21.65826225,1,-1.124471068,1,-17.85904694,1,1.70955956,1,-0.553858101,1,2.678778887,1,-1.872102737,0,-1.120841861,0,2.569209576,0
43.66629028,-10.71538544,1,-5.24822998,1,-14.99771118,1,1.960058451,1,0.190599591,1,2.306970358,1,-1.86004591,0,-1.111104488,0,2.563986778,0
43.67028809,-4.370931149,1,-7.186840534,1,-12.0874052,1,2.156427145,1,0.611589253,1,2.0031178,1,-1.843796015,0,-1.103327274,0,2.555038452,0
43.6742897,-4.144360065,1,-7.866168976,1,-11.06560707,1,2.24021554,1,0.831014156,1,1.789961219,1,-1.82556355,0,-1.096770048,0,2.544491768,0
43.67828751,-6.085577011,1,-7.992825031,1,-11.09781075,1,2.153814077,1,1.044171095,1,1.633394241,1,-1.806499839,0,-1.091046095,0,2.532981396,0
43.68228531,-5.388791084,1,-8.416262627,1,-10.98783875,1,1.938313127,1,1.280417919,1,1.460512996,1,-1.786975503,0,-1.086057067,0,2.52021265,0
43.68628693,-3.155447721,1,-8.688643456,1,-9.909398079,1,1.704445601,1,1.467277408,1,1.26246655,1,-1.767372251,0,-1.08185029,0,2.506267786,0
43.69028473,-0.929396272,1,-8.324324608,1,-8.52705574,1,1.508901238,1,1.560328603,1,1.065222502,1,-1.748159885,0,-1.078405619,0,2.491752386,0
43.69428635,0.534815967,1,-7.659680843,1,-7.655672073,1,1.337818623,1,1.596979141,1,0.877501905,1,-1.738762856,0,-1.078413844,0,2.458178282,0
43.69828415,1.514447689,1,-6.886095524,1,-7.220966339,1,1.173067689,1,1.624996305,1,0.693668783,1,-1.721001863,0,-1.076330185,0,2.443710804,0
43.70228195,1.834954858,1,-6.120670795,1,-6.981668949,1,1.033842683,1,1.654495597,1,0.510626018,1,-1.703950405,0,-1.074873924,0,2.429335117,0
43.70628357,1.927451015,1,-5.403611183,1,-6.858522892,1,0.923026443,1,1.684012651,1,0.322694898,1,-1.687433958,0,-1.074044108,0,2.414983988,0
43.710289,2.102148533,1,-4.755073071,1,-6.564547539,1,0.871662915,1,1.71021831,1,0.121136777,1,-1.671239853,0,-1.073898911,0,2.400630951,0
43.71429062,2.238195896,1,-4.139396191,1,-6.402719498,1,0.846187174,1,1.734586358,1,-0.077722482,1,-1.655127048,0,-1.074447513,0,2.386209726,0
43.71829224,2.454867125,1,-3.626130819,1,-6.136271477,1,0.847001135,1,1.769759893,1,-0.269776344,1,-1.638923764,0,-1.075680494,0,2.371623039,0
43.72229385,2.718149424,1,-3.16920352,1,-6.066114902,1,0.868354201,1,1.807386398,1,-0.45095709,1,-1.622411489,0,-1.077553153,0,2.356755018,0
43.72629166,2.79387641,1,-2.979278564,1,-6.002633095,1,0.899246871,1,1.852361083,1,-0.62237978,1,-1.605410576,0,-1.080011487,0,2.34147191,0
43.73028946,2.66386652,1,-2.864581347,1,-5.965975761,1,0.931714177,1,1.904274344,1,-0.776756763,1,-1.587789297,0,-1.083000779,0,2.325653791,0
43.73429108,2.420636892,1,-2.817178011,1,-6.001105309,1,0.958344758,1,1.962041855,1,-0.925853372,1,-1.569441676,0,-1.086477399,0,2.309179068,0
43.73828888,2.135374308,1,-2.796064615,1,-6.022472382,1,0.975851536,1,2.040623665,1,-1.061036348,1,-1.550218225,0,-1.09036684,0,2.29184413,0
43.74228668,1.918395042,1,-2.747101307,1,-6.084609509,1,0.984695554,1,2.124243498,1,-1.183127761,1,-1.529992342,0,-1.094601512,0,2.273468256,0
43.7462883,1.744254231,1,-2.644692659,1,-6.124111652,1,0.985039771,1,2.221179724,1,-1.303732872,1,-1.508630633,0,-1.099127173,0,2.253884077,0
43.7502861,1.494207382,1,-2.555852652,1,-6.271012306,1,0.979011893,1,2.325211287,1,-1.405123472,1,-1.486059189,0,-1.103863597,0,2.232975245,0
43.75428391,1.131952763,1,-2.363860846,1,-6.41730547,1,0.972612262,1,2.435991764,1,-1.502053618,1,-1.462109327,0,-1.108740687,0,2.21054554,0
43.75828552,0.766121924,1,-2.118456364,1,-6.545454502,1,0.98111254,1,2.555697441,1,-1.600105047,1,-1.436677456,0,-1.113698244,0,2.186534643,0
43.76228333,0.322425663,1,-1.860742569,1,-6.754914284,1,0.995281279,1,2.67729187,1,-1.685481548,1,-1.409569502,0,-1.118656754,0,2.160767078,0
43.76628113,-0.043657269,1,-1.620764613,1,-6.868213654,1,1.020557404,1,2.813267708,1,-1.775347829,1,-1.38063848,0,-1.123552918,0,2.13310957,0
43.77028275,-0.492154121,1,-1.36360085,1,-6.998037815,1,1.049925089,1,2.945961237,1,-1.852402568,1,-1.349740863,0,-1.128306866,0,2.10346961,0
43.77428055,-0.9259184,1,-1.257140279,1,-7.146397591,1,1.080061793,1,3.084902048,1,-1.929941177,1,-1.316807151,0,-1.132827759,0,2.07177639,0
43.77827835,-1.406619906,1,-1.244102478,1,-7.222865582,1,1.118732452,1,3.228994846,1,-1.994902015,1,-1.281769753,0,-1.137018919,0,2.037978172,0
43.78227997,-1.926865101,1,-1.272860885,1,-7.320042133,1,1.151482582,1,3.394058466,1,-2.060950756,1,-1.244507909,0,-1.140739083,0,2.001943111,0
43.78627777,-2.369677782,1,-1.387897849,1,-7.486647606,1,1.173551798,1,3.563278675,1,-2.111057997,1,-1.205002189,0,-1.143870711,0,1.963638783,0
43.79027939,-2.706858158,1,-1.3431741,1,-7.617087364,1,1.196329355,1,3.725781918,1,-2.162991047,1,-1.163371682,0,-1.146300793,0,1.923125386,0
43.79427719,-3.096963406,1,-1.335915565,1,-7.82696867,1,1.224166393,1,3.895676374,1,-2.216734409,1,-1.119708657,0,-1.147917509,0,1.880533934,0
43.79827499,-3.489951372,1,-1.167615533,1,-7.95189333,1,1.244467616,1,4.067378521,1,-2.260576963,1,-1.074175,0,-1.148629427,0,1.83601737,0
43.80227661,-3.857045174,1,-1.045207381,1,-8.046912193,1,1.27533412,1,4.244011402,1,-2.299688339,1,-1.026952386,0,-1.148272514,0,1.789767742,0
43.80627823,-4.077210426,1,-0.820315003,1,-8.144174576,1,1.322912455,1,4.415139675,1,-2.331152678,1,-0.978276134,0,-1.146762133,0,1.742070794,0
43.81027603,-4.219192505,1,-0.614447176,1,-8.310899734,1,1.377911687,1,4.590076447,1,-2.374936104,1,-0.928443134,0,-1.144004226,0,1.693288326,0
43.81427383,-4.312538147,1,-0.427225441,1,-8.362886429,1,1.458091736,1,4.733861923,1,-2.388764381,1,-0.877875626,0,-1.139935017,0,1.643917322,0
43.81827545,-4.485062122,1,-0.107952178,1,-8.446265221,1,1.54944694,1,4.869360447,1,-2.406046629,1,-0.826976836,0,-1.134516835,0,1.594463468,0
43.82227325,-4.6366992,1,0.192929372,1,-8.419179916,1,1.659892082,1,4.997163773,1,-2.412849903,1,-0.776151538,0,-1.127711296,0,1.545390368,0
43.82627106,-4.828215122,1,0.323912829,1,-8.35008812,1,1.775239229,1,5.117444038,1,-2.420266151,1,-0.725740075,0,-1.119518161,0,1.497100949,0
43.83027649,-5.01883316,1,0.353907645,1,-8.295619965,1,1.899534345,1,5.22007513,1,-2.412961245,1,-0.676148534,0,-1.10994792,0,1.450057983,0
43.83428192,-5.116207123,1,0.286567748,1,-8.289712906,1,2.019501209,1,5.31402874,1,-2.401591539,1,-0.627709031,0,-1.099042654,0,1.404602408,0
43.83827972,-5.099927425,1,0.231431767,1,-8.278120041,1,2.137167454,1,5.390236378,1,-2.379955769,1,-0.580698729,0,-1.086850524,0,1.361032724,0
43.84228134,-5.575993061,1,0.135151088,1,-8.339349747,1,2.245155573,1,5.459850788,1,-2.356984615,1,-0.535367846,0,-1.073451877,0,1.319583416,0
43.84627914,-5.771152973,1,-0.040631309,1,-8.366623878,1,2.333861113,1,5.520929337,1,-2.331020355,1,-0.491884232,0,-1.058912873,0,1.280367017,0
43.85027695,-5.773033619,1,-0.246621311,1,-8.39555645,1,2.420028448,1,5.584869385,1,-2.304795742,1,-0.45029524,0,-1.043319821,0,1.243427038,0
43.85427856,-5.95863533,1,-0.55721581,1,-8.477124214,1,2.485422611,1,5.632684708,1,-2.277056932,1,-0.410656273,0,-1.026766419,0,1.20876348,0
43.85827637,-6.158204556,1,-0.731624663,1,-8.536363602,1,2.538976431,1,5.666901112,1,-2.255119085,1,-0.373020262,0,-1.009337306,0,1.176365137,0
43.86227417,-6.238584042,1,-0.863410711,1,-8.611880302,1,2.582862854,1,5.697751999,1,-2.228540897,1,-0.337377667,0,-0.991144419,0,1.146182656,0
43.86627579,-6.437273026,1,-1.182138681,1,-8.782652855,1,2.615790844,1,5.719103336,1,-2.195129395,1,-0.303661704,0,-0.972260356,0,1.11813581,0
43.87027359,-6.594996929,1,-1.371407032,1,-9.006446838,1,2.636843681,1,5.727984905,1,-2.174761295,1,-0.271788895,0,-0.952790678,0,1.092097998,0
43.87427139,-6.783798218,1,-1.456886411,1,-9.182861328,1,2.659920931,1,5.738749027,1,-2.164549589,1,-0.241606236,0,-0.932814896,0,1.067906737,0
43.87827301,-6.776401997,1,-1.609205127,1,-9.335913658,1,2.692907333,1,5.720274925,1,-2.155540228,1,-0.212972462,0,-0.912439644,0,1.045427799,0
43.88227081,-7.069518089,1,-1.730776787,1,-9.722874641,1,2.715337038,1,5.699775219,1,-2.164840698,1,-0.185729757,0,-0.891756117,0,1.024478436,0
43.88627243,-7.339942455,1,-1.709473968,1,-9.957766533,1,2.754188776,1,5.671123028,1,-2.193343878,1,-0.159646302,0,-0.870841503,0,1.004840374,0
43.89027023,-7.492650509,1,-1.704793811,1,-10.31288242,1,2.786983728,1,5.624080181,1,-2.240368843,1,-0.134528786,0,-0.849797428,0,0.986313343,0
43.89426804,-7.764734745,1,-1.798212886,1,-10.72818184,1,2.83605361,1,5.571656704,1,-2.306161404,1,-0.110194437,0,-0.828685045,0,0.968721628,0
43.89826965,-8.161157608,1,-1.963199019,1,-11.15282154,1,2.887676477,1,5.508430004,1,-2.394068956,1,-0.086445913,0,-0.807560444,0,0.951872766,0
43.90227127,-8.544764519,1,-2.154209614,1,-11.45849228,1,2.934130907,1,5.440903664,1,-2.499057055,1,-0.063136414,0,-0.786460042,0,0.935574234,0
43.90626907,-8.874071121,1,-2.3542943,1,-12.02108383,1,2.974123955,1,5.371412277,1,-2.621961594,1,-0.040191945,0,-0.765388966,0,0.919695675,0
43.91026688,-9.456466675,1,-2.615491629,1,-12.61023808,1,3.006967783,1,5.297393322,1,-2.768413305,1,-0.017523607,0,-0.744369388,0,0.904066384,0
43.91426849,-10.09406567,1,-2.86462903,1,-13.40803814,1,3.021321535,1,5.221039772,1,-2.931070805,1,0.00493026,0,-0.723405719,0,0.888542295,0
43.9182663,-10.97352314,1,-2.947451115,1,-14.29580021,1,3.02320528,1,5.147835255,1,-3.10180068,1,0.027164826,0,-0.702473044,0,0.873035312,0
43.9222641,-12.08401203,1,-2.727240324,1,-15.19986534,1,3.021652222,1,5.095253468,1,-3.297077179,1,0.049198367,0,-0.681518555,0,0.857444346,0
43.92626572,-13.36381912,1,-2.485269785,1,-15.897048,1,3.014031649,1,5.058497906,1,-3.515547514,1,0.0710897,0,-0.660437346,0,0.841641724,0
43.93026352,-14.65487671,1,-2.208729982,1,-16.34586906,1,2.994601488,1,5.043293476,1,-3.756591558,1,0.092860527,0,-0.639117122,0,0.825515032,0
43.93426132,-16.05239296,1,-2.032749653,1,-16.85748482,1,2.974059105,1,5.032238483,1,-4.022313118,1,0.114536002,0,-0.617471695,0,0.80897063,0
43.93826294,-17.61176872,1,-2.268185139,1,-17.15966988,1,2.908858538,1,5.024418354,1,-4.288617611,1,0.13600865,0,-0.595436335,0,0.791968584,0
43.94226074,-18.99511337,1,-1.704788089,1,-17.55296707,1,2.796096563,1,4.995932102,1,-4.552564144,1,0.157054484,0,-0.573004544,0,0.774510145,0
43.94625855,-20.54885101,1,-0.453767031,1,-18.00065804,1,2.666853428,1,4.929626942,1,-4.823993683,1,0.171730369,0,-0.547169149,0,0.745386183,0
43.95026779,-22.5601387,1,1.856186152,1,-18.30280685,1,2.56025219,1,4.851371765,1,-5.054354191,1,0.191626847,0,-0.52436471,0,0.726892829,0
43.95426941,-25.42142105,1,3.486603498,1,-17.79100609,1,2.532494307,1,4.802886486,1,-5.257910728,1,0.211014539,0,-0.50133574,0,0.708113313,0
43.95826721,-27.96320724,1,5.492273331,1,-16.51252937,1,2.581691504,1,4.805650234,1,-5.41667366,1,0.230092511,0,-0.4779163,0,0.689256549,0
43.96226883,-30.61870193,1,6.052481174,1,-14.52826977,1,2.646949768,1,4.857230186,1,-5.523555279,1,0.248940274,0,-0.453956306,0,0.670571625,0
43.96626663,-33.16791153,1,4.524944782,1,-11.86235332,1,2.668260098,1,4.953570366,1,-5.532677174,1,0.267337263,0,-0.429335415,0,0.6524387,0
43.97026825,-34.40910721,1,2.807668209,1,-9.182164192,1,2.585977554,1,5.021801472,1,-5.403981686,1,0.284798115,0,-0.404152691,0,0.635343015,0
43.97426605,-34.49254608,1,1.964642286,1,-6.51867485,1,2.411240816,1,5.001358032,1,-5.153388023,1,0.300770849,0,-0.378833681,0,0.619722486,0
43.97826386,-34.11674118,1,2.124858379,1,-3.852313757,1,2.201090336,1,4.887243748,1,-4.810950756,1,0.314988971,0,-0.353917301,0,0.605793059,0
43.98226547,-33.0675354,1,4.145036221,1,-1.333487153,1,2.035779476,1,4.654182911,1,-4.410747051,1,0.327539533,0,-0.329953909,0,0.593617618,0
43.98626709,-31.34608841,1,7.478420734,1,1.240783811,1,1.969253063,1,4.302868366,1,-3.967146158,1,0.338811308,0,-0.307525635,0,0.58311075,0
43.99026108,-29.50815392,1,11.57061958,1,3.577405453,1,2.08013773,1,3.838726759,1,-3.523247242,1,0.34951061,0,-0.287113518,0,0.574114859,0
43.9942627,-28.65056801,1,15.79616547,1,5.55403471,1,2.360236168,1,3.318625212,1,-3.060510635,1,0.360452116,0,-0.269118607,0,0.566455841,0
43.99826431,-29.07475471,1,19.87732124,1,6.927678108,1,2.800496101,1,2.801237106,1,-2.629061937,1,0.372408867,0,-0.253620535,0,0.559995174,0
44.00226212,-30.32855415,1,22.48449135,1,7.67375803,1,3.355773687,1,2.322528124,1,-2.236758471,1,0.386028826,0,-0.240521908,0,0.554581881,0
44.00625992,-31.72063637,1,23.56871414,1,7.596809864,1,3.894632816,1,1.894951105,1,-1.904083967,1,0.401596457,0,-0.229572967,0,0.550066769,0
44.01026154,-32.65891266,1,23.92272758,1,7.476323605,1,4.33663702,1,1.491648316,1,-1.627137184,1,0.418965846,0,-0.220561981,0,0.546214342,0
44.01425934,-33.33376312,1,22.30037308,1,7.277639866,1,4.541846752,1,1.137314796,1,-1.412739873,1,0.437531084,0,-0.213277727,0,0.542804718,0
44.01825714,-34.07621002,1,19.18552399,1,6.814723969,1,4.471534729,1,0.819521964,1,-1.270822644,1,0.456314564,0,-0.207449153,0,0.539576292,0
44.02225876,-34.17141724,1,13.90727711,1,6.418200493,1,3.995804071,1,0.558362305,1,-1.142935753,1,0.473985642,0,-0.202820495,0,0.536425948,0
44.02625656,-32.32175064,1,7.023957729,1,4.929602146,1,3.075924635,1,0.281261891,1,-0.951864958,1,0.488893658,0,-0.199357167,0,0.533396721,0
44.03025436,-12.29426479,1,-18.04802322,1,2.287740946,1,0.351638377,1,-0.599599421,1,-0.178333849,1,0.496581614,0,-0.19859609,0,0.530996501,0
44.03425598,-43.7184639,1,-1.938499212,1,9.893195152,1,-1.348430276,1,-2.119713068,1,1.116838098,1,0.494302154,0,-0.204329401,0,0.530026138,0
44.03825378,-36.1682663,1,14.84687328,1,13.68415833,1,-1.677003026,1,-2.436200857,1,1.999476671,1,0.487824589,0,-0.215692937,0,0.531195581,0
44.0422554,8.977373123,1,12.48528481,1,11.21926594,1,-1.796115518,1,-2.146615505,1,2.517550945,1,0.480033278,0,-0.227878109,0,0.535075545,0
44.0462532,8.87985611,1,4.172865868,1,-2.470875025,1,-1.968382001,1,-2.628379345,1,3.336177588,1,0.471074104,0,-0.241627365,0,0.541317523,0
44.05025101,-14.44247055,1,-3.848129272,1,-15.56502056,1,-2.081607103,1,-2.741872549,1,3.779455662,1,0.460977137,0,-0.257893562,0,0.5495134,0
44.05425263,-6.813200951,1,-17.72003365,1,-23.56819916,1,-1.993366003,1,-1.926063776,1,3.904280901,1,0.450152427,0,-0.273127228,0,0.559496164,0
44.05825424,3.715184689,1,-30.25875854,1,-27.15796852,1,-2.210656881,1,-1.302071929,1,3.905793905,1,0.438671172,0,-0.285561681,0,0.571390271,0
44.06224823,5.662568569,1,-34.44263458,1,-21.18769646,1,-2.700963736,1,-1.152949452,1,3.730715036,1,0.425201476,0,-0.296392471,0,0.583688974,0
44.06624985,4.534028053,1,-30.63914108,1,-12.54185963,1,-3.154777288,1,-1.222982287,1,3.6279006,1,0.410014093,0,-0.306618154,0,0.595801592,0
44.07025528,1.685184717,1,-21.10382462,1,-6.716951847,1,-3.428749323,1,-1.588778377,1,3.427135229,1,0.393265724,0,-0.31729126,0,0.607135415,0
44.07426071,1.70651865,1,-11.28307438,1,-4.443609715,1,-3.537977457,1,-2.12536025,1,3.342297316,1,0.375948429,0,-0.329005778,0,0.617548883,0
44.07825851,0.777128816,1,-7.757427216,1,-4.369282246,1,-3.736184835,1,-3.073622942,1,3.233270407,1,0.358457327,0,-0.343553245,0,0.626574337,0
44.08226013,-5.233527184,1,-4.687366486,1,-6.339740753,1,-4.140355587,1,-3.661850452,1,3.043963432,1,0.34008196,0,-0.360591888,0,0.634170055,0
44.08625794,-8.26052475,1,-0.467056006,1,-9.635599136,1,-4.342300415,1,-3.97663188,1,3.003894091,1,0.320527196,0,-0.378995657,0,0.641162336,0
44.09025574,-17.88288689,1,3.08438468,1,-17.01403236,1,-4.264546394,1,-3.980188847,1,2.703277826,1,0.30089587,0,-0.39779073,0,0.647656679,0
44.09425736,-24.11976624,1,9.179775238,1,-20.69737244,1,-3.98286581,1,-3.437712908,1,2.332128763,1,0.281990111,0,-0.41493839,0,0.653462887,0
44.09825516,-24.46611214,1,15.5906105,1,-19.71667099,1,-3.360021353,1,-3.038987398,1,2.061634779,1,0.265065402,0,-0.429757595,0,0.658943176,0
44.10225296,-21.52264404,1,18.18588638,1,-18.99980927,1,-2.662141323,1,-2.645042896,1,1.784550071,1,0.250886023,0,-0.442679167,0,0.663902044,0
44.10625458,-17.05569267,1,17.60198593,1,-15.8701849,1,-2.028813362,1,-2.410166979,1,1.695752621,1,0.239462063,0,-0.454117686,0,0.668675005,0
44.11025238,-12.08540249,1,13.05389881,1,-14.85235691,1,-1.495494366,1,-2.293173552,1,1.604416609,1,0.230336025,0,-0.464771122,0,0.673387051,0
44.11425018,-10.28506947,1,7.091386318,1,-13.96634865,1,-1.147574425,1,-2.202525616,1,1.570778966,1,0.222979605,0,-0.474976778,0,0.67804867,0
44.1182518,-8.108459473,1,2.120931625,1,-12.65842915,1,-0.968167603,1,-2.037214994,1,1.529161572,1,0.216618046,0,-0.484609097,0,0.682786703,0
44.1222496,-6.641359329,1,-1.834547997,1,-10.93420601,1,-0.864050984,1,-1.888762951,1,1.412180305,1,0.210698605,0,-0.493508577,0,0.687427104,0
44.12625122,-7.981935978,1,-5.826629162,1,-8.077272415,1,-0.917038918,1,-1.820027471,1,1.331699848,1,0.20519188,0,-0.501968741,0,0.691757619,0
44.13025665,-6.706896782,1,-6.857988834,1,-7.339954853,1,-0.936663747,1,-1.712787509,1,1.231067777,1,0.199432433,0,-0.509894729,0,0.695915282,0
44.13424683,-10.1186676,1,-5.995868206,1,-7.950635433,1,-1.049581766,1,-1.540501833,1,1.093319774,1,0.19365792,0,-0.517223477,0,0.699667633,0
44.13824844,-12.21165657,1,-3.121063471,1,-9.139601707,1,-1.061592937,1,-1.270561814,1,0.960373342,1,0.187657803,0,-0.523538709,0,0.703079343,0
44.14225388,-12.42860603,1,-0.850256324,1,-10.04890633,1,-1.022203684,1,-0.980282068,1,0.892782331,1,0.181898668,0,-0.528650105,0,0.706332028,0
44.14624405,-12.73788738,1,-0.764961004,1,-10.61481667,1,-0.930745959,1,-0.679903507,1,0.755729377,1,0.176390231,0,-0.532500446,0,0.709427595,0
44.15024567,-10.92480564,1,-1.267399788,1,-10.37728214,1,-0.813656271,1,-0.432753593,1,0.618532062,1,0.171542481,0,-0.535133481,0,0.712107897,0
44.1542511,-6.888184071,1,-1.130272865,1,-9.411924362,1,-0.739751577,1,-0.379973203,1,0.550457835,1,0.167225778,0,-0.537082374,0,0.71447736,0
44.15824509,-5.644927979,1,-2.025163889,1,-9.07705307,1,-0.655371189,1,-0.418090254,1,0.487783968,1,0.163365304,0,-0.53901118,0,0.716553986,0
44.16224289,-5.439407349,1,-2.867551565,1,-9.657842636,1,-0.579060078,1,-0.419552386,1,0.438301653,1,0.159973353,0,-0.540978551,0,0.718359768,0
44.16624451,-5.707832336,1,-3.071559429,1,-9.675788879,1,-0.518202484,1,-0.414430737,1,0.432837874,1,0.156900018,0,-0.542910159,0,0.720054686,0
44.17024231,-5.517468929,1,-3.442985773,1,-9.150026321,1,-0.489037961,1,-0.374018133,1,0.46457842,1,0.153960481,0,-0.544731319,0,0.721838832,0
44.17424011,-5.077152252,1,-4.250126362,1,-8.826066017,1,-0.4949072,1,-0.355463415,1,0.496165365,1,0.150977924,0,-0.546480954,0,0.723796964,0
44.17824173,-5.952079296,1,-4.529206753,1,-8.864126205,1,-0.494589031,1,-0.345219195,1,0.468429446,1,0.147971213,0,-0.548168123,0,0.725781918,0
44.18223953,-5.223408699,1,-3.529685497,1,-8.803053856,1,-0.473306179,1,-0.365817875,1,0.422689468,1,0.14508459,0,-0.549827218,0,0.727602839,0
44.18623734,-4.858974457,1,-1.640113831,1,-9.126054764,1,-0.442970455,1,-0.392052501,1,0.40295577,1,0.142380208,0,-0.551561356,0,0.72926712,0
44.1902504,-5.765072346,1,-0.055938624,1,-9.37963295,1,-0.367455333,1,-0.381604046,1,0.371634543,1,0.139940992,0,-0.553330839,0,0.730818331,0
44.19425201,-6.5898242,1,0.508370936,1,-9.272913933,1,-0.274326324,1,-0.347253114,1,0.328641951,1,0.141879603,0,-0.557050347,0,0.703859687,0
44.19824982,-5.904920578,1,-0.262573183,1,-8.688897133,1,-0.201133519,1,-0.332005054,1,0.282132864,1,0.140283734,0,-0.558563828,0,0.705079436,0
44.20225143,-5.398415565,1,-1.747843862,1,-8.992231369,1,-0.152848229,1,-0.323652923,1,0.235038429,1,0.139045686,0,-0.559993625,0,0.706080019,0
44.20624924,-5.054499149,1,-2.669758558,1,-8.886585236,1,-0.121294983,1,-0.324511707,1,0.212546602,1,0.138052747,0,-0.561398149,0,0.706899285,0
44.21025085,-5.081928253,1,-2.937278271,1,-8.813964844,1,-0.112325273,1,-0.330967546,1,0.207163647,1,0.137195423,0,-0.562814534,0,0.707656741,0
44.21424866,-5.195120335,1,-2.770390511,1,-8.716209412,1,-0.097490788,1,-0.32744804,1,0.209594175,1,0.136368915,0,-0.564237893,0,0.708430409,0
44.21824646,-5.254805088,1,-2.599267721,1,-8.580860138,1,-0.087501869,1,-0.327376693,1,0.206193477,1,0.135594681,0,-0.565653622,0,0.709201694,0
44.22224808,-5.227485657,1,-2.57904768,1,-8.593652725,1,-0.07832092,1,-0.321387529,1,0.199794367,1,0.134867787,0,-0.56704843,0,0.709950507,0
44.2262497,-4.921935558,1,-2.793340206,1,-8.458124161,1,-0.071255475,1,-0.316108465,1,0.200834483,1,0.134171665,0,-0.568424284,0,0.710703075,0
44.23024368,-4.913038731,1,-3.040505171,1,-8.394333839,1,-0.070032775,1,-0.314144939,1,0.207840309,1,0.133479193,0,-0.569778621,0,0.711466193,0
44.2342453,-5.362196922,1,-3.215766668,1,-8.305746078,1,-0.074804604,1,-0.303335249,1,0.209964588,1,0.132769763,0,-0.571108341,0,0.712253511,0
44.23824692,-5.243695736,1,-3.239473581,1,-8.144413948,1,-0.079099566,1,-0.294165522,1,0.201411352,1,0.132030278,0,-0.572408199,0,0.713047266,0
44.24224472,-5.445456028,1,-2.968071938,1,-8.228070259,1,-0.090824433,1,-0.286221057,1,0.200872466,1,0.131272495,0,-0.57366693,0,0.713823199,0
44.24624252,-5.112045288,1,-2.481476545,1,-8.299872398,1,-0.083141774,1,-0.279712051,1,0.187796235,1,0.130529597,0,-0.574884474,0,0.714571118,0
44.25024414,-5.05928421,1,-2.274389029,1,-8.37630558,1,-0.075379811,1,-0.270286918,1,0.182127416,1,0.129814059,0,-0.576070487,0,0.715285778,0
44.25424194,-5.093654156,1,-2.33281374,1,-8.359593391,1,-0.07699497,1,-0.264887601,1,0.165947795,1,0.129145458,0,-0.577219546,0,0.715950012,0
44.25823975,-5.112718582,1,-2.253369093,1,-8.259194374,1,-0.068508551,1,-0.260110199,1,0.147494763,1,0.128532663,0,-0.578338027,0,0.716531456,0
44.26224136,-5.193562508,1,-2.226861238,1,-8.232802391,1,-0.052137073,1,-0.256002307,1,0.127001971,1,0.128023058,0,-0.579431295,0,0.717030704,0
44.26623917,-4.992695332,1,-2.177303314,1,-8.349285126,1,-0.037402686,1,-0.258682221,1,0.112685956,1,0.127620295,0,-0.580506742,0,0.717443883,0
44.27023697,-5.131741047,1,-2.000482321,1,-8.354492188,1,-0.02020463,1,-0.256059051,1,0.094226256,1,0.127308145,0,-0.581581831,0,0.717789829,0
44.27423859,-4.982617378,1,-2.084161282,1,-8.337974548,1,0.002127672,1,-0.259481758,1,0.077980295,1,0.127136007,0,-0.582653821,0,0.718034506,0
44.27823639,-4.914292336,1,-2.412540436,1,-8.351488113,1,0.009881297,1,-0.266116649,1,0.068533391,1,0.127064005,0,-0.583733439,0,0.71822226,0
44.28223419,-4.699611187,1,-2.644647837,1,-8.263818741,1,0.008976668,1,-0.269756645,1,0.071719274,1,0.12699984,0,-0.584832788,0,0.718395472,0
44.28623581,-4.908140659,1,-2.785034418,1,-8.205094337,1,0.021744214,1,-0.273761898,1,0.071624868,1,0.126963168,0,-0.585956395,0,0.718570948,0
44.29023361,-4.932592869,1,-3.006975651,1,-8.118284225,1,0.014513368,1,-0.272870034,1,0.091145121,1,0.126908824,0,-0.587082982,0,0.718791366,0
44.29423523,-4.998016834,1,-3.22074008,1,-7.995370388,1,0.006720037,1,-0.2750808,1,0.106803484,1,0.126772434,0,-0.588219583,0,0.719105899,0
44.29823303,-5.055743694,1,-3.349952459,1,-7.779506683,1,-0.001365397,1,-0.259269625,1,0.124344721,1,0.126565903,0,-0.589332283,0,0.719490409,0
44.30223084,-5.024602413,1,-3.530825853,1,-7.69009304,1,-0.018891465,1,-0.242917031,1,0.145027757,1,0.12625894,0,-0.590397477,0,0.719968259,0
44.30623245,-5.029642105,1,-3.550958872,1,-7.589437485,1,-0.043755364,1,-0.223525986,1,0.167746976,1,0.125800163,0,-0.59140861,0,0.720569253,0
44.31023789,-5.085632324,1,-3.67057991,1,-7.544976234,1,-0.067394957,1,-0.20750156,1,0.18871595,1,0.125187442,0,-0.592354178,0,0.721280217,0
44.3142395,-5.063588142,1,-3.497845411,1,-7.485364437,1,-0.092021137,1,-0.19204925,1,0.205041975,1,0.124408007,0,-0.593254268,0,0.722100079,0
44.31824112,-5.079208374,1,-3.188881397,1,-7.604861259,1,-0.098297626,1,-0.173865244,1,0.214911759,1,0.123530239,0,-0.594081879,0,0.722994745,0
44.32224274,-4.840654373,1,-2.98722744,1,-7.833912373,1,-0.110424593,1,-0.168751314,1,0.22916621,1,0.122570217,0,-0.594867826,0,0.723957717,0
44.32624054,-4.937184811,1,-2.596802711,1,-7.871376991,1,-0.126365706,1,-0.167184621,1,0.235574052,1,0.121520773,0,-0.595652521,0,0.724979281,0
44.33023834,-5.073200703,1,-2.117835522,1,-7.900251865,1,-0.100083344,1,-0.165388405,1,0.231025144,1,0.120494418,0,-0.596427023,0,0.725994885,0
44.33423996,-5.054478645,1,-2.120051146,1,-7.928782463,1,-0.082604006,1,-0.158111423,1,0.227748767,1,0.119563147,0,-0.597173035,0,0.727005959,0
44.33823776,-4.990933418,1,-2.198844433,1,-7.95609951,1,-0.074597865,1,-0.162774727,1,0.224482939,1,0.118690453,0,-0.597901881,0,0.727998674,0
44.34223557,-4.985450268,1,-2.192040205,1,-7.985573769,1,-0.05644254,1,-0.159902424,1,0.208645523,1,0.117894538,0,-0.598638773,0,0.728932142,0
44.34623718,-4.895637989,1,-2.056620359,1,-8.081403732,1,-0.044927206,1,-0.15761739,1,0.204866886,1,0.117175385,0,-0.599367857,0,0.729841828,0
44.35023499,-4.898532867,1,-2.097280025,1,-8.126545906,1,-0.028800275,1,-0.165747136,1,0.203157842,1,0.116537847,0,-0.600101054,0,0.730717599,0
44.35423279,-4.891436577,1,-2.237445831,1,-8.064415932,1,-0.024568962,1,-0.173875764,1,0.200829193,1,0.115938842,0,-0.600875556,0,0.731591523,0
44.35823441,-5.005619526,1,-2.446964979,1,-8.037158012,1,-0.016710469,1,-0.175382167,1,0.197386354,1,0.115376629,0,-0.601664662,0,0.732446194,0
44.36223221,-4.93104887,1,-2.490259409,1,-8.064330101,1,-0.032695968,1,-0.184487447,1,0.198969766,1,0.114791766,0,-0.602465689,0,0.733302534,0
44.36623001,-4.950031281,1,-2.390579224,1,-8.0417099,1,-0.023865601,1,-0.189671323,1,0.200116798,1,0.114193551,0,-0.60329318,0,0.734157264,0
44.37023163,-5.004654408,1,-2.381513357,1,-7.981237411,1,-0.014045836,1,-0.18509464,1,0.205442324,1,0.113617875,0,-0.604135573,0,0.735027313,0
44.37422943,-4.982996941,1,-2.467232227,1,-8.009378433,1,-0.005344995,1,-0.186966389,1,0.202732354,1,0.113079444,0,-0.604971528,0,0.735911429,0
44.37822723,-5.012005806,1,-2.558927298,1,-7.950505733,1,-0.004315879,1,-0.189436704,1,0.210413411,1,0.112542771,0,-0.605816126,0,0.736817479,0
44.38222885,-5.035210133,1,-2.472182989,1,-7.935460091,1,-0.011119587,1,-0.195953369,1,0.212758705,1,0.111992128,0,-0.606672287,0,0.73773998,0
44.38622665,-5.070023537,1,-2.407531023,1,-7.927342892,1,-0.003933437,1,-0.192757294,1,0.216578767,1,0.111431867,0,-0.607536793,0,0.738674819,0
44.39022827,-5.010365963,1,-2.474498749,1,-8.028114319,1,-0.010241158,1,-0.207674712,1,0.219551399,1,0.110872597,0,-0.608424723,0,0.739612401,0
44.39422607,-4.979141712,1,-2.304495096,1,-8.045070648,1,-0.012559857,1,-0.209627002,1,0.214338958,1,0.110289671,0,-0.609346688,0,0.74055624,0
44.39822388,-5.080751896,1,-2.248221397,1,-8.037122726,1,0.002257811,1,-0.214502737,1,0.222030565,1,0.109717183,0,-0.610291958,0,0.74150598,0
44.40222549,-5.080212593,1,-2.234181643,1,-8.055354118,1,0.008882434,1,-0.213709831,1,0.220307782,1,0.109209538,0,-0.611238062,0,0.74245435,0
44.40622711,-5.05203104,1,-2.275007248,1,-8.047735214,1,0.014087012,1,-0.220405117,1,0.22737512,1,0.108694278,0,-0.612196982,0,0.743425488,0
44.4102211,-5.056483269,1,-2.294763088,1,-7.987927437,1,0.018504025,1,-0.231448695,1,0.225979149,1,0.108195074,0,-0.613188565,0,0.744404733,0
44.41422272,-5.101711273,1,-2.437246323,1,-8.045083046,1,0.016083134,1,-0.236079127,1,0.237025484,1,0.107679807,0,-0.614210248,0,0.745405316,0
44.41822434,-4.971591473,1,-2.507547379,1,-8.056131363,1,0.020619569,1,-0.24141629,1,0.237712815,1,0.107170597,0,-0.615264833,0,0.746414781,0
44.42222214,-5.011285305,1,-2.549665451,1,-8.213097572,1,0.025546346,1,-0.257178634,1,0.242405429,1,0.106658049,0,-0.616354942,0,0.74744755,0
44.42621994,-5.077914238,1,-2.458586216,1,-8.113500595,1,0.028912613,1,-0.268481523,1,0.251183987,1,0.106162719,0,-0.617503643,0,0.748512506,0
44.43022156,-5.061297894,1,-2.665297985,1,-8.206776619,1,0.034716677,1,-0.280859619,1,0.26224789,1,0.105649784,0,-0.618707597,0,0.749623477,0
44.43422318,-4.902655602,1,-2.698654652,1,-8.253855705,1,0.017105438,1,-0.297911942,1,0.274456471,1,0.105074689,0,-0.619973481,0,0.750786543,0
44.43822861,-5.051189899,1,-2.56096077,1,-8.301068306,1,0.025030937,1,-0.318198413,1,0.283695757,1,0.104452081,0,-0.621321619,0,0.75199759,0
44.44223023,-4.856133461,1,-2.577231407,1,-8.309908867,1,0.033998791,1,-0.339025676,1,0.297880709,1,0.174474776,0,-0.608611286,0,0.803263605,0
44.44622803,-4.952666759,1,-2.7560184,1,-8.370394707,1,0.034746632,1,-0.359596282,1,0.315296978,1,0.173833922,0,-0.608671725,0,0.777655602,0
44.45022583,-4.948453903,1,-2.862936735,1,-8.38862896,1,0.037488952,1,-0.382984757,1,0.326978594,1,0.173259437,0,-0.610361338,0,0.778895974,0
44.45422745,-4.952442169,1,-2.891115665,1,-8.365286827,1,0.040025376,1,-0.411812484,1,0.347602069,1,0.172665223,0,-0.612153172,0,0.780192018,0
44.45822525,-4.86486721,1,-2.783368826,1,-8.344158173,1,0.038448803,1,-0.433851749,1,0.367972434,1,0.172046512,0,-0.614061654,0,0.781555533,0
44.46222687,-4.894197464,1,-2.752835989,1,-8.478246689,1,0.045839675,1,-0.465544701,1,0.378455579,1,0.171404257,0,-0.616084993,0,0.782986701,0
44.46622467,-4.80146265,1,-2.755258799,1,-8.556468964,1,0.051741518,1,-0.49320206,1,0.400963038,1,0.170734495,0,-0.618235111,0,0.784479976,0
44.47022247,-4.91655159,1,-2.866635084,1,-8.435905457,1,0.051409222,1,-0.522570431,1,0.412590057,1,0.17005235,0,-0.620510519,0,0.786017179,0
44.47422409,-4.837987423,1,-2.88625598,1,-8.503143311,1,0.041310675,1,-0.554798007,1,0.429549485,1,0.169291511,0,-0.622910321,0,0.787627339,0
44.47822571,-4.988551617,1,-2.531510115,1,-8.432271957,1,0.03992717,1,-0.596176445,1,0.444854617,1,0.168482333,0,-0.625487804,0,0.789273381,0
44.4822197,-5.1661129,1,-2.533612967,1,-8.387050629,1,0.046281368,1,-0.625275433,1,0.456861675,1,0.167667136,0,-0.628195882,0,0.790967584,0
44.48622131,-5.160725594,1,-2.518193722,1,-8.379041672,1,0.048618935,1,-0.654685974,1,0.458539605,1,0.16684705,0,-0.631027281,0,0.792670846,0
44.49022293,-5.108924866,1,-2.635643005,1,-8.424848557,1,0.039075337,1,-0.684758604,1,0.466490448,1,0.16600807,0,-0.633977532,0,0.794391334,0
44.49422073,-4.884547234,1,-2.62112546,1,-8.379779816,1,0.026165703,1,-0.719042718,1,0.475285113,1,0.165117219,0,-0.63705492,0,0.796124578,0
44.49821854,-5.00454998,1,-2.542061806,1,-8.451869011,1,0.019077647,1,-0.759670198,1,0.478820622,1,0.164151892,0,-0.640286088,0,0.797872424,0
44.50222015,-5.092736721,1,-2.621785641,1,-8.538671494,1,-0.003574378,1,-0.785462022,1,0.487885326,1,0.163128957,0,-0.64364928,0,0.799633622,0
44.50621796,-5.094774246,1,-2.963953733,1,-8.575773239,1,-0.046148509,1,-0.822118998,1,0.489036709,1,0.161968648,0,-0.64713043,0,0.801392794,0
44.51021576,-4.826878548,1,-2.591387033,1,-8.56860733,1,-0.064824276,1,-0.870912969,1,0.490030318,1,0.16068314,0,-0.650779009,0,0.80313623,0
44.51421738,-5.062654018,1,-2.482274771,1,-8.772769928,1,-0.056230247,1,-0.918355346,1,0.501312912,1,0.159373417,0,-0.654633403,0,0.804884613,0
44.51821518,-4.965317726,1,-2.579468012,1,-8.851036072,1,-0.055655763,1,-0.970286727,1,0.506100774,1,0.158069789,0,-0.658685029,0,0.806648016,0
44.52221298,-4.962328911,1,-2.905263424,1,-9.002119064,1,-0.068169497,1,-1.032664895,1,0.524182618,1,0.156738967,0,-0.662968814,0,0.808429182,0
44.5262146,-5.065187454,1,-2.95380044,1,-9.08955574,1,-0.082156517,1,-1.109858155,1,0.552353263,1,0.155286983,0,-0.667527318,0,0.810291469,0
44.5302124,-5.930483341,1,-3.633571148,1,-9.526844978,1,-0.126702622,1,-1.125378847,1,0.579355061,1,0.153695896,0,-0.672350883,0,0.812244952,0
44.53421021,-2.564524651,1,-1.222722054,1,-9.080079079,1,0.041312084,1,-1.319252729,1,0.565464675,1,0.152088448,0,-0.677222788,0,0.814263523,0
44.53821182,-6.760629177,1,-0.664484322,1,-10.5906744,1,0.017470218,1,-1.313016176,1,0.622967839,1,0.151009381,0,-0.682937384,0,0.816267729,0
44.54220963,-4.574522972,1,-5.681699753,1,-8.153806686,1,-0.102154993,1,-1.4706949,1,0.616383731,1,0.149561733,0,-0.68876189,0,0.818369806,0
44.54621124,-4.929586887,1,-5.168774128,1,-10.07503605,1,-0.194400191,1,-1.539812922,1,0.621689081,1,0.147688016,0,-0.695100248,0,0.820319772,0
44.55020905,-3.723631382,1,-1.840460539,1,-9.694816589,1,-0.18174994,1,-1.647449732,1,0.73576647,1,0.145433366,0,-0.701790988,0,0.82263118,0
44.55421448,-5.75459528,1,-2.843167543,1,-9.782907486,1,-0.160314992,1,-1.739197731,1,0.769190907,1,0.143057063,0,-0.708957732,0,0.825273752,0
44.55821228,-5.381886482,1,-3.825224638,1,-9.616531372,1,-0.233522028,1,-1.831267953,1,0.776475787,1,0.140499488,0,-0.716437221,0,0.827980042,0
44.5622139,-4.967769146,1,-2.446148396,1,-10.05252552,1,-0.276214719,1,-1.931406379,1,0.800249994,1,0.137645826,0,-0.724334419,0,0.830740333,0
44.5662117,-4.635016918,1,-2.255732059,1,-9.871742249,1,-0.278179318,1,-2.049089909,1,0.846022069,1,0.134585038,0,-0.732658029,0,0.833672643,0
44.5702095,-4.772079945,1,-2.561252356,1,-9.851181984,1,-0.274083793,1,-2.164828777,1,0.873464644,1,0.131385326,0,-0.741473854,0,0.836778939,0
44.57421112,-4.824575901,1,-2.349568129,1,-9.650082588,1,-0.278529286,1,-2.286832809,1,0.899897814,1,0.128106564,0,-0.750755072,0,0.839984298,0
44.57820892,-4.760731697,1,-2.517758131,1,-9.721960068,1,-0.281622589,1,-2.404581547,1,0.941295147,1,0.124655977,0,-0.760516942,0,0.843379319,0
44.58221054,-4.967208862,1,-2.693627119,1,-9.917610168,1,-0.310442388,1,-2.524472952,1,0.987638831,1,0.120957494,0,-0.770771146,0,0.847008407,0
44.58621216,-4.633486748,1,-2.335165262,1,-9.83973217,1,-0.303068072,1,-2.660679102,1,1.023726583,1,0.117025696,0,-0.781530142,0,0.850877464,0
44.59020615,-4.764794827,1,-2.26183629,1,-9.945855141,1,-0.294668853,1,-2.829437733,1,1.076812506,1,0.11291232,0,-0.792917967,0,0.855007231,0
44.59420776,-4.610097408,1,-2.461895704,1,-10.04640675,1,-0.285447896,1,-2.982843399,1,1.12034297,1,0.108585022,0,-0.804951072,0,0.859415412,0
44.59820938,-4.425853252,1,-2.586735964,1,-10.27757835,1,-0.28116098,1,-3.168073893,1,1.179744601,1,0.10401094,0,-0.817663729,0,0.864159584,0
44.60220718,-4.481049061,1,-3.034414053,1,-10.75804234,1,-0.280667692,1,-3.364465237,1,1.243975759,1,0.099100634,0,-0.831144512,0,0.869308054,0
44.60620499,-4.015819073,1,-2.889779091,1,-11.12264442,1,-0.256688863,1,-3.566354275,1,1.312421918,1,0.093860418,0,-0.845422089,0,0.874912381,0
44.6102066,-3.940846205,1,-3.44874835,1,-11.55055809,1,-0.231177464,1,-3.817317724,1,1.398698092,1,0.088238142,0,-0.860615432,0,0.881082535,0
44.61420441,-3.953881264,1,-4.593555927,1,-11.89411449,1,-0.243949831,1,-4.059150696,1,1.480199099,1,0.082093969,0,-0.876801252,0,0.887886405,0
44.61820221,-3.932313919,1,-5.441729069,1,-11.87784576,1,-0.289093971,1,-4.346845627,1,1.62081635,1,0.075100027,0,-0.894024611,0,0.8955549,0
44.62220383,-3.508146286,1,-6.758803844,1,-12.38633919,1,-0.345219493,1,-4.664888382,1,1.766299248,1,0.066869631,0,-0.912476957,0,0.904423177,0
44.62620163,-4.335965157,1,-7.595811844,1,-12.81351852,1,-0.40913558,1,-4.966969967,1,1.946356893,1,0.057176743,0,-0.932160258,0,0.914692938,0
44.63019943,-4.740509033,1,-8.458031654,1,-12.83542633,1,-0.499549866,1,-5.255955219,1,2.169905663,1,0.045509275,0,-0.953021169,0,0.926877618,0
44.63420105,-5.125758648,1,-9.978616714,1,-13.08496571,1,-0.63804388,1,-5.521565437,1,2.424571037,1,0.031172201,0,-0.974931359,0,0.941552639,0
44.63819885,-4.675967216,1,-10.38526154,1,-12.80611038,1,-0.745106936,1,-5.839266777,1,2.680386543,1,0.013828217,0,-0.997844934,0,0.959056973,0
44.64219666,-4.675444603,1,-11.98079205,1,-12.78906918,1,-0.909636438,1,-6.12638998,1,2.964963198,1,-0.007360819,0,-1.021842957,0,0.980155408,0
44.64619827,-4.921606064,1,-13.19708252,1,-12.6891489,1,-1.074474216,1,-6.360678673,1,3.273518085,1,-0.033076853,0,-1.046555519,0,1.00549686,0
44.65019608,-7.902040482,1,-14.48070908,1,-13.17461491,1,-1.358303905,1,-6.524429321,1,3.568404436,1,-0.064557411,0,-1.071699142,0,1.036052823,0
44.65419769,-10.05500603,1,-13.76289558,1,-12.91537571,1,-1.592396259,1,-6.669139385,1,3.960422277,1,-0.10281501,0,-1.096732974,0,1.072785258,0
44.6581955,-10.90640163,1,-13.40908527,1,-13.83080769,1,-1.80515337,1,-6.647912025,1,4.191165447,1,-0.148926005,0,-1.121098042,0,1.116621971,0
44.6621933,-12.78454781,1,-10.59314919,1,-15.06469631,1,-1.939692497,1,-6.718943596,1,4.407002926,1,-0.202670693,0,-1.144455194,0,1.167666197,0
44.66619492,-15.97161674,1,-8.683506012,1,-15.41490841,1,-1.997260809,1,-6.600124836,1,4.553316593,1,-0.264003009,0,-1.166256547,0,1.226089954,0
44.67019653,-15.45534039,1,-7.906259537,1,-15.0838213,1,-2.07250762,1,-6.52243948,1,4.731958389,1,-0.333294332,0,-1.185865045,0,1.292334437,0
44.67419815,-15.86558437,1,-7.201369286,1,-15.72385216,1,-2.132076979,1,-6.480707645,1,4.81221199,1,-0.410770118,0,-1.203135848,0,1.366569757,0
44.67819977,-17.62689972,1,-5.846926689,1,-14.32077217,1,-2.06076622,1,-6.421560764,1,4.747337818,1,-0.494811147,0,-1.217980623,0,1.447376847,0
44.68219757,-18.31089211,1,-6.152153015,1,-14.04432964,1,-2.009664297,1,-6.395744324,1,4.766051769,1,-0.584592819,0,-1.230194092,0,1.534181952,0
44.68619537,-22.23233032,1,-4.437507153,1,-14.97655678,1,-1.790806174,1,-6.191772461,1,4.605412006,1,-0.678256512,0,-1.239498019,0,1.625290513,0
44.69019699,-22.31915855,1,-4.996418953,1,-14.07879257,1,-1.526248693,1,-5.897536278,1,4.528752327,1,-0.772005081,0,-1.245509863,0,1.717322946,0
44.69419861,-21.12417603,1,-7.812477112,1,-13.56797981,1,-1.414559364,1,-5.699563026,1,4.721690655,1,-0.856456757,0,-1.25459075,0,1.775662661,0
44.6981926,-20.52192688,1,-8.555867195,1,-11.684515,1,-1.550171256,1,-5.577827454,1,4.90324831,1,-0.952862263,0,-1.253306746,0,1.870859981,0
44.70219421,-20.38256264,1,-8.256907463,1,-11.57446003,1,-1.593015671,1,-5.421275616,1,4.788967133,1,-1.046799064,0,-1.248863816,0,1.963152528,0
44.70619583,-18.09620285,1,-7.986269474,1,-8.861363411,1,-1.697856069,1,-5.201338768,1,4.863633156,1,-1.135617137,0,-1.241615057,0,2.050010204,0
44.71019363,-15.67049408,1,-7.146574497,1,-7.870567799,1,-1.927907109,1,-4.846900463,1,4.87444973,1,-1.217988968,0,-1.231270909,0,2.129517555,0
44.71419144,-9.781809807,1,-4.906730175,1,-7.562959671,1,-2.066974401,1,-4.349803448,1,4.645452023,1,-1.291169882,0,-1.218878388,0,2.198783875,0
44.71819305,-5.370029449,1,-4.471321583,1,-7.775650024,1,-2.099760056,1,-3.875492811,1,4.44326067,1,-1.353777766,0,-1.205289245,0,2.256712675,0
44.72219086,-12.08562088,1,-5.250357628,1,-9.564971924,1,-2.078442097,1,-3.564422607,1,4.190231323,1,-1.40797472,0,-1.191093564,0,2.305942297,0
44.72618866,-17.39774895,1,-5.74241972,1,-12.71549225,1,-1.894715548,1,-3.056975842,1,3.582656622,1,-1.453583956,0,-1.177516341,0,2.346526384,0
44.73019028,-17.99792671,1,-0.104737401,1,-12.2564373,1,-1.529305577,1,-2.606499195,1,3.074637651,1,-1.490137339,0,-1.165442944,0,2.378740788,0
44.73418808,-27.55202293,1,3.852185726,1,-13.65316105,1,-0.913406909,1,-2.279434443,1,2.708384514,1,-1.519404888,0,-1.154563665,0,2.405271053,0
44.7381897,-27.76818466,1,-0.262006253,1,-15.52623653,1,-0.528698444,1,-1.459683895,1,2.394512653,1,-1.539932251,0,-1.144662142,0,2.42474699,0
44.7421875,-15.43004608,1,-4.998234272,1,-14.37197781,1,-0.362244844,1,-0.674391687,1,1.945908904,1,-1.551348805,0,-1.136035919,0,2.435319424,0
44.7461853,-7.157886982,1,-7.572118759,1,-10.77527714,1,-0.11231371,1,-0.257634819,1,1.428319097,1,-1.556328177,0,-1.129347444,0,2.43975544,0
44.75018692,-6.450527668,1,-7.66723299,1,-9.405619621,1,0.044604644,1,-0.067144938,1,1.098533511,1,-1.557928085,0,-1.124347091,0,2.441454887,0
44.75418854,-7.956850052,1,-6.523077488,1,-9.865403175,1,0.002854142,1,0.133937478,1,0.89934057,1,-1.557621241,0,-1.120373964,0,2.441259861,0
44.75818634,-8.095076561,1,-7.040863991,1,-9.667275429,1,-0.076976515,1,0.325049281,1,0.760394931,1,-1.555961132,0,-1.117041469,0,2.439249754,0
44.76218414,-5.478023529,1,-8.255427361,1,-8.61760807,1,-0.183532774,1,0.473093987,1,0.603404999,1,-1.553247929,0,-1.114288092,0,2.435656786,0
44.76618576,-2.799010992,1,-8.149168968,1,-7.484588623,1,-0.2825028,1,0.547841668,1,0.455662459,1,-1.550075889,0,-1.112138987,0,2.431082726,0
44.77018356,-1.566330671,1,-7.661273956,1,-6.890532494,1,-0.373913795,1,0.575548291,1,0.349342406,1,-1.546913862,0,-1.110503078,0,2.42609477,0
44.77418137,-1.101606727,1,-7.131990433,1,-6.588733673,1,-0.475218445,1,0.615898371,1,0.293846488,1,-1.543881297,0,-1.109169245,0,2.420810461,0
44.77818298,-0.732306242,1,-6.658489704,1,-6.423811913,1,-0.563537836,1,0.6472646,1,0.249642834,1,-1.540971041,0,-1.108010411,0,2.415226221,0
44.78218079,-0.642686248,1,-6.230305672,1,-6.254583836,1,-0.611352801,1,0.682481706,1,0.192971602,1,-1.538073063,0,-1.107048988,0,2.409356117,0
44.78617859,-0.530072033,1,-5.762466431,1,-6.084022522,1,-0.628654599,1,0.733111441,1,0.134506807,1,-1.534942627,0,-1.106305242,0,2.403082132,0
44.79018021,-0.211159468,1,-5.261037827,1,-5.849818707,1,-0.620078385,1,0.810420394,1,0.082651593,1,-1.531329989,0,-1.105759025,0,2.396235466,0
44.79418182,0.049533051,1,-4.820981979,1,-5.645738125,1,-0.586886644,1,0.904745579,1,0.034271125,1,-1.526961923,0,-1.105382323,0,2.388630867,0
44.79818726,0.000181304,1,-4.44770956,1,-5.643988609,1,-0.525560319,1,1.021430254,1,-0.017636059,1,-1.521547675,0,-1.10517621,0,2.380072355,0
44.80218887,0.002908417,1,-4.203937531,1,-5.523676872,1,-0.449616224,1,1.162511826,1,-0.089426868,1,-1.514824748,0,-1.105162263,0,2.370363474,0
44.80618668,0.097126342,1,-4.119641781,1,-5.518679142,1,-0.361528218,1,1.302655578,1,-0.159383178,1,-1.50661087,0,-1.105352879,0,2.359359741,0
44.81018448,0.189302951,1,-4.138832092,1,-5.484495163,1,-0.270465195,1,1.460110664,1,-0.223523825,1,-1.496783614,0,-1.105746984,0,2.346953392,0
44.8141861,0.299205661,1,-4.22671032,1,-5.477816582,1,-0.188365772,1,1.619528174,1,-0.290079832,1,-1.485305071,0,-1.106281877,0,2.333075047,0
44.8181839,0.396283686,1,-4.407542706,1,-5.438613892,1,-0.126423389,1,1.782852769,1,-0.358275026,1,-1.47215724,0,-1.106942415,0,2.317672729,0
44.8221817,0.382110655,1,-4.592010498,1,-5.446660519,1,-0.077286281,1,1.947435021,1,-0.413178116,1,-1.457382321,0,-1.107685447,0,2.30070734,0
44.82618332,0.339133739,1,-4.818085194,1,-5.401988983,1,-0.037453543,1,2.110047102,1,-0.476179063,1,-1.441019177,0,-1.108474493,0,2.28216815,0
44.83018112,0.308398306,1,-4.940465927,1,-5.397454739,1,-0.013105188,1,2.283391237,1,-0.535232782,1,-1.423080564,0,-1.109255552,0,2.262013674,0
44.83418274,0.240871236,1,-4.941959858,1,-5.397802353,1,0.007270965,1,2.440414667,1,-0.597879946,1,-1.403588891,0,-1.11000514,0,2.240237236,0
44.83818436,0.233361915,1,-4.898399353,1,-5.393039703,1,0.033852167,1,2.603896856,1,-0.66272068,1,-1.382581949,0,-1.110697389,0,2.216881275,0
44.84217835,0.046636742,1,-4.72732687,1,-5.520683765,1,0.067635708,1,2.757018089,1,-0.729341388,1,-1.36001277,0,-1.111297011,0,2.191926718,0
44.84617996,-0.197739527,1,-4.539415359,1,-5.57500267,1,0.115989417,1,2.915530205,1,-0.814056098,1,-1.335882902,0,-1.111798644,0,2.165411711,0
44.85018158,-0.548674345,1,-4.346274376,1,-5.648668766,1,0.172422349,1,3.072605848,1,-0.902211905,1,-1.310089231,0,-1.112181425,0,2.137287378,0
44.85417938,-0.966260493,1,-4.276296139,1,-5.770834923,1,0.252403378,1,3.23913312,1,-0.997711778,1,-1.282556534,0,-1.112416506,0,2.107526064,0
44.85817719,-1.441872358,1,-4.190666676,1,-5.848442078,1,0.33696872,1,3.41559577,1,-1.098509789,1,-1.253094912,0,-1.1124506,0,2.075987101,0
44.8621788,-1.791728497,1,-4.074457169,1,-6.01813221,1,0.436241478,1,3.594552755,1,-1.212144613,1,-1.221609712,0,-1.112226605,0,2.042602777,0
44.86617661,-2.044479847,1,-3.998521566,1,-6.062312603,1,0.537824571,1,3.775705576,1,-1.335578322,1,-1.188085198,0,-1.11169982,0,2.007380009,0
44.87017441,-2.18166399,1,-3.906822681,1,-6.087285519,1,0.637667418,1,3.95340848,1,-1.457182884,1,-1.152555943,0,-1.110810995,0,1.970361829,0
44.87417603,-2.209772348,1,-3.905951977,1,-6.090908051,1,0.73556596,1,4.117637634,1,-1.586542606,1,-1.115136266,0,-1.109494328,0,1.93165803,0
44.87817383,-2.084125042,1,-3.876224995,1,-6.041498661,1,0.833491981,1,4.268498421,1,-1.708081841,1,-1.075996637,0,-1.107668877,0,1.891451359,0
44.88217163,-1.9606148,1,-3.91373682,1,-5.954257965,1,0.922046185,1,4.396983147,1,-1.828890443,1,-1.035393476,0,-1.105290532,0,1.849970579,0
44.88617325,-1.902586699,1,-4.047513008,1,-5.903031349,1,0.99445641,1,4.502715111,1,-1.942449331,1,-0.993702412,0,-1.102302909,0,1.807568312,0
44.89017105,-1.771848083,1,-4.147167683,1,-5.849637032,1,1.056305051,1,4.583778858,1,-2.047932625,1,-0.951204658,0,-1.098660231,0,1.764503002,0
44.89416885,-1.944335341,1,-4.140100002,1,-5.844099045,1,1.106778502,1,4.650296688,1,-2.148241282,1,-0.908261597,0,-1.09434247,0,1.721103668,0
44.89817047,-2.052232265,1,-4.238273144,1,-5.816374779,1,1.147730708,1,4.705450058,1,-2.233009577,1,-0.865161359,0,-1.089306951,0,1.67762363,0
44.90216827,-2.152561903,1,-4.260304451,1,-5.812658787,1,1.180385351,1,4.7526021,1,-2.310569525,1,-0.822145879,0,-1.08352232,0,1.634288073,0
44.90616989,-2.453693867,1,-4.269016743,1,-5.856722355,1,1.217771292,1,4.784508228,1,-2.384944201,1,-0.779459059,0,-1.076992989,0,1.591335535,0
44.91016769,-2.749054432,1,-4.22169733,1,-5.957381248,1,1.252130151,1,4.817414284,1,-2.44707799,1,-0.737275064,0,-1.069697618,0,1.548953652,0
44.91417313,-3.169754028,1,-4.124833107,1,-6.064744473,1,1.284649134,1,4.848596096,1,-2.509674549,1,-0.695739567,0,-1.061630487,0,1.507286549,0
44.91817093,-3.689562082,1,-4.092376709,1,-6.219143391,1,1.324149251,1,4.886513233,1,-2.562282801,1,-0.654906809,0,-1.052779794,0,1.466399908,0
44.92217255,-4.212652206,1,-4.025482655,1,-6.343208313,1,1.379832983,1,4.939628601,1,-2.626654148,1,-0.614786863,0,-1.043098807,0,1.426334739,0
44.92617035,-4.698629379,1,-3.898621559,1,-6.52699852,1,1.426808,1,4.995141029,1,-2.691150188,1,-0.57537657,0,-1.03260076,0,1.387087822,0
44.93017197,-5.045925617,1,-3.826491594,1,-6.707556248,1,1.478927255,1,5.055000305,1,-2.753731012,1,-0.536720157,0,-1.021279812,0,1.348706245,0
44.93416977,-5.458864689,1,-3.78303051,1,-7.005142689,1,1.544683695,1,5.119255543,1,-2.819957018,1,-0.498851269,0,-1.009113431,0,1.311251879,0
44.93816757,-5.802683353,1,-3.680438519,1,-7.170199871,1,1.617018819,1,5.187814236,1,-2.891273737,1,-0.461742699,0,-0.996111035,0,1.274727702,0
44.94216919,-6.119596958,1,-3.594471693,1,-7.351281643,1,1.687777162,1,5.261826515,1,-2.961290836,1,0.15304023,0,-1.06607151,0,1.556137085,0
44.94617081,-6.350508213,1,-3.608419418,1,-7.506489277,1,1.761268616,1,5.317112446,1,-3.032901287,1,0.173090294,0,-1.0387218,0,1.5248034,0
44.95016861,-6.445694923,1,-3.596585274,1,-7.684912205,1,1.829917669,1,5.373069763,1,-3.103657961,1,0.193781301,0,-1.015446186,0,1.509018779,0
44.95416641,-6.581453323,1,-3.686098099,1,-7.768793583,1,1.896956682,1,5.413501263,1,-3.161539078,1,0.213641584,0,-0.991776407,0,1.494303584,0
44.95816803,-6.687471867,1,-3.745070934,1,-7.90887022,1,1.958308101,1,5.445130825,1,-3.213624239,1,0.232716218,0,-0.967772782,0,1.480610728,0
44.96216583,-6.864918232,1,-3.832037449,1,-8.138840675,1,2.019351482,1,5.462665558,1,-3.264175653,1,0.251066953,0,-0.943488359,0,1.467883229,0
44.96616364,-7.157782078,1,-3.999020338,1,-8.29234314,1,2.08003211,1,5.476708412,1,-3.305017948,1,0.268773764,0,-0.918965518,0,1.45602572,0
44.97016525,-7.431866646,1,-4.161413193,1,-8.502963066,1,2.128958225,1,5.487996578,1,-3.341880798,1,0.285874903,0,-0.894234478,0,1.445012212,0
44.97416306,-7.69048214,1,-4.397480965,1,-8.736884117,1,2.180199862,1,5.487637043,1,-3.376165867,1,0.302386045,0,-0.869323969,0,1.434792995,0
44.97816086,-8.004342079,1,-4.605773926,1,-9.031821251,1,2.223065615,1,5.485002041,1,-3.408811569,1,0.318373442,0,-0.844277143,0,1.425285339,0
44.98216248,-8.266174316,1,-4.706305504,1,-9.28720665,1,2.268279791,1,5.467680931,1,-3.454419136,1,0.333921999,0,-0.819129884,0,1.416399717,0
44.98616028,-8.611598015,1,-4.831816196,1,-9.605433464,1,2.305822372,1,5.431530476,1,-3.498418808,1,0.349124849,0,-0.793934464,0,1.408023596,0
44.99015808,-9.104297638,1,-5.008438587,1,-9.886184692,1,2.345821142,1,5.399356365,1,-3.53743577,1,0.363995761,0,-0.76871866,0,1.400105953,0
44.9941597,-9.786834717,1,-5.473555565,1,-10.18865871,1,2.385692358,1,5.369716644,1,-3.583595037,1,0.378607213,0,-0.743481874,0,1.392603159,0
44.9981575,-10.51976013,1,-6.010392189,1,-10.64053917,1,2.4263587,1,5.342206001,1,-3.633686066,1,0.392999232,0,-0.718194544,0,1.385470867,0
45.00215912,-11.33187962,1,-6.551148415,1,-11.13964653,1,2.453490734,1,5.309941292,1,-3.694526196,1,0.407196462,0,-0.692863822,0,1.378644705,0
45.00615692,-12.4573555,1,-7.038303375,1,-11.75769997,1,2.468989134,1,5.283138275,1,-3.779366255,1,0.421219885,0,-0.66745615,0,1.372018218,0
45.01015472,-13.54979897,1,-7.509523869,1,-12.38634872,1,2.483780146,1,5.247950554,1,-3.882570028,1,0.435120314,0,-0.641937435,0,1.365471721,0
45.01415634,-14.62659264,1,-7.843271255,1,-12.96752262,1,2.486186981,1,5.205197811,1,-4.009982109,1,0.448931813,0,-0.616284668,0,1.35889554,0
45.01815796,-15.7082386,1,-8.205719948,1,-13.61512947,1,2.482168674,1,5.150520325,1,-4.16392231,1,0.462692052,0,-0.59048605,0,1.352142811,0
45.02215576,-16.92412758,1,-8.409645081,1,-14.23352337,1,2.486759424,1,5.082104683,1,-4.338027,1,0.476468056,0,-0.564525843,0,1.345106602,0
45.02615356,-18.47733688,1,-8.546116829,1,-14.62257576,1,2.491545677,1,5.001091003,1,-4.536598682,1,0.490313441,0,-0.538421929,0,1.337662458,0
45.03015518,-20.39319038,1,-8.253962517,1,-14.73959255,1,2.516410112,1,4.915447712,1,-4.762233734,1,0.504304469,0,-0.512123704,0,1.329721928,0
45.0341568,-22.4738121,1,-6.799917698,1,-14.06014633,1,2.559244633,1,4.835539818,1,-5.04054451,1,0.518561304,0,-0.485543221,0,1.321134567,0
45.03815842,-21.91591644,1,-0.243086457,1,-15.31590176,1,2.702786446,1,4.619746208,1,-5.438482761,1,0.533431709,0,-0.458648026,0,1.311484814,0
45.04215622,-23.08860397,1,-2.197907209,1,-14.91793633,1,2.855648279,1,4.427270889,1,-5.816905022,1,0.54932785,0,-0.431561649,0,1.30042696,0
45.04615402,-25.38632584,1,-2.452671051,1,-14.48643398,1,2.96268487,1,4.267674446,1,-6.177212715,1,0.565920532,0,-0.404074103,0,1.288219452,0
45.05015564,-27.37676048,1,-0.856916487,1,-14.90740395,1,3.022832394,1,3.979260921,1,-6.42895937,1,0.582926571,0,-0.376506925,0,1.27500236,0
45.05415726,-29.65545082,1,0.750617802,1,-14.28510857,1,3.098920822,1,3.746132612,1,-6.634995937,1,0.600123405,0,-0.349129856,0,1.26099968,0
45.05815506,-33.02843475,1,1.557547212,1,-12.39053726,1,3.20376873,1,3.610352755,1,-6.815699577,1,0.617509365,0,-0.321683288,0,1.246523619,0
45.06215286,-36.53231049,1,0.959837317,1,-10.43407249,1,3.221362829,1,3.559438229,1,-6.955834389,1,0.634819925,0,-0.293937713,0,1.231911898,0
45.06615448,-38.28252411,1,0.375080824,1,-8.091410637,1,3.124225616,1,3.511856794,1,-7.024373055,1,0.651547134,0,-0.265834242,0,1.21743238,0
45.07015228,-38.39587402,1,0.144478977,1,-5.686048508,1,2.919420719,1,3.416722775,1,-6.98615694,1,0.667169869,0,-0.237678051,0,1.203315616,0
45.07415009,-37.586689,1,0.572633088,1,-3.309260845,1,2.657822847,1,3.254342079,1,-6.837572098,1,0.681348145,0,-0.209957346,0,1.189707875,0
45.0781517,-35.96098328,1,2.450160027,1,-1.169644952,1,2.423155308,1,3.006664515,1,-6.585036278,1,0.694045305,0,-0.183212787,0,1.176662326,0
45.08214951,-33.648983,1,6.031855583,1,0.833533227,1,2.293045044,1,2.662248135,1,-6.243725777,1,0.70555222,0,-0.157979921,0,1.164170623,0
45.08614731,-31.85823059,1,11.09380341,1,2.607765198,1,2.354604483,1,2.229021311,1,-5.86207056,1,0.716557622,0,-0.134737402,0,1.152087927,0
45.09014893,-31.25566864,1,15.55186462,1,4.407068253,1,2.590167522,1,1.791630983,1,-5.462133884,1,0.727857709,0,-0.113735408,0,1.140312791,0
45.09414673,-31.81627274,1,18.95788956,1,5.731603146,1,2.968292713,1,1.344013214,1,-5.064635277,1,0.740154803,0,-0.094965003,0,1.128806353,0
45.09814835,-32.62725067,1,20.66772461,1,7.033128738,1,3.369802475,1,0.910319328,1,-4.654170513,1,0.753810346,0,-0.078459322,0,1.117552876,0
45.10214615,-33.05715179,1,21.38896751,1,7.691823006,1,3.717693567,1,0.459767729,1,-4.224820614,1,0.768788993,0,-0.064219587,0,1.106550694,0
45.10614395,-32.67124176,1,21.28762436,1,8.150313377,1,3.946192265,1,-0.000194195,1,-3.784567833,1,0.784788072,0,-0.052338563,0,1.095735669,0
45.11014557,-32.55413437,1,19.77005959,1,8.409496307,1,3.999531507,1,-0.425860405,1,-3.333454609,1,0.801250577,0,-0.042792864,0,1.085117459,0
45.11414719,-33.10572815,1,17.02944565,1,8.200216293,1,3.799262047,1,-0.812009394,1,-2.879926443,1,0.81733644,0,-0.035522807,0,1.074707627,0
45.11814499,-33.27462006,1,12.29907417,1,7.99159956,1,3.270215273,1,-1.075312853,1,-2.39185071,1,0.831886172,0,-0.030344104,0,1.064762592,0
45.12214279,-32.55855179,1,7.206991673,1,7.605609894,1,2.420891285,1,-1.337186337,1,-1.852897525,1,0.843607485,0,-0.027257629,0,1.055458903,0
45.12614441,-30.98675728,1,3.120373487,1,6.840528488,1,1.340582132,1,-1.539675474,1,-1.270471573,1,0.851396799,0,-0.026397822,0,1.047006249,0
45.13014221,-29.21097374,1,3.069788694,1,7.010372639,1,0.300878704,1,-1.691068172,1,-0.630911648,1,0.854773641,0,-0.02765871,0,1.039624333,0
45.13414002,-10.73214531,1,-17.17103767,1,-2.973477125,1,-1.663488507,1,-2.194613695,1,0.190091968,1,0.852986813,0,-0.03198066,0,1.033221483,0
45.13814163,-19.82044029,1,-3.27127862,1,2.437070847,1,-3.352281094,1,-3.301429987,1,1.464481354,1,0.841808677,0,-0.041319538,0,1.027094245,0
45.14213944,-16.05457687,1,7.932106495,1,-1.446934223,1,-3.212928057,1,-3.037146091,1,2.159592867,1,0.829295933,0,-0.056001365,0,1.02250874,0
45.14613724,12.42508316,1,-1.324549794,1,-9.75983429,1,-3.885163546,1,-2.707826376,1,2.223986387,1,0.815110266,0,-0.069967121,0,1.020147443,0
45.15013886,11.29408646,1,-9.539761543,1,-17.89097404,1,-3.759336948,1,-2.866304398,1,2.633846045,1,0.799893379,0,-0.084671572,0,1.018804431,0
45.15414429,2.333627224,1,-16.37942123,1,-21.85590363,1,-3.985717773,1,-2.62080121,1,3.006321192,1,0.784390569,0,-0.100600801,0,1.018812537,0
45.15814209,13.2605257,1,-18.72063637,1,-22.46393394,1,-3.858360767,1,-1.980316877,1,3.242539883,1,0.768395126,0,-0.11578916,0,1.021422982,0
45.16214371,16.1342392,1,-16.04571342,1,-19.8223877,1,-3.966994524,1,-2.413434029,1,3.304232836,1,0.75230974,0,-0.131097227,0,1.025036931,0
45.16614151,10.69866276,1,-11.34922409,1,-12.26306057,1,-3.992114067,1,-2.864202499,1,3.142189026,1,0.735998333,0,-0.147607207,0,1.027423978,0
45.17013931,4.850049973,1,1.450240016,1,-11.06982708,1,-3.779704332,1,-3.514158487,1,2.950021267,1,0.720307171,0,-0.165187895,0,1.028022885,0
45.17414093,4.137273788,1,13.45188618,1,-9.229355812,1,-3.136179686,1,-4.190563679,1,3.114612341,1,0.706507206,0,-0.184656814,0,1.027101278,0
45.17813873,-5.590572834,1,13.40993023,1,-10.98972797,1,-3.033161402,1,-5.027771473,1,3.173481941,1,0.694698393,0,-0.206974462,0,1.024834752,0
45.18214035,-16.40607452,1,10.51666069,1,-14.69788837,1,-2.693909883,1,-5.230587006,1,3.135956526,1,0.683908224,0,-0.23098506,0,1.021341443,0
45.18613815,-22.15503883,1,6.958027363,1,-19.86645889,1,-2.439684868,1,-4.98121357,1,3.025700569,1,0.674607456,0,-0.254612476,0,1.017955542,0
45.19013596,-30.32712746,1,9.01066494,1,-22.59138489,1,-2.389314175,1,-4.292501926,1,3.019234896,1,0.665569603,0,-0.276794702,0,1.015764236,0
45.19413757,-34.05707932,1,9.975151062,1,-24.68768692,1,-2.221203327,1,-3.36737895,1,3.007971764,1,0.656194806,0,-0.296290189,0,1.015874863,0
45.19813919,-33.15480042,1,7.740516663,1,-20.99016953,1,-1.862332225,1,-2.605256319,1,2.817713261,1,0.649544716,0,-0.308779538,0,0.991481483,0
45.20213699,-25.85269928,1,4.084590912,1,-16.60373878,1,-1.447063565,1,-2.073422194,1,2.484661818,1,0.64200139,0,-0.322596371,0,0.99449873,0
45.2061348,-16.55652237,1,0.326808363,1,-11.20922375,1,-1.155054688,1,-1.933614731,1,2.077356339,1,0.635912657,0,-0.334357142,0,0.997283041,0
45.21013641,-12.4094553,1,-3.196007013,1,-8.315284729,1,-1.071956635,1,-2.057221651,1,1.736689568,1,0.631054461,0,-0.345353425,0,0.998758435,0
45.21413422,-10.46315002,1,-6.198466301,1,-7.156118393,1,-1.142104149,1,-2.054169655,1,1.407231092,1,0.626537144,0,-0.35571003,0,0.999021173,0
45.21813202,-9.714331627,1,-6.765853405,1,-8.652638435,1,-1.182806849,1,-2.09461832,1,1.132479906,1,0.622141361,0,-0.365403414,0,0.99822402,0
45.22213364,-12.61819935,1,-6.796701908,1,-10.73498535,1,-1.242625237,1,-1.869669795,1,0.877473831,1,0.617831707,0,-0.374247432,0,0.99673593,0
45.22613144,-9.012624741,1,-3.006002426,1,-11.82852554,1,-1.190545321,1,-1.539209723,1,0.770862699,1,0.613463044,0,-0.381679356,0,0.995363474,0
45.23012924,-10.52122021,1,0.157397568,1,-11.70173359,1,-1.18386507,1,-1.198170662,1,0.762436271,1,0.608916938,0,-0.387927949,0,0.994675457,0
45.23413086,-9.036133766,1,2.948707104,1,-10.88787746,1,-1.052491069,1,-0.884766519,1,0.844307005,1,0.604367912,0,-0.393146604,0,0.994979501,0
45.23812866,-10.86779404,1,1.941017389,1,-10.02018452,1,-0.974562764,1,-0.655309379,1,0.819926918,1,0.599863648,0,-0.397618264,0,0.996085882,0
45.24212647,-12.05649471,1,-0.596575677,1,-9.882843971,1,-0.816502094,1,-0.421282679,1,0.622565389,1,0.595776975,0,-0.401028574,0,0.997383356,0
45.24612808,-10.62797832,1,-3.346493483,1,-8.949007034,1,-0.69764781,1,-0.297301143,1,0.421082318,1,0.592359006,0,-0.403349489,0,0.99839437,0
45.25012589,-8.585720062,1,-4.332008839,1,-8.140575409,1,-0.648806989,1,-0.262815654,1,0.296534985,1,0.589467525,0,-0.405049086,0,0.998978734,0
45.2541275,-6.802049637,1,-4.083835602,1,-8.706933975,1,-0.638328552,1,-0.236585096,1,0.275961488,1,0.586745739,0,-0.406488568,0,0.99938482,0
45.25812912,-5.372086048,1,-3.297629118,1,-9.524860382,1,-0.62365514,1,-0.181127712,1,0.323241502,1,0.583979368,0,-0.407851875,0,0.999966383,0
45.26212692,-5.591371059,1,-3.136207819,1,-9.686237335,1,-0.581972301,1,-0.142769441,1,0.343524456,1,0.581272602,0,-0.409136206,0,1.000787616,0
45.26612473,-5.380590439,1,-2.90186286,1,-8.809322357,1,-0.581016421,1,-0.142080143,1,0.369793326,1,0.578545034,0,-0.410401076,0,1.001764774,0
45.27012634,-6.087601662,1,-3.604182005,1,-8.796410561,1,-0.56182164,1,-0.129914373,1,0.358197391,1,0.575865328,0,-0.411657959,0,1.002772212,0
45.27412796,-5.753595829,1,-3.816731691,1,-8.560046196,1,-0.540297985,1,-0.107434638,1,0.359926611,1,0.573239744,0,-0.412818372,0,1.003805518,0
45.27812958,-4.252783298,1,-3.535623312,1,-8.62194252,1,-0.530268669,1,-0.117053777,1,0.378345966,1,0.570662081,0,-0.413978428,0,1.00488925,0
45.2821312,-3.758216858,1,-3.751071215,1,-8.780668259,1,-0.542313874,1,-0.135799512,1,0.429619372,1,0.56804347,0,-0.415286005,0,1.006066442,0
45.286129,-4.155632019,1,-3.662634611,1,-8.699990273,1,-0.541600704,1,-0.160038501,1,0.4615587,1,0.565351069,0,-0.416746616,0,1.007365823,0
45.2901268,-4.753776073,1,-3.010775805,1,-8.321359634,1,-0.537407517,1,-0.15605332,1,0.471983403,1,0.562633395,0,-0.418271989,0,1.008732557,0
45.29412842,-5.936049461,1,-1.814396858,1,-8.550718307,1,-0.509617329,1,-0.131594658,1,0.45806855,1,0.5599612,0,-0.419766605,0,1.010115623,0
45.29812622,-5.906478405,1,-1.086683154,1,-8.52801609,1,-0.465463191,1,-0.098200142,1,0.43474251,1,0.557448089,0,-0.421102524,0,1.011509657,0
45.30212402,-5.082092762,1,-1.242557645,1,-8.912261009,1,-0.426646233,1,-0.085266262,1,0.407209992,1,0.555104554,0,-0.422306925,0,1.01287508,0
45.30612564,-4.260108948,1,-1.783545017,1,-9.341309547,1,-0.384180397,1,-0.102206759,1,0.381578952,1,0.552970529,0,-0.423448592,0,1.014133453,0
45.31012344,-3.9736166,1,-2.42799139,1,-9.372631073,1,-0.360244691,1,-0.142941132,1,0.376642257,1,0.551024199,0,-0.424662173,0,1.015261054,0
45.31412125,-4.47524929,1,-2.748229265,1,-8.970772743,1,-0.348278016,1,-0.18353045,1,0.384216398,1,0.549182355,0,-0.426019192,0,1.016304016,0
45.31812286,-5.006462574,1,-2.936265945,1,-8.626772881,1,-0.341763079,1,-0.184788972,1,0.386714369,1,0.547389448,0,-0.427454233,0,1.017321467,0
45.32212067,-5.054959774,1,-2.790601254,1,-8.529842377,1,-0.331341654,1,-0.194534704,1,0.38246721,1,0.545629084,0,-0.428907096,0,1.018328071,0
45.32612228,-4.916074753,1,-2.488313437,1,-8.597111702,1,-0.327182472,1,-0.199992314,1,0.38343969,1,0.543905556,0,-0.430374473,0,1.0193187,0
45.33012009,-4.725038528,1,-2.347282648,1,-8.781065941,1,-0.327537775,1,-0.201820821,1,0.371515095,1,0.542182505,0,-0.431840599,0,1.020285606,0
45.33411789,-4.621636868,1,-2.210549355,1,-8.680259705,1,-0.332965255,1,-0.215165123,1,0.352080047,1,0.540478706,0,-0.433302164,0,1.021192789,0
45.33811951,-4.886989594,1,-2.195728779,1,-8.51782608,1,-0.315724313,1,-0.217693567,1,0.316948086,1,0.538848042,0,-0.434730649,0,1.021983385,0
45.34212112,-5.148118496,1,-2.242877245,1,-8.462949753,1,-0.309131324,1,-0.217145726,1,0.277208745,1,0.537338316,0,-0.436082363,0,1.022622705,0
45.34611893,-5.162718296,1,-2.293898821,1,-8.4897995,1,-0.294880092,1,-0.213318884,1,0.243997574,1,0.5359267,0,-0.437357068,0,1.023116589,0
45.35011673,-4.776613712,1,-2.198686838,1,-8.656389236,1,-0.279329747,1,-0.222443327,1,0.21639663,1,0.534605384,0,-0.438582599,0,1.023495913,0
45.35411835,-4.681998253,1,-1.845183849,1,-8.775724411,1,-0.26795575,1,-0.233898446,1,0.199808091,1,0.5333938,0,-0.439793676,0,1.023766756,0
45.35811615,-4.651179314,1,-1.421688557,1,-8.786478043,1,-0.227629259,1,-0.249251232,1,0.172849819,1,0.53233248,0,-0.441008538,0,1.023928285,0
45.36211395,-5.129115105,1,-0.897946179,1,-8.871197701,1,-0.177706867,1,-0.262101412,1,0.136075199,1,0.531513035,0,-0.442210615,0,1.023941994,0
45.36611557,-4.814387798,1,-0.800076663,1,-8.780130386,1,-0.11556609,1,-0.27889654,1,0.102287374,1,0.530988038,0,-0.443376422,0,1.023788571,0
45.37011337,-4.881580353,1,-0.870796204,1,-8.888128281,1,-0.056595068,1,-0.291525483,1,0.067476735,1,0.530785084,0,-0.444534421,0,1.023463964,0
45.37411499,-4.57839632,1,-1.174705029,1,-8.828999519,1,-0.00424293,1,-0.30478695,1,0.041175619,1,0.530863225,0,-0.445676059,0,1.023003459,0
45.37811661,-4.362660885,1,-1.674897671,1,-8.731702805,1,0.027279053,1,-0.320629984,1,0.024849221,1,0.531159759,0,-0.446820706,0,1.022415042,0
45.38211441,-4.495556831,1,-1.994359016,1,-8.672498703,1,0.060152508,1,-0.326676816,1,0.019379541,1,0.531613708,0,-0.447989345,0,1.021770477,0
45.38611221,-4.342152119,1,-2.655061245,1,-8.604718208,1,0.065178536,1,-0.342409551,1,0.042214915,1,0.532158196,0,-0.449199438,0,1.021127343,0
45.39011383,-4.698438644,1,-3.238339901,1,-8.27170372,1,0.058361731,1,-0.351312518,1,0.072221518,1,0.53265208,0,-0.450513124,0,1.020568013,0
45.39411163,-4.732788563,1,-3.948462963,1,-7.925026894,1,0.044229027,1,-0.349051118,1,0.106896386,1,0.533060253,0,-0.45190379,0,1.020113587,0
45.39811707,-4.766540051,1,-4.158953667,1,-7.708666325,1,0.018701414,1,-0.334698409,1,0.14443703,1,0.533302248,0,-0.45333609,0,1.019811392,0
45.40211868,-4.791444302,1,-4.333318233,1,-7.703724384,1,-0.011383349,1,-0.329009861,1,0.175375089,1,0.533382118,0,-0.454804152,0,1.019673228,0
45.40611649,-4.900785923,1,-4.221606255,1,-7.697595119,1,-0.044886917,1,-0.32114625,1,0.202769592,1,0.533263505,0,-0.456308484,0,1.019665718,0
45.41011429,-4.967229366,1,-3.781332731,1,-7.59045887,1,-0.068244264,1,-0.300377041,1,0.238634065,1,0.532963574,0,-0.457834244,0,1.019823432,0
45.41411591,-4.852302074,1,-3.397251129,1,-7.68659687,1,-0.085973851,1,-0.281106502,1,0.261733413,1,0.532513857,0,-0.459332228,0,1.020122528,0
45.41811371,-4.711124897,1,-3.044139624,1,-7.999509335,1,-0.090726286,1,-0.273073703,1,0.278476208,1,0.531978428,0,-0.460827202,0,1.020536542,0
45.42211151,-4.466277122,1,-2.364000797,1,-8.456324577,1,-0.10147582,1,-0.288276732,1,0.287884384,1,0.531386435,0,-0.462358356,0,1.020983219,0
45.42611313,-4.652380943,1,-1.515560031,1,-8.569231033,1,-0.083631791,1,-0.311736375,1,0.28542608,1,0.53081584,0,-0.463977426,0,1.021412015,0
45.43011093,-4.855053902,1,-0.96408087,1,-8.612526894,1,-0.029841365,1,-0.321439296,1,0.275769144,1,0.530423105,0,-0.465639919,0,1.021780968,0
45.43410873,-4.64042902,1,-1.68069768,1,-8.682063103,1,-0.001601265,1,-0.351042956,1,0.261636674,1,0.530243218,0,-0.467335045,0,1.022056818,0
45.43811035,-4.645864487,1,-1.911312819,1,-8.593630791,1,-0.006871802,1,-0.378343105,1,0.248175591,1,0.530145228,0,-0.469117701,0,1.02221787,0
45.44210815,-4.81482935,1,-1.861497641,1,-8.464887619,1,0.029807135,1,-0.395548344,1,0.23589538,1,0.350218385,0,-0.582710385,0,1.459791183,0
45.44610977,-4.862939358,1,-1.99608469,1,-8.411344528,1,0.06168874,1,-0.395666629,1,0.23647365,1,0.354005486,0,-0.584657907,0,1.430271626,0
45.45011139,-4.903942108,1,-2.292374611,1,-8.468071938,1,0.068519205,1,-0.415733278,1,0.230872944,1,0.354071647,0,-0.586508691,0,1.430646539,0
45.45410919,-4.816718578,1,-2.594891548,1,-8.429452896,1,0.040208288,1,-0.444711894,1,0.232420504,1,0.354112655,0,-0.588441253,0,1.430966258,0
45.458107,-5.057507038,1,-1.739502788,1,-8.357311249,1,0.043797921,1,-0.459064424,1,0.223412618,1,0.354108393,0,-0.590458512,0,1.431230545,0
45.46210861,-5.129632473,1,-1.50316906,1,-8.267258644,1,0.09541101,1,-0.45988515,1,0.223682553,1,0.354254305,0,-0.592494905,0,1.431469798,0
45.46610642,-5.191166401,1,-1.631964445,1,-8.338258743,1,0.124167629,1,-0.477179796,1,0.217670605,1,0.354580581,0,-0.594563425,0,1.431670189,0
45.47010422,-5.270719051,1,-2.044858694,1,-8.192672729,1,0.116949953,1,-0.493937314,1,0.204901382,1,0.354984522,0,-0.596680999,0,1.4318223,0
45.47410584,-5.071598053,1,-1.942111254,1,-8.082659721,1,0.103493385,1,-0.507754266,1,0.191997975,1,0.355382651,0,-0.598831654,0,1.431882381,0
45.47810364,-5.094076157,1,-1.77163744,1,-8.161349297,1,0.121742085,1,-0.51358968,1,0.1821969,1,0.355832696,0,-0.601000309,0,1.431864619,0
45.48210144,-4.995781422,1,-1.931939006,1,-8.186013222,1,0.134720549,1,-0.525478721,1,0.176899195,1,0.356385112,0,-0.603189945,0,1.431805134,0
45.48610306,-5.081881523,1,-2.150545359,1,-8.116550446,1,0.141395316,1,-0.532804549,1,0.167776868,1,0.356997371,0,-0.605414569,0,1.431701064,0
45.49010086,-5.131448746,1,-2.223773956,1,-8.028674126,1,0.145290464,1,-0.543398619,1,0.167535275,1,0.357658446,0,-0.607661307,0,1.431551337,0
45.49410248,-5.232962608,1,-2.185701847,1,-8.008747101,1,0.157471806,1,-0.544858754,1,0.167613417,1,0.358364135,0,-0.609927058,0,1.431383729,0
45.4981041,-5.221217632,1,-2.307316303,1,-8.034002304,1,0.166711897,1,-0.556843638,1,0.165451676,1,0.359131396,0,-0.612223685,0,1.431191802,0
45.5021019,-5.114168167,1,-2.514848471,1,-8.098246574,1,0.157097191,1,-0.566770792,1,0.166696489,1,0.359902442,0,-0.614557683,0,1.430992603,0
45.5060997,-5.071070194,1,-2.447733879,1,-8.100905418,1,0.154720306,1,-0.579950988,1,0.164218098,1,0.360658586,0,-0.616939068,0,1.430763721,0
45.51010132,-5.200900555,1,-2.312898159,1,-8.121706963,1,0.166289762,1,-0.587246537,1,0.163452238,1,0.361443758,0,-0.619350374,0,1.430513978,0
45.51409912,-5.137089252,1,-2.300732613,1,-8.032793999,1,0.175043464,1,-0.593479216,1,0.168739229,1,0.362265885,0,-0.621790946,0,1.430254459,0
45.51810837,-5.28874588,1,-2.334423065,1,-8.112778664,1,0.180496559,1,-0.596289277,1,0.170335114,1,0.363120377,0,-0.624257326,0,1.430001616,0
45.52210999,-5.292059898,1,-2.385264397,1,-8.106062889,1,0.177852526,1,-0.611349046,1,0.18024005,1,0.363989294,0,-0.626774967,0,1.429735184,0
45.52610779,-5.324214458,1,-2.364103794,1,-8.073987007,1,0.176440075,1,-0.61788106,1,0.181472957,1,0.364840031,0,-0.629328668,0,1.429494262,0
45.53010559,-5.330243587,1,-2.415640116,1,-8.039533615,1,0.17724897,1,-0.627310991,1,0.191853255,1,0.365675688,0,-0.63192749,0,1.429267526,0
45.53410721,-5.313247681,1,-2.465506792,1,-8.049630165,1,0.181887046,1,-0.637590289,1,0.20492436,1,0.36652109,0,-0.634577632,0,1.429059029,0
45.53810501,-5.28273201,1,-2.509894133,1,-8.098561287,1,0.175716519,1,-0.643788159,1,0.208338618,1,0.367352098,0,-0.637274861,0,1.428868651,0
45.54210281,-5.277829647,1,-2.573747873,1,-8.092396736,1,0.162307203,1,-0.659771144,1,0.223675236,1,0.368130267,0,-0.640011907,0,1.428697109,0
45.54610443,-5.263231754,1,-2.551003456,1,-8.064495087,1,0.152798668,1,-0.676566541,1,0.224581391,1,0.36885488,0,-0.642819881,0,1.428537011,0
45.55010223,-5.288327217,1,-2.486867189,1,-8.115615845,1,0.154050112,1,-0.689275384,1,0.234141305,1,0.369567573,0,-0.645691633,0,1.428372622,0
45.55410004,-5.397160053,1,-2.445209265,1,-8.081483841,1,0.155294061,1,-0.701294065,1,0.243682697,1,0.370282739,0,-0.648634553,0,1.42821908,0
45.55810165,-5.395272255,1,-2.464740992,1,-8.033258438,1,0.16069898,1,-0.716068208,1,0.25608024,1,0.37098062,0,-0.651631355,0,1.428106546,0
45.56209946,-5.344288349,1,-2.51548028,1,-8.005652428,1,0.163633868,1,-0.732342243,1,0.261405677,1,0.371696025,0,-0.654716969,0,1.427987695,0
45.56610107,-5.320289612,1,-2.454460621,1,-7.997940063,1,0.169498086,1,-0.753890634,1,0.27752617,1,0.372418255,0,-0.657867312,0,1.427893758,0
45.57009888,-5.35021925,1,-2.519123316,1,-8.078212738,1,0.173477218,1,-0.765458047,1,0.284219623,1,0.373160481,0,-0.661098778,0,1.427810431,0
45.57409668,-5.380957127,1,-2.747316599,1,-7.999377728,1,0.166711405,1,-0.786595881,1,0.299475908,1,0.373874307,0,-0.664414227,0,1.427758217,0
45.5780983,-5.398424149,1,-2.805692434,1,-7.964308739,1,0.155964747,1,-0.800291538,1,0.317301631,1,0.374533504,0,-0.667824984,0,1.427739739,0
45.58209992,-5.469551563,1,-2.836766481,1,-7.968489647,1,0.147657007,1,-0.82158947,1,0.339204967,1,0.375126898,0,-0.671322763,0,1.427768588,0
45.58609772,-5.585348129,1,-2.995973349,1,-7.91461277,1,0.13696155,1,-0.842595696,1,0.363652736,1,0.375629157,0,-0.674929261,0,1.427881479,0
45.59009552,-5.667281151,1,-3.332428217,1,-7.811115265,1,0.115109727,1,-0.860877335,1,0.392116368,1,0.376020491,0,-0.678657711,0,1.428076506,0
45.59409714,-5.545509338,1,-3.43240118,1,-7.804724693,1,0.093175188,1,-0.885572493,1,0.421619505,1,0.376248717,0,-0.682512045,0,1.428378463,0
45.59809494,-5.467344761,1,-3.378249168,1,-7.918265343,1,0.068172887,1,-0.901313603,1,0.453306824,1,0.376316428,0,-0.686474681,0,1.428776979,0
45.60209274,-5.550165176,1,-3.398203135,1,-8.044320107,1,0.040324349,1,-0.925589621,1,0.481527597,1,0.376211375,0,-0.690565825,0,1.42929256,0
45.60609436,-5.407371998,1,-3.617406368,1,-7.886929035,1,0.016232282,1,-0.942548037,1,0.511612236,1,0.375929266,0,-0.694773674,0,1.42990756,0
45.61009216,-5.35093832,1,-3.166545868,1,-7.844046116,1,-0.01300322,1,-0.964996755,1,0.538133442,1,0.375463307,0,-0.699088097,0,1.430629015,0
45.61409378,-5.784674168,1,-2.955291271,1,-7.85236311,1,-0.035160549,1,-0.979069173,1,0.564653039,1,0.374828517,0,-0.703525305,0,1.43144536,0
45.61809158,-5.74656105,1,-3.048671961,1,-7.927223682,1,-0.08009465,1,-0.987534106,1,0.570725977,1,0.374047399,0,-0.708024979,0,1.432309031,0
45.62208939,-1.99028635,1,-0.628386199,1,-5.644665241,1,0.000695948,1,-1.00933063,1,0.550332367,1,0.373023033,0,-0.712221384,0,1.433257461,0
45.626091,-9.330909729,1,-1.035669684,1,-11.49134541,1,0.01622051,1,-1.023335338,1,0.580126882,1,0.372729123,0,-0.71716392,0,1.433921456,0
45.63009262,-4.416658401,1,-4.423131943,1,-6.173494816,1,-0.12484099,1,-1.114958525,1,0.593134046,1,0.371985614,0,-0.721900582,0,1.434828401,0
45.63409042,-6.051917076,1,-6.723778725,1,-8.872542381,1,-0.261231959,1,-1.157466888,1,0.558552265,1,0.370762646,0,-0.726981223,0,1.435456038,0
45.63809204,-4.436862469,1,-2.464604378,1,-8.647616386,1,-0.255017906,1,-1.20473063,1,0.675468743,1,0.369165361,0,-0.732254028,0,1.436252117,0
45.64209366,-5.300400734,1,-3.237552166,1,-8.465883255,1,-0.217181832,1,-1.262770891,1,0.731335521,1,0.367445201,0,-0.737883449,0,1.437412262,0
45.64609146,-6.005323887,1,-4.481879711,1,-8.479813576,1,-0.25368467,1,-1.313200116,1,0.754318058,1,0.365686089,0,-0.743751109,0,1.438672781,0
45.65009308,-5.307814598,1,-3.666511774,1,-8.721674919,1,-0.318396479,1,-1.386762857,1,0.791802049,1,0.36363858,0,-0.74989295,0,1.439976215,0
45.6540947,-5.404099464,1,-3.251990557,1,-8.967730522,1,-0.357795447,1,-1.458008885,1,0.834828794,1,0.36130777,0,-0.75636375,0,1.441397548,0
45.65808868,-5.433375835,1,-2.934200525,1,-9.126414299,1,-0.380255133,1,-1.542688847,1,0.877087235,1,0.358781576,0,-0.76317668,0,1.442910314,0
45.6620903,-5.537016869,1,-2.912320375,1,-9.032741547,1,-0.4054842,1,-1.628569484,1,0.905528903,1,0.356130987,0,-0.770355523,0,1.444468498,0
45.66609192,-5.263138294,1,-2.996556997,1,-9.025137901,1,-0.438472062,1,-1.708738923,1,0.922496915,1,0.353361249,0,-0.777882099,0,1.446030617,0
45.67008972,-5.372583389,1,-2.836079597,1,-9.273583412,1,-0.478370994,1,-1.801415801,1,0.961904228,1,0.350425005,0,-0.785766006,0,1.447600842,0
45.67408752,-5.281323433,1,-2.534572363,1,-9.181900978,1,-0.494982123,1,-1.903821468,1,0.986509442,1,0.347345471,0,-0.794053197,0,1.449199796,0
45.67808914,-5.328176975,1,-2.340782166,1,-9.164591789,1,-0.495027691,1,-2.009985924,1,1.016691446,1,0.3442128,0,-0.802779078,0,1.450803638,0
45.68208695,-5.498509884,1,-2.231557846,1,-9.479358673,1,-0.496865183,1,-2.113639593,1,1.048682213,1,0.341071546,0,-0.811934829,0,1.452408552,0
45.68608475,-5.297426701,1,-2.101016045,1,-9.589943886,1,-0.496231705,1,-2.234322309,1,1.083972216,1,0.337872028,0,-0.821552873,0,1.45405519,0
45.69008637,-5.130898952,1,-2.09557271,1,-9.644340515,1,-0.489490181,1,-2.360261202,1,1.111636996,1,0.334701478,0,-0.83168608,0,1.455697656,0
45.69408417,-4.729696274,1,-1.877945781,1,-9.652078629,1,-0.473299026,1,-2.513835907,1,1.133167148,1,0.339223444,0,-0.842747152,0,1.424867034,0
45.69808579,-5.078276157,1,-1.904884577,1,-9.974293709,1,-0.445397884,1,-2.668646336,1,1.171455264,1,0.33634007,0,-0.854060352,0,1.4262532,0
45.7020874,-4.99022007,1,-2.21067524,1,-10.08922005,1,-0.427343935,1,-2.821152687,1,1.210454226,1,0.333571643,0,-0.86599046,0,1.427615881,0
45.70608521,-4.768785954,1,-2.471466541,1,-10.52672768,1,-0.417688966,1,-3.005111694,1,1.257997751,1,0.330855489,0,-0.878601491,0,1.428954124,0
45.71008301,-4.828140736,1,-3.055524349,1,-11.16634941,1,-0.432123452,1,-3.202121973,1,1.306353211,1,0.328151822,0,-0.892004788,0,1.430265903,0
45.71408463,-4.924908161,1,-3.91469121,1,-11.66169071,1,-0.478157282,1,-3.427338839,1,1.376257896,1,0.325299621,0,-0.906275034,0,1.431587338,0
45.71808243,-4.926206112,1,-4.617948055,1,-11.85852337,1,-0.533100128,1,-3.651441574,1,1.456075549,1,0.322154164,0,-0.921485305,0,1.432996273,0
45.72208023,-5.355737209,1,-5.939975739,1,-12.04562187,1,-0.611529231,1,-3.885638714,1,1.573256016,1,0.318562418,0,-0.937701643,0,1.434635162,0
45.72608185,-5.323337555,1,-7.030403137,1,-12.32095242,1,-0.718463421,1,-4.097423077,1,1.705074906,1,0.314123213,0,-0.954938531,0,1.436825275,0
45.73007965,-4.551791668,1,-7.429242134,1,-11.79006481,1,-0.786586046,1,-4.422597408,1,1.939262629,1,0.308704376,0,-0.973374128,0,1.439828634,0
45.73407745,-4.247575283,1,-7.945147991,1,-12.31397057,1,-0.819543898,1,-4.696200371,1,2.129654169,1,0.302099407,0,-0.9932096,0,1.443886518,0
45.73807907,-4.56122303,1,-8.838992119,1,-12.31580639,1,-0.88985312,1,-4.967481136,1,2.367377996,1,0.294080257,0,-1.014331937,0,1.449346066,0
45.74207687,-5.661425114,1,-10.33660126,1,-12.60002136,1,-1.007574201,1,-5.253256798,1,2.610295773,1,0.284205019,0,-1.036772132,0,1.456496954,0
45.74607849,-7.152447701,1,-11.19153976,1,-12.76540089,1,-1.204625845,1,-5.469316006,1,2.863068104,1,0.271738857,0,-1.060415983,0,1.465777278,0
45.75008011,-9.249347687,1,-12.49142456,1,-13.14990997,1,-1.479711771,1,-5.600455284,1,3.135872602,1,0.255708575,0,-1.084923148,0,1.477924109,0
45.7540741,-9.848134995,1,-13.22144699,1,-13.18420696,1,-1.773136377,1,-5.721591473,1,3.398424864,1,0.235228255,0,-1.110049009,0,1.493630648,0
45.75807953,-10.28123188,1,-12.91349602,1,-13.77677631,1,-2.062539339,1,-5.825073719,1,3.688226461,1,0.20938772,0,-1.13570857,0,1.513772845,0
45.76208115,-13.64965534,1,-11.46443939,1,-15.18184662,1,-2.215090036,1,-5.825969696,1,3.867418289,1,0.177713349,0,-1.161544323,0,1.53908217,0
45.76607895,-14.86210823,1,-10.41071796,1,-15.3312397,1,-2.300472736,1,-5.750176907,1,4.076573372,1,0.140008524,0,-1.186922312,0,1.57016921,0
45.77008057,-12.28584766,1,-9.782265663,1,-15.0309267,1,-2.364151001,1,-5.790166855,1,4.283119202,1,0.094969161,0,-1.211771369,0,1.608495474,0
45.77408218,-13.73965263,1,-8.226748466,1,-15.05587482,1,-2.447284222,1,-5.834662914,1,4.410665512,1,0.041552357,0,-1.236177206,0,1.65504396,0
45.77807617,-15.52476692,1,-6.473303318,1,-15.11860657,1,-2.325985909,1,-5.844222546,1,4.390360832,1,-0.019887725,0,-1.259740353,0,1.709734321,0
45.78207779,-16.14423561,1,-5.039063454,1,-14.44195557,1,-2.217751265,1,-5.930673122,1,4.462000847,1,-0.090326697,0,-1.282277822,0,1.773946404,0
45.78607941,-20.60740852,1,-4.027050495,1,-15.12710762,1,-1.998677373,1,-5.855662346,1,4.414405346,1,-0.171417296,0,-1.303403139,0,1.849458933,0
45.79007721,-23.09734344,1,-4.425630569,1,-14.38058758,1,-1.731275201,1,-5.635807514,1,4.382255077,1,-0.262729526,0,-1.322095633,0,1.93616271,0
45.79407501,-23.05542374,1,-7.416693211,1,-13.37001705,1,-1.564758182,1,-5.442268372,1,4.566763401,1,-0.36620459,0,-1.337667942,0,2.03600359,0
45.79807663,-22.78036308,1,-8.469744682,1,-11.3937273,1,-1.657087803,1,-5.318771839,1,4.729097366,1,-0.484531522,0,-1.349584699,0,2.150839567,0
45.80207443,-22.42702103,1,-8.063262939,1,-11.96090508,1,-1.721034169,1,-5.131926537,1,4.711174011,1,-0.614105225,0,-1.357547283,0,2.276553631,0
45.80607605,-21.178936,1,-7.827050686,1,-9.941485405,1,-1.711326957,1,-4.913543224,1,4.759706497,1,-0.74844873,0,-1.361316204,0,2.406978607,0
45.81007385,-17.7944603,1,-7.422164917,1,-8.938814163,1,-1.93429184,1,-4.599664688,1,4.814909935,1,-0.88257432,0,-1.360368252,0,2.536669016,0
45.81407166,-12.65689278,1,-5.192285061,1,-8.830926895,1,-2.146305084,1,-4.126271248,1,4.685731411,1,-1.007931113,0,-1.355194569,0,2.656577826,0
45.81807327,-10.26591492,1,-4.190741539,1,-9.006476402,1,-2.26301837,1,-3.698067904,1,4.523681641,1,-1.11782825,0,-1.346683621,0,2.760113478,0
45.82207489,-16.38264847,1,-4.070346832,1,-11.32222462,1,-2.286567211,1,-3.307510853,1,4.228383541,1,-1.212149501,0,-1.336081386,0,2.84757328,0
45.82607269,-19.41054535,1,-5.207501888,1,-13.29127502,1,-2.127984285,1,-2.764637709,1,3.675866365,1,-1.28824079,0,-1.32486856,0,2.916806459,0
45.8300705,-19.55045509,1,0.630934536,1,-13.88397503,1,-1.793290854,1,-2.351596117,1,3.143761873,1,-1.347822547,0,-1.314216256,0,2.970131636,0
45.83407211,-30.45669746,1,4.109583378,1,-16.19121552,1,-1.084191918,1,-1.984188199,1,2.759037018,1,-1.394561291,0,-1.304401875,0,3.012547016,0
45.83806992,-26.0460434,1,-1.11082232,1,-16.8344841,1,-0.783564866,1,-1.113353014,1,2.474248409,1,-1.426289797,0,-1.295081377,0,3.041731358,0
45.84206772,-13.22852135,1,-5.101807117,1,-14.96189785,1,-0.635818601,1,-0.427462548,1,2.114851236,1,-1.443843842,0,-1.286350846,0,3.057028532,0
45.84606934,-6.623704433,1,-7.961481571,1,-11.58418465,1,-0.4299227,1,-0.0775913,1,1.688167691,1,-1.452201843,0,-1.278928995,0,3.063504457,0
45.85006714,-5.854722977,1,-8.059563637,1,-10.84100914,1,-0.276923805,1,0.089410074,1,1.413200855,1,-1.455817223,0,-1.272800088,0,3.065859079,0
45.85406876,-6.79322052,1,-7.451898098,1,-11.08750153,1,-0.312389404,1,0.23706159,1,1.263230205,1,-1.4568367,0,-1.267427683,0,3.065729141,0
45.85807037,-6.106726646,1,-7.474208832,1,-10.75261974,1,-0.449965358,1,0.391997814,1,1.171472907,1,-1.456120729,0,-1.262453198,0,3.063384533,0
45.86206818,-3.569455624,1,-7.662176132,1,-9.630028725,1,-0.586734295,1,0.494100153,1,1.07263267,1,-1.454264998,0,-1.257790327,0,3.059242964,0
45.86606598,-1.457872033,1,-7.666065216,1,-8.443109512,1,-0.663050771,1,0.545056701,1,0.946909666,1,-1.451899886,0,-1.25353384,0,3.054095745,0
45.8700676,-0.136603326,1,-7.115109444,1,-7.674384594,1,-0.710289598,1,0.582984328,1,0.835900068,1,-1.449178457,0,-1.249735832,0,3.048331499,0
45.8740654,0.501691401,1,-6.507561684,1,-7.361082554,1,-0.749395669,1,0.622335196,1,0.745957077,1,-1.446105599,0,-1.246302485,0,3.042012453,0
45.87807083,0.920080364,1,-6.025039196,1,-7.198046684,1,-0.77526933,1,0.669868827,1,0.665569842,1,-1.442612171,0,-1.243169785,0,3.035107136,0
45.88207245,1.101456046,1,-5.763239384,1,-7.057225704,1,-0.786229432,1,0.727131009,1,0.579540968,1,-1.438571453,0,-1.24033463,0,3.027532101,0
45.88607025,1.352178574,1,-5.632230759,1,-6.940306664,1,-0.768055797,1,0.791491151,1,0.47488451,1,-1.433782339,0,-1.237841249,0,3.019173622,0
45.89006805,1.681447029,1,-5.477832317,1,-6.775269508,1,-0.727400005,1,0.860503554,1,0.373404503,1,-1.428025961,0,-1.235701084,0,3.009910107,0
45.89406967,1.991236687,1,-5.370520115,1,-6.61740303,1,-0.687308013,1,0.951243401,1,0.266737133,1,-1.421141028,0,-1.233908057,0,2.999622583,0
45.89806747,2.188690186,1,-5.242965698,1,-6.501041412,1,-0.63915652,1,1.058648586,1,0.161131024,1,-1.412853241,0,-1.232449055,0,2.988033533,0
45.90206528,2.173167229,1,-5.211293221,1,-6.480148792,1,-0.603182435,1,1.177880645,1,0.039909609,1,-1.403003216,0,-1.231319904,0,2.974965572,0
45.9060669,2.072110653,1,-5.292295456,1,-6.4503932,1,-0.555118144,1,1.319557786,1,-0.084254213,1,-1.391367555,0,-1.230542183,0,2.960175753,0
45.9100647,2.02407527,1,-5.408814907,1,-6.461361885,1,-0.519507825,1,1.473109007,1,-0.217933372,1,-1.377733111,0,-1.230101705,0,2.943428278,0
45.91406632,1.971069574,1,-5.513289452,1,-6.389200211,1,-0.496846646,1,1.637790918,1,-0.341996253,1,-1.361964822,0,-1.229953408,0,2.924544096,0
45.91806793,1.913552284,1,-5.599088192,1,-6.344578266,1,-0.483267397,1,1.802871704,1,-0.47145623,1,-1.343968391,0,-1.230059743,0,2.903374672,0
45.92206574,1.858841896,1,-5.647498608,1,-6.249802589,1,-0.471542746,1,1.980619431,1,-0.605510294,1,-1.323686242,0,-1.230368972,0,2.87982583,0
45.92606354,1.752556086,1,-5.59026432,1,-6.19823885,1,-0.466870219,1,2.160819769,1,-0.727683485,1,-1.301000834,0,-1.230823636,0,2.853764057,0
45.93006516,1.843665481,1,-5.461483955,1,-6.185406685,1,-0.456278473,1,2.336897373,1,-0.861687779,1,-1.275857329,0,-1.231369257,0,2.825129032,0
45.93406296,1.802762032,1,-5.286397934,1,-6.093444824,1,-0.433289081,1,2.496270895,1,-0.993640721,1,-1.248325109,0,-1.231965423,0,2.794045448,0
45.93806076,1.868034005,1,-5.003163338,1,-5.999012947,1,-0.394694507,1,2.652194738,1,-1.119152904,1,-1.218420982,0,-1.232535601,0,2.7605896,0
45.94206238,1.875971794,1,-4.715874195,1,-5.91441679,1,-0.341774642,1,2.784047604,1,-1.242638946,1,-1.186198354,0,-1.233026743,0,2.724864244,0
45.94606018,1.702886701,1,-4.491679192,1,-5.892651558,1,-0.277466685,1,2.911683559,1,-1.364962697,1,-1.155924439,0,-1.240527749,0,2.661920786,0
45.95005798,1.424803376,1,-4.299943924,1,-5.841332912,1,-0.205256611,1,3.046724558,1,-1.485759497,1,-1.118339539,0,-1.240696549,0,2.621160746,0
45.9540596,1.184853196,1,-4.20691824,1,-5.789205074,1,-0.11199332,1,3.165591955,1,-1.595998049,1,-1.078490257,0,-1.240540981,0,2.57837081,0
45.9580574,0.927279651,1,-4.146097183,1,-5.787255764,1,-0.022031303,1,3.288757086,1,-1.703711152,1,-1.036544204,0,-1.239951491,0,2.533726692,0
45.96205902,0.494518936,1,-4.152676582,1,-5.744792938,1,0.06606292,1,3.406447411,1,-1.802131891,1,-0.992634058,0,-1.238839865,0,2.487384081,0
45.96606064,0.156969294,1,-4.188905716,1,-5.764792919,1,0.150314495,1,3.533568859,1,-1.891382456,1,-0.946974337,0,-1.23707819,0,2.439535141,0
45.97005463,-0.209321305,1,-4.235708714,1,-5.749413013,1,0.234913096,1,3.653615475,1,-1.975471258,1,-0.899823427,0,-1.234582186,0,2.390433788,0
45.97405624,-0.736976445,1,-4.49350071,1,-5.766401768,1,0.311596423,1,3.78087306,1,-2.046517849,1,-0.851542234,0,-1.231241941,0,2.340421438,0
45.97805786,-1.268939257,1,-4.583982944,1,-5.771088123,1,0.375610679,1,3.907937527,1,-2.114104509,1,-0.802468419,0,-1.226962805,0,2.28979826,0
45.98205566,-1.75494206,1,-4.481672287,1,-5.856623173,1,0.428266943,1,4.0248909,1,-2.189571857,1,-0.753055453,0,-1.221708059,0,2.238972425,0
45.98605347,-2.112321615,1,-4.461573601,1,-5.85403204,1,0.477110922,1,4.142029762,1,-2.253274679,1,-0.703614771,0,-1.215428948,0,2.188224554,0
45.99005508,-2.424510717,1,-4.418181419,1,-5.843670368,1,0.525428712,1,4.243247986,1,-2.327365398,1,-0.654546142,0,-1.208132267,0,2.137950182,0
45.99405289,-2.72413826,1,-4.39857626,1,-5.779105663,1,0.57636708,1,4.344458103,1,-2.394726515,1,-0.606123924,0,-1.199816942,0,2.088439465,0
45.99805832,-2.923627853,1,-4.409227848,1,-5.809716702,1,0.625678539,1,4.441722393,1,-2.447173119,1,-0.558682621,0,-1.190462232,0,2.040020466,0
46.00205994,-3.193088055,1,-4.305044651,1,-5.874281883,1,0.672957003,1,4.525313854,1,-2.511681795,1,-0.512512505,0,-1.18010354,0,1.993000865,0
46.00605774,-3.548994303,1,-4.299278259,1,-5.953873634,1,0.724200249,1,4.596308231,1,-2.564492941,1,-0.467783749,0,-1.168786049,0,1.947546721,0
46.01005554,-3.85837245,1,-4.297849655,1,-6.038684368,1,0.779193997,1,4.66990757,1,-2.620044231,1,-0.424649775,0,-1.156535983,0,1.903827429,0
46.01405716,-4.150417805,1,-3.944076777,1,-7.115442276,1,0.802865446,1,4.779804707,1,-2.716820955,1,-0.38306284,0,-1.143361092,0,1.861752868,0
46.01805496,-3.892332792,1,-3.723577976,1,-5.658202648,1,0.915473044,1,4.791520119,1,-2.720014572,1,-0.342828035,0,-1.1292907,0,1.821218014,0
46.02205277,-4.776990891,1,-3.829138994,1,-6.122928619,1,0.993668735,1,4.805707932,1,-2.761528969,1,-0.304826885,0,-1.114575386,0,1.783247471,0
46.02605438,-5.096875191,1,-4.206559658,1,-6.132769108,1,1.061450958,1,4.872138023,1,-2.788643837,1,-0.268439889,0,-1.099133968,0,1.747185588,0
46.03005219,-5.472745419,1,-4.350590706,1,-6.230712414,1,1.096191764,1,4.901744843,1,-2.821435928,1,-0.233903646,0,-1.082983851,0,1.713117361,0
46.0340538,-5.691385746,1,-4.285837173,1,-6.318555832,1,1.146563768,1,4.936389923,1,-2.857928514,1,-0.201063439,0,-1.06620419,0,1.680876851,0
46.03805542,-6.100324154,1,-4.213086605,1,-6.423867226,1,1.191047192,1,4.974158287,1,-2.886323214,1,-0.169895992,0,-1.048838377,0,1.650455236,0
46.04205322,-6.429664612,1,-4.318074226,1,-6.536530495,1,1.243307948,1,5.000870705,1,-2.902261257,1,-0.14029339,0,-1.03091228,0,1.621774912,0
46.04605103,-6.698428631,1,-4.426550865,1,-6.676920891,1,1.283798099,1,5.03239584,1,-2.915698767,1,-0.112232096,0,-1.012468338,0,1.594801664,0
46.05005264,-6.93577528,1,-4.484013557,1,-6.84558773,1,1.332328796,1,5.048064709,1,-2.931513071,1,-0.085641325,0,-0.993560791,0,1.569461346,0
46.05405045,-7.083604813,1,-4.431699276,1,-6.979824543,1,1.388836741,1,5.061751366,1,-2.933758497,1,-0.060384739,0,-0.974251866,0,1.545657158,0
46.05804825,-7.33782053,1,-4.32806921,1,-7.220482349,1,1.456579804,1,5.075235367,1,-2.952732801,1,-0.036321558,0,-0.954577267,0,1.523294806,0
46.06204987,-7.554283619,1,-4.293105125,1,-7.433850765,1,1.532277226,1,5.075130939,1,-2.966432333,1,-0.013286312,0,-0.934573531,0,1.502246857,0
46.06604767,-7.944626331,1,-4.280044079,1,-7.692167759,1,1.620420814,1,5.079937458,1,-2.984728813,1,0.008864029,0,-0.914300561,0,1.482411504,0
46.07004929,-8.248501778,1,-4.377439499,1,-7.934643745,1,1.715002537,1,5.071997166,1,-3.006426573,1,0.030258024,0,-0.893769264,0,1.463680148,0
46.0740509,-8.599616051,1,-4.538825035,1,-8.222186089,1,1.806242466,1,5.070768356,1,-3.035359383,1,0.051000319,0,-0.873016596,0,1.445956707,0
46.07804871,-9.032628059,1,-4.767793655,1,-8.464146614,1,1.901620507,1,5.06593132,1,-3.067541599,1,0.071191497,0,-0.852034092,0,1.429142475,0
46.08204651,-9.449990273,1,-4.963582039,1,-8.746371269,1,1.989974022,1,5.061263561,1,-3.104095221,1,0.090899281,0,-0.830840349,0,1.413151026,0
46.08604813,-9.722571373,1,-5.106168747,1,-8.9852314,1,2.062651157,1,5.057923317,1,-3.153223991,1,0.110184245,0,-0.809442103,0,1.39787364,0
46.09004593,-10.04191113,1,-5.294374943,1,-9.320789337,1,2.139380693,1,5.051537514,1,-3.203471184,1,0.129075661,0,-0.787852585,0,1.383255243,0
46.09404373,-10.40546513,1,-5.488736153,1,-9.655768394,1,2.216429949,1,5.040706158,1,-3.249561787,1,0.147623301,0,-0.766083717,0,1.369227767,0
46.09804535,-10.73490429,1,-5.679212093,1,-9.988247871,1,2.298344851,1,5.021755219,1,-3.305008173,1,0.165885642,0,-0.744163036,0,1.355754614,0
46.10204315,-11.10439014,1,-5.955512047,1,-10.40407562,1,2.37187767,1,5.000886917,1,-3.354819059,1,0.183896258,0,-0.722102821,0,1.342799664,0
46.10604477,-11.48494816,1,-6.295616627,1,-10.89710522,1,2.444661856,1,4.961236954,1,-3.413221359,1,0.201687366,0,-0.699951291,0,1.330310822,0
46.11004257,-12.01869106,1,-6.710810661,1,-11.55869484,1,2.516778946,1,4.916029453,1,-3.470980644,1,0.219302073,0,-0.677748263,0,1.318215609,0
46.11404038,-12.69334316,1,-7.101930618,1,-12.32376575,1,2.587656498,1,4.866856575,1,-3.532053947,1,0.236768171,0,-0.655523419,0,1.306482077,0
46.11804962,-13.50564194,1,-7.308205605,1,-13.25617981,1,2.661273718,1,4.796756744,1,-3.606936693,1,0.254142344,0,-0.633308947,0,1.295028448,0
46.12205124,-14.42213249,1,-7.298863411,1,-14.18324375,1,2.746435404,1,4.731224537,1,-3.687841415,1,0.271513015,0,-0.61111778,0,1.28377831,0
46.12604904,-15.74954128,1,-7.004338741,1,-15.09009457,1,2.864622593,1,4.66549921,1,-3.782160521,1,0.289000452,0,-0.588924825,0,1.272668004,0
46.13004303,-17.28156662,1,-6.66433239,1,-15.61776161,1,3.025580645,1,4.606556892,1,-3.888519287,1,0.306789815,0,-0.566682518,0,1.261644721,0
46.13404846,-19.24125862,1,-6.43693018,1,-16.10288048,1,3.211925745,1,4.549948215,1,-3.994874716,1,0.325032115,0,-0.544382215,0,1.250699997,0
46.13804627,-21.52139664,1,-6.355295658,1,-16.48965645,1,3.396216154,1,4.51714325,1,-4.097531796,1,0.343757868,0,-0.521949828,0,1.239863873,0
46.14204788,-24.01441956,1,-6.490383625,1,-16.5070076,1,3.577778578,1,4.500557423,1,-4.214587212,1,0.362955838,0,-0.499273002,0,1.229124308,0
46.1460495,-26.43032074,1,-6.557923794,1,-16.28641891,1,3.740304232,1,4.493526459,1,-4.332595348,1,0.382564574,0,-0.476294011,0,1.218516231,0
46.1500473,-28.75835419,1,-6.356715679,1,-15.63539982,1,3.877032042,1,4.497357368,1,-4.448330879,1,0.402488828,0,-0.45296061,0,1.20805645,0
46.15404511,-29.31231689,1,-0.825642288,1,-15.10272598,1,4.022211075,1,4.438237667,1,-4.669075489,1,0.422733128,0,-0.429220498,0,1.197595239,0
46.15804672,-26.98470688,1,5.617425442,1,-15.86400604,1,4.28182745,1,4.193999767,1,-4.940694809,1,0.443884999,0,-0.405504078,0,1.186399102,0
46.16204453,-27.6939888,1,2.548993826,1,-13.87063789,1,4.543126106,1,4.107172966,1,-5.182143688,1,0.466068298,0,-0.381743491,0,1.174584508,0
46.16604233,-30.99892426,1,2.476574659,1,-11.92885971,1,4.765033722,1,4.062551975,1,-5.333971024,1,0.48905322,0,-0.357520223,0,1.162580371,0
46.17004395,-32.70153809,1,2.662629366,1,-10.68021011,1,4.89092207,1,3.938911438,1,-5.355887413,1,0.512370646,0,-0.333217859,0,1.150793672,0
46.17404175,-33.11243439,1,3.619252205,1,-8.71291256,1,4.918895245,1,3.801356077,1,-5.323165417,1,0.53559655,0,-0.309115499,0,1.139457703,0
46.17804337,-33.44823074,1,4.751340866,1,-6.582159996,1,4.914356709,1,3.644402504,1,-5.206657887,1,0.558403432,0,-0.285427451,0,1.128730774,0
46.18204117,-33.20430374,1,6.064472198,1,-4.761631966,1,4.931297779,1,3.461601734,1,-5.036123276,1,0.58077848,0,-0.26240328,0,1.118764162,0
46.18603897,-31.66328239,1,7.356844902,1,-3.057575941,1,4.913004398,1,3.23149538,1,-4.811460972,1,0.602745593,0,-0.240288138,0,1.10959363,0
46.19004059,-29.62991714,1,9.423015594,1,-1.410725832,1,4.87125206,1,2.904557943,1,-4.558186054,1,0.624255717,0,-0.219452083,0,1.101114631,0
46.19404221,-28.11927032,1,11.88455582,1,0.31848532,1,4.820642471,1,2.508577824,1,-4.308800697,1,0.646616101,0,-0.195213333,0,1.048299789,0
46.19804001,-28.1048584,1,13.86160469,1,1.81726706,1,4.725682735,1,2.094422579,1,-4.06467104,1,0.667142928,0,-0.177700028,0,1.040532708,0
46.20203781,-29.0921154,1,15.33757877,1,3.231640577,1,4.592104435,1,1.694401503,1,-3.826716661,1,0.687093019,0,-0.161900967,0,1.032851934,0
46.20603943,-30.35167503,1,16.32988548,1,4.447747707,1,4.394229412,1,1.279228449,1,-3.557061195,1,0.70624572,0,-0.147868097,0,1.025251865,0
46.21003723,-31.87447548,1,17.56771851,1,5.614493847,1,4.164773464,1,0.887562931,1,-3.252414227,1,0.724422693,0,-0.135654598,0,1.017719388,0
46.21403503,-33.58645248,1,18.23217773,1,6.626924038,1,3.893645048,1,0.522150397,1,-2.913168907,1,0.741513669,0,-0.125310943,0,1.010359645,0
46.21803665,-34.75204086,1,17.60987282,1,7.332790852,1,3.563207865,1,0.214851469,1,-2.528664589,1,0.757297516,0,-0.11682649,0,1.003328323,0
46.22203445,-34.51424408,1,15.48028755,1,7.68021822,1,3.110859394,1,-0.027897881,1,-2.079433918,1,0.771410942,0,-0.110154629,0,0.996873975,0
46.22603607,-33.04387283,1,11.97458267,1,8.012721062,1,2.515333652,1,-0.270491183,1,-1.514905334,1,0.783291042,0,-0.105528757,0,0.991282225,0
46.23003769,-30.97471619,1,8.40354538,1,7.685071468,1,1.778129339,1,-0.518161058,1,-0.874501586,1,0.792383552,0,-0.103240713,0,0.986770391,0
46.23403549,-28.94496346,1,5.659460545,1,6.998232365,1,0.943246841,1,-0.781593084,1,-0.198259577,1,0.798185229,0,-0.103523158,0,0.983394444,0
46.23804092,-9.9643116,1,-18.32131195,1,-1.367971897,1,-1.140257835,1,-1.316867828,1,0.612135589,1,0.798858643,0,-0.10693825,0,0.981032789,0
46.24203873,-16.15340424,1,-22.78917885,1,5.843605518,1,-4.776790619,1,-2.434288263,1,1.442142248,1,0.787066758,0,-0.11499542,0,0.978633761,0
46.24603653,-25.27316093,1,6.247217178,1,1.665592909,1,-4.766520023,1,-2.763447046,1,2.490461349,1,0.767553568,0,-0.12842986,0,0.976562679,0
46.25003815,9.457140923,1,1.153912306,1,-5.557334423,1,-4.958790779,1,-2.379646301,1,2.474063158,1,0.748351038,0,-0.142503515,0,0.977041245,0
46.25403976,7.70451355,1,-1.265097976,1,-15.63181686,1,-5.28482008,1,-2.76706171,1,2.482961655,1,0.727598667,0,-0.15689218,0,0.977339625,0
46.25803757,-2.797867537,1,-5.992237091,1,-21.67419624,1,-4.958389759,1,-2.282201052,1,2.461551189,1,0.70695734,0,-0.171169952,0,0.978059947,0
46.26203537,2.785177469,1,-12.19191647,1,-24.8391304,1,-4.625935078,1,-1.683587909,1,2.304769754,1,0.687456131,0,-0.18327564,0,0.980423152,0
46.26603699,13.21186447,1,-17.78277397,1,-22.37779808,1,-4.570423603,1,-1.63234508,1,2.240050793,1,0.668646812,0,-0.1939836,0,0.983443916,0
46.27003479,14.25719452,1,-13.76671314,1,-16.17017937,1,-4.564937592,1,-2.129950523,1,2.091794252,1,0.64979893,0,-0.205257356,0,0.985710144,0
46.27403641,11.16369629,1,-2.958262444,1,-11.59612751,1,-4.675026894,1,-2.728497028,1,2.117384672,1,0.631105542,0,-0.217952266,0,0.986696482,0
46.27803421,6.383176327,1,13.24801254,1,-9.341743469,1,-4.33707571,1,-3.330336332,1,2.328181028,1,0.61294198,0,-0.23292762,0,0.986925125,0
46.28203201,6.195903301,1,20.58746719,1,-10.29380894,1,-3.66685009,1,-4.185956955,1,2.663999081,1,0.59696728,0,-0.251026005,0,0.986454666,0
46.28603363,-2.138824463,1,17.43262291,1,-13.63529587,1,-3.244068146,1,-4.800560474,1,2.919140577,1,0.583244622,0,-0.272218257,0,0.985742331,0
46.29003525,-9.570830345,1,17.07631302,1,-18.93647766,1,-2.640455246,1,-4.949545383,1,2.967290878,1,0.571806729,0,-0.295127153,0,0.984907568,0
46.29403305,-20.20259476,1,16.44596863,1,-20.8821125,1,-2.227684259,1,-4.670704842,1,3.009101391,1,0.562217772,0,-0.317894399,0,0.984551072,0
46.29803085,-27.58803368,1,14.40642929,1,-24.79426575,1,-1.888506055,1,-3.944998503,1,2.989831924,1,0.553632259,0,-0.33891353,0,0.985629916,0
46.30203247,-29.20418358,1,11.95203304,1,-22.91181183,1,-1.49773097,1,-3.101109266,1,2.860101223,1,0.545845687,0,-0.35709855,0,0.988470137,0
46.30603027,-25.65416908,1,8.460453033,1,-19.37445068,1,-1.051916361,1,-2.521216154,1,2.68248105,1,0.539284229,0,-0.3723526,0,0.992457747,0
46.31002808,-22.81444931,1,2.909953356,1,-14.77941036,1,-0.753654063,1,-2.260631084,1,2.432539701,1,0.534130037,0,-0.385778785,0,0.996731162,0
46.31402969,-17.47840881,1,-5.757558346,1,-11.56695271,1,-0.605408311,1,-2.053304911,1,1.984564543,1,0.530099511,0,-0.397634745,0,1.000267267,0
46.3180275,-14.17058372,1,-11.00922298,1,-7.5062356,1,-0.652899981,1,-2.023716211,1,1.53647697,1,0.526784956,0,-0.408211559,0,1.002442598,0
46.32202911,-11.05333138,1,-13.80094624,1,-6.448690891,1,-0.735959768,1,-2.130558014,1,1.099599004,1,0.523828745,0,-0.418027908,0,1.002869844,0
46.32603073,-10.91746235,1,-13.26022148,1,-6.768630981,1,-0.905804813,1,-2.163771152,1,0.821005464,1,0.52107501,0,-0.42739895,0,1.001738429,0
46.33002853,-10.00479221,1,-10.04269218,1,-7.692533493,1,-1.136554003,1,-2.016345739,1,0.668175399,1,0.517689168,0,-0.436135441,0,0.999975145,0
46.33402634,-7.925199986,1,-4.789846897,1,-9.152651787,1,-1.219775677,1,-1.8687464,1,0.655589402,1,0.513665736,0,-0.444175124,0,0.998265505,0
46.33802795,-8.557052612,1,-0.703113616,1,-10.52765656,1,-1.251321912,1,-1.643413186,1,0.762233138,1,0.509232819,0,-0.451714933,0,0.997135401,0
46.34202576,-10.42865467,1,2.373983383,1,-11.20198822,1,-1.231586337,1,-1.32171917,1,0.920300603,1,0.504204392,0,-0.458537549,0,0.997212768,0
46.34602356,-9.72507,1,3.312460661,1,-10.47601891,1,-1.109707713,1,-0.990248263,1,0.997589648,1,0.498941243,0,-0.464424074,0,0.99851197,0
46.35002518,-9.939576149,1,1.032758474,1,-10.04176235,1,-1.022428036,1,-0.729533136,1,0.99363327,1,0.493766129,0,-0.469347358,0,1.000622272,0
46.35402298,-11.82863998,1,-2.332933426,1,-9.399013519,1,-0.979889512,1,-0.505693316,1,0.857301593,1,0.488679647,0,-0.47330156,0,1.002991796,0
46.35802841,-9.142033577,1,-5.435546398,1,-8.172858238,1,-1.004553199,1,-0.282123238,1,0.677322328,1,0.483714074,0,-0.476055324,0,1.005211115,0
46.36203003,-8.500031471,1,-5.79291153,1,-8.372988701,1,-1.017883658,1,-0.246340454,1,0.581858754,1,0.478783101,0,-0.478157878,0,1.007164836,0
46.36602783,-7.661085129,1,-5.603708267,1,-9.420393944,1,-1.054469943,1,-0.163850859,1,0.495522082,1,0.4738397,0,-0.479888946,0,1.008870363,0
46.37002564,-6.561808586,1,-3.447565556,1,-9.738763809,1,-1.050527215,1,-0.097642727,1,0.488594651,1,0.468841106,0,-0.4812181,0,1.010564446,0
46.37402725,-5.970561981,1,-1.270168424,1,-10.19909286,1,-0.99509716,1,-0.047724944,1,0.502003908,1,0.463886261,0,-0.48236531,0,1.012410998,0
46.37802506,-5.556393623,1,0.086003438,1,-9.865515709,1,-0.913040102,1,-0.021073788,1,0.514917552,1,0.459137559,0,-0.483407319,0,1.014400363,0
46.38202667,-5.534086704,1,-0.063655801,1,-9.791521072,1,-0.811262071,1,-0.016842863,1,0.479964972,1,0.454752415,0,-0.484355479,0,1.016399384,0
46.38602829,-5.888168335,1,-0.534929693,1,-9.791771889,1,-0.700858355,1,0.005774169,1,0.423951864,1,0.450881809,0,-0.485170335,0,1.018223047,0
46.39002609,-5.123131275,1,-1.34830606,1,-9.218952179,1,-0.617662728,1,0.010024973,1,0.395696938,1,0.44746986,0,-0.485842347,0,1.019890428,0
46.3940239,-4.79140377,1,-2.656145334,1,-8.862976074,1,-0.576598167,1,0.002906182,1,0.385790288,1,0.444342554,0,-0.486490786,0,1.021486521,0
46.39802551,-4.575172901,1,-3.713640928,1,-8.643115997,1,-0.562651813,1,0.011196787,1,0.398277372,1,0.441305757,0,-0.487141848,0,1.023110628,0
46.40202332,-4.498286724,1,-4.238398552,1,-8.627797127,1,-0.575861156,1,0.008522048,1,0.416774243,1,0.438242972,0,-0.4877958,0,1.0248034,0
46.40602112,-4.697436333,1,-4.203375816,1,-8.500167847,1,-0.592572331,1,0.015522966,1,0.434507847,1,0.435061753,0,-0.488471389,0,1.026584029,0
46.41002274,-4.75013876,1,-3.766247034,1,-8.384812355,1,-0.611645699,1,0.009626213,1,0.454622686,1,0.431773514,0,-0.489167631,0,1.028441072,0
46.41402054,-4.745767117,1,-3.165293932,1,-8.409856796,1,-0.607882798,1,0.008509151,1,0.453719378,1,0.428436458,0,-0.489883631,0,1.030317664,0
46.41801834,-4.856117249,1,-2.267416,1,-8.645020485,1,-0.588877499,1,-0.002305413,1,0.442086846,1,0.42517072,0,-0.490618259,0,1.03217268,0
46.42201996,-4.793560505,1,-1.686321616,1,-8.63333416,1,-0.544518173,1,-0.013770677,1,0.418742061,1,0.42206049,0,-0.491350293,0,1.033940315,0
46.42601776,-4.438661575,1,-1.479583025,1,-8.726089478,1,-0.507313907,1,-0.022078462,1,0.404333025,1,0.419172347,0,-0.492089182,0,1.03562212,0
46.43001938,-4.111068249,1,-1.76358068,1,-8.692266464,1,-0.463886559,1,-0.045475837,1,0.387129992,1,0.416495979,0,-0.49285239,0,1.037199855,0
46.434021,-3.674516439,1,-2.147860289,1,-8.822122574,1,-0.431602776,1,-0.07500577,1,0.374809712,1,0.414006442,0,-0.493680328,0,1.038672566,0
46.4380188,-3.669866562,1,-2.553186417,1,-8.962938309,1,-0.416970134,1,-0.112670057,1,0.374785572,1,0.411651522,0,-0.494624555,0,1.040055752,0
46.4420166,-3.633615971,1,-2.778341055,1,-9.048595428,1,-0.403607458,1,-0.161622941,1,0.368330687,1,0.145804435,0,-0.726281762,0,1.457364321,0
46.44601822,-3.995060682,1,-2.886869907,1,-9.034298897,1,-0.393778354,1,-0.198593453,1,0.369800597,1,0.150458381,0,-0.730935276,0,1.418902516,0
46.45001602,-4.879333019,1,-2.48966074,1,-8.981666565,1,-0.364015341,1,-0.207547486,1,0.356002718,1,0.147758231,0,-0.731964469,0,1.420673132,0
46.45401382,-4.595552444,1,-2.302042484,1,-8.574946404,1,-0.346902341,1,-0.224779651,1,0.335865915,1,0.145219937,0,-0.733017385,0,1.422345757,0
46.45801544,-4.755133152,1,-2.162616253,1,-8.617676735,1,-0.321054488,1,-0.229775831,1,0.308332264,1,0.142857254,0,-0.734099269,0,1.423888683,0
46.46201325,-4.925982952,1,-2.056975126,1,-8.656513214,1,-0.298108459,1,-0.226815343,1,0.275324136,1,0.140695617,0,-0.735175848,0,1.42527163,0
46.46601486,-4.692515373,1,-1.852852464,1,-8.474630356,1,-0.27216357,1,-0.229863912,1,0.246030509,1,0.138736904,0,-0.736226678,0,1.426494718,0
46.47001648,-4.95225811,1,-1.668042302,1,-8.508040428,1,-0.245729521,1,-0.228059158,1,0.213913396,1,0.136988372,0,-0.737257004,0,1.427553058,0
46.47401428,-4.851996899,1,-1.526999831,1,-8.549751282,1,-0.207022846,1,-0.223474443,1,0.17214787,1,0.135487527,0,-0.738251805,0,1.428431988,0
46.47801209,-4.777422905,1,-1.391911626,1,-8.564883232,1,-0.172384664,1,-0.223741189,1,0.135409698,1,0.134270757,0,-0.739224017,0,1.429107666,0
46.48202133,-4.862408161,1,-1.449433446,1,-8.663998604,1,-0.135100737,1,-0.227816492,1,0.101292498,1,0.133323267,0,-0.740179539,0,1.429586649,0
46.48602295,-4.916837692,1,-1.432160139,1,-8.560002327,1,-0.106305182,1,-0.221065059,1,0.076118238,1,0.132627264,0,-0.741109192,0,1.429906368,0
46.49002075,-4.759836674,1,-1.612662554,1,-8.476073265,1,-0.074372545,1,-0.216735631,1,0.053930975,1,0.132149443,0,-0.742010713,0,1.430091023,0
46.49402237,-4.72454834,1,-1.871943831,1,-8.414800644,1,-0.047299374,1,-0.212945372,1,0.038288582,1,0.131839424,0,-0.742883146,0,1.43018353,0
46.49802017,-4.534075737,1,-2.38971734,1,-8.218118668,1,-0.025273794,1,-0.212435722,1,0.036929976,1,0.131664976,0,-0.743743122,0,1.430224776,0
46.50202179,-4.539786816,1,-3.035335541,1,-8.118863106,1,-0.033980701,1,-0.208478808,1,0.048283182,1,0.131490752,0,-0.744602561,0,1.430292964,0
46.50602341,-4.593873501,1,-3.559020281,1,-7.955208778,1,-0.048732571,1,-0.207102358,1,0.068511188,1,0.131214276,0,-0.745461345,0,1.430461884,0
46.51002121,-4.619965076,1,-3.830052376,1,-7.829441547,1,-0.072645113,1,-0.1994223,1,0.092877977,1,0.13077344,0,-0.746309698,0,1.430746078,0
46.51401901,-4.647491932,1,-4.033299446,1,-7.775380611,1,-0.104886159,1,-0.187483564,1,0.127536416,1,0.130101189,0,-0.747131765,0,1.431205988,0
46.51802063,-4.762214184,1,-4.044528484,1,-7.744031429,1,-0.137588292,1,-0.176043779,1,0.158530325,1,0.129176944,0,-0.747929513,0,1.431849957,0
46.52201843,-4.668122768,1,-3.969995499,1,-7.734466076,1,-0.167852864,1,-0.164796948,1,0.177954391,1,0.128035828,0,-0.74868542,0,1.432641387,0
46.52601624,-4.656638145,1,-3.618959427,1,-7.842086792,1,-0.18016839,1,-0.152450949,1,0.198627114,1,0.126698345,0,-0.749402702,0,1.433560371,0
46.53001785,-4.722420216,1,-3.284085512,1,-7.949868679,1,-0.191032693,1,-0.141342476,1,0.207917675,1,0.125271916,0,-0.750079453,0,1.434558153,0
46.53401566,-4.935853481,1,-2.870261669,1,-7.963273525,1,-0.206012398,1,-0.1249355,1,0.220759407,1,0.123735212,0,-0.750711679,0,1.435647011,0
46.53801727,-4.73849678,1,-2.522534132,1,-8.025252342,1,-0.20576635,1,-0.113787472,1,0.232264072,1,0.122126542,0,-0.751291394,0,1.436802268,0
46.54201508,-4.901426792,1,-2.176320314,1,-8.241400719,1,-0.198403567,1,-0.104486428,1,0.234954253,1,0.120490894,0,-0.751839519,0,1.43800807,0
46.54601288,-4.546811104,1,-1.974376559,1,-8.249246597,1,-0.19098109,1,-0.101943798,1,0.233513609,1,0.118881434,0,-0.752354741,0,1.439215064,0
46.5500145,-5.172858238,1,-1.871400356,1,-8.4560709,1,-0.181448996,1,-0.087669447,1,0.23780027,1,0.117309794,0,-0.752842128,0,1.440430999,0
46.55401611,-4.099966526,1,-1.626574397,1,-8.747326851,1,-0.148805305,1,-0.11022374,1,0.205482915,1,0.115873709,0,-0.753301442,0,1.441568971,0
46.55801392,-4.479234695,1,-1.571170211,1,-8.640807152,1,-0.136749029,1,-0.132319391,1,0.19269979,1,0.114611395,0,-0.753885329,0,1.442569137,0
46.56201172,-4.482812405,1,-1.608051419,1,-8.555713654,1,-0.106653474,1,-0.134377703,1,0.180041119,1,0.113484435,0,-0.754487932,0,1.443501234,0
46.56601334,-4.611624241,1,-1.686601639,1,-8.499370575,1,-0.083421856,1,-0.141440168,1,0.169405237,1,0.112497166,0,-0.755121291,0,1.444378257,0
46.57001114,-4.674580097,1,-1.849609494,1,-8.405327797,1,-0.066053055,1,-0.145510808,1,0.162606806,1,0.111626662,0,-0.755767763,0,1.445200443,0
46.57400894,-4.739173889,1,-2.077585936,1,-8.265974998,1,-0.054204553,1,-0.14988333,1,0.165057734,1,0.110840313,0,-0.756431103,0,1.446008086,0
46.57801056,-4.827829361,1,-2.332611799,1,-8.169167519,1,-0.045106202,1,-0.149205759,1,0.165139914,1,0.110074796,0,-0.757097483,0,1.446825504,0
46.58200836,-4.486262321,1,-2.419372082,1,-8.242972374,1,-0.04394754,1,-0.15811184,1,0.16323787,1,0.109332137,0,-0.757766962,0,1.44763875,0
46.58600998,-4.550755501,1,-2.454953432,1,-8.308470726,1,-0.038455416,1,-0.167997897,1,0.16919519,1,0.108614005,0,-0.758483291,0,1.448446512,0
46.5900116,-4.530925274,1,-2.373944044,1,-8.283000946,1,-0.039096285,1,-0.172063425,1,0.173687831,1,0.107887678,0,-0.759236038,0,1.449271917,0
46.5940094,-4.65693903,1,-2.227692604,1,-8.336493492,1,-0.029596986,1,-0.182248026,1,0.172804683,1,0.107171103,0,-0.760016084,0,1.450125933,0
46.5980072,-4.632214069,1,-2.200119019,1,-8.407648087,1,-0.026939569,1,-0.187284961,1,0.180118307,1,0.106461592,0,-0.760813653,0,1.450987935,0
46.60202026,-4.67854929,1,-2.204618931,1,-8.352971077,1,-0.020956725,1,-0.195197865,1,0.185183227,1,0.105749562,0,-0.761657655,0,1.451872945,0
46.60602188,-4.760984898,1,-2.303184271,1,-8.297897339,1,-0.01841669,1,-0.200016737,1,0.189104781,1,0.105039209,0,-0.762524068,0,1.452787519,0
46.6100235,-4.794052124,1,-2.415199041,1,-8.342041016,1,-0.019042341,1,-0.202426448,1,0.203257158,1,0.104297884,0,-0.763409972,0,1.453745842,0
46.61402512,-4.690080643,1,-2.432898998,1,-8.308882713,1,-0.017789265,1,-0.198676437,1,0.21306999,1,0.103502087,0,-0.764296532,0,1.454786539,0
46.6180191,-4.703337669,1,-2.686397552,1,-8.385119438,1,-0.024595989,1,-0.218637437,1,0.217112526,1,0.102692708,0,-0.765209496,0,1.455845356,0
46.62202072,-4.782589436,1,-2.689114571,1,-8.240117073,1,-0.02465841,1,-0.220371589,1,0.228144571,1,0.101821795,0,-0.766173363,0,1.456943035,0
46.62602234,-4.736085892,1,-2.52218771,1,-8.342215538,1,-0.023685103,1,-0.219928533,1,0.239529476,1,0.100925453,0,-0.767138183,0,1.458099127,0
46.63002014,-4.597290516,1,-2.531704187,1,-8.447411537,1,-0.035617165,1,-0.232534498,1,0.256959081,1,0.099944882,0,-0.768138111,0,1.459344506,0
46.63401794,-4.664969921,1,-2.261832237,1,-8.383885384,1,-0.026332799,1,-0.249925211,1,0.266557366,1,0.098898597,0,-0.769203365,0,1.460661054,0
46.63801956,-4.664034843,1,-2.276396275,1,-8.455602646,1,-0.013249192,1,-0.259662688,1,0.281814486,1,0.09785039,0,-0.770320594,0,1.462052107,0
46.64201737,-4.559506416,1,-2.336555958,1,-8.534179688,1,0.00245508,1,-0.27082333,1,0.291015863,1,0.096810736,0,-0.771493912,0,1.463505864,0
46.64601898,-4.702562332,1,-2.235835075,1,-8.563197136,1,0.010109656,1,-0.294096321,1,0.311787605,1,0.095763795,0,-0.772731245,0,1.465029359,0
46.65001679,-4.587337017,1,-2.826753139,1,-8.64048481,1,-0.011547757,1,-0.312936962,1,0.326230288,1,0.094651259,0,-0.774041772,0,1.466648579,0
46.65401459,-4.765618324,1,-2.584116459,1,-8.639036179,1,-0.044053677,1,-0.340395153,1,0.341946006,1,0.093348809,0,-0.775467217,0,1.468335748,0
46.65801621,-4.773616314,1,-2.211467981,1,-8.494212151,1,-0.029644905,1,-0.358818412,1,0.348606259,1,0.091970876,0,-0.776984572,0,1.470074773,0
46.66201782,-4.709547997,1,-2.348304033,1,-8.569342613,1,-0.012343831,1,-0.367381126,1,0.367989898,1,0.090622678,0,-0.778559029,0,1.471879959,0
46.66601563,-4.591722012,1,-2.676306486,1,-8.617785454,1,-0.003657745,1,-0.386342287,1,0.38915202,1,0.089239068,0,-0.780189753,0,1.473801017,0
46.67001343,-4.639632702,1,-3.138813019,1,-8.669680595,1,-0.02161154,1,-0.415236622,1,0.412938267,1,0.087754861,0,-0.781924963,0,1.475845218,0
46.67401505,-4.446748734,1,-3.288672209,1,-8.748314857,1,-0.055609331,1,-0.445077717,1,0.43912214,1,0.086053029,0,-0.783791661,0,1.478043675,0
46.67801285,-4.375599384,1,-2.891544104,1,-8.623999596,1,-0.062259208,1,-0.486833036,1,0.458175808,1,0.084191009,0,-0.785798788,0,1.480346203,0
46.68201447,-4.433087349,1,-2.573798418,1,-8.914914131,1,-0.060572755,1,-0.513480306,1,0.483425409,1,0.082218997,0,-0.787945151,0,1.482766747,0
46.68601227,-4.565751076,1,-2.286475658,1,-8.817788124,1,-0.054424666,1,-0.553963721,1,0.505351067,1,0.080190301,0,-0.790229499,0,1.485311508,0
46.69001007,-4.749124527,1,-2.361715555,1,-8.654695511,1,-0.042623162,1,-0.583287477,1,0.514382482,1,0.078131385,0,-0.792658329,0,1.48794651,0
46.69401169,-4.802894592,1,-2.499106169,1,-8.854045868,1,-0.04160367,1,-0.619171917,1,0.511770189,1,0.117497638,0,-0.746171117,0,1.462290645,0
46.69801331,-4.466866016,1,-2.39250946,1,-8.724596024,1,-0.067940563,1,-0.65734154,1,0.521042407,1,0.115636684,0,-0.748943925,0,1.464697719,0
46.70201111,-4.537712097,1,-2.090565443,1,-8.775875092,1,-0.059902694,1,-0.693873942,1,0.520936608,1,0.113731287,0,-0.75187391,0,1.467103839,0
46.70600891,-4.605223179,1,-2.092178106,1,-8.830765724,1,-0.04889372,1,-0.726224601,1,0.523599207,1,0.111876391,0,-0.75493139,0,1.469510317,0
46.71001053,-4.593646049,1,-2.15353632,1,-8.750626564,1,-0.059498128,1,-0.757078946,1,0.520694673,1,0.110013798,0,-0.758102775,0,1.471917629,0
46.71400833,-4.847168922,1,-2.09036994,1,-8.800517082,1,-0.065458007,1,-0.800135672,1,0.517739832,1,0.108126871,0,-0.761433959,0,1.474290967,0
46.71800995,-4.829389095,1,-2.288495779,1,-8.769331932,1,-0.066343874,1,-0.830050945,1,0.514389277,1,0.10623236,0,-0.764898896,0,1.47664845,0
46.72201538,-4.81567812,1,-2.34370327,1,-8.943147659,1,-0.082887426,1,-0.86904794,1,0.517369509,1,0.104297534,0,-0.768492579,0,1.478994727,0
46.726017,-4.677783489,1,-2.429386139,1,-8.978920937,1,-0.093703195,1,-0.915996552,1,0.523572743,1,0.102294847,0,-0.772258282,0,1.481369615,0
46.73001862,-4.770518303,1,-2.591872454,1,-9.05536747,1,-0.098324478,1,-0.968208492,1,0.53894186,1,0.100215457,0,-0.776218295,0,1.483798265,0
46.73402023,-4.854084015,1,-2.855784178,1,-9.142500877,1,-0.108819917,1,-1.022732615,1,0.563698053,1,0.098035358,0,-0.780396581,0,1.486325026,0
46.73801804,-5.093445301,1,-3.407846928,1,-9.229342461,1,-0.144399881,1,-1.08166182,1,0.594585359,1,0.095651716,0,-0.784804583,0,1.489010096,0
46.74201584,-4.825374603,1,-3.320179939,1,-9.292969704,1,-0.190731928,1,-1.147394776,1,0.62500751,1,0.092971861,0,-0.789486051,0,1.491833806,0
46.74601746,-4.695520401,1,-3.086289406,1,-9.393727303,1,-0.222365752,1,-1.220422029,1,0.654054344,1,0.08999496,0,-0.794430733,0,1.494843364,0
46.75001526,-4.710363865,1,-3.021167517,1,-9.500473022,1,-0.25042361,1,-1.30309391,1,0.694376409,1,0.086753406,0,-0.79969877,0,1.498058558,0
46.75401306,-5.203697681,1,-3.437124729,1,-9.505770683,1,-0.285754502,1,-1.374169827,1,0.726483822,1,0.083235227,0,-0.805272341,0,1.501467109,0
46.75801468,-4.684547424,1,-3.370590687,1,-9.315821648,1,-0.338139653,1,-1.453837633,1,0.760064244,1,0.079350762,0,-0.811151862,0,1.50510335,0
46.76201248,-4.965386391,1,-2.906569242,1,-9.557552338,1,-0.373247832,1,-1.542400002,1,0.789870441,1,0.07514476,0,-0.817372382,0,1.50893867,0
46.7660141,-4.86172533,1,-2.570944071,1,-9.657103539,1,-0.390624404,1,-1.614059806,1,0.826010287,1,0.07066305,0,-0.823905587,0,1.512976646,0
46.77001572,-4.591414928,1,-2.394795895,1,-9.729679108,1,-0.404538184,1,-1.711147666,1,0.852327585,1,0.065931931,0,-0.83076483,0,1.51724875,0
46.77401352,-4.910944462,1,-2.391280174,1,-9.803753853,1,-0.41190955,1,-1.801625013,1,0.866761446,1,0.061020497,0,-0.837992072,0,1.521687865,0
46.77801132,-4.840354443,1,-2.388852835,1,-10.00383091,1,-0.438855499,1,-1.896895885,1,0.893599093,1,0.055871919,0,-0.845571101,0,1.526307821,0
46.78201294,-4.855964661,1,-2.36768198,1,-10.14379501,1,-0.46960485,1,-1.980371237,1,0.917337418,1,0.050423693,0,-0.853515029,0,1.531146407,0
46.78601074,-4.946225166,1,-2.150475264,1,-10.2801466,1,-0.494960696,1,-2.081083059,1,0.93691051,1,0.044649754,0,-0.861810148,0,1.536223173,0
46.79000855,-4.339005947,1,-2.104465723,1,-10.01237392,1,-0.510943532,1,-2.194727898,1,0.972569764,1,0.038564984,0,-0.870494008,0,1.541564822,0
46.79401016,-4.426629543,1,-2.009076357,1,-10.08757782,1,-0.505797327,1,-2.327880859,1,0.999688625,1,0.032202259,0,-0.879684567,0,1.547203183,0
46.79800797,-4.471909523,1,-2.03927207,1,-10.17268848,1,-0.509151101,1,-2.45710969,1,1.036941767,1,0.025540395,0,-0.889360547,0,1.553184748,0
46.80200958,-4.48705101,1,-2.240386486,1,-10.29535103,1,-0.512786925,1,-2.591722488,1,1.080939412,1,0.018500006,0,-0.899549305,0,1.559596062,0
46.80600739,-4.204790115,1,-2.375988245,1,-10.50509644,1,-0.511682987,1,-2.736773014,1,1.120000958,1,0.011028826,0,-0.910256386,0,1.566477776,0
46.81000519,-4.381612778,1,-2.524011135,1,-10.87369251,1,-0.519815207,1,-2.9068048,1,1.172127008,1,0.003110095,0,-0.921586275,0,1.573866248,0
46.81400681,-4.301589489,1,-2.959367275,1,-11.26737499,1,-0.553216755,1,-3.089132309,1,1.228950739,1,-0.005455985,0,-0.933561981,0,1.581897378,0
46.81800842,-4.139517307,1,-3.393651485,1,-11.6645565,1,-0.591412127,1,-3.295793533,1,1.295625925,1,-0.014832652,0,-0.946284413,0,1.590667725,0
46.82200623,-3.879929304,1,-3.964738846,1,-11.83428574,1,-0.642972648,1,-3.512042999,1,1.368193626,1,-0.025181543,0,-0.959774613,0,1.600324988,0
46.82600403,-3.745613575,1,-4.274190426,1,-12.10524559,1,-0.648250461,1,-3.758366346,1,1.438431382,1,-0.036577214,0,-0.974152565,0,1.611004353,0
46.83000565,-3.296187162,1,-4.245702267,1,-12.26527596,1,-0.635077357,1,-4.0654006,1,1.628709197,1,-0.049262151,0,-0.989502668,0,1.623217344,0
46.83400345,-3.719230413,1,-5.028276443,1,-13.1315937,1,-0.607185125,1,-4.328070164,1,1.766814709,1,-0.063742183,0,-1.005880594,0,1.637459993,0
46.83800125,-2.8910923,1,-4.96681881,1,-13.09068394,1,-0.533237398,1,-4.661364079,1,1.927715421,1,-0.079930872,0,-1.0232656,0,1.653839469,0
46.8420105,-2.936167479,1,-5.439159393,1,-13.70506191,1,-0.450489283,1,-5.02540493,1,2.094633818,1,-0.098220252,0,-1.041853189,0,1.672840595,0
46.84601212,-4.032120705,1,-6.432177544,1,-13.9158144,1,-0.405575752,1,-5.361907482,1,2.263249159,1,-0.119012818,0,-1.061567664,0,1.69483304,0
46.85001373,-5.436349869,1,-8.470884323,1,-14.20591927,1,-0.470171005,1,-5.664450169,1,2.450606823,1,-0.143146604,0,-1.08223331,0,1.72035861,0
46.85401535,-5.918606758,1,-10.96255016,1,-14.00709915,1,-0.653365731,1,-5.913619518,1,2.678518534,1,-0.171946213,0,-1.103488445,0,1.750291109,0
46.85801315,-7.287275791,1,-12.92638397,1,-14.783535,1,-0.898567677,1,-6.075940609,1,2.947036028,1,-0.206767023,0,-1.124965191,0,1.785629869,0
46.86201096,-8.534448624,1,-13.32159042,1,-14.83500004,1,-1.184292316,1,-6.198009014,1,3.205114126,1,-0.248559922,0,-1.146099806,0,1.827156663,0
46.86601257,-5.248842716,1,-11.5236311,1,-9.899493217,1,-1.38085866,1,-6.292303562,1,3.374753714,1,-0.298138112,0,-1.16640532,0,1.875243664,0
46.87001038,-5.110455513,1,-8.827386856,1,-16.2803688,1,-1.461582065,1,-6.909190655,1,3.782776833,1,-0.357292652,0,-1.187230825,0,1.933359385,0
46.87400818,-17.48129654,1,-9.934720993,1,-17.06172752,1,-1.477575302,1,-6.788485527,1,3.997820616,1,-0.426496625,0,-1.20662415,0,2.001417398,0
46.8780098,-17.95512009,1,-10.24132633,1,-16.66896629,1,-1.66527617,1,-6.450720787,1,4.133944511,1,-0.503856838,0,-1.222969294,0,2.07727313,0
46.8820076,-12.74183273,1,-9.225296974,1,-14.54891396,1,-1.796571136,1,-6.442672253,1,4.256142139,1,-0.588740885,0,-1.236226201,0,2.159953594,0
46.88600922,-12.45007229,1,-7.281358242,1,-14.97826385,1,-1.867279172,1,-6.481481075,1,4.38448,1,-0.681872964,0,-1.246818423,0,2.250612259,0
46.89000702,-16.33777809,1,-5.073107243,1,-16.19291306,1,-1.859284878,1,-6.382376671,1,4.396315575,1,-0.780752718,0,-1.254241347,0,2.346904278,0
46.89400482,-16.51621246,1,-6.956787586,1,-15.35746002,1,-1.85178411,1,-6.304565907,1,4.409905434,1,-0.88224864,0,-1.25832212,0,2.445834637,0
46.89800644,-19.52295494,1,-8.500231743,1,-15.2872448,1,-1.845418811,1,-6.175792217,1,4.358444214,1,-0.984348416,0,-1.259077668,0,2.545318127,0
46.90200806,-22.11034393,1,-8.206523895,1,-15.89412212,1,-1.780783772,1,-5.790539742,1,4.306390285,1,-1.082730174,0,-1.256483436,0,2.641086817,0
46.90600586,-19.92304993,1,-9.4497118,1,-13.64430809,1,-1.789888263,1,-5.517264366,1,4.291219234,1,-1.174236178,0,-1.250586033,0,2.729908466,0
46.91000366,-18.30247498,1,-11.14272976,1,-11.44889641,1,-1.962013125,1,-5.329297066,1,4.435618877,1,-1.260254622,0,-1.241795778,0,2.812817812,0
46.91400528,-17.51826477,1,-9.893429756,1,-11.77937984,1,-2.277186632,1,-5.089595795,1,4.437439442,1,-1.340127349,0,-1.230167985,0,2.888391495,0
46.91800308,-15.27406693,1,-8.909350395,1,-9.171377182,1,-2.532708645,1,-4.792136669,1,4.420705318,1,-1.412838459,0,-1.216647625,0,2.955497265,0
46.9220047,-10.42287445,1,-8.22621727,1,-8.265962601,1,-2.841193199,1,-4.452171803,1,4.337670803,1,-1.477888346,0,-1.201525688,0,3.013547659,0
46.9260025,-6.911716461,1,-6.646508217,1,-7.677476883,1,-3.10671258,1,-4.030337334,1,4.187417984,1,-1.53532815,0,-1.185618997,0,3.062513828,0
46.93000031,-9.273889542,1,-3.95403266,1,-8.207799911,1,-3.311677933,1,-3.795978785,1,4.041687965,1,-1.586238027,0,-1.169300079,0,3.103663683,0
46.93400192,-11.0154562,1,-1.300273299,1,-10.34307384,1,-3.142776966,1,-3.538995266,1,3.757013321,1,-1.631765008,0,-1.153102756,0,3.139124155,0
46.93800736,-11.6091671,1,0.084229119,1,-13.52460194,1,-2.635551214,1,-3.158836842,1,3.297260523,1,-1.670352221,0,-1.137955427,0,-3.114470243,0
46.94200134,-16.87814903,1,3.726816893,1,-14.28937531,1,-1.914279461,1,-2.790903568,1,2.876725912,1,-1.70172596,0,-1.124312043,0,-3.08990407,0
46.94599915,-25.57204819,1,6.921439648,1,-15.12373543,1,-0.96990478,1,-2.348649979,1,2.470538616,1,-1.750225425,0,-1.126837492,0,-3.076759815,0
46.95000458,-21.4480114,1,1.567686677,1,-17.1067028,1,-0.393128008,1,-1.474744678,1,2.170846939,1,-1.764885902,0,-1.116312385,0,-3.063381195,0
46.95399857,-10.90843868,1,-3.983248711,1,-15.27053642,1,0.001104256,1,-0.796538293,1,1.786555409,1,-1.771383643,0,-1.107653022,0,-3.057003021,0
46.958004,-5.83592701,1,-6.727134705,1,-12.20586967,1,0.34472397,1,-0.412439376,1,1.430213094,1,-1.772735834,0,-1.100912452,0,-3.054694653,0
46.96200943,-6.102182865,1,-7.89786911,1,-11.17443275,1,0.51153475,1,-0.143745229,1,1.233800769,1,-1.77103591,0,-1.09551096,0,-3.054603338,0
46.96601105,-7.404125214,1,-8.497821808,1,-11.44202137,1,0.44182092,1,0.149431482,1,1.119640231,1,-1.767298579,0,-1.090913892,0,-3.056613445,0
46.97001267,-6.383753777,1,-9.231178284,1,-10.86886597,1,0.237994,1,0.448051006,1,1.02914238,1,-1.762056708,0,-1.086926103,0,-3.060977221,0
46.97401428,-3.921823502,1,-9.432357788,1,-9.65178299,1,0.047698457,1,0.675657392,1,0.913552046,1,-1.755883932,0,-1.083526969,0,-3.067327261,0
46.97801209,-1.964003444,1,-9.049334526,1,-8.56373024,1,-0.089061499,1,0.8392663,1,0.783513486,1,-1.749199033,0,-1.080738187,0,-3.075013876,0
46.98200989,-0.714072466,1,-8.217298508,1,-7.875973701,1,-0.191444248,1,0.961929083,1,0.672328055,1,-1.742178798,0,-1.078501463,0,-3.08361721,0
46.98601151,0.032702837,1,-7.344637871,1,-7.504167557,1,-0.276628584,1,1.069238663,1,0.573645771,1,-1.734860182,0,-1.076726079,0,-3.092982531,0
46.99000931,0.631418049,1,-6.61787796,1,-7.202640057,1,-0.320825726,1,1.158881187,1,0.465710521,1,-1.727285266,0,-1.0753901,0,-3.102958918,0
46.99400711,1.073991776,1,-6.1498456,1,-6.94333601,1,-0.318417996,1,1.221939564,1,0.333772928,1,-1.719436884,0,-1.074531913,0,-3.113361835,0
46.99800873,1.551314831,1,-5.746796131,1,-6.539403439,1,-0.264263123,1,1.276775956,1,0.197859928,1,-1.711186409,0,-1.07419908,0,-3.124077559,0
47.00200653,1.934814572,1,-5.467379093,1,-6.306910038,1,-0.192306831,1,1.324564338,1,0.063712321,1,-1.702471137,0,-1.074380159,0,-3.135047674,0
47.00600815,2.164992571,1,-5.315995216,1,-6.040419102,1,-0.109291643,1,1.37553215,1,-0.053760342,1,-1.693189979,0,-1.075040102,0,3.136891127,0
47.01000977,2.21080327,1,-5.375088692,1,-5.897605419,1,-0.037079152,1,1.429773331,1,-0.176015109,1,-1.6832726,0,-1.076160431,0,3.125293493,0
47.01400757,2.135710001,1,-5.551715851,1,-5.742815018,1,0.028914116,1,1.489182711,1,-0.298787385,1,-1.672701001,0,-1.077723742,0,3.113269091,0
47.01800537,1.917773128,1,-5.81069994,1,-5.645616531,1,0.080926485,1,1.556426287,1,-0.422661096,1,-1.661422968,0,-1.079750776,0,3.100728035,0
47.02200699,1.643698931,1,-6.046935558,1,-5.592353821,1,0.100949995,1,1.640134454,1,-0.53914398,1,-1.649418831,0,-1.082215309,0,3.087538481,0
47.02600479,1.396170259,1,-6.267333031,1,-5.472409725,1,0.101481192,1,1.738479376,1,-0.656587124,1,-1.636623502,0,-1.085092664,0,3.073532343,0
47.03000259,1.183987617,1,-6.394551754,1,-5.449299812,1,0.088895328,1,1.846452832,1,-0.770748317,1,-1.622959852,0,-1.088371396,0,3.058527946,0
47.03400421,0.716217577,1,-6.467961788,1,-5.51174593,1,0.061037298,1,1.96922946,1,-0.884035468,1,-1.608340383,0,-1.092015028,0,3.042372704,0
47.03800201,-0.37022543,1,-6.122324467,1,-5.92408371,1,-0.002333676,1,2.197262049,1,-1.074884176,1,-1.592447639,0,-1.096140504,0,3.024580479,0
47.04200363,1.109173298,1,-5.673315048,1,-4.884523869,1,0.059814919,1,2.247561216,1,-1.163381577,1,-1.575034142,0,-1.100750923,0,3.005193949,0
47.04600143,0.172769979,1,-5.54679203,1,-5.348778725,1,0.074196272,1,2.309892178,1,-1.242581487,1,-1.556764841,0,-1.105515361,0,2.985023022,0
47.04999924,-1.234533548,1,-5.930021763,1,-5.90451622,1,0.057969909,1,2.505112171,1,-1.348505139,1,-1.536959767,0,-1.110444427,0,2.963197947,0
47.05400085,-1.149338961,1,-5.814709663,1,-5.872953892,1,0.040291429,1,2.679273367,1,-1.491143942,1,-1.515221,0,-1.115654469,0,2.939171553,0
47.05800247,-1.188945532,1,-5.351751328,1,-5.731282234,1,0.059309501,1,2.821289063,1,-1.62053287,1,-1.491566896,0,-1.121130943,0,2.913089514,0
47.06200028,-1.540705323,1,-5.034826279,1,-5.801272392,1,0.08510793,1,2.974248886,1,-1.741167426,1,-1.46591258,0,-1.126777172,0,2.884960175,0
47.06599808,-1.858919024,1,-4.870740891,1,-5.977101803,1,0.111087382,1,3.136785269,1,-1.855675101,1,-1.438017488,0,-1.132467508,0,2.854542255,0
47.0699997,-2.13707757,1,-4.64115572,1,-6.051985264,1,0.135064423,1,3.29492569,1,-1.966961741,1,-1.407760739,0,-1.138128281,0,2.821715355,0
47.0739975,-2.348731041,1,-4.434374332,1,-6.120631695,1,0.182663918,1,3.444963217,1,-2.077381611,1,-1.37502718,0,-1.143685222,0,2.786412001,0
47.0779953,-2.692937136,1,-4.23534441,1,-6.150087357,1,0.242283344,1,3.58578825,1,-2.193813324,1,-1.339767337,0,-1.149065733,0,2.748656034,0
47.08200455,-3.037776709,1,-4.108599663,1,-6.166080952,1,0.288412094,1,3.72047472,1,-2.293124914,1,-1.301930428,0,-1.154147387,0,2.708402872,0
47.08600617,-3.3678267,1,-4.006396294,1,-6.217228413,1,0.340515643,1,3.862794161,1,-2.387705803,1,-1.261530399,0,-1.158802867,0,2.665642023,0
47.09000778,-3.669496775,1,-4.035876751,1,-6.274526119,1,0.388089597,1,3.992878914,1,-2.482321978,1,-1.218588471,0,-1.16291225,0,2.620417833,0
47.0940094,-4.017323971,1,-4.001300335,1,-6.352441788,1,0.434379727,1,4.117166519,1,-2.568228245,1,-1.173247695,0,-1.166373491,0,2.572847128,0
47.0980072,-4.260132313,1,-4.021818638,1,-6.44751358,1,0.474109024,1,4.234134674,1,-2.653965473,1,-1.125650167,0,-1.169076204,0,2.523079157,0
47.10200501,-4.483057499,1,-3.929790497,1,-6.520154953,1,0.51184988,1,4.333596706,1,-2.735114813,1,-1.07608819,0,-1.170923948,0,2.4713943,0
47.10600662,-4.714346886,1,-3.832677126,1,-6.572362423,1,0.543060541,1,4.429049492,1,-2.808422089,1,-1.02487278,0,-1.171826601,0,2.418101311,0
47.11000443,-5.096405029,1,-3.717992067,1,-6.717333794,1,0.575468361,1,4.518761635,1,-2.873206615,1,-0.972359896,0,-1.171696782,0,2.363539696,0
47.11400223,-5.305024147,1,-3.653414488,1,-6.735799313,1,0.601870537,1,4.591016293,1,-2.944685459,1,-0.918925583,0,-1.170465946,0,2.308078527,0
47.11800385,-5.498530865,1,-3.647692442,1,-6.841128826,1,0.627994239,1,4.655745983,1,-3.000780821,1,-0.86497122,0,-1.168118,0,2.252135515,0
47.12200165,-5.814471245,1,-3.623227835,1,-6.982036591,1,0.65862906,1,4.719822884,1,-3.062411547,1,-0.810877383,0,-1.164590001,0,2.196098089,0
47.12600327,-6.154191017,1,-3.639760017,1,-7.083667278,1,0.682634234,1,4.774316311,1,-3.10980773,1,-0.757036805,0,-1.159860849,0,2.140347004,0
47.13000488,-6.423830032,1,-3.543985844,1,-7.151524067,1,0.704365611,1,4.837617397,1,-3.150161743,1,-0.703830123,0,-1.153884768,0,2.085260391,0
47.13400269,-6.643118858,1,-3.536935568,1,-7.193581104,1,0.727335334,1,4.892201424,1,-3.182768583,1,-0.65160054,0,-1.146674752,0,2.031182528,0
47.13800049,-6.921227455,1,-3.487317324,1,-7.270864487,1,0.755937099,1,4.941619873,1,-3.213374138,1,-0.600670874,0,-1.138234854,0,1.978465676,0
47.14200211,-7.229125023,1,-3.458883762,1,-7.365733147,1,0.787339151,1,4.987699986,1,-3.230111599,1,-0.551331758,0,-1.128590226,0,1.927408338,0
47.14599991,-7.517858982,1,-3.477176905,1,-7.499503136,1,0.81793201,1,5.049442768,1,-3.24651432,1,-0.50375098,0,-1.117759109,0,1.878189206,0
47.14999771,-7.709733009,1,-3.465901852,1,-7.607172012,1,0.85656482,1,5.099038124,1,-3.264197111,1,-0.45804137,0,-1.10578537,0,1.830939651,0
47.15399933,-7.924796581,1,-3.454689026,1,-7.806747437,1,0.888000607,1,5.145489216,1,-3.271725178,1,-0.414344251,0,-1.092731833,0,1.785811424,0
47.15799713,-8.036004066,1,-3.472963095,1,-7.945061207,1,0.928714156,1,5.190999031,1,-3.279984474,1,-0.372722685,0,-1.078665614,0,1.742860436,0
47.16199875,-8.130394936,1,-3.459148407,1,-8.095654488,1,0.971176565,1,5.222074509,1,-3.285301208,1,-0.333146125,0,-1.063655734,0,1.702108145,0
47.16600037,-8.244095802,1,-3.370898247,1,-8.294592857,1,1.026461005,1,5.250096798,1,-3.286317587,1,-0.295634568,0,-1.047798753,0,1.663595438,0
47.16999817,-8.466838837,1,-3.39065671,1,-8.442910194,1,1.088556528,1,5.270589828,1,-3.288072348,1,-0.260057479,0,-1.031169891,0,1.627226353,0
47.17399597,-8.523114204,1,-3.420146465,1,-8.674930573,1,1.153268099,1,5.288286209,1,-3.288617134,1,-0.226344049,0,-1.013838887,0,1.592967749,0
47.17799759,-8.738427162,1,-3.420693159,1,-8.931316376,1,1.233933687,1,5.291977882,1,-3.291270971,1,-0.194354519,0,-0.995892286,0,1.560729861,0
47.18199539,-8.979838371,1,-3.488609791,1,-9.103295326,1,1.31911695,1,5.291908741,1,-3.292759418,1,-0.163938433,0,-0.977412701,0,1.530394673,0
47.1859932,-9.043727875,1,-3.641318321,1,-9.291000366,1,1.407849193,1,5.277443886,1,-3.292325735,1,-0.134998009,0,-0.958461344,0,1.501874447,0
47.18999481,-9.360764503,1,-3.769775629,1,-9.61329937,1,1.489438653,1,5.264396667,1,-3.293032646,1,-0.107405216,0,-0.939125061,0,1.475060225,0
47.19399262,-9.703365326,1,-4.005613804,1,-9.839334488,1,1.576241851,1,5.250205994,1,-3.296906233,1,-0.07615371,0,-0.919529319,0,1.411037564,0
47.19799423,-10.139081,1,-4.258653164,1,-10.11910915,1,1.648114443,1,5.23289299,1,-3.302359104,1,-0.051067762,0,-0.899452031,0,1.387423873,0
47.20199966,-10.68297863,1,-4.616420269,1,-10.39346886,1,1.723682642,1,5.220570564,1,-3.330387115,1,-0.026978757,0,-0.879088819,0,1.365101218,0
47.20600128,-11.26057529,1,-4.926336288,1,-10.74575806,1,1.790463209,1,5.213202477,1,-3.362314224,1,-0.003750203,0,-0.85842526,0,1.343884706,0
47.2100029,-11.8614502,1,-5.315911293,1,-11.12558365,1,1.843116879,1,5.210962772,1,-3.41567874,1,0.018699177,0,-0.837475121,0,1.323634624,0
47.21400452,-12.59628868,1,-5.756175995,1,-11.55945683,1,1.886413813,1,5.210552216,1,-3.488026381,1,0.040475052,0,-0.816235662,0,1.304177761,0
47.21800232,-13.43285275,1,-6.20704031,1,-11.90102577,1,1.918901682,1,5.203552246,1,-3.58272934,1,0.061679523,0,-0.794712782,0,1.285328865,0
47.22200012,-14.36580563,1,-6.559960842,1,-12.32390499,1,1.931153178,1,5.202217102,1,-3.71308136,1,0.082383111,0,-0.772908866,0,1.266907811,0
47.22600174,-15.21423626,1,-6.617601395,1,-12.71180439,1,1.927907705,1,5.188288212,1,-3.875122786,1,0.102676108,0,-0.75081557,0,1.248695612,0
47.22999954,-15.89875221,1,-6.724721909,1,-13.052001,1,1.917391658,1,5.148026466,1,-4.071408749,1,0.122647166,0,-0.728484809,0,1.230479479,0
47.23399735,-16.6752224,1,-7.077578545,1,-13.31712627,1,1.88774848,1,5.094851017,1,-4.291212559,1,0.14234592,0,-0.705962062,0,1.212087512,0
47.23799896,-17.61206818,1,-7.278134823,1,-13.67158318,1,1.835702538,1,5.01318121,1,-4.533193588,1,0.161776349,0,-0.683290422,0,1.193377733,0
47.24199677,-18.62889481,1,-7.19088316,1,-13.91267395,1,1.768758178,1,4.897105694,1,-4.786773205,1,0.180915147,0,-0.660563171,0,1.17422533,0
47.24599838,-19.90019226,1,-6.301278591,1,-14.28009701,1,1.680936933,1,4.752071381,1,-5.065638065,1,0.199729234,0,-0.63787055,0,1.154517889,0
47.24999619,-21.50687408,1,-4.592345238,1,-14.67853832,1,1.616941571,1,4.580269337,1,-5.342730045,1,0.21826233,0,-0.615288436,0,1.134151459,0
47.25399399,-23.26073837,1,-2.648384333,1,-14.63202477,1,1.623426914,1,4.405445576,1,-5.592116833,1,0.236627877,0,-0.592847764,0,1.113183737,0
47.25799561,-25.40042305,1,-1.239592671,1,-13.96824169,1,1.708214998,1,4.264033318,1,-5.791818619,1,0.255035043,0,-0.570492744,0,1.09179163,0
47.26199722,-27.70431328,1,-0.192689642,1,-12.77900982,1,1.842452645,1,4.177382946,1,-5.948842525,1,0.273564339,0,-0.548072517,0,1.070241809,0
47.26599503,-30.12779427,1,-0.661426604,1,-11.00336266,1,1.949844599,1,4.139100075,1,-6.067939281,1,0.292142689,0,-0.525400221,0,1.048766613,0
47.26999283,-31.77859116,1,-1.561954975,1,-9.105173111,1,1.967089772,1,4.108971596,1,-6.128128529,1,0.310391903,0,-0.502401054,0,1.027624369,0
47.27399445,-32.38718414,1,-1.703267097,1,-7.24767065,1,1.917130113,1,4.025924206,1,-6.096846581,1,0.327872306,0,-0.479269356,0,1.00707078,0
47.27799225,-32.5593338,1,-1.535791159,1,-5.167806625,1,1.803586483,1,3.893047333,1,-5.987006187,1,0.344219565,0,-0.45630905,0,0.987335205,0
47.28199005,-32.04825211,1,-0.375756055,1,-2.919883728,1,1.709165215,1,3.699157953,1,-5.813562393,1,0.359323025,0,-0.433899224,0,0.968574941,0
47.28599167,-30.67405128,1,2.005725622,1,-0.875237703,1,1.675112844,1,3.417116404,1,-5.575639248,1,0.373349667,0,-0.412424326,0,0.950831652,0
47.28998947,-28.61834526,1,5.405345917,1,0.91872257,1,1.757111907,1,3.047618389,1,-5.298590183,1,0.386744499,0,-0.392326653,0,0.934089363,0
47.29399109,-26.37302017,1,9.183315277,1,2.459574699,1,1.975359917,1,2.594495296,1,-4.97275877,1,0.400086999,0,-0.374018013,0,0.918298483,0
47.29799652,-24.68867874,1,12.35032368,1,3.572413445,1,2.330038071,1,2.12095046,1,-4.622514725,1,0.41399616,0,-0.357752562,0,0.90341866,0
47.30199432,-24.28216362,1,14.59087467,1,4.367313385,1,2.753601313,1,1.658225179,1,-4.270982742,1,0.428939998,0,-0.343595773,0,0.889424086,0
47.30598831,-25.47974777,1,16.06631279,1,4.655175686,1,3.205910444,1,1.216222167,1,-3.913690805,1,0.445206523,0,-0.331469297,0,0.876288354,0
47.30999374,-26.9655838,1,16.33716583,1,4.890249252,1,3.600325108,1,0.830692828,1,-3.566970348,1,0.462779522,0,-0.321228087,0,0.86399132,0
47.31398773,-28.10514832,1,16.46411133,1,5.069502831,1,3.89189291,1,0.474735737,1,-3.217898846,1,0.481362283,0,-0.312731981,0,0.852523327,0
47.31798554,-29.4967041,1,15.73446655,1,5.164012432,1,4.009958267,1,0.162971109,1,-2.894122601,1,0.500470221,0,-0.305864751,0,0.841819763,0
47.3219986,-30.86342812,1,13.22382069,1,5.237256527,1,3.907763958,1,-0.064548783,1,-2.574319839,1,0.51933682,0,-0.300366759,0,0.831906915,0
47.32600021,-31.6697979,1,10.25920773,1,5.256223202,1,3.551106453,1,-0.251385212,1,-2.253569365,1,0.536994576,0,-0.296065778,0,0.822828412,0
47.33000183,-31.5308857,1,7.00507164,1,5.039264202,1,2.928321123,1,-0.41081363,1,-1.909477353,1,0.552370608,0,-0.292875886,0,0.814662814,0
47.33399963,-29.91276932,1,3.300261021,1,3.716479301,1,2.066983223,1,-0.577263236,1,-1.505224347,1,0.564498961,0,-0.29090178,0,0.807500362,0
47.33799744,-9.872559547,1,-13.07514191,1,1.545916677,1,-0.049414363,1,-1.254054189,1,-0.779944718,1,0.570593417,0,-0.291287065,0,0.801442266,0
47.34199905,-40.24481964,1,-4.420963287,1,7.89111805,1,-1.864351869,1,-2.501204491,1,0.272432327,1,0.568020344,0,-0.297192872,0,0.796271265,0
47.34600067,-33.24766541,1,4.141391277,1,12.74505138,1,-2.976695776,1,-2.84860301,1,1.001329422,1,0.559304416,0,-0.307720959,0,0.792500496,0
47.34999847,-4.777611732,1,12.04682064,1,12.60094643,1,-2.80693984,1,-3.120589733,1,1.646104693,1,0.547974467,0,-0.320698917,0,0.790667892,0
47.35399628,13.77044773,1,11.25161457,1,3.675786495,1,-2.746487617,1,-3.563180923,1,2.176873684,1,0.537276268,0,-0.335987806,0,0.790366292,0
47.35799789,-8.150212288,1,9.44832325,1,-11.6950922,1,-3.085053205,1,-4.134890079,1,2.60598135,1,0.525319993,0,-0.354249001,0,0.790863633,0
47.3619957,-6.057381153,1,8.498378754,1,-26.48389435,1,-2.533260822,1,-3.821518183,1,2.522778273,1,0.513414979,0,-0.373337954,0,0.791856647,0
47.3659935,-0.0960529,1,-3.882124424,1,-33.65659714,1,-2.240990877,1,-3.394038677,1,2.552327394,1,0.503340602,0,-0.390902847,0,0.793904305,0
47.36999512,-4.113454819,1,-11.27092648,1,-27.87634468,1,-2.209294558,1,-2.907751322,1,2.492432594,1,0.493194431,0,-0.406810552,0,0.796957493,0
47.37399292,1.797258139,1,-8.722775459,1,-21.82779121,1,-2.052810431,1,-2.599990606,1,2.432638407,1,0.483017534,0,-0.421022475,0,0.800884068,0
47.37799454,-0.669686735,1,-0.928922653,1,-15.91752625,1,-1.700597525,1,-2.98666811,1,2.596995592,1,0.473998427,0,-0.43539685,0,0.805186808,0
47.38199616,-4.434185505,1,2.964948893,1,-12.09864712,1,-1.722436547,1,-3.398289442,1,2.615965843,1,0.465380907,0,-0.451564431,0,0.809054673,0
47.38599396,2.611941814,1,5.407328129,1,-10.47981167,1,-1.514183164,1,-3.980849028,1,2.632610798,1,0.45752871,0,-0.469382346,0,0.812246203,0
47.38999176,-0.167520761,1,4.641029358,1,-9.616893768,1,-1.335638762,1,-4.691867828,1,2.708142996,1,0.450798839,0,-0.489700079,0,0.814504385,0
47.39399338,-7.925650597,1,1.948560119,1,-12.43038177,1,-1.116316557,1,-5.101891994,1,2.462877989,1,0.445449233,0,-0.511936784,0,0.815476656,0
47.39799118,-13.37563896,1,2.102876186,1,-15.27697468,1,-0.900074661,1,-5.120460033,1,2.150704861,1,0.441715628,0,-0.534475505,0,0.81487453,0
47.40198898,-17.46478081,1,-0.731948853,1,-17.50074577,1,-0.812746048,1,-4.817563057,1,1.905259967,1,0.439105362,0,-0.555936992,0,0.813494861,0
47.4059906,-21.02501488,1,-1.327562213,1,-17.32677078,1,-0.758592784,1,-4.364137173,1,1.819988132,1,0.436642796,0,-0.575751126,0,0.812216103,0
47.4099884,-27.50653076,1,-2.354767561,1,-16.63103104,1,-0.772423923,1,-3.931591272,1,1.878710747,1,0.433815241,0,-0.593908429,0,0.811811447,0
47.41398621,-29.06550789,1,-1.696351051,1,-14.31727409,1,-0.713914812,1,-3.129187107,1,1.859541059,1,0.430189937,0,-0.609970272,0,0.812890112,0
47.41798782,-24.87573433,1,-0.305844724,1,-10.7104063,1,-0.575438023,1,-2.371749401,1,1.80291307,1,0.426101506,0,-0.623009682,0,0.815508068,0
47.42198563,-18.51721191,1,0.67824775,1,-8.715875626,1,-0.450174749,1,-1.878037572,1,1.686565042,1,0.421958804,0,-0.633525372,0,0.819068193,0
47.42598724,-11.44156742,1,-2.456572771,1,-7.159733772,1,-0.506079614,1,-1.597403884,1,1.559869289,1,0.41778636,0,-0.642467558,0,0.822935045,0
47.42998886,-5.885478497,1,-2.005986929,1,-7.000632286,1,-0.691929281,1,-1.467889547,1,1.554847598,1,0.412962914,0,-0.65051651,0,0.826993227,0
47.43398666,-9.238800049,1,-2.951574326,1,-7.606964588,1,-0.775052726,1,-1.461066484,1,1.470499039,1,0.40745455,0,-0.658365428,0,0.831116915,0
47.43798447,-8.524104118,1,-5.76503849,1,-8.653360367,1,-0.788394213,1,-1.32005477,1,1.287507176,1,0.402179539,0,-0.665673375,0,0.834691167,0
47.44198608,-12.10684872,1,-6.965353489,1,-9.868081093,1,-0.869415283,1,-1.024252415,1,1.084587216,1,0.396756291,0,-0.671887159,0,0.837980747,0
47.4459877,-13.04189777,1,-6.246715546,1,-9.331264496,1,-0.900140464,1,-0.666520715,1,0.899422109,1,0.403419226,0,-0.676765203,0,0.79836756,0
47.44998932,-12.5440836,1,-3.762208939,1,-8.614150047,1,-0.897139668,1,-0.388289928,1,0.76319617,1,0.397981048,0,-0.679962158,0,0.80124402,0
47.45399094,-10.89196205,1,-2.294804096,1,-9.404878616,1,-0.891508996,1,-0.164401948,1,0.68563813,1,0.392591238,0,-0.682098866,0,0.804148555,0
47.45798874,-8.019777298,1,-1.518822432,1,-10.16632843,1,-0.835499108,1,-0.047983807,1,0.622469246,1,0.387263894,0,-0.683450043,0,0.807084322,0
47.46198654,-6.945993423,1,-1.34862566,1,-10.91543865,1,-0.749429226,1,-0.006646821,1,0.538671792,1,0.382391483,0,-0.68441993,0,0.80978626,0
47.46598816,-6.495089054,1,-1.796781182,1,-10.31040287,1,-0.67513895,1,0.030767502,1,0.494215488,1,0.377977431,0,-0.685129344,0,0.812278688,0
47.46998596,-6.040890694,1,-2.682818413,1,-9.630599976,1,-0.616580665,1,0.034296855,1,0.475202739,1,0.373876691,0,-0.68571198,0,0.814684033,0
47.47398377,-7.58258152,1,-4.116001129,1,-9.204402924,1,-0.58805877,1,0.044843934,1,0.431180716,1,0.370028496,0,-0.686226606,0,0.816952705,0
47.47798538,-6.317877769,1,-4.542022228,1,-9.043195724,1,-0.563720465,1,0.051860932,1,0.398074836,1,0.366413593,0,-0.686621606,0,0.819028616,0
47.48198319,-4.670046329,1,-3.440476418,1,-8.378241539,1,-0.566661775,1,0.01820671,1,0.421992123,1,0.362857252,0,-0.687069416,0,0.821075201,0
47.4859848,-4.946697712,1,-3.690334558,1,-9.080653191,1,-0.580130994,1,0.029130442,1,0.445976436,1,0.359217346,0,-0.68759954,0,0.823210478,0
47.48998642,-4.91818428,1,-3.437508821,1,-8.871980667,1,-0.564791679,1,0.036973849,1,0.46001783,1,0.355470747,0,-0.688105226,0,0.825474739,0
47.49398422,-4.173104286,1,-3.449367046,1,-8.219806671,1,-0.578255713,1,0.026631264,1,0.469052672,1,0.351721078,0,-0.688630581,0,0.827788889,0
47.49798203,-4.768148422,1,-3.832557201,1,-8.463053703,1,-0.578340709,1,0.028498637,1,0.480332643,1,0.347910553,0,-0.689191699,0,0.830155015,0
47.50198364,-4.899199486,1,-3.733941555,1,-8.455893517,1,-0.582769156,1,0.038472749,1,0.478283167,1,0.344059795,0,-0.689705849,0,0.832547903,0
47.50598145,-4.439102173,1,-3.149736881,1,-8.453554153,1,-0.583158791,1,0.030888043,1,0.47305882,1,0.340194643,0,-0.690202951,0,0.834935308,0
47.50997925,-4.716383457,1,-2.348445892,1,-8.713703156,1,-0.557979345,1,0.014185083,1,0.45960921,1,0.336427987,0,-0.690729618,0,0.837255836,0
47.51398087,-5.064109802,1,-1.487116456,1,-8.931033134,1,-0.523719251,1,0.008957535,1,0.421680152,1,0.332868695,0,-0.691267312,0,0.839444339,0
47.51797867,-4.965655327,1,-1.098941207,1,-9.073060036,1,-0.474084914,1,0.005394831,1,0.396970868,1,0.329574943,0,-0.69177711,0,0.841486871,0
47.52198029,-4.661962986,1,-1.437628746,1,-9.132453918,1,-0.430977583,1,-0.004666521,1,0.372612506,1,0.326565921,0,-0.692270517,0,0.843368411,0
47.5259819,-4.122152328,1,-2.272976398,1,-9.210183144,1,-0.397425622,1,-0.0309444,1,0.356372565,1,0.323801786,0,-0.692788243,0,0.845124722,0
47.52997971,-4.084076405,1,-3.067765951,1,-8.947902679,1,-0.382276118,1,-0.07250908,1,0.359537512,1,0.321189731,0,-0.693441749,0,0.846793771,0
47.53397751,-4.50212574,1,-3.2643435,1,-8.737634659,1,-0.378172666,1,-0.095517889,1,0.360536158,1,0.318624794,0,-0.694215298,0,0.848427415,0
47.53797913,-4.730297089,1,-3.146576643,1,-8.553391457,1,-0.374330848,1,-0.11616756,1,0.371710062,1,0.316058338,0,-0.695067465,0,0.850077868,0
47.54197693,-4.933442116,1,-2.848434448,1,-8.554802895,1,-0.368831724,1,-0.114605017,1,0.367504984,1,0.313511163,0,-0.695957482,0,0.851726949,0
47.54597473,-4.673106194,1,-2.667893887,1,-8.575957298,1,-0.372933596,1,-0.116781667,1,0.348666161,1,0.310999006,0,-0.69684124,0,0.853320599,0
47.54997635,-4.477715969,1,-2.699435234,1,-8.588097572,1,-0.372918278,1,-0.127996042,1,0.334101111,1,0.30854407,0,-0.697723687,0,0.854829729,0
47.55397415,-4.424189568,1,-2.574012041,1,-8.646849632,1,-0.368643969,1,-0.140801728,1,0.314061582,1,0.306161076,0,-0.698627293,0,0.856226027,0
47.55797577,-4.548003674,1,-2.254763603,1,-8.642414093,1,-0.36142087,1,-0.154465422,1,0.291453451,1,0.303887486,0,-0.699554563,0,0.857485533,0
47.56197739,-5.050709724,1,-1.700209975,1,-8.721073151,1,-0.349146366,1,-0.160524383,1,0.260491639,1,0.301732421,0,-0.700487435,0,0.858618557,0
47.565979,-4.93273735,1,-1.50712049,1,-8.629010201,1,-0.329353482,1,-0.15835835,1,0.230549037,1,0.299729347,0,-0.701384544,0,0.859612703,0
47.56998062,-4.992836952,1,-1.516617537,1,-8.679812431,1,-0.309609145,1,-0.158651605,1,0.198658556,1,0.297907323,0,-0.70224297,0,0.860446453,0
47.57398224,-4.820853233,1,-1.675196171,1,-8.635811806,1,-0.296739846,1,-0.154232711,1,0.169638932,1,0.296255618,0,-0.703056157,0,0.861124098,0
47.57797623,-4.752010345,1,-1.888137221,1,-8.580258369,1,-0.289015949,1,-0.161614463,1,0.14714551,1,0.294721276,0,-0.703843832,0,0.86168772,0
47.58197784,-4.781013489,1,-1.941631675,1,-8.437450409,1,-0.277889848,1,-0.156710342,1,0.127793029,1,0.293300092,0,-0.704614878,0,0.862142801,0
47.58597946,-4.85331583,1,-1.759761095,1,-8.426802635,1,-0.260417968,1,-0.152812541,1,0.109165959,1,0.291975856,0,-0.705355525,0,0.862513661,0
47.58997726,-4.816161633,1,-1.544986486,1,-8.501397133,1,-0.233124137,1,-0.15403837,1,0.092466488,1,0.29081434,0,-0.706063151,0,0.862789392,0
47.59397507,-4.701467037,1,-1.336252689,1,-8.524023056,1,-0.211873814,1,-0.154665217,1,0.073487058,1,0.289803356,0,-0.706748009,0,0.8629691,0
47.59797669,-4.665655613,1,-1.376875401,1,-8.523745537,1,-0.176741183,1,-0.154379725,1,0.054320853,1,0.288977027,0,-0.707409978,0,0.863056183,0
47.60197449,-4.542367935,1,-1.623215675,1,-8.431990623,1,-0.156599179,1,-0.154602945,1,0.038512018,1,0.28830725,0,-0.708054721,0,0.863055587,0
47.60597611,-4.65454483,1,-1.813395858,1,-8.415266991,1,-0.136361137,1,-0.151146203,1,0.021400247,1,0.287777007,0,-0.708677649,0,0.862968028,0
47.60997772,-4.56221962,1,-2.139161348,1,-8.352149963,1,-0.130943045,1,-0.151629314,1,0.024387814,1,0.287313163,0,-0.709278584,0,0.862848878,0
47.61397553,-4.450562954,1,-2.449346304,1,-8.203947067,1,-0.129955009,1,-0.146826938,1,0.035781901,1,0.286839426,0,-0.709882796,0,0.862783015,0
47.61797333,-4.466347694,1,-2.804213047,1,-8.134046555,1,-0.130284443,1,-0.135849208,1,0.051608879,1,0.286309421,0,-0.710486472,0,0.862786651,0
47.62197495,-4.468124866,1,-3.181566715,1,-8.123844147,1,-0.147413805,1,-0.134618297,1,0.069299161,1,0.285696566,0,-0.711073995,0,0.862888098,0
47.62597275,-4.367345333,1,-3.443063259,1,-8.043153763,1,-0.167872503,1,-0.127815336,1,0.096044615,1,0.284923732,0,-0.711672246,0,0.863122523,0
47.62997437,-4.518782139,1,-3.288141966,1,-8.055090904,1,-0.189715773,1,-0.122153923,1,0.119206339,1,0.28396064,0,-0.712280631,0,0.863485932,0
47.63397217,-4.522420406,1,-2.931100607,1,-8.046958923,1,-0.197243512,1,-0.112001739,1,0.140257582,1,0.282861024,0,-0.712875605,0,0.863973856,0
47.63796997,-4.650337219,1,-2.526887178,1,-8.1495924,1,-0.200306728,1,-0.100299992,1,0.148006156,1,0.281689286,0,-0.713433266,0,0.864555597,0
47.64197159,-4.622731686,1,-2.146821499,1,-8.224830627,1,-0.196141362,1,-0.089878038,1,0.145480797,1,0.280495167,0,-0.713957429,0,0.865166903,0
47.64597321,-4.681446552,1,-1.773046255,1,-8.283190727,1,-0.181694403,1,-0.087615632,1,0.144595817,1,0.279331446,0,-0.71447587,0,0.865784526,0
47.64997101,-4.647756577,1,-1.54903996,1,-8.367847443,1,-0.166743979,1,-0.085842676,1,0.141824096,1,0.278240204,0,-0.714966476,0,0.866383553,0
47.65396881,-4.580243587,1,-1.322332978,1,-8.44195652,1,-0.147517905,1,-0.085394703,1,0.125839591,1,0.277237833,0,-0.715447545,0,0.866941452,0
47.65797043,-4.610395908,1,-1.267471433,1,-8.46783638,1,-0.123270102,1,-0.0852575,1,0.116191581,1,0.276358575,0,-0.71590513,0,0.867444992,0
47.66196823,-4.549900055,1,-1.284980655,1,-8.483592987,1,-0.098713584,1,-0.087433666,1,0.107748203,1,0.275625885,0,-0.716360688,0,0.867890716,0
47.66596603,-4.490133286,1,-1.318618417,1,-8.522996902,1,-0.072857745,1,-0.090649009,1,0.09894684,1,0.275018692,0,-0.716816783,0,0.868292153,0
47.66996765,-4.463016033,1,-1.567785382,1,-8.492978096,1,-0.053242162,1,-0.097949214,1,0.089560002,1,0.274540573,0,-0.717282236,0,0.868643463,0
47.67396545,-4.564762592,1,-1.863486528,1,-8.470041275,1,-0.043319657,1,-0.102313139,1,0.08373104,1,0.274150193,0,-0.717764139,0,0.868942797,0
47.67796707,-4.627028942,1,-2.033133507,1,-8.346038818,1,-0.034320503,1,-0.102119409,1,0.078730725,1,0.273827195,0,-0.718255639,0,0.869207621,0
47.68196869,-4.66959095,1,-2.231686115,1,-8.223327637,1,-0.034410425,1,-0.105658844,1,0.082674012,1,0.273522258,0,-0.718741953,0,0.869466305,0
47.68597031,-4.689669132,1,-2.328541279,1,-8.170796394,1,-0.034036562,1,-0.096400522,1,0.083098494,1,0.273193568,0,-0.71921587,0,0.869751751,0
47.68997192,-4.701552868,1,-2.372639894,1,-8.168786049,1,-0.042267047,1,-0.085823268,1,0.08605133,1,0.272835404,0,-0.719659567,0,0.870058179,0
47.69397736,-4.726662636,1,-2.350325823,1,-8.183508873,1,-0.042809296,1,-0.07947576,1,0.094101511,1,0.255284488,0,-0.655242562,0,0.906395912,0
47.69797134,-4.744093418,1,-2.23533082,1,-8.208684921,1,-0.044045087,1,-0.065856062,1,0.103733949,1,0.2548621,0,-0.65561986,0,0.906789184,0
47.70196915,-4.669399738,1,-2.12473464,1,-8.256755829,1,-0.047406793,1,-0.06711401,1,0.105331898,1,0.254415393,0,-0.655984521,0,0.907209933,0
47.70597458,-4.766839027,1,-2.13369751,1,-8.232398033,1,-0.048210066,1,-0.063354276,1,0.106177464,1,0.253955364,0,-0.656340778,0,0.907658696,0
47.70996857,-4.649657726,1,-2.166402817,1,-8.266168594,1,-0.048023771,1,-0.059561014,1,0.112370998,1,0.253494471,0,-0.656688452,0,0.908115923,0
47.71396637,-4.599928379,1,-2.206808329,1,-8.321847916,1,-0.051117629,1,-0.063335456,1,0.119185895,1,0.25299713,0,-0.657045484,0,0.908606291,0
47.7179718,-4.644140244,1,-2.209727049,1,-8.320668221,1,-0.042901058,1,-0.057941869,1,0.116061293,1,0.252500057,0,-0.657396913,0,0.90911448,0
47.72196579,-4.617388248,1,-2.200365543,1,-8.419874191,1,-0.04943528,1,-0.062222764,1,0.125032976,1,0.251994669,0,-0.657754302,0,0.909636199,0
47.72597122,-4.662315369,1,-2.211457729,1,-8.345486641,1,-0.045810718,1,-0.063847803,1,0.134327188,1,0.251463413,0,-0.658125281,0,0.910186529,0
47.72997284,-4.608298779,1,-2.134168386,1,-8.365244865,1,-0.046127297,1,-0.061747879,1,0.143013746,1,0.250915021,0,-0.65850234,0,0.910780191,0
47.73397064,-4.483169556,1,-2.144901752,1,-8.446280479,1,-0.038427662,1,-0.070940025,1,0.144792601,1,0.250374615,0,-0.658899426,0,0.911387563,0
47.73796845,-4.504292488,1,-2.122493267,1,-8.483688354,1,-0.036400761,1,-0.090160154,1,0.148562342,1,0.249834985,0,-0.659352064,0,0.912011683,0
47.74197006,-4.493756294,1,-2.16061902,1,-8.468252182,1,-0.036839735,1,-0.093794584,1,0.163748756,1,0.249279961,0,-0.659864545,0,0.912666678,0
47.74596787,-4.472848415,1,-2.153798819,1,-8.511194229,1,-0.031365886,1,-0.108472109,1,0.16745314,1,0.248718917,0,-0.660412073,0,0.913357973,0
47.74996567,-4.421654701,1,-2.155152082,1,-8.584154129,1,-0.025682477,1,-0.121649966,1,0.178000718,1,0.248180464,0,-0.661023438,0,0.914055228,0
47.75396729,-4.437546253,1,-2.158234119,1,-8.607540131,1,-0.025505923,1,-0.138783589,1,0.187301517,1,0.247639224,0,-0.661705613,0,0.914786279,0
47.75796509,-4.723446846,1,-2.066225529,1,-8.552452087,1,-0.015675692,1,-0.148109183,1,0.192813486,1,0.247095838,0,-0.662444472,0,0.91554147,0
47.76196671,-4.604110718,1,-2.025341272,1,-8.475090027,1,-0.010308346,1,-0.159004405,1,0.203554004,1,0.246561244,0,-0.663223743,0,0.916324079,0
47.76596832,-4.616423607,1,-2.062463284,1,-8.49378109,1,0.000981243,1,-0.171816424,1,0.213258997,1,0.246042967,0,-0.664071739,0,0.91714555,0
47.76996613,-4.520976067,1,-2.164537907,1,-8.590018272,1,0.00934966,1,-0.17878738,1,0.221733123,1,0.245536596,0,-0.664963484,0,0.917998135,0
47.77396393,-4.441792488,1,-2.34149909,1,-8.594103813,1,0.012651201,1,-0.197952732,1,0.243361369,1,0.245010689,0,-0.665922165,0,0.918919802,0
47.77796555,-4.480994701,1,-2.644958019,1,-8.550614357,1,0.004565382,1,-0.209788665,1,0.26072225,1,0.244447812,0,-0.666958094,0,0.919902563,0
47.78196335,-4.452011108,1,-2.809119225,1,-8.640666008,1,-0.009844976,1,-0.229266688,1,0.284435689,1,0.243773863,0,-0.66806525,0,0.920973897,0
47.78596115,-4.558433056,1,-2.766357899,1,-8.558792114,1,-0.031638268,1,-0.254351318,1,0.305109292,1,0.242976427,0,-0.669281125,0,0.922137558,0
47.78996277,-4.524475574,1,-2.532418966,1,-8.562884331,1,-0.036536131,1,-0.269591421,1,0.326359838,1,0.242079973,0,-0.670601249,0,0.923372984,0
47.79396057,-4.500374317,1,-2.580098629,1,-8.596619606,1,-0.034905903,1,-0.282023787,1,0.347100943,1,0.24112381,0,-0.671989322,0,0.924695313,0
47.79796219,-4.458158016,1,-2.71688509,1,-8.58771801,1,-0.045468062,1,-0.296539813,1,0.361371815,1,0.240077257,0,-0.673460484,0,0.926105142,0
47.80196381,-4.463795662,1,-3.072498798,1,-8.607444763,1,-0.077438317,1,-0.312547743,1,0.38360545,1,0.238911986,0,-0.675006151,0,0.927588046,0
47.80596542,-4.429926395,1,-2.943889141,1,-8.517916679,1,-0.110902652,1,-0.334606409,1,0.400555462,1,0.237558067,0,-0.676644802,0,0.92914629,0
47.80996704,-4.568518162,1,-2.778226852,1,-8.58697319,1,-0.122396179,1,-0.351889133,1,0.412984103,1,0.236080378,0,-0.678364336,0,0.930773735,0
47.81396866,-4.475316048,1,-2.733696938,1,-8.609008789,1,-0.146850824,1,-0.364105999,1,0.426177442,1,0.234491974,0,-0.680148602,0,0.932443976,0
47.81796646,-4.478461266,1,-2.519894838,1,-8.76591301,1,-0.173859611,1,-0.387321889,1,0.432183653,1,0.232777834,0,-0.682007372,0,0.934140146,0
47.82196426,-4.391766548,1,-2.456794977,1,-8.918327332,1,-0.17943567,1,-0.412041217,1,0.44040978,1,0.231000021,0,-0.683966041,0,0.935857832,0
47.82596588,-4.24373436,1,-2.723156214,1,-9.09564209,1,-0.219584286,1,-0.446544886,1,0.446952969,1,0.229114234,0,-0.686038375,0,0.937577724,0
47.82996368,-4.130660534,1,-2.835563421,1,-9.120640755,1,-0.240813643,1,-0.483380556,1,0.463217765,1,0.227090299,0,-0.688257933,0,0.939317763,0
47.83396149,-4.197765827,1,-2.968845844,1,-9.249499321,1,-0.251915962,1,-0.516336501,1,0.487066388,1,0.224948034,0,-0.690622091,0,0.941130698,0
47.8379631,-4.184378147,1,-2.991935253,1,-9.467420578,1,-0.279314518,1,-0.568150342,1,0.509430408,1,0.222667977,0,-0.693181515,0,0.943044364,0
47.84196091,-4.109406948,1,-3.028292894,1,-9.627185822,1,-0.308874369,1,-0.624256074,1,0.535303533,1,0.22024253,0,-0.69596976,0,0.945020318,0
47.84596252,-4.189669609,1,-2.784444332,1,-9.788396835,1,-0.346432179,1,-0.696040332,1,0.55905962,1,0.217614025,0,-0.699022353,0,0.94707495,0
47.84996414,-4.202232361,1,-2.282694578,1,-9.874397278,1,-0.350174189,1,-0.772512257,1,0.580264568,1,0.214848831,0,-0.7023682,0,0.94917661,0
47.85395813,-4.204227924,1,-2.39607358,1,-9.93300724,1,-0.363971353,1,-0.851080596,1,0.597046494,1,0.212056085,0,-0.706042767,0,0.951300025,0
47.85795975,-4.412859917,1,-2.472557545,1,-10.09573936,1,-0.388593644,1,-0.924939573,1,0.625979602,1,0.209148824,0,-0.710020423,0,0.953470111,0
47.86196137,-4.581923008,1,-2.706828833,1,-10.0057621,1,-0.423231274,1,-1.014699578,1,0.64546597,1,0.206070408,0,-0.71434927,0,0.955699861,0
47.86595917,-4.428233624,1,-2.600104809,1,-10.14314842,1,-0.463234067,1,-1.111306548,1,0.664195299,1,0.202804923,0,-0.71903789,0,0.95796293,0
47.86995697,-4.638103485,1,-2.580708742,1,-10.45852566,1,-0.492022038,1,-1.205854058,1,0.693980813,1,0.199382976,0,-0.724126935,0,0.960276902,0
47.87395859,-4.557195187,1,-2.513762951,1,-10.81387806,1,-0.545290172,1,-1.308112621,1,0.711667597,1,0.195715144,0,-0.729604244,0,0.962648988,0
47.87795639,-3.731886387,1,-2.366975307,1,-10.64238739,1,-0.574157834,1,-1.436983705,1,0.734125555,1,0.191876546,0,-0.735536456,0,0.965043426,0
47.88195419,-4.179832458,1,-2.125476599,1,-10.93897724,1,-0.592298031,1,-1.553671002,1,0.757466614,1,0.18790856,0,-0.741972685,0,0.967463732,0
47.88595581,-3.941929817,1,-2.39141655,1,-10.89923477,1,-0.611310005,1,-1.665635228,1,0.784054637,1,0.183792502,0,-0.748868048,0,0.969972193,0
47.88995361,-3.948466778,1,-2.715893984,1,-11.16518879,1,-0.645598829,1,-1.794278741,1,0.812748551,1,0.179500625,0,-0.756247282,0,0.972568572,0
47.89395523,-4.329342365,1,-3.288106918,1,-11.53629684,1,-0.71979177,1,-1.912614226,1,0.846629679,1,0.174917266,0,-0.764131248,0,0.975260496,0
47.89795685,-4.554821014,1,-3.400506258,1,-11.56274891,1,-0.804330409,1,-2.058212996,1,0.89584446,1,0.169848934,0,-0.772541344,0,0.978161931,0
47.90195465,-3.543125868,1,-2.989565134,1,-11.70964718,1,-0.834978461,1,-2.214259863,1,0.934245527,1,0.16441977,0,-0.78156352,0,0.98120892,0
47.90595245,-3.890036583,1,-2.568459988,1,-12.12544632,1,-0.814740956,1,-2.384026766,1,1.000296831,1,0.158781528,0,-0.791276217,0,0.984500349,0
47.90995407,-3.403334141,1,-3.437575817,1,-11.84860229,1,-0.829921484,1,-2.559987783,1,1.090368986,1,0.152836978,0,-0.801676393,0,0.988226831,0
47.91395187,-3.458680868,1,-4.259151459,1,-11.91848755,1,-0.862029016,1,-2.762302637,1,1.180718541,1,0.146425664,0,-0.812889278,0,0.99242425,0
47.91795349,-3.644781113,1,-4.845333576,1,-11.98062611,1,-0.925638199,1,-2.965507507,1,1.296144247,1,0.139348418,0,-0.824932814,0,0.997208655,0
47.92195511,-3.855155945,1,-5.145450592,1,-12.44349861,1,-1.005409718,1,-3.187734604,1,1.438560605,1,0.131370872,0,-0.837871015,0,1.002781272,0
47.92595673,-3.099980354,1,-5.125179768,1,-12.52716732,1,-1.066879749,1,-3.42533803,1,1.582844973,1,0.122338712,0,-0.851734519,0,1.009288311,0
47.92995453,-3.078973532,1,-5.268508434,1,-12.66705036,1,-1.100972652,1,-3.68795085,1,1.734135509,1,0.11232309,0,-0.866641939,0,1.016792536,0
47.93395615,-3.040374756,1,-5.820542336,1,-12.90367413,1,-1.14268291,1,-3.952289104,1,1.917636991,1,0.101051614,0,-0.882611394,0,1.025621653,0
47.93795395,-1.948029041,1,-6.468180656,1,-13.07312489,1,-1.159612656,1,-4.258773804,1,2.085969448,1,0.088530928,0,-0.899698257,0,1.035813451,0
47.94195557,-2.131652355,1,-7.162919998,1,-13.54208469,1,-1.207021236,1,-4.583464622,1,2.288118839,1,0.07447309,0,-0.918049574,0,1.047647476,0
47.94595718,-2.455022335,1,-7.928750992,1,-13.77558994,1,-1.271419048,1,-4.917288303,1,2.508729696,1,0.067125775,0,-0.939067185,0,1.026626468,0
47.94995499,-3.885371685,1,-9.202438354,1,-14.0050869,1,-1.385769129,1,-5.21415472,1,2.750870466,1,0.048794523,0,-0.959926069,0,1.042648077,0
47.95395279,-4.523459911,1,-10.42624855,1,-13.61341476,1,-1.529025674,1,-5.464073658,1,2.987002373,1,0.02738869,0,-0.981686234,0,1.061528444,0
47.95795441,-5.779733658,1,-12.1456604,1,-14.562397,1,-1.740101337,1,-5.679731369,1,3.215541124,1,0.002307139,0,-1.004205823,0,1.083697319,0
47.96195221,-5.595410824,1,-12.50017929,1,-13.10010242,1,-1.797969699,1,-5.872701168,1,3.394619226,1,-0.026312804,0,-1.027020812,0,1.109071255,0
47.96595001,-9.03319931,1,-16.70805359,1,-15.67733765,1,-2.31121397,1,-5.936006546,1,3.736967564,1,-0.060575008,0,-1.050199151,0,1.139411569,0
47.96995163,-1.965799928,1,-8.07741642,1,-11.4500103,1,-2.090352774,1,-6.20570612,1,4.012439728,1,-0.10015092,0,-1.072774291,0,1.174622536,0
47.97394943,-10.95219898,1,-9.886128426,1,-14.52946663,1,-2.283593416,1,-6.16409874,1,4.330470085,1,-0.146241903,0,-1.095483184,0,1.216807961,0
47.97795105,-15.52381516,1,-13.04723454,1,-15.06650734,1,-2.451067924,1,-5.954340935,1,4.503068924,1,-0.198622823,0,-1.116355658,0,1.264885068,0
47.98195267,-18.0910778,1,-13.77019596,1,-15.34532261,1,-2.789277554,1,-5.706295013,1,4.671333313,1,-0.257661462,0,-1.134944081,0,1.318670392,0
47.98595047,-17.24226379,1,-9.731310844,1,-14.58651638,1,-2.944925785,1,-5.318265438,1,4.791062832,1,-0.32276088,0,-1.150642514,0,1.377549052,0
47.98994827,-15.64357567,1,-8.230914116,1,-14.16447544,1,-3.018489599,1,-5.196866035,1,4.855710983,1,-0.392582297,0,-1.163524866,0,1.440790415,0
47.99394989,-18.79630089,1,-7.779307365,1,-14.6036911,1,-3.056225061,1,-5.079436779,1,4.876663685,1,-0.466605812,0,-1.174141288,0,1.508007407,0
47.99794769,-20.30673409,1,-6.379444122,1,-14.24902916,1,-2.947031021,1,-4.860068798,1,4.78981781,1,-0.542706847,0,-1.182181001,0,1.57734108,0
48.0019455,-19.03324509,1,-7.644775867,1,-12.13168621,1,-2.877303362,1,-4.780792236,1,4.787606716,1,-0.619728565,0,-1.187766552,0,1.647954702,0
48.00594711,-21.12359047,1,-7.070311069,1,-13.64535141,1,-2.920892239,1,-4.600774765,1,4.774977684,1,-0.697844982,0,-1.190954804,0,1.719628811,0
48.00994492,-20.46265221,1,-6.221759319,1,-10.0545063,1,-2.964059114,1,-4.230038643,1,4.761161327,1,-0.77457577,0,-1.191210985,0,1.789539218,0
48.01394653,-14.43468571,1,-7.439844608,1,-8.484362602,1,-3.243897915,1,-4.065211773,1,4.894874096,1,-0.850196958,0,-1.18861568,0,1.857682943,0
48.01794815,-13.04913902,1,-5.882026196,1,-8.000962257,1,-3.599945307,1,-3.69987607,1,4.879104614,1,-0.924278498,0,-1.18326056,0,1.922853351,0
48.02194595,-11.25373363,1,-3.613636255,1,-8.457910538,1,-3.887673616,1,-3.266524553,1,4.677149296,1,-0.993600965,0,-1.175572753,0,1.981566668,0
48.02594376,-14.22779655,1,-1.497454405,1,-10.55696678,1,-3.841742039,1,-2.85283041,1,4.357830524,1,-1.056185961,0,-1.166451693,0,2.032616615,0
48.02994537,-17.41353035,1,-0.886313021,1,-13.83959961,1,-3.439563513,1,-2.388063908,1,3.817822933,1,-1.109906197,0,-1.156906486,0,2.075223923,0
48.03394318,-15.23423576,1,-0.399717122,1,-14.37712383,1,-2.970003605,1,-1.971634626,1,3.357875586,1,-1.154091597,0,-1.147658229,0,2.109542608,0
48.03794479,-10.20185471,1,2.67164278,1,-11.54032612,1,-2.3989923,1,-1.80751574,1,3.078576088,1,-1.190830231,0,-1.13870573,0,2.138056278,0
48.0419426,-18.1756649,1,4.666491508,1,-11.55827522,1,-1.721391797,1,-1.799803495,1,2.96010828,1,-1.222957253,0,-1.130046964,0,2.164482832,0
48.04594803,-19.86246872,1,-0.718979895,1,-15.02462673,1,-1.436517477,1,-1.098155737,1,2.716198206,1,-1.248722553,0,-1.121222973,0,2.186095238,0
48.04994583,-10.72643185,1,-6.305196762,1,-12.65104961,1,-1.206317782,1,-0.508562922,1,2.304432392,1,-1.266477108,0,-1.112612963,0,2.199963093,0
48.05394745,-6.979541302,1,-8.591329575,1,-10.10416031,1,-0.999891102,1,-0.255223989,1,1.962609291,1,-1.278704643,0,-1.104940176,0,2.20872426,0
48.05794525,-8.059045792,1,-9.365209579,1,-10.00835896,1,-1.025095463,1,-0.065703988,1,1.797545791,1,-1.288076639,0,-1.09795022,0,2.21478653,0
48.06194687,-8.23330307,1,-10.1027813,1,-10.15593719,1,-1.305621266,1,0.171487674,1,1.725678802,1,-1.296080709,0,-1.091138601,0,2.218604565,0
48.06594849,-6.576949596,1,-10.88976669,1,-9.805456161,1,-1.66683352,1,0.387552977,1,1.622163057,1,-1.30337441,0,-1.084357142,0,2.220112324,0
48.06994629,-4.543962479,1,-10.76579762,1,-9.056311607,1,-1.910429001,1,0.548201263,1,1.432964563,1,-1.310130835,0,-1.077959895,0,2.219628096,0
48.07394409,-3.245060921,1,-9.811320305,1,-8.56970787,1,-2.039380312,1,0.675377786,1,1.239810109,1,-1.316159487,0,-1.072174668,0,2.217491865,0
48.07794571,-2.599968195,1,-8.566761017,1,-8.395133972,1,-2.12586832,1,0.79279536,1,1.074306011,1,-1.321378946,0,-1.066973925,0,2.213941813,0
48.08194351,-2.151001692,1,-7.574532986,1,-8.416248322,1,-2.154400349,1,0.900327742,1,0.899112761,1,-1.325771332,0,-1.062307835,0,2.209156036,0
48.08594132,-1.777079701,1,-7.040235043,1,-8.26299572,1,-2.103026152,1,1.00626862,1,0.694121957,1,-1.329083443,0,-1.058282256,0,2.203164339,0
48.08994293,-1.268474817,1,-6.778223038,1,-7.949748516,1,-2.002264977,1,1.103190303,1,0.460966825,1,-1.3310256,0,-1.055031061,0,2.195945501,0
48.09394074,-0.643233001,1,-6.788053036,1,-7.604753971,1,-1.872239828,1,1.199616909,1,0.233970195,1,-1.331476808,0,-1.052591205,0,2.187542677,0
48.09794235,-0.210319906,1,-6.865679741,1,-7.289787292,1,-1.747568846,1,1.286881566,1,0.025627749,1,-1.330474019,0,-1.050914049,0,2.178058386,0
48.10194397,0.036935389,1,-7.256275654,1,-7.041298389,1,-1.643285036,1,1.375649452,1,-0.177588105,1,-1.328112841,0,-1.049940109,0,2.167523623,0
48.10594177,0.018760487,1,-7.626851559,1,-6.87932539,1,-1.569288015,1,1.462519884,1,-0.369194537,1,-1.324500799,0,-1.049624443,0,2.155947924,0
48.10993958,0.051130798,1,-7.915038109,1,-6.640542984,1,-1.518641472,1,1.561213851,1,-0.550750256,1,-1.319655657,0,-1.049925923,0,2.143249273,0
48.11394119,-0.118431292,1,-7.977827072,1,-6.493293762,1,-1.476559877,1,1.663064003,1,-0.716790199,1,-1.313654423,0,-1.050768375,0,2.129433155,0
48.117939,-0.206162795,1,-7.932026386,1,-6.300466061,1,-1.445435762,1,1.781396985,1,-0.872457027,1,-1.306419373,0,-1.052065372,0,2.114372253,0
48.12194061,-0.33694768,1,-7.857612133,1,-6.187541962,1,-1.410402417,1,1.9106915,1,-1.017473578,1,-1.29787147,0,-1.053750753,0,2.09795475,0
48.12594223,-0.610682189,1,-7.78533411,1,-6.088310719,1,-1.375598907,1,2.040601969,1,-1.154390454,1,-1.28796804,0,-1.055765986,0,2.080160618,0
48.12994003,-0.928689837,1,-7.731249332,1,-6.071925163,1,-1.343585014,1,2.186346769,1,-1.285679221,1,-1.276587486,0,-1.058043957,0,2.060847759,0
48.13393784,-1.242142439,1,-7.632203579,1,-5.989202499,1,-1.311244845,1,2.338124275,1,-1.409247279,1,-1.263670921,0,-1.060503006,0,2.039944887,0
48.13793945,-1.368388295,1,-7.504209995,1,-5.939755917,1,-1.268206239,1,2.499396801,1,-1.524501324,1,-1.249098897,0,-1.06308198,0,2.017346144,0
48.14193726,-1.549857378,1,-7.326094151,1,-5.905890942,1,-1.214989901,1,2.655075788,1,-1.628715515,1,-1.232808471,0,-1.065715313,0,1.993026972,0
48.14593506,-1.776336908,1,-7.137989521,1,-5.889898777,1,-1.149319649,1,2.805145979,1,-1.733456135,1,-1.214739084,0,-1.068330169,0,1.966993332,0
48.14993668,-2.006759167,1,-6.90491724,1,-5.848362923,1,-1.06880939,1,2.958170891,1,-1.827055812,1,-1.194849014,0,-1.070854306,0,1.939252973,0
48.15393448,-2.279047966,1,-6.711684227,1,-5.755301952,1,-0.981859207,1,3.116863489,1,-1.91990304,1,-1.173111081,0,-1.073215723,0,1.909815073,0
48.1579361,-2.843875408,1,-6.604733944,1,-5.668166161,1,-0.895012558,1,3.27177906,1,-2.0096488,1,-1.149478436,0,-1.075341821,0,1.878675103,0
48.16193771,-3.233455896,1,-6.48990345,1,-5.638737202,1,-0.793633342,1,3.437373877,1,-2.098268747,1,-1.123853445,0,-1.077150106,0,1.845723033,0
48.16594315,-3.580926657,1,-6.543420792,1,-5.592766285,1,-0.700240135,1,3.605523586,1,-2.198870659,1,-1.096218348,0,-1.078588128,0,1.810972452,0
48.16994476,-3.959768772,1,-6.751672745,1,-5.445198536,1,-0.60324657,1,3.77438426,1,-2.294489622,1,-1.066627383,0,-1.079592109,0,1.774449944,0
48.17394638,-4.310092926,1,-6.960873604,1,-5.443995953,1,-0.537084222,1,3.934038877,1,-2.400997639,1,-1.035164833,0,-1.080081105,0,1.736186385,0
48.17794418,-4.613190174,1,-7.224296093,1,-5.1529603,1,-0.48137185,1,4.084679604,1,-2.501464605,1,-1.002010822,0,-1.080004811,0,1.696299911,0
48.18194199,-4.920868874,1,-7.36557436,1,-5.041715145,1,-0.450241953,1,4.219350815,1,-2.613451004,1,-0.967411935,0,-1.079337001,0,1.65496254,0
48.1859436,-5.061621666,1,-7.455825806,1,-4.84307766,1,-0.429213226,1,4.334426403,1,-2.727438211,1,-0.931608737,0,-1.078065157,0,1.612350583,0
48.18994141,-5.22479248,1,-7.486219883,1,-4.562726021,1,-0.408454299,1,4.435897827,1,-2.851485491,1,-0.894799888,0,-1.076176763,0,1.568646431,0
48.19393921,-5.306926727,1,-7.512130737,1,-4.360739231,1,-0.394413203,1,4.517031193,1,-2.971271753,1,-0.451091796,0,-1.006730318,0,0.993254721,0
48.19794083,-5.477352142,1,-7.507270813,1,-4.178929329,1,-0.374539047,1,4.590295315,1,-3.086235523,1,-0.423455477,0,-0.99535799,0,0.958611488,0
48.20193863,-5.561244965,1,-7.516566277,1,-4.049706936,1,-0.350480855,1,4.634402275,1,-3.201883793,1,-0.396156609,0,-0.983451962,0,0.924217224,0
48.20594025,-5.753661633,1,-7.545322895,1,-3.976471424,1,-0.322247207,1,4.662704468,1,-3.312582016,1,-0.369289279,0,-0.971063435,0,0.890181839,0
48.20994186,-5.993162155,1,-7.62912941,1,-3.818017244,1,-0.292468846,1,4.680544376,1,-3.411946774,1,-0.342924327,0,-0.958229601,0,0.856618524,0
48.21393967,-6.12723732,1,-7.69668293,1,-3.699693918,1,-0.262259215,1,4.682164192,1,-3.509391069,1,-0.317130268,0,-0.944995761,0,0.823589742,0
48.21793747,-6.284362316,1,-7.847947598,1,-3.639502525,1,-0.226418391,1,4.673549175,1,-3.597642183,1,-0.291942388,0,-0.931393564,0,0.791154504,0
48.22193909,-6.527905464,1,-7.982259274,1,-3.626097441,1,-0.195099667,1,4.661864281,1,-3.682781219,1,-0.26739338,0,-0.917457521,0,0.75934571,0
48.22593689,-6.92860651,1,-8.043977737,1,-3.664822817,1,-0.159569696,1,4.647068501,1,-3.761119604,1,-0.243498221,0,-0.903205514,0,0.728192449,0
48.22993851,-7.287421703,1,-8.040322304,1,-3.74429059,1,-0.113204882,1,4.632427692,1,-3.831655502,1,-0.22023502,0,-0.888643026,0,0.697703958,0
48.23394013,-7.664219379,1,-8.083796501,1,-3.85601902,1,-0.064367756,1,4.616574764,1,-3.910219431,1,-0.197557479,0,-0.873764038,0,0.667848289,0
48.23793793,-8.018206596,1,-8.094263077,1,-3.982388258,1,-0.002717464,1,4.597167969,1,-3.9782722,1,-0.175429732,0,-0.858581066,0,0.638637245,0
48.24193573,-8.428173065,1,-8.097549438,1,-4.129805088,1,0.061303463,1,4.58479023,1,-4.053585052,1,-0.15380615,0,-0.843096972,0,0.610035121,0
48.24593735,-8.75090313,1,-8.094635963,1,-4.277395248,1,0.132189631,1,4.572571278,1,-4.120000362,1,-0.132656813,0,-0.827308774,0,0.582031786,0
48.24993515,-9.15636158,1,-8.053287506,1,-4.491924763,1,0.216630414,1,4.555496216,1,-4.175110817,1,-0.111948349,0,-0.811218262,0,0.554653883,0
48.25393295,-9.615758896,1,-8.067925453,1,-4.710141659,1,0.302426845,1,4.551713467,1,-4.235512257,1,-0.091665842,0,-0.794814408,0,0.52789402,0
48.25793457,-10.06602383,1,-8.095796585,1,-4.92286253,1,0.398501873,1,4.551476002,1,-4.287508965,1,-0.07175494,0,-0.778059363,0,0.501737118,0
48.26193237,-10.42439747,1,-8.043625832,1,-5.119995117,1,0.502725124,1,4.554353237,1,-4.341005802,1,-0.052177276,0,-0.760946274,0,0.476186752,0
48.26593399,-10.76770687,1,-8.07098484,1,-5.395039558,1,0.605981708,1,4.559915066,1,-4.389141083,1,-0.03290141,0,-0.743486822,0,0.451216638,0
48.26993561,-11.06696987,1,-8.059654236,1,-5.601826668,1,0.719099224,1,4.559970856,1,-4.430492878,1,-0.013920701,0,-0.725672007,0,0.426862627,0
48.27393341,-11.24095821,1,-8.117103577,1,-5.776660919,1,0.831054151,1,4.555917263,1,-4.476915359,1,0.004778913,0,-0.707530737,0,0.403119504,0
48.27793121,-11.41166592,1,-8.15947628,1,-5.98555088,1,0.946969867,1,4.534693718,1,-4.513490677,1,0.023210084,0,-0.689103961,0,0.379983753,0
48.28193283,-11.59156513,1,-8.231225967,1,-6.199375629,1,1.050942898,1,4.505516529,1,-4.544534683,1,0.041367061,0,-0.670441329,0,0.357448876,0
48.28593445,-11.80332088,1,-8.252363205,1,-6.428271294,1,1.149479747,1,4.481616974,1,-4.569058895,1,0.05922883,0,-0.651573181,0,0.335527033,0
48.28993607,-11.97816467,1,-8.294013023,1,-6.631210327,1,1.249395132,1,4.436389923,1,-4.597041607,1,0.0768051,0,-0.632532001,0,0.314201087,0
48.29393768,-12.25094032,1,-8.411720276,1,-6.995499611,1,1.352155209,1,4.391762733,1,-4.611391544,1,0.094104454,0,-0.613366842,0,0.293469697,0
48.29793549,-12.57527924,1,-8.4897089,1,-7.404194355,1,1.438238621,1,4.347811222,1,-4.628700733,1,0.111136682,0,-0.594080925,0,0.273309022,0
48.30193329,-13.00933743,1,-8.533249855,1,-7.787042141,1,1.539168835,1,4.303087234,1,-4.640375137,1,0.127910718,0,-0.574697971,0,0.253714859,0
48.30593491,-13.60942936,1,-8.717791557,1,-8.251674652,1,1.631269455,1,4.272617817,1,-4.648603439,1,0.144450873,0,-0.555183291,0,0.234666109,0
48.30993271,-14.14485931,1,-8.827262878,1,-8.724859238,1,1.7272017,1,4.248834133,1,-4.668126583,1,0.160765931,0,-0.535501361,0,0.216160327,0
48.31393433,-14.75479031,1,-8.97988987,1,-9.26936245,1,1.816762567,1,4.230757236,1,-4.693529606,1,0.176906973,0,-0.515633941,0,0.198120475,0
48.31793594,-15.36378765,1,-9.077809334,1,-9.827230453,1,1.918140173,1,4.214739799,1,-4.728521347,1,0.192902237,0,-0.495568126,0,0.180516019,0
48.32193375,-16.05321503,1,-9.070168495,1,-10.4728117,1,2.010502338,1,4.206707001,1,-4.772758961,1,0.208805799,0,-0.475275367,0,0.163259938,0
48.32593155,-16.72924042,1,-8.991722107,1,-11.07998657,1,2.115131617,1,4.189438343,1,-4.840774536,1,0.224660471,0,-0.454747081,0,0.146297082,0
48.32993317,-17.2713871,1,-9.100122452,1,-11.61144161,1,2.210733652,1,4.165398121,1,-4.920138359,1,0.240510121,0,-0.433986545,0,0.129536226,0
48.33393097,-17.91449165,1,-9.333292961,1,-12.11055183,1,2.304795504,1,4.119412422,1,-5.002307892,1,0.25637418,0,-0.413047403,0,0.112917781,0
48.33792877,-18.66074562,1,-9.457395554,1,-12.64567947,1,2.398724556,1,4.063746929,1,-5.096062183,1,0.27226007,0,-0.391954541,0,0.096379995,0
48.34193039,-19.58188057,1,-9.414558411,1,-13.05676842,1,2.467738867,1,3.980083466,1,-5.198981762,1,0.288147628,0,-0.370797336,0,0.079861194,0
48.34592819,-20.74159431,1,-9.016490936,1,-13.27422142,1,2.548593044,1,3.886860132,1,-5.306409836,1,0.304024249,0,-0.349621415,0,0.063305639,0
48.34992981,-22.1469326,1,-8.605443954,1,-13.26737118,1,2.628919601,1,3.774692535,1,-5.417350292,1,0.319920182,0,-0.32845211,0,0.04664547,0
48.35393143,-23.59042358,1,-8.129768372,1,-12.97755432,1,2.714386225,1,3.675181389,1,-5.543836594,1,0.335857272,0,-0.307294011,0,0.029856633,0
48.35792923,-24.91493416,1,-7.776477337,1,-12.54104233,1,2.796616554,1,3.550309181,1,-5.651003838,1,0.351835191,0,-0.286140531,0,0.012906192,0
48.36192703,-26.32193756,1,-7.520230293,1,-12.04235649,1,2.863366842,1,3.418458223,1,-5.749031544,1,0.367796898,0,-0.265063584,0,-0.00415783,0
48.36592865,-27.7991333,1,-7.322710514,1,-11.43692398,1,2.909409523,1,3.280266523,1,-5.821515083,1,0.383671492,0,-0.244105145,0,-0.021332746,0
48.36992645,-29.20555878,1,-7.013895035,1,-10.58836079,1,2.931307077,1,3.137140274,1,-5.881259918,1,0.399341822,0,-0.223309502,0,-0.038540926,0
48.37392426,-30.49450302,1,-6.452414513,1,-9.518795013,1,2.942649364,1,2.975176573,1,-5.910620213,1,0.414738446,0,-0.202737257,0,-0.055758882,0
48.37792587,-31.38666534,1,-4.401337624,1,-7.595359802,1,2.951284647,1,2.814377546,1,-5.946993828,1,0.42981711,0,-0.182451934,0,-0.072944663,0
48.38192368,-28.25058365,1,5.228928566,1,-8.822154045,1,3.07303977,1,2.425282717,1,-6.087563992,1,0.444835186,0,-0.162729397,0,-0.090556227,0
48.38592529,-25.25829124,1,6.421765327,1,-7.652872086,1,3.277425051,1,2.114427328,1,-6.159448624,1,0.460315824,0,-0.143913671,0,-0.108841211,0
48.38992691,-26.49840736,1,6.32164526,1,-5.230753422,1,3.517315388,1,1.916026473,1,-6.248887062,1,0.476398706,0,-0.12550731,0,-0.127511963,0
48.39392471,-27.90967369,1,6.236604691,1,-4.097740173,1,3.747904062,1,1.694685817,1,-6.236235619,1,0.493147492,0,-0.107472412,0,-0.146392077,0
48.39792252,-28.59431839,1,6.417075157,1,-3.051548004,1,3.859507322,1,1.47945416,1,-6.140774727,1,0.510234118,0,-0.089998357,0,-0.165138528,0
48.40192413,-29.85499954,1,7.443367958,1,-2.184101343,1,3.870714664,1,1.273736596,1,-6.005598545,1,0.527213156,0,-0.073176697,0,-0.183578685,0
48.40592575,-31.52247429,1,8.281226158,1,-0.983305216,1,3.806118965,1,1.086438417,1,-5.873421192,1,0.543753147,0,-0.057007615,0,-0.20164153,0
48.40992737,-33.3711853,1,9.845736504,1,0.263319701,1,3.692756653,1,0.923524976,1,-5.767547607,1,0.559627354,0,-0.041393615,0,-0.219372436,0
48.41392899,-34.40860748,1,12.56890678,1,1.780597329,1,3.549157858,1,0.739818096,1,-5.686803818,1,0.574697971,0,-0.026278147,0,-0.236894816,0
48.41792679,-34.94589233,1,16.67883682,1,3.504502535,1,3.462995291,1,0.522177935,1,-5.629923344,1,0.589038372,0,-0.011722417,0,-0.254407346,0
48.42192459,-35.51844406,1,20.33659363,1,5.304794312,1,3.434651852,1,0.292536795,1,-5.612062454,1,0.602904022,0,0.002237143,0,-0.272093982,0
48.42592621,-35.38607788,1,21.43074417,1,6.604966164,1,3.430644512,1,0.048835531,1,-5.557089806,1,0.616478622,0,0.01559993,0,-0.290035784,0
48.42992401,-34.17085266,1,19.70269966,1,7.677153587,1,3.30301404,1,-0.252898723,1,-5.371853352,1,0.629586816,0,0.028053178,0,-0.308052123,0
48.43392563,-32.06959152,1,15.46220779,1,8.502314568,1,2.992837429,1,-0.606206298,1,-4.999780178,1,0.641635776,0,0.039032996,0,-0.325804502,0
48.43792725,-29.42994881,1,10.16641521,1,9.309813499,1,2.44503212,1,-1.02249074,1,-4.435251236,1,0.651815712,0,0.047838066,0,-0.342884749,0
48.44192123,-26.43390656,1,5.478649139,1,9.439241409,1,1.683799267,1,-1.455522418,1,-3.720404387,1,0.659294724,0,0.053887662,0,-0.358874977,0
48.44592285,-23.95112991,1,2.269594669,1,9.278059006,1,0.825760126,1,-1.870912313,1,-2.913798332,1,0.650598586,0,0.063779615,0,-0.410677135,0
48.44992447,-11.28682709,1,-11.5270834,1,1.849564075,1,-0.539759755,1,-2.34613061,1,-1.955391049,1,0.650818288,0,0.063093431,0,-0.423579514,0
48.45392227,-8.817690849,1,-25.64610863,1,9.49973011,1,-3.915724516,1,-3.607739449,1,-0.797413528,1,0.641157925,0,0.057322673,0,-0.434989154,0
48.45792007,-40.55904007,1,-13.57068157,1,11.37189484,1,-6.139873981,1,-4.717965603,1,0.357171655,1,0.620015919,0,0.043760091,0,-0.445688903,0
48.46192169,0.178595036,1,7.705795765,1,5.761649609,1,-5.855316162,1,-4.237386703,1,0.842312336,1,0.595386922,0,0.027632177,0,-0.453979492,0
48.4659195,22.50354767,1,4.876296043,1,-1.461472511,1,-5.859048367,1,-4.772570133,1,1.202663898,1,0.572183251,0,0.010580871,0,-0.46033442,0
48.46992111,-4.025155544,1,8.495070457,1,-14.07476234,1,-6.309375763,1,-5.52058506,1,1.439615488,1,0.547663093,0,-0.00995113,0,-0.466894537,0
48.47392273,-7.766610146,1,16.71889496,1,-28.55967903,1,-5.391651154,1,-5.042404652,1,1.160112381,1,0.523894429,0,-0.030996853,0,-0.473282099,0
48.47792053,-2.282372952,1,13.66278172,1,-32.48462677,1,-4.715833664,1,-4.390630245,1,1.032853961,1,0.504228294,0,-0.049460806,0,-0.478661418,0
48.48191834,-3.969395876,1,12.96483707,1,-29.0546093,1,-4.237500191,1,-4.006860256,1,0.946412146,1,0.486452818,0,-0.066115081,0,-0.483133167,0
48.48591995,5.567559242,1,20.26784897,1,-24.06506348,1,-3.157635212,1,-3.815521717,1,1.022322893,1,0.472152263,0,-0.081552289,0,-0.486840785,0
48.48991776,-5.845228672,1,26.28179741,1,-20.54186821,1,-2.784233809,1,-4.532026291,1,1.548701644,1,0.460508704,0,-0.098876357,0,-0.489914834,0
48.49391556,-5.704405308,1,29.90169525,1,-18.69052696,1,-2.044513941,1,-4.61997509,1,2.079807758,1,0.450948387,0,-0.118493177,0,-0.491430342,0
48.49791718,-4.422037601,1,28.67463684,1,-19.94378662,1,-1.419515252,1,-4.975097656,1,2.734044552,1,0.443982184,0,-0.139873087,0,-0.491059422,0
48.50191498,-14.28425312,1,26.75748444,1,-21.99853325,1,-0.88729322,1,-5.085940838,1,3.254415512,1,0.439082831,0,-0.163404316,0,-0.488748044,0
48.5059166,-21.58318138,1,22.77196121,1,-24.55125618,1,-0.303667992,1,-4.640616417,1,3.358876705,1,0.435950994,0,-0.186750352,0,-0.484962285,0
48.50991821,-25.38823891,1,16.84614754,1,-24.29290581,1,0.2558541,1,-4.063679695,1,3.363210917,1,0.434846103,0,-0.208187401,0,-0.480013341,0
48.51391602,-34.13609695,1,5.128826618,1,-22.75530815,1,0.489741176,1,-3.434596062,1,3.152558804,1,0.435159862,0,-0.22733523,0,-0.474335849,0
48.51791382,-36.17538834,1,-5.945471287,1,-18.08243942,1,0.641359746,1,-2.578053236,1,2.697780132,1,0.436120719,0,-0.243259639,0,-0.468583077,0
48.52191544,-31.60162926,1,-14.66911888,1,-11.04566956,1,0.627829671,1,-1.899828792,1,2.112674236,1,0.43743059,0,-0.255362689,0,-0.463453233,0
48.52591324,-21.53285599,1,-20.88940811,1,-3.817556858,1,0.377942502,1,-1.604872942,1,1.420436263,1,0.43852666,0,-0.264525026,0,-0.459909827,0
48.52991867,-12.12915325,1,-23.71532059,1,0.544259906,1,-0.134486407,1,-1.670329571,1,1.161943316,1,0.438584387,0,-0.272603512,0,-0.457996786,0
48.53392029,-7.620333195,1,-20.59812546,1,-0.657322168,1,-0.75492245,1,-1.827035785,1,1.036959171,1,0.436507374,0,-0.280796081,0,-0.456970662,0
48.53791809,-8.898411751,1,-16.03497696,1,-5.301371098,1,-1.261796236,1,-1.810250163,1,0.931359947,1,0.432306588,0,-0.289132178,0,-0.456464231,0
48.54191971,-5.971926212,1,-8.401658058,1,-10.0072937,1,-1.47350657,1,-1.574332833,1,0.910514295,1,0.426604629,0,-0.296789676,0,-0.455971569,0
48.54592133,-8.981998444,1,-0.295682371,1,-12.52731609,1,-1.507088423,1,-1.285241246,1,1.023254395,1,0.420223117,0,-0.303651571,0,-0.454754829,0
48.54991913,-8.581521034,1,5.0335145,1,-12.80056572,1,-1.386630654,1,-0.791477382,1,1.189199924,1,0.413725376,0,-0.30924511,0,-0.452291548,0
48.55391693,-10.63925457,1,5.40677166,1,-10.96249962,1,-1.265992403,1,-0.417154193,1,1.206255794,1,0.407260954,0,-0.3133412,0,-0.448630452,0
48.55791855,-11.37703323,1,2.373213053,1,-9.643861771,1,-1.064318061,1,-0.183458656,1,1.044648886,1,0.40141952,0,-0.316208303,0,-0.444733381,0
48.56191635,-11.40131283,1,-2.49557066,1,-8.569890022,1,-0.971034527,1,-0.053921696,1,0.791060388,1,0.396292806,0,-0.318057775,0,-0.441340774,0
48.56591415,-9.619421005,1,-5.651736259,1,-8.219302177,1,-0.897928774,1,0.004745719,1,0.5734725,1,0.391777694,0,-0.319164574,0,-0.438748837,0
48.56991577,-6.996726513,1,-6.688858509,1,-8.47163868,1,-0.924018443,1,0.010194013,1,0.523361206,1,0.387479246,0,-0.31995365,0,-0.436635673,0
48.57391357,-5.284998417,1,-6.220206738,1,-9.184751511,1,-0.973081529,1,0.043329988,1,0.605244577,1,0.383017719,0,-0.320690632,0,-0.434431732,0
48.57791519,-3.398745537,1,-5.391338348,1,-9.123543739,1,-1.017509937,1,0.030957144,1,0.733431756,1,0.378171414,0,-0.321544379,0,-0.431740403,0
48.58192062,-5.727234364,1,-5.823824883,1,-9.324790001,1,-1.061949015,1,0.037510321,1,0.785881281,1,0.373050719,0,-0.322555512,0,-0.428691626,0
48.58591461,-6.029927731,1,-4.669542313,1,-8.691567421,1,-1.065588355,1,0.043604497,1,0.761606038,1,0.367783487,0,-0.323521078,0,-0.425577462,0
48.58991242,-5.4263134,1,-2.458070993,1,-8.89697361,1,-1.046799183,1,0.024329949,1,0.743189871,1,0.362590551,0,-0.324483573,0,-0.422571957,0
48.59391403,-5.543830872,1,-0.551099837,1,-9.435879707,1,-0.973669231,1,0.039675675,1,0.756075859,1,0.357586801,0,-0.325433522,0,-0.419576257,0
48.59791184,-4.025702953,1,-0.599463165,1,-8.923652649,1,-0.910865843,1,0.039654888,1,0.750559688,1,0.352823377,0,-0.326322973,0,-0.416515827,0
48.60190964,-4.188333988,1,-1.336583972,1,-8.562602997,1,-0.844836652,1,0.01025874,1,0.701901197,1,0.348371744,0,-0.327225149,0,-0.413582683,0
48.60591126,-5.417118549,1,-1.077075243,1,-8.317482948,1,-0.78268069,1,0.010937747,1,0.639186621,1,0.344261587,0,-0.328103542,0,-0.410906106,0
48.60990906,-6.007146358,1,-0.545838296,1,-8.654312134,1,-0.727351248,1,0.033849414,1,0.576810598,1,0.340470552,0,-0.328845024,0,-0.408467114,0
48.61391068,-5.493984222,1,-0.189165756,1,-9.211790085,1,-0.662772954,1,0.051626746,1,0.523968399,1,0.336959302,0,-0.329415619,0,-0.406215549,0
48.61791611,-3.919156075,1,-0.558686733,1,-9.787610054,1,-0.580523849,1,0.012595681,1,0.48820591,1,0.333806157,0,-0.329942822,0,-0.404148638,0
48.62191391,-3.268729687,1,-1.442242503,1,-10.0536623,1,-0.53253454,1,-0.053574305,1,0.46791032,1,0.330976158,0,-0.330638111,0,-0.402261734,0
48.6259079,-4.242413521,1,-1.591046691,1,-9.818872452,1,-0.473825753,1,-0.116686828,1,0.449849606,1,0.328407168,0,-0.331572294,0,-0.400545031,0
48.62991333,-5.050978661,1,-1.400278687,1,-9.1083498,1,-0.44113642,1,-0.146409243,1,0.452898741,1,0.326044589,0,-0.33265838,0,-0.398921579,0
48.63391113,-5.532794952,1,-1.61051929,1,-8.787723541,1,-0.404943675,1,-0.142396674,1,0.454389751,1,0.323834956,0,-0.333794057,0,-0.397303641,0
48.63790512,-4.520367622,1,-2.499563932,1,-8.550410271,1,-0.399778694,1,-0.151743412,1,0.458287776,1,0.321690798,0,-0.334931433,0,-0.395660639,0
48.64191055,-4.304392338,1,-3.170954227,1,-8.735023499,1,-0.415667266,1,-0.163964704,1,0.452994794,1,0.319536388,0,-0.336103529,0,-0.394045949,0
48.64590454,-4.52312851,1,-2.959492922,1,-8.616567612,1,-0.434060246,1,-0.180313379,1,0.444757164,1,0.317314327,0,-0.337318242,0,-0.392465562,0
48.64991379,-5.134679317,1,-2.055259228,1,-8.550736427,1,-0.433972687,1,-0.181339696,1,0.419000089,1,0.31507045,0,-0.33855623,0,-0.390951365,0
48.65391541,-5.220994949,1,-0.986667216,1,-8.866345406,1,-0.409301072,1,-0.188430175,1,0.384239346,1,0.312906206,0,-0.339754492,0,-0.389563143,0
48.65791321,-4.734559536,1,-0.158219099,1,-9.261419296,1,-0.360488951,1,-0.203121945,1,0.319878221,1,0.310968965,0,-0.340922832,0,-0.38839072,0
48.66191483,-4.157753468,1,0.111734778,1,-9.50571537,1,-0.306461006,1,-0.239199698,1,0.272235066,1,0.309328318,0,-0.342125177,0,-0.387479365,0
48.66591644,-4.230986595,1,0.024553662,1,-9.482257843,1,-0.252295434,1,-0.27695933,1,0.227308273,1,0.307980567,0,-0.343413234,0,-0.38680014,0
48.66991425,-4.566565037,1,-0.350896865,1,-9.196124077,1,-0.208218142,1,-0.304174483,1,0.176789016,1,0.306916445,0,-0.344768763,0,-0.386375546,0
48.67391205,-4.729230404,1,-0.401463568,1,-9.134660721,1,-0.167701244,1,-0.328666061,1,0.127141401,1,0.306102514,0,-0.346160322,0,-0.386167884,0
48.67791367,-4.628023148,1,-0.581286013,1,-9.155762672,1,-0.127014279,1,-0.339927077,1,0.090211399,1,0.305507094,0,-0.34756133,0,-0.386156827,0
48.68191147,-4.375376225,1,-0.728245735,1,-9.162101746,1,-0.103248969,1,-0.355635583,1,0.057690199,1,0.305101573,0,-0.348980099,0,-0.386312842,0
48.68590927,-4.268762589,1,-0.961399555,1,-9.261306763,1,-0.085481644,1,-0.376712322,1,0.031650405,1,0.304828942,0,-0.350423723,0,-0.386603087,0
48.68991089,-4.372264385,1,-1.195533156,1,-9.168834686,1,-0.066516399,1,-0.392858833,1,0.018803237,1,0.304660797,0,-0.35193795,0,-0.386995316,0
48.69390869,-4.576262951,1,-1.659302354,1,-8.842297554,1,-0.064454913,1,-0.396546662,1,0.006406226,1,0.181596562,0,-0.549571872,0,-0.980447888,0
48.69791031,-4.807274818,1,-2.251797199,1,-8.545627594,1,-0.069357373,1,-0.39648065,1,0.023333477,1,0.181483731,0,-0.551148236,0,-0.980724931,0
48.70191193,-5.057267666,1,-3.145547628,1,-8.161493301,1,-0.10055609,1,-0.378056794,1,0.055825468,1,0.181235015,0,-0.552702904,0,-0.980884373,0
48.70590973,-5.130227089,1,-3.887397051,1,-7.665178299,1,-0.137821868,1,-0.355724871,1,0.083179429,1,0.180759236,0,-0.554201424,0,-0.980863273,0
48.70990753,-4.978286743,1,-3.948358536,1,-7.687143326,1,-0.174323007,1,-0.328078479,1,0.124968469,1,0.180039942,0,-0.55561173,0,-0.980680823,0
48.71390915,-5.511034966,1,-3.362805605,1,-7.593973637,1,-0.207887605,1,-0.290898383,1,0.152001008,1,0.17905812,0,-0.556934536,0,-0.980291784,0
48.71790695,-5.16449213,1,-2.919909239,1,-7.604642868,1,-0.23209019,1,-0.256006271,1,0.16982466,1,0.177900255,0,-0.558124065,0,-0.979769647,0
48.72190476,-5.146427155,1,-2.437590361,1,-7.925411224,1,-0.24714154,1,-0.237267211,1,0.190622851,1,0.176585302,0,-0.559224725,0,-0.979127347,0
48.72590637,-4.85435915,1,-1.899970412,1,-8.131961823,1,-0.252331585,1,-0.227343157,1,0.19810684,1,0.17520839,0,-0.560271561,0,-0.978416085,0
48.72990418,-4.743219376,1,-1.419389248,1,-8.352020264,1,-0.242652923,1,-0.233270675,1,0.207724124,1,0.173816875,0,-0.561320841,0,-0.977659583,0
48.73390579,-4.809150696,1,-0.894872308,1,-8.445887566,1,-0.21711272,1,-0.237041771,1,0.209274784,1,0.172473669,0,-0.562393665,0,-0.976867318,0
48.73790741,-4.675121307,1,-1.102119446,1,-8.588848114,1,-0.186341137,1,-0.258464277,1,0.212467149,1,0.171248376,0,-0.56351316,0,-0.976083636,0
48.74190521,-4.569554806,1,-1.552761316,1,-8.711193085,1,-0.181501269,1,-0.281092227,1,0.211830184,1,0.170115724,0,-0.564711988,0,-0.975323498,0
48.74590302,-4.296365261,1,-2.00015974,1,-8.871444702,1,-0.198280394,1,-0.316642225,1,0.217895627,1,0.168948084,0,-0.566039085,0,-0.97455579,0
48.74990463,-4.499904633,1,-1.719119906,1,-8.772319794,1,-0.185339451,1,-0.341875911,1,0.216205105,1,0.16775541,0,-0.567487419,0,-0.97380507,0
48.75390244,-4.3290658,1,-1.786751509,1,-8.850615501,1,-0.18311277,1,-0.35687995,1,0.214794144,1,0.166625008,0,-0.569002092,0,-0.973061562,0
48.75790405,-4.417598724,1,-1.85877049,1,-8.910608292,1,-0.181451246,1,-0.389985144,1,0.214490414,1,0.1655114,0,-0.570622206,0,-0.972345829,0
48.76190567,-4.516719341,1,-1.860017776,1,-8.859667778,1,-0.182120204,1,-0.414407164,1,0.211979538,1,0.164413363,0,-0.572347522,0,-0.971664488,0
48.76590347,-4.577301979,1,-1.776700735,1,-8.660196304,1,-0.18241401,1,-0.437542737,1,0.21912773,1,0.163311452,0,-0.574168384,0,-0.970990717,0
48.76990891,-4.729361534,1,-1.266224861,1,-8.835045815,1,-0.160293087,1,-0.45942691,1,0.221132293,1,0.162245423,0,-0.576078832,0,-0.970302939,0
48.77391052,-4.545266628,1,-1.428102612,1,-8.627664566,1,-0.148755789,1,-0.480039358,1,0.222952053,1,0.161274374,0,-0.578074455,0,-0.969615519,0
48.77790833,-4.867358208,1,-1.310526133,1,-8.620642662,1,-0.148155451,1,-0.497991472,1,0.225417092,1,0.160297856,0,-0.580155849,0,-0.968931556,0
48.78190613,-4.849572659,1,-1.502235055,1,-8.53307724,1,-0.154351681,1,-0.502523839,1,0.217798248,1,0.159334034,0,-0.582268834,0,-0.968271494,0
48.78590775,-5.049571514,1,-1.231667399,1,-8.443624496,1,-0.146248475,1,-0.518905282,1,0.210322052,1,0.158376619,0,-0.584425449,0,-0.967651486,0
48.78990555,-5.091313839,1,-1.341363192,1,-8.244132042,1,-0.133077577,1,-0.527106762,1,0.210442245,1,0.157494709,0,-0.586625159,0,-0.967051923,0
48.79390335,-5.246362209,1,-1.390084743,1,-8.255814552,1,-0.129706785,1,-0.528200626,1,0.200244278,1,0.156644091,0,-0.588841736,0,-0.96647203,0
48.79790497,-5.189394951,1,-1.292446494,1,-8.25710392,1,-0.116037972,1,-0.533545196,1,0.204224601,1,0.155847192,0,-0.591064632,0,-0.965913594,0
48.80190277,-5.066046715,1,-1.503306985,1,-8.153885841,1,-0.110873304,1,-0.532355309,1,0.209242091,1,0.155073881,0,-0.593295753,0,-0.965329051,0
48.80590439,-5.043831825,1,-1.597552299,1,-8.197565079,1,-0.107782468,1,-0.535589933,1,0.214264259,1,0.154304609,0,-0.595542312,0,-0.964716315,0
48.80990601,-5.132676601,1,-1.672661304,1,-8.210478783,1,-0.108678281,1,-0.541654766,1,0.221136004,1,0.153509483,0,-0.597791433,0,-0.964082658,0
48.81389999,-5.245843887,1,-1.625088811,1,-8.166935921,1,-0.120282784,1,-0.535361648,1,0.218410805,1,0.152680159,0,-0.600049436,0,-0.963435829,0
48.81790161,-5.301904678,1,-1.627711892,1,-8.051813126,1,-0.125066355,1,-0.537937701,1,0.227466136,1,0.151818261,0,-0.602299452,0,-0.962761402,0
48.82190323,-5.37744236,1,-1.685011387,1,-8.083166122,1,-0.123918593,1,-0.538999259,1,0.226664171,1,0.15093711,0,-0.604558289,0,-0.962073088,0
48.82590103,-5.272140026,1,-1.623665571,1,-8.080760956,1,-0.123075619,1,-0.528218448,1,0.227034524,1,0.150037035,0,-0.606801212,0,-0.961375237,0
48.82989883,-5.275019169,1,-1.61989975,1,-8.188058853,1,-0.132450283,1,-0.533169687,1,0.230268732,1,0.149116799,0,-0.609035552,0,-0.960651636,0
48.83390045,-5.21118021,1,-1.731456876,1,-8.155572891,1,-0.136987656,1,-0.524930418,1,0.231510654,1,0.148158148,0,-0.611266494,0,-0.959914327,0
48.83789825,-5.269386292,1,-1.688477755,1,-8.194391251,1,-0.148408949,1,-0.534119129,1,0.233265042,1,0.147158906,0,-0.613497198,0,-0.959169626,0
48.84189987,-5.266272068,1,-1.653268099,1,-8.24809742,1,-0.144230634,1,-0.533095241,1,0.236614227,1,0.146150067,0,-0.615744829,0,-0.958425701,0
48.84590149,-5.262961864,1,-1.641131639,1,-8.312387466,1,-0.137801185,1,-0.538229167,1,0.247223675,1,0.145131946,0,-0.617995739,0,-0.957623303,0
48.84989929,-5.194596767,1,-1.797416329,1,-8.278877258,1,-0.129283056,1,-0.540093422,1,0.2615906,1,0.144102067,0,-0.620270848,0,-0.956764102,0
48.8538971,-5.236201763,1,-1.795221686,1,-8.309433937,1,-0.127082393,1,-0.547878921,1,0.273229808,1,0.143056124,0,-0.62257874,0,-0.955848932,0
48.85789871,-5.273938179,1,-1.82296896,1,-8.313334465,1,-0.133968532,1,-0.556509435,1,0.283055454,1,0.141970441,0,-0.624925971,0,-0.954878151,0
48.86189652,-5.307513237,1,-1.809323907,1,-8.307084084,1,-0.131592289,1,-0.56760323,1,0.298240989,1,0.140836149,0,-0.627311468,0,-0.953842998,0
48.86589432,-5.246188164,1,-1.846391082,1,-8.227531433,1,-0.135984033,1,-0.574929774,1,0.306888282,1,0.139664009,0,-0.629742086,0,-0.95276624,0
48.86989975,-5.273799896,1,-1.850762248,1,-8.254710197,1,-0.141149148,1,-0.584367573,1,0.3239443,1,0.138415188,0,-0.63221401,0,-0.951598823,0
48.87389755,-5.275804996,1,-1.634579182,1,-8.355808258,1,-0.138938844,1,-0.600135982,1,0.339095294,1,0.137131259,0,-0.63474226,0,-0.950377703,0
48.87789536,-5.273892879,1,-1.547782421,1,-8.370002747,1,-0.134843141,1,-0.608207047,1,0.349319488,1,0.135819227,0,-0.63732332,0,-0.94908911,0
48.88189697,-5.342628002,1,-1.434837341,1,-8.329087257,1,-0.132487372,1,-0.629854918,1,0.354847342,1,0.13449195,0,-0.639979601,0,-0.947763324,0
48.88589478,-5.345936775,1,-1.325401306,1,-8.359527588,1,-0.129256889,1,-0.641163111,1,0.360165477,1,0.133154005,0,-0.642683327,0,-0.946396053,0
48.88990021,-5.291723728,1,-1.274358392,1,-8.364132881,1,-0.118888713,1,-0.657743454,1,0.364383996,1,0.131832793,0,-0.645458937,0,-0.945019007,0
48.89390183,-5.242922783,1,-1.342651486,1,-8.420987129,1,-0.11225649,1,-0.675225794,1,0.368937343,1,0.13052398,0,-0.648293972,0,-0.943635821,0
48.89789963,-5.295781136,1,-1.441542149,1,-8.397503853,1,-0.120568298,1,-0.694114566,1,0.374312103,1,0.129218459,0,-0.651201129,0,-0.942229331,0
48.90189743,-5.420827866,1,-1.558582783,1,-8.446578979,1,-0.126033351,1,-0.709107161,1,0.385449022,1,0.127859533,0,-0.654182732,0,-0.940779388,0
48.90589905,-5.280241489,1,-1.62604773,1,-8.379167557,1,-0.130687952,1,-0.73438096,1,0.396580189,1,0.126421809,0,-0.65723896,0,-0.939275324,0
48.90989685,-5.262307644,1,-1.608311415,1,-8.424715042,1,-0.140312418,1,-0.750714004,1,0.409289002,1,0.124931917,0,-0.660383165,0,-0.937725902,0
48.91389847,-5.267929077,1,-1.612116098,1,-8.464866638,1,-0.142482668,1,-0.781993091,1,0.432916075,1,0.12336576,0,-0.663636565,0,-0.936087489,0
48.91790009,-5.291727066,1,-1.680435777,1,-8.504210472,1,-0.151985213,1,-0.802297413,1,0.440450728,1,0.121727869,0,-0.666982353,0,-0.934379101,0
48.92189789,-5.279576302,1,-1.635108113,1,-8.483674049,1,-0.159353286,1,-0.830073535,1,0.462820321,1,0.120001912,0,-0.670445621,0,-0.932588339,0
48.92589569,-5.28449297,1,-1.631117702,1,-8.475263596,1,-0.176332325,1,-0.861710966,1,0.472418278,1,0.118173614,0,-0.674028635,0,-0.930739045,0
48.92989731,-5.346026897,1,-1.691157341,1,-8.502211571,1,-0.189315259,1,-0.894991755,1,0.484346867,1,0.116258197,0,-0.677741945,0,-0.928833842,0
48.93389511,-5.305367947,1,-1.6620754,1,-8.540128708,1,-0.207490101,1,-0.9260692,1,0.492724627,1,0.114228144,0,-0.681576252,0,-0.926875472,0
48.93789291,-5.384028912,1,-1.673941135,1,-8.602479935,1,-0.220874667,1,-0.954226911,1,0.501984477,1,0.112101212,0,-0.685536623,0,-0.924871087,0
48.94189453,-5.343595028,1,-1.706942916,1,-8.638917923,1,-0.246727496,1,-0.983991683,1,0.513536751,1,0.109876707,0,-0.689612508,0,-0.922822058,0
48.94589233,-5.245115757,1,-1.944603443,1,-8.62938118,1,-0.274129868,1,-1.019978523,1,0.522354364,1,0.107079931,0,-0.694871366,0,-0.939515769,0
48.94989395,-5.23657465,1,-2.112255096,1,-8.694179535,1,-0.312716573,1,-1.063852191,1,0.54322803,1,0.104504675,0,-0.699247837,0,-0.937326014,0
48.95389557,-5.268614292,1,-2.383514643,1,-8.799759865,1,-0.356118977,1,-1.104663253,1,0.566968203,1,0.10167978,0,-0.703794658,0,-0.935014307,0
48.95789337,-5.269301414,1,-2.520493269,1,-8.840566635,1,-0.397955507,1,-1.154883981,1,0.600492597,1,0.098565251,0,-0.708516955,0,-0.932544947,0
48.96189117,-5.293863297,1,-2.619378567,1,-8.920344353,1,-0.437144071,1,-1.210960388,1,0.636578083,1,0.095166445,0,-0.713467717,0,-0.929902732,0
48.96589279,-5.305374622,1,-2.668380976,1,-8.933049202,1,-0.476731449,1,-1.267923236,1,0.674629748,1,0.091462031,0,-0.718642116,0,-0.927044213,0
48.96989059,-5.254255772,1,-2.664796114,1,-8.998933792,1,-0.50904423,1,-1.330985665,1,0.716566563,1,0.087458201,0,-0.724072158,0,-0.923975348,0
48.97389221,-5.33789587,1,-2.637866974,1,-9.100995064,1,-0.550367892,1,-1.398263693,1,0.762609243,1,0.083117262,0,-0.729764521,0,-0.920640469,0
48.97789383,-5.215120792,1,-2.507648945,1,-9.210479736,1,-0.580068529,1,-1.471586704,1,0.807252109,1,0.078463443,0,-0.735743821,0,-0.917057693,0
48.98189163,-5.261910915,1,-2.450394869,1,-9.36660099,1,-0.617232621,1,-1.550872087,1,0.856148779,1,0.073466823,0,-0.742027044,0,-0.913184106,0
48.98588944,-5.128315449,1,-2.291480541,1,-9.573407173,1,-0.659120679,1,-1.63917768,1,0.905450404,1,0.068092071,0,-0.748636305,0,-0.909019828,0
48.98989105,-5.11492157,1,-2.119213343,1,-9.651584625,1,-0.701213777,1,-1.743588448,1,0.946648836,1,0.062328383,0,-0.755622387,0,-0.904567361,0
48.99388886,-5.153565407,1,-2.061658859,1,-9.796717644,1,-0.741000772,1,-1.851015329,1,1.002116919,1,0.056155384,0,-0.763023078,0,-0.899792254,0
48.99788666,-5.336545944,1,-2.126025438,1,-9.952784538,1,-0.782925129,1,-1.956130505,1,1.054087996,1,0.049544059,0,-0.770852268,0,-0.894653559,0
49.00188828,-4.869408607,1,-1.863479853,1,-9.96615696,1,-0.81122005,1,-2.080073595,1,1.106950045,1,0.042481191,0,-0.779092431,0,-0.889125824,0
49.00588608,-4.415786266,1,-1.60348177,1,-10.36722755,1,-0.803679049,1,-2.227344751,1,1.160656333,1,0.035075445,0,-0.787872791,0,-0.883207202,0
49.00989151,-4.304587364,1,-1.678227425,1,-10.22636223,1,-0.771643043,1,-2.373891592,1,1.162672281,1,0.027474927,0,-0.79720813,0,-0.877008319,0
49.01389694,-4.405639172,1,-1.509556174,1,-11.45990849,1,-0.782984376,1,-2.591312885,1,1.277467728,1,0.019528387,0,-0.807269394,0,-0.870258868,0
49.01789475,-4.573658943,1,-1.060363412,1,-12.06700516,1,-0.744915903,1,-2.769818068,1,1.30748117,1,0.011188441,0,-0.818050623,0,-0.862993956,0
49.02189636,-3.963689566,1,-1.285462856,1,-12.32518291,1,-0.723315299,1,-3.012131214,1,1.372826099,1,0.002548009,0,-0.829632282,0,-0.85522151,0
49.02589798,-3.935859442,1,-1.643467307,1,-12.83901215,1,-0.685493112,1,-3.272917271,1,1.41800034,1,-0.006486205,0,-0.842190504,0,-0.846847713,0
49.02989578,-4.381889343,1,-2.553557634,1,-13.18652725,1,-0.664343178,1,-3.561918974,1,1.48922956,1,-0.015951063,0,-0.855813205,0,-0.837813437,0
49.03389359,-5.10460186,1,-4.605745792,1,-13.41790295,1,-0.682837903,1,-3.812548161,1,1.597989202,1,-0.026189419,0,-0.87042892,0,-0.827863336,0
49.0378952,-7.237034798,1,-10.06716633,1,-16.42363548,1,-0.952682793,1,-3.901785374,1,1.662734151,1,-0.037861567,0,-0.885776877,0,-0.816744387,0
49.04189301,2.628813267,1,0.310478538,1,-12.16100597,1,-0.535743773,1,-4.68667078,1,1.871310234,1,-0.050165281,0,-0.902055025,0,-0.804883897,0
49.04589081,-9.568322182,1,-6.09479332,1,-14.63927269,1,-0.647095203,1,-4.610341549,1,2.034971476,1,-0.064050846,0,-0.9202075,0,-0.790446758,0
49.04989243,-10.69065666,1,-12.07065392,1,-13.6993866,1,-0.921603143,1,-4.679762363,1,2.327322006,1,-0.08059945,0,-0.938151717,0,-0.773582876,0
49.05389023,-6.818573475,1,-13.6825161,1,-13.35927677,1,-1.328032017,1,-4.871351719,1,2.456967592,1,-0.100780807,0,-0.956243753,0,-0.75432837,0
49.05789185,-5.672392368,1,-11.90968037,1,-13.29432583,1,-1.660959482,1,-5.072655201,1,2.740609884,1,-0.124862619,0,-0.974859715,0,-0.732300282,0
49.06189346,-7.3306036,1,-11.70460606,1,-14.41044617,1,-1.971926928,1,-5.224647522,1,3.052981138,1,-0.153723523,0,-0.993667305,0,-0.706380904,0
49.06589127,-9.523154259,1,-11.31533813,1,-15.51507759,1,-2.250463009,1,-5.330528736,1,3.28476119,1,-0.187453479,0,-1.012320995,0,-0.67642653,0
49.06988907,-12.48679066,1,-10.72168827,1,-15.91023159,1,-2.425457239,1,-5.352520466,1,3.40826273,1,-0.225356296,0,-1.030514359,0,-0.642950714,0
49.07389069,-13.89493942,1,-9.107833862,1,-15.62746334,1,-2.53749752,1,-5.307344437,1,3.536143064,1,-0.267026871,0,-1.047839403,0,-0.606129527,0
49.07788849,-13.84107018,1,-8.847277641,1,-15.45315075,1,-2.707390547,1,-5.265855312,1,3.759980917,1,-0.312827349,0,-1.06393075,0,-0.565530837,0
49.08188629,-12.30979919,1,-7.714788914,1,-15.01086807,1,-2.919139862,1,-5.272070885,1,3.917469978,1,-0.363556981,0,-1.078690648,0,-0.520586133,0
49.08588791,-14.76806736,1,-7.17387104,1,-15.28397465,1,-2.992855787,1,-5.303965569,1,3.927098751,1,-0.418253332,0,-1.092279911,0,-0.47217384,0
49.08988953,-17.98984909,1,-6.733166218,1,-15.135499,1,-2.942822218,1,-5.225908279,1,3.963917255,1,-0.475767642,0,-1.104454756,0,-0.420939595,0
49.09388733,-20.67417908,1,-6.703822613,1,-15.62015724,1,-2.879347801,1,-5.001198769,1,4.020082474,1,-0.535472333,0,-1.114653349,0,-0.367270648,0
49.09788895,-20.94316292,1,-6.342646122,1,-15.03418064,1,-2.771857023,1,-4.767438412,1,3.984875202,1,-0.596221745,0,-1.122516513,0,-0.312329352,0
49.10188675,-21.67494202,1,-7.217331409,1,-13.21433449,1,-2.654327393,1,-4.612195492,1,4.032277107,1,-0.657233655,0,-1.128361464,0,-0.256736219,0
49.10588455,-19.15672684,1,-6.847340107,1,-10.92802811,1,-2.701814413,1,-4.440970421,1,4.30277729,1,-0.719495416,0,-1.131738782,0,-0.199668333,0
49.10988617,-16.47123146,1,-6.827100277,1,-10.12308216,1,-2.94265604,1,-4.379818439,1,4.507963657,1,-0.784007192,0,-1.132579803,0,-0.140864804,0
49.11388397,-17.22341919,1,-4.980772972,1,-8.59352684,1,-3.159711361,1,-4.080433369,1,4.519970894,1,-0.848991632,0,-1.131005883,0,-0.082600161,0
49.11788559,-14.04303455,1,-3.125737667,1,-8.530722618,1,-3.357651234,1,-3.66133213,1,4.460162163,1,-0.911533654,0,-1.127035379,0,-0.027864657,0
49.12188721,-12.99242878,1,-1.065274835,1,-8.204485893,1,-3.456345081,1,-3.216407537,1,4.40282011,1,-0.970106423,0,-1.120802402,0,0.021968499,0
49.12588501,-16.9461956,1,-0.584331036,1,-10.67439842,1,-3.4112885,1,-2.784582376,1,4.217329979,1,-1.023890734,0,-1.112828016,0,0.066446543,0
49.12989044,-20.54744148,1,-1.36764133,1,-12.97317886,1,-3.084567308,1,-2.248688459,1,3.812291384,1,-1.070548177,0,-1.103894711,0,0.10400074,0
49.13389206,-18.92027473,1,-0.342783988,1,-13.03070831,1,-2.739699841,1,-1.781396508,1,3.39597249,1,-1.109232306,0,-1.094898343,0,0.134373263,0
49.13788986,-23.03047752,1,3.614310741,1,-13.92190361,1,-2.202563763,1,-1.546277165,1,3.034256935,1,-1.141286731,0,-1.086074591,0,0.159224838,0
49.14188767,-30.6182003,1,3.055599689,1,-16.20331192,1,-1.662597656,1,-0.826576829,1,2.699059725,1,-1.166043997,0,-1.077651024,0,0.178687587,0
49.14588928,-19.34514809,1,-1.87214613,1,-14.36616135,1,-1.560808301,1,0.007441561,1,2.483750105,1,-1.182444811,0,-1.068693638,0,0.190044925,0
49.14988709,-9.071277618,1,-5.371746063,1,-11.14677811,1,-1.419191122,1,0.446418315,1,2.189659834,1,-1.19308567,0,-1.059627175,0,0.195356831,0
49.1538887,-6.657846928,1,-7.321665287,1,-9.266602516,1,-1.223479986,1,0.615339637,1,1.925069332,1,-1.200099587,0,-1.051217198,0,0.19738239,0
49.15789032,-7.821393013,1,-7.218856812,1,-9.181885719,1,-1.26873076,1,0.743227839,1,1.829060555,1,-1.205267906,0,-1.043277144,0,0.197689787,0
49.16188812,-7.825698376,1,-7.406968594,1,-9.486519814,1,-1.543655038,1,0.899576187,1,1.813667774,1,-1.210050583,0,-1.035308838,0,0.196740821,0
49.16588593,-5.365778923,1,-7.786931992,1,-8.177260399,1,-1.787981391,1,0.993207693,1,1.754719973,1,-1.214961529,0,-1.027279735,0,0.194665998,0
49.16988754,-3.468392372,1,-7.408316612,1,-6.655714035,1,-1.905419111,1,0.994759023,1,1.647269964,1,-1.220120907,0,-1.019503832,0,0.192023814,0
49.17388535,-2.779333353,1,-6.717969418,1,-5.957018852,1,-1.967085242,1,1.024795175,1,1.529917359,1,-1.225251317,0,-1.012152672,0,0.188951448,0
49.17788315,-2.217709064,1,-5.967213631,1,-5.736186504,1,-2.021918058,1,1.070289254,1,1.425567269,1,-1.230140686,0,-1.005181193,0,0.185289472,0
49.18188477,-2.126955509,1,-5.544080257,1,-5.633760929,1,-2.037140369,1,1.106055856,1,1.2992872,1,-1.234704256,0,-0.998583198,0,0.181054026,0
49.18588257,-2.230089664,1,-5.575746059,1,-5.530694485,1,-1.998625517,1,1.143463373,1,1.140390754,1,-1.238708615,0,-0.992487609,0,0.176199481,0
49.18988419,-2.023143291,1,-5.803893566,1,-5.263975143,1,-1.949256659,1,1.190828323,1,0.964328408,1,-1.241961718,0,-0.986985385,0,0.170636728,0
49.1938858,-1.371392965,1,-6.063586712,1,-5.021640301,1,-1.904010177,1,1.238219738,1,0.780511379,1,-1.248334289,0,-0.981798649,0,0.146059036,0
49.19788361,-0.950016558,1,-6.370337009,1,-4.851376534,1,-1.879987597,1,1.275823236,1,0.601270616,1,-1.250096083,0,-0.977585196,0,0.139074266,0
49.20188141,-0.840852141,1,-6.851091385,1,-4.834143639,1,-1.855433106,1,1.320550084,1,0.430777073,1,-1.251254678,0,-0.973986983,0,0.131453767,0
49.20588303,-0.933299959,1,-7.182843208,1,-4.708429813,1,-1.857546449,1,1.380103707,1,0.25825575,1,-1.251803756,0,-0.970984399,0,0.123126782,0
49.20988083,-0.883932948,1,-7.422851086,1,-4.61123991,1,-1.867895484,1,1.44735074,1,0.075980432,1,-1.251732349,0,-0.968582392,0,0.114004895,0
49.21388245,-0.851723135,1,-7.548474312,1,-4.49131918,1,-1.880181313,1,1.519609928,1,-0.095530547,1,-1.251037121,0,-0.966750324,0,0.104059331,0
49.21788025,-0.852624655,1,-7.513496399,1,-4.453298569,1,-1.896468639,1,1.610344172,1,-0.260511726,1,-1.24967432,0,-0.965457618,0,0.093219757,0
49.22188187,-1.06713295,1,-7.517229557,1,-4.442215919,1,-1.90170908,1,1.702854753,1,-0.427612901,1,-1.247565269,0,-0.964672863,0,0.081419595,0
49.22587967,-1.28674829,1,-7.491996765,1,-4.37046814,1,-1.902452111,1,1.818217278,1,-0.588187993,1,-1.244626164,0,-0.964352667,0,0.068580404,0
49.22988129,-1.3522228,1,-7.422918797,1,-4.429764271,1,-1.886198163,1,1.947874188,1,-0.743848085,1,-1.240681171,0,-0.964447379,0,0.054542627,0
49.23387909,-1.525922656,1,-7.252438545,1,-4.442937374,1,-1.856060624,1,2.08807683,1,-0.892484903,1,-1.235625982,0,-0.964910507,0,0.039277289,0
49.23787689,-1.662213445,1,-7.085962296,1,-4.48319006,1,-1.816997886,1,2.232896566,1,-1.034532785,1,-1.229361534,0,-0.965679765,0,0.022728845,0
49.24187851,-1.647802234,1,-6.880889416,1,-4.428529263,1,-1.755326033,1,2.38274312,1,-1.164953232,1,-1.221794963,0,-0.966700375,0,0.004837704,0
49.24587631,-1.832309484,1,-6.68036747,1,-4.482528687,1,-1.682529211,1,2.531903505,1,-1.29415977,1,-1.212812543,0,-0.967925429,0,-0.014412588,0
49.24988174,-1.975308299,1,-6.542191505,1,-4.4720788,1,-1.603475451,1,2.682417154,1,-1.415949464,1,-1.202388525,0,-0.969289362,0,-0.035039581,0
49.25388336,-2.015279531,1,-6.456738949,1,-4.458110809,1,-1.512878418,1,2.844540119,1,-1.534551144,1,-1.190454841,0,-0.970738053,0,-0.057061821,0
49.25788117,-1.979150295,1,-6.365703106,1,-4.38121748,1,-1.420130968,1,2.9938972,1,-1.64572072,1,-1.176973104,0,-0.972222745,0,-0.080483563,0
49.26188278,-2.16133976,1,-6.285108089,1,-4.366997719,1,-1.320023894,1,3.131365061,1,-1.74799037,1,-1.162003636,0,-0.973680317,0,-0.10521739,0
49.2658844,-2.30475378,1,-6.162461281,1,-4.387668133,1,-1.21936655,1,3.268503666,1,-1.848840356,1,-1.145535231,0,-0.975059152,0,-0.131253362,0
49.2698822,-2.531621933,1,-6.134635448,1,-4.416240215,1,-1.114211798,1,3.402423382,1,-1.946193695,1,-1.12759316,0,-0.976338327,0,-0.158541307,0
49.27388001,-2.786165476,1,-6.101534367,1,-4.367875099,1,-1.008118987,1,3.52802062,1,-2.047307491,1,-1.10819757,0,-0.977456868,0,-0.187064365,0
49.27788162,-3.08704114,1,-6.091035366,1,-4.395545006,1,-0.904138803,1,3.65130949,1,-2.141550541,1,-1.087387562,0,-0.978378475,0,-0.216761976,0
49.28187943,-3.371455431,1,-6.158304691,1,-4.393836975,1,-0.80535084,1,3.769962788,1,-2.241256952,1,-1.065189242,0,-0.979044318,0,-0.247630641,0
49.28588104,-3.696998119,1,-6.306650162,1,-4.426942348,1,-0.712234199,1,3.886892796,1,-2.332590103,1,-1.041657686,0,-0.979420125,0,-0.279632509,0
49.28987885,-4.002788067,1,-6.574970245,1,-4.395225048,1,-0.627688169,1,3.995121479,1,-2.434686184,1,-1.016882539,0,-0.97946012,0,-0.312694132,0
49.29387665,-4.319013119,1,-6.710315704,1,-4.439223289,1,-0.55709517,1,4.091515064,1,-2.543772459,1,-0.990968883,0,-0.979177952,0,-0.346760929,0
49.29787827,-4.568565369,1,-6.771060944,1,-4.348660469,1,-0.503112972,1,4.180362225,1,-2.653994322,1,-0.964027643,0,-0.978540897,0,-0.381777048,0
49.30187988,-4.608472824,1,-6.896113873,1,-4.29877615,1,-0.463934183,1,4.26216507,1,-2.768537521,1,-0.936199248,0,-0.977543235,0,-0.417664647,0
49.30587769,-4.668753147,1,-6.941308022,1,-4.231210232,1,-0.428901464,1,4.32104826,1,-2.873193264,1,-0.907641113,0,-0.976155639,0,-0.454272926,0
49.30987549,-4.690088749,1,-7.024914742,1,-4.152876854,1,-0.396059364,1,4.366627693,1,-2.977600098,1,-0.878477514,0,-0.974373102,0,-0.49148801,0
49.31387711,-4.750114441,1,-7.110068798,1,-4.120959759,1,-0.366507202,1,4.396453857,1,-3.077566862,1,-0.848848522,0,-0.97219187,0,-0.529164672,0
49.31787491,-4.977389812,1,-7.127214432,1,-4.127402306,1,-0.339243472,1,4.417579651,1,-3.173790216,1,-0.818885148,0,-0.969606876,0,-0.567171037,0
49.32187653,-5.224579811,1,-7.18832016,1,-4.123545647,1,-0.320150524,1,4.430095196,1,-3.268155575,1,-0.788694799,0,-0.966603518,0,-0.605416715,0
49.32587814,-5.561141491,1,-7.22124815,1,-4.155384064,1,-0.292172134,1,4.446442127,1,-3.358646631,1,-0.758335173,0,-0.963170886,0,-0.64384675,0
49.32987595,-5.806053162,1,-7.237184048,1,-4.16955471,1,-0.262443721,1,4.459472179,1,-3.450064659,1,-0.727839112,0,-0.959278643,0,-0.682398915,0
49.33387375,-6.071808815,1,-7.24860239,1,-4.27536726,1,-0.229251981,1,4.46427393,1,-3.533145428,1,-0.697255135,0,-0.954908431,0,-0.721010447,0
49.33787537,-6.197347164,1,-7.178842545,1,-4.356036663,1,-0.180921286,1,4.474424839,1,-3.629287481,1,-0.666592777,0,-0.950049698,0,-0.759644747,0
49.34187317,-6.379382133,1,-7.045638561,1,-4.475979805,1,-0.131315514,1,4.474045277,1,-3.707734585,1,-0.635912716,0,-0.944707036,0,-0.7982077,0
49.34587097,-6.61564827,1,-6.964313984,1,-4.578652382,1,-0.065099783,1,4.474862099,1,-3.783364534,1,-0.605255008,0,-0.938868761,0,-0.836610794,0
49.34987259,-6.85144949,1,-6.837909698,1,-4.721338749,1,0.00626605,1,4.468972206,1,-3.854144812,1,-0.574652493,0,-0.932511687,0,-0.874781251,0
49.35387039,-7.114537239,1,-6.677512646,1,-4.882120132,1,0.101852357,1,4.466836929,1,-3.921994448,1,-0.544099629,0,-0.925608695,0,-0.912651062,0
49.35787201,-7.443976402,1,-6.581068039,1,-5.005536079,1,0.197810009,1,4.47247076,1,-3.985414505,1,-0.513609946,0,-0.91814059,0,-0.950172424,0
49.36187363,-7.722640991,1,-6.47862196,1,-5.223424435,1,0.313234329,1,4.477035046,1,-4.040321827,1,-0.483186066,0,-0.910093307,0,-0.987292111,0
49.36587143,-7.944340229,1,-6.479557991,1,-5.355532169,1,0.419347972,1,4.485456467,1,-4.095678329,1,-0.45289731,0,-0.901431501,0,-1.0239259,0
49.36987686,-8.135896683,1,-6.482226849,1,-5.545808315,1,0.532837331,1,4.489987373,1,-4.136820316,1,-0.422795922,0,-0.892159939,0,-1.060021281,0
49.37387848,-8.289381981,1,-6.515052795,1,-5.727458477,1,0.633731544,1,4.493755817,1,-4.175282955,1,-0.392966866,0,-0.882257581,0,-1.095488429,0
49.37787628,-8.480014801,1,-6.546387672,1,-5.914442539,1,0.73776567,1,4.497823715,1,-4.201069832,1,-0.363514036,0,-0.871740937,0,-1.130227566,0
49.38187408,-8.657752037,1,-6.560236931,1,-6.092503548,1,0.844582617,1,4.495347023,1,-4.227248192,1,-0.334482193,0,-0.860607028,0,-1.164180994,0
49.3858757,-8.849476814,1,-6.565763474,1,-6.285414219,1,0.945334554,1,4.490558147,1,-4.241112709,1,-0.305926234,0,-0.848882079,0,-1.197290897,0
49.38987351,-9.031053543,1,-6.577049255,1,-6.517044544,1,1.050857544,1,4.477029324,1,-4.249746323,1,-0.277891904,0,-0.836587548,0,-1.229493856,0
49.39387512,-9.306163788,1,-6.641081333,1,-6.760327339,1,1.150664687,1,4.468218803,1,-4.252576828,1,-0.250428498,0,-0.82374227,0,-1.260742426,0
49.39787293,-9.602041245,1,-6.703485489,1,-7.007915497,1,1.249481201,1,4.45997858,1,-4.249639511,1,-0.223551527,0,-0.810375214,0,-1.291014194,0
49.40187073,-9.937779427,1,-6.864957333,1,-7.250986099,1,1.341004729,1,4.443788528,1,-4.240799904,1,-0.197293252,0,-0.796503842,0,-1.320292234,0
49.40587235,-10.3341732,1,-7.045920372,1,-7.524166584,1,1.427850842,1,4.430062771,1,-4.228629589,1,-0.171670482,0,-0.782164335,0,-1.348566532,0
49.40987778,-10.65562534,1,-7.208915234,1,-7.739462376,1,1.502006412,1,4.415789604,1,-4.221189499,1,-0.146714061,0,-0.767364085,0,-1.375850558,0
49.41387177,-11.048913,1,-7.395679474,1,-8.00236702,1,1.561087489,1,4.399729252,1,-4.216213703,1,-0.122446164,0,-0.752153695,0,-1.402176261,0
49.41786957,-11.50958252,1,-7.642245293,1,-8.219846725,1,1.618891478,1,4.383672237,1,-4.220558167,1,-0.098850183,0,-0.736560702,0,-1.427608013,0
49.421875,-11.94856453,1,-7.812666416,1,-8.476663589,1,1.666546583,1,4.361618996,1,-4.228288651,1,-0.075905494,0,-0.720608652,0,-1.452202439,0
49.42586899,-12.46475697,1,-7.983276367,1,-8.798958778,1,1.725968719,1,4.334035397,1,-4.252562046,1,-0.053531356,0,-0.704346955,0,-1.476046085,0
49.42987442,-13.11403179,1,-8.140524864,1,-9.144165039,1,1.780706644,1,4.296448231,1,-4.301654816,1,-0.031623133,0,-0.687830448,0,-1.499274731,0
49.43387604,-13.95176792,1,-8.401556969,1,-9.549309731,1,1.825568795,1,4.263704777,1,-4.370200157,1,-0.010116603,0,-0.671067595,0,-1.522019506,0
49.43787384,-14.85865021,1,-8.747060776,1,-10.02614975,1,1.866912961,1,4.219427109,1,-4.471199512,1,0.011066509,0,-0.65409255,0,-1.544436812,0
49.44187164,-15.94325829,1,-9.18543148,1,-10.48721504,1,1.88523984,1,4.175736427,1,-4.59452343,1,0.031943753,0,-0.636915505,0,-1.566666245,0
49.44587326,-17.2917099,1,-9.674196243,1,-10.97681522,1,1.894286752,1,4.13544178,1,-4.74593544,1,0.045557156,0,-0.617170215,0,-1.61118722,0
49.44987106,-18.74886322,1,-10.26122856,1,-11.41895294,1,1.878467202,1,4.10982275,1,-4.923742294,1,0.065918349,0,-0.599620461,0,-1.633596897,0
49.45387268,-20.37401962,1,-10.79125118,1,-11.95931339,1,1.84823966,1,4.081994057,1,-5.128454685,1,0.085983373,0,-0.581758142,0,-1.656222343,0
49.4578743,-22.17927742,1,-11.08965874,1,-12.42745304,1,1.7928406,1,4.047383785,1,-5.362253189,1,0.105721675,0,-0.563571692,0,-1.679210067,0
49.4618721,-24.22628212,1,-10.99840164,1,-12.74566841,1,1.72941184,1,4.016965389,1,-5.611508369,1,0.125111863,0,-0.545031488,0,-1.70265758,0
49.4658699,-26.30858803,1,-10.66093922,1,-12.83299923,1,1.677037239,1,3.987073421,1,-5.885430336,1,0.144173011,0,-0.526079476,0,-1.726660967,0
49.46987152,-28.41834259,1,-10.09609032,1,-12.58901215,1,1.648535848,1,3.972869396,1,-6.163075447,1,0.162959471,0,-0.5066576,0,-1.751248837,0
49.47386932,-30.47590637,1,-9.443165779,1,-12.17958736,1,1.655200005,1,3.957034588,1,-6.433176041,1,0.181541681,0,-0.486714602,0,-1.776399016,0
49.47786713,-32.1048317,1,-8.843017578,1,-11.26292515,1,1.684358478,1,3.932440281,1,-6.677043915,1,0.199963316,0,-0.466244191,0,-1.802025557,0
49.48186874,-33.32509613,1,-7.296693802,1,-9.406857491,1,1.74322927,1,3.890437365,1,-6.904076099,1,0.218246996,0,-0.445309818,0,-1.827997208,0
49.48586655,-29.9132309,1,3.728532553,1,-10.5202961,1,1.945797682,1,3.61040926,1,-7.244614601,1,0.236742929,0,-0.424202919,0,-1.854602933,0
49.48986816,-25.73774147,1,6.933167458,1,-10.14605522,1,2.210505247,1,3.243335962,1,-7.498387337,1,0.256155074,0,-0.403719246,0,-1.882211685,0
49.4938736,-27.39885521,1,5.077065468,1,-7.359731674,1,2.597311974,1,3.014702797,1,-7.71879673,1,0.276556641,0,-0.383642077,0,-1.910445452,0
49.49787903,-30.83826447,1,4.950006008,1,-5.870531082,1,2.971966505,1,2.764030933,1,-7.810632229,1,0.298128724,0,-0.363732815,0,-1.938975453,0
49.50187683,-32.00505447,1,3.952236652,1,-4.268031597,1,3.169329166,1,2.527801514,1,-7.750561714,1,0.32022959,0,-0.344166696,0,-1.967174768,0
49.50587845,-32.52362442,1,3.52636075,1,-2.502464533,1,3.197794914,1,2.272129059,1,-7.590846062,1,0.342013299,0,-0.325096846,0,-1.9946208,0
49.50987625,-32.80563354,1,3.888208866,1,-0.811910272,1,3.144663811,1,2.01340127,1,-7.301041603,1,0.362887025,0,-0.306754321,0,-2.020938635,0
49.51387787,-32.1104126,1,5.463770866,1,0.549064755,1,3.117027521,1,1.7382375,1,-6.930160999,1,0.382712364,0,-0.28938961,0,-2.045825243,0
49.51787949,-30.87945557,1,7.841529846,1,1.588178754,1,3.136061668,1,1.436920404,1,-6.508449078,1,0.401680291,0,-0.273232728,0,-2.069152832,0
49.52187729,-29.87741852,1,10.69062901,1,2.486766577,1,3.1908319,1,1.085473061,1,-6.065439224,1,0.420065343,0,-0.25856024,0,-2.090958834,0
49.52587509,-29.97983932,1,13.01974678,1,3.42782259,1,3.22641921,1,0.737200558,1,-5.665408611,1,0.438012064,0,-0.245489687,0,-2.111423254,0
49.52987671,-30.85927963,1,13.82118416,1,4.309283733,1,3.191011906,1,0.414525241,1,-5.280306339,1,0.455461204,0,-0.233954206,0,-2.130730391,0
49.53387451,-31.71086121,1,13.62672806,1,5.330091,1,3.05502367,1,0.109703355,1,-4.90096283,1,0.472111523,0,-0.223909631,0,-2.148948908,0
49.53787613,-32.4088974,1,13.57273579,1,5.975435734,1,2.834012508,1,-0.184007362,1,-4.491990089,1,0.487646103,0,-0.215369284,0,-2.166105986,0
49.54187775,-33.05039978,1,13.7002058,1,6.468144894,1,2.55916357,1,-0.456492752,1,-4.074053764,1,0.501815557,0,-0.208363637,0,-2.182162285,0
49.54587555,-33.87976456,1,13.60751629,1,6.776859283,1,2.236997604,1,-0.659008265,1,-3.636787176,1,0.514450848,0,-0.20281601,0,-2.197041035,0
49.54987335,-34.18455505,1,12.81070709,1,6.690344334,1,1.882920623,1,-0.808916628,1,-3.180486917,1,0.525405169,0,-0.198598564,0,-2.210631609,0
49.55387497,-31.8042202,1,9.939265251,1,5.009633541,1,1.415892363,1,-0.977687657,1,-2.663110733,1,0.534441173,0,-0.195722818,0,-2.222763538,0
49.55787277,-8.315437317,1,-12.63207245,1,4.25787735,1,-0.905364394,1,-1.764987588,1,-1.756983399,1,0.538033605,0,-0.195610285,0,-2.233312845,0
49.56187058,-47.38864899,1,-3.616426945,1,12.08225155,1,-2.786524773,1,-3.312829494,1,-0.463926792,1,0.532164097,0,-0.202413052,0,-2.242617369,0
49.56587219,-32.91596222,1,5.450431824,1,14.65264225,1,-3.952790737,1,-3.404780149,1,0.188382253,1,0.519977808,0,-0.21384798,0,-2.24998045,0
49.56987,9.454442978,1,15.37889767,1,12.79978466,1,-3.392321587,1,-3.620895863,1,0.933442295,1,0.506136119,0,-0.227054998,0,-2.254939079,0
49.57387161,19.17995071,1,10.62505913,1,-0.863938749,1,-3.660536528,1,-4.365936756,1,1.590628982,1,0.493239969,0,-0.243377417,0,-2.258122921,0
49.57787323,-5.04214716,1,16.54330063,1,-18.04952431,1,-3.710794449,1,-5.134149551,1,2.032441378,1,0.478877753,0,-0.263829023,0,-2.260846615,0
49.58187103,-12.27935791,1,12.60573006,1,-32.43397141,1,-3.231844902,1,-4.728989601,1,2.04731369,1,0.465327531,0,-0.285320461,0,-2.262619972,0
49.58586884,-2.529165268,1,5.04156208,1,-38.7190094,1,-2.512567282,1,-3.889300585,1,1.965020061,1,0.453990877,0,-0.304288983,0,-2.263053894,0
49.58987045,-1.968976259,1,3.583856583,1,-32.57261276,1,-1.912363172,1,-3.461891651,1,2.181478739,1,0.445142746,0,-0.32089448,0,-2.261844158,0
49.59386826,-12.29565048,1,6.893181324,1,-24.38646317,1,-1.55805397,1,-3.141066313,1,2.268113136,1,0.437244058,0,-0.336742282,0,-2.259347439,0
49.59786987,-6.211319923,1,9.566135406,1,-19.12358856,1,-1.168715239,1,-3.10237956,1,2.446757555,1,0.430641532,0,-0.351841748,0,-2.255828857,0
49.60187149,-5.75690794,1,15.84461594,1,-15.51606369,1,-0.875504136,1,-3.597124338,1,3.007100582,1,0.424972355,0,-0.36860013,0,-2.251178265,0
49.60586929,-10.04865742,1,13.59623814,1,-15.97800064,1,-0.526929319,1,-3.944908381,1,3.189990759,1,0.420061707,0,-0.38748467,0,-2.245492458,0
49.6098671,-13.3127737,1,8.828446388,1,-16.50901413,1,-0.295021415,1,-4.019725323,1,3.036450386,1,0.41647023,0,-0.407176882,0,-2.240266323,0
49.61387253,-19.20435905,1,4.159430981,1,-17.34768105,1,-0.201438606,1,-3.92918849,1,2.972579002,1,0.413602769,0,-0.426615506,0,-2.235260963,0
49.61787796,-30.38977623,1,-3.93775177,1,-17.64815331,1,-0.339694351,1,-3.593052864,1,2.770905495,1,0.410408378,0,-0.445159912,0,-2.230257273,0
49.62187576,-32.15983582,1,-10.18026352,1,-16.00137329,1,-0.304818392,1,-2.832499504,1,2.249842167,1,0.407035321,0,-0.460930407,0,-2.225698233,0
49.62587738,-27.74061394,1,-12.5888834,1,-11.70656109,1,-0.248718873,1,-2.190314293,1,1.635540962,1,0.404330671,0,-0.473203897,0,-2.222087145,0
49.62987518,-19.53066826,1,-13.08814907,1,-8.005408287,1,-0.316835046,1,-1.840039372,1,1.235119224,1,0.402139813,0,-0.482779145,0,-2.219746351,0
49.6338768,-9.842933655,1,-10.35779572,1,-4.663827896,1,-0.535561502,1,-1.671378613,1,1.094190478,1,0.399714142,0,-0.4909814,0,-2.218037367,0
49.63787842,-7.450090408,1,-6.859619141,1,-4.769229889,1,-0.865262985,1,-1.729768634,1,1.148792148,1,0.396074861,0,-0.499000072,0,-2.216331959,0
49.64187622,-7.223575115,1,-4.490139008,1,-7.611109734,1,-0.985883176,1,-1.615384102,1,1.095705867,1,0.391442835,0,-0.506931305,0,-2.214535713,0
49.64587402,-8.506418228,1,-2.453770399,1,-11.13331127,1,-1.021474481,1,-1.368152022,1,1.033338308,1,0.386484802,0,-0.514097035,0,-2.21260047,0
49.64987564,-10.01779461,1,-0.515732646,1,-11.98363113,1,-0.924740732,1,-0.94918859,1,0.974600911,1,0.381414503,0,-0.519929111,0,-2.210306883,0
49.65387344,-8.599804878,1,1.999109864,1,-9.795741081,1,-0.770605505,1,-0.618034303,1,0.912633657,1,0.376698434,0,-0.524193108,0,-2.207588434,0
49.65787125,-9.837135315,1,1.479420066,1,-8.648200989,1,-0.671045661,1,-0.425327629,1,0.814250767,1,0.37239328,0,-0.527393818,0,-2.204735756,0
49.66187286,-9.945174217,1,-1.05437696,1,-7.734957218,1,-0.633360445,1,-0.266362429,1,0.678512692,1,0.368424028,0,-0.529735029,0,-2.20205307,0
49.66587067,-9.320236206,1,-3.72924161,1,-8.389705658,1,-0.564079046,1,-0.18477346,1,0.509872317,1,0.364918739,0,-0.531436205,0,-2.199856758,0
49.66987228,-8.640402794,1,-5.317019463,1,-8.908564568,1,-0.559613585,1,-0.127136588,1,0.418425113,1,0.361814678,0,-0.532660365,0,-2.198126793,0
49.6738739,-7.757146835,1,-5.402271271,1,-8.538697243,1,-0.572801828,1,-0.041378621,1,0.445843607,1,0.358674169,0,-0.53356427,0,-2.196409225,0
49.6778717,-6.087809563,1,-5.336083412,1,-8.161218643,1,-0.617125869,1,-0.019111099,1,0.519791543,1,0.355266273,0,-0.534362972,0,-2.194347143,0
49.68186951,-5.370403767,1,-5.880504608,1,-8.806519508,1,-0.680284023,1,-0.006305567,1,0.574217558,1,0.351436675,0,-0.535157859,0,-2.191957474,0
49.68587112,-5.160550594,1,-5.229055405,1,-8.947390556,1,-0.705776453,1,-0.032048076,1,0.580035925,1,0.347383857,0,-0.53601861,0,-2.189467669,0
49.68986893,-4.684394836,1,-3.899885178,1,-9.008612633,1,-0.723646224,1,-0.072177462,1,0.600923538,1,0.343245447,0,-0.537006974,0,-2.186974764,0
49.69386673,-5.428952694,1,-1.906824708,1,-9.383316994,1,-0.691466153,1,-0.070373803,1,0.623585284,1,0.342951477,0,-0.541717649,0,-2.212585688,0
49.69786835,-4.764775276,1,-1.208960533,1,-9.11161232,1,-0.645878732,1,-0.058123052,1,0.61133194,1,0.33891055,0,-0.542779863,0,-2.209953785,0
49.70186615,-5.048342228,1,-1.405042291,1,-8.699989319,1,-0.585724294,1,-0.083889574,1,0.575474858,1,0.335152447,0,-0.54383707,0,-2.207437277,0
49.70586777,-5.692471981,1,-1.734953284,1,-8.495800018,1,-0.537701607,1,-0.080352724,1,0.514039576,1,0.331717491,0,-0.544854999,0,-2.205159903,0
49.70986939,-5.611818314,1,-1.671147823,1,-8.752158165,1,-0.506992817,1,-0.068706565,1,0.464865983,1,0.328554928,0,-0.545763314,0,-2.203101158,0
49.71386719,-4.977074146,1,-2.024337292,1,-8.926581383,1,-0.478051633,1,-0.070604086,1,0.431976944,1,0.325613081,0,-0.546607792,0,-2.201224566,0
49.71786499,-4.727745056,1,-2.531757116,1,-9.104395866,1,-0.457309395,1,-0.080291227,1,0.416367143,1,0.322824657,0,-0.547427297,0,-2.199455261,0
49.72186661,-4.814592838,1,-2.503904104,1,-9.076478004,1,-0.44667986,1,-0.109385826,1,0.412487984,1,0.320129603,0,-0.548312247,0,-2.197754622,0
49.72586441,-5.407513618,1,-1.736703038,1,-9.052391052,1,-0.404612303,1,-0.133182853,1,0.405523688,1,0.317577362,0,-0.549291849,0,-2.196126938,0
49.72986603,-5.756532669,1,-1.462733388,1,-8.846434593,1,-0.375803977,1,-0.129759103,1,0.401505649,1,0.315177143,0,-0.550298989,0,-2.194517851,0
49.73387528,-5.517261982,1,-1.907084346,1,-8.777886391,1,-0.354204446,1,-0.116629004,1,0.389614969,1,0.312894523,0,-0.551248193,0,-2.192932367,0
49.73788071,-4.749712467,1,-2.659089327,1,-8.541828156,1,-0.347322166,1,-0.125766233,1,0.379015625,1,0.310683101,0,-0.552177668,0,-2.1913836,0
49.74187851,-4.548820496,1,-3.097216845,1,-8.674263954,1,-0.355748981,1,-0.138580382,1,0.379889011,1,0.308487952,0,-0.553140342,0,-2.189870834,0
49.74588013,-4.732370853,1,-2.879420042,1,-8.544608116,1,-0.36616531,1,-0.154495478,1,0.382883668,1,0.306251884,0,-0.554157376,0,-2.188366175,0
49.74987793,-5.099707603,1,-2.218950748,1,-8.613361359,1,-0.363813907,1,-0.165918455,1,0.363002211,1,0.304027498,0,-0.555208266,0,-2.186910152,0
49.75387573,-5.149856091,1,-1.395681262,1,-8.86882019,1,-0.339219421,1,-0.174621016,1,0.329604089,1,0.301924169,0,-0.55627048,0,-2.18559432,0
49.75787735,-4.789872169,1,-0.839983761,1,-9.067686081,1,-0.305301279,1,-0.192021117,1,0.283910841,1,0.300049573,0,-0.557341278,0,-2.184475183,0
49.76187515,-4.493621349,1,-0.900090754,1,-9.171157837,1,-0.26211527,1,-0.2180264,1,0.24772498,1,0.298430055,0,-0.558428705,0,-2.183559656,0
49.76587677,-4.494131565,1,-1.180005431,1,-9.04367733,1,-0.231671378,1,-0.246755153,1,0.209741876,1,0.297068805,0,-0.55958575,0,-2.182849407,0
49.76987839,-4.840667725,1,-1.292056203,1,-8.900172234,1,-0.197349802,1,-0.27164197,1,0.171469584,1,0.295951962,0,-0.560794175,0,-2.182356358,0
49.77387619,-4.930492401,1,-1.166990876,1,-8.862904549,1,-0.166417778,1,-0.283271611,1,0.136275813,1,0.29504928,0,-0.562038243,0,-2.182044029,0
49.77787399,-4.972820282,1,-0.974574387,1,-8.960669518,1,-0.136231065,1,-0.29950121,1,0.097718924,1,0.294370204,0,-0.563299477,0,-2.18191123,0
49.78187561,-4.683089256,1,-1.000390649,1,-8.997630119,1,-0.099902675,1,-0.313934684,1,0.066605479,1,0.293921471,0,-0.564574361,0,-2.181954145,0
49.78587341,-4.649130344,1,-1.2716043,1,-8.956768036,1,-0.073270954,1,-0.341577649,1,0.042501159,1,0.293682516,0,-0.565886676,0,-2.182158232,0
49.78987122,-4.535708904,1,-1.605365276,1,-8.874885559,1,-0.058466576,1,-0.352246612,1,0.032939523,1,0.293582261,0,-0.567253649,0,-2.182468176,0
49.79387283,-4.911393166,1,-2.021671772,1,-8.608455658,1,-0.039838847,1,-0.363003463,1,0.025320334,1,0.293585956,0,-0.568665504,0,-2.182837486,0
49.79787445,-4.942341805,1,-2.659761429,1,-8.265365601,1,-0.038745608,1,-0.355457425,1,0.039707318,1,0.293628514,0,-0.570080459,0,-2.183190584,0
49.80187225,-5.17332077,1,-3.279141903,1,-7.9420681,1,-0.042650875,1,-0.332249165,1,0.054590277,1,0.293599069,0,-0.571463287,0,-2.183449268,0
49.80587387,-5.117688179,1,-3.885560036,1,-7.811954975,1,-0.081072316,1,-0.30776006,1,0.081800073,1,0.293432355,0,-0.57276845,0,-2.183591127,0
49.80987167,-5.017439842,1,-3.902123928,1,-7.612396717,1,-0.107741199,1,-0.279280543,1,0.114804238,1,0.293029487,0,-0.5740031,0,-2.183536291,0
49.81386948,-5.092663765,1,-3.517336845,1,-7.644756794,1,-0.138855174,1,-0.252123266,1,0.149088889,1,0.292405903,0,-0.575172484,0,-2.183305979,0
49.81787109,-5.002159595,1,-3.184693336,1,-7.836908817,1,-0.158538252,1,-0.232518315,1,0.184203371,1,0.29157722,0,-0.576284826,0,-2.182877779,0
49.8218689,-4.852901459,1,-2.913788557,1,-8.063205719,1,-0.178357944,1,-0.226741061,1,0.209857121,1,0.290588021,0,-0.577384412,0,-2.182289362,0
49.82587051,-4.909704685,1,-2.318422079,1,-8.278540611,1,-0.184012741,1,-0.226082608,1,0.229358584,1,0.289478719,0,-0.578503728,0,-2.181600809,0
49.82987213,-4.969295025,1,-1.907244086,1,-8.205073357,1,-0.159409598,1,-0.222543627,1,0.240208372,1,0.288360268,0,-0.579636753,0,-2.180825472,0
49.83386993,-4.909788132,1,-1.935376287,1,-8.27766037,1,-0.140169933,1,-0.223374173,1,0.248877734,1,0.287303507,0,-0.58076793,0,-2.180002213,0
49.83786774,-4.770884991,1,-1.918035507,1,-8.365196228,1,-0.125464484,1,-0.241017789,1,0.256386608,1,0.286310971,0,-0.581948102,0,-2.179153919,0
49.84186935,-4.770780563,1,-1.998713851,1,-8.394618034,1,-0.099337615,1,-0.252872199,1,0.261494994,1,0.28539294,0,-0.583189726,0,-2.178288698,0
49.84586716,-4.628822327,1,-2.064517021,1,-8.516777992,1,-0.096914746,1,-0.270779461,1,0.262836128,1,0.2845155,0,-0.584504068,0,-2.177431345,0
49.84986877,-4.731863976,1,-2.031712294,1,-8.594717026,1,-0.08001738,1,-0.300153106,1,0.268004388,1,0.283693433,0,-0.585893273,0,-2.17660141,0
49.85387421,-4.613910198,1,-2.021458626,1,-8.704322815,1,-0.086528972,1,-0.326491773,1,0.264527142,1,0.282906532,0,-0.587389052,0,-2.175787687,0
49.85787964,-4.599596024,1,-1.693639517,1,-8.709989548,1,-0.076811932,1,-0.35835433,1,0.255212665,1,0.282175422,0,-0.588988364,0,-2.17505908,0
49.86187744,-4.753128052,1,-1.239699483,1,-8.725764275,1,-0.048516095,1,-0.376102358,1,0.241345212,1,0.281560838,0,-0.590676069,0,-2.174407721,0
49.86587906,-4.785063267,1,-1.46478045,1,-8.777746201,1,-0.018851265,1,-0.39923501,1,0.240151346,1,0.281102717,0,-0.592424035,0,-2.173813581,0
49.86987686,-4.616967201,1,-1.973075986,1,-8.671295166,1,-0.028982544,1,-0.42183131,1,0.238085747,1,0.28069675,0,-0.594272494,0,-2.173248053,0
49.87387466,-4.737102032,1,-1.736449838,1,-8.610292435,1,-0.024699645,1,-0.453881204,1,0.230169579,1,0.280299246,0,-0.596215665,0,-2.172750235,0
49.87787628,-4.884551525,1,-1.537197828,1,-8.584498405,1,-0.013932198,1,-0.469799012,1,0.232797384,1,0.279966414,0,-0.59824121,0,-2.172295094,0
49.88187408,-4.984972,1,-1.591997385,1,-8.439468384,1,0.008520979,1,-0.476700276,1,0.222226918,1,0.279720068,0,-0.600307345,0,-2.171861649,0
49.8858757,-5.016505718,1,-1.925620556,1,-8.324983597,1,0.011587597,1,-0.489076197,1,0.219484851,1,0.279552549,0,-0.602407992,0,-2.171483994,0
49.88987732,-5.021346569,1,-2.171803474,1,-8.21709919,1,-0.004167097,1,-0.495147794,1,0.216655359,1,0.279364794,0,-0.604542196,0,-2.171122551,0
49.89387512,-5.023614407,1,-2.034641266,1,-8.051745415,1,-0.007672197,1,-0.503646672,1,0.219862714,1,0.279137313,0,-0.60670352,0,-2.170766354,0
49.89787293,-5.144114971,1,-2.023923874,1,-8.051558495,1,-0.00628509,1,-0.500903547,1,0.223481163,1,0.278902173,0,-0.608883023,0,-2.170406103,0
49.90187454,-5.152366161,1,-2.05896306,1,-7.989264488,1,-0.010823959,1,-0.50034368,1,0.225730807,1,0.278642565,0,-0.611058414,0,-2.170026779,0
49.90587235,-5.22124958,1,-2.125021458,1,-7.909673691,1,-0.018101402,1,-0.498861164,1,0.22028172,1,0.278371215,0,-0.61322701,0,-2.169655561,0
49.90987396,-5.267271042,1,-2.190618038,1,-7.904031754,1,-0.027841458,1,-0.494800895,1,0.217792377,1,0.278063983,0,-0.615383327,0,-2.169284344,0
49.91387177,-5.232198238,1,-2.161061287,1,-7.956311703,1,-0.035146318,1,-0.494430929,1,0.223690271,1,0.277723312,0,-0.617510915,0,-2.168908119,0
49.91786957,-5.356128693,1,-2.350182772,1,-7.912778854,1,-0.053780667,1,-0.498290092,1,0.224037662,1,0.277323514,0,-0.619661987,0,-2.168520927,0
49.92187119,-5.220890999,1,-2.324955702,1,-7.848360062,1,-0.074176885,1,-0.489431947,1,0.222986683,1,0.276840448,0,-0.621798575,0,-2.168129444,0
49.9258728,-5.287831306,1,-2.123092413,1,-7.90696907,1,-0.084899686,1,-0.490328819,1,0.216597944,1,0.276303679,0,-0.623925865,0,-2.16774869,0
49.92987061,-5.209955215,1,-1.992331982,1,-7.939184666,1,-0.094828181,1,-0.487229019,1,0.214189962,1,0.27571696,0,-0.626040459,0,-2.167377234,0
49.93386841,-5.200621605,1,-1.941560745,1,-7.935359478,1,-0.105978966,1,-0.489247024,1,0.211650744,1,0.275104165,0,-0.628154695,0,-2.16701746,0
49.93787003,-5.323451042,1,-1.894492984,1,-7.9044137,1,-0.10335049,1,-0.477538347,1,0.211789981,1,0.274472296,0,-0.630253553,0,-2.166654825,0
49.94186783,-5.360239029,1,-1.862953424,1,-8.002570152,1,-0.1125414,1,-0.476486832,1,0.204667687,1,0.273844302,0,-0.632322133,0,-2.166315317,0
49.94586945,-5.465231419,1,-1.895729542,1,-7.825277328,1,-0.123106107,1,-0.474699557,1,0.203976795,1,0.240895122,0,-0.604991078,0,-2.112576962,0
49.94987106,-5.500175953,1,-1.928547502,1,-7.729735374,1,-0.129780561,1,-0.467075288,1,0.196244895,1,0.239033207,0,-0.608439267,0,-2.142680407,0
49.95386887,-5.571322918,1,-2.152625084,1,-7.723893642,1,-0.145804614,1,-0.462105095,1,0.20618169,1,0.238246724,0,-0.610440135,0,-2.142268419,0
49.95786667,-5.395657539,1,-2.234007597,1,-7.727725029,1,-0.149309143,1,-0.454550713,1,0.20651266,1,0.237396523,0,-0.612406194,0,-2.141822577,0
49.96186829,-5.418479443,1,-2.308051825,1,-7.891076088,1,-0.153473094,1,-0.452567786,1,0.213942334,1,0.236520305,0,-0.614376426,0,-2.141338825,0
49.96586609,-5.265996456,1,-2.200871706,1,-7.917346954,1,-0.157539904,1,-0.457850128,1,0.231742382,1,0.235585451,0,-0.61634922,0,-2.140789747,0
49.96986389,-5.389238358,1,-2.142435312,1,-7.947129726,1,-0.153156176,1,-0.458957523,1,0.24275139,1,0.234609723,0,-0.618352652,0,-2.140175581,0
49.97387314,-5.538857937,1,-2.045884848,1,-8.017926216,1,-0.159178644,1,-0.466894597,1,0.251143336,1,0.233607918,0,-0.620385408,0,-2.139532089,0
49.97787476,-5.470410824,1,-1.953406215,1,-7.906773567,1,-0.154342845,1,-0.473838091,1,0.26126793,1,0.232574284,0,-0.622457862,0,-2.138834,0
49.98187637,-5.526818752,1,-1.92617321,1,-8.010662079,1,-0.148697093,1,-0.482801229,1,0.273642629,1,0.231527105,0,-0.624558568,0,-2.138091087,0
49.98588181,-5.394198895,1,-1.961788774,1,-8.127355576,1,-0.146971583,1,-0.489567578,1,0.276748896,1,0.230485737,0,-0.626695037,0,-2.137319803,0
49.98987961,-5.320124626,1,-1.985611081,1,-8.191464424,1,-0.138782129,1,-0.498009831,1,0.292707294,1,0.229445085,0,-0.628880501,0,-2.136505842,0
49.9938736,-5.515469551,1,-2.176155567,1,-8.20045948,1,-0.149403229,1,-0.512902498,1,0.306398273,1,0.228369445,0,-0.631119728,0,-2.135640144,0
49.99787903,-5.335249901,1,-2.117896318,1,-8.163816452,1,-0.154502824,1,-0.528595269,1,0.316999644,1,0.227227047,0,-0.633423388,0,-2.134714842,0
50.00187683,-5.396170616,1,-1.917500973,1,-8.279909134,1,-0.147602081,1,-0.542921424,1,0.33033821,1,0.226040483,0,-0.635807574,0,-2.133734465,0
50.00587845,-5.405206203,1,-2.026448965,1,-8.344027519,1,-0.149282053,1,-0.564074934,1,0.34350583,1,0.224831536,0,-0.638269186,0,-2.132704496,0
50.00987625,-5.344468594,1,-2.040065289,1,-8.335000038,1,-0.150578439,1,-0.589268386,1,0.364208698,1,0.223581746,0,-0.640823424,0,-2.131617546,0
50.01387024,-5.412818909,1,-2.022509098,1,-8.403688431,1,-0.166171476,1,-0.615799904,1,0.376599014,1,0.222264394,0,-0.643500328,0,-2.130470991,0
50.01787567,-5.371546268,1,-1.959925175,1,-8.456110001,1,-0.170401022,1,-0.643110394,1,0.391309232,1,0.220883697,0,-0.646299899,0,-2.129284859,0
50.02187729,-5.331827164,1,-1.964385509,1,-8.510728836,1,-0.181934625,1,-0.679300547,1,0.403821468,1,0.21943742,0,-0.649234831,0,-2.128065586,0
50.02587509,-5.325583935,1,-2.045599222,1,-8.551739693,1,-0.19357197,1,-0.712830365,1,0.417461425,1,0.217921749,0,-0.652311325,0,-2.126800299,0
50.02987289,-5.43398428,1,-2.013267994,1,-8.524897575,1,-0.193729386,1,-0.745079756,1,0.431661725,1,0.216357499,0,-0.655537963,0,-2.12548995,0
50.03387451,-5.338134289,1,-2.217273474,1,-8.599742889,1,-0.202061787,1,-0.77554214,1,0.449794114,1,0.214735925,0,-0.658886194,0,-2.12413764,0
50.03787231,-5.12430048,1,-1.930196643,1,-8.533209801,1,-0.202668339,1,-0.807406485,1,0.472512901,1,0.21304965,0,-0.662359118,0,-2.122703791,0
50.04187393,-5.311270237,1,-1.906908751,1,-8.479140282,1,-0.205155537,1,-0.837793291,1,0.483281642,1,0.211313292,0,-0.665995955,0,-2.121204853,0
50.04587174,-5.472734928,1,-2.102987766,1,-8.471984863,1,-0.23075375,1,-0.870693922,1,0.495699555,1,0.209501907,0,-0.669748902,0,-2.119677782,0
50.04986954,-5.489276886,1,-2.15344739,1,-8.497249603,1,-0.252708286,1,-0.89538151,1,0.508612871,1,0.207553416,0,-0.673623562,0,-2.118099213,0
50.05387116,-5.467943668,1,-2.279361486,1,-8.548148155,1,-0.288891315,1,-0.920461655,1,0.523002148,1,0.205444053,0,-0.677604377,0,-2.116470098,0
50.05787277,-5.45732069,1,-2.399598598,1,-7.196664333,1,-0.351527572,1,-0.75683707,1,0.448084533,1,0.203101948,0,-0.681343913,0,-2.114856482,0
50.06187058,-7.281382084,1,0.673733056,1,-11.68021107,1,-0.148113966,1,-1.098052144,1,0.540659487,1,0.201358557,0,-0.685773313,0,-2.113344669,0
50.06586838,-5.518676758,1,-2.873315096,1,-7.198973179,1,-0.252033025,1,-1.016566277,1,0.553633273,1,0.199469149,0,-0.690154195,0,-2.111577988,0
50.06987,-5.010792732,1,-6.435730457,1,-8.415521622,1,-0.425797105,1,-1.110698938,1,0.534035385,1,0.197038546,0,-0.694781125,0,-2.109916449,0
50.0738678,-5.19785738,1,-2.529452085,1,-9.419459343,1,-0.454216897,1,-1.152421236,1,0.626715064,1,0.194093138,0,-0.699678838,0,-2.108123541,0
50.07786942,-4.895427227,1,-2.364093304,1,-8.569007874,1,-0.439289778,1,-1.210366964,1,0.714260995,1,0.19082211,0,-0.704816937,0,-2.105849743,0
50.08187103,-5.824052334,1,-3.874878883,1,-8.770526886,1,-0.479567289,1,-1.270586371,1,0.731988847,1,0.187375546,0,-0.710235238,0,-2.103340626,0
50.08586884,-5.668198586,1,-3.452123404,1,-8.988633156,1,-0.553414702,1,-1.332419038,1,0.781459332,1,0.18358247,0,-0.715904832,0,-2.100688219,0
50.08986664,-5.269293785,1,-3.027754307,1,-9.120458603,1,-0.62030071,1,-1.407119036,1,0.838178158,1,0.179297671,0,-0.721878469,0,-2.097765446,0
50.09387207,-5.191820621,1,-2.640826702,1,-9.470108032,1,-0.656813383,1,-1.488247275,1,0.877461016,1,0.174645513,0,-0.728179812,0,-2.094616175,0
50.0978775,-5.17109108,1,-2.416280746,1,-9.377012253,1,-0.687576771,1,-1.58984828,1,0.927327812,1,0.169715509,0,-0.734865189,0,-2.091257095,0
50.10187531,-5.482971191,1,-2.693397999,1,-9.50222683,1,-0.73083663,1,-1.675316215,1,0.961894691,1,0.164474905,0,-0.741929054,0,-2.087699652,0
50.10587692,-5.316063404,1,-2.742970705,1,-9.635795593,1,-0.785600007,1,-1.769300222,1,1.012083769,1,0.158869445,0,-0.749349296,0,-2.083896875,0
50.10987473,-4.928522587,1,-2.483541727,1,-9.748965263,1,-0.808591008,1,-1.880443096,1,1.063262224,1,0.15288882,0,-0.757204354,0,-2.079836845,0
50.11387634,-4.819220066,1,-2.387264252,1,-9.943761826,1,-0.822800934,1,-2.012990475,1,1.115731835,1,0.146639287,0,-0.765554786,0,-2.075507879,0
50.11787796,-4.673591614,1,-2.405112028,1,-10.3540287,1,-0.82471627,1,-2.150595427,1,1.171758771,1,0.14011547,0,-0.77444768,0,-2.070861816,0
50.12187576,-4.686179161,1,-2.737960339,1,-10.86241245,1,-0.843999445,1,-2.308532953,1,1.23879528,1,0.133259878,0,-0.783933342,0,-2.065868855,0
50.12587357,-4.962917328,1,-3.337677002,1,-11.2698698,1,-0.899779201,1,-2.484492302,1,1.313703895,1,0.12593779,0,-0.794100404,0,-2.060460091,0
50.12987518,-5.18684721,1,-3.700761795,1,-11.73343086,1,-0.97714144,1,-2.654607058,1,1.404370904,1,0.117922463,0,-0.804954588,0,-2.054520607,0
50.13387299,-4.406370163,1,-3.922478676,1,-11.73438549,1,-1.031544805,1,-2.866965294,1,1.493882656,1,0.109160691,0,-0.816577733,0,-2.047984362,0
50.1378746,-4.19922781,1,-4.362849236,1,-11.96702862,1,-1.084532142,1,-3.108843803,1,1.61553812,1,0.099598557,0,-0.829119205,0,-2.040721893,0
50.14187622,-4.764817238,1,-5.147844315,1,-12.10075092,1,-1.146118164,1,-3.345932961,1,1.754962087,1,0.089084327,0,-0.842599571,0,-2.032547474,0
50.14587402,-5.371840477,1,-6.48380661,1,-11.96087456,1,-1.217264771,1,-3.561085224,1,1.897397876,1,0.077375978,0,-0.856988847,0,-2.023246288,0
50.14987183,-4.810022831,1,-7.302097321,1,-12.02670956,1,-1.333492517,1,-3.801318645,1,2.079781294,1,0.064207718,0,-0.872225165,0,-2.01264286,0
50.15387344,-5.050755024,1,-7.791540146,1,-12.59756756,1,-1.444576025,1,-4.042595387,1,2.272491932,1,0.049208179,0,-0.888383269,0,-2.000391245,0
50.15787125,-6.261428833,1,-9.490552902,1,-13.66516876,1,-1.578502893,1,-4.196547031,1,2.428625822,1,0.032194804,0,-0.905290961,0,-1.9863379,0
50.16186905,-4.867825031,1,-8.639817238,1,-12.91186333,1,-1.683742881,1,-4.486163139,1,2.711613178,1,0.013216529,0,-0.922797978,0,-1.970408201,0
50.16587067,-6.796371937,1,-10.18416595,1,-13.95831585,1,-1.930602789,1,-4.633159637,1,2.994273663,1,-0.009491901,0,-0.941111326,0,-1.951224804,0
50.16987228,-6.503579617,1,-10.34528446,1,-13.32524681,1,-2.124574184,1,-4.823197365,1,3.231901884,1,-0.035603542,0,-0.95973736,0,-1.929090858,0
50.17387009,-7.331663132,1,-11.36509323,1,-12.67068768,1,-2.411955118,1,-4.96077013,1,3.453954458,1,-0.06552469,0,-0.978606164,0,-1.903777957,0
50.1778717,-11.60941601,1,-12.36633301,1,-13.55283356,1,-2.746885061,1,-4.959164143,1,3.682006598,1,-0.099911921,0,-0.997231841,0,-1.874929786,0
50.18186951,-14.86006927,1,-12.19577885,1,-14.5591116,1,-3.075566769,1,-4.830960274,1,3.860912323,1,-0.138903707,0,-1.014904022,0,-1.842550278,0
50.18586731,-15.81244278,1,-11.50468826,1,-14.28219032,1,-3.35660696,1,-4.682863712,1,3.946293831,1,-0.182100922,0,-1.031179667,0,-1.80706799,0
50.18986893,-15.86142254,1,-10.57308102,1,-13.78765011,1,-3.520565748,1,-4.5540061,1,4.046242714,1,-0.228797793,0,-1.045983791,0,-1.768859267,0
50.19386673,-14.85904312,1,-9.26751709,1,-14.14356136,1,-3.650475264,1,-4.486123562,1,4.259499073,1,-0.277364641,0,-1.062963247,0,-1.753577352,0
50.19786835,-14.0773859,1,-6.561786175,1,-14.35691547,1,-3.667859077,1,-4.483698368,1,4.28017807,1,-0.331708491,0,-1.074894905,0,-1.708371878,0
50.20186997,-16.69784355,1,-4.837979794,1,-14.80203819,1,-3.428864002,1,-4.543721676,1,4.179972172,1,-0.387498796,0,-1.085856676,0,-1.661270738,0
50.20586777,-19.50675201,1,-3.901147604,1,-15.09911442,1,-3.138110876,1,-4.529787064,1,4.224036217,1,-0.444228053,0,-1.095733285,0,-1.612131119,0
50.20986557,-19.89619446,1,-2.520080805,1,-14.48912144,1,-2.849433422,1,-4.466457367,1,4.323271275,1,-0.502244651,0,-1.10394001,0,-1.560477138,0
50.213871,-21.74651909,1,-3.986900568,1,-13.46550465,1,-2.512689114,1,-4.424203873,1,4.422364235,1,-0.561114609,0,-1.11044383,0,-1.506652117,0
50.21787643,-21.82614899,1,-4.968729973,1,-12.34421635,1,-2.409196377,1,-4.240803719,1,4.684364319,1,-0.621157825,0,-1.114714265,0,-1.45058322,0
50.22187424,-18.33168411,1,-7.252028942,1,-9.949100494,1,-2.615834475,1,-4.155648232,1,4.920047283,1,-0.683115542,0,-1.116386294,0,-1.392673969,0
50.22587585,-18.37611198,1,-7.360826492,1,-8.966958046,1,-2.963407516,1,-3.880198479,1,5.007913589,1,-0.746651292,0,-1.115540147,0,-1.334364295,0
50.22987366,-15.39950752,1,-6.525689602,1,-8.310761452,1,-3.279091358,1,-3.342498064,1,4.92403841,1,-0.808604479,0,-1.1118927,0,-1.279255986,0
50.23387528,-16.61357117,1,-4.728348732,1,-9.451194763,1,-3.565046072,1,-2.919362307,1,4.785690308,1,-0.867133796,0,-1.105799079,0,-1.229201078,0
50.23787689,-22.00946808,1,-5.305830479,1,-12.27545643,1,-3.54443264,1,-2.442260265,1,4.425813198,1,-0.9207986,0,-1.098150015,0,-1.185060501,0
50.2418747,-22.83529663,1,-5.798589706,1,-13.53356171,1,-3.469302177,1,-1.938776851,1,4.008189201,1,-0.96765852,0,-1.089592218,0,-1.148105383,0
50.2458725,-17.29783058,1,-2.550058603,1,-13.09159374,1,-3.374315023,1,-1.577492118,1,3.685662746,1,-1.008410811,0,-1.080656528,0,-1.117557526,0
50.24987412,-21.16602325,1,4.132004261,1,-12.80060863,1,-2.814246416,1,-1.570504546,1,3.450820923,1,-1.04460144,0,-1.071613312,0,-1.090663552,0
50.25387192,-28.70011902,1,1.962964058,1,-15.39897633,1,-2.287866831,1,-0.975316763,1,3.164058447,1,-1.074722886,0,-1.062712908,0,-1.067744017,0
50.25786972,-18.65912056,1,-2.349331379,1,-13.81420135,1,-2.154101849,1,-0.270051003,1,2.923505068,1,-1.097510338,0,-1.05302906,0,-1.051802993,0
50.26187134,-9.597229958,1,-6.099482059,1,-10.50536633,1,-1.817924976,1,0.084435597,1,2.525196075,1,-1.114449739,0,-1.043400049,0,-1.041508079,0
50.26586914,-9.332508087,1,-7.980122089,1,-8.673810959,1,-1.544197083,1,0.204195201,1,2.278445959,1,-1.127232552,0,-1.034558892,0,-1.034364104,0
50.26987076,-11.87060833,1,-8.924390793,1,-10.01297569,1,-1.690390944,1,0.387887836,1,2.207538843,1,-1.138216019,0,-1.02595675,0,-1.029006124,0
50.27387238,-10.22794056,1,-10.93296051,1,-9.797369957,1,-1.987391829,1,0.591362357,1,2.107378721,1,-1.148470998,0,-1.017272353,0,-1.025591969,0
50.27787018,-6.591095448,1,-11.6588726,1,-8.336153984,1,-2.241433144,1,0.671526134,1,1.951090336,1,-1.158495069,0,-1.008811355,0,-1.023772836,0
50.28186798,-4.794155598,1,-11.05243778,1,-7.541575909,1,-2.412548304,1,0.69046694,1,1.775816202,1,-1.168541908,0,-1.000897169,0,-1.022917986,0
50.2858696,-4.038674831,1,-10.14955711,1,-7.507833004,1,-2.575645447,1,0.741807759,1,1.606953144,1,-1.178496957,0,-0.993560433,0,-1.022951961,0
50.2898674,-3.363002062,1,-9.036552429,1,-7.492357731,1,-2.666763067,1,0.797247469,1,1.418930531,1,-1.188139915,0,-0.986783385,0,-1.023988485,0
50.29386902,-2.974408627,1,-8.426763535,1,-7.358776569,1,-2.660312891,1,0.851588011,1,1.179331064,1,-1.197105646,0,-0.980718315,0,-1.026041389,0
50.29787064,-2.572348118,1,-8.14840889,1,-7.236314774,1,-2.586427927,1,0.916803062,1,0.902064025,1,-1.204957008,0,-0.975556612,0,-1.029232025,0
50.30186844,-1.896767259,1,-8.20021534,1,-6.935135365,1,-2.491634607,1,0.998909473,1,0.609982371,1,-1.21141994,0,-0.971363366,0,-1.033698797,0
50.30586624,-1.118492007,1,-8.543149948,1,-6.592639446,1,-2.402026176,1,1.083046556,1,0.321491122,1,-1.21646452,0,-0.968167961,0,-1.039438009,0
50.30986786,-0.731033146,1,-9.045892715,1,-6.404180527,1,-2.322278261,1,1.152337909,1,0.037201747,1,-1.220201492,0,-0.965944409,0,-1.04637754,0
50.31386566,-0.496550977,1,-9.502232552,1,-6.303585529,1,-2.267893553,1,1.232112169,1,-0.238807678,1,-1.222705007,0,-0.964693129,0,-1.054493785,0
50.31786346,-0.148462459,1,-9.657782555,1,-6.175611496,1,-2.232547283,1,1.296079278,1,-0.507814467,1,-1.224085927,0,-0.964380205,0,-1.063751101,0
50.32186508,0.041278813,1,-9.488385201,1,-6.054112434,1,-2.196218252,1,1.370944381,1,-0.765650392,1,-1.224449039,0,-0.964967847,0,-1.074094176,0
50.32586289,0.19541873,1,-9.338983536,1,-5.920523643,1,-2.161626577,1,1.450938225,1,-1.012876391,1,-1.22373879,0,-0.966398478,0,-1.085564971,0
50.3298645,0.151642352,1,-9.058639526,1,-5.823801994,1,-2.114182949,1,1.545342088,1,-1.263431191,1,-1.2218678,0,-0.968634367,0,-1.098232031,0
50.33387375,0.154199302,1,-8.889398575,1,-5.698049068,1,-2.045542955,1,1.649767876,1,-1.498023391,1,-1.21865797,0,-0.971629024,0,-1.112209558,0
50.33787918,0.12315841,1,-8.735631943,1,-5.509062767,1,-1.975363374,1,1.757525206,1,-1.733914852,1,-1.214014053,0,-0.975325584,0,-1.127559662,0
50.34187698,0.048714027,1,-8.58597374,1,-5.472440243,1,-1.907521248,1,1.874742508,1,-1.960074782,1,-1.207840204,0,-0.979682863,0,-1.144377947,0
50.3458786,0.187052965,1,-8.550273895,1,-5.444366455,1,-1.843235135,1,1.995472431,1,-2.171960592,1,-1.200079799,0,-0.984623015,0,-1.162735939,0
50.3498764,0.356060535,1,-8.425630569,1,-5.41718483,1,-1.785271287,1,2.105930328,1,-2.376403093,1,-1.190707922,0,-0.990078628,0,-1.18264854,0
50.35387802,0.38628608,1,-8.116832733,1,-5.410650253,1,-1.706280708,1,2.217651844,1,-2.566812277,1,-1.179699302,0,-0.995988548,0,-1.204126239,0
50.35787964,0.337785184,1,-7.698158264,1,-5.434205055,1,-1.623942614,1,2.327550888,1,-2.745645523,1,-1.166968703,0,-1.002269149,0,-1.227197528,0
50.36187744,0.223873839,1,-7.210446835,1,-5.507408142,1,-1.511293769,1,2.454945564,1,-2.910201073,1,-1.152300715,0,-1.008820415,0,-1.251998544,0
50.36587524,0.039333154,1,-6.734648705,1,-5.558907986,1,-1.369883299,1,2.582716465,1,-3.063760042,1,-1.135497212,0,-1.015531182,0,-1.27862978,0
50.36987686,-0.042692672,1,-6.20140028,1,-5.589560986,1,-1.218843579,1,2.728236914,1,-3.201937437,1,-1.116354704,0,-1.022277117,0,-1.30719614,0
50.37387466,-0.152546227,1,-6.000118256,1,-5.575702667,1,-1.052636385,1,2.873653173,1,-3.31794858,1,-1.094741464,0,-1.028917551,0,-1.33777976,0
50.37787628,-0.116894796,1,-5.686497688,1,-5.622607231,1,-0.881371617,1,3.010576725,1,-3.416592836,1,-1.070629597,0,-1.035302997,0,-1.370375276,0
50.38187408,-0.084145881,1,-5.498321533,1,-5.482254028,1,-0.721404135,1,3.146874905,1,-3.490086555,1,-1.044107437,0,-1.041293144,0,-1.404881597,0
50.38587189,-0.112141587,1,-5.306652069,1,-5.395272732,1,-0.569441915,1,3.267995119,1,-3.533802509,1,-1.015334249,0,-1.0467242,0,-1.441153169,0
50.38987351,-0.504573882,1,-5.350231171,1,-5.385428905,1,-0.433664501,1,3.380179405,1,-3.559565067,1,-0.984537363,0,-1.051490188,0,-1.47898066,0
50.39387512,-0.545200944,1,-5.192288876,1,-5.38796711,1,-0.312103778,1,3.493287563,1,-3.569581509,1,-0.951882839,0,-1.055438995,0,-1.518257618,0
50.39787293,-0.761598587,1,-5.180997849,1,-5.279821396,1,-0.199759349,1,3.609548807,1,-3.56182003,1,-0.917613983,0,-1.058475256,0,-1.558767557,0
50.40187073,-0.897494793,1,-5.133792877,1,-5.186244488,1,-0.095100231,1,3.714051247,1,-3.541578054,1,-0.882007003,0,-1.06050086,0,-1.600268364,0
50.40587235,-1.313712001,1,-5.151558399,1,-5.173411846,1,-0.009697063,1,3.812316418,1,-3.507364988,1,-0.845354795,0,-1.061432958,0,-1.642489433,0
50.40987015,-1.456299901,1,-4.831459045,1,-5.216540813,1,0.082370475,1,3.900829315,1,-3.471340179,1,-0.807955027,0,-1.061252594,0,-1.685166359,0
50.41387177,-1.670980096,1,-4.60495615,1,-5.211868763,1,0.169770971,1,3.976715803,1,-3.437773705,1,-0.770070791,0,-1.059956551,0,-1.728005767,0
50.41787338,-1.932175875,1,-4.383368969,1,-5.30427599,1,0.259993494,1,4.047083378,1,-3.401021481,1,-0.731908798,0,-1.057563424,0,-1.770781994,0
50.42187119,-2.28412652,1,-4.167235851,1,-5.391317844,1,0.357935965,1,4.103085995,1,-3.376126766,1,-0.693711042,0,-1.054091573,0,-1.813255906,0
50.42586899,-2.637965441,1,-4.11376667,1,-5.541073322,1,0.459727764,1,4.161989212,1,-3.335247993,1,-0.655650795,0,-1.049557447,0,-1.855210423,0
50.42987061,-3.066376686,1,-4.005930901,1,-5.617683887,1,0.569779634,1,4.229170799,1,-3.303439379,1,-0.617859125,0,-1.043957829,0,-1.896490216,0
50.43386841,-3.526046276,1,-3.987859249,1,-5.803123474,1,0.676418722,1,4.291599751,1,-3.273739815,1,-0.580425858,0,-1.037297249,0,-1.936990619,0
50.43787003,-3.905056715,1,-3.97247839,1,-6.002760887,1,0.787565827,1,4.352627277,1,-3.250531435,1,-0.543507934,0,-1.029628873,0,-1.976554275,0
50.44187164,-4.305410862,1,-4.01564312,1,-6.166565418,1,0.899949729,1,4.407616138,1,-3.21751523,1,-0.507210493,0,-1.020953059,0,-2.015056372,0
50.44586945,-4.664952278,1,-4.091524601,1,-6.392178059,1,1.0077492,1,4.458873272,1,-3.201601982,1,-0.474900782,0,-1.011252284,0,-2.055980444,0
50.44986725,-5.12132597,1,-4.147936344,1,-6.583606243,1,1.103740215,1,4.510331154,1,-3.181689739,1,-0.440086991,0,-1.00079453,0,-2.092190266,0
50.45387268,-5.709884644,1,-4.29238987,1,-6.728837013,1,1.197937608,1,4.567200661,1,-3.169662476,1,-0.406126171,0,-0.989456952,0,-2.127178907,0
50.45787811,-6.137513161,1,-4.37555027,1,-6.905143738,1,1.287427068,1,4.622505188,1,-3.16899848,1,-0.37303257,0,-0.977264881,0,-2.160953522,0
50.46187592,-6.43172121,1,-4.409219742,1,-7.093800068,1,1.367682815,1,4.670190811,1,-3.168488979,1,-0.340858668,0,-0.964277387,0,-2.193491936,0
50.46587753,-6.746949673,1,-4.485249519,1,-7.275711536,1,1.443010926,1,4.71733427,1,-3.173193455,1,-0.309633434,0,-0.950542271,0,-2.224799633,0
50.46987534,-7.011575699,1,-4.565001488,1,-7.517538548,1,1.513260603,1,4.757480145,1,-3.178412199,1,-0.279392362,0,-0.936092317,0,-2.254858971,0
50.47387695,-7.261066437,1,-4.525381088,1,-7.683222294,1,1.583986521,1,4.792336464,1,-3.186062574,1,-0.25010702,0,-0.920978129,0,-2.283700466,0
50.47787857,-7.476016045,1,-4.469581127,1,-7.939321518,1,1.665938377,1,4.820847034,1,-3.198508739,1,-0.221720129,0,-0.90525192,0,-2.311358929,0
50.48187637,-7.772554874,1,-4.407657146,1,-8.097672462,1,1.755331159,1,4.837869644,1,-3.213186502,1,-0.194175079,0,-0.888996601,0,-2.337850571,0
50.48587418,-8.011816978,1,-4.356989861,1,-8.34246254,1,1.853790998,1,4.854369164,1,-3.231849194,1,-0.167379096,0,-0.872237146,0,-2.363236904,0
50.48987579,-8.239878654,1,-4.476528168,1,-8.556209564,1,1.958221078,1,4.858239651,1,-3.256750822,1,-0.141248405,0,-0.855035663,0,-2.387577534,0
50.4938736,-8.616518974,1,-4.527675152,1,-8.788571358,1,2.066926718,1,4.858151436,1,-3.289070129,1,-0.115717106,0,-0.837448478,0,-2.410912991,0
50.49787521,-8.888511658,1,-4.647251129,1,-9.045392036,1,2.174999714,1,4.846623898,1,-3.326647282,1,-0.090700902,0,-0.819497108,0,-2.433347702,0
50.50187683,-9.239673615,1,-4.77726841,1,-9.341830254,1,2.271600962,1,4.831223011,1,-3.377153873,1,-0.066159472,0,-0.801247835,0,-2.454944372,0
50.50587463,-9.497508049,1,-4.892107487,1,-9.642529488,1,2.368244648,1,4.809265614,1,-3.424871206,1,-0.042056736,0,-0.782726407,0,-2.475759029,0
50.50987244,-9.784362793,1,-5.057456493,1,-9.946723938,1,2.466038942,1,4.784039974,1,-3.468971491,1,-0.018372213,0,-0.763959706,0,-2.495816469,0
50.51387405,-10.11014366,1,-5.345625401,1,-10.3076601,1,2.554928541,1,4.75336647,1,-3.514230251,1,0.004901577,0,-0.744979143,0,-2.51513958,0
50.51787186,-10.52816677,1,-5.688139915,1,-10.70458412,1,2.642956734,1,4.7174263,1,-3.560065031,1,0.02781539,0,-0.725794792,0,-2.533784151,0
50.52187347,-11.20039463,1,-5.921822548,1,-11.23125553,1,2.729202271,1,4.691754341,1,-3.610329628,1,0.050397575,0,-0.706421375,0,-2.55179739,0
50.52587128,-11.91889191,1,-6.190945148,1,-11.83166599,1,2.809415817,1,4.659226418,1,-3.677303553,1,0.072684437,0,-0.686855197,0,-2.569262266,0
50.52986908,-12.64113712,1,-6.490502357,1,-12.49305439,1,2.882370234,1,4.625624657,1,-3.742957115,1,0.094705395,0,-0.667108893,0,-2.58624053,0
50.5338707,-13.39801979,1,-6.786561012,1,-13.22431946,1,2.959284544,1,4.584071159,1,-3.822604895,1,0.116504468,0,-0.647202969,0,-2.602793217,0
50.53787231,-14.49729919,1,-6.960292339,1,-13.88882923,1,3.035028696,1,4.534666061,1,-3.906508923,1,0.138116449,0,-0.627153873,0,-2.618977785,0
50.54187012,-15.87790012,1,-7.014132023,1,-14.4972353,1,3.112519264,1,4.491445541,1,-4.00715065,1,0.159604341,0,-0.606945992,0,-2.634874105,0
50.54586792,-17.60768318,1,-7.002845287,1,-14.93948555,1,3.201109171,1,4.449246407,1,-4.117413521,1,0.18104516,0,-0.586562037,0,-2.650553226,0
50.54986954,-19.52282906,1,-7.013582706,1,-15.27455711,1,3.289708614,1,4.417524815,1,-4.235693455,1,0.20249176,0,-0.56597513,0,-2.666078568,0
50.55386734,-21.69833565,1,-7.025714397,1,-15.46331501,1,3.376287222,1,4.389642715,1,-4.374289513,1,0.223958641,0,-0.545123339,0,-2.681494236,0
50.55786896,-23.86765862,1,-6.37608242,1,-15.10206604,1,3.45250392,1,4.37662077,1,-4.534637451,1,0.245458513,0,-0.523938775,0,-2.696870089,0
50.56187058,-23.68656349,1,-1.00134778,1,-15.93805027,1,3.552676916,1,4.286825657,1,-4.798103809,1,0.267125905,0,-0.502397597,0,-2.712512732,0
50.56586838,-23.61384201,1,-1.834721923,1,-15.62405491,1,3.664881706,1,4.189788818,1,-5.055122375,1,0.289229691,0,-0.480710506,0,-2.728743792,0
50.56986618,-25.63346291,1,-2.972409248,1,-15.35908699,1,3.722936153,1,4.122508049,1,-5.307752132,1,0.311583847,0,-0.458688438,0,-2.74543047,0
50.5738678,-27.03680992,1,-0.573007047,1,-15.83797741,1,3.695468903,1,3.948123217,1,-5.477385521,1,0.333802134,0,-0.436503947,0,-2.762469292,0
50.57786942,-27.7891655,1,2.399274349,1,-15.63355446,1,3.702987432,1,3.766241312,1,-5.584601402,1,0.355665863,0,-0.414511919,0,-2.779614449,0
50.58187103,-29.91824532,1,4.792775154,1,-13.8683815,1,3.768965483,1,3.660910606,1,-5.665687084,1,0.377303272,0,-0.39259553,0,-2.796691179,0
50.58587265,-32.52970123,1,5.78835535,1,-12.2752285,1,3.812800407,1,3.623353243,1,-5.716475487,1,0.398723304,0,-0.370507836,0,-2.813471794,0
50.58987045,-33.86697769,1,6.424312592,1,-10.38385296,1,3.793144226,1,3.600940943,1,-5.722649574,1,0.419681221,0,-0.348136246,0,-2.829773903,0
50.59386826,-34.48526382,1,6.869084358,1,-8.175703049,1,3.708697081,1,3.567801952,1,-5.616450787,1,0.439828843,0,-0.32563439,0,-2.845304728,0
50.59786987,-34.78849792,1,7.197257996,1,-5.995769501,1,3.587579727,1,3.520328045,1,-5.41849041,1,0.458896995,0,-0.303264499,0,-2.859751225,0
50.60186768,-34.60258102,1,7.563811779,1,-4.207857132,1,3.432292938,1,3.43329215,1,-5.163927555,1,0.476735979,0,-0.281287074,0,-2.872926474,0
50.60586929,-33.47986984,1,8.992583275,1,-2.619923592,1,3.277077675,1,3.276467085,1,-4.88404417,1,0.493352413,0,-0.260023445,0,-2.884871721,0
50.60987473,-32.29245758,1,11.48331356,1,-1.105112195,1,3.136072874,1,3.014247656,1,-4.613265991,1,0.508877993,0,-0.23986429,0,-2.895817518,0
50.61386871,-31.83032799,1,13.73494625,1,0.81214875,1,3.031646252,1,2.703316212,1,-4.36819458,1,0.523560524,0,-0.221059352,0,-2.90606761,0
50.61786652,-32.04801178,1,15.10449409,1,2.770723104,1,2.952243328,1,2.367619753,1,-4.146877766,1,0.537589967,0,-0.20368509,0,-2.91583848,0
50.62187195,-32.19115829,1,15.65620995,1,4.494994164,1,2.856421709,1,2.007740736,1,-3.937087059,1,0.551053882,0,-0.187813267,0,-2.925309658,0
50.62586594,-31.81098938,1,15.70601845,1,5.937236786,1,2.708897829,1,1.606792808,1,-3.700080872,1,0.563868463,0,-0.173587903,0,-2.934606314,0
50.62987137,-31.24920273,1,15.76330662,1,6.9193573,1,2.502689362,1,1.173813462,1,-3.427815437,1,0.575808883,0,-0.161194757,0,-2.943732738,0
50.63386917,-30.4813633,1,16.08040237,1,7.40820694,1,2.265460253,1,0.716165543,1,-3.121400356,1,0.586738944,0,-0.150835291,0,-2.952718258,0
50.63786316,-29.86419868,1,16.48091888,1,7.623653412,1,2.044564962,1,0.267741501,1,-2.779015303,1,0.5966416,0,-0.142619804,0,-2.961527348,0
50.64186859,-29.65035439,1,16.19939995,1,7.258532047,1,1.809115648,1,-0.136454538,1,-2.421009302,1,0.60553962,0,-0.13653101,0,-2.970054865,0
50.64587021,-29.44673538,1,14.48852444,1,6.798758507,1,1.49703455,1,-0.493720204,1,-2.030246019,1,0.613247752,0,-0.132472351,0,-2.978163242,0
50.64986801,-29.322855,1,12.87343884,1,6.093091011,1,1.123363733,1,-0.802386045,1,-1.626041889,1,0.619497299,0,-0.130359933,0,-2.98570919,0
50.65386581,-14.82062244,1,-3.531099081,1,-1.739197016,1,0.054386891,1,-1.260822177,1,-1.043099999,1,0.623297632,0,-0.13041383,0,-2.992530823,0
50.65786743,-21.6352253,1,-11.74710846,1,8.26891613,1,-2.568626165,1,-2.605255604,1,0.005550238,1,0.618925989,0,-0.135096207,0,-2.998708248,0
50.66186523,-47.76356125,1,0.226867527,1,11.27449131,1,-4.050489426,1,-3.44893384,1,1.017639875,1,0.606129944,0,-0.146736726,0,-3.004165411,0
50.66586685,-5.448693275,1,12.70695877,1,9.744738579,1,-3.971717119,1,-2.998786449,1,1.501925111,1,0.590268493,0,-0.160275325,0,-3.007330418,0
50.66986847,22.46701622,1,6.985847473,1,0.348413259,1,-3.891063452,1,-3.337615967,1,2.119906902,1,0.575016856,0,-0.174561366,0,-3.008152485,0
50.67386627,-2.742791176,1,3.139606953,1,-13.03381634,1,-4.448004246,1,-3.892255306,1,2.756105185,1,0.558179379,0,-0.192148462,0,-3.007719994,0
50.67786408,-5.799208164,1,1.604884267,1,-24.99214935,1,-4.032010555,1,-3.499971867,1,2.952188969,1,0.540536821,0,-0.210988253,0,-3.005666018,0
50.68186569,5.948523998,1,-7.3793993,1,-31.19073296,1,-3.539390802,1,-3.031559706,1,2.922264576,1,0.524792552,0,-0.228157341,0,-3.002084017,0
50.6858635,5.004841805,1,-14.29221249,1,-26.40419197,1,-3.78195715,1,-2.798787117,1,2.859220266,1,0.509105384,0,-0.243972227,0,-2.997636318,0
50.68986511,5.444479942,1,-7.088827133,1,-19.50846481,1,-3.433992386,1,-2.863203049,1,2.925444841,1,0.493269295,0,-0.259343714,0,-2.992730618,0
50.69386673,0.786184311,1,1.729647875,1,-14.47479439,1,-3.155874252,1,-3.347972631,1,3.139401436,1,0.480406046,0,-0.279507637,0,-2.980102301,0
50.69786835,-5.722328186,1,7.788420677,1,-13.11488247,1,-3.011396408,1,-3.816783905,1,3.380861759,1,0.46643737,0,-0.298312306,0,-2.974885464,0
50.70186997,-5.528607845,1,9.300465584,1,-13.74508572,1,-2.838805676,1,-4.301578045,1,3.453984737,1,0.453164011,0,-0.318972528,0,-2.969530106,0
50.70586777,-12.538661,1,8.437146187,1,-13.10895252,1,-2.664839745,1,-4.48196125,1,3.274429798,1,0.440539032,0,-0.34074977,0,-2.964681387,0
50.70986557,-18.04010773,1,11.82889652,1,-14.56646156,1,-2.296601534,1,-4.57959938,1,2.802173615,1,0.429292411,0,-0.362339199,0,-2.961027384,0
50.71386719,-24.7288456,1,12.71392822,1,-19.65432358,1,-1.752996922,1,-4.488523483,1,2.212420702,1,0.420551658,0,-0.383028686,0,-2.959267616,0
50.71786881,-32.51917648,1,2.170338154,1,-21.58627319,1,-1.73154068,1,-4.131703377,1,1.765582561,1,0.413562119,0,-0.4021191,0,-2.959066391,0
50.72186661,-30.16939163,1,-1.914535761,1,-19.74797249,1,-1.564717889,1,-3.436505795,1,1.485581994,1,0.4070068,0,-0.418575913,0,-2.95914793,0
50.72586441,-31.11534882,1,0.031074464,1,-15.95842743,1,-1.294051886,1,-2.83420229,1,1.246603131,1,0.401291758,0,-0.432293266,0,-2.959032536,0
50.72986603,-21.20351791,1,-0.142404884,1,-14.01156712,1,-0.972468376,1,-2.235453606,1,1.062542081,1,0.396620035,0,-0.44337672,0,-2.958697557,0
50.73386383,-11.76603889,1,-0.330111653,1,-11.4957056,1,-0.90011555,1,-1.985396147,1,1.051793575,1,0.392653942,0,-0.452704191,0,-2.957969427,0
50.73786545,-6.832063675,1,-1.885222077,1,-10.24264526,1,-0.942039192,1,-1.91214478,1,1.054359198,1,0.388485253,0,-0.461485535,0,-2.956922054,0
50.74186707,-7.496947765,1,-3.96857667,1,-9.55492115,1,-0.933487475,1,-1.805992603,1,0.968535185,1,0.384249449,0,-0.469956994,0,-2.955863237,0
50.74586487,-7.5004282,1,-4.457309723,1,-9.475592613,1,-0.921089172,1,-1.650925875,1,0.858337641,1,0.38012743,0,-0.477707356,0,-2.954933405,0
50.74986267,-9.226117134,1,-4.82186985,1,-8.889746666,1,-0.940285385,1,-1.37320292,1,0.725546241,1,0.376040816,0,-0.484542668,0,-2.954143286,0
50.75386429,-7.911410809,1,-3.25871563,1,-8.036102295,1,-0.934801996,1,-1.176051497,1,0.640431583,1,0.371930987,0,-0.490225345,0,-2.953379393,0
50.75786209,-11.23278522,1,-2.59963131,1,-8.129573822,1,-0.950206697,1,-0.939814687,1,0.521455526,1,0.36779654,0,-0.495055288,0,-2.95265007,0
50.76185989,-12.44700336,1,-0.845145345,1,-8.495977402,1,-0.865964651,1,-0.62974304,1,0.397621006,1,0.363824189,0,-0.498639822,0,-2.951990128,0
50.76586151,-11.98418808,1,0.307023734,1,-9.415933609,1,-0.804830015,1,-0.362087488,1,0.369823843,1,0.360061765,0,-0.501011074,0,-2.951144934,0
50.76985931,-8.781599998,1,0.364165038,1,-8.7075243,1,-0.721947253,1,-0.178711846,1,0.362602055,1,0.35648334,0,-0.502494693,0,-2.949991941,0
50.77386093,-6.613780975,1,-1.708342075,1,-9.079659462,1,-0.64406991,1,-0.154462561,1,0.315068543,1,0.353161454,0,-0.503572881,0,-2.948792934,0
50.77786255,-6.333507061,1,-3.234941721,1,-9.122109413,1,-0.584052324,1,-0.128400788,1,0.25557211,1,0.350237489,0,-0.504491746,0,-2.947800875,0
50.78186035,-5.537481785,1,-3.669583797,1,-8.875889778,1,-0.565465212,1,-0.136590183,1,0.253827542,1,0.347500801,0,-0.505321622,0,-2.946905136,0
50.78585815,-5.663246155,1,-3.359619141,1,-9.21088028,1,-0.535811961,1,-0.146811485,1,0.254680246,1,0.34486571,0,-0.506214082,0,-2.946041107,0
50.78985977,-6.130511284,1,-3.128828049,1,-9.403320313,1,-0.507922888,1,-0.118770957,1,0.271310657,1,0.342340946,0,-0.507061243,0,-2.945135593,0
50.79385757,-4.953622818,1,-2.832741499,1,-9.172964096,1,-0.478996783,1,-0.129349887,1,0.292585433,1,0.339869082,0,-0.507891953,0,-2.944093704,0
50.79785919,-4.402266502,1,-2.707223177,1,-9.118315697,1,-0.462789983,1,-0.162166119,1,0.305888236,1,0.337451011,0,-0.508844852,0,-2.943009615,0
50.80186081,-4.478351116,1,-2.331096172,1,-9.134646416,1,-0.446111977,1,-0.176638871,1,0.31435883,1,0.33510232,0,-0.509897113,0,-2.941922426,0
50.80585861,-5.155603886,1,-1.244742632,1,-9.277257919,1,-0.389208019,1,-0.197476074,1,0.302790046,1,0.332914472,0,-0.511014581,0,-2.940860271,0
50.80985642,-5.088825226,1,-0.171341062,1,-8.775555611,1,-0.318336099,1,-0.190630093,1,0.277568966,1,0.33101657,0,-0.512118876,0,-2.939892769,0
50.81385803,-5.598752499,1,0.346645266,1,-8.999817848,1,-0.233425558,1,-0.195284262,1,0.226628959,1,0.329513907,0,-0.513180315,0,-2.939075947,0
50.81786346,-5.612862587,1,0.185315117,1,-9.136926651,1,-0.14785926,1,-0.193563864,1,0.175672278,1,0.328456342,0,-0.514168918,0,-2.938490868,0
50.82186127,-4.802484512,1,-0.401721179,1,-9.313794136,1,-0.072093837,1,-0.199896738,1,0.139393583,1,0.327825785,0,-0.515112817,0,-2.938093662,0
50.82586289,-4.329761982,1,-1.330004573,1,-9.287102699,1,-0.026597429,1,-0.225631163,1,0.129765913,1,0.327497184,0,-0.516098738,0,-2.93782711,0
50.82986069,-4.382484913,1,-2.18706727,1,-9.205350876,1,0.002853331,1,-0.25760904,1,0.130302921,1,0.327365637,0,-0.517177939,0,-2.937621117,0
50.83385849,-4.95478344,1,-2.552656651,1,-8.778758049,1,0.025227712,1,-0.275042444,1,0.132961243,1,0.327329993,0,-0.518365026,0,-2.937436342,0
50.83786011,-5.056249619,1,-2.545772314,1,-8.586912155,1,0.04345195,1,-0.278363645,1,0.134134054,1,0.327385783,0,-0.519583941,0,-2.937260628,0
50.84185791,-4.825458527,1,-2.514547825,1,-8.645514488,1,0.054021008,1,-0.282623351,1,0.139420182,1,0.32748875,0,-0.520816445,0,-2.937076807,0
50.84585953,-4.521742344,1,-2.448230267,1,-8.783020973,1,0.060320824,1,-0.291512609,1,0.141395748,1,0.327623546,0,-0.522092879,0,-2.936893463,0
50.84986115,-4.523143768,1,-2.292611837,1,-8.926307678,1,0.06756074,1,-0.312530965,1,0.14792119,1,0.32778573,0,-0.523422778,0,-2.93670249,0
50.85385895,-4.627973557,1,-2.084483624,1,-8.747502327,1,0.080636851,1,-0.336340785,1,0.142847702,1,0.328003287,0,-0.524845064,0,-2.936538219,0
50.85785675,-4.697869778,1,-2.110453129,1,-8.74116993,1,0.092050284,1,-0.351877004,1,0.1319291,1,0.328308642,0,-0.526317537,0,-2.936450005,0
50.86185837,-4.564539909,1,-2.205767632,1,-8.839457512,1,0.112523422,1,-0.378250539,1,0.100959025,1,0.32874006,0,-0.527837396,0,-2.936485291,0
50.86585617,-4.436295509,1,-1.945401073,1,-8.963862419,1,0.136460662,1,-0.413998812,1,0.068867519,1,0.329342216,0,-0.529441535,0,-2.936709642,0
50.86985779,-4.647467136,1,-1.504086852,1,-9.055976868,1,0.162762836,1,-0.444749773,1,0.034913857,1,0.330145478,0,-0.531134248,0,-2.937124729,0
50.87385941,-4.762718678,1,-1.332719922,1,-9.014390945,1,0.206334203,1,-0.477810889,1,0.008502351,1,0.331193,0,-0.532913387,0,-2.937719584,0
50.87785721,-4.692042828,1,-1.355812907,1,-8.867605209,1,0.245596305,1,-0.505927026,1,-0.026671292,1,0.332487404,0,-0.534762681,0,-2.938497305,0
50.88185501,-4.873471737,1,-1.041050553,1,-8.883119583,1,0.289478391,1,-0.52826035,1,-0.064513676,1,0.334066719,0,-0.536650777,0,-2.939490318,0
50.88585663,-4.933355808,1,-0.652084172,1,-8.880425453,1,0.350480109,1,-0.555243373,1,-0.09467639,1,0.335938513,0,-0.538587868,0,-2.940662622,0
50.88985443,-5.011517048,1,-0.754087865,1,-8.828937531,1,0.410386115,1,-0.5712744,1,-0.118751436,1,0.338137597,0,-0.540571809,0,-2.942004442,0
50.89385605,-4.826592445,1,-1.347703576,1,-8.749886513,1,0.451225221,1,-0.584859848,1,-0.138088316,1,0.340626359,0,-0.542571783,0,-2.943469763,0
50.89785767,-4.971342564,1,-1.905911326,1,-8.493896484,1,0.480262399,1,-0.598463297,1,-0.150658295,1,0.343302757,0,-0.544607878,0,-2.945038557,0
50.90185547,-4.946783066,1,-2.371030807,1,-8.286359787,1,0.504588544,1,-0.600271404,1,-0.154398292,1,0.346117198,0,-0.546654105,0,-2.946663141,0
50.90585327,-4.958393097,1,-2.718554258,1,-8.195020676,1,0.509379625,1,-0.590713978,1,-0.143908903,1,0.348987579,0,-0.548687696,0,-2.948275805,0
50.90985489,-4.966555119,1,-3.044434071,1,-7.958003044,1,0.51339525,1,-0.577887893,1,-0.124482028,1,0.351830184,0,-0.550694346,0,-2.949806452,0
50.91385269,-5.040641785,1,-3.551756382,1,-7.805007935,1,0.492290854,1,-0.569865704,1,-0.091808714,1,0.354580402,0,-0.55269891,0,-2.951206684,0
50.91785431,-5.392232418,1,-4.024576187,1,-7.52203846,1,0.469007432,1,-0.540190339,1,-0.068586752,1,0.35717386,0,-0.554654181,0,-2.952478647,0
50.92185593,-5.321157455,1,-4.453490257,1,-7.32674551,1,0.424362719,1,-0.511016726,1,-0.02796909,1,0.359546006,0,-0.55655843,0,-2.953566551,0
50.92585373,-5.39257431,1,-4.50963974,1,-7.240888596,1,0.379193008,1,-0.48220408,1,0.00428363,1,0.361613482,0,-0.558396876,0,-2.954443455,0
50.92985153,-5.396444798,1,-4.275827885,1,-7.230613232,1,0.344933301,1,-0.443111897,1,0.032613382,1,0.363434672,0,-0.560141027,0,-2.95513773,0
50.93385315,-5.354057312,1,-3.92322278,1,-7.326524258,1,0.312541515,1,-0.412368327,1,0.053837039,1,0.36503914,0,-0.561805129,0,-2.955662489,0
50.93785477,-5.613904476,1,-3.315529823,1,-7.259211063,1,0.29528001,1,-0.390738755,1,0.063226223,1,0.366467983,0,-0.563390434,0,-2.956084728,0
50.94185638,-5.475741863,1,-2.983798027,1,-7.411265373,1,0.290172666,1,-0.356748313,1,0.059665099,1,0.216808915,0,-0.661645293,0,-2.727699041,0
50.945858,-5.207082748,1,-2.684820414,1,-7.638360977,1,0.291289657,1,-0.336722642,1,0.058573816,1,0.218081564,0,-0.664593935,0,-2.738715172,0
50.9498558,-5.095914364,1,-2.610564947,1,-7.946166039,1,0.300851643,1,-0.344591826,1,0.057485491,1,0.219317257,0,-0.665978074,0,-2.738803387,0
50.95385361,-4.986005306,1,-2.363740206,1,-8.18420887,1,0.305541098,1,-0.35942626,1,0.054954287,1,0.220580667,0,-0.667402029,0,-2.738910437,0
50.95785523,-4.888391018,1,-2.079932451,1,-8.355003357,1,0.335307419,1,-0.373493791,1,0.055845819,1,0.221948728,0,-0.668882489,0,-2.739051819,0
50.96185303,-4.911995888,1,-2.203479767,1,-8.391429901,1,0.375393629,1,-0.39326936,1,0.053960554,1,0.223484635,0,-0.670431077,0,-2.739207983,0
50.96585465,-4.892464638,1,-2.554640293,1,-8.32161808,1,0.398842126,1,-0.410332769,1,0.057867743,1,0.225149706,0,-0.672048092,0,-2.739383698,0
50.96985626,-4.980777264,1,-2.961373091,1,-8.181153297,1,0.424410552,1,-0.426681757,1,0.057529453,1,0.226908848,0,-0.673730612,0,-2.739565134,0
50.97385407,-5.006917953,1,-3.111038208,1,-8.065391541,1,0.429586738,1,-0.437007993,1,0.065412439,1,0.228732243,0,-0.675469875,0,-2.739745855,0
50.97785187,-4.945685863,1,-3.070926666,1,-8.026275635,1,0.428954095,1,-0.448071778,1,0.083671108,1,0.230532929,0,-0.677265525,0,-2.739881516,0
50.98185349,-5.081545353,1,-2.934880018,1,-7.975505352,1,0.444247007,1,-0.450764656,1,0.088763826,1,0.232328579,0,-0.679100633,0,-2.739983559,0
50.98585129,-5.077147007,1,-2.996608734,1,-7.932711124,1,0.439892799,1,-0.45580247,1,0.101795979,1,0.234149098,0,-0.680965841,0,-2.740046501,0
50.98985291,-5.081476688,1,-2.902057171,1,-8.086829185,1,0.432530195,1,-0.464090645,1,0.10084337,1,0.235917628,0,-0.682858706,0,-2.740095615,0
50.99385834,-5.361860752,1,-2.771905661,1,-7.739821911,1,0.444740653,1,-0.476506412,1,0.099421799,1,0.23769334,0,-0.684789181,0,-2.740148067,0
50.99785233,-5.405767918,1,-2.737539291,1,-7.784319401,1,0.450101763,1,-0.474684238,1,0.09960974,1,0.239530697,0,-0.686726689,0,-2.740224838,0
51.00185013,-5.200917721,1,-3.097338915,1,-7.713186264,1,0.438148141,1,-0.474835932,1,0.105885834,1,0.241364881,0,-0.688654304,0,-2.74030447,0
51.00585556,-5.24478054,1,-3.322374821,1,-7.605928421,1,0.407801062,1,-0.481811702,1,0.099425443,1,0.243117183,0,-0.690605521,0,-2.740396976,0
51.00984955,-5.372720718,1,-3.255877495,1,-7.438682556,1,0.39574039,1,-0.482840389,1,0.106982097,1,0.244769216,0,-0.692578197,0,-2.740479469,0
51.01384735,-5.47257185,1,-3.233658314,1,-7.420433521,1,0.385502398,1,-0.469619006,1,0.114694014,1,0.246364042,0,-0.694542766,0,-2.740517139,0
51.01785278,-5.431266785,1,-3.270326614,1,-7.370944023,1,0.378755599,1,-0.462276161,1,0.120733976,1,0.247911975,0,-0.696460843,0,-2.740525723,0
51.02184677,-5.445243835,1,-3.225892305,1,-7.466296196,1,0.368315011,1,-0.456646711,1,0.121336102,1,0.249385074,0,-0.698360741,0,-2.74049592,0
51.0258522,-5.51920557,1,-3.225163937,1,-7.406942368,1,0.35759744,1,-0.453650355,1,0.133783937,1,0.250792176,0,-0.700246334,0,-2.740434647,0
51.02985382,-5.479674816,1,-3.277668715,1,-7.32093811,1,0.344806582,1,-0.443546057,1,0.132969752,1,0.252121359,0,-0.702110291,0,-2.74033308,0
51.03385162,-5.558515072,1,-3.475911617,1,-7.318887711,1,0.324018866,1,-0.428747147,1,0.137704596,1,0.253376156,0,-0.703932941,0,-2.740213394,0
51.03784943,-5.462072372,1,-3.651313543,1,-7.220482349,1,0.295176774,1,-0.417556375,1,0.16032736,1,0.254496098,0,-0.705717206,0,-2.740020275,0
51.04185104,-5.517727852,1,-3.898499966,1,-7.147930622,1,0.263667762,1,-0.403633118,1,0.1665034,1,0.255428195,0,-0.707469463,0,-2.739741325,0
51.04584885,-5.579728603,1,-4.075050831,1,-7.14009285,1,0.226337194,1,-0.388480216,1,0.185087293,1,0.25615716,0,-0.709179282,0,-2.739364386,0
51.04985046,-5.541035652,1,-4.143391132,1,-7.097456455,1,0.182334706,1,-0.365882397,1,0.20383513,1,0.25665459,0,-0.7108289,0,-2.738870144,0
51.05384827,-5.557192802,1,-4.47383976,1,-7.139535427,1,0.125660777,1,-0.356316119,1,0.230425313,1,0.256869793,0,-0.71244812,0,-2.738242149,0
51.0578537,-5.551145554,1,-4.428846359,1,-7.083659649,1,0.059721444,1,-0.3459782,1,0.252019614,1,0.256747454,0,-0.714061141,0,-2.737485647,0
51.0618515,-5.518099785,1,-4.025968552,1,-7.057452679,1,0.007550339,1,-0.331517786,1,0.283098936,1,0.256279796,0,-0.715641022,0,-2.736575603,0
51.06585312,-5.649110794,1,-3.870678663,1,-7.04031992,1,-0.01788597,1,-0.314092308,1,0.301410049,1,0.255557954,0,-0.717190325,0,-2.735505581,0
51.06985092,-5.612599373,1,-3.844279289,1,-7.113129616,1,-0.044151008,1,-0.297188193,1,0.31842801,1,0.254654735,0,-0.718684018,0,-2.734316826,0
51.07385254,-5.616071701,1,-3.695499182,1,-7.222665787,1,-0.069494747,1,-0.290313691,1,0.330873221,1,0.253575206,0,-0.720148265,0,-2.733026028,0
51.07785416,-5.561595917,1,-3.415018797,1,-7.305920124,1,-0.084708743,1,-0.281333685,1,0.350091368,1,0.252352208,0,-0.721592486,0,-2.731647968,0
51.08185196,-5.634588718,1,-3.151768446,1,-7.413184643,1,-0.091103345,1,-0.273604751,1,0.359839559,1,0.251031518,0,-0.723023415,0,-2.730185747,0
51.08584976,-5.605200768,1,-3.060084105,1,-7.471246243,1,-0.094121903,1,-0.271468699,1,0.364191502,1,0.249636859,0,-0.724440157,0,-2.728657007,0
51.08985138,-5.530870438,1,-3.108160496,1,-7.577750683,1,-0.094053425,1,-0.27153489,1,0.371975511,1,0.248230115,0,-0.725853324,0,-2.72709775,0
51.09384918,-5.443230152,1,-3.162317276,1,-7.660148621,1,-0.093548864,1,-0.275204152,1,0.384992152,1,0.246790975,0,-0.727286279,0,-2.725495577,0
51.09784699,-5.490309238,1,-3.19610548,1,-7.714729786,1,-0.09577997,1,-0.284748167,1,0.396424651,1,0.24528867,0,-0.728758454,0,-2.723823547,0
51.1018486,-5.399987221,1,-3.234641552,1,-7.748497486,1,-0.106009126,1,-0.2953628,1,0.414163619,1,0.243733138,0,-0.73026526,0,-2.722098112,0
51.10584641,-5.415061951,1,-3.567029476,1,-7.826395988,1,-0.122938335,1,-0.304884553,1,0.418933421,1,0.242086768,0,-0.73183006,0,-2.720315456,0
51.10984802,-5.377828598,1,-3.496863842,1,-7.741767883,1,-0.151922315,1,-0.323356628,1,0.439474553,1,0.240301937,0,-0.733464241,0,-2.718477488,0
51.11384964,-5.407204151,1,-3.360027552,1,-7.812278271,1,-0.161922112,1,-0.343458682,1,0.456323951,1,0.238368168,0,-0.735180497,0,-2.716542959,0
51.11784744,-5.494276047,1,-3.181566954,1,-7.836070538,1,-0.1683909,1,-0.351299316,1,0.477091283,1,0.236356974,0,-0.736963809,0,-2.714530706,0
51.12184525,-5.565011024,1,-3.106709957,1,-7.739634514,1,-0.165280461,1,-0.381308556,1,0.49262926,1,0.234275058,0,-0.738843679,0,-2.712443113,0
51.12584686,-5.629817486,1,-3.111127853,1,-7.729089737,1,-0.174034148,1,-0.399689853,1,0.504815757,1,0.232154667,0,-0.740816772,0,-2.710311413,0
51.12984467,-5.646434307,1,-3.070721865,1,-7.736146927,1,-0.188139185,1,-0.421524793,1,0.514362812,1,0.229969442,0,-0.742888987,0,-2.708144426,0
51.13384628,-5.509868622,1,-2.900485992,1,-7.754248142,1,-0.193811893,1,-0.443733722,1,0.522629023,1,0.227706403,0,-0.745042443,0,-2.705933332,0
51.1378479,-5.462438107,1,-2.853820086,1,-7.758366108,1,-0.197226211,1,-0.471256196,1,0.534657061,1,0.225399524,0,-0.747305453,0,-2.703684568,0
51.1418457,-5.398983955,1,-3.030193806,1,-7.795271397,1,-0.206199065,1,-0.493531376,1,0.542689741,1,0.223043233,0,-0.749658525,0,-2.701408625,0
51.14584351,-5.508122921,1,-3.290997982,1,-7.752926826,1,-0.238938645,1,-0.520556808,1,0.555701971,1,0.220568955,0,-0.75211817,0,-2.699082375,0
51.14984512,-5.389978886,1,-3.078475714,1,-7.731809616,1,-0.256014198,1,-0.553869307,1,0.562337279,1,0.217963815,0,-0.75470072,0,-2.696731567,0
51.15384293,-5.384265423,1,-2.979832649,1,-7.992841721,1,-0.256657809,1,-0.583717346,1,0.571231842,1,0.215297028,0,-0.757405996,0,-2.694364548,0
51.15784073,-5.344008923,1,-3.082486391,1,-8.168951988,1,-0.268775553,1,-0.611169994,1,0.582319379,1,0.212590486,0,-0.760230899,0,-2.691968203,0
51.16184235,-5.299493313,1,-3.280794859,1,-8.280916214,1,-0.280882388,1,-0.656352341,1,0.593786716,1,0.209806919,0,-0.763201594,0,-2.689517498,0
51.16584015,-5.214766979,1,-3.624423265,1,-8.314606667,1,-0.298211783,1,-0.701863587,1,0.60875994,1,0.206933647,0,-0.766340435,0,-2.687037945,0
51.16984177,-5.151277542,1,-3.621318102,1,-8.4910326,1,-0.316301703,1,-0.753499448,1,0.626279831,1,0.20394212,0,-0.769690633,0,-2.684504509,0
51.17384338,-5.455150604,1,-3.371152163,1,-8.578842163,1,-0.307757735,1,-0.805659413,1,0.652852654,1,0.200874925,0,-0.77326262,0,-2.681885242,0
51.177845,-5.571280003,1,-3.701533556,1,-8.725153923,1,-0.316178352,1,-0.854024529,1,0.677794695,1,0.197739318,0,-0.777043641,0,-2.679168463,0
51.18184662,-5.507873058,1,-4.126318932,1,-8.830033302,1,-0.376817167,1,-0.906073809,1,0.709639311,1,0.19434081,0,-0.781035423,0,-2.676289558,0
51.18584824,-5.107673168,1,-3.780437469,1,-8.765413284,1,-0.445263803,1,-0.974388242,1,0.734063745,1,0.190577224,0,-0.785274684,0,-2.673299313,0
51.18984604,-5.133529663,1,-3.157844782,1,-8.987021446,1,-0.47060895,1,-1.052867174,1,0.755574167,1,0.186565563,0,-0.789813042,0,-2.670229912,0
51.19384384,-5.339660645,1,-2.813073158,1,-9.028459549,1,-0.467205614,1,-1.115533233,1,0.776794672,1,0.182552069,0,-0.796266973,0,-2.676339388,0
51.19784546,-5.462545395,1,-2.95724225,1,-8.998152733,1,-0.471252441,1,-1.184347987,1,0.788317978,1,0.178351581,0,-0.801354587,0,-2.673104763,0
51.20184326,-5.567656517,1,-2.983319283,1,-9.065569878,1,-0.488018841,1,-1.267008305,1,0.802043796,1,0.17407006,0,-0.806731045,0,-2.669827223,0
51.20584488,-5.730424404,1,-3.276544333,1,-9.199255943,1,-0.518274128,1,-1.344527125,1,0.83188194,1,0.169620693,0,-0.812442422,0,-2.666447878,0
51.2098465,-5.382220745,1,-3.093325615,1,-9.037605286,1,-0.549351335,1,-1.433253169,1,0.862278998,1,0.164928541,0,-0.818481088,0,-2.662932158,0
51.2138443,-5.354469776,1,-2.953773737,1,-9.121418953,1,-0.558833122,1,-1.527837515,1,0.890937865,1,0.160020366,0,-0.824903011,0,-2.659262657,0
51.2178421,-5.403875351,1,-2.884201288,1,-9.211281776,1,-0.580919325,1,-1.620749593,1,0.92337662,1,0.154910028,0,-0.831695557,0,-2.655421019,0
51.22184372,-5.311598778,1,-2.867967844,1,-9.275526047,1,-0.594293833,1,-1.7218045,1,0.960577607,1,0.149587974,0,-0.838875055,0,-2.651391268,0
51.22584152,-5.335090637,1,-2.943620205,1,-9.339247704,1,-0.608905613,1,-1.824775577,1,1.00545764,1,0.143976584,0,-0.846464038,0,-2.647108793,0
51.22983933,-5.25815773,1,-3.017413855,1,-9.302762032,1,-0.62073791,1,-1.933239341,1,1.044605374,1,0.138099387,0,-0.854480147,0,-2.642551661,0
51.23384094,-4.971806049,1,-3.085395098,1,-9.350658417,1,-0.621690392,1,-2.056966066,1,1.096746087,1,0.131943747,0,-0.862956464,0,-2.637708187,0
51.23783875,-5.033861637,1,-3.103924513,1,-9.591956139,1,-0.618447185,1,-2.190300941,1,1.155971408,1,0.125490516,0,-0.871961832,0,-2.632494926,0
51.24184036,-5.005065918,1,-3.002634764,1,-9.861096382,1,-0.603243649,1,-2.332122087,1,1.202492952,1,0.118760429,0,-0.881510317,0,-2.626912117,0
51.24584198,-5.347171307,1,-3.410729885,1,-10.34651756,1,-0.595866442,1,-2.470496416,1,1.274625421,1,0.111676469,0,-0.891624808,0,-2.620858431,0
51.24983978,-4.669327736,1,-3.066050529,1,-10.58333492,1,-0.587019444,1,-2.642442465,1,1.338113308,1,0.104188398,0,-0.902345836,0,-2.614304543,0
51.25383759,-4.382991314,1,-3.042091131,1,-11.04798794,1,-0.558978438,1,-2.851869822,1,1.401795506,1,0.096303493,0,-0.913824558,0,-2.607221603,0
51.2578392,-4.602927685,1,-3.598508596,1,-11.64340973,1,-0.557270288,1,-3.075283289,1,1.481110811,1,0.087977752,0,-0.926163197,0,-2.599553823,0
51.26183701,-4.981110096,1,-4.281577587,1,-12.17249775,1,-0.56297338,1,-3.304043293,1,1.566239595,1,0.0789904,0,-0.939379156,0,-2.591154814,0
51.26583862,-4.972910881,1,-5.263974667,1,-12.28048897,1,-0.596110463,1,-3.535032272,1,1.668525934,1,0.069149978,0,-0.953501821,0,-2.58186388,0
51.26984024,-4.136182785,1,-6.310990334,1,-12.13164425,1,-0.644318342,1,-3.827772617,1,1.813737273,1,0.05805514,0,-0.968629956,0,-2.571368217,0
51.27383804,-4.439938068,1,-7.510852814,1,-12.23510647,1,-0.716435611,1,-4.122106552,1,1.978382587,1,0.045354538,0,-0.984900653,0,-2.559312105,0
51.27783585,-5.159028053,1,-8.420864105,1,-12.68393326,1,-0.793168426,1,-4.375276566,1,2.151548386,1,0.030609684,0,-1.002201796,0,-2.545339346,0
51.28183746,-4.453149796,1,-8.727567673,1,-12.01588535,1,-0.849298954,1,-4.663559437,1,2.388401031,1,0.013580233,0,-1.020420194,0,-2.529095173,0
51.28583527,-3.568502903,1,-9.652755737,1,-12.58430576,1,-0.939398825,1,-4.993746281,1,2.61872983,1,-0.006615955,0,-1.039783001,0,-2.509739161,0
51.28983688,-4.544938564,1,-9.96002388,1,-13.19760799,1,-1.079584837,1,-5.324485779,1,2.893992662,1,-0.030480636,0,-1.060208917,0,-2.486848116,0
51.2938385,-6.574224949,1,-11.6497221,1,-13.2556591,1,-1.270876288,1,-5.555060863,1,3.143241644,1,-0.059080042,0,-1.081444025,0,-2.459622383,0
51.29784012,-8.791329384,1,-12.56152439,1,-13.44505501,1,-1.477255702,1,-5.717390537,1,3.391920805,1,-0.092966564,0,-1.10293746,0,-2.427634239,0
51.30184174,-9.572968483,1,-12.77960587,1,-13.83300972,1,-1.664139628,1,-5.83534956,1,3.634482145,1,-0.132970646,0,-1.124326825,0,-2.390082121,0
51.30583954,-12.51131248,1,-11.57623196,1,-14.70259571,1,-1.771069646,1,-5.851129532,1,3.808441877,1,-0.179278731,0,-1.145165801,0,-2.346609354,0
51.30983734,-12.90058708,1,-9.757740021,1,-14.09788322,1,-1.8317945,1,-5.759963036,1,4.016754627,1,-0.231841773,0,-1.164698243,0,-2.297026396,0
51.31383896,-13.09661961,1,-9.164636612,1,-14.44260406,1,-1.914607882,1,-5.698385715,1,4.217869759,1,-0.291451544,0,-1.182543516,0,-2.240517378,0
51.31784058,-13.08450508,1,-7.926384449,1,-14.73342228,1,-1.941529393,1,-5.692533016,1,4.304521561,1,-0.357889891,0,-1.198690772,0,-2.177303076,0
51.32183838,-17.07170677,1,-6.972015858,1,-15.28927422,1,-1.859382391,1,-5.607179642,1,4.304238319,1,-0.429966807,0,-1.213007927,0,-2.108343601,0
51.32583618,-17.11649513,1,-5.651928425,1,-14.76767349,1,-1.67647326,1,-5.476386547,1,4.321969986,1,-0.506076932,0,-1.224973202,0,-2.034796476,0
51.3298378,-17.89896011,1,-5.974228859,1,-15.44359875,1,-1.522623301,1,-5.459299564,1,4.353348732,1,-0.58647728,0,-1.234647393,0,-1.956287146,0
51.3338356,-22.68114281,1,-6.497591019,1,-16.29891396,1,-1.306333661,1,-5.2404356,1,4.308984756,1,-0.669182777,0,-1.241844416,0,-1.874790192,0
51.33783722,-22.54182816,1,-7.027292728,1,-14.87336922,1,-1.133744836,1,-4.979860783,1,4.293088436,1,-0.751771986,0,-1.246089458,0,-1.792734265,0
51.34183884,-21.63908386,1,-10.76642132,1,-14.23326206,1,-1.13380301,1,-4.800457954,1,4.435260296,1,-0.834180117,0,-1.247454524,0,-1.710512638,0
51.34583664,-22.09970665,1,-10.8987093,1,-13.69780445,1,-1.365488648,1,-4.547091961,1,4.525627136,1,-0.916127861,0,-1.245603442,0,-1.629304647,0
51.34983444,-20.48407555,1,-10.05021477,1,-12.60601616,1,-1.576829076,1,-4.255530834,1,4.402937889,1,-0.994677305,0,-1.241187811,0,-1.552577138,0
51.35383606,-15.78755951,1,-9.724650383,1,-10.26203537,1,-1.92713809,1,-3.979304314,1,4.454089165,1,-1.068814158,0,-1.234478116,0,-1.481483817,0
51.35783386,-12.55938053,1,-9.420594215,1,-9.312478065,1,-2.400606632,1,-3.624326229,1,4.337096691,1,-1.138412833,0,-1.225563407,0,-1.416860223,0
51.36183548,-9.409673691,1,-8.576673508,1,-7.977405071,1,-2.779574871,1,-3.012531996,1,4.025035858,1,-1.19988358,0,-1.215378284,0,-1.362417936,0
51.3658371,-13.3987999,1,-6.335659504,1,-9.568898201,1,-3.057514906,1,-2.774463415,1,3.795282602,1,-1.254608035,0,-1.204525352,0,-1.316544533,0
51.36983109,-11.65892601,1,-4.26551342,1,-13.21832561,1,-2.796583652,1,-2.379320621,1,3.379829645,1,-1.30246067,0,-1.193738461,0,-1.2778337,0
51.3738327,-15.51884842,1,-1.41124022,1,-13.20382118,1,-2.503442526,1,-2.183210373,1,3.156477928,1,-1.342816353,0,-1.183329582,0,-1.245754838,0
51.37783432,-25.19974518,1,-0.029636651,1,-17.33937263,1,-1.998029709,1,-1.850532413,1,2.671705484,1,-1.377212048,0,-1.173569202,0,-1.218398809,0
51.38183212,-21.40800095,1,-0.54461509,1,-17.80539703,1,-1.515642881,1,-1.140161037,1,2.321219444,1,-1.402190089,0,-1.164882183,0,-1.198752046,0
51.38582993,-7.956760406,1,-4.064628601,1,-14.67828274,1,-1.24565053,1,-0.675342441,1,2.004007816,1,-1.41892314,0,-1.156915665,0,-1.18655169,0
51.38983154,-0.422377825,1,-7.14392662,1,-9.837371826,1,-0.902969956,1,-0.607854486,1,1.691611886,1,-1.431154847,0,-1.149969816,0,-1.177850604,0
51.39382935,-1.889930606,1,-8.197083473,1,-9.059856415,1,-0.731633544,1,-0.673452735,1,1.505222559,1,-1.441912413,0,-1.144007444,0,-1.169563532,0
51.39783096,-5.505699635,1,-8.0912323,1,-10.93860626,1,-0.760363996,1,-0.565493703,1,1.32406199,1,-1.451895356,0,-1.138701797,0,-1.161838889,0
51.4018364,-5.062225819,1,-8.176606178,1,-10.54499722,1,-0.812577546,1,-0.422575265,1,1.167986631,1,-1.460484862,0,-1.133976221,0,-1.155848861,0
51.40583038,-4.407207966,1,-8.161961555,1,-9.383917809,1,-0.809922636,1,-0.316318661,1,1.013813496,1,-1.46789217,0,-1.129798412,0,-1.151268959,0
51.40982819,-4.215687752,1,-8.23182106,1,-8.884506226,1,-0.821095884,1,-0.136995107,1,0.825414956,1,-1.473858595,0,-1.126235127,0,-1.148268342,0
51.4138298,-3.139500856,1,-8.012087822,1,-8.472226143,1,-0.852490723,1,0.085491031,1,0.658553541,1,-1.478006601,0,-1.123297811,0,-1.14737606,0
51.41783905,-2.310618162,1,-7.714922428,1,-8.188150406,1,-0.882835507,1,0.300961494,1,0.489338726,1,-1.48031199,0,-1.120949507,0,-1.148679018,0
51.42183685,-2.069454193,1,-7.415708542,1,-8.124388695,1,-0.886467278,1,0.512861311,1,0.329442054,1,-1.480808377,0,-1.119166613,0,-1.15206039,0
51.42583847,-1.649482131,1,-7.215960026,1,-8.036142349,1,-0.884472966,1,0.717987657,1,0.172488898,1,-1.479481101,0,-1.117947578,0,-1.157466292,0
51.42983627,-0.576562345,1,-6.88520813,1,-7.669795513,1,-0.873182178,1,0.909449816,1,0.027067285,1,-1.476397038,0,-1.117250204,0,-1.164808035,0
51.43383789,0.215764984,1,-6.521591187,1,-7.308976173,1,-0.85136342,1,1.084450722,1,-0.111250728,1,-1.47167182,0,-1.117034435,0,-1.173901677,0
51.43783951,0.103582531,1,-5.71384716,1,-8.717814445,1,-0.873582721,1,1.35363853,1,-0.328418672,1,-1.465146661,0,-1.117365122,0,-1.184988022,0
51.44183731,2.632429838,1,-5.289706707,1,-5.703395844,1,-0.688178241,1,1.389408946,1,-0.404084116,1,-1.456521511,0,-1.118251681,0,-1.198005676,0
51.44583511,1.559888721,1,-5.299939156,1,-6.656750202,1,-0.633967757,1,1.484872341,1,-0.477355152,1,-1.454387426,0,-1.121411681,0,-1.217371941,0
51.44983673,1.277238846,1,-5.821598053,1,-6.721570969,1,-0.560025334,1,1.667857528,1,-0.578807116,1,-1.443196893,0,-1.122731328,0,-1.232411146,0
51.45383453,1.751291513,1,-5.808670044,1,-6.395102978,1,-0.539892077,1,1.835951328,1,-0.70201087,1,-1.430191755,0,-1.124330997,0,-1.249278426,0
51.45783615,2.082013845,1,-5.608541012,1,-6.042595863,1,-0.497733772,1,1.970235705,1,-0.811766446,1,-1.415571809,0,-1.12620914,0,-1.267786145,0
51.46183777,2.04076457,1,-5.537531853,1,-6.000516415,1,-0.461950898,1,2.114109278,1,-0.891199291,1,-1.399345517,0,-1.128235817,0,-1.287866473,0
51.46583557,2.120673656,1,-5.387174606,1,-5.89593792,1,-0.42308265,1,2.265684605,1,-0.96839267,1,-1.38147676,0,-1.130328655,0,-1.309589505,0
51.46983337,2.210795879,1,-5.034705639,1,-5.754303932,1,-0.390211821,1,2.407215118,1,-1.049428582,1,-1.361930966,0,-1.132431746,0,-1.332989693,0
51.47383499,2.331682682,1,-4.526472569,1,-5.686033726,1,-0.312246561,1,2.531124592,1,-1.136885762,1,-1.340639949,0,-1.134549379,0,-1.358035445,0
51.47783279,2.389760971,1,-4.033715248,1,-5.616938591,1,-0.214003608,1,2.650419235,1,-1.219004035,1,-1.317639589,0,-1.136640191,0,-1.38456893,0
51.48183441,2.279743671,1,-3.606372595,1,-5.571648121,1,-0.092832871,1,2.762579918,1,-1.300668836,1,-1.292803168,0,-1.138664007,0,-1.412620902,0
51.48583603,2.355188608,1,-3.222203732,1,-5.537311554,1,0.043396994,1,2.866832495,1,-1.379919052,1,-1.266119719,0,-1.14056623,0,-1.4421103,0
51.48983383,2.199890614,1,-2.974795103,1,-5.549397945,1,0.186754391,1,2.953370571,1,-1.451266885,1,-1.237643003,0,-1.142295837,0,-1.47291863,0
51.49383164,1.909082055,1,-2.928286314,1,-5.522391319,1,0.343479335,1,3.037789106,1,-1.523490429,1,-1.207412481,0,-1.14379847,0,-1.504967213,0
51.49783325,1.506327271,1,-2.911420345,1,-5.572786331,1,0.493291199,1,3.136626005,1,-1.590732336,1,-1.175399423,0,-1.14500916,0,-1.538282275,0
51.50183106,1.002578378,1,-2.961239338,1,-5.712715626,1,0.63373071,1,3.230876207,1,-1.656201124,1,-1.14165163,0,-1.145855665,0,-1.572859883,0
51.50582886,0.610534251,1,-3.104524851,1,-5.758799076,1,0.756616354,1,3.330109596,1,-1.719343185,1,-1.106262565,0,-1.146268249,0,-1.608644009,0
51.50983048,0.149759114,1,-3.209473372,1,-5.90668726,1,0.863804162,1,3.427467585,1,-1.772533774,1,-1.069352269,0,-1.146166921,0,-1.645588279,0
51.51382828,-0.353390366,1,-3.322516918,1,-5.967644215,1,0.95615685,1,3.538820505,1,-1.825761318,1,-1.031083345,0,-1.145481944,0,-1.683591485,0
51.5178299,-0.84750706,1,-3.39728713,1,-6.090268612,1,1.033511043,1,3.650492191,1,-1.88026154,1,-0.991576672,0,-1.144130349,0,-1.722600579,0
51.52183151,-1.191686749,1,-3.35479784,1,-6.068475246,1,1.111582756,1,3.767362118,1,-1.927492499,1,-0.950985372,0,-1.142044783,0,-1.76249218,0
51.52582932,-1.619798303,1,-3.293257475,1,-6.093014717,1,1.184904337,1,3.869285583,1,-1.97258687,1,-0.909533203,0,-1.13917625,0,-1.803041697,0
51.52982712,-1.93934083,1,-3.286886454,1,-6.205505848,1,1.253474116,1,3.965362549,1,-2.019873381,1,-0.867514968,0,-1.135488153,0,-1.843970537,0
51.53382874,-2.199511051,1,-3.271258354,1,-6.256952763,1,1.308632493,1,4.062088966,1,-2.05850625,1,-0.825134218,0,-1.13095367,0,-1.885100842,0
51.53782654,-2.376692295,1,-3.263515472,1,-6.315946579,1,1.372458577,1,4.140909672,1,-2.112079859,1,-0.782629669,0,-1.125578046,0,-1.926208615,0
51.54183197,-2.56517458,1,-3.136816263,1,-6.312043667,1,1.426346302,1,4.21223402,1,-2.155030727,1,-0.740225434,0,-1.119369388,0,-1.967049718,0
51.54583359,-2.662697554,1,-3.084157705,1,-6.349749565,1,1.486763954,1,4.267858028,1,-2.194570065,1,-0.698153019,0,-1.112342358,0,-2.007396936,0
51.54983139,-2.78985858,1,-3.038627148,1,-6.435825825,1,1.541930437,1,4.317268848,1,-2.228516817,1,-0.656667054,0,-1.104502916,0,-2.04698348,0
51.55383301,-2.982059479,1,-2.927612782,1,-6.462829113,1,1.596669674,1,4.352437019,1,-2.258934021,1,-0.615939975,0,-1.095880508,0,-2.085632324,0
51.55783463,-3.316699743,1,-2.788759947,1,-6.499928951,1,1.660129786,1,4.393043041,1,-2.283045769,1,-0.576074362,0,-1.08650136,0,-2.123220682,0
51.56183243,-3.608021021,1,-2.656648397,1,-6.519991398,1,1.7286098,1,4.430819035,1,-2.311309576,1,-0.537130237,0,-1.076371551,0,-2.159665346,0
51.56583023,-3.929578066,1,-2.589135647,1,-6.668999195,1,1.802423596,1,4.45928669,1,-2.330352306,1,-0.499176115,0,-1.065526724,0,-2.194857359,0
51.56983185,-4.213057518,1,-2.54978466,1,-6.793718815,1,1.879325271,1,4.492265224,1,-2.348726988,1,-0.462248296,0,-1.053973556,0,-2.228741884,0
51.57382965,-4.419073582,1,-2.496478796,1,-6.973421574,1,1.963271737,1,4.515079021,1,-2.368771315,1,-0.426353753,0,-1.04176259,0,-2.261304379,0
51.57783127,-4.69923687,1,-2.474339485,1,-7.175040245,1,2.043843746,1,4.545066357,1,-2.391503334,1,-0.391477495,0,-1.028914213,0,-2.292546034,0
51.58183289,-5.174291611,1,-2.448511362,1,-7.371902466,1,2.121045589,1,4.576533318,1,-2.416653633,1,-0.357598007,0,-1.015449286,0,-2.322497845,0
51.58583069,-5.551356792,1,-2.382354259,1,-7.604039192,1,2.209644079,1,4.62042284,1,-2.43772316,1,-0.324659944,0,-1.00136292,0,-2.351194859,0
51.58982849,-5.917969227,1,-2.406382322,1,-7.920857906,1,2.299165726,1,4.664264202,1,-2.469968557,1,-0.292599946,0,-0.986644804,0,-2.378686428,0
51.59383011,-6.254087448,1,-2.379243374,1,-8.132296562,1,2.402034998,1,4.713931561,1,-2.49611187,1,-0.261347085,0,-0.971309602,0,-2.405003309,0
51.59782791,-6.537330627,1,-2.324414253,1,-8.414676666,1,2.505894899,1,4.764812946,1,-2.532465696,1,-0.230854198,0,-0.955372572,0,-2.430176973,0
51.60182571,-6.866085052,1,-2.391010046,1,-8.7269907,1,2.618289471,1,4.816928387,1,-2.567318916,1,-0.201051354,0,-0.938850939,0,-2.454269648,0
51.60582733,-6.973154545,1,-2.313794136,1,-8.865532875,1,2.722316742,1,4.863434315,1,-2.604172707,1,-0.171915755,0,-0.921740711,0,-2.477287292,0
51.60982513,-7.128181934,1,-2.299265862,1,-9.121629715,1,2.826566696,1,4.902559757,1,-2.645004272,1,-0.143422529,0,-0.90408963,0,-2.499262571,0
51.61382675,-7.16980505,1,-2.307500601,1,-9.249864578,1,2.924097538,1,4.928889751,1,-2.689124823,1,-0.115550682,0,-0.885962844,0,-2.520243406,0
51.61782837,-7.205469608,1,-2.351986647,1,-9.352454185,1,3.016097546,1,4.945157528,1,-2.729014874,1,-0.088289633,0,-0.867412925,0,-2.540242195,0
51.62182617,-7.18011713,1,-2.576550722,1,-9.4724617,1,3.102882862,1,4.932944298,1,-2.770288944,1,-0.061649323,0,-0.848524451,0,-2.559277534,0
51.62582398,-7.225932121,1,-2.910573959,1,-9.587641716,1,3.170311213,1,4.922740459,1,-2.801324368,1,-0.035664339,0,-0.829364181,0,-2.577346563,0
51.62982559,-7.299667835,1,-3.210278034,1,-9.785515785,1,3.217095852,1,4.89569664,1,-2.840917826,1,-0.010314753,0,-0.809992552,0,-2.594537735,0
51.6338234,-7.38750267,1,-3.518447638,1,-10.1633997,1,3.244541407,1,4.842051506,1,-2.892155647,1,0.014380059,0,-0.790492654,0,-2.610938311,0
51.63782501,-7.533829212,1,-3.784888744,1,-10.67888546,1,3.248248339,1,4.768725395,1,-2.959616661,1,0.038461726,0,-0.770963371,0,-2.626688004,0
51.64182663,-7.840262413,1,-3.838163614,1,-11.27554798,1,3.24627161,1,4.692410946,1,-3.046394825,1,0.061962575,0,-0.751460373,0,-2.641933203,0
51.64582443,-8.258452415,1,-3.477982998,1,-12.03655243,1,3.242325068,1,4.595558643,1,-3.149676085,1,0.085017979,0,-0.732024014,0,-2.656837702,0
51.64982224,-8.878726959,1,-2.938752413,1,-12.83059883,1,3.255275965,1,4.504504204,1,-3.275899887,1,0.107737631,0,-0.712670922,0,-2.671545029,0
51.65382385,-9.774240494,1,-2.177289009,1,-13.48558426,1,3.299963951,1,4.423287868,1,-3.420189142,1,0.13031058,0,-0.693362832,0,-2.686189413,0
51.65782166,-10.64307499,1,-1.327134609,1,-14.1238451,1,3.375617266,1,4.340826035,1,-3.572427034,1,0.152913511,0,-0.674043357,0,-2.700848341,0
51.66182709,-11.7099247,1,-0.783720851,1,-14.75829983,1,3.467268705,1,4.279265404,1,-3.712785006,1,0.175657034,0,-0.654644668,0,-2.715540171,0
51.66582871,-12.74598598,1,-0.483490437,1,-15.30388355,1,3.558116913,1,4.22306776,1,-3.844166517,1,0.198498636,0,-0.63512522,0,-2.730171442,0
51.66982651,-14.09937096,1,-0.36483115,1,-15.83852959,1,3.637844801,1,4.170143127,1,-3.950965643,1,0.221381783,0,-0.615464926,0,-2.744659662,0
51.67382813,-15.47178555,1,-0.162746459,1,-16.51408577,1,3.693638086,1,4.134261608,1,-4.037456036,1,0.244168624,0,-0.595620036,0,-2.758914948,0
51.67782974,-17.04284859,1,-0.139225721,1,-17.11089325,1,3.722537279,1,4.107552528,1,-4.124949455,1,0.266726851,0,-0.575560153,0,-2.772873878,0
51.68182755,-18.72985268,1,0.412046224,1,-17.55095673,1,3.711118221,1,4.077526569,1,-4.203302383,1,0.288923264,0,-0.555245042,0,-2.786530972,0
51.68582535,-20.6847744,1,1.211032033,1,-17.95220757,1,3.67031002,1,4.043242455,1,-4.270145893,1,0.310608596,0,-0.534726739,0,-2.799860239,0
51.68982697,-22.73725891,1,3.100218534,1,-18.06681252,1,3.610298634,1,4.010874271,1,-4.326737881,1,0.33165431,0,-0.514011323,0,-2.812827826,0
51.69382477,-25.17171478,1,5.578177929,1,-17.61504173,1,3.595028877,1,3.991202831,1,-4.354554653,1,0.346622795,0,-0.491536498,0,-2.835027218,0
51.69782257,-27.46485329,1,7.01919651,1,-16.69353867,1,3.619745016,1,4.021950245,1,-4.341641426,1,0.366621882,0,-0.470452726,0,-2.847111464,0
51.70182419,-29.12088394,1,8.044839859,1,-15.03294468,1,3.656565905,1,4.088298321,1,-4.279002666,1,0.386180401,0,-0.449027181,0,-2.858356714,0
51.70582199,-30.79689407,1,6.9441185,1,-12.85953331,1,3.622756004,1,4.174768925,1,-4.168493271,1,0.405098498,0,-0.427274823,0,-2.868558168,0
51.70982361,-31.78437996,1,4.79502821,1,-10.39086533,1,3.399188757,1,4.230496883,1,-3.996374846,1,0.422818124,0,-0.405290544,0,-2.87752676,0
51.71382523,-31.533638,1,3.245288849,1,-7.71283865,1,2.994699717,1,4.176416874,1,-3.745124817,1,0.438582301,0,-0.383520007,0,-2.885169744,0
51.71782303,-30.85038567,1,2.866450548,1,-5.310492516,1,2.5049963,1,3.993674755,1,-3.423790216,1,0.451901644,0,-0.362574577,0,-2.891513824,0
51.72182083,-29.92137337,1,4.008918285,1,-3.254973173,1,2.025221586,1,3.737309456,1,-3.067677021,1,0.462726712,0,-0.342938125,0,-2.896646976,0
51.72582245,-28.6789341,1,7.050004482,1,-1.297096372,1,1.656928062,1,3.359659195,1,-2.690391302,1,0.471408427,0,-0.325054765,0,-2.900760651,0
51.72982025,-27.69372368,1,11.04544735,1,0.600004971,1,1.473045707,1,2.884448051,1,-2.296832085,1,0.478651136,0,-0.30936712,0,-2.904078007,0
51.73382187,-27.72441292,1,15.11355591,1,2.027367353,1,1.504351735,1,2.380951405,1,-1.904604077,1,0.485352784,0,-0.296133697,0,-2.906764984,0
51.73782349,-28.26112747,1,18.38118553,1,3.112568378,1,1.70287323,1,1.890422344,1,-1.515150666,1,0.492323071,0,-0.285382777,0,-2.908879757,0
51.74182129,-28.6522274,1,20.41337013,1,3.719057322,1,2.013156891,1,1.422950625,1,-1.107175112,1,0.500160754,0,-0.277057409,0,-2.910403252,0
51.74581909,-28.79463387,1,21.09547806,1,3.927410841,1,2.326696157,1,0.989052713,1,-0.707853436,1,0.509094238,0,-0.271089494,0,-2.911295414,0
51.74982071,-28.57228088,1,20.46735191,1,3.799031973,1,2.56022501,1,0.591511428,1,-0.335522145,1,0.518973768,0,-0.267331332,0,-2.911575794,0
51.75381851,-28.15215111,1,18.9383049,1,3.430494785,1,2.610527754,1,0.235470816,1,-0.008218618,1,0.529301643,0,-0.265566826,0,-2.911330938,0
51.75782013,-27.98473549,1,16.71837044,1,2.931693554,1,2.439155102,1,-0.068923727,1,0.273526371,1,0.539285839,0,-0.265557766,0,-2.910679817,0
51.76182556,-28.36108589,1,14.30953884,1,2.19584322,1,2.05134511,1,-0.318172187,1,0.512331843,1,0.548058808,0,-0.267054975,0,-2.909695148,0
51.76581955,-28.85036469,1,11.88117981,1,1.309562087,1,1.488773108,1,-0.490986973,1,0.714645565,1,0.554831088,0,-0.269730598,0,-2.908408403,0
51.76981735,-27.31378174,1,7.473538876,1,-1.925761461,1,0.742602706,1,-0.652842522,1,0.937813818,1,0.558973372,0,-0.273378551,0,-2.906771183,0
51.77382278,-10.70819759,1,-14.83209038,1,-2.592758656,1,-1.80514729,1,-1.329216599,1,1.650500536,1,0.556620836,0,-0.279275477,0,-2.904475451,0
51.77781677,-42.46124268,1,4.945499897,1,0.956977069,1,-2.796007395,1,-2.431853533,1,2.920820951,1,0.545357168,0,-0.290736079,0,-2.900519848,0
51.78182602,-10.22716045,1,14.04232883,1,2.421400309,1,-2.570417881,1,-1.660178304,1,2.977502584,1,0.533105731,0,-0.304173827,0,-2.894155025,0
51.78582764,12.99481964,1,4.688310146,1,-3.574191332,1,-2.687631369,1,-1.624756455,1,3.200493097,1,0.520154595,0,-0.315663338,0,-2.886440039,0
51.78982544,-6.916906834,1,-4.415035725,1,-14.74202442,1,-2.786384344,1,-2.022197962,1,3.731327057,1,0.506372929,0,-0.329011858,0,-2.877505064,0
51.79382706,-10.25482368,1,-13.53231812,1,-20.25117493,1,-2.647940636,1,-1.398155332,1,3.842856407,1,0.491960943,0,-0.342436492,0,-2.866924047,0
51.79782867,8.021965027,1,-23.96144104,1,-21.66856956,1,-2.637688637,1,-0.943626821,1,3.98765254,1,0.477257013,0,-0.353673816,0,-2.85439086,0
51.80182648,10.5913887,1,-36.62355423,1,-16.91288757,1,-3.477626085,1,-1.215682745,1,3.987149239,1,0.460502207,0,-0.364695311,0,-2.841175318,0
51.80582428,11.21067905,1,-35.12613678,1,-10.13366604,1,-4.05092907,1,-1.605128407,1,4.024457455,1,0.440863341,0,-0.37666893,0,-2.828362465,0
51.8098259,8.410354614,1,-25.87556648,1,-5.855249405,1,-4.424942493,1,-2.36767745,1,3.905629158,1,0.419229031,0,-0.390484989,0,-2.816391706,0
51.8138237,2.755655289,1,-17.08655357,1,-4.682439804,1,-4.787778378,1,-3.242260218,1,3.809309959,1,0.396608293,0,-0.406951606,0,-2.805758238,0
51.81782532,1.263578653,1,-7.405457497,1,-4.747485161,1,-4.542040825,1,-3.885779381,1,3.490036964,1,0.3742553,0,-0.425673664,0,-2.796655178,0
51.82182312,-6.432046413,1,-3.758085728,1,-7.321494579,1,-4.497196674,1,-4.645628929,1,2.713356256,1,0.353623569,0,-0.446191132,0,-2.790623665,0
51.82582092,-12.10451698,1,4.774505138,1,-8.815153122,1,-4.165175438,1,-4.816668034,1,2.101899147,1,0.334986806,0,-0.467317849,0,-2.787718296,0
51.82982254,-17.05494308,1,7.624417782,1,-12.83437443,1,-4.013881683,1,-4.85508728,1,1.634285927,1,0.318127632,0,-0.48806268,0,-2.786795378,0
51.83382416,-22.52766228,1,11.90624523,1,-15.97133732,1,-3.674126863,1,-4.58750248,1,1.302824497,1,0.302784145,0,-0.507855535,0,-2.787042618,0
51.83782196,-28.18235397,1,14.21582317,1,-18.71474266,1,-3.293403387,1,-4.112923145,1,1.135211349,1,0.289079219,0,-0.525960863,0,-2.787615776,0
51.84181976,-27.87903023,1,18.43201256,1,-20.91793442,1,-2.756424189,1,-3.366263151,1,1.181499958,1,0.276785314,0,-0.541622758,0,-2.787347317,0
51.84582138,-26.55522537,1,20.35077667,1,-21.36218834,1,-2.198915243,1,-2.704259396,1,1.316865444,1,0.265887618,0,-0.554669321,0,-2.785485744,0
51.84981918,-23.05602646,1,16.72938347,1,-20.42916679,1,-1.656069517,1,-1.932949305,1,1.402292728,1,0.25643006,0,-0.565040171,0,-2.782087088,0
51.8538208,-22.23310471,1,9.803604126,1,-17.53909302,1,-1.33367157,1,-1.242884159,1,1.285150528,1,0.248062894,0,-0.572514534,0,-2.777698517,0
51.85782242,-17.26351929,1,5.856511116,1,-14.02411175,1,-0.930645525,1,-0.756032586,1,1.050262928,1,0.24115777,0,-0.577515006,0,-2.773428917,0
51.86182022,-9.521125793,1,-0.738298714,1,-9.199098587,1,-0.70445168,1,-0.574522793,1,0.83142668,1,0.236041218,0,-0.580903769,0,-2.769794941,0
51.86581802,-7.500901699,1,-5.227242947,1,-8.621853828,1,-0.692790389,1,-0.522329211,1,0.620178401,1,0.231688038,0,-0.583680212,0,-2.767022848,0
51.86981964,-8.339801788,1,-6.634654045,1,-8.242338181,1,-0.654026151,1,-0.469076276,1,0.445561677,1,0.227953508,0,-0.586108088,0,-2.765105009,0
51.87381744,-6.854862213,1,-4.975054264,1,-8.672348976,1,-0.656453311,1,-0.376658201,1,0.32305032,1,0.224587888,0,-0.588094532,0,-2.763754129,0
51.87781906,-5.728596687,1,-2.360407829,1,-8.838274956,1,-0.624270439,1,-0.263263196,1,0.251187116,1,0.221498102,0,-0.589559317,0,-2.762801409,0
51.88182068,-5.288136482,1,0.336136073,1,-8.319130898,1,-0.606687784,1,-0.258350223,1,0.29877308,1,0.218429074,0,-0.59079653,0,-2.761761427,0
51.88581848,-6.963922977,1,0.870178163,1,-8.770269394,1,-0.509278893,1,-0.186903834,1,0.279001355,1,0.215577796,0,-0.591949582,0,-2.760632038,0
51.88981628,-7.625983715,1,-0.110612184,1,-8.478877068,1,-0.41258961,1,-0.121666506,1,0.230727762,1,0.213131621,0,-0.592760801,0,-2.759561062,0
51.8938179,-7.749828815,1,-1.793059707,1,-7.890366554,1,-0.356559128,1,-0.023368919,1,0.158484161,1,0.21112819,0,-0.593213677,0,-2.758710861,0
51.8978157,-6.456635475,1,-3.879400969,1,-8.096429825,1,-0.296550423,1,-0.039988212,1,0.121253185,1,0.20950754,0,-0.593449235,0,-2.758092642,0
51.90182114,-6.21749115,1,-4.382249832,1,-8.463571548,1,-0.286128998,1,-0.016476419,1,0.104851425,1,0.208077773,0,-0.593651474,0,-2.757601976,0
51.90582275,-5.522477627,1,-3.773086071,1,-8.770198822,1,-0.292114645,1,-0.013144288,1,0.122331485,1,0.206625029,0,-0.59379667,0,-2.757078648,0
51.90982056,-4.656565189,1,-3.240003109,1,-9.189982414,1,-0.293983191,1,-0.041411839,1,0.15698199,1,0.205101073,0,-0.59401685,0,-2.756440163,0
51.91382217,-4.491447926,1,-2.677121401,1,-9.437819481,1,-0.281153888,1,-0.065893963,1,0.18608062,1,0.203526571,0,-0.594375014,0,-2.755687475,0
51.91782379,-4.199505806,1,-2.72642827,1,-9.235363007,1,-0.27215293,1,-0.123659089,1,0.214343548,1,0.201948538,0,-0.594908595,0,-2.75483489,0
51.92182159,-4.393436432,1,-2.890470982,1,-8.95334816,1,-0.257710725,1,-0.149346277,1,0.230841592,1,0.200365081,0,-0.595617592,0,-2.753898859,0
51.9258194,-4.324766159,1,-2.822003126,1,-8.814555168,1,-0.242113665,1,-0.187833831,1,0.230526835,1,0.198838979,0,-0.596469402,0,-2.75296545,0
51.92982101,-4.27264452,1,-2.19766593,1,-9.011910439,1,-0.209398717,1,-0.221489757,1,0.225363299,1,0.197427675,0,-0.597460866,0,-2.752076149,0
51.93381882,-4.466215611,1,-1.110094905,1,-9.063035965,1,-0.158451259,1,-0.224618793,1,0.218715936,1,0.196204528,0,-0.598512232,0,-2.751237154,0
51.93782044,-4.603597641,1,-0.308979809,1,-9.096617699,1,-0.099877402,1,-0.245567292,1,0.197859809,1,0.195243061,0,-0.599595547,0,-2.750462294,0
51.94182205,-4.78605175,1,-0.457703143,1,-9.192149162,1,-0.025659801,1,-0.266745776,1,0.169206664,1,-0.033149417,0,-0.823118269,0,-2.479282141,0
51.94581986,-4.579721451,1,-1.482137322,1,-9.168680191,1,0.027585667,1,-0.282799244,1,0.155618578,1,-0.028687412,0,-0.827930927,0,-2.514603615,0
51.94981766,-4.249647141,1,-2.319550276,1,-9.109459877,1,0.058288965,1,-0.315814286,1,0.144175693,1,-0.029208401,0,-0.829103053,0,-2.513673782,0
51.95381928,-4.43163538,1,-2.495448589,1,-9.07431221,1,0.08135923,1,-0.345066339,1,0.146639392,1,-0.029608596,0,-0.830416322,0,-2.512746096,0
51.95781708,-4.663843632,1,-2.315635681,1,-8.958221436,1,0.09945225,1,-0.369527578,1,0.145327911,1,-0.029936463,0,-0.83183068,0,-2.511809587,0
51.96181488,-4.755153656,1,-2.154382467,1,-8.855162621,1,0.113216244,1,-0.379949868,1,0.143105358,1,-0.030205484,0,-0.833311319,0,-2.510871887,0
51.9658165,-4.761063099,1,-2.176075459,1,-8.747883797,1,0.127949923,1,-0.389902472,1,0.12875773,1,-0.030383531,0,-0.834834337,0,-2.509975672,0
51.9698143,-4.887550354,1,-2.174743414,1,-8.698113441,1,0.141341448,1,-0.403339267,1,0.108214073,1,-0.030416204,0,-0.836402953,0,-2.509198904,0
51.97381592,-5.15667963,1,-2.007487774,1,-8.608972549,1,0.165217131,1,-0.409235299,1,0.090603694,1,-0.030309388,0,-0.838016272,0,-2.508527994,0
51.97781754,-5.395904064,1,-1.953633904,1,-8.557263374,1,0.184868559,1,-0.41255334,1,0.06603156,1,-0.030022981,0,-0.839644313,0,-2.507982492,0
51.98181534,-5.226581573,1,-2.095615387,1,-8.508378029,1,0.219494209,1,-0.42197606,1,0.035481185,1,-0.029496457,0,-0.841309786,0,-2.507600784,0
51.98581314,-4.93123436,1,-2.322002649,1,-8.595258713,1,0.238712683,1,-0.430516571,1,0.012310511,1,-0.028746597,0,-0.843012154,0,-2.507384539,0
51.98981476,-4.529906273,1,-2.578713655,1,-8.68767643,1,0.253566176,1,-0.452886254,1,0.003172639,1,-0.027841268,0,-0.844771385,0,-2.507268667,0
51.99381256,-4.232033253,1,-2.585797071,1,-8.772927284,1,0.265954226,1,-0.480582178,1,-0.009339685,1,-0.026836926,0,-0.846632898,0,-2.507216692,0
51.99781418,-4.428147316,1,-2.236932993,1,-8.758472443,1,0.281437725,1,-0.510654509,1,-0.011389868,1,-0.025758777,0,-0.848615885,0,-2.507200003,0
52.0018158,-4.61613512,1,-1.965299606,1,-8.698624611,1,0.31371662,1,-0.532714844,1,-0.022945143,1,-0.024543878,0,-0.850705326,0,-2.507223368,0
52.0058136,-4.56768322,1,-1.903172851,1,-8.740883827,1,0.347373366,1,-0.556860268,1,-0.03067462,1,-0.023153996,0,-0.852879882,0,-2.507317781,0
52.0098114,-4.571199894,1,-1.987695813,1,-8.640555382,1,0.378248781,1,-0.575739741,1,-0.039728429,1,-0.021596475,0,-0.855142236,0,-2.507463217,0
52.01381302,-4.607124329,1,-2.532022476,1,-8.487639427,1,0.388009071,1,-0.583426714,1,-0.03708782,1,-0.019936513,0,-0.857474864,0,-2.507628202,0
52.01781082,-4.566269875,1,-3.125598192,1,-8.357055664,1,0.375876188,1,-0.595541179,1,-0.024402093,1,-0.018321004,0,-0.859841228,0,-2.50773406,0
52.02181625,-4.97954464,1,-3.245061159,1,-8.014860153,1,0.369968623,1,-0.590193689,1,-0.001384141,1,-0.016828375,0,-0.862217665,0,-2.50774622,0
52.02581787,-5.11222887,1,-3.52269578,1,-7.789978504,1,0.358482569,1,-0.567963779,1,0.032116979,1,-0.015468749,0,-0.864534736,0,-2.507606983,0
52.02981567,-5.256678581,1,-3.698554277,1,-7.668760777,1,0.341351777,1,-0.548480153,1,0.062693886,1,-0.014320349,0,-0.866764367,0,-2.507274389,0
52.03381348,-5.255728245,1,-3.962869644,1,-7.407125473,1,0.317614734,1,-0.522090912,1,0.090924427,1,-0.013398268,0,-0.868896365,0,-2.506750822,0
52.03781891,-5.337911606,1,-4.184009075,1,-7.329967499,1,0.301548123,1,-0.493081927,1,0.116784938,1,-0.012688884,0,-0.870913267,0,-2.506054878,0
52.04181671,-5.255490303,1,-4.254230022,1,-7.242653847,1,0.267139912,1,-0.458059579,1,0.140781477,1,-0.012188405,0,-0.872807264,0,-2.505213022,0
52.04581451,-5.161796093,1,-3.922640085,1,-7.415251255,1,0.243019953,1,-0.43742469,1,0.166507155,1,-0.011925018,0,-0.874591649,0,-2.504230499,0
52.04981613,-4.972316742,1,-3.625905991,1,-7.596369743,1,0.221167281,1,-0.417518407,1,0.176554412,1,-0.01183587,0,-0.87629205,0,-2.503127575,0
52.05381393,-4.951807976,1,-3.159754038,1,-7.7714715,1,0.202530593,1,-0.411544591,1,0.184182584,1,-0.011886285,0,-0.877941728,0,-2.501956463,0
52.05781174,-4.999704838,1,-2.853493452,1,-7.820588112,1,0.214273915,1,-0.40359804,1,0.186901256,1,-0.011964545,0,-0.879563749,0,-2.500767708,0
52.06181335,-5.254695892,1,-2.573460102,1,-7.833690166,1,0.22707577,1,-0.391311258,1,0.185197145,1,-0.012004019,0,-0.881146789,0,-2.499568701,0
52.06581116,-5.396713734,1,-2.571983576,1,-7.965278625,1,0.258728653,1,-0.390834302,1,0.177996278,1,-0.011930749,0,-0.882702827,0,-2.498397589,0
52.06981278,-5.245553017,1,-2.701395273,1,-7.733624458,1,0.26688832,1,-0.391806155,1,0.179171711,1,-0.01178651,0,-0.884249032,0,-2.497233152,0
52.07381439,-5.323719501,1,-2.596984625,1,-7.900994778,1,0.276646852,1,-0.38627708,1,0.177406847,1,-0.011587285,0,-0.885789156,0,-2.496094942,0
52.0778122,-5.086229324,1,-2.910554409,1,-7.811840057,1,0.265161425,1,-0.381348252,1,0.17618154,1,-0.011368795,0,-0.887316346,0,-2.494964361,0
52.08181,-5.212188721,1,-3.012891293,1,-7.817777634,1,0.225693151,1,-0.392856836,1,0.182096928,1,-0.011287246,0,-0.88886857,0,-2.493790627,0
52.08581162,-5.192190647,1,-2.470719814,1,-7.7883811,1,0.220603526,1,-0.392997712,1,0.169192865,1,-0.011308705,0,-0.890431881,0,-2.492645264,0
52.08980942,-5.34103775,1,-2.379447699,1,-7.793581009,1,0.241478831,1,-0.379676491,1,0.163776934,1,-0.011239775,0,-0.891979635,0,-2.491550922,0
52.09381104,-5.364558697,1,-2.516696453,1,-7.761246204,1,0.242218584,1,-0.37386471,1,0.157722592,1,-0.011101454,0,-0.893468976,0,-2.490493536,0
52.09781265,-5.406179905,1,-2.636461973,1,-7.696261406,1,0.240897,1,-0.363816828,1,0.146481067,1,-0.010916976,0,-0.894935846,0,-2.48948288,0
52.10181046,-5.407601833,1,-2.703461647,1,-7.626599312,1,0.234321624,1,-0.353950948,1,0.140031114,1,-0.010703657,0,-0.89637506,0,-2.488549471,0
52.10580826,-5.343618393,1,-2.679036379,1,-7.624970436,1,0.230818659,1,-0.348306417,1,0.13216421,1,-0.010475961,0,-0.897774577,0,-2.487654924,0
52.10980988,-5.357041836,1,-2.67871213,1,-7.643675804,1,0.228939787,1,-0.334986836,1,0.122474164,1,-0.010213068,0,-0.899139583,0,-2.48681736,0
52.11380768,-5.33920145,1,-2.712354422,1,-7.651860237,1,0.228040174,1,-0.331441015,1,0.125224575,1,-0.009931776,0,-0.900480151,0,-2.486006021,0
52.1178093,-5.282720089,1,-2.776806831,1,-7.636934757,1,0.222891599,1,-0.323135823,1,0.120676093,1,-0.009664221,0,-0.901790321,0,-2.485196829,0
52.12181473,-5.310961723,1,-2.891380548,1,-7.669149876,1,0.220365822,1,-0.32384184,1,0.122147918,1,-0.009400357,0,-0.903079152,0,-2.484396219,0
52.12581253,-5.266815662,1,-2.944540501,1,-7.609847546,1,0.215945765,1,-0.317102432,1,0.125552312,1,-0.009172347,0,-0.904354095,0,-2.483581305,0
52.12980652,-5.092638016,1,-3.139205933,1,-7.653968334,1,0.20838879,1,-0.314067185,1,0.131181374,1,-0.008985923,0,-0.905611515,0,-2.48272872,0
52.13381195,-5.206262112,1,-3.322106361,1,-7.640847206,1,0.199331075,1,-0.309053987,1,0.135576665,1,-0.008866307,0,-0.906864166,0,-2.481844902,0
52.13780975,-5.179526806,1,-3.405339479,1,-7.6318717,1,0.171727553,1,-0.31429404,1,0.146194309,1,-0.008843315,0,-0.908111632,0,-2.480914593,0
52.14181519,-5.285267353,1,-3.371193409,1,-7.588074207,1,0.161994889,1,-0.311175823,1,0.156562164,1,-0.008972135,0,-0.909361184,0,-2.479902506,0
52.1458168,-5.245960236,1,-3.399363756,1,-7.556684971,1,0.150319338,1,-0.304556936,1,0.169942409,1,-0.009198759,0,-0.910593748,0,-2.478821993,0
52.14981461,-5.283731937,1,-3.444537878,1,-7.552623749,1,0.139855146,1,-0.300892889,1,0.18323876,1,-0.009548474,0,-0.911798298,0,-2.477647305,0
52.15381241,-5.338247776,1,-3.468797684,1,-7.51487112,1,0.119723633,1,-0.293429554,1,0.193378627,1,-0.010014436,0,-0.912976027,0,-2.476395369,0
52.15781403,-5.391329288,1,-3.467169285,1,-7.498494625,1,0.103728242,1,-0.285436988,1,0.203758895,1,-0.010604629,0,-0.914126635,0,-2.47508502,0
52.16181183,-5.441757679,1,-3.392609835,1,-7.473630428,1,0.086079486,1,-0.277514428,1,0.212646887,1,-0.011302388,0,-0.915241122,0,-2.473722696,0
52.16581345,-5.504691601,1,-3.24485445,1,-7.526037216,1,0.074145831,1,-0.270780683,1,0.224563137,1,-0.012130716,0,-0.916328013,0,-2.472271442,0
52.16981506,-5.471576214,1,-3.154301405,1,-7.467917919,1,0.063858069,1,-0.253354818,1,0.228136465,1,-0.013059994,0,-0.917356789,0,-2.470754862,0
52.17381287,-5.483380318,1,-3.087674379,1,-7.449204445,1,0.049937647,1,-0.245707691,1,0.232644156,1,-0.014055177,0,-0.918337226,0,-2.469209909,0
52.17781067,-5.512356281,1,-3.085557461,1,-7.431688786,1,0.032594983,1,-0.236316785,1,0.231097475,1,-0.015117616,0,-0.919303417,0,-2.467664719,0
52.18181229,-5.53357935,1,-3.08141923,1,-7.443429947,1,0.018401098,1,-0.221455678,1,0.237321332,1,-0.016267993,0,-0.920205653,0,-2.466093063,0
52.18581009,-5.542065144,1,-3.181346416,1,-7.474685192,1,-0.013184885,1,-0.219542921,1,0.239172354,1,-0.017497923,0,-0.921074271,0,-2.46451807,0
52.18981171,-5.446793079,1,-3.065637112,1,-7.448374271,1,-0.036378633,1,-0.214488685,1,0.243450806,1,-0.018892871,0,-0.921919584,0,-2.462897301,0
52.19381332,-5.582757473,1,-2.994824886,1,-7.540857792,1,-0.044320606,1,-0.205006033,1,0.24446702,1,0.134108961,0,-0.828165948,0,-2.687586546,0
52.19781113,-5.438889027,1,-3.079069614,1,-7.561653137,1,-0.051498245,1,-0.194261238,1,0.252970159,1,0.132984295,0,-0.82909745,0,-2.686304331,0
52.20180893,-5.463243008,1,-2.985971928,1,-7.638772011,1,-0.055900294,1,-0.202856496,1,0.250406772,1,0.131791651,0,-0.830019832,0,-2.684979439,0
52.20581055,-5.403106689,1,-3.033344984,1,-7.683074951,1,-0.049004007,1,-0.207120851,1,0.258606911,1,0.130587444,0,-0.830968916,0,-2.68362999,0
52.20980835,-5.330973625,1,-2.930828333,1,-7.798250675,1,-0.049226053,1,-0.216494739,1,0.267076463,1,0.129361853,0,-0.831950247,0,-2.6822505,0
52.21380997,-5.298553944,1,-2.809868574,1,-7.988345623,1,-0.039472878,1,-0.241929993,1,0.269519538,1,0.128139958,0,-0.832996607,0,-2.6808393,0
52.21781158,-5.24402523,1,-2.844130993,1,-8.214806557,1,-0.027793936,1,-0.258930385,1,0.27790904,1,0.126946896,0,-0.834123552,0,-2.67941165,0
52.22180939,-5.104427814,1,-3.03869915,1,-8.255784988,1,-0.017437413,1,-0.292568147,1,0.289165914,1,0.125759915,0,-0.8353616,0,-2.677938461,0
52.22580719,-5.090126991,1,-2.959871769,1,-8.29018116,1,-0.007341888,1,-0.328639418,1,0.308743566,1,0.124570809,0,-0.836749196,0,-2.676404715,0
52.22980881,-5.093941212,1,-2.950821638,1,-8.221751213,1,0.007143221,1,-0.357073039,1,0.323424965,1,0.12336646,0,-0.838273466,0,-2.674791098,0
52.23380661,-5.14299345,1,-2.916296244,1,-8.135295868,1,0.021872409,1,-0.38534373,1,0.333849639,1,0.122165859,0,-0.839904308,0,-2.673098803,0
52.23780823,-5.226456642,1,-2.735703707,1,-8.127225876,1,0.022485571,1,-0.409657389,1,0.347822696,1,0.120956041,0,-0.841653347,0,-2.671361208,0
52.24180985,-5.327284336,1,-2.626169443,1,-8.029411316,1,0.025323985,1,-0.435217381,1,0.350772589,1,0.119719654,0,-0.843497217,0,-2.669572592,0
52.24580765,-5.341725826,1,-2.222383976,1,-8.000245094,1,0.034548629,1,-0.456154495,1,0.346749336,1,0.118507527,0,-0.845435739,0,-2.667801857,0
52.24980545,-5.4755373,1,-1.973310113,1,-8.015650749,1,0.060805012,1,-0.477281839,1,0.340500802,1,0.117387258,0,-0.847460151,0,-2.666059732,0
52.25380707,-5.513808727,1,-1.987187743,1,-8.003171921,1,0.076898947,1,-0.509372711,1,0.324465424,1,0.116413072,0,-0.849576354,0,-2.664396286,0
52.25780487,-5.491822243,1,-1.970987439,1,-8.090128899,1,0.088091977,1,-0.533961236,1,0.308933228,1,0.115593381,0,-0.851793349,0,-2.662860632,0
52.2618103,-5.455361843,1,-2.070691347,1,-8.2016716,1,0.095516331,1,-0.561783552,1,0.296734452,1,0.114875779,0,-0.854109108,0,-2.661418915,0
52.26581192,-5.350567818,1,-2.374923944,1,-8.299280167,1,0.103218891,1,-0.587450266,1,0.289698839,1,0.114227444,0,-0.856527865,0,-2.660035133,0
52.26980972,-5.0929389,1,-2.685867786,1,-8.45759201,1,0.113715298,1,-0.629110992,1,0.288942456,1,0.113657646,0,-0.859071076,0,-2.658704996,0
52.27380753,-5.02221632,1,-3.094565153,1,-8.579594612,1,0.115852118,1,-0.681110084,1,0.295776129,1,0.113109447,0,-0.861812234,0,-2.657382011,0
52.27780914,-4.988595963,1,-3.366712093,1,-8.744842529,1,0.115530506,1,-0.737306416,1,0.315544754,1,0.112524554,0,-0.86477071,0,-2.65600276,0
52.28181076,-4.950901985,1,-3.66517663,1,-8.720983505,1,0.100287728,1,-0.793467879,1,0.340937704,1,0.111827463,0,-0.86796385,0,-2.654525757,0
52.28580856,-5.008915424,1,-3.828028917,1,-8.662501335,1,0.067538925,1,-0.851328611,1,0.370378733,1,0.110923871,0,-0.871390462,0,-2.652899504,0
52.28981018,-4.982666016,1,-3.68437171,1,-8.68026638,1,0.05732945,1,-0.910443068,1,0.397654593,1,0.109799117,0,-0.875055373,0,-2.651123762,0
52.29380798,-5.144834995,1,-3.439146757,1,-8.792498589,1,0.059922747,1,-0.971068382,1,0.420728743,1,0.108549938,0,-0.878980637,0,-2.649214983,0
52.29780579,-5.143743992,1,-3.297640085,1,-8.576751709,1,0.06828624,1,-1.030981541,1,0.452699274,1,0.107226968,0,-0.883147478,0,-2.647168875,0
52.3018074,-5.233109951,1,-3.30765605,1,-8.577450752,1,0.061596543,1,-1.095968485,1,0.477237105,1,0.105762355,0,-0.887578428,0,-2.644942999,0
52.30580521,-5.304141045,1,-3.292302847,1,-8.500667572,1,0.041336771,1,-1.152871966,1,0.493912011,1,0.104168661,0,-0.892246723,0,-2.6426332,0
52.30980682,-5.315842152,1,-3.025969505,1,-8.49475193,1,0.021794625,1,-1.202364802,1,0.50487721,1,0.102421381,0,-0.897138357,0,-2.640227079,0
52.31380844,-5.468191624,1,-3.121726751,1,-8.661442757,1,-0.007991232,1,-1.256765962,1,0.523730993,1,0.100528345,0,-0.902244151,0,-2.637753487,0
52.31780624,-5.466243267,1,-3.358817816,1,-8.418542862,1,-0.045652561,1,-1.30400002,1,0.532873034,1,0.098405086,0,-0.907544017,0,-2.63517642,0
52.32180405,-5.736698151,1,-3.448610306,1,-8.471917152,1,-0.109316491,1,-1.359589696,1,0.562507987,1,0.09594433,0,-0.913064182,0,-2.632462025,0
52.32580566,-5.39766264,1,-3.062747002,1,-8.21349144,1,-0.125569835,1,-1.409341931,1,0.576279581,1,0.093205594,0,-0.918789625,0,-2.629614592,0
52.32980347,-5.468021393,1,-3.006347895,1,-8.338586807,1,-0.122421972,1,-1.473825932,1,0.591720104,1,0.090335362,0,-0.924745858,0,-2.626634121,0
52.33380508,-5.702178001,1,-3.103216648,1,-8.291028976,1,-0.120214291,1,-1.522966862,1,0.61966747,1,0.087335914,0,-0.930933297,0,-2.623498201,0
52.3378067,-5.613015175,1,-3.473299742,1,-8.228193283,1,-0.123820208,1,-1.588087797,1,0.64769733,1,0.084148727,0,-0.937344074,0,-2.62015152,0
52.3418045,-5.586602688,1,-3.722690821,1,-8.229988098,1,-0.145397291,1,-1.65199101,1,0.681304395,1,0.080724366,0,-0.944019794,0,-2.616571426,0
52.34580231,-5.971283913,1,-4.164417267,1,-8.358716011,1,-0.180481344,1,-1.712370634,1,0.733784974,1,0.076887444,0,-0.95093745,0,-2.612645864,0
52.34980393,-5.603786469,1,-4.196784496,1,-8.19697094,1,-0.199130833,1,-1.780225873,1,0.791816533,1,0.072556436,0,-0.958133221,0,-2.608273029,0
52.35380173,-5.604286671,1,-4.222495556,1,-8.174389839,1,-0.218937114,1,-1.850923061,1,0.848624527,1,0.067756929,0,-0.965599835,0,-2.603445053,0
52.35780335,-5.709722996,1,-4.116499901,1,-8.335294724,1,-0.232756883,1,-1.929757714,1,0.918524086,1,0.062406879,0,-0.973376155,0,-2.598061562,0
52.36180496,-5.576134205,1,-4.208039284,1,-8.382222176,1,-0.241622865,1,-2.006942987,1,0.982598484,1,0.05651366,0,-0.981456757,0,-2.59210515,0
52.36580277,-5.876101017,1,-4.278418064,1,-8.764385223,1,-0.253189027,1,-2.106719732,1,1.050977349,1,0.050048918,0,-0.989883363,0,-2.585541248,0
52.36980057,-5.502752781,1,-4.12429285,1,-8.890748024,1,-0.257206023,1,-2.208661079,1,1.117106199,1,0.042975906,0,-0.998699427,0,-2.578329325,0
52.37380219,-5.497879505,1,-4.107910156,1,-9.250482559,1,-0.253980249,1,-2.333981752,1,1.190274715,1,0.035275992,0,-1.007959366,0,-2.570416451,0
52.37779999,-5.341962814,1,-4.34303236,1,-9.412210464,1,-0.243932024,1,-2.484003782,1,1.285642028,1,0.026853491,0,-1.017721772,0,-2.561656237,0
52.38180542,-5.262748718,1,-4.787329197,1,-9.645570755,1,-0.249423727,1,-2.639192104,1,1.365235448,1,0.017551864,0,-1.028084517,0,-2.551918745,0
52.38580704,-5.397242546,1,-5.057448387,1,-9.883432388,1,-0.252422512,1,-2.80731988,1,1.479052544,1,0.007229119,0,-1.039042473,0,-2.541065454,0
52.38980484,-5.656619072,1,-5.636106491,1,-10.02581406,1,-0.262818426,1,-2.956485033,1,1.595045447,1,-0.004347887,0,-1.050595403,0,-2.528868437,0
52.39380264,-5.11203289,1,-5.700749874,1,-10.06927776,1,-0.264106542,1,-3.15159297,1,1.72652626,1,-0.017377445,0,-1.062729716,0,-2.515119791,0
52.39780426,-4.732804775,1,-6.003474236,1,-10.35992336,1,-0.253371418,1,-3.37575531,1,1.874714971,1,-0.032137815,0,-1.075609326,0,-2.499471664,0
52.40180206,-4.612030983,1,-6.011728764,1,-10.55653763,1,-0.241064593,1,-3.584623098,1,2.037725925,1,-0.048893426,0,-1.089202762,0,-2.481626034,0
52.40580368,-4.225109577,1,-5.927799702,1,-10.71752071,1,-0.232321471,1,-3.838598967,1,2.218290567,1,-0.068081319,0,-1.103523493,0,-2.461127996,0
52.4098053,-4.044286728,1,-5.880246639,1,-11.01271915,1,-0.236673206,1,-4.101552486,1,2.362100363,1,-0.089986697,0,-1.118627787,0,-2.43772459,0
52.4138031,-4.591110706,1,-6.248558521,1,-11.36656284,1,-0.26780197,1,-4.381180763,1,2.519995213,1,-0.115052655,0,-1.134510398,0,-2.411074162,0
52.4178009,-5.586507797,1,-6.938824177,1,-12.22537422,1,-0.328165948,1,-4.645091057,1,2.700789928,1,-0.144052148,0,-1.15106833,0,-2.380502701,0
52.42180252,-4.698965549,1,-7.294137001,1,-12.20096779,1,-0.379286408,1,-4.951471806,1,2.897567034,1,-0.177820086,0,-1.168198705,0,-2.34520793,0
52.42580032,-4.291730881,1,-7.873358727,1,-12.60845661,1,-0.415553123,1,-5.277799606,1,3.088859558,1,-0.217371047,0,-1.185919166,0,-2.304099798,0
52.42980194,-5.71168232,1,-7.202759743,1,-11.97852135,1,-0.368598461,1,-5.597033024,1,3.260659695,1,-0.26329565,0,-1.204003811,0,-2.256423473,0
52.43380356,-9.22846508,1,-7.467807293,1,-12.23370266,1,-0.33372137,1,-5.81197691,1,3.337839127,1,-0.316157728,0,-1.222164035,0,-2.201530933,0
52.43780136,-11.46685886,1,-6.2439394,1,-12.34794521,1,-0.238870203,1,-5.94189167,1,3.411125422,1,-0.375739753,0,-1.239728451,0,-2.139536381,0
52.44179916,-14.39023113,1,-6.279849529,1,-13.10528183,1,-0.140604272,1,-5.812787533,1,3.42530632,1,-0.442131191,0,-1.255964279,0,-2.07036376,0
52.44580078,-12.83104324,1,-5.395218372,1,-12.17768955,1,-0.045958012,1,-5.875956059,1,3.633088112,1,-0.509974599,0,-1.273312926,0,-2.013667107,0
52.44979858,-13.35865021,1,-5.694108486,1,-12.85681057,1,0.086897969,1,-5.908364296,1,3.772705555,1,-0.593216836,0,-1.285637498,0,-1.926734567,0
52.4538002,-15.83928394,1,-5.098090649,1,-13.8320837,1,0.2868644,1,-5.929020405,1,3.907197237,1,-0.684485793,0,-1.295498967,0,-1.830999136,0
52.45780563,-20.20874786,1,-6.004293442,1,-15.3050642,1,0.543709517,1,-5.809530258,1,3.971201897,1,-0.781434774,0,-1.302452564,0,-1.728638649,0
52.46179962,-20.56970596,1,-7.926846504,1,-14.40363598,1,0.617096663,1,-5.533446789,1,4.104809284,1,-0.88012892,0,-1.305811763,0,-1.623875856,0
52.46579742,-18.458498,1,-9.586472511,1,-13.85068417,1,0.570428729,1,-5.4649086,1,4.244125843,1,-0.979481697,0,-1.305575371,0,-1.518443227,0
52.46980286,-22.09365082,1,-10.63811874,1,-14.16674995,1,0.449884742,1,-5.340044498,1,4.402141094,1,-1.07778728,0,-1.30192101,0,-1.414404511,0
52.47379684,-23.3862915,1,-11.07903194,1,-13.59783077,1,0.145020708,1,-5.072653294,1,4.674286842,1,-1.171657205,0,-1.294545293,0,-1.315633416,0
52.47780228,-20.38022423,1,-12.47892761,1,-12.41345215,1,-0.267129272,1,-5.042313576,1,4.860981941,1,-1.26032424,0,-1.283619165,0,-1.223592997,0
52.48180389,-22.50770569,1,-12.15503979,1,-13.26734638,1,-0.688874245,1,-4.9439044,1,4.959293365,1,-1.343223333,0,-1.269979596,0,-1.13897419,0
52.4858017,-23.30630684,1,-10.32478905,1,-13.39974976,1,-0.941779852,1,-4.715565681,1,4.849715233,1,-1.41778481,0,-1.254340172,0,-1.064216256,0
52.4897995,-18.11431122,1,-8.431242943,1,-11.07647228,1,-1.196534038,1,-4.510480404,1,4.870294571,1,-1.483284354,0,-1.237256885,0,-0.999584198,0
52.49380112,-14.75611591,1,-7.161835194,1,-10.18904877,1,-1.505363703,1,-4.237912655,1,4.875097752,1,-1.54101193,0,-1.218772411,0,-0.944022894,0
52.49779892,-9.802827835,1,-5.097782135,1,-9.048395157,1,-1.718222499,1,-3.7559793,1,4.677160263,1,-1.590158105,0,-1.199716091,0,-0.8984496,0
52.50180435,-6.624977112,1,-2.400870562,1,-9.083999634,1,-1.775770426,1,-3.319597244,1,4.553834438,1,-1.630548,0,-1.180754304,0,-0.862445235,0
52.50580597,-9.988308907,1,-1.146202564,1,-11.87068462,1,-1.629550934,1,-3.051104784,1,4.36256361,1,-1.664330363,0,-1.161948681,0,-0.833256364,0
52.50980377,-10.94186687,1,-0.832291484,1,-11.17694569,1,-1.301106334,1,-2.856964111,1,4.079882145,1,-1.692384005,0,-1.143900633,0,-0.808985174,0
52.51380539,-16.95039177,1,2.787521124,1,-10.14139843,1,-0.791794002,1,-2.955237865,1,3.775428295,1,-1.716782808,0,-1.12670517,0,-0.786812067,0
52.51780701,-28.52249146,1,2.97457242,1,-16.40624237,1,-0.076190777,1,-2.426801443,1,3.20181942,1,-1.736473203,0,-1.111206293,0,-0.76676631,0
52.52180481,-16.13780403,1,-1.101401091,1,-14.70463943,1,0.271571666,1,-1.65261066,1,2.701699734,1,-1.747812986,0,-1.098224998,0,-0.75359863,0
52.52580261,-3.375952959,1,-4.057227612,1,-10.11892128,1,0.489551425,1,-1.323173165,1,2.386924744,1,-1.753859997,0,-1.087208629,0,-0.745033801,0
52.52980423,-1.246604919,1,-6.63940382,1,-7.607221603,1,0.644828022,1,-1.381266236,1,2.149874926,1,-1.758341551,0,-1.077323914,0,-0.737362742,0
52.53380203,-6.507659435,1,-7.934607029,1,-8.183009148,1,0.589157939,1,-1.392042398,1,1.955945611,1,-1.763103366,0,-1.068213344,0,-0.729053915,0
52.53780365,-7.427946568,1,-7.561311722,1,-9.337863922,1,0.366230994,1,-1.188236594,1,1.773348093,1,-1.767710209,0,-1.059906125,0,-0.721571386,0
52.54180527,-5.121718407,1,-7.116286755,1,-8.062026024,1,0.18068853,1,-1.031225681,1,1.636410475,1,-1.771910071,0,-1.052367091,0,-0.71551609,0
52.54580307,-4.21554327,1,-6.860579014,1,-6.993791103,1,0.041520339,1,-0.925487161,1,1.538564444,1,-1.775895119,0,-1.045358658,0,-0.710411787,0
52.54980087,-4.035991192,1,-6.299222469,1,-7.009776592,1,-0.063978001,1,-0.76467371,1,1.430665374,1,-1.77955246,0,-1.03885138,0,-0.706218004,0
52.55380249,-3.240220547,1,-5.146195412,1,-6.890964031,1,-0.127730444,1,-0.576392353,1,1.319505334,1,-1.782447338,0,-1.032914519,0,-0.703322172,0
52.55780029,-2.469259739,1,-3.855940104,1,-6.850456238,1,-0.124783695,1,-0.404720038,1,1.219664812,1,-1.78435719,0,-1.027546167,0,-0.701703608,0
52.56180191,-2.016922474,1,-2.74541235,1,-6.798464298,1,-0.053474735,1,-0.237975135,1,1.120944262,1,-1.785151362,0,-1.022700787,0,-0.701192379,0
52.56580353,-1.219243169,1,-1.913843036,1,-6.616979599,1,0.06382072,1,-0.063522592,1,1.020029664,1,-1.784617066,0,-1.018384576,0,-0.701806009,0
52.56980133,-0.181234255,1,-1.444945097,1,-6.350594044,1,0.199919805,1,0.108792759,1,0.928969741,1,-1.782620668,0,-1.014602304,0,-0.703537822,0
52.57379913,0.776693583,1,-1.328552365,1,-6.063697338,1,0.338579267,1,0.277568936,1,0.843549669,1,-1.779149652,0,-1.011303306,0,-0.706351459,0
52.57780075,1.309612274,1,-1.346949935,1,-5.862747192,1,0.466520488,1,0.448328882,1,0.768772721,1,-1.77423358,0,-1.008446693,0,-0.710251451,0
52.58179855,1.630828738,1,-1.410101771,1,-5.783943653,1,0.572082579,1,0.618725717,1,0.706887186,1,-1.767900467,0,-1.005983114,0,-0.715263963,0
52.58580017,1.930020928,1,-1.432575822,1,-5.766012669,1,0.657662392,1,0.794963777,1,0.651714385,1,-1.760238886,0,-1.003856301,0,-0.721416712,0
52.58980179,2.052381039,1,-1.499376059,1,-5.745545387,1,0.729985178,1,0.980797768,1,0.601155102,1,-1.7512784,0,-1.002055883,0,-0.728748441,0
52.59379959,2.191105843,1,-1.636716366,1,-5.767307758,1,0.795410633,1,1.165939331,1,0.553249896,1,-1.740991116,0,-1.000535727,0,-0.737333834,0
52.59779739,2.262736797,1,-1.650656581,1,-5.818514347,1,0.853324473,1,1.364113569,1,0.513019919,1,-1.729367852,0,-0.999256968,0,-0.747226596,0
52.60179901,2.453116894,1,-1.541488051,1,-5.889533043,1,0.919958413,1,1.557354808,1,0.461318135,1,-1.716413856,0,-0.998212337,0,-0.758421779,0
52.60579681,2.547006607,1,-1.395016432,1,-5.901717663,1,0.990870118,1,1.747064352,1,0.401000887,1,-1.702075362,0,-0.997417212,0,-0.770938516,0
52.60979462,2.673442841,1,-1.141211987,1,-5.929367065,1,1.083271265,1,1.935222745,1,0.332476586,1,-1.686325788,0,-0.9968611,0,-0.784755826,0
52.61379623,2.83304143,1,-0.984309316,1,-5.931331158,1,1.190295696,1,2.112387896,1,0.255852193,1,-1.669127941,0,-0.996560335,0,-0.799823761,0
52.61779404,2.925942183,1,-0.978545487,1,-5.963421822,1,1.299974799,1,2.277293921,1,0.170297101,1,-1.650523305,0,-0.996488452,0,-0.816062927,0
52.62179565,2.913650036,1,-1.06020987,1,-6.016960144,1,1.398574471,1,2.433502913,1,0.075856745,1,-1.630548954,0,-0.996649563,0,-0.833426356,0
52.62580109,2.846361399,1,-1.221898198,1,-5.997037411,1,1.49671793,1,2.583655119,1,-0.019096307,1,-1.609234571,0,-0.997018397,0,-0.85190928,0
52.62980652,2.538482189,1,-1.423845768,1,-6.060578823,1,1.582989812,1,2.725842714,1,-0.113950521,1,-1.586639762,0,-0.997566938,0,-0.871460259,0
52.63380432,2.147703886,1,-1.742685318,1,-6.193550587,1,1.663695335,1,2.875629187,1,-0.216044083,1,-1.562771797,0,-0.998276651,0,-0.892131269,0
52.63780594,1.818985343,1,-2.051344395,1,-6.222153664,1,1.7316643,1,3.027971506,1,-0.324662954,1,-1.537630439,0,-0.999108911,0,-0.913967311,0
52.64180374,1.389885902,1,-2.211481571,1,-6.234824657,1,1.782304764,1,3.180057764,1,-0.42846784,1,-1.511184692,0,-1.000033259,0,-0.937048256,0
52.64580536,0.881566584,1,-2.384802103,1,-6.312283039,1,1.837359309,1,3.331706285,1,-0.544190407,1,-1.483450651,0,-1.001016736,0,-0.961383343,0
52.64980698,0.283252239,1,-2.419065475,1,-6.36166048,1,1.886023521,1,3.491609573,1,-0.66032058,1,-1.454388738,0,-1.002010465,0,-0.987037241,0
52.65380478,-0.160716444,1,-2.469805002,1,-6.391479492,1,1.942332506,1,3.65196085,1,-0.768968523,1,-1.423961759,0,-1.002964139,0,-1.014051795,0
52.65780258,-0.462656766,1,-2.520217896,1,-6.425750732,1,1.998227954,1,3.810067654,1,-0.890653491,1,-1.392131805,0,-1.003812313,0,-1.042457104,0
52.6618042,-0.694603324,1,-2.571074724,1,-6.416575909,1,2.064667225,1,3.948804379,1,-1.01767683,1,-1.358903289,0,-1.004551411,0,-1.072204828,0
52.665802,-0.920300722,1,-2.571606636,1,-6.349498749,1,2.130026102,1,4.075483322,1,-1.143794179,1,-1.32435739,0,-1.005106449,0,-1.103185177,0
52.66979981,-1.170840263,1,-2.530461788,1,-6.348520279,1,2.196954012,1,4.176953793,1,-1.27863121,1,-1.288609982,0,-1.005474091,0,-1.135276437,0
52.67380524,-1.362021089,1,-2.600738287,1,-6.380965233,1,2.265401363,1,4.256720543,1,-1.412690759,1,-1.251773119,0,-1.005614281,0,-1.168333054,0
52.67780304,-1.557318568,1,-2.76585722,1,-6.394641399,1,2.329245329,1,4.323363304,1,-1.547481894,1,-1.213963151,0,-1.005501747,0,-1.202218771,0
52.68180084,-1.902667284,1,-2.848647356,1,-6.457663059,1,2.3836658,1,4.378493786,1,-1.683634281,1,-1.175272942,0,-1.005119443,0,-1.23687017,0
52.68580246,-2.325804234,1,-2.986077309,1,-6.471352577,1,2.420418024,1,4.429687977,1,-1.813979506,1,-1.135855794,0,-1.004417181,0,-1.272187591,0
52.68980026,-2.548968554,1,-3.150415659,1,-6.506743431,1,2.457949638,1,4.474915028,1,-1.94021821,1,-1.09579277,0,-1.003332853,0,-1.308109045,0
52.69379807,-2.766394138,1,-3.170548439,1,-6.58276844,1,2.475511074,1,4.508097649,1,-2.067241192,1,-1.059828997,0,-1.00047493,0,-1.358927608,0
52.69779968,-2.974667072,1,-3.067834854,1,-6.622532368,1,2.489856958,1,4.528687477,1,-2.17837429,1,-1.018954635,0,-0.998630822,0,-1.395711422,0
52.70179749,-3.195864677,1,-2.971890926,1,-6.638386726,1,2.500144005,1,4.558254242,1,-2.28375864,1,-0.977827668,0,-0.996283591,0,-1.432792664,0
52.7057991,-3.229355335,1,-2.761129141,1,-6.699473381,1,2.527944088,1,4.562621117,1,-2.376446486,1,-0.936514974,0,-0.993400753,0,-1.470051169,0
52.70980072,-3.386425972,1,-2.436062336,1,-6.929926872,1,2.563487768,1,4.562654495,1,-2.465368032,1,-0.895166814,0,-0.989966333,0,-1.507288098,0
52.71379852,-3.507505417,1,-2.086275339,1,-7.007631779,1,2.61472106,1,4.550656319,1,-2.53684473,1,-0.853880703,0,-0.985949218,0,-1.544350028,0
52.71779633,-3.720529795,1,-1.771098971,1,-7.163442135,1,2.682962179,1,4.540351868,1,-2.597977877,1,-0.812684059,0,-0.981313825,0,-1.581121206,0
52.72179794,-4.070895195,1,-1.397303224,1,-7.303339958,1,2.763696671,1,4.534535408,1,-2.644259691,1,-0.771641314,0,-0.976028442,0,-1.617461681,0
52.72579575,-4.467524052,1,-1.216373324,1,-7.629116535,1,2.863518476,1,4.526179314,1,-2.686542273,1,-0.730773807,0,-0.970070124,0,-1.653281331,0
52.72979736,-4.763710976,1,-1.223629713,1,-7.982312202,1,2.961308002,1,4.541829109,1,-2.718075514,1,-0.690110803,0,-0.963380396,0,-1.688525558,0
52.73379898,-5.868763924,1,-0.977058589,1,-7.673098087,1,3.07174015,1,4.621147156,1,-2.833386421,1,-0.649414063,0,-0.955935359,0,-1.723560572,0
52.73779678,-4.305548191,1,-0.147901595,1,-7.870642185,1,3.205800295,1,4.573967934,1,-2.752675056,1,-0.609024882,0,-0.947623432,0,-1.75775075,0
52.74179459,-5.461519241,1,-0.468133032,1,-8.590498924,1,3.354981422,1,4.546713829,1,-2.715998173,1,-0.569428861,0,-0.938562214,0,-1.790450573,0
52.74580765,-5.784290314,1,-1.127125263,1,-9.053759575,1,3.463624477,1,4.582835674,1,-2.694726944,1,-0.530403614,0,-0.928653896,0,-1.822000504,0
52.74980927,-5.463698864,1,-1.159672618,1,-9.306655884,1,3.543828726,1,4.595179558,1,-2.664560795,1,-0.492151499,0,-0.917885244,0,-1.852381229,0
52.75381088,-5.40166378,1,-0.829252958,1,-9.612107277,1,3.632147074,1,4.581298351,1,-2.605994463,1,-0.454874724,0,-0.906354189,0,-1.881380677,0
52.7578125,-5.499385357,1,-0.656443655,1,-9.921273232,1,3.717353582,1,4.55816555,1,-2.520822048,1,-0.418699175,0,-0.894134223,0,-1.908781886,0
52.7618103,-5.589071751,1,-0.506370127,1,-10.28641224,1,3.80553031,1,4.527964115,1,-2.433073044,1,-0.383712232,0,-0.881281495,0,-1.934482694,0
52.76580811,-5.602257729,1,-0.324513167,1,-10.63399696,1,3.890523434,1,4.483342648,1,-2.339945793,1,-0.349951744,0,-0.867871046,0,-1.958438635,0
52.76980972,-5.861287117,1,-0.142335415,1,-11.00133228,1,3.989235878,1,4.439460754,1,-2.256493568,1,-0.317284644,0,-0.85402739,0,-1.980735183,0
52.77380753,-6.038981438,1,-0.037559561,1,-11.53539753,1,4.087105751,1,4.395048141,1,-2.176201582,1,-0.285616219,0,-0.839785397,0,-2.001435995,0
52.77780533,-6.310752869,1,0.046607044,1,-12.09380531,1,4.194956779,1,4.351198196,1,-2.107179642,1,-0.254846156,0,-0.825212061,0,-2.020638227,0
52.78180695,-6.600987911,1,0.148970783,1,-12.64919376,1,4.30134201,1,4.317811966,1,-2.060218334,1,-0.224836007,0,-0.810352921,0,-2.038483858,0
52.78580475,-6.975520611,1,0.135537386,1,-13.37886715,1,4.414208412,1,4.288858414,1,-2.029058695,1,-0.195409179,0,-0.79523015,0,-2.055148125,0
52.78980637,-7.219736099,1,0.261485904,1,-14.22793007,1,4.523459435,1,4.257114887,1,-2.03173542,1,-0.166425526,0,-0.779879928,0,-2.070816994,0
52.79380798,-7.250107765,1,0.47886318,1,-15.24600506,1,4.618746758,1,4.221897125,1,-2.049479723,1,-0.137783945,0,-0.764358401,0,-2.085664511,0
52.79780579,-7.612737179,1,1.003919482,1,-16.17460823,1,4.705060482,1,4.193493843,1,-2.070113182,1,-0.109472968,0,-0.74868077,0,-2.09975338,0
52.80180359,-8.241152763,1,1.599967122,1,-16.98014259,1,4.811269283,1,4.181415081,1,-2.085052729,1,-0.08141271,0,-0.732805908,0,-2.113132477,0
52.80580521,-8.989485741,1,2.003942966,1,-17.6074791,1,4.918431282,1,4.191164017,1,-2.11218214,1,-0.053532474,0,-0.71666801,0,-2.12582922,0
52.80980301,-9.74546051,1,2.42527318,1,-18.30149841,1,5.013925552,1,4.231925011,1,-2.143781662,1,-0.025799444,0,-0.700175464,0,-2.137909651,0
52.81380463,-10.35184765,1,2.807391167,1,-18.93501663,1,5.096085548,1,4.281208992,1,-2.17062068,1,0.001742639,0,-0.683262706,0,-2.149377823,0
52.81780624,-10.94889832,1,2.777232885,1,-19.36921883,1,5.14715004,1,4.327370644,1,-2.185022593,1,0.029004574,0,-0.665910721,0,-2.160206318,0
52.82180405,-11.43522358,1,2.920203924,1,-19.84556198,1,5.164741993,1,4.364934444,1,-2.190159082,1,0.055812482,0,-0.648168802,0,-2.170322895,0
52.82580185,-12.0027895,1,2.927868605,1,-20.2571373,1,5.145419121,1,4.394986629,1,-2.186633348,1,0.082041532,0,-0.630088329,0,-2.179703474,0
52.82980347,-12.67620277,1,3.403937817,1,-20.58649826,1,5.105557919,1,4.422698021,1,-2.190789461,1,0.107590593,0,-0.611698389,0,-2.188379526,0
52.83380127,-13.43251133,1,4.332683086,1,-20.90973854,1,5.051091671,1,4.436146259,1,-2.199760199,1,0.132441223,0,-0.593049765,0,-2.196384192,0
52.83780289,-14.54974461,1,5.74468708,1,-21.16466713,1,5.006799698,1,4.433440685,1,-2.210167885,1,0.156633377,0,-0.574222624,0,-2.203788757,0
52.8418045,-16.09178162,1,7.776474953,1,-21.25173187,1,4.997422218,1,4.430694103,1,-2.223266363,1,0.180294171,0,-0.555258214,0,-2.210632324,0
52.84580231,-18.28996849,1,8.99606514,1,-20.79241562,1,5.036872864,1,4.458666801,1,-2.200469971,1,0.203576431,0,-0.536131859,0,-2.216837883,0
52.84980011,-20.57971191,1,8.702439308,1,-19.83487511,1,5.065590382,1,4.545609474,1,-2.147732735,1,0.226497963,0,-0.516695678,0,-2.222233057,0
52.85380173,-22.15002251,1,7.598110676,1,-18.23534966,1,5.021389961,1,4.660817146,1,-2.052153349,1,0.24884069,0,-0.496831208,0,-2.226634264,0
52.85779953,-23.74614525,1,5.397740841,1,-16.40701675,1,4.842677116,1,4.765459061,1,-1.935088038,1,0.270145774,0,-0.476564974,0,-2.22989583,0
52.86180115,-24.63993454,1,3.891966343,1,-14.37375164,1,4.497466087,1,4.816855431,1,-1.793969274,1,0.289802313,0,-0.456061751,0,-2.231993914,0
52.86580658,-24.89027214,1,3.412759066,1,-11.97052479,1,4.051961422,1,4.765082359,1,-1.623971581,1,0.307338655,0,-0.435693979,0,-2.232974768,0
52.8698082,-24.87630081,1,4.184336185,1,-9.459383011,1,3.59217453,1,4.607313156,1,-1.450037003,1,0.322633594,0,-0.415939331,0,-2.233002424,0
52.87380981,-24.62614632,1,5.919113159,1,-6.944391727,1,3.176797628,1,4.333414078,1,-1.27431953,1,0.335881203,0,-0.397224694,0,-2.232303858,0
52.87781143,-24.22185516,1,8.232419968,1,-4.334947109,1,2.857771635,1,3.954085112,1,-1.087850451,1,0.347462386,0,-0.38000375,0,-2.231109142,0
52.88180924,-23.68892288,1,11.10348415,1,-2.112361431,1,2.675078154,1,3.485445976,1,-0.88781476,1,0.357930958,0,-0.364660859,0,-2.229567528,0
52.88580704,-23.49971199,1,14.3727684,1,-0.389158398,1,2.626487494,1,2.92914176,1,-0.674627662,1,0.36788854,0,-0.351551443,0,-2.227833271,0
52.88980866,-23.27801323,1,17.42954063,1,0.760025144,1,2.702388763,1,2.360788584,1,-0.45761016,1,0.377895713,0,-0.340873867,0,-2.225987673,0
52.89380646,-23.26545143,1,19.76677132,1,1.375248671,1,2.845333099,1,1.806634665,1,-0.250622272,1,0.388345361,0,-0.332620561,0,-2.224076986,0
52.89780808,-23.2706871,1,20.85216522,1,1.492087722,1,2.98526454,1,1.287261009,1,-0.083283,1,0.399414897,0,-0.326659203,0,-2.222219706,0
52.90180969,-23.17594147,1,20.72503281,1,1.24288404,1,3.031966209,1,0.831888199,1,0.051966809,1,0.410939991,0,-0.322764099,0,-2.220521927,0
52.9058075,-23.14319229,1,19.6668644,1,0.720524848,1,2.930427551,1,0.420372635,1,0.1413095,1,0.422452688,0,-0.320644319,0,-2.219078064,0
52.9098053,-23.32391739,1,17.95809364,1,-0.0828593,1,2.62831068,1,0.069553189,1,0.180846363,1,0.433286786,0,-0.320032895,0,-2.218015432,0
52.91380692,-23.73703766,1,15.87004662,1,-1.030623436,1,2.096534491,1,-0.211805329,1,0.173418447,1,0.442614496,0,-0.320606589,0,-2.21746707,0
52.91780472,-24.10681915,1,13.58017826,1,-1.8752141,1,1.378262758,1,-0.452084571,1,0.128309339,1,0.449618161,0,-0.322070658,0,-2.217502594,0
52.92180634,-24.40499687,1,11.56150627,1,-2.42551899,1,0.545953333,1,-0.636353254,1,0.076721668,1,0.453684598,0,-0.32420975,0,-2.218119621,0
52.92580795,-14.14862823,1,-6.621108055,1,-8.700246811,1,-1.066868544,1,-1.065967441,1,0.319714814,1,0.453486711,0,-0.32739839,0,-2.219021797,0
52.92980576,-27.99367332,1,4.174965858,1,-0.484576762,1,-2.461047888,1,-2.102305651,1,1.516914248,1,0.445485294,0,-0.334465176,0,-2.218582869,0
52.93380356,-25.78956604,1,21.78760719,1,-2.053683758,1,-1.826081514,1,-2.099293709,1,2.100629568,1,0.435961723,0,-0.345779955,0,-2.215278387,0
52.93780518,4.04937458,1,12.7943325,1,-3.490703344,1,-1.804735899,1,-1.498643041,1,1.985052824,1,0.426987708,0,-0.355528355,0,-2.210620165,0
52.94180298,-0.333757848,1,-1.045320749,1,-11.9577055,1,-1.37147975,1,-1.530141115,1,2.342891216,1,0.418679327,0,-0.36445865,0,-2.204864979,0
52.9458046,-14.76498604,1,-15.75750256,1,-16.69564438,1,-1.602069855,1,-1.303103566,1,2.735422611,1,0.410950691,0,-0.37433669,0,-2.225794554,0
52.9498024,-4.046900272,1,-26.01939774,1,-18.39792442,1,-2.008608818,1,-0.560986519,1,2.980440855,1,0.400106549,0,-0.382229447,0,-2.216139317,0
52.9538002,4.253210068,1,-36.54014206,1,-15.71537685,1,-2.700737953,1,-0.185406998,1,3.375338793,1,0.386348426,0,-0.388396978,0,-2.203974724,0
52.95780182,2.866165876,1,-41.7818985,1,-8.497755051,1,-3.691870689,1,-0.114974663,1,3.586268187,1,0.368253946,0,-0.393995702,0,-2.190201044,0
52.96180344,5.710964203,1,-35.19499588,1,-5.803752422,1,-4.360220432,1,-0.415337235,1,3.849054098,1,0.346416473,0,-0.400149584,0,-2.175426483,0
52.96580124,4.326622009,1,-29.83487701,1,-0.774407268,1,-5.250908375,1,-0.792793393,1,3.776710749,1,0.321317673,0,-0.407400072,0,-2.160530806,0
52.96979904,6.138636112,1,-23.44927788,1,-0.351172119,1,-5.730564594,1,-1.489598274,1,3.770784616,1,0.293538988,0,-0.41625756,0,-2.146354675,0
52.97380066,6.704697132,1,-17.61308479,1,-0.230278671,1,-5.819582939,1,-2.229446411,1,3.676194668,1,0.265003622,0,-0.427541196,0,-2.132772207,0
52.97779846,-2.943339109,1,-10.63348866,1,-4.549945354,1,-5.993287086,1,-2.997665167,1,3.016884804,1,0.236349791,0,-0.441190481,0,-2.121255159,0
52.98180008,-8.280311584,1,-1.141881824,1,-7.574600697,1,-5.852349281,1,-3.141097307,1,2.184628725,1,0.208968639,0,-0.455412179,0,-2.112999439,0
52.98580551,-14.25122833,1,9.229499817,1,-9.547276497,1,-5.270434856,1,-3.116552114,1,1.504042268,1,0.18442823,0,-0.469168454,0,-2.107693195,0
52.98981094,-19.72128296,1,17.70006943,1,-15.05253887,1,-4.638846874,1,-2.898986101,1,1.086938381,1,0.163060188,0,-0.481975287,0,-2.10441637,0
52.99380875,-20.79386139,1,23.69138145,1,-18.40490532,1,-3.917898178,1,-2.556032896,1,0.982955217,1,0.144649044,0,-0.493375212,0,-2.101751089,0
52.99781036,-20.7494278,1,26.08615875,1,-21.096838,1,-3.177011728,1,-2.13781476,1,1.055831671,1,0.129035637,0,-0.503231883,0,-2.098605633,0
53.00180817,-19.93338203,1,24.49630928,1,-21.88107109,1,-2.51451087,1,-1.674769759,1,1.0621382,1,0.115819402,0,-0.511385858,0,-2.094886065,0
53.0058136,-15.10826397,1,20.69939995,1,-20.18678093,1,-1.861282825,1,-1.214821219,1,1.139043927,1,0.104958862,0,-0.517520905,0,-2.090595007,0
53.00980759,-13.24898148,1,12.55035114,1,-17.98091507,1,-1.358826876,1,-1.088653803,1,1.124983788,1,0.096190497,0,-0.522521138,0,-2.085879564,0
53.01380539,-10.78373528,1,3.129258156,1,-14.81587696,1,-1.081898808,1,-0.877952576,1,0.95490545,1,0.089237273,0,-0.526851296,0,-2.081511021,0
53.01780701,-7.040453434,1,-3.455506563,1,-10.73631096,1,-0.976055384,1,-0.871915281,1,0.766309738,1,0.083276793,0,-0.530552983,0,-2.077865601,0
53.02181244,-6.650438786,1,-7.542946815,1,-9.14387989,1,-0.946560919,1,-0.9147138,1,0.544663191,1,0.078083619,0,-0.534386516,0,-2.075167894,0
53.02581024,-6.660748959,1,-7.860275745,1,-8.728381157,1,-0.968636394,1,-0.849043608,1,0.358428866,1,0.073380582,0,-0.538039505,0,-2.073405504,0
53.02980423,-4.851872921,1,-6.368414879,1,-9.426010132,1,-1.038277149,1,-0.812604666,1,0.270752847,1,0.068765551,0,-0.541388094,0,-2.072265148,0
53.03380966,-5.623942852,1,-1.550864935,1,-9.952904701,1,-1.024773121,1,-0.780321419,1,0.210642621,1,0.06420359,0,-0.54469651,0,-2.071387768,0
53.03780747,-5.396759987,1,1.312763572,1,-10.47217274,1,-0.935529828,1,-0.694948375,1,0.218914181,1,0.059870034,0,-0.547707617,0,-2.070628166,0
53.04180908,-7.738154888,1,3.25961256,1,-11.34621048,1,-0.767906368,1,-0.579427779,1,0.244700789,1,0.055950291,0,-0.550320566,0,-2.069690466,0
53.0458107,-6.412851334,1,2.971022606,1,-9.857293129,1,-0.601356387,1,-0.433452576,1,0.266250193,1,0.052650306,0,-0.552323341,0,-2.068637371,0
53.0498085,-7.140383244,1,0.24026081,1,-9.215884209,1,-0.444915891,1,-0.447502285,1,0.226946995,1,0.04999657,0,-0.554165184,0,-2.067551136,0
53.05380631,-7.140900612,1,-2.394926786,1,-8.63667202,1,-0.34494254,1,-0.412553161,1,0.15499559,1,0.048009843,0,-0.555921018,0,-2.066742897,0
53.05780792,-6.310905457,1,-3.711275578,1,-8.567256927,1,-0.286742687,1,-0.403038204,1,0.11542099,1,0.046466898,0,-0.557557285,0,-2.066219568,0
53.06180573,-6.76943922,1,-3.813518286,1,-8.519083023,1,-0.265275806,1,-0.363576233,1,0.118693441,1,0.045128673,0,-0.559132636,0,-2.065765619,0
53.06580734,-7.423213482,1,-2.925899982,1,-8.502840996,1,-0.247749031,1,-0.278850138,1,0.123282909,1,0.043832995,0,-0.560462296,0,-2.065276384,0
53.06980896,-5.833677769,1,-2.301788092,1,-7.872449875,1,-0.241487071,1,-0.247936696,1,0.146133676,1,0.042546347,0,-0.561492503,0,-2.064695835,0
53.07380676,-5.263246536,1,-2.288467646,1,-8.026471138,1,-0.194771856,1,-0.270824701,1,0.118122779,1,0.041362017,0,-0.562568069,0,-2.064115763,0
53.07780457,-6.125869751,1,-1.946716785,1,-8.420052528,1,-0.155759871,1,-0.245512038,1,0.100596428,1,0.040407188,0,-0.563625574,0,-2.063648462,0
53.08180618,-5.824170589,1,-2.119875431,1,-8.333861351,1,-0.104741067,1,-0.219752058,1,0.102588825,1,0.039661903,0,-0.564577281,0,-2.063224554,0
53.08580399,-5.159317493,1,-3.117558241,1,-8.108420372,1,-0.103717387,1,-0.203794867,1,0.127372801,1,0.038987856,0,-0.565428078,0,-2.062725782,0
53.0898056,-4.980805874,1,-4.13779068,1,-8.26908493,1,-0.115064755,1,-0.209918022,1,0.145229489,1,0.038225632,0,-0.566288114,0,-2.06212163,0
53.09380722,-4.852056503,1,-4.045528412,1,-8.517374992,1,-0.134836525,1,-0.2073275,1,0.153050676,1,0.037376847,0,-0.567139804,0,-2.061474323,0
53.09780502,-4.908433437,1,-3.167991638,1,-8.448375702,1,-0.139315367,1,-0.213603109,1,0.183306605,1,0.036413152,0,-0.568011582,0,-2.060714483,0
53.10180283,-5.077870369,1,-2.296311855,1,-8.636802673,1,-0.122142531,1,-0.204288214,1,0.207102224,1,0.035403814,0,-0.568880796,0,-2.059824944,0
53.10581207,-5.016506195,1,-2.343347549,1,-8.550859451,1,-0.102925621,1,-0.20469296,1,0.21890156,1,0.034419969,0,-0.569724381,0,-2.058839798,0
53.10981369,-4.701536655,1,-3.012823582,1,-8.358500481,1,-0.09428487,1,-0.208560854,1,0.207393587,1,0.033515003,0,-0.570575893,0,-2.057857752,0
53.11381531,-4.756803036,1,-3.196464539,1,-8.473992348,1,-0.083420739,1,-0.216201916,1,0.1985939,1,0.032655377,0,-0.571457505,0,-2.056921005,0
53.11781311,-4.780610085,1,-2.887934923,1,-8.615343094,1,-0.075968549,1,-0.227878064,1,0.190550685,1,0.031853937,0,-0.572364211,0,-2.056030989,0
53.12181091,-5.004648685,1,-2.265766859,1,-8.6036129,1,-0.053529587,1,-0.231525034,1,0.167494893,1,0.031143747,0,-0.57330817,0,-2.055210829,0
53.12581253,-4.817642689,1,-1.759106278,1,-8.81562233,1,-0.017416116,1,-0.227607712,1,0.139332175,1,0.030627795,0,-0.574241698,0,-2.054519415,0
53.12981415,-4.733351231,1,-1.365127087,1,-8.842493057,1,0.029528329,1,-0.250864267,1,0.102913849,1,0.030359067,0,-0.575213909,0,-2.053985357,0
53.13381195,-4.679618835,1,-1.207480669,1,-8.887584686,1,0.076829419,1,-0.269200623,1,0.063183434,1,0.030370301,0,-0.576260865,0,-2.053622007,0
53.13780975,-4.861679077,1,-1.399861217,1,-8.800997734,1,0.133396313,1,-0.29166624,1,0.039758004,1,0.030678924,0,-0.577398598,0,-2.053409815,0
53.14181137,-4.843518257,1,-1.872592807,1,-8.715965271,1,0.179128915,1,-0.314583927,1,0.013362497,1,0.03127325,0,-0.578620076,0,-2.053339481,0
53.14580917,-4.781820774,1,-2.328775883,1,-8.686792374,1,0.20745571,1,-0.334011316,1,0.00147833,1,0.032068867,0,-0.579918027,0,-2.053358316,0
53.14981079,-4.73590517,1,-2.695036173,1,-8.634003639,1,0.227155879,1,-0.355186045,1,0.002946321,1,0.032964222,0,-0.581292152,0,-2.053398609,0
53.15381241,-4.669548512,1,-3.007418394,1,-8.394659042,1,0.228309527,1,-0.363830239,1,0.009363971,1,0.033884812,0,-0.582724929,0,-2.053431511,0
53.15781021,-4.762942791,1,-3.154424667,1,-8.350065231,1,0.226400658,1,-0.367927015,1,0.010879759,1,0.034801017,0,-0.584184885,0,-2.053446054,0
53.16180801,-4.754001141,1,-3.305038214,1,-8.300244331,1,0.212060854,1,-0.368238389,1,0.028413076,1,0.035673797,0,-0.585653126,0,-2.053415298,0
53.16580963,-4.87561655,1,-3.513045311,1,-8.103413582,1,0.197654679,1,-0.361077309,1,0.049660783,1,0.036420587,0,-0.587115109,0,-2.053292036,0
53.16980743,-4.72702837,1,-3.923735857,1,-7.978987694,1,0.160603389,1,-0.364884257,1,0.070789695,1,0.037003871,0,-0.588580489,0,-2.053063631,0
53.17380905,-4.992769241,1,-4.105211258,1,-7.877002239,1,0.13797085,1,-0.35119462,1,0.095138669,1,0.037422348,0,-0.590017438,0,-2.05273056,0
53.17781067,-5.007522106,1,-4.253198147,1,-7.720420361,1,0.100883044,1,-0.339012474,1,0.124281719,1,0.03765177,0,-0.59141916,0,-2.05226922,0
53.18180847,-4.906791687,1,-4.333148956,1,-7.690467358,1,0.056157611,1,-0.325403273,1,0.141008943,1,0.037654042,0,-0.59276402,0,-2.051695347,0
53.18580627,-4.949541092,1,-3.929320574,1,-7.73234272,1,0.017105168,1,-0.314083666,1,0.154701024,1,0.037423186,0,-0.594073176,0,-2.051032066,0
53.18980789,-5.03634119,1,-3.440776825,1,-7.718612194,1,-0.0006097,1,-0.293983907,1,0.169179082,1,0.037041403,0,-0.595313787,0,-2.050301313,0
53.1938057,-5.121393204,1,-3.17395997,1,-7.722976208,1,-0.007206599,1,-0.275115818,1,0.175126001,1,0.143592983,0,-0.601403832,0,-2.189623117,0
53.19780731,-5.259720802,1,-3.081232786,1,-7.721379757,1,-0.006804291,1,-0.264924973,1,0.168371424,1,0.143204018,0,-0.602578998,0,-2.188990116,0
53.20180512,-5.295405865,1,-2.930180788,1,-7.600894451,1,-0.006209832,1,-0.252239227,1,0.161547467,1,0.142834231,0,-0.60369128,0,-2.188383341,0
53.20580673,-5.325051785,1,-2.830480576,1,-7.574197292,1,-0.00014729,1,-0.230144978,1,0.155299604,1,0.14248161,0,-0.604733229,0,-2.187788486,0
53.20980454,-5.187039375,1,-2.773589849,1,-7.662536144,1,0.009531069,1,-0.214636877,1,0.154561728,1,0.142165244,0,-0.605703294,0,-2.187200308,0
53.21380615,-5.102392673,1,-2.933712244,1,-7.636265278,1,0.011300609,1,-0.193731263,1,0.149908885,1,0.141864434,0,-0.606595397,0,-2.186614275,0
53.21780396,-5.109911919,1,-3.149565458,1,-7.597492218,1,0.004176357,1,-0.173900619,1,0.149052471,1,0.141559884,0,-0.60740298,0,-2.186021805,0
53.22180176,-5.157468796,1,-3.383300781,1,-7.626799107,1,-0.005155702,1,-0.155639514,1,0.150195614,1,0.141219199,0,-0.608140588,0,-2.185410261,0
53.22581101,-5.09035778,1,-3.454009533,1,-7.589215755,1,-0.020725038,1,-0.140719354,1,0.156591624,1,0.140796199,0,-0.608824551,0,-2.184766054,0
53.22981262,-5.132069111,1,-3.408761024,1,-7.552718163,1,-0.034237858,1,-0.121619627,1,0.166730285,1,0.140289068,0,-0.609436452,0,-2.184079647,0
53.23381424,-5.069090843,1,-3.393819809,1,-7.56584692,1,-0.044767041,1,-0.109625824,1,0.181728795,1,0.139684796,0,-0.609989464,0,-2.183309317,0
53.23781586,-5.064888,1,-3.429749966,1,-7.605836391,1,-0.065344006,1,-0.088865846,1,0.183425605,1,0.13899219,0,-0.610481977,0,-2.182492971,0
53.24181366,-5.087489128,1,-3.310593367,1,-7.618384361,1,-0.084581554,1,-0.079215035,1,0.191588596,1,0.138196692,0,-0.610924482,0,-2.181639671,0
53.24581146,-5.415002346,1,-3.177809477,1,-7.589623451,1,-0.0989604,1,-0.058717526,1,0.206924051,1,0.137315616,0,-0.611321986,0,-2.180725574,0
53.24981308,-4.820225716,1,-2.921454191,1,-7.761683941,1,-0.09018214,1,-0.062396154,1,0.190250427,1,0.136411026,0,-0.611660242,0,-2.17980361,0
53.25381088,-5.097051144,1,-2.93978405,1,-7.729213238,1,-0.088964775,1,-0.059689201,1,0.180471644,1,0.135566324,0,-0.612013936,0,-2.178943396,0
53.2578125,-5.059235096,1,-2.836324215,1,-7.656870842,1,-0.078454331,1,-0.05536063,1,0.173644111,1,0.134759367,0,-0.612336278,0,-2.178123951,0
53.26181412,-5.121016502,1,-2.79228735,1,-7.714654446,1,-0.077382043,1,-0.05458124,1,0.158305421,1,0.134005144,0,-0.612648726,0,-2.177351236,0
53.26581192,-5.010555267,1,-2.773865938,1,-7.768566132,1,-0.067701533,1,-0.051812112,1,0.152794197,1,0.133308902,0,-0.612939894,0,-2.176634312,0
53.26980972,-5.039848328,1,-2.722411871,1,-7.842357635,1,-0.062842444,1,-0.049313206,1,0.142073303,1,0.132649183,0,-0.61322099,0,-2.175955057,0
53.27381134,-4.978684902,1,-2.717082262,1,-7.921583652,1,-0.056471866,1,-0.052677643,1,0.135218367,1,0.132040262,0,-0.613494158,0,-2.175312757,0
53.27780914,-4.902497292,1,-2.723504543,1,-7.991000652,1,-0.047866318,1,-0.05289153,1,0.130147129,1,0.131471857,0,-0.61377424,0,-2.174696445,0
53.28181076,-4.875248909,1,-2.837710857,1,-8.05866909,1,-0.044970579,1,-0.058870375,1,0.128295213,1,0.130945981,0,-0.614061832,0,-2.174107313,0
53.28581238,-5.093149185,1,-2.932599783,1,-8.120389938,1,-0.043366469,1,-0.057727523,1,0.136293381,1,0.13043122,0,-0.614369094,0,-2.173517704,0
53.28981018,-4.364400387,1,-2.919474363,1,-8.096475601,1,-0.037366331,1,-0.059631087,1,0.133196592,1,0.129901007,0,-0.614653826,0,-2.172892809,0
53.29380798,-4.782961369,1,-2.982630491,1,-8.182355881,1,-0.032145191,1,-0.083753675,1,0.130886555,1,0.129420206,0,-0.615017056,0,-2.172300577,0
53.2978096,-4.803641796,1,-2.937201262,1,-8.159450531,1,-0.029117037,1,-0.086061925,1,0.13320902,1,0.128948912,0,-0.615418911,0,-2.171713352,0
53.3018074,-4.829952717,1,-3.03417778,1,-8.156923294,1,-0.020648822,1,-0.096846506,1,0.139881164,1,0.12850377,0,-0.615847528,0,-2.171107292,0
53.30581284,-4.894503117,1,-3.040676832,1,-8.070508003,1,-0.019448373,1,-0.100038834,1,0.146115974,1,0.128052935,0,-0.616317272,0,-2.170483112,0
53.30980682,-4.923297882,1,-3.104083061,1,-8.054746628,1,-0.017317498,1,-0.110774964,1,0.148662284,1,0.127610117,0,-0.616806865,0,-2.169836044,0
53.31381226,-5.008669376,1,-3.193565369,1,-8.060050964,1,-0.023875533,1,-0.11215274,1,0.15554817,1,0.127142653,0,-0.617323816,0,-2.169161081,0
53.31780624,-4.670193672,1,-3.028851986,1,-7.980968475,1,-0.030889459,1,-0.102747284,1,0.165461972,1,0.126603469,0,-0.617834568,0,-2.168431759,0
53.32181168,-4.815594196,1,-3.064129591,1,-8.054642677,1,-0.03314374,1,-0.138516083,1,0.157849431,1,0.126086935,0,-0.618395984,0,-2.167714357,0
53.32580948,-4.977870941,1,-2.736704826,1,-8.014463425,1,-0.027984358,1,-0.143000394,1,0.148054123,1,0.125580862,0,-0.619031012,0,-2.167053938,0
53.32980347,-4.927557468,1,-2.608706474,1,-8.049495697,1,-0.012717022,1,-0.146301135,1,0.14300622,1,0.125130266,0,-0.619669139,0,-2.166424513,0
53.3338089,-4.9785285,1,-2.562219143,1,-8.106912613,1,-0.008432825,1,-0.159729913,1,0.13054727,1,0.124754213,0,-0.620339811,0,-2.165849924,0
53.3378067,-4.907886028,1,-2.507855177,1,-8.179699898,1,0.008406057,1,-0.174504608,1,0.126707405,1,0.124442637,0,-0.62106514,0,-2.16532135,0
53.34180832,-4.882848263,1,-2.599014044,1,-8.230769157,1,0.019394493,1,-0.182402104,1,0.124094009,1,0.124214709,0,-0.621833265,0,-2.164825678,0
53.34581375,-5.022431374,1,-2.692135334,1,-8.237448692,1,0.027154125,1,-0.191669881,1,0.1313508,1,0.124006867,0,-0.622641444,0,-2.164317369,0
53.34981918,-4.629499435,1,-2.702725172,1,-8.253965378,1,0.041033827,1,-0.208526209,1,0.138175204,1,0.12383204,0,-0.623487771,0,-2.163776636,0
53.35381699,-4.795859814,1,-2.776043892,1,-8.227500916,1,0.057429861,1,-0.230762288,1,0.134411961,1,0.123720542,0,-0.624426782,0,-2.163250923,0
53.3578186,-4.816672802,1,-2.909673929,1,-8.234354973,1,0.060422085,1,-0.250063896,1,0.144128099,1,0.123648539,0,-0.625452101,0,-2.162717819,0
53.36181641,-4.842208385,1,-2.926459074,1,-8.182675362,1,0.068508521,1,-0.267500252,1,0.145958558,1,0.123574615,0,-0.626559317,0,-2.162161827,0
53.36581802,-4.844884872,1,-3.11994195,1,-8.148944855,1,0.060860947,1,-0.283675492,1,0.157589138,1,0.123506546,0,-0.627740443,0,-2.161585808,0
53.36981964,-4.89292717,1,-2.952656984,1,-8.101202011,1,0.059472248,1,-0.298243135,1,0.159983516,1,0.123382546,0,-0.628971875,0,-2.160978794,0
53.37381744,-4.975010872,1,-2.76774025,1,-8.03935051,1,0.06818153,1,-0.312626094,1,0.166806877,1,0.12328057,0,-0.630264521,0,-2.160369873,0
53.37781525,-5.010788441,1,-2.640295744,1,-8.017015457,1,0.082512766,1,-0.31829682,1,0.171851456,1,0.123202883,0,-0.631589174,0,-2.159729481,0
53.38181686,-5.058219433,1,-2.519953489,1,-8.100344658,1,0.085345402,1,-0.32672742,1,0.16672118,1,0.123166017,0,-0.63294524,0,-2.159094334,0
53.38581467,-5.52076149,1,-2.468897343,1,-8.108335495,1,0.093796656,1,-0.32744506,1,0.178745478,1,0.123145372,0,-0.634340167,0,-2.158444881,0
53.38981247,-4.614554882,1,-2.358947754,1,-8.12106514,1,0.120202646,1,-0.345239818,1,0.16617918,1,0.123176284,0,-0.635741055,0,-2.157782316,0
53.39381409,-4.987543106,1,-2.626933813,1,-7.990855217,1,0.132264405,1,-0.373884946,1,0.16270715,1,0.123329349,0,-0.637249589,0,-2.157191992,0
53.39781189,-5.025297642,1,-2.630916834,1,-8.009918213,1,0.143222943,1,-0.382289201,1,0.170581162,1,0.123534992,0,-0.638833046,0,-2.156598806,0
53.40181351,-5.029245377,1,-2.850685835,1,-7.993459225,1,0.151372731,1,-0.394165874,1,0.168970466,1,0.123779081,0,-0.640461326,0,-2.156009197,0
53.40581513,-5.021140575,1,-2.726478577,1,-7.884384632,1,0.143353254,1,-0.406333774,1,0.171092242,1,0.123998716,0,-0.642135382,0,-2.15539813,0
53.40981293,-5.243370533,1,-2.462132931,1,-7.915833473,1,0.162448093,1,-0.417218447,1,0.175561607,1,0.124250852,0,-0.643857718,0,-2.154799223,0
53.41381073,-5.229427338,1,-2.437122583,1,-7.921940327,1,0.182405964,1,-0.425290495,1,0.170118719,1,0.124576725,0,-0.645607471,0,-2.154199839,0
53.41781235,-5.23538208,1,-2.646492243,1,-7.92195797,1,0.194025293,1,-0.436385006,1,0.172518894,1,0.124971695,0,-0.647410691,0,-2.153606176,0
53.42181015,-5.21164608,1,-2.831052303,1,-7.937121868,1,0.204215392,1,-0.450267911,1,0.175048381,1,0.125411853,0,-0.649260581,0,-2.153015137,0
53.42581177,-5.087571144,1,-2.876322269,1,-7.94630003,1,0.212697089,1,-0.467249244,1,0.176529735,1,0.125872329,0,-0.651168346,0,-2.152420759,0
53.42981339,-5.202716827,1,-2.998708963,1,-7.92120266,1,0.221280187,1,-0.491919577,1,0.18848899,1,0.126365229,0,-0.653167129,0,-2.151806831,0
53.43381119,-5.214705944,1,-3.032484055,1,-7.961205959,1,0.229262978,1,-0.501948774,1,0.201197252,1,0.126862049,0,-0.655229568,0,-2.15114069,0
53.43780899,-5.540530205,1,-3.027075768,1,-8.026702881,1,0.225095466,1,-0.520302117,1,0.217304125,1,0.127335995,0,-0.657373488,0,-2.150419474,0
53.44181061,-4.799257278,1,-3.009804964,1,-8.120930672,1,0.242120594,1,-0.533040047,1,0.219534248,1,0.188360944,0,-0.635594845,0,-2.282194376,0
53.44580841,-5.085277081,1,-3.051220894,1,-8.170838356,1,0.256037295,1,-0.567443311,1,0.233548105,1,0.188932478,0,-0.637323916,0,-2.294436455,0
53.44981003,-5.07117033,1,-3.077314138,1,-8.238207817,1,0.269606471,1,-0.596060395,1,0.245940462,1,0.189614713,0,-0.639781833,0,-2.293810844,0
53.45381165,-5.112736702,1,-3.040795326,1,-8.256095886,1,0.267822951,1,-0.622857094,1,0.253921568,1,0.190284297,0,-0.642374814,0,-2.293158054,0
53.45780945,-5.126698494,1,-2.896320581,1,-8.254498482,1,0.283574373,1,-0.659254193,1,0.269302607,1,0.190980911,0,-0.645098984,0,-2.292477608,0
53.46180725,-5.112422943,1,-2.762787342,1,-8.303088188,1,0.297974199,1,-0.693179786,1,0.283255547,1,0.19171612,0,-0.647975385,0,-2.291763783,0
53.4658165,-5.288907051,1,-2.723548651,1,-8.27453804,1,0.312130451,1,-0.729584217,1,0.2904917,1,0.192510128,0,-0.650990367,0,-2.29103899,0
53.46981812,-5.288741589,1,-2.694075346,1,-8.245996475,1,0.328709692,1,-0.764126658,1,0.292271495,1,0.193361357,0,-0.654142022,0,-2.290327072,0
53.47381973,-5.191803455,1,-2.652991056,1,-8.315264702,1,0.33635214,1,-0.801635027,1,0.297834665,1,0.194259927,0,-0.657438397,0,-2.289634466,0
53.47781754,-5.209356308,1,-2.714646816,1,-8.356305122,1,0.351194322,1,-0.847366393,1,0.297419518,1,0.195206493,0,-0.660908341,0,-2.288951397,0
53.48181534,-5.1165452,1,-2.965008259,1,-8.401453018,1,0.35611707,1,-0.901024342,1,0.304894149,1,0.196230277,0,-0.664569676,0,-2.288316727,0
53.48581696,-5.198729992,1,-3.179151297,1,-8.509837151,1,0.365540266,1,-0.950849354,1,0.319532365,1,0.197287321,0,-0.668443799,0,-2.287677288,0
53.48981857,-5.154145718,1,-3.645874977,1,-8.624069214,1,0.364220709,1,-1.009071827,1,0.339903623,1,0.198335201,0,-0.672541559,0,-2.287008524,0
53.49381638,-4.930637836,1,-3.721182346,1,-8.531583786,1,0.346055746,1,-1.067566395,1,0.369859457,1,0.19928889,0,-0.676895857,0,-2.286274195,0
53.49781418,-4.965939522,1,-3.625049353,1,-8.555718422,1,0.352954984,1,-1.137145996,1,0.39505744,1,0.200174049,0,-0.681528807,0,-2.285472393,0
53.5018158,-4.995157242,1,-3.531558752,1,-8.548966408,1,0.366036534,1,-1.197501659,1,0.424358398,1,0.201054364,0,-0.68642956,0,-2.284597635,0
53.5058136,-4.97476387,1,-3.639237881,1,-8.619717598,1,0.380395859,1,-1.274924397,1,0.451809525,1,0.201940835,0,-0.691631198,0,-2.283646345,0
53.50981522,-4.943423271,1,-3.65901041,1,-8.702105522,1,0.382443756,1,-1.346835256,1,0.481983542,1,0.202809244,0,-0.697134852,0,-2.282627344,0
53.51381683,-5.009038925,1,-3.470562935,1,-8.79296875,1,0.384199739,1,-1.427309871,1,0.507237017,1,0.203652829,0,-0.702963412,0,-2.281564713,0
53.51781464,-4.965353489,1,-3.318537235,1,-8.933020592,1,0.399384469,1,-1.510202765,1,0.533497214,1,0.204501629,0,-0.709140658,0,-2.280457973,0
53.52181244,-5.160886288,1,-3.423297167,1,-9.227577209,1,0.403867394,1,-1.599848032,1,0.554501235,1,0.205359012,0,-0.715669811,0,-2.279312849,0
53.52581406,-5.048308372,1,-3.73094511,1,-9.170290947,1,0.378185481,1,-1.683947325,1,0.584817588,1,0.206147626,0,-0.722557187,0,-2.278131723,0
53.52981186,-5.013922215,1,-3.691909075,1,-9.412567139,1,0.371410877,1,-1.7975142,1,0.605694294,1,0.206842929,0,-0.729850054,0,-2.276930571,0
53.53381348,-5.480302334,1,-3.802425861,1,-9.750732422,1,0.375577867,1,-1.884185553,1,0.653223276,1,0.207483128,0,-0.737574577,0,-2.275649071,0
53.53781509,-4.487501621,1,-3.63696456,1,-9.441502571,1,0.38937521,1,-2.016498327,1,0.693088114,1,0.208060622,0,-0.745745659,0,-2.274252176,0
53.5418129,-4.744912148,1,-3.837551117,1,-9.752779961,1,0.441567123,1,-2.161877155,1,0.733951151,1,0.208724618,0,-0.754516304,0,-2.27279377,0
53.5458107,-4.896243095,1,-3.916994095,1,-10.01390934,1,0.480022818,1,-2.289874315,1,0.788839698,1,0.209499478,0,-0.763855875,0,-2.271228313,0
53.54981232,-4.339853764,1,-3.550310612,1,-10.0150156,1,0.532715976,1,-2.461148262,1,0.847612381,1,0.210327163,0,-0.773819566,0,-2.269521475,0
53.55381012,-4.451777458,1,-3.380538225,1,-10.36851311,1,0.612728536,1,-2.646741152,1,0.876835585,1,0.211414471,0,-0.784531474,0,-2.267806292,0
53.55781174,-4.221479416,1,-3.01653266,1,-10.62233353,1,0.696449935,1,-2.816223145,1,0.914285958,1,0.212812081,0,-0.795963645,0,-2.26609087,0
53.56181335,-4.205789566,1,-2.564668894,1,-10.88395119,1,0.801472843,1,-3.039792538,1,0.93868494,1,0.214636385,0,-0.808198631,0,-2.264459372,0
53.56581116,-4.080392838,1,-2.228074789,1,-11.04802799,1,0.905423045,1,-3.256727457,1,0.946804464,1,0.217004552,0,-0.821304798,0,-2.263017654,0
53.56980896,-4.198655128,1,-1.946356773,1,-11.51490021,1,1.009938002,1,-3.518415213,1,0.945793569,1,0.220004112,0,-0.83535701,0,-2.261883259,0
53.57381058,-4.598186016,1,-1.754074216,1,-12.01878357,1,1.142796516,1,-3.757033587,1,0.94969207,1,0.223740146,0,-0.85039717,0,-2.261128187,0
53.57780838,-4.364027023,1,-2.147387028,1,-12.11242294,1,1.251434326,1,-4.021535873,1,0.94212693,1,0.228296459,0,-0.866396606,0,-2.260805607,0
53.58180618,-4.484701633,1,-2.586643696,1,-12.94212627,1,1.339225292,1,-4.312471867,1,0.926796436,1,0.233716205,0,-0.883495212,0,-2.261088848,0
53.5858078,-4.74525547,1,-2.49666214,1,-13.44929123,1,1.40162921,1,-4.582147121,1,0.92872256,1,0.239906922,0,-0.901652098,0,-2.261984825,0
53.58981705,-5.038473129,1,-2.274441242,1,-13.73767281,1,1.431447983,1,-4.823438644,1,0.9473297,1,0.246725067,0,-0.920817375,0,-2.263442755,0
53.59381485,-4.370200634,1,-2.434583426,1,-13.26552105,1,1.504531145,1,-5.128755093,1,0.94302088,1,0.254321456,0,-0.941040635,0,-2.265576601,0
53.59781647,-3.641552925,1,-2.688978672,1,-12.91652298,1,1.568342447,1,-5.441303253,1,0.944534063,1,0.262851506,0,-0.962408245,0,-2.26855135,0
53.60181427,-4.464036465,1,-1.720184207,1,-13.54883575,1,1.741476059,1,-5.79716301,1,0.946425974,1,0.272930294,0,-0.985136747,0,-2.272674561,0
53.60581589,-6.230532169,1,-1.703963041,1,-13.88120937,1,1.863268852,1,-6.06100893,1,0.931163311,1,0.284632355,0,-1.00897646,0,-2.278039694,0
53.60981751,-6.470591068,1,-1.645882368,1,-13.78679752,1,2.004535675,1,-6.271766663,1,0.939195633,1,0.29813534,0,-1.033665657,0,-2.284796476,0
53.61381531,-6.925300121,1,-2.988244295,1,-13.73957634,1,2.10894537,1,-6.550625324,1,1.005633235,1,0.313324392,0,-1.059321761,0,-2.292836905,0
53.61781311,-9.648611069,1,-4.878567219,1,-14.50319862,1,2.206751585,1,-6.685399055,1,1.068183661,1,0.330170423,0,-1.085767388,0,-2.302157402,0
53.62181473,-9.884705544,1,-5.634584427,1,-13.81940269,1,2.285883188,1,-6.771991253,1,1.178020477,1,0.348429203,0,-1.112623692,0,-2.312564135,0
53.62581253,-9.322758675,1,-7.347260952,1,-14.04447079,1,2.319973469,1,-6.902382374,1,1.314333439,1,0.368002415,0,-1.140018463,0,-2.32402873,0
53.62981415,-12.6341486,1,-9.708821297,1,-14.46968079,1,2.228861809,1,-6.876996994,1,1.509081602,1,0.388352811,0,-1.16773212,0,-2.336301327,0
53.63381577,-13.84996796,1,-10.85907173,1,-14.65275669,1,2.004624367,1,-6.668213844,1,1.763145924,1,0.407716185,0,-1.195240021,0,-2.348058462,0
53.63781357,-13.76784039,1,-11.86461067,1,-14.30704308,1,1.78709209,1,-6.60683918,1,1.936751127,1,0.425777614,0,-1.22251606,0,-2.359256744,0
53.64181137,-16.22694397,1,-13.69213581,1,-13.04082394,1,1.475772142,1,-6.425058842,1,2.05689621,1,0.443088681,0,-1.249547005,0,-2.370666504,0
53.64581299,-15.80557156,1,-13.134758,1,-12.96833897,1,1.055652618,1,-6.211285591,1,2.139637947,1,0.459018916,0,-1.275990367,0,-2.382045269,0
53.64981079,-13.63008785,1,-9.69609642,1,-7.259263039,1,0.897813559,1,-6.389656067,1,2.281408072,1,0.474714518,0,-1.30231142,0,-2.394379139,0
53.65381241,-19.30675316,1,-8.356546402,1,-10.27623844,1,0.822194695,1,-6.304571152,1,2.253917694,1,0.492636323,0,-1.329173088,0,-2.409439564,0
53.65781403,-21.90444374,1,-8.500703812,1,-10.65071392,1,0.826676726,1,-5.951990604,1,2.28595233,1,0.512604773,0,-1.355015516,0,-2.426535368,0
53.66181183,-20.85976791,1,-4.355660439,1,-10.1682806,1,0.875485957,1,-5.642340183,1,2.265353918,1,0.533507586,0,-1.37966311,0,-2.444465399,0
53.66580963,-19.98236084,1,-3.97360301,1,-10.11192322,1,1.101515532,1,-5.2398386,1,2.073195219,1,0.558870852,0,-1.402791262,0,-2.46624732,0
53.66981125,-20.2161293,1,-4.721135139,1,-8.924692154,1,1.404769182,1,-4.827419281,1,1.959618449,1,0.590559185,0,-1.424086094,0,-2.493213654,0
53.67380905,-17.35749626,1,-4.628858566,1,-9.492134094,1,1.476057053,1,-4.293928623,1,1.817338228,1,0.62654829,0,-1.443360448,0,-2.523746967,0
53.67780685,-12.25408268,1,-4.099024773,1,-6.790276527,1,1.662353396,1,-3.879706144,1,1.713976145,1,0.668799937,0,-1.460609674,0,-2.559942484,0
53.68180847,-14.36202526,1,-2.831919909,1,-7.393222809,1,1.7655797,1,-3.663168669,1,1.767700911,1,0.71714133,0,-1.476668954,0,-2.601654768,0
53.68580627,-16.04357147,1,-2.397870302,1,-9.205872536,1,1.98031497,1,-3.247444391,1,1.772329807,1,0.773243964,0,-1.491647005,0,-2.65049386,0
53.68980789,-13.621171,1,-2.652072191,1,-9.735431671,1,2.159843922,1,-2.755026817,1,1.972583413,1,0.828556597,0,-1.505366802,0,-2.697625399,0
53.69380951,-11.6493063,1,-1.611384153,1,-6.389640331,1,2.200862885,1,-2.601036072,1,2.203272343,1,0.924709797,0,-1.516373158,0,-2.793112993,0
53.69780731,-25.14917564,1,-0.670189679,1,-8.932105064,1,2.097661018,1,-2.270130396,1,2.290458679,1,0.995661557,0,-1.529556036,0,-2.855521679,0
53.70180512,-22.32060051,1,-5.791025639,1,-12.24162102,1,1.957923532,1,-1.297358751,1,2.034643888,1,1.04655993,0,-1.540707469,0,-2.898343325,0
53.70580673,-10.52263927,1,-6.46967411,1,-10.68739891,1,1.907422066,1,-0.671188772,1,1.749897718,1,1.033673644,0,-1.549137473,0,-2.877736568,0
53.70981216,-7.633216381,1,-3.484979868,1,-8.599686623,1,1.907448173,1,-0.435676903,1,1.603841066,1,0.940060139,0,-1.5559057,0,-2.77648592,0
53.71380997,-8.981585503,1,-2.73459363,1,-8.277993202,1,1.890690207,1,-0.219529554,1,1.49651587,1,0.671029687,0,-1.561366081,0,-2.4998312,0
53.71781158,-7.5849967,1,-3.571828127,1,-8.304167747,1,1.845305324,1,0.065948844,1,1.310617924,1,0.041518349,0,-1.563737392,0,-1.862807274,0
53.72180939,-4.580392361,1,-3.146336079,1,-7.28254509,1,1.850039959,1,0.274865627,1,1.074985027,1,-0.516047776,0,-1.561825991,0,-1.297886133,0
53.72580719,-3.26471138,1,-2.210254192,1,-6.261620045,1,1.915915728,1,0.40275681,1,0.864819288,1,-0.729453146,0,-1.558453321,0,-1.076912045,0
53.72980881,-2.377049446,1,-2.022947311,1,-5.845535755,1,1.940761566,1,0.539779007,1,0.677795708,1,-0.788786173,0,-1.554959059,0,-1.009835124,0
53.73380661,-1.296278954,1,-2.417731047,1,-5.377976418,1,1.892079473,1,0.686040103,1,0.472343802,1,-0.77604723,0,-1.551591039,0,-1.014903903,0
53.73780823,-0.215370685,1,-2.660134077,1,-4.853596687,1,1.829135656,1,0.824263334,1,0.263096452,1,-0.721373498,0,-1.548382759,0,-1.062121987,0
53.74180985,0.739123106,1,-2.796752691,1,-4.669559479,1,1.734499097,1,0.944949508,1,0.053185064,1,-0.641492069,0,-1.545245886,0,-1.13489306,0
53.74580765,1.522625089,1,-2.815265179,1,-4.697786808,1,1.598150134,1,1.053953648,1,-0.129084185,1,-0.547417223,0,-1.542017817,0,-1.2223351,0
53.74980545,2.295574903,1,-2.59885335,1,-4.78728056,1,1.432471156,1,1.161782026,1,-0.298050433,1,-0.447238922,0,-1.538511157,0,-1.316484451,0
53.75380707,3.036372423,1,-2.070221663,1,-4.985615253,1,1.287799239,1,1.258763194,1,-0.439519793,1,-0.34719345,0,-1.534608841,0,-1.41114521,0
53.75780487,3.597875834,1,-1.345104814,1,-5.198253632,1,1.166156769,1,1.342300415,1,-0.57736671,1,-0.251413554,0,-1.53023386,0,-1.502114773,0
53.76180649,4.040441513,1,-0.674254537,1,-5.482888222,1,1.067106009,1,1.431068301,1,-0.692758381,1,-0.162692726,0,-1.525336385,0,-1.586447954,0
53.76580811,4.530152798,1,0.008963893,1,-5.834650993,1,0.998930752,1,1.526835322,1,-0.780973434,1,-0.083038397,0,-1.519815087,0,-1.662061453,0
53.76980591,4.914504528,1,0.926889181,1,-6.132840157,1,0.978155196,1,1.625019312,1,-0.863300979,1,-0.012820707,0,-1.513665915,0,-1.728436708,0
53.77380371,5.012911797,1,1.398808837,1,-6.572508335,1,0.981679261,1,1.747669816,1,-0.908694923,1,0.047700789,0,-1.506873846,0,-1.785141587,0
53.77780533,4.990289211,1,1.876831174,1,-7.003742218,1,0.994557023,1,1.886838794,1,-0.934662223,1,0.098116502,0,-1.499368429,0,-1.831715107,0
53.78180313,4.963935852,1,2.23884511,1,-7.38738966,1,1.024875164,1,2.033727884,1,-0.933450937,1,0.139065817,0,-1.491142035,0,-1.868739128,0
53.78580475,4.672355652,1,2.515417099,1,-7.974017143,1,1.054369092,1,2.207741022,1,-0.910220504,1,0.170896307,0,-1.48218298,0,-1.896529675,0
53.78980637,4.220500469,1,2.455199957,1,-8.25356102,1,1.092939138,1,2.406083107,1,-0.853796005,1,0.194396064,0,-1.472472072,0,-1.915805578,0
53.79380417,3.856508017,1,2.539210081,1,-8.594913483,1,1.127825499,1,2.622471809,1,-0.758993447,1,0.209881097,0,-1.46198523,0,-1.92690146,0
53.79780197,3.544477463,1,2.750500441,1,-8.858131409,1,1.165583253,1,2.848540545,1,-0.643173814,1,0.218253791,0,-1.450707793,0,-1.930707812,0
53.80180359,3.040949583,1,2.87772274,1,-9.10880661,1,1.202692747,1,3.112220287,1,-0.487846673,1,0.220084444,0,-1.438585997,0,-1.927781701,0
53.80580139,2.457552195,1,3.410800457,1,-9.395180702,1,1.245655298,1,3.388839483,1,-0.329519093,1,0.216241032,0,-1.425543189,0,-1.91895628,0
53.80979919,2.060149431,1,3.608744144,1,-9.644820213,1,1.299049377,1,3.693131208,1,-0.157555804,1,0.20814991,0,-1.411490917,0,-1.905629992,0
53.81380081,1.61848855,1,3.887787104,1,-9.838237762,1,1.380452871,1,3.996141672,1,0.03237278,1,0.19663398,0,-1.39637661,0,-1.888525844,0
53.81779862,1.097177625,1,4.059250832,1,-9.972002983,1,1.474817991,1,4.316918373,1,0.227581158,1,0.182555258,0,-1.380147934,0,-1.868402958,0
53.82180023,0.709448457,1,4.199585438,1,-10.00461197,1,1.586458087,1,4.630635738,1,0.432186186,1,0.166855067,0,-1.362764716,0,-1.84613049,0
53.82580185,0.387984484,1,4.166684151,1,-10.05458736,1,1.708014846,1,4.934060574,1,0.640759468,1,0.150141045,0,-1.344208717,0,-1.822280884,0
53.82980347,0.094477184,1,4.129631519,1,-10.05163193,1,1.821167946,1,5.232174873,1,0.845342994,1,0.133019447,0,-1.324493289,0,-1.79741323,0
53.83380508,-0.08702483,1,4.064474583,1,-10.00198364,1,1.945513487,1,5.502453327,1,1.037897706,1,0.116160683,0,-1.303658366,0,-1.772181988,0
53.8378067,-0.133637816,1,3.930174589,1,-9.891470909,1,2.073239565,1,5.7539711,1,1.23688519,1,0.099812753,0,-1.281764627,0,-1.746829033,0
53.8418045,-0.231159404,1,3.809583426,1,-9.774934769,1,2.199782372,1,5.976838112,1,1.427857757,1,0.084266275,0,-1.258893847,0,-1.721607924,0
53.84580231,-0.32711646,1,3.811590433,1,-9.728734016,1,2.327122688,1,6.18732357,1,1.620758295,1,0.069618605,0,-1.235112548,0,-1.696612597,0
53.84980393,-0.392610848,1,3.758405447,1,-9.665974617,1,2.464618683,1,6.361630917,1,1.787030101,1,0.056082912,0,-1.210473537,0,-1.672035694,0
53.85380173,-0.5676229,1,3.78415966,1,-9.533563614,1,2.612233162,1,6.523515224,1,1.953035474,1,0.043831583,0,-1.18510747,0,-1.647972703,0
53.85780335,-0.637227774,1,3.678832293,1,-9.310355186,1,2.757046938,1,6.665300846,1,2.100269318,1,0.032943487,0,-1.159057975,0,-1.624512672,0
53.86180115,-0.941123545,1,3.605443716,1,-9.29921627,1,2.916625023,1,6.766597748,1,2.233105898,1,0.023434361,0,-1.132429481,0,-1.601639748,0
53.86579895,-0.940199733,1,3.341789722,1,-9.173059464,1,3.092048883,1,6.862308502,1,2.346134424,1,0.015474504,0,-1.105324507,0,-1.579453945,0
53.86980057,-1.270474792,1,3.078941822,1,-9.029950142,1,3.241207838,1,6.939773083,1,2.439052582,1,0.009080132,0,-1.077843308,0,-1.557955265,0
53.87380219,-1.468853951,1,2.621953726,1,-8.930566788,1,3.383859873,1,7.00893259,1,2.52180624,1,0.00414571,0,-1.050003529,0,-1.537138343,0
53.87779999,-1.742834687,1,2.166659594,1,-9.012901306,1,3.501462698,1,7.044124603,1,2.566558123,1,0.000621591,0,-1.021907806,0,-1.517034054,0
53.88179779,-1.764796734,1,1.709903121,1,-9.123035431,1,3.590233803,1,7.051067829,1,2.577069998,1,-0.001496914,0,-0.993702173,0,-1.497750521,0
53.88579941,-1.529387832,1,1.21938169,1,-9.314628601,1,3.656966209,1,7.022679329,1,2.571824312,1,-0.002265894,0,-0.965530932,0,-1.479368925,0
53.88979721,-1.646358013,1,0.996320903,1,-9.645900726,1,3.708059549,1,6.963555336,1,2.555762291,1,-0.001827845,0,-0.937535763,0,-1.461807489,0
53.89379883,-1.752421021,1,0.609939754,1,-9.91595459,1,3.730601788,1,6.89439249,1,2.527460814,1,-0.000363024,0,-0.909799755,0,-1.444978833,0
53.89780045,-1.716834664,1,0.28855285,1,-10.37454319,1,3.745390177,1,6.816203117,1,2.478546381,1,0.002044473,0,-0.882385492,0,-1.428904057,0
53.90179825,-1.773520231,1,0.275366545,1,-10.85742855,1,3.752958775,1,6.733376503,1,2.414021969,1,0.005328506,0,-0.855319262,0,-1.41356945,0
53.90579605,-1.962348223,1,0.545891166,1,-11.37498093,1,3.785615444,1,6.633313179,1,2.335042953,1,0.009542834,0,-0.828657269,0,-1.399008751,0
53.90979767,-2.325225592,1,1.209421039,1,-12.09371853,1,3.846270084,1,6.536056519,1,2.263635874,1,0.014688855,0,-0.802426636,0,-1.385121346,0
53.91379547,-2.694460154,1,2.151232719,1,-12.63429642,1,3.964541197,1,6.437084198,1,2.177408934,1,0.020870565,0,-0.776651621,0,-1.371846676,0
53.91779709,-3.400862455,1,3.134860992,1,-13.33397388,1,4.153612614,1,6.354435921,1,2.091447115,1,0.028318178,0,-0.751287699,0,-1.359156728,0
53.92179871,-4.089539051,1,4.025909901,1,-13.90987492,1,4.427942753,1,6.292298794,1,1.988797426,1,0.037267197,0,-0.726281047,0,-1.347004652,0
53.92579651,-5.028461456,1,5.009335041,1,-14.643857,1,4.761846542,1,6.245803356,1,1.890501142,1,0.048007619,0,-0.701563478,0,-1.335345268,0
53.92979431,-5.606791496,1,5.476158619,1,-14.9477396,1,5.141545773,1,6.22317934,1,1.797641397,1,0.060628407,0,-0.677054048,0,-1.324076414,0
53.93379593,-6.363624096,1,5.436165333,1,-15.40678406,1,5.516421795,1,6.2098279,1,1.71478653,1,0.075145356,0,-0.652726471,0,-1.313045502,0
53.93779373,-7.078913212,1,4.86412096,1,-15.78298664,1,5.867517948,1,6.219608307,1,1.642656207,1,0.091402873,0,-0.628513336,0,-1.302128673,0
53.94179535,-7.545039654,1,4.020127296,1,-16.26332474,1,6.152385712,1,6.243929863,1,1.583373308,1,0.109144285,0,-0.604359031,0,-1.291202784,0
53.94579315,-8.014073372,1,3.200799704,1,-16.55462074,1,6.365938663,1,6.260503292,1,1.548458815,1,0.126770824,0,-0.57962203,0,-1.287857413,0
53.94979858,-8.939534187,1,2.656230211,1,-17.13154793,1,6.49179554,1,6.272886753,1,1.520892501,1,0.146441221,0,-0.555626154,0,-1.276601434,0
53.95379639,-9.7671175,1,2.194857359,1,-17.72641373,1,6.556549072,1,6.290732861,1,1.479640365,1,0.166605711,0,-0.531745374,0,-1.265098095,0
53.95780182,-11.30613422,1,1.797976255,1,-18.01096725,1,6.578108788,1,6.314754963,1,1.430861831,1,0.187065214,0,-0.507953465,0,-1.253383398,0
53.96179581,-12.78029633,1,1.532287717,1,-18.35199928,1,6.533699989,1,6.349459171,1,1.330693483,1,0.207670406,0,-0.484196216,0,-1.241563916,0
53.96580124,-13.5210371,1,1.526448488,1,-18.8462429,1,6.435090065,1,6.356675625,1,1.19982481,1,0.228293806,0,-0.460463762,0,-1.229832053,0
53.96980286,-13.95226955,1,2.197565794,1,-19.38166046,1,6.298046589,1,6.306731701,1,1.034702778,1,0.248795256,0,-0.436901987,0,-1.218381524,0
53.97380066,-14.57747746,1,3.105044603,1,-19.76094627,1,6.168836117,1,6.240073204,1,0.846794963,1,0.269171059,0,-0.41360721,0,-1.207330346,0
53.97779846,-14.87539101,1,4.689748287,1,-20.02694511,1,6.05821085,1,6.130782127,1,0.628316939,1,0.289506137,0,-0.390632212,0,-1.196825981,0
53.98180008,-15.23202991,1,6.532425404,1,-20.18525887,1,5.972500324,1,5.979030609,1,0.387861222,1,0.309937537,0,-0.368079305,0,-1.18702805,0
53.98579788,-16.11776352,1,8.160574913,1,-20.22374535,1,5.912535191,1,5.796322346,1,0.127113342,1,0.330579758,0,-0.346038818,0,-1.178076625,0
53.9897995,-17.3651123,1,9.802306175,1,-20.11659813,1,5.831488609,1,5.614883423,1,-0.114241652,1,0.351393789,0,-0.324537694,0,-1.169975996,0
53.99380112,-18.67796898,1,12.23713684,1,-19.66038895,1,5.751497269,1,5.407251835,1,-0.30455941,1,0.372275054,0,-0.303622574,0,-1.162609696,0
53.99779892,-20.1557312,1,15.08291626,1,-18.96809006,1,5.707383156,1,5.189267159,1,-0.423917621,1,0.39320302,0,-0.28341794,0,-1.155777693,0
54.00179672,-22.18252754,1,16.43912697,1,-17.66642952,1,5.710091591,1,5.053630352,1,-0.490899801,1,0.414250404,0,-0.263868093,0,-1.14919126,0
54.00579834,-24.46055412,1,15.94448757,1,-15.89104462,1,5.656244755,1,4.98831749,1,-0.495393932,1,0.435332477,0,-0.244768843,0,-1.142511725,0
54.00979614,-26.12291336,1,13.61111641,1,-13.95620728,1,5.409800529,1,4.919457436,1,-0.406525522,1,0.455870986,0,-0.226103276,0,-1.135413647,0
54.01379776,-27.58377457,1,9.90290451,1,-11.82767582,1,4.901299953,1,4.856724262,1,-0.234073669,1,0.474889308,0,-0.208046854,0,-1.12761426,0
54.01779938,-28.03674126,1,6.895027161,1,-9.80391407,1,4.182363033,1,4.754686356,1,-0.024389375,1,0.491379857,0,-0.190772668,0,-1.118967175,0
54.02179718,-27.82392502,1,6.111916542,1,-7.808551788,1,3.338331699,1,4.571821213,1,0.178603992,1,0.504728138,0,-0.174520582,0,-1.109610081,0
54.02579498,-27.59541321,1,7.871638775,1,-5.630177498,1,2.544348717,1,4.310929775,1,0.346661478,1,0.514854252,0,-0.15952155,0,-1.099864244,0
54.0297966,-27.8398571,1,10.0905056,1,-3.00890851,1,1.869478822,1,3.985776663,1,0.47031498,1,0.52215606,0,-0.145908937,0,-1.09009099,0
54.0337944,-28.58997345,1,11.96492767,1,-0.309932083,1,1.361800671,1,3.634464025,1,0.560340106,1,0.527245045,0,-0.133746207,0,-1.080565453,0
54.03779602,-29.66739655,1,13.58960247,1,2.149867296,1,1.027972579,1,3.229896784,1,0.640981495,1,0.530834913,0,-0.123113573,0,-1.071478844,0
54.04179764,-29.83471107,1,15.20357513,1,4.178407192,1,0.85026747,1,2.785276651,1,0.708296359,1,0.533554614,0,-0.114101753,0,-1.062982202,0
54.04579163,-29.64543533,1,16.56764221,1,5.752711773,1,0.81461072,1,2.297709227,1,0.784909844,1,0.536008894,0,-0.106874302,0,-1.055176377,0
54.04979324,-28.96254539,1,17.37572289,1,6.58294487,1,0.83264935,1,1.794891477,1,0.849034905,1,0.538555324,0,-0.101509251,0,-1.04812634,0
54.05379486,-28.15929794,1,17.45858002,1,6.878369808,1,0.873218775,1,1.275685072,1,0.900903106,1,0.541360676,0,-0.098047063,0,-1.041934967,0
54.05779266,-27.30098915,1,16.77389336,1,6.62352562,1,0.860435188,1,0.774306595,1,0.917491198,1,0.544333875,0,-0.096432373,0,-1.036682367,0
54.06179047,-26.76713371,1,15.51059246,1,5.976603508,1,0.755304754,1,0.320664734,1,0.905662358,1,0.547185779,0,-0.096465044,0,-1.032416701,0
54.06579208,-16.75930977,1,-2.299283504,1,-1.673488855,1,-0.18959631,1,-0.286898971,1,1.058635116,1,0.54862529,0,-0.098261617,0,-1.029064536,0
54.06979752,-31.79945564,1,0.43488723,1,4.817099094,1,-1.589392662,1,-1.552210808,1,2.036178827,1,0.543966651,0,-0.104387611,0,-1.025763154,0
54.07379532,-22.99053383,1,16.63441849,1,5.81958437,1,-1.076295733,1,-1.616629362,1,2.52504468,1,0.538356721,0,-0.115176693,0,-1.021138906,0
54.07779694,7.318028927,1,10.59267712,1,1.969772816,1,-1.210332513,1,-1.240026832,1,2.52845335,1,0.532903254,0,-0.124991514,0,-1.015290022,0
54.08179474,-3.90550065,1,0.371983051,1,-10.74449062,1,-0.628491819,1,-1.609840751,1,2.805737734,1,0.528451085,0,-0.135214001,0,-1.008842945,0
54.08579636,-17.05059433,1,-11.97248268,1,-19.86559868,1,-0.499596238,1,-1.256642699,1,2.702800274,1,0.525322855,0,-0.146123812,0,-1.002279639,0
54.08979797,0.101460814,1,-30.66007805,1,-19.98356247,1,-0.790757537,1,-0.394150645,1,2.568484306,1,0.521733999,0,-0.154064372,0,-0.994731605,0
54.09379578,11.76160431,1,-42.5219841,1,-15.33799458,1,-1.633563519,1,-0.304695606,1,2.76060915,1,0.515707552,0,-0.160420373,0,-0.985896885,0
54.09779358,8.986512184,1,-45.31520844,1,-8.135670662,1,-2.731805325,1,-0.515306771,1,2.861335278,1,0.505354464,0,-0.167236358,0,-0.976771951,0
54.1017952,7.925851822,1,-37.34844971,1,-4.814825058,1,-3.443160057,1,-1.087607503,1,3.070055962,1,0.491451234,0,-0.175704151,0,-0.967698216,0
54.105793,5.324118614,1,-28.40921211,1,-2.00597477,1,-4.233380795,1,-1.610895872,1,3.011969328,1,0.474507689,0,-0.186135143,0,-0.959189653,0
54.10979462,3.216379166,1,-21.26240158,1,-1.117915034,1,-4.606297016,1,-2.346161127,1,2.991222858,1,0.455440938,0,-0.198635012,0,-0.951941371,0
54.11379623,1.826959252,1,-13.29067135,1,-4.101350307,1,-4.866387367,1,-3.053563118,1,2.745279789,1,0.43511492,0,-0.213266298,0,-0.946086884,0
54.11779404,-7.51879549,1,-7.432002068,1,-7.121129036,1,-4.929362297,1,-3.623664856,1,2.427900076,1,0.41459018,0,-0.229888469,0,-0.942061305,0
54.12179184,-21.78118324,1,6.069539547,1,-13.17851543,1,-4.631445408,1,-3.35682559,1,1.836601853,1,0.394901454,0,-0.246216699,0,-0.939699411,0
54.12579346,-28.96826935,1,18.61924362,1,-17.95674324,1,-3.997834444,1,-2.683433533,1,1.379802704,1,0.377174914,0,-0.259847134,0,-0.938353658,0
54.12979126,-31.55916405,1,22.87134552,1,-18.85918045,1,-3.368263483,1,-2.029714584,1,1.188578129,1,0.362163484,0,-0.270458877,0,-0.936922073,0
54.13379288,-25.75960159,1,25.26927757,1,-19.35750198,1,-2.726656199,1,-1.22200954,1,1.151789188,1,0.349359751,0,-0.278153598,0,-0.934751809,0
54.1377945,-18.41385269,1,26.32265282,1,-19.0874691,1,-1.949132681,1,-0.894512713,1,1.193992615,1,0.339128792,0,-0.283623397,0,-0.93159014,0
54.1417923,-13.45767784,1,17.94920158,1,-19.02115059,1,-1.335636973,1,-0.676014364,1,1.148377895,1,0.331606269,0,-0.288169026,0,-0.928048134,0
54.1457901,-7.277623177,1,8.86456871,1,-16.47629929,1,-0.935698628,1,-0.60590452,1,1.049965858,1,0.326086462,0,-0.291939735,0,-0.924527705,0
54.14979172,-4.406934738,1,-0.427581966,1,-13.64110279,1,-0.690630794,1,-0.716171384,1,0.890508652,1,0.322043121,0,-0.295672923,0,-0.92156446,0
54.15378952,-3.695093632,1,-6.44037056,1,-10.97174931,1,-0.664895952,1,-0.783248425,1,0.740864813,1,0.31870234,0,-0.299554765,0,-0.919306874,0
54.15778732,-3.488289833,1,-7.740080833,1,-8.693824768,1,-0.703850567,1,-0.845967114,1,0.63207233,1,0.315504611,0,-0.303513408,0,-0.917652547,0
54.16178894,-4.567456245,1,-6.424762726,1,-9.064640999,1,-0.811239898,1,-0.878812432,1,0.569297194,1,0.312079132,0,-0.307524204,0,-0.916374326,0
54.16578674,-6.565515518,1,-3.497416496,1,-8.720309258,1,-0.837336183,1,-0.862902939,1,0.601589262,1,0.308405578,0,-0.311556518,0,-0.915181994,0
54.16978836,-7.372450829,1,-1.181977272,1,-8.946186066,1,-0.814222634,1,-0.759284854,1,0.620754778,1,0.304626465,0,-0.315401852,0,-0.913760364,0
54.17378998,-8.62609005,1,0.429211766,1,-9.084700584,1,-0.752398551,1,-0.569979668,1,0.658030391,1,0.300988078,0,-0.318719625,0,-0.912045956,0
54.17778778,-8.274535179,1,0.710235834,1,-8.641673088,1,-0.68646431,1,-0.373235732,1,0.677948475,1,0.297402024,0,-0.321285307,0,-0.909912586,0
54.18178558,-7.446205616,1,0.33925122,1,-8.586645126,1,-0.611910701,1,-0.260860085,1,0.663829267,1,0.294100106,0,-0.323285341,0,-0.907589078,0
54.1857872,-6.73603344,1,-0.980863988,1,-8.571242332,1,-0.551059365,1,-0.195962176,1,0.629972756,1,0.291021764,0,-0.324893296,0,-0.905243039,0
54.18979263,-6.530064106,1,-2.200148344,1,-8.79781723,1,-0.511977196,1,-0.14165704,1,0.576773763,1,0.288190007,0,-0.326233774,0,-0.902996898,0
54.19379044,-6.543864727,1,-2.950657368,1,-9.016043663,1,-0.452292174,1,-0.087074287,1,0.503557444,1,0.284634471,0,-0.326625109,0,-0.894138575,0
54.19779205,-5.495291233,1,-2.579260826,1,-8.900603294,1,-0.435712904,1,-0.040129837,1,0.47683835,1,0.282252282,0,-0.327384293,0,-0.892242074,0
54.20178986,-4.861412048,1,-2.336770535,1,-8.506620407,1,-0.405727983,1,-0.027629994,1,0.476772577,1,0.279978752,0,-0.328046799,0,-0.890349627,0
54.20579147,-4.786837578,1,-2.362611294,1,-8.510959625,1,-0.387552649,1,-0.014519329,1,0.471123725,1,0.277794063,0,-0.328685641,0,-0.888451338,0
54.20979309,-4.065732479,1,-2.385920048,1,-9.102827072,1,-0.335707545,1,-0.044249889,1,0.460137606,1,0.27572909,0,-0.329268456,0,-0.886597633,0
54.21378708,-4.424305439,1,-2.546443224,1,-8.921117783,1,-0.289594114,1,-0.069620259,1,0.466350526,1,0.27388972,0,-0.329999983,0,-0.884778082,0
54.2177887,-4.694178104,1,-3.319135189,1,-8.58993721,1,-0.26329118,1,-0.069602199,1,0.457751185,1,0.272200614,0,-0.330771208,0,-0.882971048,0
54.22179031,-4.900794506,1,-3.965637922,1,-8.404125214,1,-0.270559847,1,-0.061920978,1,0.453389257,1,0.27057448,0,-0.331533164,0,-0.881186604,0
54.22578812,-4.579194546,1,-4.235010624,1,-8.634176254,1,-0.272502869,1,-0.07467363,1,0.45175904,1,0.268898278,0,-0.332260698,0,-0.879425585,0
54.22978592,-5.139430046,1,-4.017015934,1,-8.724731445,1,-0.265198559,1,-0.051159706,1,0.454242826,1,0.26724121,0,-0.332979798,0,-0.877645969,0
54.23378754,-3.99788022,1,-3.965476751,1,-8.18201828,1,-0.287877023,1,-0.067640886,1,0.476196051,1,0.265539676,0,-0.33369264,0,-0.875805259,0
54.23778534,-4.173988342,1,-3.613798857,1,-8.418455124,1,-0.301089406,1,-0.086591721,1,0.486388892,1,0.263731986,0,-0.334505677,0,-0.873913407,0
54.24178696,-4.538223267,1,-3.209295273,1,-8.615555763,1,-0.308167398,1,-0.094853729,1,0.481954932,1,0.26189658,0,-0.335363686,0,-0.872034788,0
54.24578857,-4.567640781,1,-2.937365294,1,-8.447228432,1,-0.315886587,1,-0.08439713,1,0.480784178,1,0.260026723,0,-0.336201787,0,-0.87015903,0
54.24978638,-4.723203182,1,-2.89073801,1,-8.461420059,1,-0.308425218,1,-0.088250116,1,0.470137149,1,0.258168101,0,-0.337025106,0,-0.868306398,0
54.25378418,-5.071376324,1,-3.014831305,1,-8.316389084,1,-0.30585286,1,-0.087285034,1,0.443539023,1,0.256345809,0,-0.337830663,0,-0.866525829,0
54.2577858,-4.903242111,1,-3.153757811,1,-8.385853767,1,-0.306483895,1,-0.087028459,1,0.412709475,1,0.254580379,0,-0.338600814,0,-0.864869893,0
54.2617836,-4.641004086,1,-3.307065248,1,-8.472397804,1,-0.307844818,1,-0.099687859,1,0.385620087,1,0.252839565,0,-0.339362323,0,-0.863326788,0
54.26578522,-4.519554138,1,-3.171882868,1,-8.743702888,1,-0.303752661,1,-0.102956824,1,0.365893692,1,0.251138002,0,-0.340134114,0,-0.861888826,0
54.26978684,-4.337689877,1,-2.917407036,1,-8.829553604,1,-0.308067679,1,-0.112243898,1,0.348821402,1,0.249470115,0,-0.340908796,0,-0.860534728,0
54.27378464,-4.317196846,1,-2.818646431,1,-8.802361488,1,-0.310482383,1,-0.127868086,1,0.330444753,1,0.247797206,0,-0.34170419,0,-0.859258771,0
54.27778244,-4.725656033,1,-2.654814005,1,-8.73872757,1,-0.30595991,1,-0.147684678,1,0.300706536,1,0.246173427,0,-0.342549056,0,-0.858100414,0
54.28178406,-4.94523859,1,-2.549810886,1,-8.607771873,1,-0.295651168,1,-0.151912302,1,0.276759833,1,0.244628251,0,-0.343409657,0,-0.857079029,0
54.28578186,-5.246543884,1,-2.355238676,1,-8.536240578,1,-0.28095749,1,-0.147897676,1,0.247255862,1,0.243150949,0,-0.344244748,0,-0.85614419,0
54.28978348,-4.941177845,1,-2.231245995,1,-8.466701508,1,-0.257107019,1,-0.138575837,1,0.221261859,1,0.241807148,0,-0.34501946,0,-0.855325818,0
54.2937851,-4.816274643,1,-2.127481937,1,-8.521159172,1,-0.227036536,1,-0.142232895,1,0.19652544,1,0.240593001,0,-0.345763803,0,-0.854595661,0
54.2977829,-4.705378532,1,-1.975269914,1,-8.505702019,1,-0.200260118,1,-0.144488692,1,0.175380573,1,0.239530459,0,-0.34649688,0,-0.853973269,0
54.3017807,-4.546304703,1,-1.892829776,1,-8.396162033,1,-0.169703394,1,-0.146022663,1,0.158247814,1,0.238609046,0,-0.347218156,0,-0.853441417,0
54.30578232,-4.533423901,1,-2.020874262,1,-8.43652916,1,-0.145896748,1,-0.160093531,1,0.134853721,1,0.237832487,0,-0.347950578,0,-0.852989912,0
54.30978394,-4.515537739,1,-2.25583148,1,-8.375163078,1,-0.120324008,1,-0.15977329,1,0.117605187,1,0.237182558,0,-0.348677814,0,-0.852621734,0
54.31378555,-4.458152771,1,-2.368671656,1,-8.350223541,1,-0.097520113,1,-0.166310236,1,0.106904671,1,0.236642823,0,-0.349434078,0,-0.852318883,0
54.31779099,-4.503573418,1,-2.583281517,1,-8.385834694,1,-0.085435294,1,-0.172460377,1,0.098519534,1,0.236195847,0,-0.350186646,0,-0.852058709,0
54.32178497,-4.457509995,1,-2.666060209,1,-8.325063705,1,-0.069575347,1,-0.174608186,1,0.099980861,1,0.235807434,0,-0.350958586,0,-0.85182929,0
54.32578278,-4.501452446,1,-2.781119823,1,-8.284638405,1,-0.06306722,1,-0.176912531,1,0.106220111,1,0.235452756,0,-0.351741195,0,-0.851578891,0
54.32978821,-4.529222488,1,-2.817753315,1,-8.153191566,1,-0.063487455,1,-0.178205445,1,0.112906344,1,0.235107884,0,-0.352539659,0,-0.851305604,0
54.3337822,-4.506788731,1,-2.997275829,1,-8.021014214,1,-0.059112992,1,-0.181258574,1,0.12183819,1,0.234756723,0,-0.35334605,0,-0.850993156,0
54.33778763,-4.625760555,1,-3.074011326,1,-8.112857819,1,-0.070271589,1,-0.181489319,1,0.136811122,1,0.234370828,0,-0.354171038,0,-0.85063982,0
54.34178925,-4.778813839,1,-3.148833752,1,-8.060046196,1,-0.076672591,1,-0.176132187,1,0.148804322,1,0.233929262,0,-0.354993343,0,-0.850227118,0
54.34578705,-4.783065319,1,-3.105549335,1,-7.99969101,1,-0.082729742,1,-0.160240367,1,0.155995712,1,0.233436942,0,-0.355785787,0,-0.849754572,0
54.34978485,-4.816150188,1,-2.994767189,1,-8.011023521,1,-0.094571546,1,-0.153860301,1,0.16398415,1,0.232897758,0,-0.356562555,0,-0.849247158,0
54.35378647,-4.783478737,1,-2.919225931,1,-8.00935173,1,-0.102117844,1,-0.144845963,1,0.162758738,1,0.232319519,0,-0.357294679,0,-0.84871769,0
54.35778427,-4.708372116,1,-2.78587079,1,-8.103181839,1,-0.102198333,1,-0.136037052,1,0.162269071,1,0.231730714,0,-0.357982159,0,-0.848183632,0
54.36178589,-4.622809887,1,-2.587401628,1,-8.15686512,1,-0.098242551,1,-0.12468265,1,0.155491143,1,0.231139332,0,-0.358641386,0,-0.84764713,0
54.36578751,-4.359704494,1,-2.430806637,1,-8.288002968,1,-0.094284885,1,-0.122782409,1,0.148976579,1,0.230574578,0,-0.359262168,0,-0.847129583,0
54.36978531,-4.369016647,1,-2.277574062,1,-8.405447006,1,-0.086613148,1,-0.134501278,1,0.145281389,1,0.230041638,0,-0.359896809,0,-0.84664613,0
54.37378311,-4.583099842,1,-2.047245741,1,-8.400736809,1,-0.079995044,1,-0.143732414,1,0.138494998,1,0.229533762,0,-0.360575259,0,-0.846185088,0
54.37778473,-4.650996208,1,-1.905042052,1,-8.405738831,1,-0.063402392,1,-0.143789187,1,0.127154678,1,0.229110882,0,-0.361250937,0,-0.845768452,0
54.38178253,-4.546126366,1,-1.968138337,1,-8.347459793,1,-0.039055448,1,-0.144853666,1,0.11803095,1,0.228779614,0,-0.361934006,0,-0.845396399,0
54.38578033,-4.455051899,1,-2.029382944,1,-8.308684349,1,-0.025691964,1,-0.155643374,1,0.104936667,1,0.228528693,0,-0.362628281,0,-0.845067918,0
54.38978577,-4.332539558,1,-2.11277771,1,-8.373650551,1,-0.013539973,1,-0.167623386,1,0.100989521,1,0.22836192,0,-0.363359064,0,-0.844792306,0
54.39378357,-4.365388393,1,-2.215385914,1,-8.388352394,1,0.000259458,1,-0.178321987,1,0.092932262,1,0.228244558,0,-0.364131421,0,-0.844557047,0
54.39778137,-4.426264286,1,-2.360302925,1,-8.364425659,1,0.006478271,1,-0.195917204,1,0.092469893,1,0.228183061,0,-0.364940464,0,-0.844348073,0
54.40178299,-4.707123756,1,-2.311443329,1,-8.398062706,1,0.015530163,1,-0.205216601,1,0.094475314,1,0.228157982,0,-0.365801513,0,-0.844160974,0
54.40578079,-4.448971272,1,-2.238952637,1,-8.43593502,1,0.02200751,1,-0.218963251,1,0.090937622,1,0.228170618,0,-0.366703749,0,-0.84398669,0
54.4097786,-4.370182514,1,-2.31385684,1,-8.488181114,1,0.017328832,1,-0.226991624,1,0.096872717,1,0.228193343,0,-0.367662549,0,-0.843810797,0
54.41378021,-4.671301365,1,-2.21752882,1,-8.487222672,1,0.032737706,1,-0.245321169,1,0.094863743,1,0.228230134,0,-0.368676633,0,-0.843643785,0
54.41777802,-4.6323452,1,-2.254581928,1,-8.43535614,1,0.031715799,1,-0.254870385,1,0.100068904,1,0.228300557,0,-0.369733453,0,-0.843475878,0
54.42177963,-4.889723301,1,-2.1741786,1,-8.248702049,1,0.040764645,1,-0.246746764,1,0.100937128,1,0.228371039,0,-0.370816529,0,-0.843294561,0
54.42578125,-4.576694965,1,-2.114675283,1,-8.406650543,1,0.056975946,1,-0.267890751,1,0.096094675,1,0.22851932,0,-0.371905804,0,-0.843138099,0
54.42978287,-4.832540989,1,-2.115872383,1,-8.377010345,1,0.067054674,1,-0.270762712,1,0.08675056,1,0.228725225,0,-0.373042494,0,-0.843021631,0
54.43378449,-4.852570057,1,-2.072897673,1,-8.400805473,1,0.072660185,1,-0.268644631,1,0.094282769,1,0.22896646,0,-0.374171495,0,-0.842906952,0
54.4377861,-4.976691723,1,-2.134032488,1,-8.314306259,1,0.091725253,1,-0.266299367,1,0.099537067,1,0.229245678,0,-0.375306785,0,-0.84276861,0
54.44178391,-4.868060112,1,-2.363100529,1,-8.18824482,1,0.09902484,1,-0.264402539,1,0.101617292,1,0.245822221,0,-0.424773753,0,-0.818566918,0
54.44578171,-4.953323364,1,-2.445304394,1,-8.157676697,1,0.102180809,1,-0.262572885,1,0.107941329,1,0.245842248,0,-0.425750494,0,-0.816695988,0
54.44978333,-5.028971195,1,-2.480711937,1,-8.090291977,1,0.107099459,1,-0.250607878,1,0.114168338,1,0.246199712,0,-0.426865757,0,-0.816507518,0
54.45378113,-4.644654751,1,-2.582324028,1,-8.124733925,1,0.113749109,1,-0.254337877,1,0.113854676,1,0.246549979,0,-0.42795077,0,-0.816290855,0
54.45778275,-4.902248383,1,-2.537387133,1,-8.113993645,1,0.115682207,1,-0.255527735,1,0.107376643,1,0.246917203,0,-0.429066867,0,-0.816094935,0
54.46178436,-4.794507504,1,-2.524235725,1,-8.142205238,1,0.101525977,1,-0.262421489,1,0.113950528,1,0.247268707,0,-0.43018052,0,-0.815891266,0
54.46578217,-4.817264557,1,-2.230621815,1,-8.282217026,1,0.112843059,1,-0.271036267,1,0.113484412,1,0.24760595,0,-0.43133229,0,-0.815690994,0
54.46977997,-4.645806313,1,-2.122275591,1,-8.447099686,1,0.124593273,1,-0.288075298,1,0.121164791,1,0.248001486,0,-0.432522953,0,-0.815495253,0
54.47378159,-4.711452961,1,-2.011058569,1,-8.488269806,1,0.150038496,1,-0.301716506,1,0.125126451,1,0.248461843,0,-0.43378213,0,-0.81529367,0
54.47777939,-4.440027237,1,-2.344319582,1,-8.582102776,1,0.149285659,1,-0.321028799,1,0.134873465,1,0.248973995,0,-0.435113043,0,-0.815078616,0
54.48178101,-4.451039314,1,-2.29650712,1,-8.546572685,1,0.167130426,1,-0.354102582,1,0.137135014,1,0.249503568,0,-0.436555684,0,-0.814872444,0
54.48578262,-4.502887249,1,-2.348933935,1,-8.572739601,1,0.191447616,1,-0.3795425,1,0.150232702,1,0.250136167,0,-0.438122422,0,-0.81466496,0
54.48978043,-4.367990017,1,-2.52368021,1,-8.681301117,1,0.201030061,1,-0.41416499,1,0.167467579,1,0.250823408,0,-0.439804584,0,-0.814424634,0
54.49377823,-4.388599396,1,-2.619178295,1,-8.793210983,1,0.20110777,1,-0.445427775,1,0.181144297,1,0.25151518,0,-0.441635668,0,-0.814147472,0
54.49777985,-4.5738554,1,-2.568761826,1,-8.740169525,1,0.186025828,1,-0.485815555,1,0.191349655,1,0.252159864,0,-0.443623364,0,-0.813853621,0
54.50177765,-4.616583824,1,-2.23393774,1,-8.651791573,1,0.219536513,1,-0.518558681,1,0.196598396,1,0.25285098,0,-0.445763022,0,-0.81358248,0
54.50577927,-4.572474003,1,-2.271085262,1,-8.663851738,1,0.22541742,1,-0.551591873,1,0.206534594,1,0.253622741,0,-0.448034495,0,-0.813300908,0
54.50978088,-4.50693512,1,-2.11594677,1,-8.833784103,1,0.247910023,1,-0.59380275,1,0.209322572,1,0.254449099,0,-0.450467438,0,-0.813043952,0
54.51377869,-4.395909309,1,-1.976405382,1,-8.887227058,1,0.278327614,1,-0.636801004,1,0.211334407,1,0.255412847,0,-0.453060031,0,-0.812829018,0
54.51777649,-4.55119276,1,-1.792930126,1,-8.995278358,1,0.308968037,1,-0.679995179,1,0.217338488,1,0.256498218,0,-0.455834299,0,-0.812647164,0
54.52177811,-4.488054276,1,-2.25531292,1,-8.907946587,1,0.329029262,1,-0.732786834,1,0.217931911,1,0.257726789,0,-0.458782315,0,-0.812517405,0
54.52577591,-4.591628551,1,-2.229605913,1,-8.938427925,1,0.330124587,1,-0.783567309,1,0.218117103,1,0.259011835,0,-0.461946785,0,-0.812442362,0
54.52977753,-4.526480675,1,-1.838314652,1,-8.706749916,1,0.356595814,1,-0.826155841,1,0.223534629,1,0.260370135,0,-0.465283573,0,-0.812417388,0
54.53377914,-4.689921379,1,-1.756700635,1,-8.761523247,1,0.395831048,1,-0.860393047,1,0.230722204,1,0.261864007,0,-0.468775392,0,-0.812412739,0
54.53777695,-4.837841034,1,-1.761529326,1,-8.806889534,1,0.422561347,1,-0.904262066,1,0.224153027,1,0.263525456,0,-0.472425997,0,-0.812461615,0
54.54177475,-4.853016853,1,-1.836442471,1,-8.790991783,1,0.440512061,1,-0.946407855,1,0.218629435,1,0.265316188,0,-0.47623232,0,-0.812587857,0
54.54577637,-4.845723152,1,-1.83038044,1,-8.786019325,1,0.457202494,1,-0.991482198,1,0.215120733,1,0.267200708,0,-0.48019585,0,-0.812786222,0
54.5497818,-4.745613575,1,-2.135060787,1,-8.825746536,1,0.480543256,1,-1.041774631,1,0.218406782,1,0.269191414,0,-0.484346211,0,-0.813047767,0
54.5537796,-4.854716301,1,-2.726633072,1,-8.85181427,1,0.489274859,1,-1.083739042,1,0.232878521,1,0.271274686,0,-0.488690019,0,-0.813344002,0
54.55778122,-4.809243679,1,-2.930547714,1,-8.750043869,1,0.488226593,1,-1.144335389,1,0.249374643,1,0.273358107,0,-0.493244708,0,-0.813652992,0
54.56177902,-4.854230404,1,-3.090358734,1,-8.737049103,1,0.49960351,1,-1.20515132,1,0.275227904,1,0.275483757,0,-0.498047143,0,-0.813958406,0
54.56578064,-4.898633003,1,-3.119389296,1,-8.748283386,1,0.507939458,1,-1.256786346,1,0.310276449,1,0.277620673,0,-0.503103197,0,-0.814206958,0
54.56977844,-4.821437359,1,-3.257608175,1,-8.865107536,1,0.521476209,1,-1.327861309,1,0.344735205,1,0.279764771,0,-0.508433461,0,-0.814380467,0
54.57377625,-4.837322235,1,-3.35829401,1,-9.053862572,1,0.523856401,1,-1.399294853,1,0.385670304,1,0.281920046,0,-0.514074445,0,-0.814513206,0
54.57777786,-4.902688503,1,-3.45402813,1,-9.165997505,1,0.526647687,1,-1.473473549,1,0.414477944,1,0.284066319,0,-0.520034313,0,-0.814594209,0
54.58177948,-4.99046278,1,-3.841768742,1,-9.204547882,1,0.504162729,1,-1.555030704,1,0.466405332,1,0.286135852,0,-0.526347876,0,-0.814604342,0
54.58577728,-4.43691206,1,-3.676696777,1,-8.988211632,1,0.489705443,1,-1.653743148,1,0.506215036,1,0.288093805,0,-0.533050418,0,-0.814552546,0
54.58977509,-4.733695984,1,-3.385957718,1,-9.257463455,1,0.500512362,1,-1.743948221,1,0.542697608,1,0.290033042,0,-0.540170252,0,-0.814475179,0
54.5937767,-4.585227966,1,-3.131446123,1,-9.126393318,1,0.516524911,1,-1.830084324,1,0.58270973,1,0.292011321,0,-0.547655761,0,-0.814353466,0
54.59777451,-4.711787224,1,-3.22927928,1,-9.236376762,1,0.529977262,1,-1.926936269,1,0.624031425,1,0.294015348,0,-0.555544317,0,-0.814190269,0
54.60177612,-4.937801838,1,-3.572310686,1,-9.339629173,1,0.524888813,1,-2.017100573,1,0.654067039,1,0.296041846,0,-0.563831389,0,-0.814014435,0
54.60577774,-4.739094257,1,-3.48830986,1,-9.182389259,1,0.511347532,1,-2.106013536,1,0.687321126,1,0.298001945,0,-0.572502971,0,-0.813826442,0
54.60977554,-4.771401405,1,-3.484684944,1,-9.402255058,1,0.505716801,1,-2.215517044,1,0.724843383,1,0.299942136,0,-0.581608176,0,-0.813647985,0
54.61377335,-5.18016386,1,-3.302890301,1,-9.661746025,1,0.489383519,1,-2.309106112,1,0.764240503,1,0.301818907,0,-0.591134071,0,-0.813444734,0
54.61777496,-5.211736679,1,-3.346172571,1,-10.02230072,1,0.505215526,1,-2.411318779,1,0.791315496,1,0.303709567,0,-0.601089716,0,-0.813263297,0
54.62177277,-4.498545647,1,-3.446390629,1,-9.609304428,1,0.511536479,1,-2.527501106,1,0.837969184,1,0.30564034,0,-0.611469507,0,-0.813089669,0
54.62577438,-4.572808266,1,-4.034193516,1,-9.815069199,1,0.507755399,1,-2.66226697,1,0.89267832,1,0.307556868,0,-0.622404218,0,-0.812878966,0
54.629776,-4.539038658,1,-3.816758871,1,-9.761263847,1,0.526150703,1,-2.831666231,1,0.938652396,1,0.309529632,0,-0.633978903,0,-0.812708974,0
54.6337738,-4.573975563,1,-3.538564205,1,-9.945813179,1,0.546466529,1,-3.00312686,1,0.990541697,1,0.311582565,0,-0.646278024,0,-0.81256789,0
54.63777161,-4.437279701,1,-3.529626846,1,-10.19322777,1,0.576969504,1,-3.172940016,1,1.04365325,1,0.313785493,0,-0.659270406,0,-0.812481523,0
54.64177322,-4.164062023,1,-3.472056627,1,-10.52202511,1,0.612238646,1,-3.370115042,1,1.09179163,1,0.316154599,0,-0.673021853,0,-0.812476218,0
54.64577103,-4.330520153,1,-3.822616816,1,-11.05342007,1,0.610470474,1,-3.572137117,1,1.148539543,1,0.318660378,0,-0.687620699,0,-0.812572479,0
54.64977264,-4.399626732,1,-3.783610821,1,-11.33366966,1,0.638642848,1,-3.772888899,1,1.201219082,1,0.321293354,0,-0.703037739,0,-0.812790573,0
54.65377426,-3.86245513,1,-4.324255943,1,-11.47403336,1,0.661981344,1,-4.021546841,1,1.254766703,1,0.324145436,0,-0.719363451,0,-0.813164353,0
54.65777206,-3.883330584,1,-4.879711628,1,-11.97151947,1,0.679652512,1,-4.298281193,1,1.315829992,1,0.327227324,0,-0.736769497,0,-0.813763857,0
54.66176987,-4.175657749,1,-5.342612743,1,-12.49542141,1,0.672822475,1,-4.556573868,1,1.395677447,1,0.330482066,0,-0.755276203,0,-0.814567924,0
54.66577148,-4.803091049,1,-5.916880131,1,-12.9474144,1,0.655165792,1,-4.825383663,1,1.490140319,1,0.333756387,0,-0.774894774,0,-0.815466702,0
54.66976929,-5.139598846,1,-5.436689854,1,-13.25295353,1,0.670970738,1,-5.091289043,1,1.571659446,1,0.337191284,0,-0.795630574,0,-0.816563606,0
54.67377853,-4.554462433,1,-5.732487679,1,-12.92414284,1,0.685110509,1,-5.39106226,1,1.66911304,1,0.340789199,0,-0.817541718,0,-0.817794561,0
54.67778015,-4.038038254,1,-6.457961559,1,-14.34805393,1,0.653318763,1,-5.738206387,1,1.760909557,1,0.344615608,0,-0.840822041,0,-0.819283962,0
54.68177795,-1.331794739,1,-4.390638828,1,-11.46669865,1,0.839470088,1,-6.154366016,1,1.870765805,1,0.348646283,0,-0.865306377,0,-0.821093321,0
54.68577957,-6.245069981,1,-3.612034321,1,-14.99721336,1,0.939362347,1,-6.52923584,1,1.991960764,1,0.354207039,0,-0.892056704,0,-0.823552191,0
54.68978119,-9.465497971,1,-4.419260502,1,-13.09817028,1,1.003962398,1,-6.656313896,1,2.142502308,1,0.35995394,0,-0.919587076,0,-0.825911164,0
54.69377899,-8.122038841,1,-7.427904129,1,-13.44510365,1,1.017090201,1,-6.843214035,1,2.169921398,1,0.365299642,0,-0.947664738,0,-0.827473581,0
54.69777679,-10.38954544,1,-5.868674755,1,-14.19201851,1,1.136049867,1,-6.983859062,1,2.148686171,1,0.372384906,0,-0.97663182,0,-0.830882013,0
54.70177841,-10.55334759,1,-3.42246604,1,-12.55193043,1,1.293915749,1,-6.992100716,1,2.235367298,1,0.380511165,0,-1.005772114,0,-0.834828615,0
54.70577622,-10.47873497,1,-5.865209103,1,-13.4593811,1,1.317738771,1,-7.139815807,1,2.429120064,1,0.388919592,0,-1.035538912,0,-0.83853811,0
54.70977783,-13.41830158,1,-7.109634876,1,-15.76206398,1,1.332415581,1,-7.06178093,1,2.488015175,1,0.397389144,0,-1.065644145,0,-0.842138827,0
54.71377945,-14.33417416,1,-7.454285145,1,-15.04646683,1,1.425607085,1,-7.072831631,1,2.64820385,1,0.406144738,0,-1.095605493,0,-0.845673263,0
54.71777725,-14.04081345,1,-8.967980385,1,-15.85332966,1,1.366006613,1,-6.884166241,1,2.727269173,1,0.414152563,0,-1.1254915,0,-0.848459959,0
54.72177506,-12.00249863,1,-9.461193085,1,-15.38348484,1,1.301541567,1,-6.807888508,1,2.860492468,1,0.421417058,0,-1.155020714,0,-0.850571156,0
54.72577667,-13.72610378,1,-10.83317757,1,-15.55342293,1,1.24398303,1,-6.744599342,1,2.963044167,1,0.427821279,0,-1.184546947,0,-0.852004647,0
54.72977448,-15.66858292,1,-13.58661366,1,-13.41627884,1,0.977808118,1,-6.648112297,1,3.166283846,1,0.432537496,0,-1.213957191,0,-0.852230012,0
54.73377609,-14.30427361,1,-14.87638664,1,-12.66303635,1,0.455804527,1,-6.615424633,1,3.490628719,1,0.432690442,0,-1.243625879,0,-0.849294782,0
54.7377739,-14.22530556,1,-13.78556347,1,-11.4966507,1,-0.033335134,1,-6.703569412,1,3.64161849,1,0.42768988,0,-1.273781538,0,-0.843197107,0
54.7417717,-16.97555923,1,-12.3171196,1,-11.60667324,1,-0.461956352,1,-6.655964851,1,3.743332148,1,0.418083966,0,-1.304242134,0,-0.834255099,0
54.74577332,-17.51328278,1,-9.979985237,1,-11.03981495,1,-0.785454571,1,-6.53949976,1,3.84233737,1,0.4025065,0,-1.334521294,0,-0.820741117,0
54.74977493,-19.12050438,1,-6.759562016,1,-10.93985748,1,-1.014413238,1,-6.263832092,1,3.80791378,1,0.379041672,0,-1.36408186,0,-0.800426841,0
54.75377274,-20.76299477,1,-4.589560509,1,-10.06613445,1,-0.982384384,1,-5.843849182,1,3.541714668,1,0.348993719,0,-1.392012596,0,-0.773934484,0
54.75777054,-16.34333038,1,-1.706933379,1,-10.13607788,1,-0.845149577,1,-5.334030151,1,3.365763426,1,0.310552537,0,-1.417645574,0,-0.738687396,0
54.76177216,-10.99395275,1,0.411396295,1,-10.36989021,1,-0.472750783,1,-4.912457466,1,3.13497138,1,0.260655224,0,-1.44092977,0,-0.691031754,0
54.76576996,-10.77243423,1,2.153338432,1,-10.5658741,1,0.05268728,1,-4.555533886,1,2.918450117,1,0.197096005,0,-1.462096691,0,-0.62790513,0
54.76977158,-12.13475323,1,3.328026056,1,-12.22951031,1,0.662737131,1,-4.206236362,1,2.69341588,1,0.114468537,0,-1.481204391,0,-0.543447673,0
54.77377319,-11.51098442,1,3.203429937,1,-13.98793697,1,1.370817423,1,-3.728579283,1,2.584635019,1,0.000777314,0,-1.497693539,0,-0.425317287,0
54.777771,-11.16753769,1,3.431650639,1,-11.18185425,1,1.98743248,1,-3.434536934,1,2.616947651,1,-0.165792212,0,-1.510998487,0,-0.251631349,0
54.7817688,-23.70147324,1,2.853244066,1,-11.27556992,1,2.490086079,1,-3.278724194,1,2.449967384,1,-0.406128556,0,-1.521318078,0,-0.001895927,0
54.78577042,-27.82879639,1,-3.561844826,1,-16.68927574,1,2.569145679,1,-2.184010506,1,2.099319458,1,-0.684373617,0,-1.526028872,0,0.286875904,0
54.78976822,-14.10699368,1,-7.24216032,1,-15.69350147,1,2.54833436,1,-1.223151803,1,1.717217684,1,-0.898087919,0,-1.525298357,0,0.511054575,0
54.79377365,-7.075112343,1,-6.472424507,1,-12.58064556,1,2.543215513,1,-0.821890056,1,1.461628914,1,-1.034197927,0,-1.522355676,0,0.657509029,0
54.79777527,-7.786313057,1,-6.30914259,1,-11.14316559,1,2.456816673,1,-0.559913397,1,1.290887475,1,-1.12459743,0,-1.518806338,0,0.758076966,0
54.80177307,-8.460330009,1,-6.852906227,1,-11.63897228,1,2.204617977,1,-0.165615633,1,1.072242498,1,-1.176399827,0,-1.515081167,0,0.819321752,0
54.80577469,-5.273332119,1,-6.479642391,1,-10.80888844,1,1.947998762,1,0.197815627,1,0.803371966,1,-1.191020489,0,-1.511555552,0,0.842257023,0
54.80977631,-2.571195126,1,-5.04696703,1,-9.528204918,1,1.836116552,1,0.409031689,1,0.55484581,1,-1.181398273,0,-1.508572102,0,0.840166867,0
54.81377411,-1.604418516,1,-3.872403383,1,-8.823451042,1,1.757981062,1,0.57698375,1,0.327552468,1,-1.156548858,0,-1.506183267,0,0.822470307,0
54.81777191,-0.415718734,1,-3.05102396,1,-8.333896637,1,1.687137723,1,0.767716408,1,0.106507309,1,-1.117945313,0,-1.504270196,0,0.790680945,0
54.82177353,0.619618237,1,-2.251072407,1,-7.856012821,1,1.65645659,1,0.914771736,1,-0.106308982,1,-1.066797376,0,-1.502704263,0,0.746111989,0
54.82577133,1.409371495,1,-1.767369866,1,-7.355722904,1,1.671102405,1,1.047654748,1,-0.294843078,1,-1.004962564,0,-1.501395822,0,0.690781415,0
54.82977295,2.168440342,1,-1.476288199,1,-7.224019051,1,1.684306979,1,1.147137642,1,-0.470762938,1,-0.934288859,0,-1.500187516,0,0.626664221,0
54.83377457,2.784220219,1,-1.155052304,1,-7.148666382,1,1.698660254,1,1.239197612,1,-0.601887882,1,-0.856484652,0,-1.498886585,0,0.555465162,0
54.83777237,3.466103077,1,-1.09074688,1,-6.967352867,1,1.670292497,1,1.323681712,1,-0.700044036,1,-0.773928583,0,-1.497262239,0,0.479449421,0
54.84177017,3.892787218,1,-0.81602484,1,-6.937757969,1,1.638366938,1,1.395370483,1,-0.764084637,1,-0.689522445,0,-1.495173573,0,0.401444495,0
54.84577179,4.080690384,1,-0.825917423,1,-7.037031651,1,1.588685274,1,1.487247825,1,-0.810008407,1,-0.605357528,0,-1.492476106,0,0.323507994,0
54.84976959,4.118338108,1,-0.831433356,1,-7.108794212,1,1.526422381,1,1.586467147,1,-0.828599393,1,-0.523603857,0,-1.489037156,0,0.247752517,0
54.85377121,4.014784336,1,-0.627447128,1,-7.345210075,1,1.440050483,1,1.701832891,1,-0.833675444,1,-0.446176529,0,-1.484778285,0,0.176007241,0
54.85777283,3.748556376,1,-0.332459897,1,-7.563665867,1,1.353295445,1,1.83584249,1,-0.825841367,1,-0.374524206,0,-1.479612947,0,0.109680869,0
54.86177063,3.499151468,1,0.166865602,1,-7.856467247,1,1.284655929,1,1.989469767,1,-0.806819141,1,-0.309534252,0,-1.473505974,0,0.049692404,0
54.86576843,3.004910946,1,0.572760403,1,-8.17612648,1,1.23281455,1,2.151354551,1,-0.782286882,1,-0.251663923,0,-1.466424704,0,-0.003426527,0
54.86977005,2.385794401,1,1.116940141,1,-8.563797951,1,1.209488392,1,2.341569185,1,-0.746530175,1,-0.200886503,0,-1.458340645,0,-0.049593046,0
54.87376785,1.735476494,1,1.599091291,1,-8.902134895,1,1.216248751,1,2.551594734,1,-0.713069677,1,-0.15680629,0,-1.449235678,0,-0.089091517,0
54.87776566,1.106747627,1,2.012716532,1,-9.229277611,1,1.249088883,1,2.783078432,1,-0.662148058,1,-0.11900986,0,-1.439048409,0,-0.122240476,0
54.88176727,0.540133476,1,2.377527475,1,-9.375470161,1,1.294278383,1,3.024756193,1,-0.606513083,1,-0.087007828,0,-1.427753925,0,-0.149413198,0
54.88576508,-0.048011061,1,2.690635681,1,-9.523060799,1,1.357403636,1,3.27451849,1,-0.538401663,1,-0.060346216,0,-1.415359259,0,-0.171009764,0
54.88976669,-0.503474474,1,2.809135199,1,-9.659005165,1,1.429044247,1,3.536957979,1,-0.462669522,1,-0.03840955,0,-1.401854992,0,-0.187589869,0
54.89376831,-0.846825004,1,3.015543699,1,-9.676950455,1,1.521821499,1,3.80146265,1,-0.387422681,1,-0.02051344,0,-1.387243032,0,-0.199779063,0
54.89776611,-1.198910832,1,3.189566851,1,-9.706483841,1,1.612385869,1,4.057613373,1,-0.302463233,1,-0.006026302,0,-1.371544838,0,-0.20815064,0
54.90176773,-1.298882484,1,3.306615591,1,-9.704843521,1,1.714548826,1,4.31263876,1,-0.20868881,1,0.005538621,0,-1.35479629,0,-0.213166058,0
54.90576553,-1.287706017,1,3.533693075,1,-9.61608696,1,1.828844666,1,4.551573753,1,-0.126876876,1,0.01480031,0,-1.337058306,0,-0.215399027,0
54.90976334,-1.37800169,1,3.785723925,1,-9.599473,1,1.952010155,1,4.764454365,1,-0.054074332,1,0.022420192,0,-1.318414927,0,-0.215460733,0
54.91376877,-1.536992073,1,3.87215519,1,-9.464143753,1,2.087397337,1,4.966483593,1,0.016033461,1,0.028915903,0,-1.298954368,0,-0.213825792,0
54.91777039,-1.711039662,1,3.935709476,1,-9.366985321,1,2.219168425,1,5.148353577,1,0.078328557,1,0.034627236,0,-1.278737664,0,-0.210809484,0
54.92176819,-1.823782802,1,3.751178503,1,-9.21280098,1,2.340288877,1,5.307787895,1,0.128068179,1,0.039930519,0,-1.257855177,0,-0.206809893,0
54.92576981,-1.948279738,1,3.432935238,1,-9.133980751,1,2.44849062,1,5.45265913,1,0.16543296,1,0.045050606,0,-1.236363888,0,-0.202096388,0
54.92977142,-2.18266964,1,3.069316387,1,-8.958442688,1,2.546754599,1,5.572892666,1,0.185348228,1,0.050191581,0,-1.214382052,0,-0.196933806,0
54.93376923,-2.382333755,1,2.681362391,1,-8.873762131,1,2.61146903,1,5.663325787,1,0.203103766,1,0.055428494,0,-1.191973448,0,-0.191483334,0
54.93776703,-2.288653612,1,2.389701843,1,-8.74604702,1,2.647587538,1,5.749009609,1,0.205088124,1,0.060745679,0,-1.169221163,0,-0.185843751,0
54.94176865,-2.410454273,1,2.25774312,1,-8.757071495,1,2.668898821,1,5.79213047,1,0.17970939,1,0.145353869,0,-0.993578315,0,-0.153087154,0
54.94576645,-2.330528975,1,1.990965247,1,-8.636704445,1,2.682700872,1,5.834623337,1,0.147557452,1,0.148558751,0,-0.970346451,0,-0.149816722,0
54.94976807,-2.149453878,1,1.834781051,1,-8.661780357,1,2.686031103,1,5.846125603,1,0.109328322,1,0.15355207,0,-0.947320819,0,-0.142798811,0
54.95376968,-2.166435957,1,1.782867789,1,-8.658864021,1,2.674072027,1,5.844641209,1,0.054648925,1,0.158894107,0,-0.924268246,0,-0.136117309,0
54.95776749,-2.060660601,1,1.516742945,1,-8.576544762,1,2.652855396,1,5.835082054,1,-0.002565128,1,0.164556518,0,-0.901229739,0,-0.129804999,0
54.96176529,-2.00648737,1,1.643336773,1,-8.639497757,1,2.632010937,1,5.800514698,1,-0.060870271,1,0.17050077,0,-0.878264964,0,-0.123855226,0
54.96576691,-2.016725779,1,1.647279859,1,-8.694141388,1,2.614788055,1,5.757260323,1,-0.130892575,1,0.176734611,0,-0.855440259,0,-0.118267305,0
54.96976471,-2.054025888,1,1.797107339,1,-8.798279762,1,2.602614403,1,5.703003883,1,-0.187980935,1,0.183255225,0,-0.832788646,0,-0.113031425,0
54.97376633,-2.271901369,1,1.89700532,1,-8.96459198,1,2.602697372,1,5.647837162,1,-0.243926644,1,0.190041244,0,-0.810322583,0,-0.108101144,0
54.97776413,-2.69598031,1,2.078232765,1,-9.216887474,1,2.622360706,1,5.608546734,1,-0.309129715,1,0.19714509,0,-0.788018703,0,-0.103444338,0
54.98176193,-3.15676713,1,2.152554035,1,-9.337792397,1,2.662614107,1,5.579146385,1,-0.364648014,1,0.20461306,0,-0.765827,0,-0.099027112,0
54.98576355,-3.56802249,1,2.355765104,1,-9.682024956,1,2.72504735,1,5.569709301,1,-0.41949594,1,0.212480694,0,-0.743694305,0,-0.094795398,0
54.98976517,-3.825172901,1,2.332861423,1,-9.868244171,1,2.796369553,1,5.555467606,1,-0.480733693,1,0.220792368,0,-0.721580982,0,-0.090720862,0
54.99376297,-4.2169137,1,2.330949783,1,-10.19776535,1,2.880638599,1,5.555921078,1,-0.518019199,1,0.229546621,0,-0.699466467,0,-0.086731516,0
54.99776077,-4.593307018,1,2.251123428,1,-10.54361248,1,2.968714952,1,5.562856674,1,-0.565619826,1,0.238746867,0,-0.677333236,0,-0.082778342,0
55.00176239,-5.002923012,1,2.175820589,1,-10.89632225,1,3.065600157,1,5.578877449,1,-0.602899849,1,0.248381272,0,-0.65515101,0,-0.078831762,0
55.00576019,-5.489481449,1,1.857246041,1,-11.26371193,1,3.154497623,1,5.601069927,1,-0.651452184,1,0.258432955,0,-0.632879496,0,-0.074865483,0
55.00976181,-5.78210783,1,1.646427155,1,-11.60242271,1,3.22674036,1,5.622922897,1,-0.700864613,1,0.268886298,0,-0.610491216,0,-0.070882671,0
55.01376343,-6.216823101,1,1.529675603,1,-12.0555439,1,3.284593821,1,5.648949146,1,-0.757881761,1,0.279662251,0,-0.587997019,0,-0.066882163,0
55.01776123,-6.687611103,1,1.507246733,1,-12.47723293,1,3.334281445,1,5.665309906,1,-0.81176424,1,0.290724754,0,-0.565395296,0,-0.062878132,0
55.02175903,-7.207808018,1,1.537260294,1,-12.84597969,1,3.388312101,1,5.693048954,1,-0.882448554,1,0.302068949,0,-0.542675555,0,-0.058886833,0
55.02576065,-7.633440971,1,1.610097528,1,-13.241786,1,3.441089153,1,5.724813461,1,-0.942795634,1,0.313695669,0,-0.519809127,0,-0.05489726,0
55.02975845,-7.98846674,1,1.843858361,1,-13.62005234,1,3.493103266,1,5.754150867,1,-1.008817792,1,0.325598836,0,-0.496786028,0,-0.050881483,0
55.0337677,-8.25616169,1,2.083200693,1,-14.23252869,1,3.571901798,1,5.776137352,1,-1.069652796,1,0.337841302,0,-0.473627269,0,-0.046843514,0
55.03776932,-8.796703339,1,2.475641012,1,-14.62389088,1,3.658367634,1,5.804683685,1,-1.129235506,1,0.350458384,0,-0.450336963,0,-0.042739883,0
55.04176712,-9.546866417,1,2.540578604,1,-15.10118389,1,3.750216484,1,5.836761951,1,-1.180277586,1,0.363478184,0,-0.426903963,0,-0.038529187,0
55.04576874,-10.35503292,1,2.449060917,1,-15.54247284,1,3.843993902,1,5.88428688,1,-1.241065264,1,0.376923978,0,-0.403297603,0,-0.034188256,0
55.04977036,-11.19069099,1,2.28341794,1,-15.80600166,1,3.913406134,1,5.916759968,1,-1.302475929,1,0.390735209,0,-0.379514009,0,-0.029723553,0
55.05376816,-12.26012135,1,1.980797291,1,-16.09643936,1,3.942059517,1,5.934774399,1,-1.370898962,1,0.404815137,0,-0.355589569,0,-0.025156192,0
55.05776596,-13.46857357,1,1.458366275,1,-16.27169418,1,3.93292141,1,5.945468903,1,-1.444439292,1,0.419020265,0,-0.331561089,0,-0.020538351,0
55.06176758,-14.69332409,1,0.946377933,1,-16.50324631,1,3.873095274,1,5.939003468,1,-1.535431743,1,0.433190852,0,-0.307451427,0,-0.015905552,0
55.06576538,-16.25127602,1,0.470874488,1,-16.66071701,1,3.76424408,1,5.915510654,1,-1.639214039,1,0.44715035,0,-0.283302903,0,-0.01134539,0
55.06976318,-18.16783142,1,0.211611822,1,-16.76383972,1,3.617974997,1,5.879827023,1,-1.753670335,1,0.460739285,0,-0.259130627,0,-0.006931902,0
55.07376862,-20.15311813,1,0.386265337,1,-16.58860779,1,3.446442366,1,5.835113049,1,-1.90053463,1,0.473851979,0,-0.234917417,0,-0.002762617,0
55.07776642,-22.03538132,1,1.478501678,1,-16.47861862,1,3.276358604,1,5.772535324,1,-2.065382719,1,0.486463904,0,-0.210655823,0,0.001016528,0
55.08176422,-23.86309052,1,3.438729763,1,-16.17914009,1,3.149101973,1,5.681302071,1,-2.248232365,1,0.498651028,0,-0.186391637,0,0.004312781,0
55.08576584,-26.12350082,1,5.911398888,1,-15.50740814,1,3.095319033,1,5.591231823,1,-2.437752247,1,0.510645807,0,-0.162124917,0,0.007057348,0
55.08976364,-28.05774117,1,7.761243343,1,-14.42102909,1,3.134023905,1,5.502706051,1,-2.605590343,1,0.522754788,0,-0.137844637,0,0.009268412,0
55.09376144,-30.02970886,1,8.119792938,1,-12.45485783,1,3.224774122,1,5.439439297,1,-2.731057167,1,0.535244465,0,-0.11356198,0,0.01109348,0
55.09776306,-31.55801964,1,7.240431786,1,-10.33506203,1,3.256879807,1,5.36048317,1,-2.811623335,1,0.548074305,0,-0.089317761,0,0.012722529,0
55.10176086,-32.6779747,1,5.193203926,1,-8.056680679,1,3.130329847,1,5.258416653,1,-2.816030741,1,0.560761929,0,-0.065316327,0,0.014331337,0
55.10576248,-32.75698853,1,3.237622499,1,-5.579303741,1,2.8564744,1,5.105423927,1,-2.740996838,1,0.572674513,0,-0.041833255,0,0.016075119,0
55.1097641,-32.24362564,1,2.661530256,1,-3.163132668,1,2.51081419,1,4.860055923,1,-2.575517654,1,0.583350778,0,-0.019294223,0,0.01805187,0
55.1137619,-31.62016106,1,3.381690502,1,-0.864741564,1,2.178208113,1,4.53040123,1,-2.332061052,1,0.592684269,0,0.001803235,0,0.020302331,0
55.11776352,-30.41866302,1,5.964635849,1,1.092653036,1,1.950423598,1,4.149748325,1,-2.041184425,1,0.600925088,0,0.021105809,0,0.022825781,0
55.12176514,-29.01090431,1,10.30891991,1,2.737102032,1,1.930310845,1,3.669191122,1,-1.733172894,1,0.608721673,0,0.038277775,0,0.025512336,0
55.12576294,-27.92470551,1,14.42500877,1,4.147895336,1,2.126752853,1,3.156887293,1,-1.442372799,1,0.616906524,0,0.053109713,0,0.028188199,0
55.12976074,-28.07662582,1,16.97019196,1,5.308407307,1,2.457101583,1,2.650158644,1,-1.156777263,1,0.626211822,0,0.065570734,0,0.030733146,0
55.13376236,-28.61764908,1,17.8672905,1,6.0310359,1,2.791574001,1,2.191147327,1,-0.891324818,1,0.636891246,0,0.075787567,0,0.033154491,0
55.13776016,-29.1711483,1,16.85769653,1,6.552734375,1,3.028766632,1,1.754591823,1,-0.668839216,1,0.648748875,0,0.083972201,0,0.035397388,0
55.14176178,-24.25971603,1,8.388206482,1,3.174278021,1,2.805579424,1,1.268818021,1,-0.412417412,1,0.660887539,0,0.090166204,0,0.037376445,0
55.1457634,-25.70059776,1,-3.245363235,1,7.67926693,1,1.091770887,1,0.200969264,1,0.22755003,1,0.668781221,0,0.092947856,0,0.038911354,0
55.1497612,-39.94884491,1,1.5283283,1,10.5673914,1,0.033434231,1,-0.669019997,1,0.830643475,1,0.671144962,0,0.090569295,0,0.039947908,0
55.15376282,-26.37732315,1,2.196908951,1,14.70532131,1,-1.428499103,1,-1.024416208,1,1.199841738,1,0.668517828,0,0.085482925,0,0.041003264,0
55.15776825,-23.88141251,1,7.205207825,1,15.87364578,1,-2.469052076,1,-1.952767253,1,1.962047219,1,0.660617352,0,0.077027075,0,0.042303067,0
55.16176605,-28.73189545,1,19.24371719,1,13.27975178,1,-2.692302704,1,-2.837551117,1,2.858795643,1,0.650203526,0,0.063494287,0,0.044076711,0
55.16576386,-12.13657093,1,26.19893456,1,4.667457104,1,-2.015350103,1,-2.879161835,1,3.424926281,1,0.640939534,0,0.046548788,0,0.047162652,0
55.16976547,1.202734232,1,17.37977028,1,-7.308758736,1,-1.531458616,1,-2.839202642,1,3.799830198,1,0.634005249,0,0.028849626,0,0.052048709,0
55.17376328,-13.33275509,1,3.757456064,1,-20.15892601,1,-1.156616211,1,-2.999004602,1,3.808625221,1,0.628740788,0,0.010234204,0,0.057417177,0
55.17776489,-9.19860363,1,-10.21942997,1,-27.04488945,1,-0.838139832,1,-2.339073896,1,3.702825308,1,0.62481004,0,-0.00728474,0,0.063275263,0
55.1817627,-1.585761666,1,-23.40508461,1,-28.03812981,1,-1.016032219,1,-1.819157839,1,3.464210987,1,0.621112347,0,-0.022350911,0,0.070141561,0
55.1857605,-0.853572786,1,-29.74600792,1,-22.87056732,1,-1.4994452,1,-1.504909992,1,3.360194921,1,0.615855217,0,-0.035621021,0,0.077361763,0
55.18976212,-2.325903654,1,-28.60542297,1,-14.35054779,1,-1.985500097,1,-1.457028389,1,3.347556353,1,0.608463764,0,-0.048157983,0,0.085052595,0
55.19376373,-2.592135191,1,-20.65333366,1,-8.440505028,1,-2.210169077,1,-1.840258002,1,3.156670094,1,0.599302351,0,-0.059855293,0,0.088286497,0
55.19776154,-2.098922491,1,-13.40423775,1,-4.834103584,1,-2.534929037,1,-2.389119387,1,3.00783205,1,0.589428544,0,-0.073794432,0,0.093796067,0
55.20176315,-0.694565058,1,-9.617986679,1,-4.001398563,1,-2.72594142,1,-3.035128355,1,2.693270683,1,0.578662694,0,-0.089077577,0,0.097360417,0
55.20576477,-7.597271442,1,-7.496384144,1,-5.929333687,1,-2.766299963,1,-3.639112234,1,2.348369837,1,0.567450643,0,-0.105772696,0,0.098627813,0
55.20976257,-15.10720062,1,-5.381146431,1,-10.95160007,1,-2.801625013,1,-3.871417522,1,1.865165949,1,0.55648756,0,-0.123100147,0,0.097669452,0
55.21376038,-23.40428734,1,-0.446964025,1,-15.15354443,1,-2.686150789,1,-3.581011772,1,1.413068891,1,0.545755029,0,-0.13933523,0,0.095389754,0
55.21776199,-28.006073,1,2.55555892,1,-16.30787659,1,-2.512018919,1,-3.059372187,1,1.035845757,1,0.535739183,0,-0.153289303,0,0.092663333,0
55.2217598,-24.65787315,1,8.316205025,1,-17.88894463,1,-2.234585524,1,-2.373972654,1,0.888415754,1,0.526598632,0,-0.164533034,0,0.090389818,0
55.2257576,-19.60760117,1,14.98701477,1,-17.08650017,1,-1.827674866,1,-1.857036471,1,0.931694627,1,0.518597484,0,-0.173667341,0,0.089314438,0
55.22975922,-12.79201317,1,16.20122719,1,-16.18940163,1,-1.356521606,1,-1.50678277,1,1.018795967,1,0.512245715,0,-0.181364998,0,0.089407563,0
55.23375702,-7.625926971,1,12.66502571,1,-14.68947601,1,-0.949772656,1,-1.347705722,1,1.155026078,1,0.507425725,0,-0.188414872,0,0.090462655,0
55.23775864,-5.23407793,1,7.832493305,1,-13.01250458,1,-0.629029155,1,-1.35651648,1,1.220683455,1,0.503989339,0,-0.195464626,0,0.092076868,0
55.24176025,-5.156896591,1,1.341682315,1,-11.56377888,1,-0.417772442,1,-1.347415328,1,1.1554178,1,0.501622558,0,-0.202505976,0,0.093689315,0
55.24575806,-6.752717018,1,-4.573721886,1,-9.97926712,1,-0.373717159,1,-1.297674179,1,1.009891272,1,0.499802679,0,-0.209230185,0,0.094980337,0
55.24975586,-6.458981037,1,-6.965331554,1,-7.41585207,1,-0.363908291,1,-1.228510261,1,0.788314521,1,0.498137057,0,-0.215378061,0,0.09574344,0
55.25375748,-6.938328743,1,-6.328097343,1,-7.02567482,1,-0.37656495,1,-1.21090579,1,0.6580742,1,0.496618301,0,-0.221057907,0,0.095961221,0
55.25775528,-7.074673653,1,-4.267142773,1,-7.504220486,1,-0.382859439,1,-1.099664688,1,0.604574025,1,0.495122254,0,-0.226311684,0,0.095941886,0
55.2617569,-7.923435211,1,-1.871164441,1,-8.168859482,1,-0.427715451,1,-0.943554342,1,0.652533948,1,0.493407428,0,-0.231097177,0,0.096221991,0
55.26575851,-10.16115761,1,-0.737425327,1,-8.990537643,1,-0.415390402,1,-0.70415324,1,0.665292978,1,0.491544515,0,-0.235289618,0,0.096993819,0
55.26975632,-9.605455399,1,0.196353778,1,-9.071621895,1,-0.3412292,1,-0.461108267,1,0.643573761,1,0.489706039,0,-0.238566428,0,0.098278381,0
55.27376175,-7.500722408,1,-0.61579299,1,-8.544955254,1,-0.259210825,1,-0.363126695,1,0.576812029,1,0.488180369,0,-0.24118486,0,0.099707745,0
55.27776337,-5.595036983,1,-2.544452429,1,-8.50370121,1,-0.180801377,1,-0.335424215,1,0.537777305,1,0.486998022,0,-0.243434116,0,0.101060838,0
55.28176117,-5.096804619,1,-3.849815607,1,-8.675355911,1,-0.142208979,1,-0.363681555,1,0.459728867,1,0.486070186,0,-0.245601296,0,0.102225356,0
55.28575897,-5.295499325,1,-4.207514286,1,-9.172189713,1,-0.096479729,1,-0.376142859,1,0.398767143,1,0.485374719,0,-0.247700125,0,0.103052393,0
55.28976059,-5.455369949,1,-3.664910078,1,-9.219368935,1,-0.064079687,1,-0.358147889,1,0.414696723,1,0.484882116,0,-0.249754027,0,0.103809647,0
55.29375839,-5.149316311,1,-3.46984458,1,-8.909319878,1,-0.079347052,1,-0.336578846,1,0.456517667,1,0.484369278,0,-0.251791567,0,0.104738005,0
55.29776001,-5.563445568,1,-4.349228859,1,-8.951683998,1,-0.098454513,1,-0.306349844,1,0.464566231,1,0.483732164,0,-0.253799617,0,0.105814278,0
55.30176163,-6.911062717,1,-4.788306713,1,-8.397398949,1,-0.100580312,1,-0.271461993,1,0.424626857,1,0.483057261,0,-0.255652994,0,0.106902428,0
55.30575943,-5.907483578,1,-4.267884254,1,-8.008025169,1,-0.121120349,1,-0.252804935,1,0.363964379,1,0.48239553,0,-0.257291943,0,0.107834801,0
55.30975723,-5.60671711,1,-2.617021322,1,-8.301603317,1,-0.128637373,1,-0.250798523,1,0.340463817,1,0.481678247,0,-0.258835673,0,0.108627491,0
55.31375885,-5.879417896,1,-1.245001078,1,-8.817019463,1,-0.083241671,1,-0.228840217,1,0.329744965,1,0.481041968,0,-0.260315806,0,0.10941419,0
55.31775665,-5.55774641,1,-1.174983859,1,-8.616118431,1,-0.040806688,1,-0.201735526,1,0.318320781,1,0.480603516,0,-0.261675566,0,0.110191397,0
55.32175827,-5.766257763,1,-1.511934876,1,-8.686670303,1,-0.002302421,1,-0.192206591,1,0.282467842,1,0.48032847,0,-0.262930274,0,0.11092259,0
55.32575989,-5.721847534,1,-2.214360952,1,-8.529053688,1,0.026821543,1,-0.178424776,1,0.242885754,1,0.48021844,0,-0.264072239,0,0.111530289,0
55.32975769,-5.571219444,1,-2.842111349,1,-8.481660843,1,0.043073405,1,-0.173201323,1,0.21752134,1,0.480223298,0,-0.265122205,0,0.112036362,0
55.33375549,-5.363397598,1,-3.088718414,1,-8.554779053,1,0.050942373,1,-0.169266075,1,0.19635351,1,0.480302602,0,-0.266098857,0,0.11245703,0
55.33775711,-5.145581245,1,-3.137863874,1,-8.577775002,1,0.053800702,1,-0.165307269,1,0.18758814,1,0.480407983,0,-0.267046958,0,0.11284399,0
55.34175491,-4.969847202,1,-3.255635262,1,-8.602336884,1,0.057026967,1,-0.164438874,1,0.187384158,1,0.480529964,0,-0.267979443,0,0.11322353,0
55.34575653,-4.921448708,1,-3.273214579,1,-8.595114708,1,0.057693575,1,-0.167146876,1,0.188874811,1,0.480664402,0,-0.268920571,0,0.113588594,0
55.34975815,-5.036872864,1,-3.171552896,1,-8.518880844,1,0.054226968,1,-0.175606072,1,0.189088583,1,0.480794132,0,-0.269879699,0,0.113950558,0
55.35375595,-5.094112873,1,-3.114531279,1,-8.497228622,1,0.065801889,1,-0.176344097,1,0.189058632,1,0.480939746,0,-0.270852059,0,0.11430034,0
55.35775375,-5.079158306,1,-3.204153061,1,-8.301265717,1,0.058426995,1,-0.176492363,1,0.180646941,1,0.481101155,0,-0.271811008,0,0.114647277,0
55.36175537,-4.981352329,1,-3.299105167,1,-8.329807281,1,0.053736951,1,-0.18646647,1,0.17694211,1,0.481249988,0,-0.272785336,0,0.114959389,0
55.36575317,-4.954204559,1,-3.182854652,1,-8.328594208,1,0.046461422,1,-0.193150565,1,0.160742268,1,0.481375337,0,-0.273767352,0,0.115223892,0
55.36975479,-4.925452232,1,-3.042056084,1,-8.306900024,1,0.039326064,1,-0.197957903,1,0.151099592,1,0.481500447,0,-0.274754405,0,0.115425691,0
55.37376022,-4.932312012,1,-2.891899824,1,-8.259684563,1,0.02835851,1,-0.209171101,1,0.13935554,1,0.481595457,0,-0.27574572,0,0.115575358,0
55.37775803,-4.921361446,1,-2.783406734,1,-8.221906662,1,0.027111713,1,-0.217030898,1,0.117292419,1,0.481690139,0,-0.276732981,0,0.115638472,0
55.38175201,-5.048407078,1,-2.658400536,1,-8.145305634,1,0.017007038,1,-0.222125098,1,0.104354538,1,0.481779724,0,-0.277718514,0,0.115633912,0
55.38575745,-4.983445644,1,-2.693581104,1,-8.143986702,1,0.018093243,1,-0.222411782,1,0.088787116,1,0.481876135,0,-0.278675437,0,0.115554191,0
55.38975525,-4.888870716,1,-2.759275913,1,-8.135782242,1,0.021588594,1,-0.229092494,1,0.072182894,1,0.481995821,0,-0.279627383,0,0.115408845,0
55.39376068,-4.889070034,1,-2.840746403,1,-8.117910385,1,0.019670403,1,-0.230155304,1,0.064627081,1,0.482126027,0,-0.280559778,0,0.115213543,0
55.3977623,-4.83969593,1,-2.988158703,1,-8.087836266,1,0.013076241,1,-0.228619441,1,0.063771673,1,0.482259929,0,-0.281487823,0,0.115008168,0
55.4017601,-4.831647873,1,-3.201288223,1,-8.030312538,1,0.010175737,1,-0.228611082,1,0.067288034,1,0.48236388,0,-0.28241697,0,0.114788122,0
55.4057579,-4.836088181,1,-3.410610676,1,-7.96106863,1,-0.003727508,1,-0.223085225,1,0.073266484,1,0.482430607,0,-0.283353269,0,0.114599854,0
55.40975952,-4.846599102,1,-3.506628752,1,-7.929735661,1,-0.023206158,1,-0.223431334,1,0.078516081,1,0.482430041,0,-0.284285694,0,0.114449278,0
55.41376114,-4.86072731,1,-3.57256341,1,-7.834483624,1,-0.033444844,1,-0.214220956,1,0.094980992,1,0.482348174,0,-0.285218596,0,0.114345044,0
55.41775894,-4.794877052,1,-3.659952879,1,-7.823777199,1,-0.057202835,1,-0.202235803,1,0.110131115,1,0.482174337,0,-0.286153615,0,0.114315741,0
55.42176056,-4.755090714,1,-3.69648385,1,-7.84334898,1,-0.080345199,1,-0.201700598,1,0.122826673,1,0.481885403,0,-0.287088454,0,0.114354342,0
55.42575836,-4.764801502,1,-3.702640057,1,-7.827818871,1,-0.096253172,1,-0.189519659,1,0.132372946,1,0.481504738,0,-0.288027704,0,0.114455163,0
55.42975617,-4.715744019,1,-3.630590916,1,-7.867399216,1,-0.104436845,1,-0.184324235,1,0.150523528,1,0.48105678,0,-0.288962066,0,0.114616573,0
55.43375778,-4.749659538,1,-3.433649302,1,-7.877067089,1,-0.119243905,1,-0.183092639,1,0.161102712,1,0.48054868,0,-0.289906204,0,0.114839584,0
55.43775559,-4.664250374,1,-3.458730459,1,-7.844412327,1,-0.143221661,1,-0.180566803,1,0.18035233,1,0.47994256,0,-0.290863395,0,0.115127623,0
55.4417572,-4.778826237,1,-3.362769842,1,-7.816299438,1,-0.142284632,1,-0.180296078,1,0.190693602,1,0.400941133,0,-0.430237681,0,0.17551139,0
55.44575882,-4.710857868,1,-3.293450832,1,-7.857244968,1,-0.142519593,1,-0.167462751,1,0.201321796,1,0.400373429,0,-0.430613011,0,0.172900215,0
55.44975662,-4.631695747,1,-3.2767241,1,-7.8948946,1,-0.144122913,1,-0.160505742,1,0.211746603,1,0.399570972,0,-0.431543887,0,0.173453271,0
55.45375443,-4.58827877,1,-3.316201687,1,-8.021107674,1,-0.14764604,1,-0.163308337,1,0.221981928,1,0.398737848,0,-0.432489902,0,0.17406106,0
55.45775604,-4.676531792,1,-3.127262592,1,-8.038818359,1,-0.140393481,1,-0.161598489,1,0.23299925,1,0.397883087,0,-0.433444619,0,0.17469874,0
55.46175385,-4.815648556,1,-3.032752275,1,-8.008442879,1,-0.137249798,1,-0.160073087,1,0.238167301,1,0.397052824,0,-0.434412122,0,0.17537573,0
55.46575546,-4.900637627,1,-3.059767246,1,-7.932081223,1,-0.12414138,1,-0.161273256,1,0.246456653,1,0.396228909,0,-0.435374707,0,0.176086158,0
55.46975708,-4.981404781,1,-2.923294067,1,-7.929647923,1,-0.117242709,1,-0.147319362,1,0.246805593,1,0.395433247,0,-0.436324745,0,0.176830441,0
55.47375488,-4.998326778,1,-2.745975494,1,-7.881817818,1,-0.106601462,1,-0.144096121,1,0.246934399,1,0.394658983,0,-0.437243789,0,0.177595392,0
55.47775269,-4.99909544,1,-2.767576694,1,-7.959236145,1,-0.106880009,1,-0.141594738,1,0.251720428,1,0.393904448,0,-0.438144147,0,0.178384155,0
55.4817543,-4.964418888,1,-2.587228775,1,-7.902624607,1,-0.095066383,1,-0.133370593,1,0.245236531,1,0.393160284,0,-0.439035028,0,0.179170057,0
55.48575211,-4.960148811,1,-2.55704546,1,-7.985525608,1,-0.083203867,1,-0.132189423,1,0.245132774,1,0.392478049,0,-0.439902484,0,0.179950327,0
55.48975372,-4.919117928,1,-2.469376564,1,-8.050292015,1,-0.079541206,1,-0.132600054,1,0.240907222,1,0.391813695,0,-0.440764517,0,0.180725604,0
55.49375534,-4.949039936,1,-2.47474885,1,-8.024373055,1,-0.077651843,1,-0.138000324,1,0.235418469,1,0.391175151,0,-0.44163537,0,0.181481227,0
55.49775314,-5.041586876,1,-2.410939217,1,-7.959294796,1,-0.058467593,1,-0.141923338,1,0.232664466,1,0.390584707,0,-0.442505419,0,0.182203114,0
55.50175095,-5.030766487,1,-2.496378899,1,-7.957798958,1,-0.045058262,1,-0.138215482,1,0.235778794,1,0.390070677,0,-0.443378747,0,0.1829267,0
55.50575256,-5.005122662,1,-2.554679155,1,-7.969432354,1,-0.033590861,1,-0.144805506,1,0.231934831,1,0.389607489,0,-0.444260478,0,0.183653802,0
55.50975037,-5.005722523,1,-2.646257639,1,-7.954442501,1,-0.016019739,1,-0.143269479,1,0.244629279,1,0.389203787,0,-0.445151329,0,0.184383303,0
55.5137558,-4.858404636,1,-2.587986231,1,-8.058947563,1,-0.008872646,1,-0.1449527,1,0.245996028,1,0.388822615,0,-0.446054697,0,0.185140297,0
55.51775742,-4.745925426,1,-2.565670252,1,-8.09006691,1,0.006603537,1,-0.157810181,1,0.244050249,1,0.38849026,0,-0.446991563,0,0.185895741,0
55.52175522,-4.762818813,1,-2.570669651,1,-8.152318954,1,0.008791029,1,-0.163265124,1,0.248964027,1,0.388192922,0,-0.447954386,0,0.186648011,0
55.52575302,-4.796628475,1,-2.606926918,1,-8.137693405,1,0.012463669,1,-0.174228206,1,0.257723957,1,0.387901723,0,-0.448971689,0,0.187402382,0
55.52975464,-4.89413023,1,-2.539075851,1,-8.115534782,1,0.025420565,1,-0.179633379,1,0.254404128,1,0.387644291,0,-0.450012714,0,0.188155636,0
55.53375244,-4.823006153,1,-2.634906769,1,-8.099969864,1,0.015053545,1,-0.191601887,1,0.255875558,1,0.387400806,0,-0.451075703,0,0.188892022,0
55.53775406,-4.792435169,1,-2.635169744,1,-8.146845818,1,-0.002134647,1,-0.202263907,1,0.245643452,1,0.387112916,0,-0.452182382,0,0.189603582,0
55.54175568,-4.819590092,1,-2.430819273,1,-8.194215775,1,0.010434698,1,-0.210773677,1,0.243098497,1,0.386838496,0,-0.453318149,0,0.190270022,0
55.54575348,-4.904728413,1,-2.551426411,1,-8.283614159,1,0.02462033,1,-0.218080983,1,0.246023983,1,0.386630177,0,-0.454490185,0,0.190915644,0
55.54975128,-4.861715794,1,-2.715977192,1,-8.221311569,1,0.033358127,1,-0.225298509,1,0.252256542,1,0.386456192,0,-0.45569554,0,0.191562802,0
55.5537529,-4.711429596,1,-2.77646327,1,-8.262417793,1,0.040286802,1,-0.241028413,1,0.243450016,1,0.386331856,0,-0.456927657,0,0.19219698,0
55.5577507,-4.815704346,1,-2.681019306,1,-8.293745041,1,0.055244312,1,-0.260121584,1,0.248553827,1,0.386251092,0,-0.458233267,0,0.192788869,0
55.56175232,-5.043591499,1,-2.639416695,1,-8.28501606,1,0.06511879,1,-0.281511784,1,0.248254642,1,0.386224926,0,-0.459609896,0,0.193355337,0
55.56575394,-5.042750359,1,-2.540066957,1,-8.205163956,1,0.076430053,1,-0.302266359,1,0.24313058,1,0.386270642,0,-0.461062491,0,0.19388257,0
55.56975174,-5.218366146,1,-2.380629063,1,-8.22445488,1,0.09141393,1,-0.320790887,1,0.246198609,1,0.38639456,0,-0.462581038,0,0.194370657,0
55.57374954,-4.991631508,1,-2.464929342,1,-8.2120924,1,0.099785566,1,-0.333183348,1,0.249864146,1,0.386563182,0,-0.464154899,0,0.194857985,0
55.57775116,-4.979671955,1,-2.732450247,1,-8.290268898,1,0.09525685,1,-0.353322804,1,0.246904895,1,0.38676101,0,-0.465803295,0,0.195308805,0
55.58174896,-4.874457359,1,-2.525348425,1,-8.203746796,1,0.096705481,1,-0.375619322,1,0.253710508,1,0.386953115,0,-0.467537999,0,0.195728481,0
55.58575058,-5.085112572,1,-2.382229328,1,-8.262056351,1,0.122934088,1,-0.390024304,1,0.257958412,1,0.387210369,0,-0.469344616,0,0.19613564,0
55.5897522,-4.954794407,1,-2.539659262,1,-8.271762848,1,0.140982732,1,-0.416831225,1,0.265678078,1,0.38756156,0,-0.471227497,0,0.196541697,0
55.59375,-4.909287453,1,-2.600954294,1,-8.351569176,1,0.151657149,1,-0.438070536,1,0.272723973,1,0.387968749,0,-0.473210514,0,0.196925297,0
55.5977478,-4.879528046,1,-2.494399071,1,-8.483215332,1,0.16054301,1,-0.469246984,1,0.280112267,1,0.388421416,0,-0.475306213,0,0.197296277,0
55.60174942,-4.845943451,1,-2.523676395,1,-8.578308105,1,0.184245557,1,-0.499014199,1,0.285590827,1,0.38894251,0,-0.477525175,0,0.197659731,0
55.60574722,-4.830022812,1,-2.858472824,1,-8.612715721,1,0.182358444,1,-0.530986369,1,0.299454689,1,0.389515042,0,-0.479866445,0,0.198004946,0
55.60974884,-4.802578449,1,-3.293669701,1,-8.553312302,1,0.159213424,1,-0.573662102,1,0.322277933,1,0.390042901,0,-0.482391179,0,0.198353365,0
55.61375046,-4.862689972,1,-3.060668707,1,-8.495923996,1,0.159981966,1,-0.618121803,1,0.335883081,1,0.390510648,0,-0.485098332,0,0.198697746,0
55.61774826,-4.908261776,1,-3.058178663,1,-8.464743614,1,0.173909426,1,-0.654748082,1,0.364984661,1,0.391013503,0,-0.487977803,0,0.19907251,0
55.62174606,-4.8945117,1,-3.091696978,1,-8.415822983,1,0.189947113,1,-0.688372374,1,0.386597455,1,0.391545534,0,-0.491026193,0,0.199493542,0
55.62574768,-4.9056077,1,-3.313039064,1,-8.385382652,1,0.195120648,1,-0.724193573,1,0.414320827,1,0.392103732,0,-0.494249314,0,0.19993934,0
55.62974548,-4.895888805,1,-3.329633236,1,-8.398218155,1,0.183502987,1,-0.757251978,1,0.427320242,1,0.392626286,0,-0.497620821,0,0.200420022,0
55.6337471,-4.942625046,1,-3.130769491,1,-8.521971703,1,0.172388494,1,-0.797062278,1,0.44803521,1,0.393105567,0,-0.501165807,0,0.200911537,0
55.63775253,-4.971804619,1,-3.068983078,1,-8.518222809,1,0.147453472,1,-0.839923263,1,0.454350531,1,0.393521369,0,-0.504872382,0,0.201383859,0
55.64175797,-4.978126049,1,-2.663178682,1,-8.476243973,1,0.127541766,1,-0.881668448,1,0.455258101,1,0.393865228,0,-0.508749664,0,0.201801628,0
55.64575577,-4.991394043,1,-2.259835243,1,-8.556355476,1,0.136254445,1,-0.925696671,1,0.453702301,1,0.394224346,0,-0.512782514,0,0.202139959,0
55.64975739,-4.998184681,1,-2.071781158,1,-8.726112366,1,0.154119357,1,-0.963517666,1,0.446347922,1,0.394689023,0,-0.516969562,0,0.202373907,0
55.65375519,-5.073920727,1,-2.100605249,1,-8.799171448,1,0.168130785,1,-1.02931571,1,0.447356164,1,0.395269811,0,-0.521338463,0,0.202500641,0
55.65776062,-5.119624615,1,-2.478512764,1,-8.724773407,1,0.185303017,1,-1.093589067,1,0.442400098,1,0.395967066,0,-0.525934517,0,0.202511042,0
55.66176224,-5.163086414,1,-3.208888054,1,-9.058038712,1,0.16494891,1,-1.156396031,1,0.452686876,1,0.396724105,0,-0.530771077,0,0.202406198,0
55.66576004,-4.73298645,1,-3.097537994,1,-9.030490875,1,0.149774924,1,-1.241411805,1,0.464094669,1,0.397447944,0,-0.535904408,0,0.202211857,0
55.66975403,-4.595252991,1,-2.958964586,1,-9.304579735,1,0.163833514,1,-1.33195591,1,0.490296215,1,0.398202896,0,-0.541392744,0,0.201952532,0
55.67375946,-4.749563694,1,-3.128755093,1,-9.28732872,1,0.183798015,1,-1.401946187,1,0.521746874,1,0.399063349,0,-0.547205746,0,0.201653883,0
55.67775726,-4.794239044,1,-3.470158339,1,-9.25620079,1,0.177301615,1,-1.485332727,1,0.559235096,1,0.399958968,0,-0.553356707,0,0.201357827,0
55.68175888,-4.91728878,1,-3.324339867,1,-9.382309914,1,0.170072347,1,-1.57476306,1,0.578069568,1,0.400837481,0,-0.55987972,0,0.201022178,0
55.6857605,-4.890288353,1,-3.185183287,1,-9.414176941,1,0.151078627,1,-1.652805924,1,0.611936808,1,0.401691645,0,-0.566742897,0,0.200643361,0
55.6897583,-4.913991928,1,-3.335457325,1,-9.496034622,1,0.114070132,1,-1.740567923,1,0.639058828,1,0.402444661,0,-0.573978662,0,0.200234681,0
55.6937561,-5.042953968,1,-3.130888939,1,-9.640862465,1,0.079886064,1,-1.855434775,1,0.666945755,1,0.403288484,0,-0.581000805,0,0.197343156,0
55.69775772,-5.232532024,1,-2.772408485,1,-9.598003387,1,0.063399747,1,-1.930242062,1,0.693040788,1,0.40388006,0,-0.589015722,0,0.19677873,0
55.70175552,-4.480055332,1,-2.684798002,1,-9.306713104,1,0.069740675,1,-2.062742472,1,0.719526827,1,0.404493034,0,-0.597468913,0,0.196134523,0
55.70575714,-4.934729576,1,-2.720649958,1,-9.486552238,1,0.091520973,1,-2.167494774,1,0.734294176,1,0.405275017,0,-0.606385469,0,0.195331037,0
55.70975876,-4.762246609,1,-2.733851433,1,-9.399464607,1,0.102776095,1,-2.282449961,1,0.771193981,1,0.406183362,0,-0.615756929,0,0.194421262,0
55.71375656,-5.10208416,1,-3.127606392,1,-9.606030464,1,0.092319243,1,-2.399434805,1,0.800436735,1,0.407165855,0,-0.625597358,0,0.19341509,0
55.71775436,-4.715450287,1,-2.667546511,1,-9.513567924,1,0.08681681,1,-2.519114494,1,0.832717121,1,0.408188969,0,-0.63591516,0,0.192289352,0
55.72175598,-4.575779438,1,-2.365975142,1,-9.635400772,1,0.111311115,1,-2.667818069,1,0.857043266,1,0.409338057,0,-0.646776497,0,0.191019818,0
55.72575378,-4.800411224,1,-2.489235878,1,-9.75168705,1,0.127027646,1,-2.812275648,1,0.888641298,1,0.410687566,0,-0.658234656,0,0.189567,0
55.7297554,-4.63863039,1,-2.890928745,1,-9.802959442,1,0.143759623,1,-2.965611935,1,0.928073049,1,0.412240356,0,-0.670279324,0,0.187928662,0
55.73375702,-4.923184872,1,-3.306806326,1,-10.09620285,1,0.14212136,1,-3.133163452,1,0.98263818,1,0.41392222,0,-0.682982087,0,0.186141297,0
55.73775482,-4.487749577,1,-3.546035767,1,-10.06885338,1,0.144187108,1,-3.292412519,1,1.026475787,1,0.415741384,0,-0.696348429,0,0.184191197,0
55.74175263,-4.271494865,1,-4.039476871,1,-10.51680756,1,0.148359254,1,-3.504575968,1,1.089095235,1,0.417708278,0,-0.710496366,0,0.182067111,0
55.74575424,-4.495665073,1,-4.336700439,1,-10.97299194,1,0.134076834,1,-3.703234434,1,1.161437035,1,0.419803709,0,-0.725480199,0,0.179757044,0
55.74975205,-4.461354733,1,-4.865445614,1,-11.50051689,1,0.107949525,1,-3.955044508,1,1.243683577,1,0.421965539,0,-0.741426647,0,0.17724511,0
55.75375366,-4.628471851,1,-5.633522511,1,-11.73282433,1,0.067010894,1,-4.188849449,1,1.336276412,1,0.42417115,0,-0.75839448,0,0.174524561,0
55.75775909,-4.4039011,1,-6.363806248,1,-11.91261864,1,0.015121871,1,-4.469862938,1,1.451991916,1,0.42634666,0,-0.776455998,0,0.171642572,0
55.76176453,-4.653794289,1,-7.691385269,1,-12.2260437,1,-0.071369968,1,-4.750601768,1,1.630080938,1,0.428273231,0,-0.795802712,0,0.168778121,0
55.76576614,-3.984325886,1,-8.113427162,1,-12.00317383,1,-0.133443892,1,-5.062370777,1,1.807658434,1,0.429879189,0,-0.816494107,0,0.166005582,0
55.76976776,-3.486763716,1,-8.829913139,1,-12.46934319,1,-0.192110345,1,-5.417561054,1,2.032238007,1,0.431156039,0,-0.838748813,0,0.163385823,0
55.77376556,-3.38961482,1,-9.103973389,1,-12.92661476,1,-0.244749889,1,-5.770847797,1,2.264749527,1,0.432052851,0,-0.862661004,0,0.161017433,0
55.77776337,-3.805477381,1,-9.78075695,1,-13.18879509,1,-0.301825374,1,-6.111792564,1,2.546100378,1,0.432457387,0,-0.888282835,0,0.159083799,0
55.78176498,-5.421769619,1,-11.18522453,1,-13.249156,1,-0.433750182,1,-6.386942387,1,2.823577642,1,0.431903869,0,-0.915494442,0,0.157931939,0
55.78576279,-6.144301891,1,-12.45809174,1,-12.71444321,1,-0.580256164,1,-6.642548561,1,3.077688217,1,0.430126876,0,-0.944087505,0,0.157629028,0
55.78976059,-6.848199844,1,-13.28935337,1,-13.03209305,1,-0.772478104,1,-6.913158417,1,3.421827078,1,0.42664668,0,-0.974176049,0,0.158611715,0
55.79376221,-9.413936615,1,-13.22733879,1,-14.53032589,1,-0.895345986,1,-7.01761961,1,3.634855986,1,0.421138465,0,-1.005411386,0,0.161170587,0
55.79776001,-12.2132082,1,-12.1514492,1,-15.3463335,1,-1.007771134,1,-6.997616768,1,3.815388441,1,0.413671851,0,-1.03711772,0,0.165483937,0
55.80176163,-10.13648415,1,-10.08195877,1,-13.65801716,1,-1.038557887,1,-7.121228218,1,4.106104374,1,0.403879046,0,-1.069219112,0,0.172153339,0
55.80576325,-12.41866207,1,-10.92510128,1,-15.09721947,1,-1.184347272,1,-7.19016552,1,4.297549248,1,0.390967309,0,-1.102167606,0,0.18167989,0
55.80976105,-14.40249348,1,-8.600125313,1,-16.19060898,1,-1.240712285,1,-7.156847477,1,4.421554089,1,0.374833822,0,-1.13533926,0,0.194195747,0
55.81375885,-18.02939224,1,-7.538235188,1,-17.08613777,1,-1.175833702,1,-6.979907036,1,4.418291092,1,0.35556221,0,-1.168102741,0,0.209966868,0
55.81776047,-16.79685211,1,-7.857135296,1,-15.96854877,1,-1.171023965,1,-6.837661743,1,4.493760109,1,0.332621694,0,-1.20010066,0,0.22971426,0
55.82175827,-15.75106144,1,-8.543775558,1,-15.16509914,1,-1.215208292,1,-6.857884407,1,4.543343067,1,0.304530382,0,-1.231775045,0,0.254544914,0
55.82575989,-20.36832809,1,-8.426026344,1,-16.13269806,1,-1.130107641,1,-6.718201637,1,4.432932854,1,0.271456063,0,-1.262959957,0,0.284451306,0
55.82976151,-21.18781662,1,-8.938710213,1,-15.14250565,1,-1.076585412,1,-6.441405773,1,4.407571316,1,0.232344493,0,-1.292858243,0,0.320729285,0
55.83375931,-19.19145393,1,-10.45872974,1,-13.58571243,1,-1.257234097,1,-6.23463583,1,4.602944374,1,0.181538403,0,-1.321351409,0,0.368534744,0
55.83775711,-19.80989075,1,-11.03823566,1,-13.2629528,1,-1.459268451,1,-6.133965015,1,4.656825066,1,0.114943504,0,-1.348587275,0,0.431423575,0
55.84175873,-20.62062263,1,-11.57931232,1,-11.85374165,1,-1.639026999,1,-5.904696465,1,4.716988087,1,0.029049238,0,-1.373974919,0,0.512881994,0
55.84575653,-18.44715881,1,-12.25194836,1,-10.14695358,1,-2.008509159,1,-5.757978439,1,4.87875843,1,-0.083900683,0,-1.396776915,0,0.620433569,0
55.84975815,-18.43323135,1,-10.74402046,1,-9.401090622,1,-2.38526392,1,-5.508513451,1,4.863202572,1,-0.230724052,0,-1.416084766,0,0.760286927,0
55.85375977,-15.49020386,1,-9.902439117,1,-8.076807976,1,-2.557494164,1,-5.104462147,1,4.765193939,1,-0.408467114,0,-1.430266142,0,0.92997098,0
55.85775757,-9.397958755,1,-8.655572891,1,-8.793314934,1,-2.830871344,1,-4.503076553,1,4.684140682,1,-0.607880592,0,-1.437932372,0,1.120385051,0
55.86175537,-4.314742088,1,-6.872027874,1,-10.06117916,1,-2.961541891,1,-3.815071821,1,4.478355885,1,-0.805247605,0,-1.438660145,0,1.307760596,0
55.86575699,-8.29298687,1,-2.782205582,1,-11.94545746,1,-2.956988573,1,-3.46544385,1,4.351298809,1,-0.98260814,0,-1.433951616,0,1.474696279,0
55.86975479,-14.07351875,1,-0.444482207,1,-15.10139656,1,-2.522296906,1,-2.923843861,1,4.082712173,1,-1.130924582,0,-1.425493002,0,1.613337755,0
55.87375641,-23.78337288,1,2.063506842,1,-17.17928314,1,-1.78052485,1,-2.480361462,1,3.527071238,1,-1.243514538,0,-1.415333033,0,1.718417168,0
55.87776184,-40.45927429,1,5.934732914,1,-21.90927505,1,-0.731677294,1,-1.693011045,1,2.741419315,1,-1.321533084,0,-1.405750394,0,1.792356014,0
55.88176727,-27.93642044,1,1.662229896,1,-21.84888268,1,-0.080442704,1,-0.382506609,1,2.211230993,1,-1.359333754,0,-1.397100806,0,1.82915616,0
55.88576508,-11.65409088,1,-3.195487738,1,-18.47099113,1,0.322675735,1,0.423391342,1,1.830948472,1,-1.367134809,0,-1.38914907,0,1.837616444,0
55.88976669,-3.521025181,1,-7.02209568,1,-15.14088058,1,0.59102875,1,0.891526997,1,1.461001158,1,-1.358320475,0,-1.382148385,0,1.830512166,0
55.8937645,-1.636536956,1,-9.655342102,1,-12.76550961,1,0.7475366,1,1.082387686,1,1.145592332,1,-1.341419935,0,-1.376233816,0,1.816074729,0
55.89776611,-3.092300177,1,-10.67809391,1,-12.03737545,1,0.633955121,1,1.19910717,1,1.001349807,1,-1.32150507,0,-1.371012568,0,1.798660994,0
55.90177155,-3.34720993,1,-11.01163292,1,-12.0861311,1,0.318764299,1,1.350377321,1,0.897660613,1,-1.300369859,0,-1.36604321,0,1.779076695,0
55.90576553,-0.829433203,1,-11.01107502,1,-10.86157608,1,-0.047021408,1,1.480916739,1,0.808977664,1,-1.278342009,0,-1.361185074,0,1.757113218,0
55.90976334,1.252235174,1,-10.50895405,1,-9.112520218,1,-0.337714314,1,1.501730204,1,0.717473865,1,-1.256858468,0,-1.356476903,0,1.734331727,0
55.91376877,1.825662374,1,-9.748126984,1,-8.283190727,1,-0.555931985,1,1.524541855,1,0.621546924,1,-1.236472487,0,-1.352015257,0,1.711620569,0
55.91776276,2.190251589,1,-8.689522743,1,-8.055988312,1,-0.76579988,1,1.589244246,1,0.519637465,1,-1.216480136,0,-1.347776413,0,1.688406467,0
55.92176819,2.492242575,1,-7.421735764,1,-7.983681202,1,-0.912916541,1,1.667610526,1,0.399755687,1,-1.196193814,0,-1.343743563,0,1.664120436,0
55.92576981,2.206223011,1,-6.165408134,1,-7.984015942,1,-0.972659469,1,1.747394085,1,0.275434375,1,-1.174996495,0,-1.33991003,0,1.638460875,0
55.92976761,1.845004797,1,-5.394843578,1,-8.026317596,1,-0.968950689,1,1.847058535,1,0.141263425,1,-1.152474284,0,-1.336296797,0,1.611310244,0
55.93376541,1.940235138,1,-4.729121685,1,-7.914492607,1,-0.916761458,1,1.96604681,1,0.001466363,1,-1.127979517,0,-1.332856655,0,1.582226515,0
55.93776703,2.146570921,1,-4.173394203,1,-7.728853226,1,-0.827746391,1,2.100734949,1,-0.136439815,1,-1.10112834,0,-1.329520822,0,1.550983667,0
55.94176483,2.261992693,1,-3.868274689,1,-7.611662388,1,-0.722937882,1,2.245040894,1,-0.253967613,1,-1.071759582,0,-1.326171756,0,1.517533422,0
55.94576645,2.221990108,1,-3.730832338,1,-7.478208065,1,-0.597902179,1,2.391435862,1,-0.367881238,1,-1.0365628,0,-1.322633028,0,1.477739811,0
55.94976425,2.03539443,1,-3.77681303,1,-7.400751591,1,-0.482728273,1,2.542143106,1,-0.474567086,1,-1.002364039,0,-1.318886042,0,1.440205455,0
55.95376205,1.873770118,1,-3.890077829,1,-7.29191637,1,-0.37613675,1,2.698127985,1,-0.56698215,1,-0.965967834,0,-1.314822435,0,1.400836706,0
55.95776367,1.680561066,1,-3.992674589,1,-7.15467453,1,-0.288516402,1,2.845445395,1,-0.65205729,1,-0.9278422,0,-1.310328603,0,1.360026598,0
55.96176529,1.458176851,1,-4.143292427,1,-7.10424757,1,-0.224883288,1,2.999218941,1,-0.716766179,1,-0.888384223,0,-1.305285573,0,1.318101048,0
55.96576309,1.204492092,1,-4.254869938,1,-7.004534721,1,-0.184210703,1,3.157274246,1,-0.777335167,1,-0.848003209,0,-1.299611807,0,1.275388241,0
55.96976471,0.90237242,1,-4.37848568,1,-6.991096497,1,-0.156912223,1,3.299030781,1,-0.840754509,1,-0.80708766,0,-1.293252468,0,1.232200742,0
55.97376633,0.588698149,1,-4.350625992,1,-7.047038555,1,-0.133051857,1,3.44768548,1,-0.894093335,1,-0.76605922,0,-1.286171436,0,1.188895226,0
55.97776413,0.109029651,1,-4.41648531,1,-7.042798996,1,-0.118404321,1,3.603874445,1,-0.94864893,1,-0.725209355,0,-1.278314233,0,1.145769477,0
55.98176193,-0.31779027,1,-4.403533936,1,-7.097378731,1,-0.100033097,1,3.754175425,1,-0.998778224,1,-0.684788048,0,-1.269631624,0,1.103045464,0
55.98576355,-0.847364187,1,-4.272586346,1,-7.145297527,1,-0.08425279,1,3.91498065,1,-1.047708869,1,-0.645019531,0,-1.260085225,0,1.060949802,0
55.98976135,-1.345409513,1,-4.152587414,1,-7.284418106,1,-0.048685282,1,4.074559689,1,-1.09436059,1,-0.606062114,0,-1.249632597,0,1.019674182,0
55.99375916,-1.922138095,1,-3.905591249,1,-7.396970749,1,-0.006475441,1,4.235245705,1,-1.154396653,1,-0.567956269,0,-1.238281846,0,0.979314387,0
55.9977684,-2.543677092,1,-3.643351078,1,-7.470627785,1,0.05761826,1,4.413563728,1,-1.223363161,1,-0.530703664,0,-1.226011515,0,0.939920366,0
56.00177002,-3.178772449,1,-3.408146381,1,-7.594122887,1,0.138009146,1,4.589539528,1,-1.305482984,1,-0.494228333,0,-1.212802172,0,0.90147984,0
56.00577164,-3.702443361,1,-3.236963987,1,-7.59085083,1,0.219778806,1,4.774110317,1,-1.399265051,1,-0.458483636,0,-1.198639393,0,0.863976717,0
56.00977325,-4.029129505,1,-3.110075951,1,-7.610613823,1,0.314799815,1,4.949238777,1,-1.501210213,1,-0.423477054,0,-1.183521509,0,0.827440321,0
56.01377106,-4.296967506,1,-2.986883402,1,-7.617520332,1,0.406533092,1,5.11998558,1,-1.603419185,1,-0.389253199,0,-1.167473555,0,0.791928768,0
56.01776886,-4.496953964,1,-3.039572239,1,-7.524357796,1,0.495479792,1,5.272944927,1,-1.72054255,1,-0.35593462,0,-1.150536537,0,0.757539988,0
56.02177048,-4.663541317,1,-3.151158571,1,-7.486042976,1,0.5739066,1,5.408258438,1,-1.824191213,1,-0.323600829,0,-1.132751822,0,0.724335909,0
56.02576828,-4.710169792,1,-3.216588497,1,-7.355848789,1,0.644624054,1,5.533036232,1,-1.933579087,1,-0.292385995,0,-1.114169002,0,0.692422986,0
56.0297699,-4.790895939,1,-3.274098873,1,-7.29567194,1,0.706274867,1,5.631654739,1,-2.033167362,1,-0.262369007,0,-1.094854832,0,0.661846459,0
56.03377152,-4.838899136,1,-3.304622889,1,-7.230088234,1,0.748270988,1,5.71148777,1,-2.127883911,1,-0.233629063,0,-1.074899316,0,0.632634819,0
56.03776932,-4.988160133,1,-3.327566624,1,-7.121994972,1,0.797094941,1,5.778858185,1,-2.220187426,1,-0.206183195,0,-1.054357648,0,0.604788363,0
56.04176712,-5.09452343,1,-3.191288471,1,-7.017050743,1,0.832147837,1,5.829762936,1,-2.303143263,1,-0.180011302,0,-1.033300996,0,0.578279734,0
56.04576874,-5.238467216,1,-3.15441823,1,-6.917641163,1,0.864595056,1,5.86024189,1,-2.379119158,1,-0.155126005,0,-1.011807799,0,0.55309552,0
56.04976654,-5.32672739,1,-3.150521517,1,-6.869510651,1,0.906049192,1,5.886615753,1,-2.444095135,1,-0.13145189,0,-0.989918292,0,0.529184043,0
56.05376816,-5.55177021,1,-3.121387482,1,-6.931454182,1,0.935302556,1,5.89281702,1,-2.502783298,1,-0.108964697,0,-0.967716336,0,0.506516874,0
56.05776978,-5.817201138,1,-3.108739853,1,-6.952981949,1,0.970962644,1,5.892938614,1,-2.552707911,1,-0.087590277,0,-0.945251584,0,0.485043257,0
56.06176758,-5.984197617,1,-3.167080402,1,-6.98381567,1,1.008426666,1,5.895244122,1,-2.601085424,1,-0.067263357,0,-0.922551215,0,0.464681864,0
56.06576538,-6.344575405,1,-3.251030684,1,-7.075028419,1,1.040130138,1,5.889258862,1,-2.651468515,1,-0.047886848,0,-0.899632931,0,0.445349544,0
56.069767,-6.748049259,1,-3.381903172,1,-7.153399467,1,1.074950695,1,5.881238937,1,-2.692943335,1,-0.029412651,0,-0.876521707,0,0.426991761,0
56.0737648,-7.162916183,1,-3.405197144,1,-7.305809498,1,1.104242086,1,5.883644104,1,-2.737910271,1,-0.011743739,0,-0.853221416,0,0.409499079,0
56.0777626,-7.645075321,1,-3.506254435,1,-7.534279823,1,1.128351092,1,5.894120216,1,-2.785162449,1,0.005165501,0,-0.829708099,0,0.392810315,0
56.08176422,-8.149951935,1,-3.623489857,1,-7.801825047,1,1.162629366,1,5.917752266,1,-2.836385727,1,0.02140886,0,-0.805950165,0,0.376831532,0
56.08576584,-8.471673012,1,-3.694723845,1,-8.066931725,1,1.201845884,1,5.935617447,1,-2.895709276,1,0.037086412,0,-0.781930089,0,0.361474007,0
56.08976364,-8.803736687,1,-3.741065025,1,-8.297246933,1,1.247050166,1,5.962954044,1,-2.95941925,1,0.052292824,0,-0.757648647,0,0.34666121,0
56.09376526,-9.218241692,1,-3.854992628,1,-8.515556335,1,1.287781477,1,5.994174004,1,-3.041280508,1,0.067103468,0,-0.733068407,0,0.332300901,0
56.09776306,-9.587908745,1,-3.93343091,1,-8.680358887,1,1.338605642,1,6.027461529,1,-3.132939339,1,0.081602536,0,-0.708176613,0,0.318293273,0
56.10176086,-9.813772202,1,-4.073038578,1,-8.854330063,1,1.377833605,1,6.044927597,1,-3.233825445,1,0.095834248,0,-0.682992518,0,0.304557323,0
56.10576248,-9.920698166,1,-4.232360363,1,-8.988958359,1,1.413607717,1,6.055572033,1,-3.348193884,1,0.109818928,0,-0.657556713,0,0.29102385,0
56.10976028,-10.02317047,1,-4.379786968,1,-9.133289337,1,1.43206656,1,6.04594326,1,-3.47670126,1,0.123580836,0,-0.631920636,0,0.27758801,0
56.1137619,-9.989879608,1,-4.784667969,1,-9.267661095,1,1.42945981,1,6.01459074,1,-3.616110086,1,0.137083337,0,-0.606155396,0,0.264183223,0
56.11776733,-10.08502674,1,-5.303159714,1,-9.402018547,1,1.408092618,1,5.960082054,1,-3.753538132,1,0.15029937,0,-0.580346823,0,0.250723392,0
56.12177277,-10.23204994,1,-5.676346302,1,-9.646399498,1,1.354427457,1,5.885594368,1,-3.905869484,1,0.163123533,0,-0.554552495,0,0.237161964,0
56.12577057,-10.54307461,1,-5.880143642,1,-9.963193893,1,1.289274096,1,5.798131943,1,-4.068012238,1,0.175495535,0,-0.528833151,0,0.22341606,0
56.12977219,-10.99612045,1,-6.189836025,1,-10.4473753,1,1.204751849,1,5.705226421,1,-4.242147923,1,0.18739894,0,-0.503204405,0,0.209404036,0
56.13376999,-11.77482033,1,-6.399384975,1,-10.90896225,1,1.106864691,1,5.615069866,1,-4.42840147,1,0.19879286,0,-0.477663189,0,0.195026591,0
56.13777161,-12.73985863,1,-6.402878284,1,-11.38915634,1,1.014684558,1,5.539222717,1,-4.637285233,1,0.209670797,0,-0.45214054,0,0.180236399,0
56.14177322,-13.8900404,1,-6.457710743,1,-11.86898899,1,0.921643198,1,5.473238945,1,-4.851201534,1,0.220041037,0,-0.426586688,0,0.164948493,0
56.14577103,-15.18129158,1,-6.418239117,1,-12.44025421,1,0.837522149,1,5.42043066,1,-5.080537319,1,0.229918018,0,-0.400912046,0,0.149117276,0
56.14976883,-16.66642761,1,-6.308316231,1,-13.05970097,1,0.770185947,1,5.389081001,1,-5.317882538,1,0.239336863,0,-0.375053883,0,0.132703856,0
56.15377045,-18.35980034,1,-6.334957123,1,-13.5012455,1,0.708461404,1,5.369834423,1,-5.566431522,1,0.248320967,0,-0.348917425,0,0.115669146,0
56.15776825,-20.15923309,1,-6.114036083,1,-13.86525631,1,0.656964421,1,5.367442608,1,-5.826526165,1,0.256872237,0,-0.322427362,0,0.097993873,0
56.16176987,-21.98674011,1,-6.003957748,1,-14.0424881,1,0.607134581,1,5.358625889,1,-6.081272602,1,0.264981031,0,-0.295552135,0,0.079653025,0
56.16577148,-23.7318325,1,-5.873506546,1,-13.85880089,1,0.535664737,1,5.352887154,1,-6.315359116,1,0.272538424,0,-0.268302441,0,0.060686413,0
56.16976929,-25.19094467,1,-5.320505619,1,-13.30208397,1,0.468018293,1,5.312942028,1,-6.518393993,1,0.279448032,0,-0.240767911,0,0.041166261,0
56.17376709,-26.53883362,1,-4.3952384,1,-12.43788719,1,0.422688842,1,5.243623734,1,-6.681551456,1,0.285716504,0,-0.213120252,0,0.021164918,0
56.17776871,-27.61834145,1,-2.865255833,1,-11.32507801,1,0.431339741,1,5.115039349,1,-6.815299988,1,0.291454434,0,-0.185571417,0,0.000774808,0
56.18176651,-28.82280159,1,-1.659417987,1,-10.01879597,1,0.494156271,1,4.967035294,1,-6.886406422,1,0.296838164,0,-0.158318043,0,-0.019930566,0
56.18576813,-29.50329399,1,-0.683993518,1,-8.23972702,1,0.593404591,1,4.786313057,1,-6.896116257,1,0.30200845,0,-0.131541878,0,-0.040748823,0
56.18977356,-29.91190147,1,-0.4961842,1,-6.130417824,1,0.701961458,1,4.549518108,1,-6.845476627,1,0.307058156,0,-0.105473615,0,-0.061526746,0
56.19377136,-30.1483078,1,-0.89053303,1,-4.012812614,1,0.771059811,1,4.239947796,1,-6.71344614,1,0.31111902,0,-0.079444088,0,-0.083859995,0
56.19776535,-30.2966404,1,-1.874400854,1,-2.038867474,1,0.779299676,1,3.880012751,1,-6.488346577,1,0.315611243,0,-0.055841547,0,-0.104032166,0
56.20177078,-30.43431854,1,-2.147598743,1,-0.197173536,1,0.746045113,1,3.48274827,1,-6.179152966,1,0.31953603,0,-0.033935856,0,-0.123531058,0
56.20576477,-30.73215866,1,-1.641360164,1,1.446651936,1,0.71331805,1,3.057033777,1,-5.811214924,1,0.322893441,0,-0.013957443,0,-0.142169908,0
56.2097702,-31.31861496,1,-0.369347632,1,2.879866838,1,0.714996576,1,2.661832571,1,-5.423589706,1,0.325828284,0,0.004040066,0,-0.159837827,0
56.21377182,-31.33494186,1,1.742679834,1,4.060891151,1,0.805244505,1,2.288726091,1,-5.005588055,1,0.328633845,0,0.02012058,0,-0.176406026,0
56.21776962,-30.55800819,1,4.7229743,1,4.817705631,1,1.024152517,1,1.93059659,1,-4.558399677,1,0.33183378,0,0.034308609,0,-0.191774249,0
56.22176743,-29.47738075,1,8.178863525,1,5.075145245,1,1.417644858,1,1.560747623,1,-4.115321159,1,0.336116999,0,0.046576723,0,-0.205882847,0
56.22576904,-28.68857765,1,10.61253452,1,4.838232517,1,1.935531139,1,1.222723484,1,-3.697195768,1,0.342124939,0,0.057013951,0,-0.218780801,0
56.22976685,-28.40175438,1,11.59791565,1,4.528491974,1,2.482424974,1,0.916222036,1,-3.296026945,1,0.35024792,0,0.065757148,0,-0.230504259,0
56.23376846,-28.57377625,1,11.17516136,1,4.316045284,1,2.925965309,1,0.657472014,1,-2.928613663,1,0.36038211,0,0.073021688,0,-0.241096273,0
56.2377739,-28.76020813,1,9.358044624,1,4.276925087,1,3.16337657,1,0.430652052,1,-2.602611065,1,0.371893942,0,0.07899721,0,-0.250676841,0
56.24177933,-29.10671234,1,6.454697609,1,4.267948627,1,3.129263878,1,0.244296372,1,-2.294636726,1,0.383842409,0,0.083856545,0,-0.259317458,0
56.24577713,-29.23612213,1,2.951080561,1,4.300419807,1,2.811584473,1,0.10444501,1,-1.996266723,1,0.395121962,0,0.087753534,0,-0.267017543,0
56.24977875,-28.93982124,1,0.153444067,1,3.980063677,1,2.275149822,1,-0.043002639,1,-1.682602644,1,0.4047454,0,0.090736017,0,-0.27376622,0
56.25377655,-29.06028938,1,-1.183861136,1,3.773093224,1,1.579451561,1,-0.162880331,1,-1.392997503,1,0.41194278,0,0.092796892,0,-0.279601395,0
56.25777435,-28.49177933,1,-1.82503283,1,3.691586733,1,0.849447548,1,-0.24272272,1,-1.088873029,1,0.416347533,0,0.09405569,0,-0.284496337,0
56.26177597,-27.21489143,1,-1.563747644,1,3.782051086,1,0.171003073,1,-0.320479602,1,-0.753208756,1,0.418006629,0,0.09451545,0,-0.288347125,0
56.26577759,-25.16767883,1,-0.83271879,1,3.580097675,1,-0.371988446,1,-0.41893965,1,-0.397754192,1,0.417302072,0,0.094114907,0,-0.29106611,0
56.26977539,-23.57055473,1,-0.156362802,1,3.340736628,1,-0.756618381,1,-0.521541953,1,-0.041578185,1,0.414852858,0,0.092751689,0,-0.292644918,0
56.27377701,-21.73220634,1,0.194902644,1,2.870713472,1,-0.970207751,1,-0.612776399,1,0.316764951,1,0.411326259,0,0.090445697,0,-0.293048233,0
56.27777481,-9.421003342,1,7.405542374,1,-3.576182127,1,-0.571799219,1,-0.792177081,1,0.759604514,1,0.407841027,0,0.087117359,0,-0.29226023,0
56.28177643,-7.088880062,1,10.6509304,1,-6.012778282,1,0.793446243,1,-1.796792626,1,1.417567849,1,0.408831626,0,0.080737546,0,-0.289891541,0
56.28577423,-12.12569141,1,-1.016087413,1,-2.75801158,1,0.315796435,1,-1.864684701,1,1.284124732,1,0.411365002,0,0.071448117,0,-0.288071156,0
56.28977203,21.38747787,1,-9.34997654,1,-6.167005062,1,0.239789575,1,-1.521142006,1,1.108457804,1,0.412424624,0,0.06360431,0,-0.286286861,0
56.29377365,4.826519966,1,-12.91808605,1,-11.85963821,1,0.052094385,1,-2.227956533,1,1.186775446,1,0.413246095,0,0.054945987,0,-0.285124779,0
56.29777527,9.11258316,1,-8.339429855,1,-14.29032993,1,-0.15538305,1,-2.261636972,1,1.213072896,1,0.41296491,0,0.044664215,0,-0.284345657,0
56.30177307,17.78828049,1,-8.490504265,1,-17.31222725,1,-0.009845596,1,-2.575648069,1,1.242200613,1,0.412651002,0,0.033963911,0,-0.283649325,0
56.30577087,10.03729725,1,-8.224756241,1,-15.50938988,1,0.235099003,1,-3.028422117,1,1.143019915,1,0.4131037,0,0.02175919,0,-0.28377226,0
56.30977249,13.14901161,1,-6.289521217,1,-12.04862785,1,0.389346302,1,-3.689600229,1,0.985425651,1,0.41439712,0,0.007946863,0,-0.285203695,0
56.31377029,11.3419838,1,-0.848087192,1,-10.81556511,1,0.6767295,1,-4.737351894,1,0.962321162,1,0.416537106,0,-0.009069531,0,-0.28848815,0
56.31777191,6.132753849,1,-1.296054363,1,-10.50831604,1,0.627300322,1,-5.826829433,1,0.97032392,1,0.419284731,0,-0.029947121,0,-0.29356721,0
56.32177353,1.655166149,1,-0.086115681,1,-10.70935631,1,0.751774907,1,-6.660694599,1,1.121703267,1,0.422306657,0,-0.054532047,0,-0.299994528,0
56.32577133,-5.98636055,1,2.283171177,1,-14.08133984,1,0.981145024,1,-7.101201057,1,1.193753004,1,0.426260293,0,-0.081668653,0,-0.307132483,0
56.32976914,-13.92433357,1,1.706019402,1,-20.67152023,1,1.00259304,1,-7.112160683,1,1.209981561,1,0.431085557,0,-0.109567598,0,-0.314664811,0
56.33377075,-23.41362,1,7.615573406,1,-21.18485451,1,1.218618274,1,-6.598978519,1,1.230521083,1,0.436299324,0,-0.136685565,0,-0.321816027,0
56.33776856,-16.87856102,1,7.464527607,1,-19.11627197,1,1.493844271,1,-6.102508068,1,1.327909112,1,0.442690372,0,-0.161669329,0,-0.328123391,0
56.34177017,-15.46140957,1,5.039788723,1,-16.72678757,1,1.56028223,1,-5.866875172,1,1.657335281,1,0.449752688,0,-0.185825095,0,-0.333142668,0
56.34577179,-12.71632195,1,2.491069078,1,-14.94109154,1,1.612995982,1,-5.581214905,1,2.007838488,1,0.456819892,0,-0.209670171,0,-0.336672723,0
56.34976959,-18.54506302,1,-4.956457138,1,-15.43479538,1,1.453401804,1,-5.28430748,1,2.327669382,1,0.463424176,0,-0.233095393,0,-0.338598132,0
56.3537674,-29.11747742,1,-12.56589222,1,-15.20574951,1,1.327215433,1,-4.563051701,1,2.19301343,1,0.469149828,0,-0.25487873,0,-0.339317262,0
56.35777664,-37.79340363,1,-17.86807251,1,-11.08194542,1,1.263996243,1,-3.567929506,1,1.571090579,1,0.474467009,0,-0.27287659,0,-0.339919567,0
56.36177826,-41.07406616,1,-21.9466114,1,-5.831530571,1,1.022688031,1,-2.629706144,1,0.909457326,1,0.479522705,0,-0.286209166,0,-0.341306627,0
56.36577988,-31.30506516,1,-15.51444149,1,-2.910597563,1,0.768725336,1,-1.950338602,1,0.465979487,1,0.483641833,0,-0.295398831,0,-0.343218446,0
56.36978149,-17.71375465,1,-8.797960281,1,-5.414086819,1,0.474907011,1,-1.547942877,1,0.470729023,1,0.486672074,0,-0.3023929,0,-0.344978452,0
56.3737793,-8.016367912,1,-5.946213722,1,-8.159993172,1,0.25994584,1,-1.316394687,1,0.597188115,1,0.48828584,0,-0.308399677,0,-0.345782995,0
56.3777771,-2.410041094,1,-4.687234879,1,-10.38663769,1,0.265588909,1,-1.24477756,1,0.728393435,1,0.489354908,0,-0.314166099,0,-0.345843524,0
56.38177872,-3.015466213,1,-5.240059376,1,-9.995457649,1,0.288758308,1,-1.105472922,1,0.848668635,1,0.490283966,0,-0.319822311,0,-0.345261127,0
56.38577652,-4.855538368,1,-6.038510799,1,-7.231347084,1,0.270886153,1,-0.925026596,1,0.957517803,1,0.49093616,0,-0.325066626,0,-0.343904376,0
56.38977814,-6.42711401,1,-9.111675262,1,-5.006111622,1,0.117482655,1,-0.823420286,1,1.027745485,1,0.491161823,0,-0.330043584,0,-0.341938317,0
56.39377976,-8.370046616,1,-11.40811729,1,-4.56255579,1,-0.110407539,1,-0.720493019,1,0.981567144,1,0.490408152,0,-0.334650993,0,-0.339685559,0
56.39777756,-7.685629368,1,-12.23136425,1,-5.316483974,1,-0.313341528,1,-0.657313406,1,0.875258744,1,0.488868713,0,-0.33883518,0,-0.337578475,0
56.40177536,-5.899522781,1,-10.99435616,1,-5.873991489,1,-0.505891621,1,-0.662337303,1,0.834270835,1,0.486612618,0,-0.342748016,0,-0.335711122,0
56.40577698,-5.150299072,1,-9.260126114,1,-6.46238184,1,-0.674832404,1,-0.671807468,1,0.861135542,1,0.483622104,0,-0.346691549,0,-0.33386308,0
56.40977478,-5.209096432,1,-8.497448921,1,-7.231729507,1,-0.816579521,1,-0.648508906,1,0.90000546,1,0.479924947,0,-0.350670755,0,-0.331848681,0
56.4137764,-6.745405197,1,-7.516609192,1,-8.459897041,1,-0.917087018,1,-0.580121756,1,0.940331638,1,0.475654006,0,-0.354574144,0,-0.329570413,0
56.41777802,-6.274792671,1,-5.761985302,1,-8.213881493,1,-0.91607666,1,-0.491274059,1,0.949905515,1,0.471078753,0,-0.358197153,0,-0.327016473,0
56.42177582,-5.590775013,1,-4.773830891,1,-8.027716637,1,-0.963012457,1,-0.495670289,1,0.94491303,1,0.466382235,0,-0.361662507,0,-0.324323833,0
56.42577362,-6.104021072,1,-3.355493307,1,-8.187556267,1,-0.940665543,1,-0.510493159,1,0.866395414,1,0.461675584,0,-0.365084708,0,-0.321812838,0
56.42977524,-5.870699406,1,-2.62148118,1,-8.270467758,1,-0.921027243,1,-0.503052235,1,0.816484571,1,0.457155049,0,-0.368399292,0,-0.319561064,0
56.43377304,-5.881261826,1,-3.293735266,1,-8.678203583,1,-0.899618983,1,-0.460869908,1,0.784268558,1,0.452729732,0,-0.371544182,0,-0.317386746,0
56.43777466,-4.97373724,1,-4.484313488,1,-8.632364273,1,-0.885963023,1,-0.43148315,1,0.767390668,1,0.448377132,0,-0.374480844,0,-0.315215021,0
56.44177628,-4.400587082,1,-5.476988792,1,-8.642681122,1,-0.909469128,1,-0.458651692,1,0.761739671,1,0.443991959,0,-0.377404064,0,-0.313062757,0
56.44577408,-4.42692852,1,-5.433835983,1,-8.698184967,1,-0.926729739,1,-0.522447884,1,0.731576741,1,0.442237139,0,-0.378923595,0,-0.324994683,0
56.44977188,-4.859957695,1,-4.598863602,1,-8.575107574,1,-0.951995671,1,-0.58063817,1,0.718548834,1,0.437813342,0,-0.382162482,0,-0.323176324,0
56.4537735,-6.916862011,1,-3.518853664,1,-9.074520111,1,-0.929638028,1,-0.56694001,1,0.688388467,1,0.43340534,0,-0.385453105,0,-0.321483016,0
56.4577713,-7.352827549,1,-2.526465893,1,-8.527503967,1,-0.873802304,1,-0.500734746,1,0.65290314,1,0.429172277,0,-0.388514072,0,-0.319827318,0
56.4617691,-5.903635502,1,-2.583132982,1,-8.229420662,1,-0.824525356,1,-0.461488605,1,0.628241718,1,0.425162315,0,-0.391318917,0,-0.318156004,0
56.46577835,-5.254867077,1,-3.684472799,1,-8.016659737,1,-0.817733347,1,-0.444483936,1,0.601044416,1,0.421257377,0,-0.393981844,0,-0.316535234,0
56.46977615,-5.352226257,1,-4.28689146,1,-7.696056843,1,-0.839712441,1,-0.43136403,1,0.584338188,1,0.417352319,0,-0.396549702,0,-0.3149755,0
56.47377014,-6.014242172,1,-4.014153004,1,-7.458059788,1,-0.857537985,1,-0.402545005,1,0.571887434,1,0.413352847,0,-0.399024159,0,-0.313418567,0
56.47777939,-6.378656387,1,-3.381579638,1,-7.405953407,1,-0.870039165,1,-0.357394844,1,0.546868145,1,0.409279317,0,-0.401321501,0,-0.311837018,0
56.48178482,-6.713190556,1,-2.394385338,1,-7.951099873,1,-0.848393083,1,-0.312352628,1,0.509529889,1,0.405235261,0,-0.403391421,0,-0.310293555,0
56.48578644,-5.667377949,1,-1.461906791,1,-8.105737686,1,-0.792875826,1,-0.267238647,1,0.481385142,1,0.401375502,0,-0.405227304,0,-0.308803856,0
56.48978806,-5.380858898,1,-1.548789859,1,-8.403520584,1,-0.747608423,1,-0.256162792,1,0.43312636,1,0.39773953,0,-0.406892121,0,-0.307405293,0
56.49378586,-5.514169216,1,-1.455559015,1,-8.429431915,1,-0.687922835,1,-0.254626662,1,0.378749013,1,0.394378006,0,-0.408464879,0,-0.30620122,0
56.49778366,-5.452974796,1,-1.10037756,1,-8.355398178,1,-0.625595272,1,-0.254766375,1,0.334926814,1,0.391339004,0,-0.409954488,0,-0.305191338,0
56.50178528,-5.359743595,1,-1.012647748,1,-8.549450874,1,-0.55015552,1,-0.245879322,1,0.296541303,1,0.388641894,0,-0.411359072,0,-0.304332137,0
56.50578308,-4.938825607,1,-1.194844961,1,-8.61582756,1,-0.49947843,1,-0.247433066,1,0.25907585,1,0.386267185,0,-0.412684232,0,-0.30362016,0
56.5097847,-4.827237606,1,-1.796692371,1,-8.524357796,1,-0.460874617,1,-0.250548065,1,0.236636952,1,0.384111971,0,-0.413986325,0,-0.303029805,0
56.5137825,-4.852252483,1,-2.641036987,1,-8.323797226,1,-0.44506979,1,-0.254864424,1,0.220804706,1,0.38210547,0,-0.415266156,0,-0.302511811,0
56.5177803,-4.939005852,1,-3.309531927,1,-8.098590851,1,-0.445866019,1,-0.253096879,1,0.208638072,1,0.380137205,0,-0.41652596,0,-0.302052557,0
56.52178192,-4.901341438,1,-3.613538027,1,-8.034513474,1,-0.450995356,1,-0.2452676,1,0.205571815,1,0.37817359,0,-0.417757392,0,-0.30161792,0
56.52578354,-5.018290997,1,-3.465596914,1,-8.00655365,1,-0.458576739,1,-0.241336882,1,0.217749536,1,0.376161456,0,-0.41896981,0,-0.301147759,0
56.52978134,-5.033466816,1,-3.737200499,1,-7.807575703,1,-0.467939198,1,-0.24035731,1,0.229943305,1,0.374109596,0,-0.420203358,0,-0.300626665,0
56.53377914,-5.43248415,1,-4.093436718,1,-7.542347431,1,-0.502940893,1,-0.224427924,1,0.238228336,1,0.371930987,0,-0.42140618,0,-0.300052732,0
56.53778076,-5.511659622,1,-4.459187031,1,-7.186371326,1,-0.532602549,1,-0.196051121,1,0.251592398,1,0.369594574,0,-0.422543824,0,-0.299387455,0
56.54177856,-5.555963516,1,-4.374366283,1,-6.991502285,1,-0.56607765,1,-0.156231925,1,0.27267772,1,0.367078304,0,-0.423582196,0,-0.298610598,0
56.54578018,-5.409982681,1,-3.986969948,1,-6.964015484,1,-0.590608239,1,-0.114543542,1,0.290971249,1,0.364367902,0,-0.424489617,0,-0.297671318,0
56.5497818,-5.525681019,1,-3.456624031,1,-7.123355865,1,-0.608471215,1,-0.076856896,1,0.302295119,1,0.361518383,0,-0.425259054,0,-0.296604693,0
56.5537796,-5.275931835,1,-2.972655296,1,-7.348505497,1,-0.613311291,1,-0.028002717,1,0.306340605,1,0.358587086,0,-0.42587167,0,-0.295435429,0
56.55777741,-5.135164261,1,-2.237865448,1,-7.611847401,1,-0.597988307,1,-0.027617078,1,0.28723675,1,0.355676144,0,-0.426392496,0,-0.294264734,0
56.56177902,-5.194450378,1,-1.900112391,1,-7.808082104,1,-0.574135482,1,-0.010620147,1,0.276269406,1,0.352854013,0,-0.42686066,0,-0.293141186,0
56.56577683,-5.085515022,1,-1.46816206,1,-8.0439291,1,-0.529353261,1,-0.015772639,1,0.258939236,1,0.350193024,0,-0.427279741,0,-0.292057812,0
56.56977844,-5.079483986,1,-1.345194936,1,-8.195335388,1,-0.484934419,1,-0.017834922,1,0.244491756,1,0.347737104,0,-0.427678108,0,-0.291032076,0
56.57378006,-5.03465271,1,-1.709520817,1,-8.186621666,1,-0.441070795,1,-0.026822209,1,0.229325652,1,0.345500201,0,-0.428087354,0,-0.290089041,0
56.57777786,-4.999393463,1,-2.244682074,1,-8.124635696,1,-0.416760296,1,-0.034680057,1,0.221615329,1,0.343415588,0,-0.428510308,0,-0.289203793,0
56.58177567,-4.819250107,1,-2.603331566,1,-8.078990936,1,-0.387187213,1,-0.039692465,1,0.217715532,1,0.341457903,0,-0.428934097,0,-0.288347602,0
56.58577728,-4.788413525,1,-2.863679171,1,-8.111582756,1,-0.378921777,1,-0.04145686,1,0.225428849,1,0.339573234,0,-0.429376125,0,-0.287496865,0
56.58977509,-4.812888145,1,-2.71354866,1,-8.006246567,1,-0.369707406,1,-0.03446712,1,0.226821572,1,0.337706298,0,-0.429817379,0,-0.286609948,0
56.5937767,-4.895514965,1,-2.477078676,1,-8.099699974,1,-0.342499077,1,-0.04643745,1,0.228961706,1,0.335917145,0,-0.430262685,0,-0.285724282,0
56.59778214,-4.852617741,1,-2.469378948,1,-8.060617447,1,-0.331091285,1,-0.057546884,1,0.225572407,1,0.33420378,0,-0.430755377,0,-0.28484869,0
56.60178757,-4.928724766,1,-2.215219498,1,-8.143019676,1,-0.310834616,1,-0.067808159,1,0.218894348,1,0.332562774,0,-0.431287527,0,-0.284005374,0
56.60578537,-4.962734699,1,-2.131299973,1,-8.209657669,1,-0.283134967,1,-0.076834351,1,0.213849366,1,0.331044793,0,-0.431844801,0,-0.283205479,0
56.60978699,-4.952990055,1,-2.075184107,1,-8.124279022,1,-0.254960418,1,-0.080485247,1,0.21554397,1,0.329643339,0,-0.432419181,0,-0.282420576,0
56.61378479,-4.985883713,1,-2.194010258,1,-8.102437973,1,-0.234594494,1,-0.084575385,1,0.20764786,1,0.328345478,0,-0.43300575,0,-0.281659693,0
56.61778259,-5.049267292,1,-2.304663658,1,-7.968670368,1,-0.220502034,1,-0.082635596,1,0.207424581,1,0.327129573,0,-0.433586717,0,-0.280911803,0
56.62178421,-5.304308414,1,-2.260549068,1,-7.907978058,1,-0.203533739,1,-0.086401239,1,0.200272471,1,0.325968713,0,-0.434166074,0,-0.28016758,0
56.62578201,-5.133545876,1,-2.258494854,1,-7.855469704,1,-0.191096053,1,-0.079806156,1,0.200676307,1,0.324873567,0,-0.434735358,0,-0.279443979,0
56.62978363,-5.16306591,1,-2.402531385,1,-7.959717274,1,-0.19026269,1,-0.081011906,1,0.196833402,1,0.323801786,0,-0.435295731,0,-0.278724551,0
56.63378525,-5.16936779,1,-2.129098415,1,-7.923698425,1,-0.177702367,1,-0.083226889,1,0.194156796,1,0.322756499,0,-0.435857862,0,-0.27802068,0
56.63778305,-5.210444927,1,-2.109572887,1,-7.942682743,1,-0.162688121,1,-0.077670112,1,0.183606297,1,0.321794748,0,-0.436403215,0,-0.277343273,0
56.64178085,-5.22972393,1,-2.400114059,1,-7.897233009,1,-0.167683452,1,-0.081319168,1,0.181210577,1,0.320862442,0,-0.436936527,0,-0.276682019,0
56.64578247,-5.166423321,1,-2.331052542,1,-7.841629505,1,-0.170560032,1,-0.077794895,1,0.176923305,1,0.31990391,0,-0.437451184,0,-0.276043296,0
56.64978027,-5.176914692,1,-2.400436163,1,-7.826456547,1,-0.169066399,1,-0.066542201,1,0.174948469,1,0.318955928,0,-0.43795079,0,-0.275408208,0
56.65378189,-5.103742123,1,-2.488933563,1,-7.788884163,1,-0.170699954,1,-0.066975273,1,0.174806833,1,0.318000734,0,-0.438424736,0,-0.274758756,0
56.65778351,-5.162854671,1,-2.441799402,1,-7.775765419,1,-0.177862182,1,-0.053668141,1,0.174945191,1,0.317017317,0,-0.438867509,0,-0.274100602,0
56.66178131,-5.205525398,1,-2.331406593,1,-7.818832397,1,-0.185957909,1,-0.050220858,1,0.172922596,1,0.316010654,0,-0.43928808,0,-0.27343756,0
56.66577911,-5.146841049,1,-2.160768986,1,-7.867201805,1,-0.183753118,1,-0.046379209,1,0.166527212,1,0.314994872,0,-0.439683199,0,-0.272784293,0
56.66978073,-5.171059608,1,-2.185632467,1,-7.924836636,1,-0.18149811,1,-0.043473758,1,0.157086447,1,0.313999712,0,-0.440053433,0,-0.272165269,0
56.67377853,-5.179458618,1,-2.276834249,1,-7.944568634,1,-0.1817265,1,-0.043102037,1,0.15351744,1,0.313023984,0,-0.440414369,0,-0.27156648,0
56.67777634,-5.123478889,1,-2.479665995,1,-7.956363678,1,-0.180608675,1,-0.046603963,1,0.155358478,1,0.312059104,0,-0.440766364,0,-0.270984739,0
56.68178177,-5.06084919,1,-2.564419985,1,-7.975678444,1,-0.17721428,1,-0.048914898,1,0.155597553,1,0.311093032,0,-0.441142857,0,-0.270400256,0
56.68577957,-4.997140884,1,-2.694956779,1,-8.050573349,1,-0.178703174,1,-0.053906444,1,0.163252041,1,0.310115159,0,-0.441533774,0,-0.269794434,0
56.68977737,-4.97877121,1,-2.843264818,1,-8.092387199,1,-0.188549608,1,-0.062365897,1,0.175152451,1,0.309107304,0,-0.441958547,0,-0.26915732,0
56.69377899,-4.928955555,1,-2.761817455,1,-8.140359879,1,-0.200450271,1,-0.072774887,1,0.186055437,1,0.293723285,0,-0.494809508,0,-0.33383888,0
56.69777679,-4.965559006,1,-2.637374401,1,-8.250490189,1,-0.19913891,1,-0.082587898,1,0.206570238,1,0.292569131,0,-0.495339006,0,-0.333079159,0
56.7017746,-4.964933395,1,-2.592367172,1,-8.314844131,1,-0.193619549,1,-0.097780816,1,0.211136624,1,0.291410625,0,-0.495922506,0,-0.332290173,0
56.70577622,-4.948805332,1,-2.570262432,1,-8.353747368,1,-0.193676397,1,-0.115132734,1,0.218970492,1,0.29026261,0,-0.496576965,0,-0.331487954,0
56.70977402,-4.968291283,1,-2.570968866,1,-8.353620529,1,-0.198665649,1,-0.131589293,1,0.227393061,1,0.289086074,0,-0.497310728,0,-0.330676973,0
56.71377564,-4.860133648,1,-2.487653494,1,-8.433577538,1,-0.193048805,1,-0.148866057,1,0.238796681,1,0.287892491,0,-0.498105824,0,-0.32982716,0
56.71777725,-4.799057961,1,-2.469446421,1,-8.487575531,1,-0.194646806,1,-0.170519337,1,0.250187099,1,0.286701024,0,-0.498994559,0,-0.328955054,0
56.72177887,-4.876182556,1,-2.424882412,1,-8.484181404,1,-0.193111718,1,-0.192818284,1,0.261473477,1,0.285505593,0,-0.499975324,0,-0.328076333,0
56.7257843,-4.820996761,1,-2.421503782,1,-8.631932259,1,-0.189790323,1,-0.22096175,1,0.266712338,1,0.284321785,0,-0.501066327,0,-0.327183515,0
56.72978592,-4.789456367,1,-2.336993694,1,-8.668669701,1,-0.177215666,1,-0.252611905,1,0.273179084,1,0.28316319,0,-0.502271295,0,-0.326292694,0
56.73378372,-5.026380062,1,-2.402497292,1,-8.709361076,1,-0.172545567,1,-0.286495924,1,0.283548445,1,0.282040596,0,-0.50361228,0,-0.325410604,0
56.73778153,-4.883296013,1,-2.43177557,1,-8.677739143,1,-0.170380846,1,-0.319058269,1,0.291190177,1,0.280942708,0,-0.505100191,0,-0.324546635,0
56.74178314,-4.774971962,1,-2.509889841,1,-8.80043602,1,-0.171150088,1,-0.355812252,1,0.293734521,1,0.27984345,0,-0.506723702,0,-0.323685706,0
56.74578095,-4.687576771,1,-2.516085625,1,-8.763425827,1,-0.166657284,1,-0.389386386,1,0.311380416,1,0.278751671,0,-0.508480728,0,-0.322827429,0
56.74978256,-4.7522192,1,-2.643742561,1,-8.751135826,1,-0.171811342,1,-0.421999723,1,0.324451208,1,0.277633697,0,-0.510392487,0,-0.321932107,0
56.75378418,-4.771701336,1,-2.70919323,1,-8.753575325,1,-0.1741644,1,-0.455017596,1,0.336775392,1,0.276506662,0,-0.512436628,0,-0.321028173,0
56.75778198,-4.755591869,1,-2.56387496,1,-8.790397644,1,-0.18365708,1,-0.490892202,1,0.348210096,1,0.275333136,0,-0.514624774,0,-0.320101351,0
56.76177979,-4.74737215,1,-2.488812685,1,-8.953912735,1,-0.19190307,1,-0.526552022,1,0.354017705,1,0.274129272,0,-0.516966283,0,-0.319184899,0
56.7657814,-4.985422611,1,-2.462981701,1,-9.077649117,1,-0.206366718,1,-0.569271863,1,0.369619846,1,0.272866726,0,-0.519471347,0,-0.318251371,0
56.76977921,-4.778758049,1,-2.460278273,1,-8.98639679,1,-0.212826505,1,-0.621294379,1,0.38043648,1,0.27156949,0,-0.522161484,0,-0.317328513,0
56.77378082,-4.976067543,1,-2.431843519,1,-9.205360413,1,-0.220200032,1,-0.667013288,1,0.382602423,1,0.270250082,0,-0.525058031,0,-0.316428781,0
56.77778244,-4.668196678,1,-2.568604469,1,-9.224751472,1,-0.22801885,1,-0.718193471,1,0.392799437,1,0.2689161,0,-0.528145134,0,-0.315554976,0
56.78178024,-4.642184734,1,-2.799831867,1,-9.230883598,1,-0.250382781,1,-0.772483349,1,0.407734066,1,0.267520428,0,-0.531446338,0,-0.314675868,0
56.78577805,-4.662683964,1,-3.071017265,1,-9.118125916,1,-0.278620183,1,-0.827329636,1,0.436083436,1,0.266002387,0,-0.534971178,0,-0.313762784,0
56.78977966,-4.902068138,1,-3.355041504,1,-9.003240585,1,-0.308127135,1,-0.876313269,1,0.469106466,1,0.264314771,0,-0.538727045,0,-0.312765002,0
56.79377747,-4.723390579,1,-3.51252985,1,-8.994767189,1,-0.340997279,1,-0.927795827,1,0.506668389,1,0.262443423,0,-0.542718768,0,-0.311669976,0
56.79777908,-4.888904572,1,-3.687303782,1,-9.329313278,1,-0.378455758,1,-0.98315835,1,0.544872165,1,0.260376781,0,-0.546955466,0,-0.310455024,0
56.8017807,-4.635944843,1,-3.577815056,1,-9.351772308,1,-0.419867903,1,-1.055298805,1,0.589281917,1,0.258072615,0,-0.55148226,0,-0.309115469,0
56.8057785,-4.88219738,1,-3.524209738,1,-9.48352623,1,-0.466250211,1,-1.127887368,1,0.631806731,1,0.255538404,0,-0.556312442,0,-0.307660639,0
56.80977631,-4.76876545,1,-3.447291136,1,-9.382686615,1,-0.528741062,1,-1.202839851,1,0.663676322,1,0.252711296,0,-0.561476588,0,-0.306084961,0
56.81377792,-4.898251057,1,-2.839435339,1,-9.527134895,1,-0.567717314,1,-1.287982106,1,0.692318439,1,0.249623224,0,-0.566978931,0,-0.304436684,0
56.81777573,-4.978429317,1,-2.054323435,1,-9.644097328,1,-0.558647275,1,-1.361698031,1,0.706468403,1,0.246474624,0,-0.572799325,0,-0.302779019,0
56.82177734,-4.476963997,1,-2.176114559,1,-9.580243111,1,-0.562049568,1,-1.456214786,1,0.737499475,1,0.243296176,0,-0.578953922,0,-0.301056683,0
56.82577515,-4.891848087,1,-2.451911449,1,-9.829247475,1,-0.584447503,1,-1.536477566,1,0.754837215,1,0.240035146,0,-0.585467398,0,-0.299292475,0
56.82977295,-4.738490105,1,-2.574911594,1,-9.777647972,1,-0.623458147,1,-1.618370533,1,0.790556073,1,0.236612931,0,-0.592324734,0,-0.297481507,0
56.83377457,-4.50392437,1,-2.400384188,1,-9.684281349,1,-0.654093504,1,-1.723183632,1,0.812053621,1,0.232999802,0,-0.599563599,0,-0.295603156,0
56.83777618,-4.786816597,1,-2.179726362,1,-9.931369781,1,-0.654812694,1,-1.825271368,1,0.839048564,1,0.229273379,0,-0.607216954,0,-0.293677032,0
56.8417778,-4.804071426,1,-2.34961772,1,-9.865695,1,-0.665720046,1,-1.916835546,1,0.882359922,1,0.225472644,0,-0.615275919,0,-0.291653603,0
56.84577942,-4.638149261,1,-2.524336338,1,-9.95891571,1,-0.675820351,1,-2.037890196,1,0.92800951,1,0.221527994,0,-0.623788893,0,-0.289472818,0
56.84978104,-4.393343925,1,-2.5204041,1,-10.11813164,1,-0.681927264,1,-2.169031382,1,0.974641919,1,0.217455313,0,-0.632825851,0,-0.287148625,0
56.85377884,-4.421912193,1,-2.550311804,1,-10.43992424,1,-0.684484303,1,-2.315269947,1,1.02893889,1,0.213242009,0,-0.642456412,0,-0.284669936,0
56.85777664,-4.570580959,1,-2.903560877,1,-10.61618137,1,-0.697631061,1,-2.465805769,1,1.092259884,1,0.208860382,0,-0.652684569,0,-0.281989336,0
56.86177826,-4.217384338,1,-3.399052382,1,-10.72548103,1,-0.717836201,1,-2.641453028,1,1.160514951,1,0.204232365,0,-0.663610756,0,-0.279062092,0
56.86577606,-4.174628735,1,-4.035712242,1,-10.8557148,1,-0.726694643,1,-2.844013214,1,1.246401787,1,0.199369803,0,-0.675312161,0,-0.275867522,0
56.86977768,-3.987459183,1,-4.549125671,1,-11.13991833,1,-0.731032848,1,-3.051779747,1,1.367620349,1,0.194172487,0,-0.687903345,0,-0.272239447,0
56.8737793,-3.885969639,1,-5.304171562,1,-11.53024769,1,-0.743730783,1,-3.267905474,1,1.492405534,1,0.188543811,0,-0.701394379,0,-0.268060595,0
56.8777771,-3.928978205,1,-6.207274437,1,-12.06555557,1,-0.786731899,1,-3.502746344,1,1.644019604,1,0.182370067,0,-0.715850472,0,-0.263246089,0
56.8817749,-4.2096138,1,-6.886128426,1,-12.01214981,1,-0.868798733,1,-3.735013723,1,1.799085498,1,0.175349444,0,-0.731315136,0,-0.257633537,0
56.88577652,-3.762983322,1,-7.117381096,1,-12.02447224,1,-0.946778119,1,-3.993525505,1,1.949361801,1,0.167383745,0,-0.747796535,0,-0.251201898,0
56.88977432,-3.79553628,1,-7.18101263,1,-12.24406624,1,-1.012191772,1,-4.276643276,1,2.111235857,1,0.158436626,0,-0.765437722,0,-0.243877575,0
56.89377594,-3.956005335,1,-7.251345634,1,-12.86526394,1,-1.079809546,1,-4.562851429,1,2.298672438,1,0.148360938,0,-0.784250796,0,-0.235455349,0
56.89777756,-4.140797138,1,-7.397950172,1,-13.07143402,1,-1.140792966,1,-4.824739456,1,2.459231853,1,0.137050867,0,-0.804192364,0,-0.225834131,0
56.90177536,-4.634517193,1,-8.0673666,1,-13.22640228,1,-1.223813653,1,-5.086373806,1,2.657298565,1,0.12433885,0,-0.825178683,0,-0.214837193,0
56.90577316,-6.553435802,1,-10.03270435,1,-14.38679504,1,-1.414657712,1,-5.31839323,1,2.884842634,1,0.109587602,0,-0.847136259,0,-0.202053845,0
56.90977478,-7.883005619,1,-11.88706875,1,-13.71666336,1,-1.626554608,1,-5.437152386,1,3.019649506,1,0.092367634,0,-0.869761884,0,-0.187388524,0
56.91377258,-7.000945568,1,-13.31646633,1,-14.56758404,1,-2.007937193,1,-5.685894966,1,3.378968477,1,0.071932271,0,-0.892984986,0,-0.170255527,0
56.91777039,-6.370317459,1,-13.74536133,1,-15.63314629,1,-2.375230074,1,-5.878183842,1,3.691705227,1,0.046933502,0,-0.916898012,0,-0.149632454,0
56.921772,-8.070879936,1,-13.74510098,1,-15.61567593,1,-2.739137411,1,-6.006554604,1,3.966021776,1,0.017271252,0,-0.941167951,0,-0.125317872,0
56.92576981,-15.7368288,1,-12.0813818,1,-16.40581512,1,-2.97405982,1,-5.909834385,1,4.114163876,1,-0.016977882,0,-0.965050459,0,-0.097393915,0
56.92977142,-18.38837814,1,-8.707080841,1,-16.68410301,1,-3.091791868,1,-5.582431316,1,4.230496407,1,-0.055035152,0,-0.987435579,0,-0.066130377,0
56.93377304,-15.59821224,1,-10.0235796,1,-15.0549345,1,-3.274073601,1,-5.459207535,1,4.418375492,1,-0.09699358,0,-1.00807023,0,-0.031286281,0
56.93777084,-16.79968643,1,-11.97889709,1,-14.70405006,1,-3.582186222,1,-5.363062859,1,4.527934074,1,-0.143799931,0,-1.027447343,0,0.007625718,0
56.94176865,-20.00753975,1,-10.12612534,1,-14.68400669,1,-3.679963589,1,-5.122331619,1,4.405326843,1,-0.194090247,0,-1.045154452,0,0.049109418,0
56.94577026,-21.55837059,1,-8.752625465,1,-15.17958164,1,-3.575113297,1,-4.870198727,1,4.37539959,1,-0.243908852,0,-1.06092298,0,0.083226211,0
56.94976807,-24.29776382,1,-7.883052826,1,-16.06520653,1,-3.427489281,1,-4.563797951,1,4.33911562,1,-0.297518045,0,-1.074483991,0,0.128461763,0
56.95376968,-22.95767975,1,-8.719937325,1,-15.11923122,1,-3.288240194,1,-4.229715824,1,4.228034496,1,-0.351858318,0,-1.085667491,0,0.174847797,0
56.9577713,-21.10752106,1,-10.71052361,1,-12.80206013,1,-3.375627279,1,-3.968279839,1,4.238924503,1,-0.40681988,0,-1.094666719,0,0.221897379,0
56.96177292,-18.23350906,1,-11.04717922,1,-9.947070122,1,-3.837090492,1,-3.704049826,1,4.323899269,1,-0.464211673,0,-1.101317286,0,0.270226866,0
56.96577454,-16.55555916,1,-10.145751,1,-7.901223183,1,-4.208014965,1,-3.346024513,1,4.234611988,1,-0.523585796,0,-1.105627418,0,0.318646014,0
56.96977615,-10.81421852,1,-6.602084637,1,-6.058514595,1,-4.652830124,1,-2.963059664,1,4.073095322,1,-0.582759619,0,-1.107656956,0,0.365040421,0
56.97377396,-13.40441132,1,-2.184160709,1,-6.216282845,1,-5.070986748,1,-2.642143488,1,3.968010902,1,-0.641500115,0,-1.107575536,0,0.408892065,0
56.97777176,-19.84568977,1,-1.888123512,1,-9.950040817,1,-5.03702879,1,-2.242019415,1,3.629655838,1,-0.697998405,0,-1.105804443,0,0.449316174,0
56.98177338,-20.73900604,1,-0.220707715,1,-14.2288332,1,-4.666733265,1,-1.585369706,1,3.064026833,1,-0.747495651,0,-1.102703571,0,0.482921839,0
56.98577118,-21.5779438,1,5.009698868,1,-14.98723698,1,-4.050101757,1,-1.055834174,1,2.76159668,1,-0.788579941,0,-1.098450422,0,0.509382367,0
56.9897728,-28.4754715,1,6.708595276,1,-15.11038399,1,-3.140933037,1,-0.667227328,1,2.434677601,1,-0.821873903,0,-1.093323231,0,0.530551195,0
56.99377441,-28.06026649,1,2.291390657,1,-16.19247818,1,-2.605068445,1,0.170652851,1,2.314080954,1,-0.846876681,0,-1.087027907,0,0.546008348,0
56.99777222,-15.73000622,1,-3.204581261,1,-13.85199165,1,-2.428188086,1,0.871527433,1,2.082841396,1,-0.864776373,0,-1.078926444,0,0.554857552,0
57.00177002,-7.289165974,1,-6.8490448,1,-10.57448959,1,-2.154534578,1,1.218042612,1,1.743619084,1,-0.877052188,0,-1.070332408,0,0.558361292,0
57.00577164,-5.819271564,1,-7.978012562,1,-8.496106148,1,-1.963590145,1,1.297852635,1,1.57357955,1,-0.885719895,0,-1.062045574,0,0.55893451,0
57.00976944,-7.653749943,1,-7.622268677,1,-9.119326591,1,-2.090304852,1,1.381863475,1,1.575140119,1,-0.89343524,0,-1.05380547,0,0.558557928,0
57.01377106,-7.951194763,1,-8.782331467,1,-9.237092018,1,-2.3131814,1,1.507373691,1,1.521913528,1,-0.901131451,0,-1.04534936,0,0.557271481,0
57.01776886,-5.406171322,1,-9.749853134,1,-7.934930325,1,-2.484768391,1,1.597368836,1,1.410640001,1,-0.908571899,0,-1.036872864,0,0.554758608,0
57.02176666,-3.929192543,1,-10.04328728,1,-6.856418133,1,-2.621216774,1,1.6331743,1,1.281061292,1,-0.915764451,0,-1.028668642,0,0.551228344,0
57.02576828,-3.509691954,1,-10.09203148,1,-6.549121857,1,-2.783409595,1,1.697754741,1,1.148407578,1,-0.922713697,0,-1.020769358,0,0.546717644,0
57.0297699,-2.974588633,1,-10.130229,1,-6.482521534,1,-2.969629526,1,1.775779486,1,1.012438416,1,-0.929444611,0,-1.013138533,0,0.541112661,0
57.0337677,-2.52635932,1,-10.03091812,1,-6.391189575,1,-3.111337662,1,1.848759651,1,0.851486087,1,-0.935900927,0,-1.005824685,0,0.53435421,0
57.0377655,-2.309363604,1,-10.00368977,1,-6.321770668,1,-3.217452526,1,1.921829104,1,0.66067791,1,-0.941839218,0,-0.998926461,0,0.526375115,0
57.04176712,-1.703594208,1,-9.959877968,1,-6.115472794,1,-3.305009604,1,2.003273249,1,0.465585291,1,-0.947107792,0,-0.992495656,0,0.517105103,0
57.04576874,-1.037222743,1,-9.868385315,1,-5.928775311,1,-3.375749588,1,2.0890131,1,0.261291564,1,-0.95162195,0,-0.986546516,0,0.50651896,0
57.04976654,-0.56656146,1,-9.781082153,1,-5.739370823,1,-3.43733716,1,2.173615694,1,0.067136586,1,-0.955367684,0,-0.981075227,0,0.494649351,0
57.05376816,-0.371277839,1,-9.880022049,1,-5.638533115,1,-3.481174946,1,2.259721041,1,-0.138255402,1,-0.958312333,0,-0.97609514,0,0.48152265,0
57.05776596,-0.311057836,1,-9.912746429,1,-5.546504021,1,-3.524799585,1,2.365095615,1,-0.344413966,1,-0.960390151,0,-0.971576273,0,0.467083603,0
57.06176376,-0.387816727,1,-10.06037712,1,-5.466042995,1,-3.559380054,1,2.482817173,1,-0.537407041,1,-0.961499453,0,-0.967476785,0,0.451243341,0
57.06576538,-0.44407934,1,-10.02484131,1,-5.468262672,1,-3.588197947,1,2.618153334,1,-0.732913971,1,-0.961614072,0,-0.963732481,0,0.433990657,0
57.06976318,-0.587127864,1,-9.984677315,1,-5.49719429,1,-3.598429203,1,2.762705088,1,-0.931986928,1,-0.960605145,0,-0.96031028,0,0.41523692,0
57.0737648,-0.915854454,1,-9.879875183,1,-5.531188011,1,-3.58559823,1,2.93652916,1,-1.125507236,1,-0.958325207,0,-0.95713836,0,0.394898713,0
57.07776642,-1.409035802,1,-9.735035896,1,-5.635882854,1,-3.567116261,1,3.125873327,1,-1.324858546,1,-0.95464325,0,-0.95415771,0,0.372863352,0
57.08177185,-1.763711095,1,-9.709547043,1,-5.684753418,1,-3.517340422,1,3.321986198,1,-1.520430565,1,-0.949407876,0,-0.951312602,0,0.349046081,0
57.08577347,-1.907743812,1,-9.573571205,1,-5.696715355,1,-3.452546835,1,3.53268075,1,-1.718437076,1,-0.942510486,0,-0.948544323,0,0.323407173,0
57.08977509,-1.983251095,1,-9.423313141,1,-5.624112129,1,-3.386885643,1,3.734664679,1,-1.918409348,1,-0.933934867,0,-0.945815682,0,0.295982867,0
57.09377289,-1.502561092,1,-9.595554352,1,-5.45430994,1,-3.315453053,1,3.91680932,1,-2.109367132,1,-0.923732519,0,-0.943095863,0,0.266835988,0
57.09777069,-1.200191021,1,-9.659560204,1,-5.341320992,1,-3.249237776,1,4.074830532,1,-2.285859823,1,-0.912068009,0,-0.94037348,0,0.236178622,0
57.10177231,-0.841798723,1,-9.873532295,1,-5.067809105,1,-3.185938358,1,4.203143597,1,-2.451980591,1,-0.899138272,0,-0.93760246,0,0.204204142,0
57.10577011,-0.502572715,1,-10.11559963,1,-4.859288692,1,-3.133201361,1,4.311629295,1,-2.599828959,1,-0.885113478,0,-0.93477428,0,0.171111166,0
57.10977173,-0.616368651,1,-10.41309834,1,-4.682893753,1,-3.093512058,1,4.389734745,1,-2.726770878,1,-0.870286286,0,-0.931847453,0,0.137163982,0
57.11377335,-0.889807343,1,-10.75464153,1,-4.547088623,1,-3.069144726,1,4.474654675,1,-2.833227158,1,-0.854814827,0,-0.928769767,0,0.102499917,0
57.11777115,-1.288642883,1,-11.14021397,1,-4.335113049,1,-3.051483631,1,4.541990757,1,-2.927615643,1,-0.838876784,0,-0.925466835,0,0.067277595,0
57.12176895,-1.801344991,1,-11.6535635,1,-4.217031479,1,-3.037037134,1,4.606322289,1,-2.994936943,1,-0.822611809,0,-0.921882153,0,0.031626079,0
57.12577057,-2.520817041,1,-12.05741978,1,-4.200469494,1,-3.030469179,1,4.676395416,1,-3.052860737,1,-0.806122661,0,-0.917935431,0,-0.004351967,0
57.12976837,-3.364710093,1,-12.2585659,1,-4.1340065,1,-3.009138823,1,4.74288559,1,-3.10752058,1,-0.789451361,0,-0.913612604,0,-0.040600315,0
57.13376617,-4.085686207,1,-12.34103203,1,-4.126177311,1,-2.994324684,1,4.812296391,1,-3.156305075,1,-0.772625148,0,-0.90885675,0,-0.077100724,0
57.13776779,-4.79176712,1,-12.40449142,1,-4.071387291,1,-2.955664873,1,4.888088226,1,-3.199523687,1,-0.755668759,0,-0.90365392,0,-0.113753386,0
57.14176559,-5.365035057,1,-12.36596394,1,-4.09988451,1,-2.884417295,1,4.966541767,1,-3.255670786,1,-0.738497376,0,-0.897973061,0,-0.150566921,0
57.14576721,-5.932150364,1,-12.34222031,1,-4.118731022,1,-2.786221027,1,5.030529976,1,-3.30628109,1,-0.721032321,0,-0.891811967,0,-0.187504128,0
57.14976883,-6.486257076,1,-12.49538231,1,-4.103299141,1,-2.67305088,1,5.104055882,1,-3.359448671,1,-0.703229785,0,-0.885177314,0,-0.224522352,0
57.15376663,-7.003288746,1,-12.67677212,1,-4.12800312,1,-2.545118809,1,5.171041012,1,-3.424562693,1,-0.685048938,0,-0.8780545,0,-0.261601806,0
57.15776444,-7.54729414,1,-13.01171303,1,-4.183678627,1,-2.408960581,1,5.226404667,1,-3.489223957,1,-0.666518033,0,-0.870477021,0,-0.298676878,0
57.16176605,-7.901797771,1,-13.31289673,1,-4.240994453,1,-2.271027565,1,5.272444248,1,-3.558027029,1,-0.64765358,0,-0.862455785,0,-0.335719705,0
57.16576386,-8.319674492,1,-13.52007961,1,-4.209070206,1,-2.134002686,1,5.305547714,1,-3.63937211,1,-0.628497124,0,-0.854026973,0,-0.372679591,0
57.16976547,-8.747331619,1,-13.82267666,1,-4.238826752,1,-1.992821097,1,5.33517313,1,-3.726846218,1,-0.609061062,0,-0.845237613,0,-0.409545541,0
57.17376709,-9.315934181,1,-14.02054787,1,-4.212185383,1,-1.858601928,1,5.365847588,1,-3.832303524,1,-0.589329004,0,-0.836091399,0,-0.446352899,0
57.17776489,-9.792132378,1,-14.30466843,1,-4.197036266,1,-1.718402743,1,5.385589123,1,-3.933539629,1,-0.56930691,0,-0.826597393,0,-0.483114302,0
57.1817627,-10.1843214,1,-14.59126282,1,-4.081495285,1,-1.589675546,1,5.40737009,1,-4.044274807,1,-0.549057245,0,-0.816764772,0,-0.5198102,0
57.18576431,-10.52494717,1,-14.87055302,1,-4.006250381,1,-1.474924088,1,5.411752224,1,-4.149706364,1,-0.528649807,0,-0.806613088,0,-0.55637902,0
57.18976212,-10.70654392,1,-15.17808151,1,-3.896145105,1,-1.36682713,1,5.409230232,1,-4.247497082,1,-0.508210599,0,-0.796138287,0,-0.592749298,0
57.19376373,-10.97437763,1,-15.30671787,1,-3.81281662,1,-1.272224665,1,5.390803814,1,-4.338972569,1,-0.490125746,0,-0.783463717,0,-0.637406051,0
57.19776535,-11.08305168,1,-15.36829758,1,-3.726324558,1,-1.172339201,1,5.371249199,1,-4.425032139,1,-0.469900966,0,-0.772470653,0,-0.673178792,0
57.20176697,-11.29052734,1,-15.35668373,1,-3.64820981,1,-1.081011534,1,5.327330589,1,-4.501651287,1,-0.449837685,0,-0.761227012,0,-0.708589792,0
57.20576859,-11.54230499,1,-15.25323009,1,-3.65357089,1,-0.974036217,1,5.282209873,1,-4.568553925,1,-0.429982394,0,-0.749745846,0,-0.743545532,0
57.2097702,-11.85686684,1,-15.06631565,1,-3.725554943,1,-0.853189051,1,5.240703106,1,-4.622317791,1,-0.410290331,0,-0.738034606,0,-0.778028011,0
57.21376801,-12.10072899,1,-14.79226303,1,-3.819047451,1,-0.71518749,1,5.196926117,1,-4.664770603,1,-0.390743911,0,-0.726058722,0,-0.811977923,0
57.21776581,-12.37112713,1,-14.48923016,1,-4.040363789,1,-0.561756849,1,5.15568924,1,-4.709719181,1,-0.371284992,0,-0.713824391,0,-0.845374525,0
57.22176743,-12.50014019,1,-14.15248394,1,-4.216026783,1,-0.385720193,1,5.10883379,1,-4.740610123,1,-0.351852536,0,-0.70130235,0,-0.878197908,0
57.22576523,-12.65226078,1,-13.87662601,1,-4.507675648,1,-0.199323729,1,5.06032896,1,-4.764712334,1,-0.332401603,0,-0.68852365,0,-0.910408139,0
57.22976303,-12.81767845,1,-13.64877892,1,-4.776226044,1,-0.003018267,1,5.011611938,1,-4.785450459,1,-0.312906563,0,-0.675481021,0,-0.941968858,0
57.23376465,-13.00082874,1,-13.45373344,1,-5.050036907,1,0.203505397,1,4.966804028,1,-4.792019367,1,-0.293355525,0,-0.662152171,0,-0.972844958,0
57.23776245,-13.32616138,1,-13.29721642,1,-5.312344074,1,0.404450655,1,4.92428875,1,-4.7994771,1,-0.273726761,0,-0.648533225,0,-1.003050447,0
57.24176407,-13.49392223,1,-13.1773119,1,-5.50666666,1,0.606245875,1,4.885340691,1,-4.809101105,1,-0.254028171,0,-0.634601235,0,-1.032587171,0
57.24576569,-13.59492588,1,-13.05556202,1,-5.770278931,1,0.789851904,1,4.847671986,1,-4.805451393,1,-0.23428911,0,-0.620351493,0,-1.061447501,0
57.24976349,-13.62957096,1,-12.93046951,1,-6.016640663,1,0.967344761,1,4.795606136,1,-4.810667038,1,-0.214556992,0,-0.605833173,0,-1.089621663,0
57.25376129,-13.69480801,1,-12.73961353,1,-6.374371052,1,1.141953826,1,4.743968964,1,-4.808707237,1,-0.194853365,0,-0.591065109,0,-1.11711359,0
57.25776291,-13.86366177,1,-12.54827595,1,-6.717634201,1,1.31245482,1,4.681563854,1,-4.805576324,1,-0.17517145,0,-0.576075375,0,-1.14392519,0
57.26176071,-14.06660366,1,-12.45362377,1,-6.999122143,1,1.475035906,1,4.627071381,1,-4.814080715,1,-0.155512795,0,-0.560888648,0,-1.170089722,0
57.26576233,-14.15338612,1,-12.37521076,1,-7.399836063,1,1.624592662,1,4.553850174,1,-4.819288731,1,-0.135894999,0,-0.545520782,0,-1.195617914,0
57.26976395,-14.2579174,1,-12.39401913,1,-7.912027359,1,1.765750289,1,4.478785515,1,-4.831991196,1,-0.116336077,0,-0.530016541,0,-1.220557213,0
57.27376175,-14.41183186,1,-12.57181263,1,-8.464809418,1,1.885622382,1,4.389229298,1,-4.846164227,1,-0.096878529,0,-0.51444453,0,-1.24494338,0
57.27775955,-14.66252041,1,-12.67291737,1,-9.124575615,1,1.991760731,1,4.285347939,1,-4.863044262,1,-0.077548563,0,-0.498842537,0,-1.268800259,0
57.28176117,-15.04131603,1,-12.77865124,1,-9.810936928,1,2.088901758,1,4.191987991,1,-4.881563663,1,-0.058372207,0,-0.483244509,0,-1.292157173,0
57.28575897,-15.64524269,1,-12.7745409,1,-10.52978516,1,2.183773994,1,4.091572762,1,-4.915424824,1,-0.039327782,0,-0.467655569,0,-1.315080285,0
57.28976059,-16.36847115,1,-12.82467747,1,-11.29430389,1,2.272121191,1,3.99438858,1,-4.946224213,1,-0.020405019,0,-0.452096224,0,-1.337613106,0
57.29376221,-17.36250877,1,-12.9111805,1,-12.01083469,1,2.364846706,1,3.900217295,1,-4.986302376,1,-0.001584098,0,-0.436529636,0,-1.359805584,0
57.29776001,-18.44857025,1,-13.00510216,1,-12.75688839,1,2.450149536,1,3.823450327,1,-5.031958103,1,0.017152501,0,-0.420922399,0,-1.381700277,0
57.30175781,-19.7035923,1,-13.02258205,1,-13.5097065,1,2.538620949,1,3.759332657,1,-5.088397503,1,0.035816334,0,-0.40523532,0,-1.403354526,0
57.30575943,-21.0109272,1,-12.86903858,1,-14.07453442,1,2.617663145,1,3.704949379,1,-5.156753063,1,0.054442406,0,-0.389398277,0,-1.424808741,0
57.30975723,-22.28116608,1,-12.61592579,1,-14.54834461,1,2.712743282,1,3.660434246,1,-5.228929043,1,0.07304129,0,-0.373376906,0,-1.446124673,0
57.31375885,-23.72693062,1,-12.2991991,1,-14.81833267,1,2.796630621,1,3.627692461,1,-5.314853668,1,0.091627911,0,-0.357109487,0,-1.467335701,0
57.31776047,-25.15152168,1,-11.94690514,1,-14.90711689,1,2.88183713,1,3.603792191,1,-5.413125515,1,0.110223457,0,-0.340562046,0,-1.488505363,0
57.32176209,-26.69281387,1,-11.6043129,1,-14.84097576,1,2.962788582,1,3.588546276,1,-5.519002438,1,0.128809944,0,-0.323674798,0,-1.509649515,0
57.3257637,-28.20354271,1,-11.29080296,1,-14.55158234,1,3.029906988,1,3.575525999,1,-5.636446953,1,0.147349343,0,-0.306409121,0,-1.53081727,0
57.32976532,-29.54393578,1,-10.81550121,1,-14.01073837,1,3.086076975,1,3.566841125,1,-5.754587173,1,0.165799096,0,-0.288742423,0,-1.552018881,0
57.33376312,-30.76546097,1,-10.26451683,1,-13.23779011,1,3.127046347,1,3.542222738,1,-5.878552914,1,0.184101433,0,-0.270690948,0,-1.573268533,0
57.33776093,-31.53361511,1,-9.661486626,1,-12.07967472,1,3.14124155,1,3.504980087,1,-5.997296333,1,0.202162176,0,-0.252294898,0,-1.594599962,0
57.34176254,-31.97559929,1,-8.844955444,1,-10.56214619,1,3.136437893,1,3.427096844,1,-6.106852055,1,0.21987015,0,-0.233664691,0,-1.615997195,0
57.34576035,-30.55000877,1,-2.255001783,1,-9.307514191,1,3.132092476,1,3.240487576,1,-6.309293747,1,0.237188339,0,-0.214953721,0,-1.637630582,0
57.34976196,-25.57857513,1,7.541553497,1,-11.65789604,1,3.33618784,1,2.787986279,1,-6.547739983,1,0.254701942,0,-0.197015062,0,-1.660134792,0
57.35376358,-25.62130356,1,5.275316238,1,-7.942853928,1,3.602736712,1,2.623254061,1,-6.776853561,1,0.272937357,0,-0.179668859,0,-1.683454275,0
57.35776138,-27.99891472,1,4.261983871,1,-6.092507362,1,3.966133833,1,2.435156584,1,-6.87906456,1,0.292138308,0,-0.162290379,0,-1.707237363,0
57.36175919,-27.69309616,1,3.32867074,1,-5.438953876,1,4.119062424,1,2.142516375,1,-6.846144199,1,0.312007368,0,-0.145366728,0,-1.73101306,0
57.36576462,-26.99993706,1,3.323782444,1,-4.466147423,1,4.06022644,1,1.805048823,1,-6.754284859,1,0.331630886,0,-0.129263401,0,-1.754553318,0
57.36976242,-28.01641464,1,2.860952616,1,-2.780792713,1,3.854311705,1,1.459598303,1,-6.60421896,1,0.350307941,0,-0.114177138,0,-1.777721643,0
57.37376022,-30.03831291,1,2.520322561,1,-1.302901745,1,3.531191826,1,1.149119735,1,-6.438306332,1,0.36754477,0,-0.100127734,0,-1.80045557,0
57.37776184,-31.73608208,1,3.043646574,1,0.276925296,1,3.112680912,1,0.835734069,1,-6.218472958,1,0.382921427,0,-0.087146983,0,-1.822660208,0
57.38175964,-33.1285553,1,5.520357132,1,2.072326422,1,2.691119194,1,0.496134281,1,-5.959545612,1,0.396269768,0,-0.075417601,0,-1.844248414,0
57.38576126,-34.5070343,1,9.929766655,1,3.434165239,1,2.370745897,1,0.147739649,1,-5.69237566,1,0.40781635,0,-0.065095939,0,-1.86523807,0
57.38976288,-35.60176468,1,14.66446877,1,4.336195946,1,2.220653296,1,-0.184663296,1,-5.447201252,1,0.418199003,0,-0.056226723,0,-1.885709167,0
57.39376068,-36.29776001,1,17.6593132,1,5.202235222,1,2.224676371,1,-0.477314383,1,-5.165266991,1,0.428105891,0,-0.048729047,0,-1.905656099,0
57.39775848,-36.14992523,1,18.30360031,1,5.689181328,1,2.276643991,1,-0.75063473,1,-4.825732708,1,0.437979728,0,-0.042551838,0,-1.924855947,0
57.4017601,-35.31069183,1,16.60637856,1,6.492206097,1,2.234551668,1,-1.01930964,1,-4.3985672,1,0.44777739,0,-0.037848718,0,-1.943085909,0
57.4057579,-34.0006752,1,13.12119389,1,6.870927334,1,2.027188301,1,-1.280137181,1,-3.869059086,1,0.456966758,0,-0.034739986,0,-1.960007548,0
57.40975952,-32.17359924,1,8.310441971,1,7.227885246,1,1.579921722,1,-1.53231144,1,-3.24414587,1,0.46475789,0,-0.033446498,0,-1.97528255,0
57.41376495,-30.11640167,1,4.213067055,1,7.333567142,1,0.926719368,1,-1.76824832,1,-2.548952341,1,0.470263571,0,-0.034104355,0,-1.988619924,0
57.41775894,-27.86346626,1,1.617598772,1,6.936396599,1,0.149688646,1,-1.992298126,1,-1.8207618,1,0.472839475,0,-0.0368337,0,-1.99983561,0
57.42175674,-26.29797363,1,0.821617901,1,5.886291981,1,-0.605302393,1,-2.19306159,1,-1.121478319,1,0.472266704,0,-0.041624434,0,-2.00890255,0
57.42575836,-24.94559479,1,1.430884957,1,4.078615665,1,-1.221382022,1,-2.34047389,1,-0.483041525,1,0.468877167,0,-0.048263371,0,-2.015869141,0
57.42975617,-24.03147888,1,2.650043964,1,2.036073208,1,-1.636717439,1,-2.461456299,1,0.034380071,1,0.463376462,0,-0.056462269,0,-2.020974398,0
57.4337616,-23.58145714,1,3.864536285,1,-0.358674377,1,-1.837688088,1,-2.515331507,1,0.427028775,1,0.456590772,0,-0.06579829,0,-2.024553776,0
57.43776321,16.07304192,1,-22.9618988,1,-13.60267258,1,-3.498545885,1,-2.790382862,1,0.586641908,1,0.446720898,0,-0.076232821,0,-2.027156591,0
57.44176483,-9.723028183,1,1.344032526,1,-12.23524475,1,-3.785560369,1,-3.802556038,1,0.940069795,1,0.432111979,0,-0.089293122,0,-2.03027606,0
57.44576645,-4.438987255,1,-0.591566265,1,-17.46285248,1,-4.150410175,1,-3.243581772,1,0.601180136,1,0.400497913,0,-0.093347311,0,-2.072587729,0
57.44976807,12.60980225,1,-2.445512056,1,-19.14917374,1,-4.041275024,1,-3.210180759,1,0.439625353,1,0.384318531,0,-0.105744138,0,-2.075704098,0
57.45376587,10.67118168,1,6.073242664,1,-17.60052109,1,-3.229973555,1,-3.294783354,1,0.510992646,1,0.369931877,0,-0.11863368,0,-2.078696489,0
57.45776367,11.34103107,1,8.10277462,1,-20.06419373,1,-2.498713255,1,-3.478351116,1,0.383618921,1,0.359013379,0,-0.131805465,0,-2.081861496,0
57.46176529,5.060372353,1,4.762073517,1,-18.8727932,1,-2.278640985,1,-3.977758884,1,0.545336425,1,0.350023568,0,-0.146432593,0,-2.085354567,0
57.46576309,3.906519413,1,7.606483459,1,-14.1133604,1,-1.981711864,1,-4.363826752,1,0.718058228,1,0.341913164,0,-0.163020805,0,-2.088682413,0
57.46976471,5.635608196,1,15.35592842,1,-13.33977795,1,-1.406020761,1,-4.966588974,1,0.984297156,1,0.335652918,0,-0.1816618,0,-2.091677904,0
57.47376251,-1.841251254,1,14.52303791,1,-16.94099426,1,-1.208629608,1,-5.752836704,1,1.286740184,1,0.331076086,0,-0.203412667,0,-2.094485998,0
57.47776413,-10.85577297,1,17.14174461,1,-18.13373375,1,-0.81203872,1,-5.934855938,1,1.610048413,1,0.327347517,0,-0.227627769,0,-2.096624374,0
57.48176193,-15.32531738,1,15.12752914,1,-20.68579483,1,-0.260504752,1,-5.713690758,1,1.759030461,1,0.325537801,0,-0.251872212,0,-2.097729921,0
57.48576355,-22.90564919,1,12.79945755,1,-24.59639931,1,-0.031422019,1,-5.340515137,1,1.979754806,1,0.324962199,0,-0.275241911,0,-2.097797394,0
57.48976135,-29.24936867,1,12.62773895,1,-25.33883667,1,0.353356719,1,-4.559407234,1,2.075077295,1,0.325077355,0,-0.296725214,0,-2.096293926,0
57.49376297,-25.43492508,1,11.03337288,1,-22.59490585,1,0.862582743,1,-3.801531792,1,2.018474817,1,0.326806605,0,-0.315128684,0,-2.093795776,0
57.49776459,-19.72533607,1,7.074909687,1,-18.3735733,1,1.16470468,1,-3.382962465,1,2.049946785,1,0.329907924,0,-0.331237674,0,-2.090544462,0
57.50176239,-16.47297478,1,2.118756056,1,-15.1848917,1,1.378027201,1,-3.136191845,1,2.074234724,1,0.333787799,0,-0.346301019,0,-2.086755991,0
57.50576019,-17.09161568,1,-6.141766548,1,-12.50049305,1,1.318410993,1,-2.970661163,1,2.096194506,1,0.337803006,0,-0.360604107,0,-2.082572699,0
57.50976181,-16.29052734,1,-12.18264103,1,-9.037396431,1,1.095707178,1,-2.660773277,1,1.921720266,1,0.34116298,0,-0.373933703,0,-2.078397751,0
57.51375961,-16.70152855,1,-18.16184807,1,-6.244652748,1,0.759468794,1,-2.438470364,1,1.683926225,1,0.343570411,0,-0.385987401,0,-2.074740887,0
57.51776123,-13.74832153,1,-20.63984299,1,-3.959210873,1,0.375602514,1,-2.264667988,1,1.345119357,1,0.344776809,0,-0.396807611,0,-2.07199049,0
57.52176285,-12.24344063,1,-19.91111946,1,-3.45225811,1,-0.082239583,1,-2.220356464,1,1.242839813,1,0.344718337,0,-0.407055855,0,-2.07005477,0
57.52576065,-8.08866024,1,-15.44348812,1,-3.080220222,1,-0.522959888,1,-2.118301153,1,1.119846702,1,0.342738777,0,-0.416738749,0,-2.068392038,0
57.52975845,-7.263765812,1,-10.6974287,1,-5.430706978,1,-0.832925737,1,-2.077693701,1,1.131462574,1,0.339413524,0,-0.426155984,0,-2.066886425,0
57.53376007,-11.61695957,1,-7.982627869,1,-8.839113235,1,-1.098564386,1,-1.79407537,1,1.199874163,1,0.334669054,0,-0.435100377,0,-2.064878225,0
57.53775787,-14.09400749,1,-5.273473263,1,-10.72372341,1,-1.179130793,1,-1.282555819,1,1.225301504,1,0.328825295,0,-0.442519814,0,-2.062009573,0
57.54175949,-15.20221615,1,-3.752734423,1,-11.27692604,1,-1.169770122,1,-0.764438331,1,1.262297988,1,0.322536498,0,-0.448004425,0,-2.058226109,0
57.54576111,-13.6686821,1,-3.376730919,1,-9.814951897,1,-1.124349356,1,-0.3059569,1,1.231083035,1,0.315964431,0,-0.45154497,0,-2.053717136,0
57.54975891,-7.789021015,1,-5.370091915,1,-7.904047489,1,-1.16403842,1,-0.133073732,1,1.155122042,1,0.309327066,0,-0.453778028,0,-2.048892736,0
57.55375671,-6.757532597,1,-8.750411987,1,-7.142715454,1,-1.315813422,1,-0.138121337,1,0.984691918,1,0.302433699,0,-0.455590397,0,-2.044504642,0
57.55775833,-5.811694622,1,-8.046768188,1,-7.751131535,1,-1.447211742,1,-0.21468541,1,0.850648165,1,0.295290947,0,-0.457334816,0,-2.04085207,0
57.56175995,-7.305115223,1,-6.080928326,1,-8.815745354,1,-1.487667203,1,-0.186387584,1,0.763830483,1,0.288013101,0,-0.459064424,0,-2.037693262,0
57.56576157,-7.26634407,1,-3.45749402,1,-9.606834412,1,-1.47367239,1,-0.091136977,1,0.767153442,1,0.280692935,0,-0.460462719,0,-2.034588575,0
57.56976318,-6.044718266,1,-1.750685453,1,-9.219594955,1,-1.422472835,1,-0.002864535,1,0.81363368,1,0.273423761,0,-0.461485505,0,-2.031251907,0
57.57376099,-5.662478924,1,-2.19067955,1,-9.43155098,1,-1.365783095,1,0.003781175,1,0.821429789,1,0.266241312,0,-0.462358505,0,-2.02769804,0
57.5777626,-5.536938667,1,-2.919974804,1,-8.768591881,1,-1.303367734,1,0.000993644,1,0.751329184,1,0.259400278,0,-0.463160038,0,-2.024299383,0
57.58176422,-6.170789242,1,-3.128346205,1,-8.420296669,1,-1.258247972,1,-0.008998139,1,0.703356862,1,0.252867609,0,-0.463923246,0,-2.021166325,0
57.58576202,-5.998116016,1,-2.697012424,1,-8.203619957,1,-1.237317443,1,0.004029309,1,0.668508232,1,0.246551588,0,-0.464603126,0,-2.018197536,0
57.58975983,-5.532800198,1,-1.560575485,1,-8.428883553,1,-1.176391244,1,0.027871275,1,0.645837426,1,0.240424827,0,-0.465172172,0,-2.015321016,0
57.59376144,-5.505697727,1,-0.536678493,1,-9.114099503,1,-1.088932157,1,0.018182052,1,0.589772165,1,0.234665528,0,-0.46566537,0,-2.012601137,0
57.59775925,-5.740287304,1,0.672093987,1,-9.588201523,1,-0.970824063,1,0.017635133,1,0.520908892,1,0.229452819,0,-0.466105461,0,-2.010173082,0
57.60176086,-4.923557281,1,0.183256805,1,-9.611047745,1,-0.861874759,1,-0.006757935,1,0.469226509,1,0.224816859,0,-0.466528356,0,-2.008006096,0
57.60575867,-4.673097134,1,-1.320954084,1,-9.648732185,1,-0.788320363,1,-0.038660444,1,0.423370451,1,0.220657796,0,-0.467013538,0,-2.006079435,0
57.60975647,-3.942091227,1,-2.99223423,1,-9.275691986,1,-0.757269204,1,-0.086579092,1,0.409513384,1,0.216791481,0,-0.467613608,0,-2.004327536,0
57.61375809,-3.678804874,1,-3.996843815,1,-9.085291862,1,-0.747459292,1,-0.134065732,1,0.421309233,1,0.2130263,0,-0.468402535,0,-2.002623796,0
57.61775971,-3.812492609,1,-3.763364315,1,-8.995928764,1,-0.742338061,1,-0.182432204,1,0.437584728,1,0.209257632,0,-0.469382167,0,-2.000897408,0
57.62175751,-4.168276787,1,-3.019429922,1,-9.066693306,1,-0.728483856,1,-0.215187922,1,0.447396517,1,0.205515668,0,-0.470530689,0,-1.999144912,0
57.62575531,-4.433588505,1,-2.02749753,1,-9.081095695,1,-0.70026046,1,-0.246862501,1,0.448907256,1,0.201853514,0,-0.471806169,0,-1.997375727,0
57.62976074,-4.857979298,1,-1.234637856,1,-9.026535988,1,-0.651046038,1,-0.260541886,1,0.42587471,1,0.19837144,0,-0.473146319,0,-1.995663285,0
57.63375855,-5.081925869,1,-0.94244355,1,-8.844087601,1,-0.585396826,1,-0.270277888,1,0.399404138,1,0.19516705,0,-0.474511534,0,-1.994074702,0
57.63775635,-4.872480392,1,-1.339773417,1,-8.76000309,1,-0.540664136,1,-0.272323042,1,0.364087403,1,0.192258298,0,-0.475857258,0,-1.992634892,0
57.64175797,-5.160941601,1,-1.65995872,1,-8.722496033,1,-0.50177139,1,-0.273562521,1,0.34139657,1,0.189561263,0,-0.477204591,0,-1.991300344,0
57.64575577,-4.882671356,1,-1.749369502,1,-8.553052902,1,-0.468731582,1,-0.272858799,1,0.323268384,1,0.187051833,0,-0.478523612,0,-1.99005115,0
57.64975739,-4.819715023,1,-1.034819245,1,-8.807341576,1,-0.417372823,1,-0.2754879,1,0.297153383,1,0.184743837,0,-0.479826659,0,-1.988901258,0
57.653759,-4.873944283,1,0.089494191,1,-9.129650116,1,-0.345448554,1,-0.284205824,1,0.259557486,1,0.182746053,0,-0.481130928,0,-1.987895966,0
57.65775681,-4.667265892,1,0.799257398,1,-9.278087616,1,-0.257526785,1,-0.305729687,1,0.205557287,1,0.181163371,0,-0.482451528,0,-1.987095714,0
57.66175461,-4.815562248,1,0.547665119,1,-9.339082718,1,-0.173328489,1,-0.326568991,1,0.154298797,1,0.18005091,0,-0.483830065,0,-1.986545801,0
57.66575623,-4.534725666,1,-0.465756744,1,-9.071171761,1,-0.112206005,1,-0.344053417,1,0.105531782,1,0.179344147,0,-0.485236406,0,-1.98623538,0
57.66975403,-4.525506496,1,-1.360779405,1,-8.885311127,1,-0.072189309,1,-0.352296412,1,0.071127102,1,0.178919673,0,-0.486672878,0,-1.986114144,0
57.67375565,-4.516675472,1,-1.980685592,1,-8.739619255,1,-0.050245926,1,-0.364407361,1,0.05581449,1,0.178684652,0,-0.488135338,0,-1.986134052,0
57.67775726,-4.664422035,1,-2.250846863,1,-8.470220566,1,-0.046395183,1,-0.367931724,1,0.052209295,1,0.178512484,0,-0.489610881,0,-1.986191869,0
57.68175507,-4.738006115,1,-2.491230011,1,-8.408754349,1,-0.041784152,1,-0.361824006,1,0.058658179,1,0.17836827,0,-0.491088033,0,-1.986246347,0
57.6857605,-4.985251427,1,-2.960721254,1,-8.096136093,1,-0.055103347,1,-0.346509635,1,0.074070133,1,0.178164199,0,-0.49252376,0,-1.986229539,0
57.6897583,-5.142706871,1,-3.413257837,1,-7.714151382,1,-0.086208515,1,-0.321858913,1,0.088111565,1,0.177849576,0,-0.493898839,0,-1.986145616,0
57.69375992,-5.210092545,1,-3.676025629,1,-7.529736519,1,-0.125602648,1,-0.290047616,1,0.114838339,1,0.057015151,0,-0.596731365,0,-1.91334343,0
57.69775772,-5.341467381,1,-3.621447325,1,-7.384141922,1,-0.167652458,1,-0.258111358,1,0.141136006,1,0.056125242,0,-0.597861648,0,-1.912804604,0
57.70175934,-5.202803612,1,-3.384058237,1,-7.343078613,1,-0.196233526,1,-0.222177595,1,0.163075954,1,0.055010889,0,-0.59885776,0,-1.91212523,0
57.70575714,-5.288536072,1,-3.068143845,1,-7.507597446,1,-0.22205472,1,-0.186734915,1,0.17994374,1,0.053738378,0,-0.599714398,0,-1.911359906,0
57.70975876,-5.147407532,1,-2.637582541,1,-7.715230465,1,-0.233198896,1,-0.164793894,1,0.18423444,1,0.052341517,0,-0.600457132,0,-1.910514355,0
57.71376419,-5.046475887,1,-2.379383802,1,-7.88671875,1,-0.235995606,1,-0.144215524,1,0.192736983,1,0.050896227,0,-0.601109207,0,-1.90963316,0
57.71775818,-4.871417046,1,-2.206308365,1,-8.086017609,1,-0.240354449,1,-0.135680407,1,0.201122984,1,0.049431592,0,-0.601702154,0,-1.908715725,0
57.72175598,-4.765203476,1,-1.876171827,1,-8.203307152,1,-0.22567986,1,-0.12856622,1,0.20058535,1,0.047957316,0,-0.602272332,0,-1.907774568,0
57.7257576,-4.71653223,1,-1.700531125,1,-8.210525513,1,-0.216846958,1,-0.126790836,1,0.19830206,1,0.046528321,0,-0.602809608,0,-1.906828761,0
57.7297554,-4.661385059,1,-1.705997348,1,-8.305394173,1,-0.198983386,1,-0.131068513,1,0.194608957,1,0.045175191,0,-0.603355348,0,-1.905907154,0
57.73376083,-4.513920784,1,-1.788694859,1,-8.415093422,1,-0.183724478,1,-0.136269465,1,0.18719624,1,0.043901134,0,-0.603921533,0,-1.905017138,0
57.73775482,-4.487210751,1,-1.938983798,1,-8.488197327,1,-0.166444376,1,-0.141895935,1,0.183757335,1,0.042718913,0,-0.604507565,0,-1.904159665,0
57.74175263,-4.388696194,1,-1.977271318,1,-8.581629753,1,-0.156557351,1,-0.153164983,1,0.183289275,1,0.041577432,0,-0.60512358,0,-1.903296709,0
57.74575806,-4.535785198,1,-1.796397328,1,-8.50842762,1,-0.140369639,1,-0.162176311,1,0.180465087,1,0.040491406,0,-0.605788529,0,-1.902439117,0
57.74975967,-4.62927103,1,-1.600262046,1,-8.62922287,1,-0.123259783,1,-0.177300528,1,0.176379338,1,0.039479513,0,-0.606488585,0,-1.901598215,0
57.75375748,-4.591491222,1,-1.51873827,1,-8.523391724,1,-0.108563133,1,-0.188306913,1,0.17100656,1,0.03855155,0,-0.607241273,0,-1.900789618,0
57.75775147,-4.733194351,1,-1.487291217,1,-8.488560677,1,-0.08500208,1,-0.196828008,1,0.159939766,1,0.037711233,0,-0.608032048,0,-1.900017262,0
57.76176071,-4.8484025,1,-1.534962416,1,-8.385163307,1,-0.075481884,1,-0.196790129,1,0.149195611,1,0.03697506,0,-0.60884583,0,-1.899300694,0
57.76575851,-4.930104733,1,-1.661381364,1,-8.299435616,1,-0.064510725,1,-0.203306526,1,0.138608411,1,0.036313217,0,-0.609671354,0,-1.898635745,0
57.76975632,-4.937648773,1,-1.940283179,1,-8.21954155,1,-0.070371754,1,-0.20368652,1,0.129468665,1,0.035689585,0,-0.610502243,0,-1.898014426,0
57.77375794,-4.899861813,1,-2.120067835,1,-8.163028717,1,-0.077414811,1,-0.207975522,1,0.134290993,1,0.035047945,0,-0.611339688,0,-1.897406459,0
57.77775574,-5.076343536,1,-2.209524155,1,-8.110429764,1,-0.080949731,1,-0.205157518,1,0.134298876,1,0.034380026,0,-0.612196445,0,-1.896796942,0
57.78175736,-5.056722641,1,-2.220919132,1,-8.057682991,1,-0.087185152,1,-0.199220747,1,0.139132738,1,0.033681851,0,-0.61302489,0,-1.896162868,0
57.78575516,-4.925265789,1,-2.51632762,1,-8.059873581,1,-0.09659037,1,-0.204565331,1,0.14864035,1,0.032935124,0,-0.613847673,0,-1.895493984,0
57.78975678,-4.910880089,1,-2.603912592,1,-8.092956543,1,-0.113864824,1,-0.201095596,1,0.155745119,1,0.032092199,0,-0.614675045,0,-1.894775629,0
57.79375458,-4.909122944,1,-2.484628201,1,-8.027877808,1,-0.127121881,1,-0.203684062,1,0.174685031,1,0.031160526,0,-0.615508735,0,-1.893994212,0
57.7977562,-4.975656033,1,-2.500221014,1,-8.076992989,1,-0.134703279,1,-0.204256222,1,0.188626096,1,0.03013939,0,-0.616348267,0,-1.893143177,0
57.801754,-4.886905193,1,-2.339093924,1,-8.114128113,1,-0.14834632,1,-0.199563369,1,0.193446308,1,0.029057698,0,-0.617174923,0,-1.892245531,0
57.80575943,-4.866681099,1,-2.077157974,1,-8.25190258,1,-0.142083332,1,-0.209638178,1,0.192640781,1,0.027941057,0,-0.618017197,0,-1.891324282,0
57.80976105,-4.883677006,1,-1.942696691,1,-8.352846146,1,-0.127402246,1,-0.221091405,1,0.195138425,1,0.026863841,0,-0.6188972,0,-1.890395284,0
57.81375885,-4.928893089,1,-2.138103485,1,-8.326172829,1,-0.131758243,1,-0.228694588,1,0.20191732,1,0.025802918,0,-0.619812906,0,-1.889448643,0
57.81776047,-4.945991993,1,-2.268101931,1,-8.334774017,1,-0.131533191,1,-0.241989776,1,0.201972812,1,0.024713958,0,-0.620773137,0,-1.88848865,0
57.82176209,-4.855528355,1,-2.456640959,1,-8.282610893,1,-0.135660917,1,-0.246792674,1,0.213632822,1,0.023597337,0,-0.621772766,0,-1.887495875,0
57.82575989,-4.764093876,1,-2.49247098,1,-8.32520771,1,-0.139518455,1,-0.25847435,1,0.227328479,1,0.022430381,0,-0.6227988,0,-1.886440635,0
57.82975769,-4.730906487,1,-2.409832954,1,-8.369986534,1,-0.146761417,1,-0.27371338,1,0.243913502,1,0.021200657,0,-0.623876333,0,-1.885313749,0
57.83375931,-4.799198151,1,-2.311424732,1,-8.447690964,1,-0.149114847,1,-0.284171432,1,0.251457632,1,0.019905252,0,-0.625008702,0,-1.884114504,0
57.83775711,-4.863072872,1,-2.061590195,1,-8.429714203,1,-0.156799749,1,-0.292819232,1,0.257531643,1,0.018579423,0,-0.626181185,0,-1.882886529,0
57.84175873,-4.876788616,1,-1.765915632,1,-8.486061096,1,-0.149907544,1,-0.308635712,1,0.259569794,1,0.017230516,0,-0.627401352,0,-1.881629705,0
57.84576035,-4.859632015,1,-1.418550491,1,-8.587184906,1,-0.130307958,1,-0.327413082,1,0.253913462,1,0.015935631,0,-0.628687739,0,-1.880383253,0
57.84975815,-4.783406734,1,-1.619297862,1,-8.65081501,1,-0.119426318,1,-0.349269658,1,0.256875545,1,0.014705298,0,-0.630058765,0,-1.879134774,0
57.85375595,-4.733677387,1,-1.794106841,1,-8.685290337,1,-0.114552453,1,-0.375035286,1,0.256681442,1,0.013503016,0,-0.631518722,0,-1.877897978,0
57.85775757,-4.721157074,1,-2.006158829,1,-8.737792969,1,-0.123628795,1,-0.39917317,1,0.259465605,1,0.012281545,0,-0.633070409,0,-1.876642466,0
57.86175537,-4.710552216,1,-1.868868709,1,-8.892282486,1,-0.11539162,1,-0.426271737,1,0.267103761,1,0.011032818,0,-0.63473779,0,-1.875355721,0
57.86575699,-4.547324181,1,-2.001070976,1,-8.885288239,1,-0.10810402,1,-0.463498831,1,0.284199417,1,0.009791884,0,-0.636522532,0,-1.873999,0
57.86975861,-4.566272736,1,-2.118021488,1,-8.988036156,1,-0.104484864,1,-0.501873374,1,0.297992676,1,0.008519078,0,-0.638455272,0,-1.872567177,0
57.87375641,-4.588836193,1,-2.141458511,1,-9.066372871,1,-0.110671736,1,-0.537652135,1,0.312367409,1,0.007177379,0,-0.640544713,0,-1.871055126,0
57.87775421,-4.590456009,1,-2.213155746,1,-9.052694321,1,-0.114460133,1,-0.582088053,1,0.328483552,1,0.005780235,0,-0.64279753,0,-1.869469643,0
57.88175583,-4.707568645,1,-2.349341869,1,-9.017632484,1,-0.131427556,1,-0.62369293,1,0.353777498,1,0.004272378,0,-0.645213783,0,-1.867777824,0
57.88575363,-5.059034348,1,-2.428172827,1,-9.027586937,1,-0.154475957,1,-0.666646719,1,0.367594272,1,0.002631777,0,-0.647795141,0,-1.865990162,0
57.88975525,-4.965325356,1,-2.472481728,1,-8.894887924,1,-0.176105738,1,-0.704010069,1,0.381370097,1,0.000841905,0,-0.650531173,0,-1.86412096,0
57.89375687,-4.906051636,1,-2.212169647,1,-8.958465576,1,-0.201817051,1,-0.740879297,1,0.398771197,1,-0.001108111,0,-0.653415263,0,-1.862163544,0
57.89775467,-4.872849941,1,-2.074500561,1,-9.04681778,1,-0.215680942,1,-0.778673589,1,0.403544277,1,-0.003182551,0,-0.656450152,0,-1.860126972,0
57.90175247,-4.963756084,1,-2.301274538,1,-9.184976578,1,-0.237632841,1,-0.821302116,1,0.418765247,1,-0.005374482,0,-0.659644842,0,-1.858022451,0
57.90575409,-4.798589706,1,-2.268309593,1,-9.20019722,1,-0.255547434,1,-0.859965622,1,0.428463072,1,-0.007692384,0,-0.662994087,0,-1.855851531,0
57.90975571,-4.60662365,1,-2.565669298,1,-9.117431641,1,-0.27854979,1,-0.910057664,1,0.453651339,1,-0.010181318,0,-0.666504979,0,-1.85356319,0
57.91375351,-4.792757988,1,-2.699126005,1,-9.205489159,1,-0.308323562,1,-0.949834943,1,0.470771343,1,-0.012842915,0,-0.670198858,0,-1.851161361,0
57.91775513,-4.87547493,1,-2.78826189,1,-9.328702927,1,-0.345070124,1,-0.997747064,1,0.500361145,1,-0.015751727,0,-0.674076617,0,-1.848600149,0
57.92175293,-4.859563828,1,-2.879015446,1,-9.2955513,1,-0.380473137,1,-1.054577231,1,0.526695848,1,-0.018900044,0,-0.67813915,0,-1.845879197,0
57.92575836,-4.854884624,1,-2.830726624,1,-9.330856323,1,-0.416663378,1,-1.107341409,1,0.562483788,1,-0.022334123,0,-0.682414949,0,-1.842947006,0
57.92975998,-4.905190468,1,-2.879222393,1,-9.422590256,1,-0.452563375,1,-1.167029738,1,0.596669018,1,-0.02604641,0,-0.686914265,0,-1.839813948,0
57.93375778,-4.909903049,1,-2.914887428,1,-9.39286232,1,-0.483620375,1,-1.233604908,1,0.627673149,1,-0.030053243,0,-0.691650629,0,-1.836459994,0
57.9377594,-5.197331429,1,-3.010213375,1,-9.597254753,1,-0.524163067,1,-1.2968297,1,0.675744057,1,-0.034392338,0,-0.696630955,0,-1.832845092,0
57.94176102,-5.223057747,1,-2.922251225,1,-9.634963989,1,-0.559080303,1,-1.360430121,1,0.709127784,1,-0.039045695,0,-0.701836467,0,-1.828984737,0
57.94575882,-4.778578758,1,-2.675809383,1,-9.580723763,1,-0.578875721,1,-1.434351325,1,0.750764668,1,-0.043935768,0,-0.708912134,0,-1.852371573,0
57.94975662,-5.060175419,1,-2.2733531,1,-9.931482315,1,-0.562836468,1,-1.506566525,1,0.787529826,1,-0.049095877,0,-0.714658022,0,-1.847959995,0
57.95375824,-4.650699139,1,-2.550860405,1,-9.712104797,1,-0.561915398,1,-1.592981696,1,0.83680141,1,-0.05445762,0,-0.720671773,0,-1.84323144,0
57.95775604,-4.783882141,1,-2.665601492,1,-9.798335075,1,-0.580362022,1,-1.685790539,1,0.879876852,1,-0.060097929,0,-0.7270208,0,-1.838163137,0
57.96175766,-4.773346424,1,-2.689223528,1,-9.818034172,1,-0.604651868,1,-1.786826134,1,0.935891211,1,-0.066110954,0,-0.733717203,0,-1.832704544,0
57.96575928,-4.726500511,1,-2.725681305,1,-9.898895264,1,-0.639168262,1,-1.894950747,1,0.98125869,1,-0.072532311,0,-0.740800321,0,-1.826858044,0
57.96975708,-4.570118904,1,-2.729073524,1,-10.0575428,1,-0.671971202,1,-2.010286093,1,1.036981225,1,-0.079396807,0,-0.748274505,0,-1.82057941,0
57.97375488,-4.567385197,1,-2.679773092,1,-10.46925926,1,-0.705786824,1,-2.136712074,1,1.091776729,1,-0.086772472,0,-0.756182611,0,-1.813818216,0
57.9777565,-4.200986862,1,-2.545513391,1,-10.67129326,1,-0.72581023,1,-2.284496307,1,1.15070188,1,-0.094651967,0,-0.764573216,0,-1.80654645,0
57.9817543,-4.040307045,1,-2.325943947,1,-11.04387569,1,-0.729637027,1,-2.45769453,1,1.204663754,1,-0.103006586,0,-0.773546517,0,-1.798726916,0
57.98575592,-3.948767424,1,-1.983240366,1,-11.50567722,1,-0.706569195,1,-2.647627831,1,1.275900722,1,-0.111827374,0,-0.783158302,0,-1.790257692,0
57.98975754,-5.829617977,1,-4.554745674,1,-12.29087734,1,-0.798673987,1,-2.558290482,1,1.162658572,1,-0.121051922,0,-0.793135405,0,-1.781413436,0
57.99375534,0.363314658,1,4.02747345,1,-14.81904793,1,-0.312251419,1,-3.431865215,1,1.391130209,1,-0.129784852,0,-0.80454427,0,-1.771807194,0
57.99775314,-7.656079292,1,-1.149192691,1,-12.74708271,1,-0.238217533,1,-3.391252279,1,1.422702789,1,-0.138492405,0,-0.817165613,0,-1.761249185,0
58.00175476,-2.74395895,1,-8.60896492,1,-13.34289265,1,-0.489404619,1,-3.720034122,1,1.451557875,1,-0.148295149,0,-0.830405235,0,-1.749830961,0
58.00575256,-1.990344048,1,-6.138425827,1,-14.98030472,1,-0.660439014,1,-4.146049023,1,1.48093462,1,-0.159704685,0,-0.845061541,0,-1.73761189,0
58.00975418,-2.273646593,1,-4.309542179,1,-14.36100006,1,-0.717951059,1,-4.512944221,1,1.646702766,1,-0.172669142,0,-0.861092687,0,-1.724021792,0
58.0137558,-3.778173685,1,-7.016067028,1,-14.90751743,1,-0.821716428,1,-4.83826685,1,1.810815811,1,-0.187926754,0,-0.878274202,0,-1.708180189,0
58.0177536,-4.805876732,1,-7.969300747,1,-14.60356712,1,-0.85159272,1,-5.113383293,1,1.974180102,1,-0.205076098,0,-0.896323979,0,-1.690324187,0
58.0217514,-5.503509521,1,-9.958482742,1,-14.31652164,1,-0.988338053,1,-5.348459244,1,2.213477612,1,-0.224887893,0,-0.915003777,0,-1.669821739,0
58.02575302,-6.645039558,1,-10.75334263,1,-14.54301739,1,-1.223791718,1,-5.465009689,1,2.459483862,1,-0.248054236,0,-0.933870018,0,-1.64631927,0
58.02975082,-7.26150322,1,-12.01391506,1,-13.84418964,1,-1.513710141,1,-5.519601345,1,2.70140028,1,-0.275093019,0,-0.952423692,0,-1.61965394,0
58.03375244,-8.283025742,1,-13.60901642,1,-13.82483768,1,-1.921844482,1,-5.523509502,1,2.953444958,1,-0.306511104,0,-0.970348835,0,-1.589673162,0
58.03775406,-12.30469418,1,-14.30948067,1,-14.9958477,1,-2.439525127,1,-5.512634754,1,3.202166796,1,-0.343069732,0,-0.987372041,0,-1.556128502,0
58.04175186,-18.96863747,1,-13.61589909,1,-17.02258492,1,-2.906790257,1,-5.280069828,1,3.381126642,1,-0.384664148,0,-1.002918243,0,-1.51933527,0
58.04576111,-18.93175888,1,-12.83467388,1,-16.86273766,1,-3.185095549,1,-4.895681381,1,3.511019707,1,-0.429811537,0,-1.016141534,0,-1.480442643,0
58.04976273,-15.27733517,1,-15.28399372,1,-15.8780098,1,-3.580448389,1,-4.81576252,1,3.731159449,1,-0.478400111,0,-1.027174234,0,-1.439259171,0
58.05376053,-14.62558556,1,-13.69872856,1,-15.76154423,1,-4.084214687,1,-4.800120354,1,3.864168167,1,-0.531630397,0,-1.03663218,0,-1.395119309,0
58.05776215,-16.76485443,1,-11.47354698,1,-15.74218369,1,-4.289198399,1,-4.764122009,1,3.792326689,1,-0.587964475,0,-1.044717431,0,-1.349322319,0
58.06176376,-20.30166054,1,-10.53249645,1,-15.41469479,1,-4.341095448,1,-4.694794178,1,3.878769875,1,-0.64591521,0,-1.051323533,0,-1.302390099,0
58.06576157,-22.03933144,1,-6.998893261,1,-14.67551231,1,-4.397367001,1,-4.483553886,1,4.031698704,1,-0.705332041,0,-1.055764198,0,-1.254123688,0
58.06975937,-21.41246796,1,-7.330135822,1,-12.93419266,1,-4.37880373,1,-4.354459763,1,4.163183212,1,-0.765319407,0,-1.057873607,0,-1.205350399,0
58.07376099,-20.26382637,1,-8.299256325,1,-10.88472462,1,-4.523486137,1,-4.171853065,1,4.393590927,1,-0.82598716,0,-1.057610273,0,-1.156100154,0
58.07775879,-18.14323807,1,-7.867459774,1,-9.974207878,1,-4.87357378,1,-3.939468622,1,4.526379585,1,-0.887164891,0,-1.05470717,0,-1.10737896,0
58.08176041,-16.5622921,1,-5.421164036,1,-9.324929237,1,-5.205688953,1,-3.582451105,1,4.483359337,1,-0.947587013,0,-1.049559712,0,-1.061044812,0
58.08576202,-15.01772881,1,-2.456123829,1,-9.583583832,1,-5.363759995,1,-3.090868235,1,4.345318317,1,-1.004851341,0,-1.042360902,0,-1.01932919,0
58.08975983,-18.5133419,1,-3.401663065,1,-12.33320522,1,-5.273333073,1,-2.727009296,1,4.116433144,1,-1.057998061,0,-1.033801317,0,-0.982447743,0
58.09375763,-19.79251099,1,-4.202864647,1,-13.8836689,1,-5.01279974,1,-2.298066378,1,3.818217278,1,-1.105654597,0,-1.024492979,0,-0.950841904,0
58.09775925,-16.1610508,1,-0.799187005,1,-13.16564941,1,-4.713798046,1,-2.066105843,1,3.605246305,1,-1.148281336,0,-1.014891744,0,-0.923718572,0
58.10175705,-22.17507362,1,4.987748623,1,-14.27553368,1,-3.951143503,1,-1.985605836,1,3.442076921,1,-1.186430335,0,-1.005025625,0,-0.899329782,0
58.10575867,-26.78286171,1,2.625801325,1,-16.79054642,1,-3.229421854,1,-1.366434693,1,3.29240489,1,-1.2181077,0,-0.994985759,0,-0.878543019,0
58.10976028,-16.43514061,1,-2.376620293,1,-14.91052341,1,-2.945072889,1,-0.700215161,1,3.148590326,1,-1.242867231,0,-0.984158635,0,-0.863694727,0
58.11375809,-8.718675613,1,-5.995948315,1,-11.1809082,1,-2.553646803,1,-0.363733619,1,2.840048075,1,-1.262322903,0,-0.973408818,0,-0.853528798,0
58.11775589,-8.60681057,1,-7.992477894,1,-9.688095093,1,-2.25241971,1,-0.199590057,1,2.63621521,1,-1.278106809,0,-0.963341951,0,-0.845945537,0
58.12175751,-11.88999939,1,-8.835546494,1,-11.19472218,1,-2.298464537,1,0.067824967,1,2.547670603,1,-1.291738391,0,-0.95348382,0,-0.840336204,0
58.12575531,-10.93697166,1,-9.912377357,1,-11.20282745,1,-2.440156221,1,0.405070156,1,2.420333385,1,-1.303668499,0,-0.943650544,0,-0.837324142,0
58.12975693,-7.982532024,1,-10.47868156,1,-9.714165688,1,-2.542433977,1,0.639737487,1,2.28456068,1,-1.314206004,0,-0.934017301,0,-0.836645126,0
58.13375855,-5.992410183,1,-10.817626,1,-8.62735939,1,-2.616158009,1,0.795328856,1,2.132493734,1,-1.323740602,0,-0.924746633,0,-0.837618947,0
58.13775635,-4.373217583,1,-10.54874897,1,-7.962142467,1,-2.720433474,1,0.958366156,1,1.979216218,1,-1.332531929,0,-0.915926695,0,-0.839970767,0
58.14175415,-2.776857615,1,-9.926259995,1,-7.362674713,1,-2.807086468,1,1.090736985,1,1.819391608,1,-1.340714931,0,-0.90757966,0,-0.843618631,0
58.14575577,-1.806246519,1,-9.44711113,1,-7.00595808,1,-2.830842495,1,1.196534157,1,1.645956874,1,-1.348305821,0,-0.899793744,0,-0.84831804,0
58.14975357,-1.137022853,1,-9.125358582,1,-6.673834324,1,-2.810277462,1,1.287001967,1,1.440454006,1,-1.355204344,0,-0.892688751,0,-0.853946924,0
58.15375519,-0.592788637,1,-9.03373909,1,-6.310092449,1,-2.766420841,1,1.369214058,1,1.211754322,1,-1.361342788,0,-0.886383414,0,-0.860411823,0
58.15775681,0.050957847,1,-9.097082138,1,-5.933342934,1,-2.713093281,1,1.436368346,1,0.986151814,1,-1.366694331,0,-0.880928636,0,-0.867655039,0
58.16175461,0.543448091,1,-9.196673393,1,-5.625902176,1,-2.64372611,1,1.50089097,1,0.750495195,1,-1.371301174,0,-0.8763538,0,-0.875588238,0
58.16576004,0.889149845,1,-9.338145256,1,-5.445742607,1,-2.580667019,1,1.553965807,1,0.502134681,1,-1.375167966,0,-0.872698426,0,-0.884171546,0
58.16976166,1.018187284,1,-9.549824715,1,-5.335379601,1,-2.523166656,1,1.614587426,1,0.240812019,1,-1.378317714,0,-0.870016694,0,-0.893380761,0
58.17375946,1.021572471,1,-9.838583946,1,-5.28255558,1,-2.482921124,1,1.680027723,1,-0.015658863,1,-1.380771756,0,-0.868323326,0,-0.903269231,0
58.17775726,1.00454092,1,-10.13906193,1,-5.195670128,1,-2.475903034,1,1.760092139,1,-0.285537064,1,-1.382571459,0,-0.86761874,0,-0.913901627,0
58.18175888,0.870594561,1,-10.31518841,1,-5.147997379,1,-2.478478193,1,1.857308984,1,-0.540533662,1,-1.383741498,0,-0.86789459,0,-0.925361872,0
58.18575668,0.734756052,1,-10.19616222,1,-5.093087673,1,-2.476763487,1,1.976759195,1,-0.79382056,1,-1.384177327,0,-0.869099259,0,-0.937785387,0
58.1897583,0.376403421,1,-10.10597515,1,-5.16663599,1,-2.485761166,1,2.116278887,1,-1.036883473,1,-1.383763552,0,-0.871180296,0,-0.951316595,0
58.19375992,0.007614078,1,-9.792248726,1,-5.153336048,1,-2.463877201,1,2.273884773,1,-1.269834042,1,-1.383132577,0,-0.872379303,0,-0.961453319,0
58.19775772,-0.537655652,1,-9.606182098,1,-5.252514839,1,-2.438190937,1,2.452653885,1,-1.494876146,1,-1.380605936,0,-0.876043677,0,-0.977524817,0
58.20175552,-0.720885694,1,-9.240324974,1,-5.281837463,1,-2.387552738,1,2.634057999,1,-1.693902254,1,-1.376768231,0,-0.880373538,0,-0.99506104,0
58.20575714,-0.961687028,1,-8.857174873,1,-5.29763031,1,-2.319732189,1,2.811777115,1,-1.878963351,1,-1.371485591,0,-0.885259688,0,-1.014093161,0
58.20975494,-1.204718351,1,-8.590015411,1,-5.303379536,1,-2.235899448,1,3.002920628,1,-2.043309927,1,-1.364653707,0,-0.890617013,0,-1.034648895,0
58.21375656,-1.480481744,1,-8.366690636,1,-5.264529228,1,-2.135705471,1,3.192522049,1,-2.194122791,1,-1.356132627,0,-0.896323323,0,-1.056796908,0
58.21775818,-1.6893332,1,-8.26962471,1,-5.241340637,1,-2.030692816,1,3.376014233,1,-2.321362495,1,-1.34584713,0,-0.902276516,0,-1.080571175,0
58.22175598,-1.923615098,1,-8.306427956,1,-5.172130108,1,-1.934173346,1,3.547430515,1,-2.437391043,1,-1.333827615,0,-0.908378601,0,-1.105931282,0
58.22575378,-2.063293695,1,-8.314176559,1,-5.052173138,1,-1.839351892,1,3.717444897,1,-2.547842979,1,-1.320056438,0,-0.91454047,0,-1.132892609,0
58.2297554,-2.171318054,1,-8.426550865,1,-5.009200096,1,-1.767372608,1,3.873469591,1,-2.648280382,1,-1.304611564,0,-0.920699477,0,-1.161428332,0
58.2337532,-2.41917944,1,-8.530555725,1,-4.814146519,1,-1.707441449,1,4.004527092,1,-2.743596792,1,-1.287599087,0,-0.926807761,0,-1.191452026,0
58.23775482,-2.664281845,1,-8.628111839,1,-4.621079922,1,-1.669976473,1,4.139345646,1,-2.839567661,1,-1.269100904,0,-0.932808518,0,-1.222947955,0
58.24175644,-2.861280918,1,-8.731620789,1,-4.448663712,1,-1.637100577,1,4.253009319,1,-2.92504406,1,-1.249216795,0,-0.938632548,0,-1.255860448,0
58.24575424,-3.162238836,1,-8.931372643,1,-4.253661633,1,-1.615870118,1,4.355471134,1,-2.99997735,1,-1.228054047,0,-0.944213629,0,-1.290091515,0
58.24975205,-3.285029888,1,-9.004085541,1,-4.062957764,1,-1.58500278,1,4.43230772,1,-3.06304121,1,-1.205711246,0,-0.949496686,0,-1.32550776,0
58.25375366,-3.601089001,1,-8.996875763,1,-3.948343277,1,-1.557345271,1,4.490076065,1,-3.117496729,1,-1.182287455,0,-0.954419792,0,-1.361967206,0
58.25775147,-3.970808268,1,-9.019003868,1,-3.735030413,1,-1.514658451,1,4.535058975,1,-3.169066906,1,-1.157894135,0,-0.95896244,0,-1.39932847,0
58.26175308,-4.251786232,1,-8.965105057,1,-3.62391758,1,-1.466509581,1,4.552680016,1,-3.215917587,1,-1.132623196,0,-0.963089466,0,-1.437440157,0
58.2657547,-4.595234394,1,-8.911429405,1,-3.542669296,1,-1.404413939,1,4.565155506,1,-3.261287928,1,-1.106518626,0,-0.966798007,0,-1.476179242,0
58.2697525,-4.989677429,1,-8.869303703,1,-3.527806282,1,-1.327236772,1,4.554844379,1,-3.312251806,1,-1.079630733,0,-0.970083952,0,-1.515447021,0
58.27375031,-5.440006733,1,-8.867692947,1,-3.549751282,1,-1.237690091,1,4.547025681,1,-3.357428789,1,-1.051967263,0,-0.972942114,0,-1.555160284,0
58.27775192,-5.93441391,1,-8.87429142,1,-3.624287128,1,-1.130711555,1,4.536344528,1,-3.406736851,1,-1.023548961,0,-0.975364447,0,-1.595244408,0
58.28175354,-6.604380131,1,-8.99527359,1,-3.705710411,1,-1.016104102,1,4.524799824,1,-3.459991693,1,-0.994344234,0,-0.977327049,0,-1.635687828,0
58.28575897,-7.192636013,1,-9.076411247,1,-3.913215637,1,-0.893007398,1,4.53244257,1,-3.519416809,1,-0.96427834,0,-0.978806555,0,-1.676538706,0
58.28976059,-7.920819759,1,-9.184482574,1,-4.060404301,1,-0.757018328,1,4.544650555,1,-3.59162879,1,-0.933297336,0,-0.979792178,0,-1.717840195,0
58.29375839,-8.543633461,1,-9.231692314,1,-4.264579773,1,-0.629367411,1,4.568144321,1,-3.67136693,1,-0.901335239,0,-0.98024869,0,-1.759660125,0
58.2977562,-9.205099106,1,-9.300934792,1,-4.390722275,1,-0.49922657,1,4.60530138,1,-3.766502142,1,-0.868365645,0,-0.980141521,0,-1.802071571,0
58.30175781,-9.591452599,1,-9.442371368,1,-4.551459312,1,-0.384474814,1,4.638859749,1,-3.867573023,1,-0.834414959,0,-0.979442656,0,-1.845081806,0
58.30575562,-9.850532532,1,-9.579691887,1,-4.626901627,1,-0.28351441,1,4.677771091,1,-3.970405579,1,-0.799593687,0,-0.978120625,0,-1.888651967,0
58.30975723,-9.955130577,1,-9.723753929,1,-4.632977009,1,-0.186946392,1,4.703593731,1,-4.072087288,1,-0.764022648,0,-0.976144075,0,-1.932691097,0
58.31376267,-9.982789993,1,-9.81607914,1,-4.601243019,1,-0.102852806,1,4.717019081,1,-4.167206764,1,-0.72790581,0,-0.973484278,0,-1.97703433,0
58.31775665,-9.941435814,1,-9.828856468,1,-4.638994217,1,-0.024986766,1,4.716190815,1,-4.247018814,1,-0.691435754,0,-0.970132411,0,-2.021497011,0
58.32175446,-9.996294022,1,-9.783691406,1,-4.573082447,1,0.055180922,1,4.707540989,1,-4.320382595,1,-0.654822707,0,-0.966084242,0,-2.06586647,0
58.32575607,-10.13502216,1,-9.690059662,1,-4.638506889,1,0.134664834,1,4.678457737,1,-4.370674133,1,-0.6182459,0,-0.961319208,0,-2.109928846,0
58.32975388,-10.19728088,1,-9.536184311,1,-4.653640747,1,0.219413146,1,4.646839142,1,-4.41378212,1,-0.581883192,0,-0.955849111,0,-2.15349102,0
58.33375931,-10.27600765,1,-9.352643967,1,-4.746914387,1,0.320950091,1,4.601131439,1,-4.445535183,1,-0.545831203,0,-0.949687362,0,-2.196406364,0
58.33776093,-10.38338375,1,-9.171895027,1,-4.833554745,1,0.430007696,1,4.548362255,1,-4.463515282,1,-0.510191977,0,-0.942845821,0,-2.238487482,0
58.34175873,-10.53258038,1,-8.985588074,1,-5.016760349,1,0.548691392,1,4.489605904,1,-4.469884396,1,-0.475027949,0,-0.935361147,0,-2.279639006,0
58.34575653,-10.68800068,1,-8.882665634,1,-5.219436646,1,0.674702287,1,4.436532497,1,-4.471106052,1,-0.44040823,0,-0.927247226,0,-2.319739342,0
58.34975815,-10.97960186,1,-8.764381409,1,-5.497985363,1,0.810148895,1,4.377930641,1,-4.455274582,1,-0.406349659,0,-0.918512166,0,-2.358726978,0
58.35375595,-11.25057983,1,-8.76307869,1,-5.82722044,1,0.939920485,1,4.328197002,1,-4.447185993,1,-0.37291646,0,-0.909169137,0,-2.396522522,0
58.35775757,-11.61463356,1,-8.729214668,1,-6.186547756,1,1.070038676,1,4.291761398,1,-4.425800323,1,-0.340112269,0,-0.899204731,0,-2.433135986,0
58.36175919,-12.04457474,1,-8.760139465,1,-6.61093998,1,1.188034296,1,4.270353794,1,-4.412155628,1,-0.307941705,0,-0.888609767,0,-2.468608379,0
58.36575699,-12.34602451,1,-8.786151886,1,-7.004972458,1,1.303525209,1,4.263302326,1,-4.393823624,1,-0.276441723,0,-0.877334535,0,-2.502919197,0
58.36975479,-12.62943363,1,-8.781467438,1,-7.554357052,1,1.41395843,1,4.28025341,1,-4.382208347,1,-0.245612577,0,-0.865361273,0,-2.536100149,0
58.37375641,-12.68975544,1,-8.554714203,1,-7.995350838,1,1.535265326,1,4.294205666,1,-4.363615036,1,-0.215435937,0,-0.852666914,0,-2.568161011,0
58.37775421,-12.57839584,1,-8.256893158,1,-8.434192657,1,1.656827211,1,4.30045557,1,-4.346293926,1,-0.185893998,0,-0.839290679,0,-2.599087238,0
58.38175583,-12.51272202,1,-7.965590477,1,-8.794768333,1,1.799954057,1,4.310514927,1,-4.326654911,1,-0.156984255,0,-0.825268745,0,-2.628837824,0
58.38575745,-12.46324635,1,-7.614354134,1,-9.212036133,1,1.945026159,1,4.312029362,1,-4.298882008,1,-0.128657311,0,-0.810658455,0,-2.657393932,0
58.38975525,-12.43599606,1,-7.215434551,1,-9.550813675,1,2.112534285,1,4.296983719,1,-4.261792183,1,-0.100869618,0,-0.795507073,0,-2.684729576,0
58.39375305,-12.44797134,1,-7.013813019,1,-9.840134621,1,2.290916204,1,4.279008865,1,-4.221557617,1,-0.073561944,0,-0.779893875,0,-2.710821629,0
58.39775467,-12.53498745,1,-6.957658768,1,-10.0986681,1,2.472522736,1,4.246527195,1,-4.184145451,1,-0.046703555,0,-0.763883412,0,-2.735669374,0
58.40175247,-12.76708317,1,-7.015778542,1,-10.48824215,1,2.655749559,1,4.194044113,1,-4.139864445,1,-0.02021954,0,-0.747566879,0,-2.759318829,0
58.4057579,-13.16368961,1,-7.152769089,1,-10.88939762,1,2.823945522,1,4.133293152,1,-4.104393005,1,0.005886967,0,-0.731028616,0,-2.781799793,0
58.40975952,-13.7808485,1,-7.343464375,1,-11.33576965,1,2.984784365,1,4.064981461,1,-4.0685606,1,0.031639315,0,-0.714323342,0,-2.80317688,0
58.41376114,-14.50768757,1,-7.511134148,1,-11.9276762,1,3.129244328,1,3.978228569,1,-4.059934139,1,0.057109516,0,-0.697533965,0,-2.823583603,0
58.41775894,-15.60976505,1,-7.700424671,1,-12.56776714,1,3.261899471,1,3.899145603,1,-4.069327831,1,0.082345076,0,-0.680683792,0,-2.843159199,0
58.42176056,-17.04582214,1,-7.931967735,1,-13.16887951,1,3.377917528,1,3.827975273,1,-4.09950161,1,0.107412644,0,-0.663756192,0,-2.862074852,0
58.42575836,-18.74423599,1,-8.135620117,1,-13.71513557,1,3.482419491,1,3.781955719,1,-4.153774738,1,0.132320598,0,-0.646681607,0,-2.88044095,0
58.42975998,-20.57357788,1,-8.308281898,1,-14.09075451,1,3.57497406,1,3.756280422,1,-4.23074007,1,0.157132834,0,-0.629347563,0,-2.89839673,0
58.43375778,-22.51443672,1,-8.370293617,1,-14.28176117,1,3.650716305,1,3.739594936,1,-4.329194546,1,0.181836233,0,-0.611678243,0,-2.916030407,0
58.43775559,-24.40512657,1,-8.258862495,1,-14.26058674,1,3.710851192,1,3.738422871,1,-4.443539143,1,0.206412137,0,-0.593608439,0,-2.933425903,0
58.4417572,-26.29162979,1,-7.119083405,1,-12.81503201,1,3.760367393,1,3.765402555,1,-4.585631371,1,0.230844811,0,-0.5750646,0,-2.950633764,0
58.44575882,-23.60451126,1,2.956451893,1,-14.33746433,1,3.906253099,1,3.606146336,1,-4.870151997,1,0.274122596,0,-0.568974018,0,-2.940877438,0
58.44975662,-20.13284874,1,3.718906879,1,-13.98316956,1,4.060955524,1,3.380554914,1,-5.166484356,1,0.299646318,0,-0.549914777,0,-2.958922863,0
58.45375443,-21.55211258,1,3.549517393,1,-13.31575871,1,4.272164822,1,3.216364861,1,-5.469339371,1,0.326013982,0,-0.530786693,0,-2.977814674,0
58.45775986,-23.10998535,1,4.219591141,1,-12.37027454,1,4.427446842,1,3.003778219,1,-5.629821777,1,0.353093982,0,-0.511655331,0,-2.99719882,0
58.46175766,-24.68208885,1,3.532477856,1,-10.84397888,1,4.444835663,1,2.841172218,1,-5.682480335,1,0.380189419,0,-0.492638588,0,-3.016539574,0
58.46575546,-26.64950562,1,2.125709295,1,-9.672235489,1,4.269419193,1,2.700705767,1,-5.666326523,1,0.406446069,0,-0.473699331,0,-3.03542757,0
58.46975708,-28.17703819,1,0.658554614,1,-8.173650742,1,3.896965265,1,2.568809032,1,-5.556897163,1,0.430962384,0,-0.454931587,0,-3.053590536,0
58.47375488,-28.78184319,1,-0.450982094,1,-6.596852303,1,3.402259588,1,2.440369129,1,-5.34901762,1,0.452972531,0,-0.43652463,0,-3.070723057,0
58.4777565,-28.89958191,1,-0.303111911,1,-5.179814816,1,2.835367203,1,2.28866601,1,-5.055900097,1,0.472020328,0,-0.418749988,0,-3.08656764,0
58.48175812,-28.6175518,1,1.64085114,1,-4.04632473,1,2.284502268,1,2.083628654,1,-4.704479218,1,0.488004625,0,-0.401973009,0,-3.101050854,0
58.48575592,-28.24752045,1,5.167638302,1,-2.850922108,1,1.868132353,1,1.841670156,1,-4.333084106,1,0.501339555,0,-0.386483312,0,-3.114246607,0
58.48975372,-28.2272625,1,8.750123978,1,-1.709893227,1,1.629845381,1,1.605081201,1,-3.9699862,1,0.512739956,0,-0.372382104,0,-3.126256943,0
58.49375534,-28.75955772,1,11.40655994,1,-0.572143912,1,1.550687909,1,1.362653613,1,-3.621322632,1,0.522986114,0,-0.359704137,0,-3.137238503,0
58.49775314,-29.52939796,1,13.0867691,1,0.433386236,1,1.597814202,1,1.117943406,1,-3.281265497,1,0.53274107,0,-0.348461211,0,3.135900974,0
58.50175476,-30.39183044,1,14.09579754,1,1.303172112,1,1.713275552,1,0.873331964,1,-2.953977823,1,0.542456985,0,-0.338650405,0,3.126695395,0
58.50575638,-31.19491386,1,14.89128971,1,1.910580158,1,1.836041093,1,0.635497391,1,-2.660079956,1,0.552336812,0,-0.330238819,0,3.118221045,0
58.50975418,-31.4445858,1,15.41426468,1,2.386761189,1,1.933923364,1,0.403231531,1,-2.398346424,1,0.562425435,0,-0.323130876,0,3.110323906,0
58.51375198,-31.0857811,1,15.65653229,1,2.802445889,1,1.991126537,1,0.180281624,1,-2.185218811,1,0.572645783,0,-0.317217886,0,3.102841616,0
58.5177536,-30.28351784,1,15.56899166,1,3.010225058,1,1.985169291,1,-0.043138724,1,-2.005393505,1,0.582844138,0,-0.312407047,0,3.095631838,0
58.5217514,-29.4946785,1,14.81998825,1,2.997391939,1,1.912591457,1,-0.270604372,1,-1.849790931,1,0.592834175,0,-0.308655918,0,3.08853507,0
58.52575684,-28.71032906,1,13.13444042,1,2.951049805,1,1.728616834,1,-0.496639997,1,-1.691367745,1,0.6022771,0,-0.305937588,0,3.081485271,0
58.52975845,-28.26878357,1,10.75568771,1,3.001814604,1,1.423991919,1,-0.712728798,1,-1.513522983,1,0.610699117,0,-0.30428201,0,3.074509382,0
58.53375626,-27.72790146,1,8.324741364,1,2.790454865,1,1.007523417,1,-0.918944776,1,-1.310285926,1,0.617622852,0,-0.303700268,0,3.06769824,0
58.53775787,-26.22661018,1,5.393335819,1,1.716706991,1,0.472630531,1,-1.142081261,1,-1.068126678,1,0.622594237,0,-0.304263264,0,3.061121941,0
58.54175949,0.624379158,1,-22.42148972,1,-0.613919735,1,-2.106868029,1,-1.907340169,1,-0.5998438,1,0.622074604,0,-0.307094544,0,3.054693222,0
58.54575729,-41.94087219,1,-8.45214653,1,8.224608421,1,-4.227188587,1,-3.639122486,1,0.485466599,1,0.610822201,0,-0.316101253,0,3.047508001,0
58.5497551,-12.46216965,1,12.08075237,1,4.793228149,1,-3.765220165,1,-3.014067173,1,0.797232389,1,0.596561015,0,-0.328996181,0,3.041835546,0
58.55375671,25.75463486,1,5.165802002,1,-1.550642848,1,-3.689227104,1,-3.312381268,1,0.915841043,1,0.58323133,0,-0.340999693,0,3.037437201,0
58.55775452,3.040273905,1,3.543487787,1,-13.54415226,1,-3.92056036,1,-4.146344662,1,1.360154152,1,0.569536209,0,-0.356119752,0,3.03279233,0
58.56175613,-3.019681215,1,3.551173687,1,-23.40320396,1,-3.555282354,1,-3.919865608,1,1.476491213,1,0.555785894,0,-0.37299335,0,3.028678417,0
58.56575775,8.551408768,1,-2.143100977,1,-27.60291862,1,-2.979097605,1,-3.576397181,1,1.573298931,1,0.54399842,0,-0.388852686,0,3.02587986,0
58.56975555,5.467372417,1,-7.78141737,1,-24.38158798,1,-3.064836025,1,-3.554677486,1,1.748989105,1,0.532612681,0,-0.404509187,0,3.024116039,0
58.57375717,5.687505245,1,-2.989440203,1,-18.17671394,1,-2.988336325,1,-3.583442688,1,2.022417068,1,0.520611703,0,-0.420568258,0,3.023409128,0
58.57775879,2.925702095,1,9.083424568,1,-14.49353981,1,-2.407285213,1,-3.991072655,1,2.491455555,1,0.509842157,0,-0.438111335,0,3.023939133,0
58.58175659,-8.0436306,1,12.44672871,1,-15.78032494,1,-2.214361191,1,-4.489621162,1,2.776911497,1,0.500104666,0,-0.458217472,0,3.024964571,0
58.5857544,-8.482563972,1,14.32402039,1,-16.98442268,1,-1.784056902,1,-4.555270195,1,2.912079096,1,0.49130407,0,-0.479513705,0,3.026567221,0
58.58975601,-12.48974705,1,12.05278397,1,-16.77783394,1,-1.479964495,1,-4.577931404,1,2.990027666,1,0.483838737,0,-0.501236141,0,3.028733492,0
58.59375382,-20.30628777,1,9.016072273,1,-18.66495514,1,-1.275643468,1,-4.433049679,1,2.868892193,1,0.477155745,0,-0.522746205,0,3.031047821,0
58.59775543,-21.7761879,1,6.062037468,1,-19.47836685,1,-1.086221337,1,-4.024870872,1,2.672893763,1,0.471209407,0,-0.542829037,0,3.033535004,0
58.60175705,-22.61183167,1,3.983537436,1,-19.00293541,1,-0.825063109,1,-3.673339367,1,2.469701052,1,0.466014773,0,-0.561231077,0,3.036159992,0
58.60575485,-27.77708054,1,-1.133829117,1,-17.62296867,1,-0.7152192,1,-3.370021582,1,2.258063793,1,0.461591184,0,-0.578086138,0,3.038705349,0
58.60975266,-26.32115364,1,-5.787665844,1,-14.52494526,1,-0.685590386,1,-2.807798624,1,1.938401937,1,0.457388818,0,-0.59294337,0,3.04117775,0
58.61375427,-21.99596024,1,-8.931239128,1,-10.53485966,1,-0.66766423,1,-2.446311712,1,1.667436838,1,0.453445464,0,-0.605476141,0,3.043433189,0
58.61775208,-18.46118164,1,-9.682271004,1,-8.165474892,1,-0.740248859,1,-2.178030491,1,1.369508743,1,0.449589908,0,-0.616411448,0,3.045208931,0
58.62175369,-12.02753353,1,-9.599796295,1,-7.295893192,1,-0.82718724,1,-2.015648365,1,1.146710992,1,0.445860684,0,-0.626121342,0,3.046283007,0
58.62575531,-8.980690002,1,-7.604952812,1,-7.214991093,1,-1.009729981,1,-1.920039058,1,1.052424788,1,0.441794991,0,-0.635087609,0,3.046985626,0
58.62975311,-7.759184837,1,-5.694233418,1,-7.888874531,1,-1.139996052,1,-1.773171663,1,0.978470385,1,0.437046468,0,-0.643520713,0,3.047639608,0
58.63375092,-8.956561089,1,-4.090121746,1,-9.48308754,1,-1.222120762,1,-1.56284225,1,0.952456534,1,0.431806982,0,-0.651261926,0,3.048514366,0
58.63775253,-7.17206955,1,-1.337468863,1,-10.17148113,1,-1.169909477,1,-1.305884242,1,0.95052582,1,0.42621547,0,-0.658012986,0,3.049834013,0
58.64175034,-9.362941742,1,0.233400643,1,-11.07639599,1,-1.130741477,1,-1.067620993,1,0.87224108,1,0.420443892,0,-0.663907766,0,3.051628351,0
58.64575958,-8.709353447,1,1.705181122,1,-10.17066383,1,-1.006569862,1,-0.774701238,1,0.825428903,1,0.414954424,0,-0.668605983,0,3.053659439,0
58.6497612,-11.94142723,1,-0.206956685,1,-10.32553101,1,-0.943567991,1,-0.53969264,1,0.726801991,1,0.409604669,0,-0.672314405,0,3.05596137,0
58.653759,-11.46056175,1,-1.357477546,1,-9.297727585,1,-0.84367162,1,-0.266635716,1,0.60137707,1,0.404586732,0,-0.674805701,0,3.058278322,0
58.65776062,-10.19917488,1,-3.656047106,1,-9.059145927,1,-0.766214848,1,-0.163832381,1,0.443305105,1,0.400072277,0,-0.676390648,0,3.060330868,0
58.66176224,-6.993813038,1,-4.249959469,1,-8.15869236,1,-0.709263504,1,-0.124277994,1,0.347968131,1,0.396177322,0,-0.677499712,0,3.061896563,0
58.66576004,-5.008457661,1,-4.631788254,1,-9.063213348,1,-0.701299787,1,-0.18287982,1,0.337032109,1,0.392511427,0,-0.678594589,0,3.063214302,0
58.66975784,-5.116122246,1,-4.211138248,1,-9.536240578,1,-0.67100209,1,-0.153509691,1,0.351772606,1,0.388985693,0,-0.679740608,0,3.064493179,0
58.67375946,-4.600152969,1,-3.432985783,1,-8.970311165,1,-0.665738285,1,-0.141544446,1,0.41613245,1,0.385317743,0,-0.680864215,0,3.066063643,0
58.67775726,-5.109841824,1,-3.223509312,1,-8.754261971,1,-0.673858941,1,-0.156885296,1,0.435507268,1,0.38153109,0,-0.682062864,0,3.067811966,0
58.68175888,-6.082973957,1,-3.257357836,1,-8.750091553,1,-0.646760404,1,-0.14104487,1,0.417047203,1,0.377786696,0,-0.683255672,0,3.069564104,0
58.6857605,-5.726809978,1,-3.015679598,1,-8.268802643,1,-0.604200125,1,-0.134703949,1,0.412013918,1,0.374200195,0,-0.684367955,0,3.071290493,0
58.6897583,-5.176449299,1,-2.900923252,1,-8.688224792,1,-0.579958022,1,-0.124556467,1,0.409758776,1,0.370725513,0,-0.685453057,0,3.07302165,0
58.6937561,-4.861719608,1,-2.219696045,1,-8.851418495,1,-0.552549422,1,-0.116960451,1,0.421425372,1,0.36732927,0,-0.692887187,0,3.116906881,0
58.69776154,-4.619594574,1,-1.38730526,1,-8.82037735,1,-0.514056802,1,-0.132691577,1,0.414530039,1,0.364027143,0,-0.693951845,0,3.118712902,0
58.70175934,-5.332046509,1,-0.762610257,1,-8.837772369,1,-0.461447299,1,-0.148609564,1,0.38333106,1,0.360985994,0,-0.695057094,0,3.12039566,0
58.70575714,-5.418241978,1,-0.349361092,1,-8.980224609,1,-0.389509797,1,-0.146280661,1,0.339450598,1,0.358314008,0,-0.696121931,0,3.121894836,0
58.70975876,-4.910984039,1,-0.57617116,1,-9.491856575,1,-0.316298872,1,-0.171426281,1,0.297124982,1,0.356086969,0,-0.697156012,0,3.123157978,0
58.71375656,-4.242144108,1,-1.070827723,1,-9.753121376,1,-0.25700599,1,-0.205923066,1,0.27162534,1,0.354274392,0,-0.698252022,0,3.124194145,0
58.71775818,-4.134761333,1,-1.645956993,1,-9.572002411,1,-0.202005997,1,-0.253654301,1,0.253775269,1,0.352803349,0,-0.699471056,0,3.125059605,0
58.7217598,-4.690644264,1,-1.953826904,1,-9.24288559,1,-0.163030893,1,-0.287119329,1,0.242049053,1,0.351613104,0,-0.700837016,0,3.12577939,0
58.7257576,-5.108858109,1,-2.27844429,1,-8.862021446,1,-0.135710269,1,-0.296109408,1,0.233298764,1,0.350604057,0,-0.702268839,0,3.12642169,0
58.7297554,-5.158595085,1,-2.337053061,1,-8.674843788,1,-0.116557837,1,-0.305536836,1,0.232190087,1,0.349710345,0,-0.703717828,0,3.127032518,0
58.73375702,-4.767621994,1,-2.319615126,1,-8.635884285,1,-0.104022212,1,-0.312595248,1,0.23236084,1,0.348897725,0,-0.705186546,0,3.127623558,0
58.73775482,-4.869184017,1,-1.92066431,1,-8.937853813,1,-0.083587885,1,-0.322943896,1,0.229830265,1,0.348150045,0,-0.706700444,0,3.128197908,0
58.74175644,-4.965897083,1,-1.405544758,1,-8.839782715,1,-0.059646986,1,-0.337552607,1,0.211445883,1,0.347536027,0,-0.708247304,0,3.128702879,0
58.74575806,-5.147661209,1,-1.220979929,1,-8.835678101,1,-0.016904939,1,-0.346277475,1,0.174098551,1,0.347158134,0,-0.709793568,0,3.129054308,0
58.74975586,-5.131027699,1,-1.255463004,1,-8.867630005,1,0.024078861,1,-0.35625869,1,0.12480396,1,0.347100377,0,-0.711314738,0,3.129165411,0
58.75375366,-5.001134396,1,-1.417866826,1,-8.957482338,1,0.062038515,1,-0.368186384,1,0.085575104,1,0.347351789,0,-0.712820768,0,3.129042149,0
58.75775528,-4.675216675,1,-1.402330875,1,-8.916623116,1,0.090760708,1,-0.388773352,1,0.052791949,1,0.347870469,0,-0.7143296,0,3.128708601,0
58.76175308,-4.699549198,1,-1.194766879,1,-8.87638855,1,0.126240328,1,-0.408182561,1,0.017602291,1,0.34866631,0,-0.715878725,0,3.128159761,0
58.7657547,-4.731698036,1,-0.951754332,1,-8.813719749,1,0.175791517,1,-0.429025471,1,-0.022870574,1,0.349773943,0,-0.717449248,0,3.127387285,0
58.76976013,-4.827054501,1,-0.822827399,1,-8.94115448,1,0.221212,1,-0.448346049,1,-0.056914251,1,0.351225406,0,-0.719044328,0,3.126386881,0
58.77376556,-4.942308903,1,-1.183179975,1,-8.812279701,1,0.266394943,1,-0.467329651,1,-0.084769264,1,0.352990359,0,-0.720666647,0,3.125203609,0
58.77776337,-4.792669296,1,-1.830320597,1,-8.663768768,1,0.298241347,1,-0.486909598,1,-0.103716299,1,0.355018437,0,-0.722315192,0,3.123843193,0
58.78176498,-4.768074036,1,-2.269886971,1,-8.608858109,1,0.308819979,1,-0.497932345,1,-0.109592184,1,0.357179344,0,-0.724023938,0,3.122393847,0
58.78576279,-4.698245525,1,-2.481741905,1,-8.459692955,1,0.321542829,1,-0.505920053,1,-0.117167234,1,0.359437764,0,-0.725752234,0,3.120877266,0
58.7897644,-4.865385056,1,-2.691621065,1,-8.358905792,1,0.318214536,1,-0.504851401,1,-0.102600664,1,0.361723185,0,-0.727486849,0,3.119369507,0
58.79376602,-5.045291424,1,-3.023301601,1,-8.107198715,1,0.309123069,1,-0.495353669,1,-0.081737868,1,0.363918006,0,-0.729237497,0,3.117956877,0
58.79776382,-5.123620033,1,-3.666804314,1,-7.83946991,1,0.283284396,1,-0.481433362,1,-0.051188905,1,0.365965068,0,-0.730965853,0,3.116679192,0
58.80176163,-5.354232788,1,-4.226140022,1,-7.447814941,1,0.238341033,1,-0.456144601,1,-0.024218548,1,0.367729664,0,-0.732674122,0,3.115597248,0
58.80576325,-5.338774204,1,-4.613585472,1,-7.135715008,1,0.189314708,1,-0.412487328,1,0.004047624,1,0.369192898,0,-0.734278083,0,3.114697218,0
58.80976105,-5.378193855,1,-4.501754761,1,-7.121770382,1,0.126700923,1,-0.366200447,1,0.051645812,1,0.370233297,0,-0.735780239,0,3.11408639,0
58.81376267,-5.32323122,1,-4.148240566,1,-7.220102787,1,0.078009315,1,-0.316319019,1,0.081975661,1,0.370873362,0,-0.737148881,0,3.113755465,0
58.81776428,-5.315645218,1,-3.738304853,1,-7.379975319,1,0.040786617,1,-0.278024703,1,0.106960528,1,0.371181279,0,-0.738396406,0,3.113651514,0
58.82176209,-5.275354385,1,-3.388226986,1,-7.465461254,1,0.01045655,1,-0.247324824,1,0.123954535,1,0.371228248,0,-0.739546955,0,3.113722801,0
58.82575989,-5.191019058,1,-3.251541138,1,-7.74451685,1,-0.007204181,1,-0.227348343,1,0.133019418,1,0.371111184,0,-0.740621746,0,3.113908768,0
58.82976151,-4.932802677,1,-2.972047806,1,-7.964822292,1,-0.018254835,1,-0.224674106,1,0.146151468,1,0.370871663,0,-0.74167037,0,3.114176273,0
58.83375931,-4.996844769,1,-2.594094276,1,-8.013171196,1,-0.018914197,1,-0.222007051,1,0.155594766,1,0.3705796,0,-0.742725909,0,3.114497662,0
58.83776093,-4.915291309,1,-2.58173275,1,-8.179626465,1,-0.007966645,1,-0.225561038,1,0.166985899,1,0.37027669,0,-0.743796647,0,3.114870071,0
58.84176254,-4.757190228,1,-2.641766787,1,-8.200492859,1,-0.007634158,1,-0.244757384,1,0.164539412,1,0.36999324,0,-0.744912028,0,3.115247011,0
58.84576035,-4.715722561,1,-2.493463755,1,-8.241779327,1,0.015624922,1,-0.256543785,1,0.163117528,1,0.369772255,0,-0.746085525,0,3.11558485,0
58.84975815,-4.755746365,1,-2.387354851,1,-8.35044384,1,0.036430802,1,-0.260249794,1,0.163210332,1,0.369655132,0,-0.747277141,0,3.115909576,0
58.85375977,-4.710790634,1,-2.312892675,1,-8.3717556,1,0.056415122,1,-0.27520892,1,0.167830154,1,0.369627953,0,-0.748519838,0,3.116224766,0
58.85775757,-4.808018684,1,-2.094913721,1,-8.382793427,1,0.08528354,1,-0.284305841,1,0.159972399,1,0.369716704,0,-0.749795318,0,3.116511345,0
58.86175919,-4.825303555,1,-1.975354671,1,-8.443164825,1,0.12144696,1,-0.298557758,1,0.154343128,1,0.369973779,0,-0.751098871,0,3.116739035,0
58.8657608,-4.912437439,1,-2.048700333,1,-8.385609627,1,0.157092258,1,-0.322062463,1,0.158247352,1,0.370407611,0,-0.752478004,0,3.116914034,0
58.86975861,-4.759271145,1,-2.706686735,1,-8.488694191,1,0.135917097,1,-0.348232239,1,0.153564304,1,0.370913744,0,-0.753946185,0,3.117046118,0
58.87375641,-4.853452206,1,-2.178048611,1,-8.3858881,1,0.140138313,1,-0.371656477,1,0.146222636,1,0.371402085,0,-0.755512238,0,3.117106199,0
58.87775803,-4.919382572,1,-2.213654041,1,-8.242694855,1,0.170888379,1,-0.385446817,1,0.15277499,1,0.372031301,0,-0.75714165,0,3.117111683,0
58.88175583,-4.924363613,1,-2.645951509,1,-8.167422295,1,0.163755134,1,-0.389109999,1,0.156603202,1,0.372690141,0,-0.758799732,0,3.11713624,0
58.88575745,-5.029533863,1,-2.699762583,1,-8.067737579,1,0.153350502,1,-0.398684382,1,0.155652627,1,0.373299122,0,-0.760490894,0,3.11714673,0
58.88976669,-5.165364265,1,-2.579847336,1,-7.91823101,1,0.154047012,1,-0.400279194,1,0.153225735,1,0.373926967,0,-0.762209654,0,3.117120743,0
58.89377213,-5.269427776,1,-2.614668131,1,-7.793265343,1,0.148606434,1,-0.390435636,1,0.162149981,1,0.374524504,0,-0.763908863,0,3.11713624,0
58.89776993,-5.389364243,1,-2.933144093,1,-7.749373436,1,0.135235488,1,-0.390413761,1,0.16797857,1,0.375059634,0,-0.765611291,0,3.117189169,0
58.90177155,-5.308180332,1,-3.379350424,1,-7.621654987,1,0.086095475,1,-0.374335587,1,0.180361271,1,0.375420868,0,-0.76728636,0,3.11730957,0
58.90576935,-5.398449421,1,-3.216870785,1,-7.455979347,1,0.04940369,1,-0.365944535,1,0.18605639,1,0.375552684,0,-0.768937826,0,3.11750102,0
58.90977097,-5.539027214,1,-3.139238596,1,-7.411626816,1,0.03822485,1,-0.341745853,1,0.19981195,1,0.375538349,0,-0.770543873,0,3.117779732,0
58.91377258,-5.646140575,1,-3.184015751,1,-7.320375919,1,0.003949198,1,-0.311242342,1,0.213529468,1,0.375352561,0,-0.772067308,0,3.118173838,0
58.91777039,-5.605847359,1,-2.983789682,1,-7.270215988,1,-0.015847461,1,-0.291699201,1,0.213091478,1,0.374986887,0,-0.773505151,0,3.118667126,0
58.92176819,-5.573523998,1,-2.722731829,1,-7.390922546,1,-0.034739666,1,-0.269687116,1,0.211964622,1,0.37452817,0,-0.774869919,0,3.119182825,0
58.92576981,-5.484715462,1,-2.881496191,1,-7.412482738,1,-0.068722934,1,-0.257943898,1,0.209443301,1,0.373930603,0,-0.776158214,0,3.119745016,0
58.92976761,-5.304178238,1,-2.862468958,1,-7.402015209,1,-0.09047018,1,-0.247629732,1,0.213144392,1,0.373207808,0,-0.777398229,0,3.120321751,0
58.93376923,-5.330131054,1,-2.89019084,1,-7.380185604,1,-0.097617395,1,-0.223634019,1,0.207483932,1,0.372405678,0,-0.77857554,0,3.120928288,0
58.93777084,-5.338255405,1,-3.005960464,1,-7.416555882,1,-0.107913561,1,-0.209391877,1,0.215425014,1,0.371524721,0,-0.779687285,0,3.121592283,0
58.94176865,-5.346409798,1,-3.176771879,1,-7.407735825,1,-0.124246761,1,-0.195039019,1,0.220971346,1,0.316155106,0,-0.679476976,0,2.868508577,0
58.94576645,-5.310534477,1,-3.22709465,1,-7.375906944,1,-0.145882159,1,-0.187130287,1,0.229400575,1,0.318039745,0,-0.683716893,0,2.91195035,0
58.94976807,-5.276047707,1,-3.239871025,1,-7.486198425,1,-0.156536669,1,-0.169166952,1,0.250076026,1,0.316872895,0,-0.684690058,0,2.912849665,0
58.95376587,-5.311536312,1,-3.133683205,1,-7.534218311,1,-0.17662774,1,-0.158782035,1,0.266691655,1,0.3155725,0,-0.685632527,0,2.913853407,0
58.95776749,-5.320279598,1,-3.052269936,1,-7.574554443,1,-0.189418897,1,-0.145262033,1,0.282713085,1,0.314143062,0,-0.686551034,0,2.914955854,0
58.9617691,-5.28524828,1,-2.979836464,1,-7.644922733,1,-0.199140951,1,-0.149853617,1,0.287767828,1,0.312636137,0,-0.687460244,0,2.916114569,0
58.96576691,-5.299002647,1,-2.883974314,1,-7.706381798,1,-0.209995016,1,-0.145895794,1,0.302661389,1,0.311056107,0,-0.688377619,0,2.917326689,0
58.96976471,-5.307556629,1,-2.74015522,1,-7.772741795,1,-0.221432954,1,-0.146706045,1,0.309378415,1,0.309379041,0,-0.689305484,0,2.91860342,0
58.97376633,-5.320930958,1,-2.666224957,1,-7.883829594,1,-0.226420149,1,-0.149135098,1,0.319057018,1,0.307642043,0,-0.690262318,0,2.919923306,0
58.97776413,-5.291182995,1,-2.53749299,1,-7.897005081,1,-0.22928755,1,-0.152267873,1,0.323459625,1,0.305862725,0,-0.691220105,0,2.921285152,0
58.98176575,-5.287181377,1,-2.471560717,1,-7.985554218,1,-0.229314759,1,-0.148516208,1,0.332291901,1,0.304044664,0,-0.692188263,0,2.922686577,0
58.98576737,-5.215346336,1,-2.40993762,1,-8.057682037,1,-0.228840783,1,-0.156558976,1,0.336160451,1,0.302230239,0,-0.69317472,0,2.924102783,0
58.98976517,-5.1857934,1,-2.366683483,1,-8.0950737,1,-0.222081095,1,-0.17339018,1,0.336260438,1,0.300430775,0,-0.69420433,0,2.925512075,0
58.99376297,-5.2081604,1,-2.346585035,1,-8.127281189,1,-0.221743941,1,-0.184951097,1,0.336509287,1,0.298647523,0,-0.695295334,0,2.926922083,0
58.99776459,-5.244534016,1,-2.359024048,1,-8.17937851,1,-0.214618295,1,-0.202057436,1,0.343174458,1,0.296867788,0,-0.696438491,0,2.928321838,0
59.00176239,-5.187207222,1,-2.336005449,1,-8.239235878,1,-0.212962821,1,-0.221054003,1,0.345436513,1,0.295118749,0,-0.697640896,0,2.929707527,0
59.00576401,-5.18200779,1,-2.288487434,1,-8.311567307,1,-0.214960888,1,-0.239132509,1,0.345185012,1,0.293375611,0,-0.69892925,0,2.931086063,0
59.00976944,-5.15862751,1,-2.373518229,1,-8.284930229,1,-0.212424353,1,-0.263632745,1,0.348474503,1,0.291636825,0,-0.700288534,0,2.932453871,0
59.01377487,-5.196400642,1,-2.392129898,1,-8.24168396,1,-0.218593851,1,-0.286420137,1,0.347441941,1,0.289900184,0,-0.701738119,0,2.933801889,0
59.01777268,-5.294201851,1,-2.263748407,1,-8.292867661,1,-0.216560677,1,-0.304871023,1,0.360420913,1,0.288162887,0,-0.703276992,0,2.935136795,0
59.02177429,-5.26575613,1,-2.47797513,1,-8.299672127,1,-0.213665605,1,-0.325509667,1,0.366468042,1,0.286429882,0,-0.704893112,0,2.936493158,0
59.0257721,-5.29388237,1,-2.519369602,1,-8.172482491,1,-0.212317392,1,-0.351650506,1,0.379832029,1,0.284682363,0,-0.706614077,0,2.937875271,0
59.02977371,-5.32760334,1,-2.483597994,1,-8.239984512,1,-0.216630489,1,-0.373593718,1,0.381828696,1,0.282916218,0,-0.708441973,0,2.93927145,0
59.03377533,-5.211047173,1,-2.441766024,1,-8.359294891,1,-0.22061494,1,-0.396078676,1,0.393891692,1,0.281135976,0,-0.710348368,0,2.940671206,0
59.03777313,-5.19062233,1,-2.342768908,1,-8.583294868,1,-0.222792819,1,-0.422631741,1,0.40060845,1,0.279330194,0,-0.712364435,0,2.942085028,0
59.04177094,-5.102909565,1,-2.435167313,1,-8.660466194,1,-0.228877559,1,-0.454858005,1,0.408844173,1,0.277491689,0,-0.714491308,0,2.943515778,0
59.04577255,-5.014466763,1,-2.605869293,1,-8.742682457,1,-0.239469573,1,-0.497274429,1,0.416833192,1,0.275625765,0,-0.716773689,0,2.944927216,0
59.04977036,-5.025846004,1,-2.667280912,1,-8.87802887,1,-0.251381129,1,-0.541397393,1,0.426668525,1,0.273718715,0,-0.719223619,0,2.946327209,0
59.05377197,-4.976702213,1,-2.814259052,1,-9.02084446,1,-0.263541371,1,-0.589539766,1,0.442172587,1,0.271761179,0,-0.721863389,0,2.94772768,0
59.05777359,-5.050751209,1,-3.037950277,1,-9.176460266,1,-0.276538193,1,-0.647375405,1,0.457713723,1,0.269736052,0,-0.724737763,0,2.949150562,0
59.06177139,-4.838712692,1,-3.217916727,1,-9.123966217,1,-0.300755858,1,-0.717505455,1,0.485588551,1,0.267600596,0,-0.727857292,0,2.950618505,0
59.0657692,-4.916720867,1,-3.107231855,1,-9.325926781,1,-0.329036593,1,-0.781089962,1,0.520881653,1,0.265298098,0,-0.73127532,0,2.952173471,0
59.06977081,-5.088930607,1,-3.055546761,1,-9.42828083,1,-0.35855487,1,-0.845191181,1,0.552573621,1,0.262822509,0,-0.734983265,0,2.953824043,0
59.07376862,-4.821671486,1,-2.950719357,1,-9.401032448,1,-0.378706694,1,-0.919366956,1,0.579324841,1,0.260189116,0,-0.738974214,0,2.955559731,0
59.07777023,-5.07464838,1,-2.940633535,1,-9.580229759,1,-0.412710547,1,-0.98629415,1,0.60281837,1,0.257398814,0,-0.743264377,0,2.957341671,0
59.08177185,-5.081647873,1,-3.065036297,1,-9.604934692,1,-0.478709251,1,-1.061279655,1,0.631791055,1,0.254381716,0,-0.747854114,0,2.959177732,0
59.08576965,-4.867209911,1,-2.708956242,1,-9.549305916,1,-0.509932637,1,-1.145445943,1,0.642771065,1,0.251139402,0,-0.75276655,0,2.961037159,0
59.08976746,-5.14892149,1,-2.440577269,1,-9.870188713,1,-0.521993101,1,-1.227479577,1,0.657650352,1,0.247800067,0,-0.758015394,0,2.962893009,0
59.09376907,-5.145830154,1,-2.401962757,1,-9.788387299,1,-0.517279148,1,-1.298379302,1,0.684093535,1,0.244432494,0,-0.763566852,0,2.964777946,0
59.09776688,-4.673209667,1,-2.917314053,1,-9.743965149,1,-0.534297645,1,-1.39537847,1,0.71461314,1,0.240949333,0,-0.769464672,0,2.966771841,0
59.10176849,-4.940860271,1,-3.130605459,1,-9.860971451,1,-0.565452695,1,-1.493190885,1,0.746783733,1,0.23731865,0,-0.775769114,0,2.968826056,0
59.10577011,-5.158562183,1,-3.368539095,1,-10.09433365,1,-0.609541655,1,-1.585965991,1,0.807066917,1,0.23339431,0,-0.782481432,0,2.971052408,0
59.10976791,-4.543678284,1,-3.381348372,1,-9.998067856,1,-0.645346761,1,-1.699504733,1,0.860929608,1,0.22913979,0,-0.789628267,0,2.97351408,0
59.11376572,-4.595770359,1,-3.47607851,1,-10.4161644,1,-0.685856938,1,-1.82246995,1,0.912398815,1,0.224584445,0,-0.797288418,0,2.976171255,0
59.11776733,-4.720947266,1,-3.747695208,1,-10.90303516,1,-0.738681316,1,-1.96420157,1,0.979763985,1,0.219669804,0,-0.805505157,0,2.979056835,0
59.12176514,-4.47156477,1,-3.992721319,1,-10.97233772,1,-0.80210489,1,-2.100440741,1,1.036598563,1,0.214299262,0,-0.814302862,0,2.982218742,0
59.12576675,-4.137576103,1,-4.151173115,1,-11.40349293,1,-0.856799781,1,-2.305178404,1,1.13039887,1,0.208403736,0,-0.823827386,0,2.985748291,0
59.12977219,-4.380509377,1,-4.15759325,1,-11.97351456,1,-0.907374799,1,-2.481477737,1,1.206279993,1,0.20202361,0,-0.83415091,0,2.989617586,0
59.13378143,-4.383081913,1,-4.639978409,1,-11.92821312,1,-0.935974598,1,-2.68601346,1,1.320381641,1,0.195097119,0,-0.845272124,0,2.993970871,0
59.13777924,-4.042468548,1,-5.818978786,1,-11.91962242,1,-0.972884953,1,-2.902056932,1,1.451799393,1,0.187514499,0,-0.857301593,0,2.998987198,0
59.14178085,-3.858017445,1,-6.685334682,1,-11.90205383,1,-1.014433146,1,-3.143066168,1,1.598875761,1,0.179103255,0,-0.870286107,0,3.004819632,0
59.14577866,-3.919863939,1,-7.602595806,1,-12.13860416,1,-1.075724602,1,-3.405801296,1,1.79276073,1,0.169645935,0,-0.884368777,0,3.011687756,0
59.14978027,-4.111939907,1,-8.606967926,1,-13.07715511,1,-1.197662354,1,-3.658777475,1,2.030498505,1,0.158616215,0,-0.899549901,0,3.020020723,0
59.15378189,-2.772181034,1,-8.629070282,1,-13.22117996,1,-1.28486371,1,-3.999215603,1,2.263468266,1,0.145763621,0,-0.9159711,0,3.030034781,0
59.15777969,-1.866348743,1,-8.77271843,1,-13.55119133,1,-1.354053497,1,-4.350736618,1,2.523589134,1,0.130973354,0,-0.933836043,0,3.041936874,0
59.1617775,-2.820699215,1,-8.758719444,1,-13.71025085,1,-1.407805562,1,-4.679465771,1,2.812431574,1,0.11388696,0,-0.953052402,0,3.056221008,0
59.16577911,-3.037046194,1,-9.528841972,1,-13.59321499,1,-1.492573023,1,-5.023674965,1,3.078020334,1,0.094123706,0,-0.973592043,0,3.073236227,0
59.16977692,-6.790820122,1,-10.65132809,1,-13.94211292,1,-1.669211149,1,-5.250817299,1,3.297370434,1,0.071251631,0,-0.995183587,0,3.093132496,0
59.17377853,-9.09659481,1,-10.19844151,1,-13.80308056,1,-1.855686426,1,-5.285945892,1,3.461781263,1,0.044803422,0,-1.017031312,0,3.116078377,0
59.17778015,-7.475233555,1,-10.71508789,1,-13.11884975,1,-2.044559956,1,-5.313862801,1,3.673914194,1,0.014470323,0,-1.03865695,0,-3.140784502,0
59.18177795,-7.458379269,1,-10.96312618,1,-13.47862339,1,-2.264095545,1,-5.362854958,1,3.922870398,1,-0.020717472,0,-1.059945345,0,-3.110146046,0
59.18577576,-12.46054554,1,-11.29265499,1,-16.05164719,1,-2.466696739,1,-5.352936745,1,4.069847584,1,-0.06104093,0,-1.080741763,0,-3.074975014,0
59.18977737,-16.57645988,1,-9.118724823,1,-16.97595024,1,-2.519726515,1,-5.119672775,1,4.017358303,1,-0.105605982,0,-1.100263596,0,-3.036157608,0
59.19377518,-14.14282131,1,-8.308793068,1,-16.60120583,1,-2.601758242,1,-5.146697521,1,4.146542072,1,-0.163957253,0,-1.116270185,0,-2.949086189,0
59.19777679,-16.0579834,1,-9.214870453,1,-16.24732018,1,-2.603764057,1,-5.062047482,1,4.324236393,1,-0.217222214,0,-1.133136868,0,-2.901593208,0
59.20177841,-17.17836571,1,-7.799568176,1,-16.62899399,1,-2.681512356,1,-5.003584385,1,4.363242626,1,-0.275440603,0,-1.148403645,0,-2.849192858,0
59.20577622,-19.44343567,1,-8.694336891,1,-16.72685623,1,-2.580522299,1,-4.87667942,1,4.22445488,1,-0.336647242,0,-1.162086606,0,-2.793859243,0
59.20977402,-23.03188324,1,-10.1216116,1,-16.93886375,1,-2.430121422,1,-4.710082054,1,4.207625866,1,-0.399750292,0,-1.173964739,0,-2.736148596,0
59.21377564,-23.20595932,1,-9.425836563,1,-17.57332802,1,-2.364257336,1,-4.38505888,1,4.182921886,1,-0.464709163,0,-1.183433771,0,-2.676239252,0
59.21777344,-21.23567963,1,-11.17969608,1,-15.11252499,1,-2.305261612,1,-4.121902943,1,4.138122082,1,-0.530280232,0,-1.190464139,0,-2.615618229,0
59.22177506,-18.02674484,1,-12.01550674,1,-11.45692158,1,-2.612098455,1,-4.032230377,1,4.388196468,1,-0.598073363,0,-1.195142865,0,-2.553045034,0
59.22577667,-15.7554493,1,-11.32641506,1,-11.01585102,1,-3.223063946,1,-3.878902197,1,4.554087162,1,-0.670521617,0,-1.197289944,0,-2.487782001,0
59.22977448,-14.37846947,1,-8.569881439,1,-10.11203098,1,-3.671819448,1,-3.506583452,1,4.45926857,1,-0.743959606,0,-1.196827292,0,-2.423755169,0
59.23377228,-14.79353333,1,-4.8783288,1,-9.123703003,1,-3.952176571,1,-3.091913939,1,4.283557892,1,-0.814299107,0,-1.193889499,0,-2.364585876,0
59.2377739,-18.46787262,1,-4.205150127,1,-12.20684719,1,-3.903929949,1,-2.705036163,1,3.962871313,1,-0.879562497,0,-1.189202785,0,-2.311403036,0
59.2417717,-18.173069,1,-1.546270132,1,-14.22509193,1,-3.53805995,1,-2.166970491,1,3.58951807,1,-0.936423302,0,-1.183309674,0,-2.266179085,0
59.24577332,-15.36332226,1,4.319577217,1,-13.58479881,1,-2.990992069,1,-1.837230206,1,3.420380831,1,-0.984766066,0,-1.176427126,0,-2.228090525,0
59.24977875,-22.49752617,1,6.88419342,1,-14.98826885,1,-2.010740757,1,-1.668630362,1,3.200244427,1,-1.025913596,0,-1.169028521,0,-2.194389343,0
59.25378418,-20.91366577,1,3.543716431,1,-15.3835125,1,-1.3519032,1,-1.004058957,1,3.102043629,1,-1.058122993,0,-1.160879135,0,-2.16647768,0
59.25778198,-10.20788574,1,-0.755633891,1,-12.35044384,1,-0.96329689,1,-0.547298312,1,2.939454317,1,-1.082010269,0,-1.15169549,0,-2.145460606,0
59.2617836,-4.848637581,1,-4.942576408,1,-8.356887817,1,-0.483088583,1,-0.368903607,1,2.700161457,1,-1.099903345,0,-1.142523289,0,-2.1290133,0
59.2657814,-3.912693739,1,-6.982788086,1,-6.42301321,1,-0.231003717,1,-0.419984043,1,2.635558128,1,-1.114479303,0,-1.133711934,0,-2.114412308,0
59.26978302,-6.263062954,1,-7.774626255,1,-7.910298824,1,-0.352676928,1,-0.430812925,1,2.69083643,1,-1.128720045,0,-1.124882102,0,-2.099888802,0
59.27378464,-6.309408665,1,-8.881857872,1,-8.008724213,1,-0.577645302,1,-0.326658517,1,2.653903484,1,-1.14280057,0,-1.115806222,0,-2.086336136,0
59.27778244,-4.912764072,1,-9.72790432,1,-6.642926216,1,-0.73624301,1,-0.243858486,1,2.541757584,1,-1.156123161,0,-1.106771111,0,-2.07442379,0
59.28178024,-5.193367958,1,-9.57064724,1,-6.269823551,1,-0.847825885,1,-0.148031041,1,2.380572796,1,-1.168471456,0,-1.098047018,0,-2.064126968,0
59.28578186,-5.319240093,1,-9.033551216,1,-6.590294838,1,-0.957500398,1,0.041439671,1,2.18790102,1,-1.17933917,0,-1.089699149,0,-2.055966377,0
59.28977966,-4.601753712,1,-8.369580269,1,-6.663029671,1,-1.030005455,1,0.251839221,1,1.96040976,1,-1.188252926,0,-1.081787825,0,-2.050409079,0
59.29378128,-3.856590748,1,-7.980306149,1,-6.524715424,1,-1.026350498,1,0.453279138,1,1.686995864,1,-1.194972515,0,-1.074484944,0,-2.047469139,0
59.2977829,-2.623836279,1,-7.827010632,1,-6.189908028,1,-0.971757531,1,0.617518187,1,1.394642591,1,-1.199422836,0,-1.067966342,0,-2.046959877,0
59.3017807,-1.318393111,1,-7.763934135,1,-5.90568924,1,-0.922215223,1,0.755084634,1,1.107597589,1,-1.201852083,0,-1.062305093,0,-2.048519373,0
59.3057785,-0.288025737,1,-7.619214058,1,-5.438699722,1,-0.857664287,1,0.871291697,1,0.829343617,1,-1.202491999,0,-1.05752337,0,-2.051864862,0
59.30978012,0.531518757,1,-7.611888409,1,-5.101978302,1,-0.797891259,1,0.972928464,1,0.557153285,1,-1.201481819,0,-1.053604245,0,-2.056826115,0
59.31377792,1.056741714,1,-7.462098122,1,-4.78750515,1,-0.722082555,1,1.058255911,1,0.293527454,1,-1.198958635,0,-1.050549746,0,-2.063237906,0
59.31777954,1.404951453,1,-7.34320879,1,-4.640714645,1,-0.651423156,1,1.154199839,1,0.04453367,1,-1.194960117,0,-1.04830265,0,-2.07101965,0
59.32178116,1.819555879,1,-7.157102585,1,-4.533697605,1,-0.577132106,1,1.23560214,1,-0.188564152,1,-1.189540863,0,-1.04680419,0,-2.080108643,0
59.32577896,2.300770998,1,-6.962875366,1,-4.373376369,1,-0.498263985,1,1.319583654,1,-0.405257255,1,-1.182714105,0,-1.045994163,0,-2.090481281,0
59.32977676,2.756532431,1,-6.552042484,1,-4.305813789,1,-0.409136623,1,1.390832067,1,-0.610430717,1,-1.174531817,0,-1.045820951,0,-2.102035999,0
59.33377838,3.058351278,1,-6.010930061,1,-4.248352528,1,-0.312056959,1,1.452468634,1,-0.798390031,1,-1.165018916,0,-1.046203017,0,-2.114700556,0
59.33777618,3.38756156,1,-5.498948097,1,-4.190656662,1,-0.193686455,1,1.509006977,1,-0.970851541,1,-1.15419209,0,-1.047081947,0,-2.128381014,0
59.3417778,3.406468153,1,-5.037692547,1,-4.215444088,1,-0.071338095,1,1.568023324,1,-1.130683422,1,-1.142015457,0,-1.048394918,0,-2.143060446,0
59.34577942,3.52607131,1,-4.611355782,1,-4.323173523,1,0.074344508,1,1.617396593,1,-1.277947426,1,-1.12840569,0,-1.050077558,0,-2.158754349,0
59.34977722,3.510338783,1,-4.344997406,1,-4.400031567,1,0.226141781,1,1.682581067,1,-1.403028011,1,-1.113370419,0,-1.052037716,0,-2.175401211,0
59.35377502,3.292186975,1,-4.020018578,1,-4.608801365,1,0.392886072,1,1.753607273,1,-1.519050598,1,-1.096735954,0,-1.054183841,0,-2.19311595,0
59.35777664,3.040818691,1,-3.783482313,1,-4.800214291,1,0.565859675,1,1.852294326,1,-1.619388103,1,-1.078408241,0,-1.056398988,0,-2.211977482,0
59.36177445,2.808435678,1,-3.558352232,1,-5.015976429,1,0.735036373,1,1.953459024,1,-1.711693406,1,-1.058280587,0,-1.058580041,0,-2.232098579,0
59.36577606,2.512726784,1,-3.341612339,1,-5.191409588,1,0.905687809,1,2.062945843,1,-1.784237266,1,-1.036373734,0,-1.06062758,0,-2.2534554,0
59.36978149,2.091879129,1,-3.211550474,1,-5.409294605,1,1.081070185,1,2.189170599,1,-1.834372282,1,-1.012657046,0,-1.062394023,0,-2.276059151,0
59.37379074,1.628661513,1,-3.178616762,1,-5.663135052,1,1.240750551,1,2.329209328,1,-1.864302516,1,-0.987170935,0,-1.063734174,0,-2.299906731,0
59.37778854,1.327684164,1,-3.1508255,1,-5.836664677,1,1.379890561,1,2.479933977,1,-1.888815999,1,-0.959977508,0,-1.064535856,0,-2.324999571,0
59.38179016,1.006350398,1,-3.055612564,1,-6.068244457,1,1.521143079,1,2.635008335,1,-1.908368826,1,-0.931193292,0,-1.064707994,0,-2.351280212,0
59.38578796,0.733971119,1,-2.840619802,1,-6.175755501,1,1.646411657,1,2.789153099,1,-1.920443892,1,-0.90092808,0,-1.064173579,0,-2.378642559,0
59.38978958,0.700831354,1,-2.630972385,1,-6.2877841,1,1.786663294,1,2.939965487,1,-1.925992846,1,-0.869340122,0,-1.062866092,0,-2.406927586,0
59.3937912,0.525094211,1,-2.421601534,1,-6.438414097,1,1.9202317,1,3.081210375,1,-1.924092889,1,-0.836590469,0,-1.06074369,0,-2.435936213,0
59.397789,0.495537966,1,-2.250077963,1,-6.494477272,1,2.067308664,1,3.206798553,1,-1.931711316,1,-0.802858412,0,-1.057797313,0,-2.465478659,0
59.4017868,0.442462027,1,-2.05240345,1,-6.525737762,1,2.21252346,1,3.328381062,1,-1.937987804,1,-0.768280923,0,-1.054026484,0,-2.495370388,0
59.40578842,0.427220374,1,-1.891626239,1,-6.657928944,1,2.363661289,1,3.422792912,1,-1.955178499,1,-0.733044744,0,-1.049461842,0,-2.525420189,0
59.40978622,0.398419678,1,-1.859261513,1,-6.733820438,1,2.50500226,1,3.504723787,1,-1.968570352,1,-0.697335601,0,-1.044139385,0,-2.555418491,0
59.41378784,0.195681393,1,-1.843704224,1,-6.808604717,1,2.633072853,1,3.578094721,1,-1.987747669,1,-0.661339164,0,-1.038096189,0,-2.585218906,0
59.41778946,0.036070559,1,-1.884242773,1,-6.930206776,1,2.764076948,1,3.641766071,1,-2.011490107,1,-0.625194192,0,-1.031341791,0,-2.614701509,0
59.42178726,-0.246540368,1,-1.935738921,1,-7.034264088,1,2.881964207,1,3.701450586,1,-2.042895794,1,-0.589009464,0,-1.023898125,0,-2.643788576,0
59.42578507,-0.521517813,1,-2.057113409,1,-7.19070673,1,2.982681513,1,3.762399197,1,-2.077412128,1,-0.552856326,0,-1.0157969,0,-2.672445059,0
59.42978668,-0.621620357,1,-2.160415649,1,-7.333574295,1,3.07741046,1,3.810158491,1,-2.118236303,1,-0.516862273,0,-1.007038355,0,-2.700602055,0
59.43378449,-0.697849691,1,-2.215601444,1,-7.449246883,1,3.153723955,1,3.848523855,1,-2.162280321,1,-0.481155753,0,-0.997680426,0,-2.728186131,0
59.4377861,-0.716161966,1,-2.130821705,1,-7.588123322,1,3.224358797,1,3.874265909,1,-2.205615759,1,-0.445808709,0,-0.987775743,0,-2.755148172,0
59.44178772,-0.716573894,1,-2.006964445,1,-7.679625511,1,3.292868376,1,3.879412413,1,-2.248934031,1,-0.410969675,0,-0.977373838,0,-2.781360865,0
59.44578552,-0.70608288,1,-1.87417388,1,-7.773771286,1,3.356550694,1,3.872432947,1,-2.282334805,1,-0.369561791,0,-0.972940803,0,-2.780727625,0
59.44978333,-0.715867519,1,-1.757605791,1,-7.970107555,1,3.422880888,1,3.856040239,1,-2.309340239,1,-0.335746229,0,-0.961602151,0,-2.805333138,0
59.45378494,-0.937200427,1,-1.646812677,1,-8.17304039,1,3.488758326,1,3.831931591,1,-2.334297657,1,-0.302610189,0,-0.949907541,0,-2.828986645,0
59.45778275,-1.104846716,1,-1.576396585,1,-8.439474106,1,3.551339626,1,3.803810835,1,-2.34691906,1,-0.270194262,0,-0.937901616,0,-2.851636648,0
59.46178436,-1.290755033,1,-1.464738369,1,-8.730876923,1,3.618654013,1,3.769434452,1,-2.360745668,1,-0.238463223,0,-0.92561239,0,-2.873296261,0
59.46578598,-1.582145452,1,-1.388033152,1,-9.068203926,1,3.688016415,1,3.740445852,1,-2.371974945,1,-0.20739384,0,-0.913044453,0,-2.893995047,0
59.46978378,-2.056690454,1,-1.317125082,1,-9.42908287,1,3.761614799,1,3.717446804,1,-2.384473324,1,-0.176933303,0,-0.900225759,0,-2.913763285,0
59.47378159,-2.602344275,1,-1.228569627,1,-9.869734764,1,3.84274888,1,3.701615334,1,-2.401328564,1,-0.147009969,0,-0.887133718,0,-2.932640314,0
59.4777832,-3.236566782,1,-1.292404771,1,-10.26717281,1,3.920845747,1,3.706451654,1,-2.418396473,1,-0.1175614,0,-0.873725414,0,-2.950689316,0
59.48178101,-3.662812233,1,-1.261861682,1,-10.69140244,1,3.995523453,1,3.71801281,1,-2.452838659,1,-0.088510372,0,-0.859961569,0,-2.968024254,0
59.48578262,-4.063131332,1,-1.333307624,1,-11.0184145,1,4.064482689,1,3.737631321,1,-2.492830992,1,-0.059820291,0,-0.845826328,0,-2.98470068,0
59.48978806,-4.389126301,1,-1.384136081,1,-11.39337063,1,4.130861759,1,3.764048338,1,-2.537285089,1,-0.031482097,0,-0.831304848,0,-3.000755072,0
59.49379349,-4.709272385,1,-1.49725771,1,-11.73214531,1,4.187469006,1,3.789291859,1,-2.583292723,1,-0.003507637,0,-0.816379786,0,-3.016210079,0
59.49779129,-4.89616394,1,-1.538555861,1,-11.99663925,1,4.240063667,1,3.820862532,1,-2.622347355,1,0.024095027,0,-0.801053524,0,-3.031065226,0
59.50179291,-5.131981373,1,-1.607322693,1,-12.31891251,1,4.284219742,1,3.846070528,1,-2.660795927,1,0.051279437,0,-0.785330474,0,-3.04529357,0
59.50579453,-5.181429386,1,-1.663480401,1,-12.6502142,1,4.320286274,1,3.871846676,1,-2.695560217,1,0.078026757,0,-0.769239962,0,-3.058892012,0
59.50979233,-5.045865059,1,-1.706982255,1,-13.00259972,1,4.348022461,1,3.878377438,1,-2.721050978,1,0.10430526,0,-0.752813399,0,-3.071838856,0
59.51379395,-4.877328873,1,-1.613291621,1,-13.37509537,1,4.368680477,1,3.867579699,1,-2.72260952,1,0.130038396,0,-0.736155331,0,-3.084087372,0
59.51779175,-4.787287712,1,-1.503840327,1,-13.91686058,1,4.389158249,1,3.84250617,1,-2.713450432,1,0.155192986,0,-0.71934247,0,-3.095569134,0
59.52179337,-4.773580551,1,-1.077315927,1,-14.551157,1,4.419616222,1,3.811193466,1,-2.675333738,1,0.179760903,0,-0.702460408,0,-3.106225729,0
59.52579498,-5.109343529,1,-0.514555275,1,-15.18430901,1,4.474731445,1,3.772423744,1,-2.624609709,1,0.203806236,0,-0.685545921,0,-3.116003752,0
59.52979279,-5.666097164,1,-0.007548547,1,-15.71422386,1,4.561113358,1,3.758262873,1,-2.551722288,1,0.227413848,0,-0.668611407,0,-3.124842405,0
59.53379059,-6.30085659,1,0.303452581,1,-16.19156647,1,4.65760231,1,3.747239113,1,-2.465887308,1,0.250660777,0,-0.651654124,0,-3.132684708,0
59.53779221,-6.931233406,1,0.619381964,1,-16.70321465,1,4.757182121,1,3.741625071,1,-2.373859406,1,0.273592234,0,-0.634685516,0,-3.139536142,0
59.54179001,-7.630230427,1,0.83224225,1,-17.26468086,1,4.842456818,1,3.733021259,1,-2.277000904,1,0.296217442,0,-0.617730021,0,3.13781476,0
59.54579163,-8.498122215,1,1.012456179,1,-17.79448318,1,4.924196243,1,3.731125593,1,-2.176337957,1,0.318530679,0,-0.600802243,0,3.13296771,0
59.54979324,-9.338035583,1,1.193950534,1,-18.37579346,1,4.989398003,1,3.733315229,1,-2.075368643,1,0.340528488,0,-0.583934665,0,3.129097223,0
59.55379105,-10.45232487,1,1.341257453,1,-18.95685387,1,5.043169975,1,3.751521111,1,-1.985368967,1,0.362203807,0,-0.567085207,0,3.1261518,0
59.55778885,-11.90223217,1,1.631954193,1,-19.46089363,1,5.089951515,1,3.778995275,1,-1.922275662,1,0.383586228,0,-0.550216317,0,3.124040365,0
59.56179047,-13.50835705,1,2.088412046,1,-19.88089752,1,5.119657516,1,3.822813511,1,-1.892101049,1,0.4047153,0,-0.533254981,0,3.122643709,0
59.56578827,-15.07147312,1,2.813932896,1,-20.10057831,1,5.134873867,1,3.865662575,1,-1.892283559,1,0.425639987,0,-0.516139686,0,3.121817112,0
59.56978989,-16.62072754,1,4.029508114,1,-20.08689308,1,5.138145924,1,3.894534588,1,-1.925971746,1,0.446392447,0,-0.498850077,0,3.121407509,0
59.5737915,-17.89594269,1,5.952815056,1,-19.88721466,1,5.142024517,1,3.89768219,1,-1.981985211,1,0.467025757,0,-0.481404513,0,3.121264696,0
59.57778931,-18.64384842,1,8.94781208,1,-19.59468842,1,5.152819633,1,3.842075348,1,-2.039027452,1,0.487633586,0,-0.46395117,0,3.121233463,0
59.58179092,-19.48438263,1,11.58636284,1,-18.5156765,1,5.190630436,1,3.760280609,1,-2.067618608,1,0.50829643,0,-0.446665049,0,3.121278524,0
59.58579254,-20.49761772,1,12.93452358,1,-17.0231514,1,5.20683527,1,3.678623199,1,-2.051588058,1,0.529005349,0,-0.42965892,0,3.121510983,0
59.58979034,-21.97583961,1,12.13716316,1,-15.25670338,1,5.109384537,1,3.593664646,1,-2.002763271,1,0.549455523,0,-0.413009226,0,3.122070551,0
59.59378815,-23.5506382,1,10.11535835,1,-13.42630482,1,4.820753574,1,3.497173548,1,-1.923351169,1,0.5689978,0,-0.396824807,0,3.123018503,0
59.59778976,-24.9281311,1,8.265885353,1,-11.5268364,1,4.321258545,1,3.365168095,1,-1.792184114,1,0.586801171,0,-0.381255448,0,3.124394894,0
59.60178757,-26.0007534,1,7.457538605,1,-9.669773102,1,3.680779219,1,3.181482315,1,-1.642219067,1,0.602175891,0,-0.366538763,0,3.126168489,0
59.60578919,-26.40888596,1,8.41253376,1,-7.883662701,1,3.009902716,1,2.945992231,1,-1.504993796,1,0.614856839,0,-0.352874309,0,3.128147125,0
59.60979843,-26.27966309,1,10.62682629,1,-5.966766834,1,2.431391001,1,2.636430502,1,-1.386038303,1,0.625064194,0,-0.340421975,0,3.130060911,0
59.61380386,-26.07040977,1,13.11425877,1,-4.170276165,1,1.989275813,1,2.283669233,1,-1.276686907,1,0.633332133,0,-0.329322308,0,3.131648064,0
59.61780167,-26.02429962,1,15.47074318,1,-2.558965683,1,1.70704329,1,1.895670295,1,-1.161667347,1,0.640334725,0,-0.319699585,0,3.132755041,0
59.62180328,-26.14694405,1,17.36206245,1,-1.35950017,1,1.567374229,1,1.477457285,1,-1.025768161,1,0.64667356,0,-0.311677814,0,3.133330107,0
59.62580109,-26.20199966,1,18.59835625,1,-0.55053246,1,1.53300333,1,1.067064524,1,-0.87179637,1,0.652837396,0,-0.305323362,0,3.133384943,0
59.6298027,-26.41380119,1,19.19758987,1,-0.098022759,1,1.55226922,1,0.686476707,1,-0.71312654,1,0.659117222,0,-0.300621748,0,3.132991314,0
59.63380432,-26.51579094,1,19.06640816,1,-0.081069052,1,1.556775928,1,0.350250661,1,-0.574232996,1,0.665576756,0,-0.29740864,0,3.132205725,0
59.63780212,-26.34732246,1,18.25699997,1,-0.378393948,1,1.497123718,1,0.058486551,1,-0.46126166,1,0.672053397,0,-0.295492381,0,3.13104105,0
59.64179993,-26.18448639,1,16.99333763,1,-0.969312191,1,1.334923148,1,-0.202781394,1,-0.381661117,1,0.678193271,0,-0.294689387,0,3.129479408,0
59.64580154,-25.9946022,1,15.30336952,1,-1.441176176,1,1.069886208,1,-0.434775591,1,-0.333026856,1,0.68361026,0,-0.2947855,0,3.127485037,0
59.64979935,-25.62924004,1,13.63934422,1,-1.991170168,1,0.703348517,1,-0.629446566,1,-0.321479946,1,0.687889636,0,-0.295618206,0,3.125019312,0
59.65380096,-24.99951172,1,11.83499432,1,-2.297526598,1,0.273615777,1,-0.814774036,1,-0.314086288,1,0.690721035,0,-0.297042578,0,3.12207818,0
59.65780258,-24.14138031,1,10.24462032,1,-2.481996536,1,-0.207543507,1,-1.0052737,1,-0.323816121,1,0.691865683,0,-0.29902935,0,3.118619919,0
59.66180039,-18.16459465,1,0.1039588,1,-7.453611851,1,-1.006982327,1,-1.3061198,1,-0.237346128,1,0.690929174,0,-0.301738739,0,3.114627123,0
59.66579819,-5.940852642,1,-16.02806854,1,-3.541276693,1,-3.893288612,1,-2.0807302,1,0.15643619,1,0.682076216,0,-0.306632578,0,3.109856129,0
59.66979981,-21.3672657,1,8.707778931,1,-5.609622002,1,-3.30686307,1,-2.371559143,1,1.11205411,1,0.668827474,0,-0.315863192,0,3.106049776,0
59.67380142,7.490626812,1,-3.824696779,1,-8.167385101,1,-3.819431782,1,-1.794259071,1,0.85359019,1,0.655363202,0,-0.324698597,0,3.103954792,0
59.67779923,8.729017258,1,-19.68611145,1,-11.64303875,1,-3.658540726,1,-1.752166748,1,1.177105188,1,0.640658915,0,-0.332705051,0,3.102802753,0
59.68180084,1.05429244,1,-30.42090797,1,-13.32726765,1,-4.105555534,1,-1.521197677,1,1.58319068,1,0.625067949,0,-0.341338575,0,3.103296757,0
59.68579865,12.42925358,1,-37.39362717,1,-13.26712322,1,-4.963851929,1,-1.262305737,1,2.059060335,1,0.606068254,0,-0.34994334,0,3.106324911,0
59.68979645,19.78957176,1,-36.64629745,1,-10.30644226,1,-5.673783779,1,-1.575723767,1,2.577248573,1,0.583167911,0,-0.359790206,0,3.111147165,0
59.69380188,16.62553406,1,-30.44943428,1,-5.839033604,1,-6.609291553,1,-2.032807827,1,3.036619663,1,0.557032645,0,-0.375498682,0,-3.120031118,0
59.69779968,17.80635452,1,-16.56847191,1,-5.537972927,1,-6.899618149,1,-2.853857279,1,3.417538166,1,0.527434528,0,-0.390411437,0,-3.113363504,0
59.70179749,8.723404884,1,-2.091917038,1,-7.691711426,1,-6.774137497,1,-3.774206877,1,3.437195301,1,0.49757421,0,-0.408807218,0,-3.107287645,0
59.7057991,-1.478823781,1,10.98839569,1,-8.747940063,1,-6.099730968,1,-4.417533875,1,2.661110878,1,0.470509887,0,-0.429123431,0,-3.103627682,0
59.70979691,-13.31971741,1,16.33175278,1,-11.94955635,1,-5.63668108,1,-4.754754543,1,1.636230946,1,0.447126269,0,-0.449438184,0,-3.104250669,0
59.71379852,-17.4152832,1,24.66869926,1,-13.87694931,1,-4.805961609,1,-4.764518738,1,1.073209524,1,0.42798841,0,-0.468985081,0,-3.107929945,0
59.71779633,-23.53370667,1,26.90090752,1,-18.57323074,1,-4.091383934,1,-4.658019066,1,0.882700324,1,0.412171185,0,-0.48778367,0,-3.112672091,0
59.72179413,-31.06555557,1,25.18034363,1,-21.18215752,1,-3.524873734,1,-4.453187943,1,0.929663956,1,0.399043232,0,-0.50601691,0,-3.117128372,0
59.72579575,-31.03050995,1,23.273983,1,-25.91909027,1,-2.885117054,1,-3.678689718,1,1.249257922,1,0.387619585,0,-0.522732437,0,-3.119719505,0
59.72979736,-28.82291985,1,20.49589539,1,-27.74094772,1,-2.401029825,1,-2.945917368,1,1.476657033,1,0.376975477,0,-0.537083507,0,-3.119543552,0
59.73379898,-24.32453728,1,17.0845623,1,-24.53212547,1,-1.847875476,1,-2.082822084,1,1.432090044,1,0.367340267,0,-0.548543394,0,-3.117408037,0
59.7378006,-18.74415588,1,6.000941277,1,-19.89031029,1,-1.419528842,1,-1.592482328,1,1.220337391,1,0.35937351,0,-0.557281911,0,-3.114573002,0
59.74180222,-14.2886076,1,-1.278062582,1,-14.91510105,1,-1.21263814,1,-1.240460277,1,1.044088721,1,0.352765024,0,-0.564100325,0,-3.111899853,0
59.74580002,-10.11455631,1,-5.377622604,1,-10.17352486,1,-1.124440789,1,-1.051919103,1,0.837783992,1,0.34678936,0,-0.569627762,0,-3.109526157,0
59.74979782,-7.298103333,1,-7.623655796,1,-7.976333141,1,-1.107607603,1,-1.118386865,1,0.670192361,1,0.341484427,0,-0.574751318,0,-3.107858896,0
59.75379944,-6.364492893,1,-7.642843246,1,-8.532223701,1,-1.144144654,1,-1.017332673,1,0.441316813,1,0.336559922,0,-0.579517305,0,-3.107111692,0
59.75780106,-6.50851202,1,-3.302503109,1,-10.0185833,1,-1.163144588,1,-0.921432853,1,0.311073989,1,0.331840605,0,-0.58371228,0,-3.106933594,0
59.76179886,-11.29590797,1,2.997123241,1,-10.59513474,1,-1.036563754,1,-0.519133747,1,0.332250357,1,0.327270627,0,-0.586887836,0,-3.106689692,0
59.76580048,-10.59711742,1,5.446941853,1,-8.944768906,1,-0.85367918,1,-0.298726052,1,0.436782986,1,0.322805822,0,-0.588869572,0,-3.105537176,0
59.76979828,-9.480987549,1,3.688072681,1,-7.415077209,1,-0.667023361,1,-0.218714625,1,0.447607309,1,0.318856359,0,-0.590399742,0,-3.103834867,0
59.7737999,-8.873687744,1,-0.231362298,1,-7.401163578,1,-0.51172322,1,-0.179671288,1,0.290321589,1,0.315721095,0,-0.59164691,0,-3.102428436,0
59.77780151,-8.773863792,1,-3.086498499,1,-7.893348694,1,-0.420421958,1,-0.095102876,1,0.119941548,1,0.313484907,0,-0.592423499,0,-3.10171628,0
59.78179932,-8.100934029,1,-3.540257692,1,-7.951277733,1,-0.404725671,1,0.011157891,1,0.072052494,1,0.311648637,0,-0.592684627,0,-3.101367235,0
59.78579712,-7.261153698,1,-3.170111656,1,-8.477575302,1,-0.405222446,1,0.095914565,1,0.098600283,1,0.309778214,0,-0.592573166,0,-3.1009233,0
59.78979874,-5.538396358,1,-3.156556606,1,-8.313810349,1,-0.409127355,1,0.132531196,1,0.14452219,1,0.307736427,0,-0.592265785,0,-3.100181818,0
59.79379654,-5.037715435,1,-3.350317478,1,-8.782886505,1,-0.430169016,1,0.109936535,1,0.164196342,1,0.305558681,0,-0.591995001,0,-3.099278212,0
59.79779816,-5.456913948,1,-3.653524399,1,-8.687525749,1,-0.414548457,1,0.10904859,1,0.166109681,1,0.303345114,0,-0.591789126,0,-3.098352909,0
59.80179596,-4.96587944,1,-3.334067583,1,-8.713569641,1,-0.415753484,1,0.113265902,1,0.178600743,1,0.301146686,0,-0.591557741,0,-3.097401142,0
59.80579376,-4.651637554,1,-2.622409344,1,-8.976238251,1,-0.395397037,1,0.102678381,1,0.178618729,1,0.298976153,0,-0.591372848,0,-3.096429348,0
59.80979538,-4.362914085,1,-1.814774036,1,-9.274759293,1,-0.369138718,1,0.077451676,1,0.184938788,1,0.296900511,0,-0.591231763,0,-3.095450401,0
59.813797,-4.438209534,1,-1.101932764,1,-9.304158211,1,-0.319336325,1,0.043128666,1,0.172333166,1,0.29501152,0,-0.591207027,0,-3.094545603,0
59.8177948,-4.904541969,1,-0.948808193,1,-9.028666496,1,-0.265009254,1,0.02937055,1,0.154439092,1,0.29339844,0,-0.591250896,0,-3.093742609,0
59.8217926,-4.954070568,1,-1.32942307,1,-8.904220581,1,-0.211544186,1,0.018233219,1,0.126472905,1,0.292066664,0,-0.591325641,0,-3.09305954,0
59.82579804,-4.873316765,1,-1.724676728,1,-8.845066071,1,-0.175682098,1,0.002929674,1,0.109479129,1,0.290984809,0,-0.591423154,0,-3.09250617,0
59.82979584,-4.68510294,1,-1.696093321,1,-8.922194481,1,-0.150003299,1,-0.009789617,1,0.101161048,1,0.290051103,0,-0.591544688,0,-3.092020512,0
59.83379364,-4.695508003,1,-1.548046231,1,-8.870612144,1,-0.107656762,1,-0.025866829,1,0.087201759,1,0.289314479,0,-0.591724157,0,-3.091616154,0
59.83779526,-4.825065136,1,-1.362786651,1,-8.928775787,1,-0.07286498,1,-0.049890671,1,0.074176699,1,0.288771898,0,-0.591978133,0,-3.091287613,0
59.84179306,-4.800836563,1,-1.325458765,1,-8.798814774,1,-0.030175429,1,-0.065431945,1,0.061176036,1,0.288449407,0,-0.592280865,0,-3.091059446,0
59.84579468,-4.587078571,1,-1.617735147,1,-8.875318527,1,0.001317843,1,-0.078380339,1,0.05179131,1,0.288298726,0,-0.592622161,0,-3.090897799,0
59.8497963,-4.404085159,1,-1.926773071,1,-8.899208069,1,0.026181586,1,-0.104757018,1,0.048338085,1,0.288300365,0,-0.593030691,0,-3.090787411,0
59.85379791,-4.443799496,1,-2.174607992,1,-8.902920723,1,0.04183935,1,-0.124024533,1,0.055417396,1,0.288390011,0,-0.593530774,0,-3.090698719,0
59.85779953,-4.522171497,1,-2.297840595,1,-8.846513748,1,0.054932769,1,-0.149282083,1,0.058339629,1,0.28854844,0,-0.594118714,0,-3.090629816,0
59.86180115,-4.443608284,1,-2.25150919,1,-8.84235096,1,0.0754814,1,-0.161314234,1,0.058902774,1,0.288769126,0,-0.594782114,0,-3.090564013,0
59.86579895,-4.399589539,1,-2.024452925,1,-8.851971626,1,0.092250958,1,-0.179313049,1,0.054483764,1,0.289076805,0,-0.59550643,0,-3.090536356,0
59.86979675,-4.390194416,1,-1.727023721,1,-8.891284943,1,0.122511275,1,-0.203786626,1,0.056609444,1,0.289506525,0,-0.596309304,0,-3.09053421,0
59.87379837,-4.37989521,1,-1.635329843,1,-8.896278381,1,0.150700137,1,-0.223133713,1,0.049516998,1,0.290077448,0,-0.59719348,0,-3.090579033,0
59.87779617,-4.31038475,1,-1.665154576,1,-8.86004734,1,0.189887539,1,-0.247375622,1,0.047551144,1,0.290816069,0,-0.598148823,0,-3.090680838,0
59.88179779,-4.363066196,1,-1.891670823,1,-8.797606468,1,0.220232561,1,-0.270000547,1,0.034431331,1,0.291723222,0,-0.599185526,0,-3.090837955,0
59.88580322,-4.31444931,1,-2.118829489,1,-8.710007668,1,0.242647469,1,-0.284666538,1,0.031610411,1,0.292782992,0,-0.600277066,0,-3.091074228,0
59.88980103,-4.426760674,1,-2.272006035,1,-8.640151978,1,0.267518878,1,-0.29322502,1,0.024096156,1,0.293975502,0,-0.601418376,0,-3.091360807,0
59.89379501,-4.566348076,1,-2.374087095,1,-8.448421478,1,0.27796641,1,-0.29900521,1,0.022583464,1,0.295237452,0,-0.602582395,0,-3.09167099,0
59.89780045,-4.71679163,1,-2.448443413,1,-8.334988594,1,0.294602931,1,-0.302281946,1,0.018295554,1,0.296566606,0,-0.603756905,0,-3.092002153,0
59.90179825,-4.771477222,1,-2.609455824,1,-8.184263229,1,0.30117172,1,-0.301162183,1,0.009899171,1,0.297961533,0,-0.604925811,0,-3.092368603,0
59.90579987,-4.764743328,1,-2.753675938,1,-8.112094879,1,0.30256626,1,-0.292668849,1,0.007815042,1,0.299392521,0,-0.606063008,0,-3.092749357,0
59.90980148,-4.754224777,1,-2.81894207,1,-8.053732872,1,0.299859971,1,-0.280976683,1,0.007048415,1,0.300821006,0,-0.607165039,0,-3.09313488,0
59.91379929,-4.727662563,1,-2.920228243,1,-7.986484528,1,0.290893018,1,-0.26907149,1,0.016108215,1,0.302191585,0,-0.60822773,0,-3.093474627,0
59.91779709,-4.921315193,1,-2.968569756,1,-7.888811111,1,0.277317971,1,-0.254603624,1,0.019447701,1,0.303503633,0,-0.609251738,0,-3.093773842,0
59.92179871,-4.964364529,1,-2.990929127,1,-7.815665245,1,0.264078915,1,-0.235533953,1,0.02426373,1,0.30474472,0,-0.610215485,0,-3.094026327,0
59.92579651,-5.021996021,1,-3.105687857,1,-7.708003998,1,0.250567883,1,-0.214067474,1,0.032911256,1,0.305893302,0,-0.611113548,0,-3.094228983,0
59.92979813,-4.981828213,1,-3.265764236,1,-7.660812378,1,0.229115844,1,-0.191876665,1,0.041690607,1,0.306915611,0,-0.611936867,0,-3.094352961,0
59.93379974,-4.890565872,1,-3.50348711,1,-7.632253647,1,0.207645968,1,-0.168016449,1,0.053942934,1,0.307808548,0,-0.612680852,0,-3.094390869,0
59.93779755,-4.802416801,1,-3.718071699,1,-7.645879745,1,0.179352611,1,-0.150783107,1,0.064524218,1,0.30856365,0,-0.613357127,0,-3.094353914,0
59.94179535,-4.817276478,1,-3.898125887,1,-7.698392391,1,0.144796312,1,-0.129510656,1,0.084914997,1,0.130814597,0,-0.635046065,0,-3.035694599,0
59.94579697,-4.792357922,1,-3.890254021,1,-7.683910847,1,0.106499024,1,-0.111738704,1,0.108616583,1,0.131385654,0,-0.635843933,0,-2.991294861,0
59.94979477,-4.760779858,1,-3.874870777,1,-7.726862907,1,0.079301752,1,-0.094855368,1,0.125964209,1,0.131447583,0,-0.636312842,0,-2.990776539,0
59.95379639,-4.699585915,1,-3.764168024,1,-7.7479496,1,0.048611935,1,-0.082090437,1,0.142824516,1,0.13132526,0,-0.636736751,0,-2.990160465,0
59.957798,-4.671877861,1,-3.550883055,1,-7.864147186,1,0.0229776,1,-0.074707218,1,0.154695824,1,0.131052226,0,-0.637121618,0,-2.989471674,0
59.96179581,-4.565811634,1,-3.391419411,1,-7.925605774,1,0.0081205,1,-0.065485336,1,0.156728357,1,0.130676419,0,-0.637479246,0,-2.988736153,0
59.96579361,-4.566606522,1,-3.170264006,1,-7.988016605,1,0.007251176,1,-0.072599925,1,0.153057322,1,0.130291119,0,-0.637832582,0,-2.988029242,0
59.96979523,-4.521472931,1,-2.935854197,1,-7.977658272,1,-0.009080363,1,-0.063182846,1,0.181168213,1,0.12980783,0,-0.638185143,0,-2.987241745,0
59.97380066,-4.492480278,1,-2.761359215,1,-8.092843056,1,-0.015383268,1,-0.059115708,1,0.182128683,1,0.129252151,0,-0.638523221,0,-2.986392975,0
59.97779846,-4.479473114,1,-2.505904675,1,-8.187480927,1,-0.015826782,1,-0.060275421,1,0.188705668,1,0.128658026,0,-0.63886112,0,-2.985520124,0
59.98180008,-4.376931667,1,-2.382986546,1,-8.234695435,1,-0.017565886,1,-0.063429005,1,0.185549259,1,0.128060192,0,-0.6391927,0,-2.984629869,0
59.98579788,-4.303319931,1,-2.217451334,1,-8.304019928,1,-0.010143835,1,-0.070543811,1,0.18095535,1,0.127491966,0,-0.639543295,0,-2.983759403,0
59.9897995,-4.383710384,1,-2.202678442,1,-8.301235199,1,-0.00200471,1,-0.073716633,1,0.170448482,1,0.126982391,0,-0.639919758,0,-2.982932806,0
59.99380112,-4.433788776,1,-2.239982843,1,-8.336754799,1,0.012453889,1,-0.084901035,1,0.15653488,1,0.126554042,0,-0.64032048,0,-2.982174397,0
59.99779892,-4.518218517,1,-2.181214094,1,-8.301785469,1,0.023357417,1,-0.087503582,1,0.149702013,1,0.126205981,0,-0.640744388,0,-2.981472254,0
60.00179672,-4.529386044,1,-2.190004349,1,-8.293736458,1,0.03407507,1,-0.096758023,1,0.134812742,1,0.125935346,0,-0.641180277,0,-2.980827808,0
60.00579834,-4.551698208,1,-2.119560242,1,-8.307351112,1,0.048601594,1,-0.100151338,1,0.127632633,1,0.125741556,0,-0.641642094,0,-2.980230093,0
60.00979614,-4.533601284,1,-2.259883881,1,-8.299809456,1,0.054446682,1,-0.105478965,1,0.119940504,1,0.125617608,0,-0.642109513,0,-2.979674339,0
60.01379776,-4.623979568,1,-2.382525444,1,-8.239744186,1,0.06392587,1,-0.108230703,1,0.110661708,1,0.125545412,0,-0.642584324,0,-2.979169369,0
60.01779938,-4.679934978,1,-2.537468433,1,-8.159248352,1,0.067149542,1,-0.107880719,1,0.107903562,1,0.125517577,0,-0.643074214,0,-2.978687048,0
60.02179718,-4.739415169,1,-2.64405489,1,-8.121407509,1,0.067162447,1,-0.111604527,1,0.109606348,1,0.125498965,0,-0.643562078,0,-2.97822094,0
60.02579498,-4.746764183,1,-2.776533842,1,-8.057621956,1,0.059750609,1,-0.112629004,1,0.113941267,1,0.125470564,0,-0.6440503,0,-2.977741957,0
60.0297966,-4.810341358,1,-2.870865345,1,-8.064656258,1,0.058873314,1,-0.106176905,1,0.114340134,1,0.125404656,0,-0.644540787,0,-2.977244854,0
60.0337944,-4.754838943,1,-2.859753609,1,-8.028801918,1,0.050635371,1,-0.100944221,1,0.122178286,1,0.125308037,0,-0.645015359,0,-2.976723909,0
60.03779602,-4.807443619,1,-2.961747408,1,-8.037939072,1,0.040401444,1,-0.096545443,1,0.13224259,1,0.1251546,0,-0.645475447,0,-2.976151705,0
60.04179764,-4.812306881,1,-3.068950415,1,-7.988271713,1,0.028690424,1,-0.095051408,1,0.143255964,1,0.124921821,0,-0.645922959,0,-2.975518227,0
60.04579544,-4.898238659,1,-3.130784035,1,-8.023217201,1,0.020385485,1,-0.085703209,1,0.158353791,1,0.124599256,0,-0.646353245,0,-2.974818945,0
60.04979324,-4.662605762,1,-3.076377153,1,-8.018630028,1,0.008333578,1,-0.085797668,1,0.158287108,1,0.124200925,0,-0.646766365,0,-2.974089622,0
60.05379868,-4.68304348,1,-3.105158567,1,-8.059324265,1,0.00506393,1,-0.091105349,1,0.171943322,1,0.12375626,0,-0.647195399,0,-2.973313332,0
60.05779648,-4.72004509,1,-3.061936855,1,-8.082954407,1,-0.004457034,1,-0.087815382,1,0.187813058,1,0.123236202,0,-0.647644222,0,-2.972463369,0
60.06179428,-4.704137325,1,-3.053315401,1,-8.139445305,1,-0.013560498,1,-0.084427401,1,0.199914485,1,0.122645728,0,-0.648081958,0,-2.971549988,0
60.0657959,-4.604766846,1,-2.998980284,1,-8.103347778,1,-0.020899247,1,-0.088892683,1,0.218551695,1,0.121993884,0,-0.648524582,0,-2.970574856,0
60.0697937,-4.534508705,1,-3.026783705,1,-8.172361374,1,-0.031412993,1,-0.099596761,1,0.227794498,1,0.121250845,0,-0.649006665,0,-2.969527721,0
60.07379532,-4.481416225,1,-3.043600321,1,-8.250006676,1,-0.031985193,1,-0.112261295,1,0.23856698,1,0.12044774,0,-0.649539351,0,-2.968421936,0
60.07779694,-4.447078705,1,-3.08788538,1,-8.242525101,1,-0.037003689,1,-0.122401506,1,0.254598171,1,0.119589187,0,-0.650122702,0,-2.967251301,0
60.08179474,-4.647128105,1,-4.095250607,1,-8.271724701,1,-0.054533992,1,-0.12431103,1,0.271598339,1,0.118662134,0,-0.650729537,0,-2.966014624,0
60.08579254,-4.709999084,1,-2.56518364,1,-7.770555973,1,-0.073734015,1,-0.156769618,1,0.292005092,1,0.117601506,0,-0.651412308,0,-2.964696884,0
60.08979416,-4.861243248,1,-2.030745745,1,-8.408191681,1,-0.046821356,1,-0.148406222,1,0.311549038,1,0.116475739,0,-0.652164638,0,-2.96325326,0
60.09379959,-4.256598949,1,-1.911600828,1,-8.777914047,1,-0.017635338,1,-0.158069625,1,0.2874749,1,0.115492456,0,-0.652897477,0,-2.961847067,0
60.09779739,-4.146343231,1,-2.361866951,1,-8.701943398,1,-0.019163331,1,-0.194464818,1,0.302195102,1,0.114581764,0,-0.653723717,0,-2.960477591,0
60.10179901,-4.763541222,1,-2.727550268,1,-8.589552879,1,0.001819028,1,-0.215323433,1,0.307418853,1,0.113676757,0,-0.654679716,0,-2.959054708,0
60.10579681,-4.719297409,1,-3.339279652,1,-8.258350372,1,0.006859109,1,-0.2377664,1,0.306273431,1,0.112841919,0,-0.655718565,0,-2.957644701,0
60.10979843,-4.681925297,1,-3.388991356,1,-8.277220726,1,-0.002696612,1,-0.250675946,1,0.323310763,1,0.111957379,0,-0.656827211,0,-2.956202507,0
60.11380005,-4.508122444,1,-3.173243046,1,-8.328775406,1,-0.005597902,1,-0.269766062,1,0.344406992,1,0.111008175,0,-0.658020377,0,-2.954677105,0
60.11779785,-4.443295479,1,-2.727397442,1,-8.320413589,1,0.003386283,1,-0.281435549,1,0.355909288,1,0.11001385,0,-0.659263551,0,-2.953062534,0
60.12179565,-4.623345852,1,-2.484628201,1,-8.383396149,1,0.005377415,1,-0.289973497,1,0.354877293,1,0.109047979,0,-0.66055882,0,-2.951434851,0
60.12579727,-4.621107101,1,-2.557298899,1,-8.450781822,1,0.016720768,1,-0.309932262,1,0.354483724,1,0.108101323,0,-0.661905646,0,-2.949808359,0
60.12979507,-4.674436092,1,-2.41124177,1,-8.434224129,1,0.024682166,1,-0.334879577,1,0.347076923,1,0.107195318,0,-0.663330734,0,-2.948215485,0
60.13379669,-4.597246647,1,-2.278415442,1,-8.579357147,1,0.036027208,1,-0.36091277,1,0.343334019,1,0.106346734,0,-0.664866567,0,-2.946652412,0
60.13779831,-4.624184608,1,-2.378905058,1,-8.561359406,1,0.057221502,1,-0.383127868,1,0.345376462,1,0.105581589,0,-0.666485727,0,-2.945110321,0
60.14179611,-4.810622215,1,-2.581159115,1,-8.442679405,1,0.068060651,1,-0.398297012,1,0.353421718,1,0.10486339,0,-0.668193579,0,-2.943544388,0
60.14579392,-4.914999008,1,-3.187276602,1,-8.549282074,1,0.056245927,1,-0.433109879,1,0.357625276,1,0.104138225,0,-0.669996977,0,-2.941957235,0
60.14979553,-4.587855339,1,-2.948092699,1,-8.535165787,1,0.06206594,1,-0.463726848,1,0.361236423,1,0.10338714,0,-0.671926379,0,-2.940380096,0
60.15379334,-4.414266109,1,-3.449950933,1,-8.822692871,1,0.034872111,1,-0.493961722,1,0.376040906,1,0.102579765,0,-0.673979521,0,-2.938746691,0
60.15779495,-4.14053297,1,-2.86360693,1,-9.183214188,1,0.033281453,1,-0.559348464,1,0.38473776,1,0.101655185,0,-0.676223695,0,-2.937083006,0
60.16179657,-4.44844389,1,-2.512871981,1,-9.161045074,1,0.04847946,1,-0.620635629,1,0.405789495,1,0.100742757,0,-0.678725004,0,-2.935366869,0
60.16579437,-4.577052116,1,-2.378720045,1,-9.078774452,1,0.089781374,1,-0.667901099,1,0.408031493,1,0.099910639,0,-0.681444883,0,-2.933612347,0
60.16979218,-4.63677454,1,-2.959276676,1,-9.166296005,1,0.100658275,1,-0.71950388,1,0.416097224,1,0.099188618,0,-0.684373617,0,-2.931853294,0
60.17379379,-4.287960529,1,-2.850287914,1,-9.107100487,1,0.081505693,1,-0.784825206,1,0.427191079,1,0.098406702,0,-0.687536538,0,-2.930056334,0
60.1777916,-4.470443249,1,-2.190158844,1,-9.435337067,1,0.121897668,1,-0.849586964,1,0.447444439,1,0.097638845,0,-0.690970063,0,-2.928216696,0
60.18179321,-4.329344749,1,-2.29132247,1,-9.390844345,1,0.161405399,1,-0.907232285,1,0.472203463,1,0.096978888,0,-0.694645345,0,-2.926282167,0
60.18579483,-4.431098938,1,-3.067013979,1,-9.59474659,1,0.126424834,1,-0.989777148,1,0.473819941,1,0.096306331,0,-0.698609948,0,-2.924310684,0
60.18979263,-4.309789658,1,-2.513597727,1,-9.549782753,1,0.109141059,1,-1.090686798,1,0.476499408,1,0.095496513,0,-0.702921271,0,-2.922360182,0
60.19379044,-4.591118813,1,-1.99614203,1,-9.733436584,1,0.14469336,1,-1.158869267,1,0.49007827,1,0.094061844,0,-0.70722568,0,-2.882201433,0
60.19779968,-4.40524292,1,-2.322174072,1,-9.883788109,1,0.158081293,1,-1.241079211,1,0.507398069,1,0.093351938,0,-0.712184429,0,-2.880167961,0
60.20179749,-4.183148384,1,-2.74504447,1,-9.821184158,1,0.156320289,1,-1.332963467,1,0.520134985,1,0.092625044,0,-0.717489779,0,-2.878095627,0
60.20579147,-4.458318233,1,-2.814400911,1,-9.791008949,1,0.168855697,1,-1.436499,1,0.541310549,1,0.091861956,0,-0.723210573,0,-2.875963926,0
60.20979691,-4.517101288,1,-2.957414627,1,-9.724360466,1,0.18399626,1,-1.532883883,1,0.584815085,1,0.091068223,0,-0.729332387,0,-2.873684883,0
60.21380234,-5.034591675,1,-3.680893421,1,-10.09237194,1,0.142013341,1,-1.639902353,1,0.623597145,1,0.090070508,0,-0.735865593,0,-2.871213913,0
60.21780014,-4.718808651,1,-3.480391264,1,-10.08601856,1,0.067350008,1,-1.738243222,1,0.667515278,1,0.088689767,0,-0.742813885,0,-2.868543625,0
60.22180176,-3.991522074,1,-2.696738243,1,-9.912062645,1,0.058729198,1,-1.886729717,1,0.693322062,1,0.087005682,0,-0.750274777,0,-2.8657341,0
60.22579956,-5.034318447,1,-2.386934757,1,-10.45487976,1,0.096432641,1,-2.002080679,1,0.728451431,1,0.08530432,0,-0.758276105,0,-2.862786293,0
60.22980118,-4.34519577,1,-3.149752617,1,-10.21628952,1,0.088100389,1,-2.12968111,1,0.785324097,1,0.083456717,0,-0.766756058,0,-2.859564066,0
60.2338028,-4.886950493,1,-4.258063793,1,-10.96427059,1,0.019302348,1,-2.248888731,1,0.842612505,1,0.081279263,0,-0.7757864,0,-2.856083632,0
60.2378006,-0.241879568,1,-0.992861867,1,-8.843839645,1,0.157165438,1,-2.436374664,1,0.836372375,1,0.078698568,0,-0.784866691,0,-2.85234189,0
60.2417984,-8.454753876,1,-1.6104213,1,-14.51863289,1,0.066143967,1,-2.476702213,1,0.998045683,1,0.076359555,0,-0.79540062,0,-2.848314047,0
60.24580002,-3.372589111,1,-6.269117355,1,-9.573275566,1,-0.111726575,1,-2.783224106,1,1.069221139,1,0.072808594,0,-0.806059957,0,-2.843415499,0
60.24979782,-3.163393259,1,-6.455508232,1,-12.1580162,1,-0.143000737,1,-3.031070709,1,0.99338454,1,0.06878829,0,-0.817992985,0,-2.838702202,0
60.25379944,-3.341035843,1,-2.835073709,1,-11.89391041,1,-0.10849335,1,-3.195159197,1,1.245465994,1,0.064435288,0,-0.830693007,0,-2.833412886,0
60.25780106,-4.521140099,1,-5.546766758,1,-12.47149849,1,-0.098536938,1,-3.444372177,1,1.414758325,1,0.059009217,0,-0.84427458,0,-2.826636076,0
60.26179886,-4.555365562,1,-6.979279041,1,-12.66126156,1,-0.1631262,1,-3.699002504,1,1.534568906,1,0.052684993,0,-0.858858228,0,-2.818917513,0
60.26579666,-2.613617897,1,-6.96014595,1,-12.90546036,1,-0.215765446,1,-4.037649632,1,1.762637377,1,0.045069396,0,-0.874631524,0,-2.809932709,0
60.26979828,-2.103673697,1,-7.240379333,1,-13.76780796,1,-0.231405377,1,-4.379814625,1,1.936750531,1,0.0359708,0,-0.891729832,0,-2.799343824,0
60.27379608,-1.697431803,1,-7.237621784,1,-14.55820084,1,-0.21888116,1,-4.774278641,1,2.158234596,1,0.025462642,0,-0.910257936,0,-2.787082672,0
60.2777977,-1.885684967,1,-8.430913925,1,-14.58316422,1,-0.235426068,1,-5.218815327,1,2.353318453,1,0.0131769,0,-0.930402517,0,-2.772807837,0
60.28179932,-1.591590405,1,-10.19784737,1,-14.41407776,1,-0.275781065,1,-5.666491032,1,2.544099331,1,-0.001097594,0,-0.952231467,0,-2.756393909,0
60.28579712,-3.374528646,1,-11.63756561,1,-14.76417828,1,-0.304870069,1,-6.070988655,1,2.781681776,1,-0.017897151,0,-0.975644171,0,-2.737345219,0
60.28979492,-4.172486305,1,-12.13452244,1,-14.67399025,1,-0.434339941,1,-6.352890015,1,3.058068991,1,-0.038128436,0,-1.000162125,0,-2.714855433,0
60.29379654,-2.460594416,1,-10.5536375,1,-13.64294529,1,-0.50270474,1,-6.67288065,1,3.274437428,1,-0.062379938,0,-1.025509715,0,-2.688513994,0
60.29779816,-1.659828663,1,-9.619423866,1,-14.43358707,1,-0.53370899,1,-7.046802521,1,3.50707984,1,-0.091056161,0,-1.051836014,0,-2.657670259,0
60.30179596,-5.076729774,1,-8.749899864,1,-15.37331581,1,-0.506240308,1,-7.289880276,1,3.704840899,1,-0.124647915,0,-1.078875542,0,-2.621638298,0
60.30579758,-9.584071159,1,-7.067624092,1,-16.05774879,1,-0.498505712,1,-7.365334511,1,3.911029816,1,-0.163654402,0,-1.105659366,0,-2.579886198,0
60.30979538,-12.46543694,1,-7.458221912,1,-17.80430984,1,-0.511084497,1,-7.363466263,1,4.001333237,1,-0.209159315,0,-1.131743312,0,-2.531611204,0
60.313797,-14.3483305,1,-6.949214458,1,-17.21370125,1,-0.547817171,1,-7.244989395,1,4.098571301,1,-0.260763019,0,-1.15636158,0,-2.477226257,0
60.31779862,-16.97723007,1,-7.097054005,1,-17.64892769,1,-0.599940062,1,-7.181095123,1,4.23072958,1,-0.319934487,0,-1.179269195,0,-2.415409088,0
60.32179642,-16.26739883,1,-6.309719086,1,-18.28022003,1,-0.574911356,1,-7.022405624,1,4.231939793,1,-0.386576384,0,-1.200076222,0,-2.346200705,0
60.32579422,-18.28799248,1,-6.695897579,1,-17.98030472,1,-0.443249375,1,-6.833315849,1,4.208864212,1,-0.459513426,0,-1.218450665,0,-2.270433187,0
60.32979584,-17.24889374,1,-8.210867882,1,-17.69089699,1,-0.41308713,1,-6.669327259,1,4.27936697,1,-0.538571417,0,-1.234036088,0,-2.188184738,0
60.33380127,-17.52392387,1,-9.438607216,1,-17.9824295,1,-0.529390335,1,-6.498461246,1,4.291615486,1,-0.624578059,0,-1.246657133,0,-2.099245071,0
60.33779907,-18.87207603,1,-10.16349983,1,-17.09389687,1,-0.662362158,1,-6.300204277,1,4.247296333,1,-0.715455174,0,-1.256121635,0,-2.006027937,0
60.34180069,-17.38568687,1,-12.19647312,1,-14.95358086,1,-1.012353659,1,-6.220536232,1,4.427154541,1,-0.811258614,0,-1.262247443,0,-1.908809781,0
60.34579849,-14.99053383,1,-12.19995499,1,-13.07493496,1,-1.623943448,1,-6.203137875,1,4.564136982,1,-0.913006425,0,-1.264718771,0,-1.807592392,0
60.34980011,-15.82681274,1,-11.32322311,1,-13.26466656,1,-2.112278938,1,-6.039424419,1,4.459260941,1,-1.016893983,0,-1.26382947,0,-1.706544042,0
60.35380173,-14.7110424,1,-9.676233292,1,-10.41568661,1,-2.462530136,1,-5.708198071,1,4.37030077,1,-1.11729753,0,-1.259757996,0,-1.61072576,0
60.35779953,-10.31842327,1,-6.927007198,1,-9.690318108,1,-2.787251711,1,-5.291419029,1,4.219862461,1,-1.21099925,0,-1.25262928,0,-1.523324847,0
60.36179733,-6.08943367,1,-2.806509256,1,-10.33430862,1,-2.852612257,1,-4.677025318,1,4.016691208,1,-1.294403672,0,-1.24323535,0,-1.447333932,0
60.36579895,-6.103774548,1,1.477797389,1,-10.59064007,1,-2.740632534,1,-4.236867905,1,3.896946669,1,-1.366276026,0,-1.232085466,0,-1.383180261,0
60.36979675,-10.45486736,1,4.318029881,1,-12.68312931,1,-2.202349424,1,-3.959028959,1,3.651477098,1,-1.428836465,0,-1.220007181,0,-1.327312112,0
60.37379837,-9.57568264,1,6.305986881,1,-12.23198318,1,-1.271861911,1,-3.562798262,1,3.367256403,1,-1.480031133,0,-1.207864523,0,-1.280175686,0
60.37779999,-18.32860374,1,9.795099258,1,-11.6160841,1,-0.132890895,1,-3.494837761,1,3.12828207,1,-1.521742582,0,-1.195741892,0,-1.238490105,0
60.38179779,-28.22392654,1,8.336636543,1,-18.34490013,1,0.818492949,1,-2.53762269,1,2.576859951,1,-1.551917672,0,-1.184735894,0,-1.204361081,0
60.38579559,-12.94661903,1,2.181537628,1,-16.40415192,1,1.402011752,1,-1.489537716,1,2.106615782,1,-1.566887975,0,-1.175558209,0,-1.183315754,0
60.38979721,-3.505174398,1,-1.741634965,1,-11.44813824,1,1.773931026,1,-1.068633437,1,1.933156848,1,-1.572275162,0,-1.167497516,0,-1.170537591,0
60.39379501,-5.242898941,1,-4.903098106,1,-9.936494827,1,1.981195331,1,-0.89198488,1,1.792969108,1,-1.573809147,0,-1.160054684,0,-1.160608053,0
60.39779663,-7.563739777,1,-7.632460594,1,-10.67036438,1,1.797041655,1,-0.551390052,1,1.658891439,1,-1.572746754,0,-1.153139353,0,-1.15341115,0
60.40179825,-4.373977184,1,-8.091516495,1,-9.678102493,1,1.427327275,1,-0.244893581,1,1.571106911,1,-1.569758773,0,-1.146706343,0,-1.14960742,0
60.40579605,-2.321591139,1,-7.588359833,1,-8.214893341,1,1.082956433,1,-0.076020323,1,1.530177593,1,-1.566154242,0,-1.140518427,0,-1.148059726,0
60.40979385,-1.911926866,1,-6.626966476,1,-7.579799652,1,0.784278452,1,0.076669805,1,1.478851795,1,-1.562512159,0,-1.134495974,0,-1.147972822,0
60.41379547,-0.963371277,1,-5.032579422,1,-7.251155376,1,0.551653564,1,0.229759917,1,1.422599316,1,-1.558647871,0,-1.128697753,0,-1.149315357,0
60.41779327,-0.018612929,1,-3.204767227,1,-6.956727028,1,0.408801407,1,0.346608669,1,1.382263541,1,-1.554477215,0,-1.123081088,0,-1.151834249,0
60.42179489,0.553927004,1,-1.570026755,1,-6.498061657,1,0.369430512,1,0.455398619,1,1.334081292,1,-1.549845576,0,-1.117620945,0,-1.155285239,0
60.42579651,1.162494898,1,-0.212491527,1,-6.226786137,1,0.435654908,1,0.561559021,1,1.288769245,1,-1.544360042,0,-1.112324476,0,-1.159616232,0
60.42979431,1.788753748,1,0.879963696,1,-6.028763771,1,0.58353883,1,0.66820842,1,1.24058485,1,-1.537689209,0,-1.107197165,0,-1.164805889,0
60.43379593,2.091060638,1,1.382270455,1,-5.926627636,1,0.782675147,1,0.786897838,1,1.201966882,1,-1.52955389,0,-1.102205515,0,-1.170860648,0
60.43779755,2.244252205,1,1.331935406,1,-5.814474583,1,0.990082622,1,0.909904778,1,1.172971606,1,-1.519782543,0,-1.097302794,0,-1.177848577,0
60.44179535,2.341153383,1,0.976382196,1,-5.760114193,1,1.180941343,1,1.034657598,1,1.151758432,1,-1.508410454,0,-1.092441559,0,-1.185747266,0
60.44579315,2.275375605,1,0.441257894,1,-5.795741081,1,1.327835441,1,1.166758895,1,1.147739768,1,-1.494526982,0,-1.087126851,0,-1.159421802,0
60.44979477,2.269064426,1,-0.174757063,1,-5.816691399,1,1.444069386,1,1.299753547,1,1.144570589,1,-1.480383873,0,-1.082156062,0,-1.169135332,0
60.4538002,2.045306683,1,-0.659397244,1,-5.912404537,1,1.519516826,1,1.449706197,1,1.139692783,1,-1.46503377,0,-1.077068806,0,-1.17980659,0
60.457798,1.894180894,1,-1.0019629,1,-6.005921364,1,1.579829335,1,1.604904413,1,1.127545357,1,-1.448586226,0,-1.071862817,0,-1.191464305,0
60.46179962,1.768960118,1,-1.183431268,1,-6.12559557,1,1.635566592,1,1.770242691,1,1.103366733,1,-1.43101275,0,-1.066551328,0,-1.204175949,0
60.46579742,1.736002684,1,-1.11829865,1,-6.220098019,1,1.702272654,1,1.941112518,1,1.050948381,1,-1.412263036,0,-1.061183095,0,-1.217986941,0
60.46980286,1.711382508,1,-0.898557425,1,-6.45191431,1,1.789939761,1,2.107748747,1,0.979386985,1,-1.392332077,0,-1.055817962,0,-1.232859373,0
60.47380447,1.625688672,1,-0.76063627,1,-6.549377441,1,1.890726089,1,2.278584719,1,0.886393666,1,-1.371073365,0,-1.050497651,0,-1.248850107,0
60.47780228,1.532507896,1,-0.885778964,1,-6.644956112,1,2.006876707,1,2.454264641,1,0.776921213,1,-1.348442793,0,-1.045254946,0,-1.26598978,0
60.48179627,1.539405346,1,-1.117844343,1,-6.663435459,1,2.111012459,1,2.62232542,1,0.653045654,1,-1.324414849,0,-1.040105462,0,-1.284276009,0
60.4858017,1.515994191,1,-1.358639121,1,-6.711771965,1,2.20040822,1,2.777175188,1,0.514803529,1,-1.299097538,0,-1.035074949,0,-1.303650618,0
60.4897995,1.599692225,1,-1.712011218,1,-6.74532938,1,2.273095369,1,2.929575682,1,0.382272869,1,-1.272627354,0,-1.030137181,0,-1.324046493,0
60.49379349,1.523908973,1,-1.968614936,1,-6.807756901,1,2.32755208,1,3.066722631,1,0.237585783,1,-1.24514699,0,-1.025272727,0,-1.345395088,0
60.49779892,1.421225667,1,-2.061395168,1,-6.872274876,1,2.370111704,1,3.196146011,1,0.089448489,1,-1.216760874,0,-1.020476937,0,-1.367654204,0
60.50179672,1.277857304,1,-2.010276318,1,-6.995748043,1,2.420054913,1,3.308353186,1,-0.066461891,1,-1.187530994,0,-1.01574719,0,-1.390733838,0
60.50579834,0.992176414,1,-1.829795837,1,-7.10581255,1,2.48385191,1,3.436369896,1,-0.225665852,1,-1.157412887,0,-1.011049509,0,-1.414666653,0
60.50979996,0.766938865,1,-1.625338793,1,-7.196402073,1,2.554074287,1,3.559209347,1,-0.389562994,1,-1.126331568,0,-1.006354094,0,-1.439490318,0
60.51379776,0.510218203,1,-1.485172987,1,-7.326442719,1,2.640480757,1,3.670922041,1,-0.567237377,1,-1.094245672,0,-1.001638293,0,-1.465207458,0
60.51779556,0.295011669,1,-1.528464675,1,-7.352006435,1,2.724537373,1,3.777717829,1,-0.737878859,1,-1.061172009,0,-0.996876359,0,-1.491772294,0
60.52179718,0.148483112,1,-1.673986554,1,-7.342190266,1,2.801743269,1,3.8835783,1,-0.913718998,1,-1.027167678,0,-0.992030323,0,-1.519143581,0
60.52579498,0.025089758,1,-1.852969289,1,-7.304427147,1,2.865189314,1,3.977734089,1,-1.084239483,1,-0.992322743,0,-0.987036288,0,-1.547272921,0
60.5297966,-0.051966704,1,-2.054049015,1,-7.348455429,1,2.905863285,1,4.04977417,1,-1.239567041,1,-0.956825674,0,-0.981867552,0,-1.576019168,0
60.53379822,-0.139399916,1,-2.34953475,1,-7.382294655,1,2.917572498,1,4.117213726,1,-1.38394177,1,-0.920928478,0,-0.976451635,0,-1.605223894,0
60.53779602,-0.039640546,1,-2.477079391,1,-7.467938423,1,2.897230864,1,4.16455698,1,-1.514989138,1,-0.884889364,0,-0.970743358,0,-1.634744167,0
60.54179382,0.113196373,1,-2.464667082,1,-7.533154011,1,2.866470575,1,4.191000462,1,-1.631433368,1,-0.848923087,0,-0.964724243,0,-1.664411783,0
60.54579544,0.230699658,1,-2.267734051,1,-7.648584366,1,2.82845974,1,4.206816196,1,-1.732346773,1,-0.813248158,0,-0.958368838,0,-1.694027424,0
60.54979324,0.167929798,1,-1.983018279,1,-7.774294376,1,2.799700737,1,4.218825817,1,-1.819017649,1,-0.777972221,0,-0.95164609,0,-1.723468781,0
60.55379486,0.089116894,1,-1.567931652,1,-7.987685204,1,2.78853488,1,4.209361076,1,-1.891122103,1,-0.743123412,0,-0.944545686,0,-1.752614141,0
60.55779648,-0.15743798,1,-1.224632025,1,-8.171586037,1,2.780440331,1,4.212982178,1,-1.945639014,1,-0.708765984,0,-0.937041342,0,-1.78134644,0
60.56179428,-0.412400872,1,-0.941718221,1,-8.429415703,1,2.798597813,1,4.218697548,1,-1.987918377,1,-0.674907684,0,-0.929074883,0,-1.809604526,0
60.56579208,-0.843709588,1,-0.666555583,1,-8.70140934,1,2.839092493,1,4.235261917,1,-2.022071123,1,-0.641493082,0,-0.92061168,0,-1.837330699,0
60.5697937,-1.328552961,1,-0.422586739,1,-9.048000336,1,2.892245054,1,4.268894196,1,-2.050443172,1,-0.608475864,0,-0.911584139,0,-1.864512086,0
60.57379913,-1.863349199,1,-0.185737655,1,-9.385448456,1,2.965151548,1,4.322282314,1,-2.058967352,1,-0.575808287,0,-0.901920021,0,-1.891128182,0
60.57779694,-2.315025568,1,0.008780478,1,-9.724607468,1,3.036569834,1,4.391314507,1,-2.077585697,1,-0.543454826,0,-0.891539872,0,-1.917176843,0
60.58179855,-2.734106064,1,0.073832676,1,-10.01468754,1,3.12174654,1,4.475888252,1,-2.080958366,1,-0.511409044,0,-0.880398035,0,-1.942647696,0
60.58579636,-3.099056721,1,0.157430351,1,-10.26509953,1,3.201765776,1,4.566644192,1,-2.090889931,1,-0.479692727,0,-0.868471622,0,-1.967508078,0
60.58979797,-3.362664938,1,0.122803986,1,-10.43583107,1,3.278357267,1,4.652769566,1,-2.10439539,1,-0.448342443,0,-0.855744123,0,-1.991719723,0
60.59379959,-3.457272053,1,-0.004266759,1,-10.56768417,1,3.352276802,1,4.741838932,1,-2.113540411,1,-0.417406559,0,-0.842232108,0,-2.015245199,0
60.59779739,-3.546005487,1,-0.158536822,1,-10.73057652,1,3.415964603,1,4.809334278,1,-2.12523675,1,-0.386998355,0,-0.827981055,0,-2.038006306,0
60.6017952,-3.536126137,1,-0.32365495,1,-10.84766769,1,3.46728158,1,4.864658833,1,-2.14174509,1,-0.357167006,0,-0.813053429,0,-2.059974194,0
60.60579681,-3.6515131,1,-0.45150581,1,-10.99830055,1,3.514542103,1,4.906742096,1,-2.152709484,1,-0.327949315,0,-0.797528684,0,-2.081128359,0
60.60979843,-3.870267391,1,-0.528349578,1,-11.07440472,1,3.548460484,1,4.926868916,1,-2.175947905,1,-0.299410492,0,-0.781487584,0,-2.101433039,0
60.61379623,-4.001363754,1,-0.662949562,1,-11.28832817,1,3.587916374,1,4.940826893,1,-2.201497555,1,-0.271516591,0,-0.765003085,0,-2.120931864,0
60.61779785,-4.187893867,1,-0.882574141,1,-11.49538517,1,3.608644485,1,4.933020115,1,-2.234438181,1,-0.244275644,0,-0.748175561,0,-2.139667511,0
60.62179565,-4.350711346,1,-1.021615028,1,-11.90959263,1,3.620014668,1,4.911938667,1,-2.274228096,1,-0.217686713,0,-0.731069326,0,-2.157659054,0
60.62579727,-4.787038326,1,-0.946446836,1,-12.22801113,1,3.640048265,1,4.879523277,1,-2.312342405,1,-0.191725492,0,-0.713778257,0,-2.174954176,0
60.62979507,-5.060871124,1,-0.937677681,1,-12.7997961,1,3.66621685,1,4.839097977,1,-2.358013153,1,-0.166340441,0,-0.696318805,0,-2.191567659,0
60.63379288,-5.663921833,1,-0.645991921,1,-13.16759777,1,3.701669216,1,4.806553841,1,-2.391660452,1,-0.1414738,0,-0.678710818,0,-2.207538128,0
60.6377945,-6.551276207,1,-0.351770639,1,-13.59440136,1,3.7608881,1,4.774151325,1,-2.436729908,1,-0.117018707,0,-0.660958529,0,-2.222896338,0
60.64179611,-7.384478092,1,-0.063042186,1,-13.95145416,1,3.833721161,1,4.752648354,1,-2.490964174,1,-0.092831872,0,-0.64303422,0,-2.237732172,0
60.64579392,-8.304930687,1,-0.031379562,1,-14.46023846,1,3.90436697,1,4.719470024,1,-2.553050518,1,-0.068844132,0,-0.624977112,0,-2.252105951,0
60.64979172,-9.391720772,1,-0.146259174,1,-14.85356712,1,3.958189964,1,4.68640852,1,-2.622538805,1,-0.045045249,0,-0.606787562,0,-2.266073227,0
60.65379334,-10.62371349,1,-0.355178773,1,-15.29555988,1,3.979778528,1,4.659279823,1,-2.706071854,1,-0.02149524,0,-0.588458896,0,-2.279704094,0
60.65779495,-11.86939335,1,-0.785399258,1,-15.79549694,1,3.967554569,1,4.631849289,1,-2.808825731,1,0.001736689,0,-0.569971919,0,-2.293098211,0
60.66179276,-13.0209341,1,-1.068301916,1,-16.36355591,1,3.924170732,1,4.609575748,1,-2.933674097,1,0.024589784,0,-0.551344335,0,-2.306372166,0
60.66579437,-14.26072025,1,-1.342395902,1,-16.79974365,1,3.842397928,1,4.568118095,1,-3.07916975,1,0.046962962,0,-0.532567382,0,-2.319630861,0
60.66979218,-15.61154366,1,-1.65400362,1,-17.21814919,1,3.716656208,1,4.51979208,1,-3.244321346,1,0.068751171,0,-0.513687134,0,-2.332982302,0
60.67379379,-17.16945839,1,-1.700139761,1,-17.59208488,1,3.560732126,1,4.462206364,1,-3.420518398,1,0.089861996,0,-0.494717568,0,-2.346534967,0
60.67779541,-19.0803051,1,-1.468135595,1,-17.75284004,1,3.382641792,1,4.395910263,1,-3.616333961,1,0.110200502,0,-0.475684762,0,-2.360366821,0
60.68179321,-21.11573601,1,-0.350610614,1,-17.79073334,1,3.189511299,1,4.317370415,1,-3.810678244,1,0.129703432,0,-0.456602663,0,-2.374535322,0
60.68579102,-22.98389626,1,1.940285802,1,-17.73740196,1,3.022727728,1,4.220504284,1,-3.997038603,1,0.148397237,0,-0.437520266,0,-2.38906765,0
60.68979263,-24.84737396,1,5.044120789,1,-17.2489357,1,2.935585737,1,4.121134281,1,-4.142454147,1,0.166430041,0,-0.418497264,0,-2.403876781,0
60.69379807,-26.70609856,1,7.394010067,1,-16.01725388,1,2.946506023,1,4.061756134,1,-4.232300282,1,0.187760144,0,-0.402877688,0,-2.395911217,0
60.69779587,-29.05030823,1,8.263027191,1,-14.02165318,1,3.004735231,1,4.071897507,1,-4.276992321,1,0.205261931,0,-0.383602083,0,-2.410547495,0
60.70179749,-31.14771271,1,8.027259827,1,-11.90087414,1,3.033599377,1,4.095685959,1,-4.241600037,1,0.222526446,0,-0.364017427,0,-2.424722433,0
60.70579529,-32.4302063,1,6.884031773,1,-9.577503204,1,2.971443892,1,4.073965073,1,-4.124853134,1,0.239207029,0,-0.344260216,0,-2.43812418,0
60.70979691,-33.02475357,1,6.313114643,1,-7.413730621,1,2.823544025,1,3.986548185,1,-3.934448004,1,0.25487563,0,-0.324669957,0,-2.450510979,0
60.71379852,-32.77172089,1,6.085849762,1,-5.065773964,1,2.618604183,1,3.828256607,1,-3.697665453,1,0.269267559,0,-0.30559516,0,-2.461766005,0
60.71779633,-32.33477402,1,6.749790668,1,-2.753829002,1,2.396374941,1,3.59449029,1,-3.408164978,1,0.282231063,0,-0.287424505,0,-2.471842766,0
60.72179413,-31.58140755,1,8.486260414,1,-0.497063011,1,2.228947878,1,3.281610012,1,-3.084875107,1,0.293895662,0,-0.270523399,0,-2.480723858,0
60.72579575,-30.46986008,1,11.67711735,1,1.601072311,1,2.200308084,1,2.894037485,1,-2.770859241,1,0.304735839,0,-0.255254537,0,-2.488535643,0
60.72979355,-29.41775894,1,14.9993782,1,3.197493076,1,2.29579711,1,2.452684879,1,-2.464881659,1,0.315381348,0,-0.241864204,0,-2.495449066,0
60.73379517,-29.11332703,1,17.68655777,1,4.519773483,1,2.511180639,1,1.997877955,1,-2.177791834,1,0.326419115,0,-0.230486751,0,-2.501610994,0
60.73779678,-28.74993896,1,18.71487427,1,5.377647877,1,2.73517561,1,1.560022473,1,-1.90557611,1,0.338165909,0,-0.221107185,0,-2.50714922,0
60.74179459,-28.31722641,1,18.39992332,1,5.625095367,1,2.881515503,1,1.114901662,1,-1.659224153,1,0.350521147,0,-0.213665411,0,-2.512186766,0
60.74579239,-28.54801369,1,16.47935486,1,5.648437977,1,2.866370678,1,0.681795955,1,-1.434546947,1,0.363030761,0,-0.208150387,0,-2.516837597,0
60.74979401,-28.83171463,1,14.27351952,1,5.472943306,1,2.685643673,1,0.287334055,1,-1.221565962,1,0.375062168,0,-0.204429984,0,-2.521181345,0
60.75379181,-29.19282532,1,12.1343317,1,4.829916954,1,2.346511126,1,-0.069428824,1,-1.049601555,1,0.385991186,0,-0.202342033,0,-2.525318384,0
60.75779343,-29.60110092,1,10.33221912,1,4.047595501,1,1.856934547,1,-0.360967755,1,-0.903674841,1,0.39523685,0,-0.20165889,0,-2.529324055,0
60.76179504,-16.20378685,1,-7.112157822,1,-3.571877003,1,0.398525387,1,-0.774179041,1,-0.666908503,1,0.401278198,0,-0.202429309,0,-2.533209562,0
60.76579285,-26.05552101,1,-15.78290844,1,7.688989639,1,-2.710416555,1,-2.034431219,1,0.155078694,1,0.396823019,0,-0.206632182,0,-2.536506891,0
60.76979065,-43.9712677,1,7.65650177,1,9.221920013,1,-2.920569181,1,-2.951479197,1,1.11354053,1,0.385220885,0,-0.217593074,0,-2.538009644,0
60.77379227,6.939553738,1,14.70764828,1,8.529560089,1,-3.013712645,1,-2.311202288,1,1.314924836,1,0.37343207,0,-0.229086652,0,-2.537304401,0
60.77779007,19.18559647,1,5.546014309,1,-4.577172279,1,-2.868804216,1,-2.836341143,1,2.073363304,1,0.360960603,0,-0.24077934,0,-2.534647703,0
60.78179169,-8.836112976,1,-1.016922355,1,-18.13771248,1,-2.833073378,1,-3.483847857,1,2.621177673,1,0.348479897,0,-0.256335109,0,-2.530070543,0
60.7857933,-3.350553989,1,-9.67420578,1,-26.89828491,1,-2.708635569,1,-2.565721989,1,2.842590094,1,0.335594952,0,-0.271444082,0,-2.523701191,0
60.78979111,11.32510376,1,-22.69792938,1,-28.17459679,1,-2.698567152,1,-2.075819254,1,2.968126774,1,0.322613806,0,-0.283916056,0,-2.515173912,0
60.79378891,8.39733696,1,-27.17477036,1,-20.39003944,1,-3.267920494,1,-1.989979506,1,2.88794589,1,0.308055639,0,-0.295254618,0,-2.506198645,0
60.79779053,3.577228785,1,-19.25975037,1,-15.18537045,1,-3.569254637,1,-1.910349965,1,2.945058823,1,0.291432828,0,-0.306165963,0,-2.497065544,0
60.80178833,1.558307528,1,-3.805508852,1,-11.2961216,1,-3.418959856,1,-2.539310932,1,2.96592617,1,0.274590671,0,-0.31789881,0,-2.487565041,0
60.80578995,-1.786056519,1,2.493932962,1,-8.729964256,1,-3.378709555,1,-2.789298296,1,2.890215874,1,0.258216918,0,-0.331252038,0,-2.478636503,0
60.80979538,-2.697920322,1,7.853302002,1,-6.551544666,1,-3.046770096,1,-3.55161643,1,2.728215218,1,0.242647052,0,-0.346240401,0,-2.470293999,0
60.81378937,-6.310740471,1,6.414649487,1,-7.290006638,1,-2.802896738,1,-4.052990913,1,2.337375164,1,0.228566781,0,-0.363471776,0,-2.463618994,0
60.81779862,-13.93792725,1,7.007575512,1,-12.47240448,1,-2.294564247,1,-4.372993946,1,1.90712738,1,0.216555879,0,-0.381900847,0,-2.458703041,0
60.82180023,-20.86031151,1,7.52502203,1,-17.44441605,1,-2.002515554,1,-4.228033543,1,1.490696788,1,0.206757993,0,-0.400251478,0,-2.455507278,0
60.82579804,-22.86486626,1,8.673471451,1,-21.5889225,1,-1.649054408,1,-3.81964922,1,1.269275904,1,0.198594019,0,-0.417134941,0,-2.453179121,0
60.82979584,-27.51423645,1,8.089015007,1,-21.1659584,1,-1.440376639,1,-3.3551898,1,1.248304605,1,0.191493481,0,-0.432288885,0,-2.450865746,0
60.83379746,-25.24080467,1,8.003546715,1,-19.54756165,1,-1.149891257,1,-2.646355629,1,1.309446931,1,0.184964597,0,-0.445012748,0,-2.447808266,0
60.83779526,-21.17355537,1,6.985185623,1,-17.1812439,1,-0.873148263,1,-2.131198645,1,1.420824289,1,0.179178178,0,-0.455355287,0,-2.443739653,0
60.84179688,-16.18937111,1,3.522712946,1,-14.40418148,1,-0.701067805,1,-1.689624071,1,1.381706834,1,0.173968002,0,-0.463829607,0,-2.439014912,0
60.84579849,-9.289620399,1,0.034189969,1,-10.95931053,1,-0.524977088,1,-1.546180844,1,1.299301147,1,0.169426948,0,-0.471051484,0,-2.434311628,0
60.8497963,-5.75547123,1,-2.033216953,1,-8.931212425,1,-0.447276384,1,-1.613886595,1,1.190717936,1,0.165518641,0,-0.478082567,0,-2.429975748,0
60.8537941,-5.324532509,1,-4.670951843,1,-7.977359772,1,-0.448503792,1,-1.653373599,1,1.084604502,1,0.161961824,0,-0.485290289,0,-2.426116705,0
60.85779572,-8.010030746,1,-7.207697392,1,-7.839687824,1,-0.570223212,1,-1.579396605,1,1.029056311,1,0.158270046,0,-0.492417157,0,-2.422556877,0
60.86179352,-7.421675205,1,-6.73536253,1,-7.482838154,1,-0.65026015,1,-1.389345884,1,0.92596817,1,0.154230714,0,-0.498883545,0,-2.419232368,0
60.86579514,-8.846207619,1,-4.741163731,1,-8.197855949,1,-0.759743512,1,-1.185189724,1,0.892359972,1,0.149873376,0,-0.504545271,0,-2.416011572,0
60.86979675,-9.028534889,1,-2.281885624,1,-8.792971611,1,-0.782389462,1,-0.934857488,1,0.878483117,1,0.145198911,0,-0.509246886,0,-2.41274929,0
60.87379456,-10.17421722,1,-1.401743054,1,-9.855434418,1,-0.85268116,1,-0.637595356,1,0.892630041,1,0.14020291,0,-0.512906492,0,-2.409217596,0
60.87779236,-11.53133488,1,-1.820521235,1,-9.251008034,1,-0.807476938,1,-0.346115857,1,0.857278824,1,0.135052875,0,-0.515321851,0,-2.405539751,0
60.88179398,-10.43682766,1,-2.927254915,1,-8.453129768,1,-0.780113935,1,-0.141745746,1,0.767038703,1,0.130102918,0,-0.516697168,0,-2.401967287,0
60.88579559,-8.415329933,1,-3.73448658,1,-8.445874214,1,-0.801697731,1,-0.026968321,1,0.662788153,1,0.12536414,0,-0.517390728,0,-2.398766279,0
60.8897934,-6.174664497,1,-3.702442884,1,-8.323500633,1,-0.80750984,1,-0.016432185,1,0.613210797,1,0.120703518,0,-0.517759085,0,-2.395870686,0
60.89379501,-6.985859871,1,-3.28710413,1,-9.986213684,1,-0.753236353,1,-1.84E-05,1,0.555329502,1,0.116255507,0,-0.518105209,0,-2.393206835,0
60.89779282,-6.16215229,1,-2.357195854,1,-9.666991234,1,-0.723620772,1,0.085065931,1,0.556815505,1,0.112058669,0,-0.518168271,0,-2.390675783,0
60.90179443,-4.979064465,1,-1.900255919,1,-9.123072624,1,-0.70731318,1,0.082421407,1,0.598996401,1,0.10786055,0,-0.518070996,0,-2.387979031,0
60.90579605,-5.377267361,1,-2.549660444,1,-9.246269226,1,-0.677590191,1,0.065029748,1,0.578571439,1,0.103745446,0,-0.518043458,0,-2.385235786,0
60.90979385,-5.493396759,1,-3.210377693,1,-8.866044044,1,-0.647256255,1,0.062661648,1,0.547436237,1,0.099812642,0,-0.51801759,0,-2.38263607,0
60.91379166,-5.06629467,1,-3.330430269,1,-8.662899971,1,-0.627928197,1,0.061842196,1,0.527983606,1,0.096049532,0,-0.517969012,0,-2.38015604,0
60.91779327,-4.854534149,1,-3.503136396,1,-8.61359024,1,-0.62812233,1,0.047481842,1,0.521933138,1,0.092327364,0,-0.517960131,0,-2.377719402,0
60.92179108,-4.748447418,1,-3.113300323,1,-8.912311554,1,-0.623930216,1,0.043318782,1,0.526220143,1,0.088613071,0,-0.517962158,0,-2.375298262,0
60.92579269,-4.533894062,1,-2.561610222,1,-8.64245224,1,-0.607019961,1,0.042350914,1,0.523568392,1,0.084942818,0,-0.517967045,0,-2.372875452,0
60.92979431,-4.556713581,1,-1.917674065,1,-8.771103859,1,-0.576191723,1,0.020970592,1,0.508375049,1,0.081380799,0,-0.518015802,0,-2.370490313,0
60.93379211,-5.096796989,1,-1.149625659,1,-9.001889229,1,-0.526001632,1,0.006145962,1,0.475601345,1,0.078047261,0,-0.518118322,0,-2.368225813,0
60.93779755,-5.109547138,1,-0.493423223,1,-9.019225121,1,-0.467017591,1,0.002016753,1,0.444091052,1,0.075019144,0,-0.518236995,0,-2.36612463,0
60.94179916,-4.835381508,1,-0.65681833,1,-9.039634705,1,-0.402856916,1,0.00068827,1,0.41607976,1,0.072308771,0,-0.518356919,0,-2.364147663,0
60.94579697,-4.322239876,1,-1.371115208,1,-9.086484909,1,-0.349604756,1,-0.025712846,1,0.395763844,1,0.068723693,0,-0.518263757,0,-2.34580946,0
60.94979477,-3.974772692,1,-2.370448112,1,-9.060106277,1,-0.311821252,1,-0.057059571,1,0.386577129,1,0.066533692,0,-0.518529415,0,-2.344025135,0
60.95379639,-4.024326324,1,-2.992246866,1,-8.838959694,1,-0.307905525,1,-0.092868246,1,0.381071299,1,0.064429514,0,-0.518930852,0,-2.342286587,0
60.95779419,-3.983822346,1,-3.244040251,1,-8.788844109,1,-0.300157398,1,-0.129543334,1,0.377680689,1,0.062367685,0,-0.519461513,0,-2.340571642,0
60.96179581,-4.206836224,1,-3.037974834,1,-8.858862877,1,-0.292085975,1,-0.170027271,1,0.380229592,1,0.060332742,0,-0.520152211,0,-2.338861704,0
60.96579742,-4.33300209,1,-2.78404808,1,-8.975375175,1,-0.283564061,1,-0.200428933,1,0.375490338,1,0.058348343,0,-0.520980775,0,-2.337189198,0
60.96979523,-4.471792698,1,-2.553179026,1,-8.893731117,1,-0.281074971,1,-0.228303865,1,0.362453014,1,0.056408051,0,-0.521927297,0,-2.335545778,0
60.97379303,-4.638290405,1,-2.406024933,1,-8.827220917,1,-0.276838571,1,-0.245898157,1,0.339516789,1,0.054513648,0,-0.522958398,0,-2.333982468,0
60.97779465,-4.854249954,1,-2.282370329,1,-8.765955925,1,-0.269017488,1,-0.260359555,1,0.314754009,1,0.052700974,0,-0.524052083,0,-2.332531929,0
60.98179245,-5.135595322,1,-1.903964758,1,-8.593108177,1,-0.257227927,1,-0.260256052,1,0.27809158,1,0.050999556,0,-0.52515173,0,-2.331223726,0
60.98579407,-5.241806984,1,-1.503670692,1,-8.650182724,1,-0.23977311,1,-0.263484746,1,0.245706096,1,0.049422979,0,-0.526260734,0,-2.330066919,0
60.98979569,-5.080154419,1,-1.146921992,1,-8.612368584,1,-0.203324005,1,-0.25149706,1,0.215563014,1,0.048040785,0,-0.52732861,0,-2.329059601,0
60.99379349,-4.71788168,1,-1.119981647,1,-8.707009315,1,-0.167092517,1,-0.261144608,1,0.183508292,1,0.046865977,0,-0.528388202,0,-2.328187943,0
60.99779129,-4.629734516,1,-1.17467773,1,-8.716948509,1,-0.138805658,1,-0.271401495,1,0.158984184,1,0.045881677,0,-0.529485583,0,-2.327452898,0
61.00179291,-4.700667858,1,-1.169784188,1,-8.772655487,1,-0.100037299,1,-0.28218013,1,0.13544704,1,0.045095917,0,-0.530622959,0,-2.326826572,0
61.00579071,-4.852871418,1,-1.344551206,1,-8.675292015,1,-0.066487201,1,-0.28911829,1,0.11358235,1,0.044499181,0,-0.531798005,0,-2.326317072,0
61.00979233,-4.825371742,1,-1.615331769,1,-8.60050106,1,-0.037959628,1,-0.297324896,1,0.089206584,1,0.044088051,0,-0.532996655,0,-2.325905085,0
61.01379395,-4.756378174,1,-1.980555892,1,-8.58240509,1,-0.011500042,1,-0.30249992,1,0.071676679,1,0.043835748,0,-0.534205914,0,-2.325593472,0
61.01779175,-4.698301315,1,-2.255341291,1,-8.489498138,1,-0.003966255,1,-0.302679241,1,0.072035231,1,0.043672189,0,-0.535428286,0,-2.325330019,0
61.02178955,-4.65818119,1,-2.57538867,1,-8.388233185,1,0.003308634,1,-0.300581247,1,0.070036508,1,0.043545183,0,-0.536650121,0,-2.325069189,0
61.02579117,-4.69934845,1,-2.858073473,1,-8.333381653,1,-0.007513232,1,-0.303705543,1,0.08656393,1,0.043377869,0,-0.537869334,0,-2.32476306,0
61.02978897,-4.831093311,1,-3.119275808,1,-8.072368622,1,-0.014873769,1,-0.301123172,1,0.101837471,1,0.043134958,0,-0.539099157,0,-2.324383497,0
61.03379059,-4.994082928,1,-3.468251228,1,-7.891565323,1,-0.027073009,1,-0.290030539,1,0.124297604,1,0.042819623,0,-0.540300727,0,-2.323919058,0
61.03779221,-4.712256432,1,-3.79329896,1,-7.791790485,1,-0.062068194,1,-0.275519758,1,0.150648028,1,0.042349812,0,-0.541445673,0,-2.323338747,0
61.04179001,-4.827975273,1,-3.979238987,1,-7.701023579,1,-0.09633714,1,-0.26784277,1,0.176640287,1,0.041665211,0,-0.542560637,0,-2.322630882,0
61.04578781,-5.01168108,1,-3.836479664,1,-7.580230236,1,-0.125546291,1,-0.24507761,1,0.196551859,1,0.04080312,0,-0.543609738,0,-2.321810007,0
61.04978943,-4.982318878,1,-3.39076519,1,-7.600743771,1,-0.149801075,1,-0.219336405,1,0.219542041,1,0.03975638,0,-0.544569552,0,-2.320882797,0
61.05378723,-5.057294846,1,-2.890731573,1,-7.76109457,1,-0.16253674,1,-0.197271526,1,0.235116437,1,0.038590163,0,-0.545436144,0,-2.319847822,0
61.05779266,-4.908684254,1,-2.386291742,1,-7.919514179,1,-0.174940228,1,-0.184493244,1,0.238669708,1,0.037355989,0,-0.546231091,0,-2.31876874,0
61.06179428,-5.016578197,1,-1.933476806,1,-8.011342049,1,-0.163655326,1,-0.1694372,1,0.244876117,1,0.036095053,0,-0.546976089,0,-2.317658901,0
61.06579208,-4.879072666,1,-1.576411366,1,-8.14656353,1,-0.153525457,1,-0.165479973,1,0.235537678,1,0.034881372,0,-0.54767704,0,-2.316554546,0
61.0697937,-4.965290546,1,-1.391824722,1,-8.213985443,1,-0.128017679,1,-0.159827277,1,0.230437204,1,0.03375458,0,-0.548359811,0,-2.315480947,0
61.07379532,-4.884396553,1,-1.287722826,1,-8.307091713,1,-0.105760641,1,-0.158962473,1,0.222496107,1,0.032735527,0,-0.549026072,0,-2.314435005,0
61.07779312,-4.766186714,1,-1.318184137,1,-8.25005722,1,-0.079091661,1,-0.154355943,1,0.21799098,1,0.031849612,0,-0.549678564,0,-2.313433647,0
61.08179092,-4.902263641,1,-1.535293221,1,-8.341094017,1,-0.057391964,1,-0.152965248,1,0.205504447,1,0.031079877,0,-0.5503304,0,-2.312465191,0
61.08579254,-4.901952744,1,-1.783738256,1,-8.162900925,1,-0.044050068,1,-0.151012614,1,0.196695283,1,0.030384824,0,-0.550967872,0,-2.311536074,0
61.08979034,-4.86183691,1,-1.892224908,1,-8.197151184,1,-0.038294807,1,-0.152446821,1,0.184773803,1,0.029768873,0,-0.551593423,0,-2.310668945,0
61.09379196,-4.981986046,1,-1.799159527,1,-8.239177704,1,-0.02783634,1,-0.149861172,1,0.179085791,1,0.029195281,0,-0.552216887,0,-2.309834719,0
61.09779739,-4.895700932,1,-1.974062443,1,-8.199073792,1,-0.020497514,1,-0.147474006,1,0.181082457,1,0.028675456,0,-0.552835941,0,-2.309015036,0
61.10179138,-4.972271919,1,-1.918387651,1,-8.243110657,1,-0.017502399,1,-0.147315532,1,0.176037312,1,0.028168898,0,-0.553436577,0,-2.308197737,0
61.10578919,-4.932949066,1,-2.111851692,1,-8.164716721,1,-0.008402582,1,-0.141502514,1,0.176622987,1,0.027695026,0,-0.5540362,0,-2.307391167,0
61.10979462,-4.892706394,1,-2.250927448,1,-8.194297791,1,-0.007705102,1,-0.138033494,1,0.179268435,1,0.027234664,0,-0.554608226,0,-2.306571245,0
61.11378861,-4.99157095,1,-2.359618902,1,-8.168692589,1,-0.020321084,1,-0.135742828,1,0.183875099,1,0.026738184,0,-0.555168092,0,-2.305733204,0
61.11779404,-5.012044907,1,-2.302049875,1,-8.087148666,1,-0.022956792,1,-0.128549457,1,0.188198417,1,0.026193252,0,-0.555719137,0,-2.304867744,0
61.12179565,-5.078956127,1,-2.235659122,1,-8.059743881,1,-0.030114261,1,-0.116882458,1,0.195000172,1,0.025624409,0,-0.556236982,0,-2.303981304,0
61.12579346,-5.019126892,1,-2.128707647,1,-8.054700851,1,-0.027766185,1,-0.110506989,1,0.19339259,1,0.025015738,0,-0.5567137,0,-2.303072691,0
61.12979126,-4.840930462,1,-2.096519947,1,-8.158116341,1,-0.034533381,1,-0.111176215,1,0.192409173,1,0.024422701,0,-0.557161272,0,-2.302177191,0
61.13379288,-4.766199589,1,-2.164167404,1,-8.166099548,1,-0.050434984,1,-0.115172513,1,0.191767991,1,0.023792967,0,-0.557635903,0,-2.301281691,0
61.13779068,-4.835723877,1,-2.079698563,1,-8.204247475,1,-0.054515526,1,-0.125910789,1,0.191652507,1,0.023117136,0,-0.558138371,0,-2.300387383,0
61.1417923,-4.840778828,1,-2.102571726,1,-8.25214386,1,-0.061766028,1,-0.126472965,1,0.189736083,1,0.022418199,0,-0.55865705,0,-2.299501419,0
61.14579392,-4.860730171,1,-2.05359745,1,-8.292208672,1,-0.058368601,1,-0.130381361,1,0.196950361,1,0.021718275,0,-0.559187829,0,-2.298607111,0
61.14979172,-4.905011654,1,-2.11823988,1,-8.205821991,1,-0.055858679,1,-0.134556428,1,0.20087707,1,0.021019543,0,-0.559722841,0,-2.297689676,0
61.15378952,-4.850313663,1,-2.211175442,1,-8.186648369,1,-0.054731399,1,-0.135865465,1,0.204330698,1,0.020301571,0,-0.560272455,0,-2.296754122,0
61.15779114,-4.87084341,1,-2.267119646,1,-8.259899139,1,-0.066838585,1,-0.136827782,1,0.208028391,1,0.019558091,0,-0.560831547,0,-2.295800447,0
61.16178894,-4.760027409,1,-2.081643343,1,-8.250902176,1,-0.067563385,1,-0.145278275,1,0.205191389,1,0.01876865,0,-0.561410248,0,-2.294826031,0
61.16579056,-4.865675449,1,-2.040784836,1,-8.25114727,1,-0.069850497,1,-0.150398239,1,0.209137395,1,0.017989643,0,-0.562011182,0,-2.293864489,0
61.16979218,-4.925107956,1,-2.028898478,1,-8.177239418,1,-0.06674125,1,-0.153138697,1,0.205779582,1,0.017212365,0,-0.562638521,0,-2.29289484,0
61.17378998,-5.078660488,1,-2.007416725,1,-8.127735138,1,-0.062946029,1,-0.15631853,1,0.211514384,1,0.016434256,0,-0.563275337,0,-2.291919231,0
61.17779541,-5.06277895,1,-1.940781593,1,-8.088910103,1,-0.059337996,1,-0.155004799,1,0.201268405,1,0.015678266,0,-0.563907862,0,-2.29096365,0
61.18179703,-5.081279755,1,-1.981323004,1,-8.067850113,1,-0.067385986,1,-0.152141035,1,0.207891569,1,0.014913885,0,-0.564526796,0,-2.290007591,0
61.18579483,-5.135667801,1,-1.995565772,1,-8.088612556,1,-0.067480542,1,-0.144224942,1,0.207927033,1,0.014123374,0,-0.56513375,0,-2.289035082,0
61.18979263,-5.001850128,1,-2.062823296,1,-8.100396156,1,-0.07144849,1,-0.143029049,1,0.213732421,1,0.013312866,0,-0.565718472,0,-2.288050175,0
61.19379807,-4.844952106,1,-2.106095791,1,-8.150776863,1,-0.064796485,1,-0.146308422,1,0.219898716,1,0.101183519,0,-0.559630454,0,-2.239202023,0
61.19779587,-4.880076408,1,-2.110686779,1,-8.246294022,1,-0.06484203,1,-0.156286269,1,0.225835308,1,0.100402139,0,-0.560324192,0,-2.238229513,0
61.20179367,-4.78942728,1,-2.189542294,1,-8.239420891,1,-0.062887222,1,-0.168737411,1,0.231916919,1,0.099620961,0,-0.561056733,0,-2.237235785,0
61.20579529,-4.720808983,1,-2.189913034,1,-8.451415062,1,-0.057359662,1,-0.181154251,1,0.244886756,1,0.098832116,0,-0.561847925,0,-2.236196756,0
61.20979309,-4.647400379,1,-2.260091066,1,-8.530275345,1,-0.057205513,1,-0.200158641,1,0.258365333,1,0.098022886,0,-0.562702596,0,-2.235104084,0
61.21379471,-4.653758526,1,-2.178913355,1,-8.643239975,1,-0.054185338,1,-0.230619207,1,0.267135024,1,0.097187907,0,-0.563655555,0,-2.233956337,0
61.21779251,-4.649958611,1,-2.113614798,1,-8.677653313,1,-0.054958817,1,-0.253375202,1,0.276058346,1,0.096342176,0,-0.564712286,0,-2.232778072,0
61.22179413,-4.693500996,1,-2.031218767,1,-8.69874382,1,-0.044288337,1,-0.273649126,1,0.281625956,1,0.095506795,0,-0.565873742,0,-2.23157692,0
61.22579193,-4.818737984,1,-1.935744882,1,-8.72130394,1,-0.03785127,1,-0.298834831,1,0.294172704,1,0.094669253,0,-0.567124248,0,-2.230332613,0
61.22979355,-4.772160053,1,-2.10732913,1,-8.708910942,1,-0.036175478,1,-0.317135602,1,0.299256206,1,0.093848631,0,-0.568467796,0,-2.229066372,0
61.23379135,-4.823818207,1,-1.980674624,1,-8.750400543,1,-0.030032914,1,-0.350412071,1,0.302405328,1,0.093038701,0,-0.569917023,0,-2.227806568,0
61.23779297,-4.702960491,1,-2.002207041,1,-8.807002068,1,-0.031246148,1,-0.377470911,1,0.303909212,1,0.092229441,0,-0.571479201,0,-2.226519585,0
61.24179459,-4.760660648,1,-1.923671126,1,-8.892116547,1,-0.023100952,1,-0.410157412,1,0.30833444,1,0.091420248,0,-0.573171437,0,-2.225246906,0
61.24579239,-4.584002495,1,-2.020163298,1,-8.931639671,1,-0.019142859,1,-0.454527378,1,0.31787011,1,0.090635069,0,-0.575009823,0,-2.223951578,0
61.24979019,-4.650961399,1,-2.075617552,1,-9.117040634,1,-0.026997183,1,-0.494510412,1,0.32637468,1,0.089814253,0,-0.577011824,0,-2.222630978,0
61.25379181,-4.556367874,1,-2.151344061,1,-9.249578476,1,-0.018293872,1,-0.544314146,1,0.335000455,1,0.088984624,0,-0.579196572,0,-2.22127533,0
61.25778961,-4.508896351,1,-2.306112289,1,-9.279348373,1,-0.024309749,1,-0.600651145,1,0.351021767,1,0.088141784,0,-0.581594288,0,-2.219893217,0
61.26179123,-4.653003216,1,-2.231348038,1,-9.39426136,1,-0.015733412,1,-0.661777198,1,0.363112926,1,0.087255135,0,-0.58423388,0,-2.218455553,0
61.26579285,-4.495447636,1,-2.371882915,1,-9.358411789,1,-0.023665702,1,-0.721633434,1,0.380763948,1,0.086351216,0,-0.587113738,0,-2.216964483,0
61.26979065,-4.521268368,1,-2.230321884,1,-9.540760994,1,-0.033254158,1,-0.786428034,1,0.404117703,1,0.085368372,0,-0.590250134,0,-2.215398073,0
61.27378845,-4.52097559,1,-2.100970745,1,-9.463573456,1,-0.032703687,1,-0.849731624,1,0.413856953,1,0.084323168,0,-0.593638957,0,-2.213761568,0
61.27779007,-4.7756567,1,-2.406884193,1,-9.717760086,1,-0.043682478,1,-0.91360271,1,0.434039831,1,0.083243527,0,-0.597289801,0,-2.21207428,0
61.28178787,-4.425260544,1,-2.407712221,1,-9.548033714,1,-0.062042173,1,-0.981480658,1,0.451484233,1,0.082025073,0,-0.601205587,0,-2.210312128,0
61.28578949,-4.66175127,1,-2.222631931,1,-9.73630619,1,-0.067650422,1,-1.058581591,1,0.470947415,1,0.080717325,0,-0.605425239,0,-2.208469868,0
61.28979111,-4.858310223,1,-2.433016062,1,-9.912280083,1,-0.07222344,1,-1.123328686,1,0.488707721,1,0.079354927,0,-0.609916329,0,-2.206564665,0
61.29378891,-4.540148735,1,-2.643439054,1,-9.915416718,1,-0.116365731,1,-1.209165454,1,0.50348556,1,0.077859215,0,-0.614719808,0,-2.204595089,0
61.29779434,-4.714220047,1,-2.484976292,1,-10.21750546,1,-0.14764984,1,-1.295829535,1,0.526800334,1,0.076141603,0,-0.619880557,0,-2.202543736,0
61.30179596,-4.199230194,1,-2.125988007,1,-10.09342098,1,-0.166441947,1,-1.384575605,1,0.543446898,1,0.074269101,0,-0.625391841,0,-2.200410128,0
61.30579376,-4.293883801,1,-1.89034152,1,-10.24906921,1,-0.163103655,1,-1.501140952,1,0.569173396,1,0.072304435,0,-0.631309271,0,-2.198182821,0
61.30979538,-4.785909653,1,-1.886114597,1,-10.42998981,1,-0.158548236,1,-1.599061847,1,0.59066987,1,0.070307024,0,-0.637669086,0,-2.195868254,0
61.31379318,-4.48258543,1,-1.934828639,1,-10.19998264,1,-0.163871482,1,-1.716530919,1,0.62225771,1,0.068195105,0,-0.644432008,0,-2.193413258,0
61.31779099,-4.361245632,1,-1.828740835,1,-10.58297825,1,-0.173629627,1,-1.830621958,1,0.634781003,1,0.065968923,0,-0.651688576,0,-2.190860987,0
61.3217926,-4.366271496,1,-1.62669301,1,-10.88423824,1,-0.16675435,1,-1.967385173,1,0.665762007,1,0.063663639,0,-0.659441948,0,-2.188213348,0
61.32579422,-5.299779892,1,-1.685519099,1,-11.73171329,1,-0.144276425,1,-2.079607725,1,0.678703189,1,0.061339285,0,-0.667700171,0,-2.185465574,0
61.32979202,-3.743139744,1,-1.969585299,1,-10.83847809,1,-0.132594332,1,-2.208735228,1,0.725479782,1,0.058977578,0,-0.676393986,0,-2.182549238,0
61.33378983,-3.581993103,1,-2.343653202,1,-11.32973576,1,-0.12029624,1,-2.404917955,1,0.754334509,1,0.056515004,0,-0.685777545,0,-2.179426193,0
61.33779526,-4.259582043,1,-2.508364916,1,-11.85571861,1,-0.127327055,1,-2.576635122,1,0.783298314,1,0.053937145,0,-0.695915103,0,-2.176158905,0
61.34179306,-3.723548174,1,-2.170507669,1,-11.75838566,1,-0.132380113,1,-2.807979584,1,0.86417377,1,0.051136941,0,-0.706808031,0,-2.172619581,0
61.34579086,-3.447516918,1,-3.1623528,1,-12.62565994,1,-0.141371429,1,-3.058732986,1,0.90681386,1,0.048011776,0,-0.718711317,0,-2.168705463,0
61.34979248,-3.232042789,1,-3.225447416,1,-13.00559139,1,-0.14113234,1,-3.330946207,1,0.992618799,1,0.044634108,0,-0.731630921,0,-2.164457321,0
61.35379028,-3.0131495,1,-4.423872948,1,-11.22227192,1,-0.105791472,1,-3.362577677,1,0.94539541,1,0.040954813,0,-0.745264053,0,-2.159939528,0
61.3577919,-2.151067257,1,-0.841238499,1,-17.36219597,1,0.149051502,1,-4.234293461,1,1.176012158,1,0.037797321,0,-0.761007786,0,-2.154708147,0
61.3617897,-7.068172455,1,-5.102646351,1,-12.82664299,1,0.126542315,1,-4.193590641,1,1.388903499,1,0.034024037,0,-0.777839899,0,-2.148489714,0
61.36578751,-2.023013592,1,-14.29512978,1,-13.2131443,1,-0.199680954,1,-4.609122276,1,1.509502769,1,0.028639726,0,-0.795599937,0,-2.140987158,0
61.36978912,-1.729158759,1,-10.46874714,1,-14.60816669,1,-0.351399153,1,-5.032155514,1,1.638568997,1,0.021545261,0,-0.815069795,0,-2.132710457,0
61.37379074,-4.055311203,1,-8.372489929,1,-14.86451149,1,-0.475778818,1,-5.233540535,1,1.995380044,1,0.01238198,0,-0.835760593,0,-2.122520685,0
61.37778854,-3.263189793,1,-10.95181847,1,-14.04530907,1,-0.599199414,1,-5.51952076,1,2.276138783,1,0.000724592,0,-0.857277036,0,-2.10980773,0
61.38178635,-3.701915026,1,-13.85265827,1,-13.44121742,1,-0.829863369,1,-5.830550671,1,2.534495115,1,-0.013620755,0,-0.879930258,0,-2.094717264,0
61.38578796,-4.386688232,1,-14.94088745,1,-13.76791763,1,-1.118074536,1,-6.120633125,1,2.859823227,1,-0.031509358,0,-0.903595448,0,-2.076729298,0
61.38978577,-6.87212944,1,-15.45139599,1,-14.59243679,1,-1.486795068,1,-6.298145771,1,3.225379944,1,-0.053947624,0,-0.927950025,0,-2.054988146,0
61.39378738,-7.827269554,1,-13.95131874,1,-14.93119144,1,-1.796185017,1,-6.31318903,1,3.498343706,1,-0.08128465,0,-0.952188969,0,-2.029325485,0
61.397789,-5.741802216,1,-12.38697052,1,-15.11902523,1,-2.06303215,1,-6.481742382,1,3.77113533,1,-0.113404974,0,-0.976195037,0,-1.999618411,0
61.4017868,-9.103937149,1,-10.49626255,1,-15.42634106,1,-2.20841074,1,-6.632260799,1,3.960100651,1,-0.150534242,0,-1.000182629,0,-1.965438128,0
61.40578842,-17.14246941,1,-9.677330017,1,-17.23823738,1,-2.254758596,1,-6.402990341,1,4.113133907,1,-0.191993043,0,-1.023209095,0,-1.927075148,0
61.40979385,-14.04444408,1,-9.076603889,1,-15.79076195,1,-2.320577621,1,-6.184916019,1,4.295189381,1,-0.237688974,0,-1.044151187,0,-1.88453126,0
61.41378784,-12.49140167,1,-11.20064449,1,-15.22435856,1,-2.482229471,1,-6.187269688,1,4.46778059,1,-0.288418144,0,-1.063469648,0,-1.837226868,0
61.41779709,-16.39233017,1,-11.44881535,1,-16.57799149,1,-2.621807098,1,-6.029610634,1,4.545738697,1,-0.344154596,0,-1.081144929,0,-1.785403132,0
61.42179871,-16.34555244,1,-9.964410782,1,-15.38101387,1,-2.712106943,1,-5.803139687,1,4.55265379,1,-0.403719783,0,-1.096479297,0,-1.730232477,0
61.42579651,-15.51819706,1,-11.23425579,1,-15.22636414,1,-2.81835413,1,-5.744059086,1,4.562464237,1,-0.466827005,0,-1.109743237,0,-1.671931267,0
61.42979431,-18.78649521,1,-10.93236256,1,-16.09835815,1,-2.913575888,1,-5.552271366,1,4.522238255,1,-0.53303802,0,-1.120926738,0,-1.610959291,0
61.43379593,-18.78123283,1,-10.6154871,1,-14.38328075,1,-3.019539356,1,-5.29539156,1,4.519467831,1,-0.601167917,0,-1.129505515,0,-1.548629165,0
61.43779373,-15.92813206,1,-12.06171227,1,-12.41653728,1,-3.271377325,1,-5.207623482,1,4.641943932,1,-0.671684027,0,-1.135503292,0,-1.484586954,0
61.44179535,-14.33484936,1,-11.35018158,1,-10.42785168,1,-3.738106012,1,-5.162290096,1,4.73671484,1,-0.745697021,0,-1.139007092,0,-1.41844821,0
61.44579697,-15.60981369,1,-10.4766674,1,-10.58114719,1,-4.077233791,1,-4.957235336,1,4.619451523,1,-0.823980212,0,-1.139794469,0,-1.34525013,0
61.44979477,-12.46249104,1,-9.227125168,1,-8.403097153,1,-4.376918316,1,-4.602445602,1,4.461226463,1,-0.89807272,0,-1.138444304,0,-1.282253146,0
61.45379257,-8.774701118,1,-7.502503872,1,-8.790067673,1,-4.66701746,1,-4.201507092,1,4.233911514,1,-0.969052017,0,-1.134970546,0,-1.224015474,0
61.45779419,-7.277438164,1,-3.507628679,1,-9.884652138,1,-4.80457592,1,-3.81399107,1,3.989030123,1,-1.035757661,0,-1.129697442,0,-1.171322942,0
61.46179199,-10.66431332,1,-1.321636796,1,-9.711976051,1,-4.623651981,1,-3.529789686,1,3.742469788,1,-1.097375989,0,-1.123283982,0,-1.124038458,0
61.46579361,-9.39180851,1,1.881909013,1,-11.78592396,1,-4.041612625,1,-3.204510927,1,3.448299885,1,-1.152716517,0,-1.116097927,0,-1.081953645,0
61.46979523,-13.84024525,1,7.012075424,1,-11.2736063,1,-3.069535732,1,-3.073957682,1,3.173450708,1,-1.200783968,0,-1.108624339,0,-1.044284463,0
61.47379303,-27.21917534,1,8.3940382,1,-16.4975071,1,-1.906677842,1,-2.604827404,1,2.63702774,1,-1.240316868,0,-1.10168314,0,-1.011149526,0
61.47779083,-21.31715775,1,5.199411869,1,-17.61670303,1,-1.063417673,1,-1.521199584,1,2.127708197,1,-1.267275691,0,-1.095214367,0,-0.987487018,0
61.48179245,-7.323518753,1,0.403770447,1,-14.07745743,1,-0.404551893,1,-0.926977336,1,1.848182321,1,-1.283397198,0,-1.089035511,0,-0.972587109,0
61.48579025,-3.744601965,1,-4.1690135,1,-10.86163998,1,0.094867334,1,-0.720815957,1,1.639874458,1,-1.293580174,0,-1.083234668,0,-0.961725473,0
61.48979187,-6.716476917,1,-7.43625164,1,-10.54130173,1,0.334362626,1,-0.516263902,1,1.467805266,1,-1.300314546,0,-1.077942491,0,-0.953018188,0
61.49379349,-7.514914036,1,-9.40120697,1,-10.86683846,1,0.241839498,1,-0.185073614,1,1.320837975,1,-1.304347754,0,-1.072954178,0,-0.947049677,0
61.49779129,-4.908302784,1,-10.04137421,1,-9.870301247,1,0.001505122,1,0.088418327,1,1.239870071,1,-1.306577921,0,-1.068069935,0,-0.943943083,0
61.50178909,-3.286096573,1,-10.29904652,1,-8.56919384,1,-0.246668562,1,0.253703564,1,1.180103302,1,-1.308136225,0,-1.063210845,0,-0.942740083,0
61.50579071,-2.5615592,1,-10.03456879,1,-8.003558159,1,-0.483461201,1,0.413241148,1,1.097734928,1,-1.309417844,0,-1.058459878,0,-0.942951202,0
61.50978851,-1.381891966,1,-9.086567879,1,-7.583247185,1,-0.685098648,1,0.575159848,1,0.991758645,1,-1.310280561,0,-1.053903461,0,-0.944655657,0
61.51379013,-0.602104664,1,-7.870144844,1,-7.206875324,1,-0.815031052,1,0.708580852,1,0.88285917,1,-1.310649753,0,-1.049616456,0,-0.947702348,0
61.51779175,-0.424439043,1,-6.81639576,1,-6.994150639,1,-0.881759405,1,0.833259523,1,0.762525082,1,-1.310368061,0,-1.045633197,0,-0.951972246,0
61.52178955,-0.094504721,1,-6.142060757,1,-6.765488625,1,-0.881715834,1,0.951976001,1,0.620876074,1,-1.309196711,0,-1.042042017,0,-0.957412601,0
61.52578735,0.391442895,1,-5.638773441,1,-6.433335781,1,-0.830545127,1,1.071217775,1,0.468303978,1,-1.30693388,0,-1.038888574,0,-0.964023769,0
61.52978897,0.910973847,1,-5.30006218,1,-6.149306774,1,-0.753851593,1,1.180117726,1,0.322513461,1,-1.303438663,0,-1.036189795,0,-0.971762478,0
61.53378677,1.116450191,1,-5.265279293,1,-5.97334671,1,-0.666373849,1,1.286265612,1,0.175832957,1,-1.298729897,0,-1.033918023,0,-0.98053968,0
61.53779221,1.008171916,1,-5.422861576,1,-5.863996506,1,-0.588938892,1,1.401489019,1,0.046549249,1,-1.292758703,0,-1.032030106,0,-0.99040097,0
61.54179382,0.555266023,1,-5.46053791,1,-6.916740894,1,-0.567389667,1,1.570520401,1,-0.106692433,1,-1.285491228,0,-1.030480623,0,-1.001521587,0
61.54579163,1.098882198,1,-6.113770008,1,-4.990473747,1,-0.469123155,1,1.718132019,1,-0.245823473,1,-1.276559114,0,-1.029328823,0,-1.014377475,0
61.54979324,2.105130434,1,-5.743470669,1,-4.892792225,1,-0.407738149,1,1.761847258,1,-0.314542919,1,-1.266649246,0,-1.028343439,0,-1.027980208,0
61.55379486,0.743974805,1,-6.696763515,1,-5.399366379,1,-0.398001879,1,1.913328886,1,-0.380485266,1,-1.255982161,0,-1.027420878,0,-1.042312384,0
61.55779266,0.602574766,1,-7.070869923,1,-5.536876202,1,-0.431481272,1,2.087589741,1,-0.478508651,1,-1.244192839,0,-1.026512742,0,-1.058025599,0
61.56179047,0.859797835,1,-6.882832527,1,-5.363595009,1,-0.453885615,1,2.226148605,1,-0.582544804,1,-1.2313627,0,-1.025699496,0,-1.075107455,0
61.56579208,0.620057464,1,-6.569216251,1,-5.296173096,1,-0.454374492,1,2.357578278,1,-0.678901136,1,-1.217548847,0,-1.024962306,0,-1.093392134,0
61.56978989,0.350770295,1,-6.331651211,1,-5.408531189,1,-0.450379938,1,2.500299692,1,-0.769569516,1,-1.202721834,0,-1.024237394,0,-1.112859011,0
61.5737915,0.217179984,1,-6.002243519,1,-5.444025517,1,-0.427608371,1,2.650785208,1,-0.858540297,1,-1.186787248,0,-1.023483276,0,-1.133574486,0
61.57779312,0.08390265,1,-5.755157948,1,-5.443933964,1,-0.376887232,1,2.788886547,1,-0.966973364,1,-1.169636011,0,-1.022690535,0,-1.155559897,0
61.58179092,-0.160360441,1,-5.449817657,1,-5.563008785,1,-0.308639407,1,2.926137924,1,-1.073174596,1,-1.151197433,0,-1.021859407,0,-1.178782463,0
61.58578873,-0.456603318,1,-5.173823357,1,-5.620975018,1,-0.21205394,1,3.059755802,1,-1.195357442,1,-1.131374002,0,-1.021001816,0,-1.203235388,0
61.58979034,-0.815731347,1,-5.066669464,1,-5.645925522,1,-0.110036463,1,3.19267869,1,-1.31249094,1,-1.110120296,0,-1.020086288,0,-1.22892046,0
61.59378815,-1.283188105,1,-5.098419189,1,-5.712172985,1,-0.013346743,1,3.323026896,1,-1.43034935,1,-1.087448359,0,-1.019053459,0,-1.255830646,0
61.59778976,-1.69830811,1,-5.224956512,1,-5.730528355,1,0.071338356,1,3.465916395,1,-1.548247218,1,-1.063355803,0,-1.017843604,0,-1.283992171,0
61.60179138,-2.124893427,1,-5.454559803,1,-5.721216679,1,0.146229297,1,3.615780115,1,-1.665108442,1,-1.037866831,0,-1.016367912,0,-1.313441038,0
61.60578919,-2.43399334,1,-5.652340412,1,-5.656765938,1,0.20833081,1,3.760388613,1,-1.769346595,1,-1.011096716,0,-1.014575481,0,-1.344105244,0
61.60978699,-2.726856947,1,-5.88091898,1,-5.676179409,1,0.253164947,1,3.90053463,1,-1.875455379,1,-0.983180106,0,-1.012376547,0,-1.375913143,0
61.61379242,-2.874415874,1,-5.946203232,1,-5.625057697,1,0.294011265,1,4.031654835,1,-1.973660231,1,-0.954254806,0,-1.009728432,0,-1.408756852,0
61.61779022,-3.081289053,1,-5.98563385,1,-5.624931812,1,0.321972817,1,4.143600941,1,-2.064289808,1,-0.924524903,0,-1.006590843,0,-1.44244957,0
61.62178803,-3.273489237,1,-6.009991169,1,-5.631162167,1,0.355780423,1,4.244656563,1,-2.15453577,1,-0.894175947,0,-1.002946734,0,-1.476792932,0
61.62578964,-3.487157822,1,-5.923334122,1,-5.584960461,1,0.381564021,1,4.330948353,1,-2.236401081,1,-0.863353133,0,-0.998762667,0,-1.511650562,0
61.62978745,-3.628031731,1,-5.784341335,1,-5.58879137,1,0.429011256,1,4.403688431,1,-2.323835135,1,-0.832141101,0,-0.994041443,0,-1.546891928,0
61.63378906,-3.856806278,1,-5.731595516,1,-5.592483521,1,0.48060745,1,4.463933945,1,-2.401410341,1,-0.800686717,0,-0.988781095,0,-1.582309604,0
61.63778687,-4.087613583,1,-5.557218075,1,-5.659341812,1,0.537393332,1,4.508626461,1,-2.486264944,1,-0.769059479,0,-0.982995629,0,-1.617808938,0
61.64178467,-4.29564476,1,-5.406322479,1,-5.708526134,1,0.613945603,1,4.550335884,1,-2.568695784,1,-0.737305641,0,-0.976693511,0,-1.653270721,0
61.64578629,-4.503735065,1,-5.322355747,1,-5.783822536,1,0.690031588,1,4.570774555,1,-2.640619278,1,-0.705496967,0,-0.969883263,0,-1.688592792,0
61.6497879,-4.779386044,1,-5.301652908,1,-5.885766029,1,0.77237314,1,4.588923454,1,-2.709340811,1,-0.673736453,0,-0.962556779,0,-1.723632932,0
61.65378571,-5.003296375,1,-5.332417965,1,-5.930321693,1,0.85374397,1,4.60270834,1,-2.773174763,1,-0.642105401,0,-0.954720497,0,-1.758304834,0
61.65779114,-5.317043781,1,-5.340229034,1,-6.036774635,1,0.936800778,1,4.616127968,1,-2.836716652,1,-0.6106655,0,-0.946363568,0,-1.792533636,0
61.66179276,-5.49451685,1,-5.438149452,1,-6.013223171,1,1.00747931,1,4.614566803,1,-2.889324188,1,-0.579501569,0,-0.937486589,0,-1.826257467,0
61.66579056,-5.81414032,1,-5.477231026,1,-6.127778053,1,1.081944585,1,4.620126247,1,-2.936364174,1,-0.548707843,0,-0.928098381,0,-1.859389901,0
61.66979218,-6.248410225,1,-5.480531693,1,-6.330855846,1,1.15993464,1,4.631207943,1,-2.979825974,1,-0.518333316,0,-0.918187559,0,-1.891854048,0
61.67379379,-6.685703754,1,-5.467756748,1,-6.503544331,1,1.236715913,1,4.641667366,1,-3.023649931,1,-0.488345534,0,-0.907731652,0,-1.923686981,0
61.6777916,-7.179561138,1,-5.4263978,1,-6.782112122,1,1.322809815,1,4.668179035,1,-3.067747355,1,-0.458763599,0,-0.8967067,0,-1.954868674,0
61.6817894,-7.803012848,1,-5.377709389,1,-7.020774364,1,1.410692573,1,4.699536324,1,-3.108695984,1,-0.429557025,0,-0.885101199,0,-1.985404849,0
61.68579102,-8.268630028,1,-5.380864143,1,-7.242462158,1,1.507786155,1,4.744479179,1,-3.150219679,1,-0.400697112,0,-0.872869194,0,-2.015300274,0
61.68978882,-8.616118431,1,-5.376026154,1,-7.493431091,1,1.605107546,1,4.790306091,1,-3.186235428,1,-0.37217772,0,-0.859982789,0,-2.044545412,0
61.69379044,-9.018030167,1,-5.476658821,1,-7.749984264,1,1.706077814,1,4.840507507,1,-3.227241755,1,-0.344575405,0,-0.84825784,0,-2.065471888,0
61.69779587,-9.153173447,1,-5.516425133,1,-7.975509167,1,1.811446071,1,4.890993595,1,-3.27062583,1,-0.31673342,0,-0.834073722,0,-2.093388796,0
61.70178986,-9.353061676,1,-5.485644341,1,-8.162695885,1,1.912431479,1,4.931779385,1,-3.310059786,1,-0.289271653,0,-0.819244325,0,-2.120593786,0
61.70578766,-9.477683067,1,-5.488919258,1,-8.352428436,1,2.021840572,1,4.959798336,1,-3.354260445,1,-0.262212723,0,-0.803828657,0,-2.147055626,0
61.70979309,-9.585712433,1,-5.512072086,1,-8.511668205,1,2.133833408,1,4.972737312,1,-3.392481804,1,-0.235540837,0,-0.787899971,0,-2.172736406,0
61.71378708,-9.719796181,1,-5.544163704,1,-8.701498032,1,2.239909887,1,4.971905231,1,-3.432736874,1,-0.209277332,0,-0.771506071,0,-2.197636127,0
61.71779251,-9.775419235,1,-5.592743874,1,-8.853282928,1,2.352686405,1,4.956699371,1,-3.471321583,1,-0.183428898,0,-0.754723251,0,-2.221739292,0
61.72179413,-9.746951103,1,-5.738968372,1,-8.982128143,1,2.45599699,1,4.916753292,1,-3.507680416,1,-0.157994419,0,-0.737627566,0,-2.245052338,0
61.72579193,-9.81990242,1,-5.950095177,1,-9.208082199,1,2.550292492,1,4.864377499,1,-3.546048164,1,-0.132987052,0,-0.720308304,0,-2.267570972,0
61.72978973,-9.983560562,1,-6.049055576,1,-9.491248131,1,2.639348984,1,4.795597553,1,-3.578544378,1,-0.108402565,0,-0.702840209,0,-2.289308786,0
61.73379135,-10.2911272,1,-6.117758751,1,-9.814910889,1,2.723030567,1,4.717638969,1,-3.608935595,1,-0.084246501,0,-0.685285985,0,-2.310301781,0
61.73778915,-10.68155098,1,-6.303851604,1,-10.26476765,1,2.799282789,1,4.617282867,1,-3.654064178,1,-0.060482081,0,-0.667716384,0,-2.33061409,0
61.74179077,-11.1891861,1,-6.547462463,1,-10.82746029,1,2.871737719,1,4.527916908,1,-3.712898016,1,-0.03704441,0,-0.650156796,0,-2.350359678,0
61.74579239,-11.95410919,1,-6.810281754,1,-11.51036263,1,2.941188812,1,4.423644066,1,-3.774027824,1,-0.013902674,0,-0.63264358,0,-2.369606018,0
61.74979019,-12.85862923,1,-7.08343792,1,-12.17434311,1,2.995939016,1,4.325127602,1,-3.845080853,1,0.008971017,0,-0.61518234,0,-2.388435125,0
61.75378799,-13.96889496,1,-7.27383709,1,-12.8624773,1,3.049021959,1,4.227841377,1,-3.930303574,1,0.03160746,0,-0.597772241,0,-2.406923771,0
61.75778961,-15.28021431,1,-7.276807308,1,-13.49121284,1,3.098936796,1,4.13575983,1,-4.026742458,1,0.054047905,0,-0.580386102,0,-2.42517066,0
61.76178742,-16.64705467,1,-7.182931423,1,-14.03948212,1,3.147932529,1,4.048263073,1,-4.139101028,1,0.076341681,0,-0.562990665,0,-2.443279743,0
61.76578903,-18.19631767,1,-7.084352493,1,-14.48238564,1,3.189622402,1,3.972560167,1,-4.266278267,1,0.09852536,0,-0.545541048,0,-2.461326599,0
61.76979065,-19.84385109,1,-7.084933281,1,-14.77566051,1,3.227106333,1,3.910211086,1,-4.398496628,1,0.120590612,0,-0.527979136,0,-2.479367495,0
61.77378845,-21.58263206,1,-7.190528393,1,-14.89888191,1,3.243554115,1,3.858651638,1,-4.533104897,1,0.142495051,0,-0.510231614,0,-2.497411489,0
61.77778626,-23.38585663,1,-7.279514313,1,-14.81238556,1,3.243224382,1,3.819187164,1,-4.681038857,1,0.164170936,0,-0.492248267,0,-2.515505552,0
61.7817955,-25.04915428,1,-7.21071291,1,-14.53728294,1,3.215295553,1,3.772938013,1,-4.823976517,1,0.185532302,0,-0.473987371,0,-2.533664703,0
61.78579712,-26.46152687,1,-5.309859753,1,-13.08070946,1,3.162032366,1,3.742717743,1,-5.001332283,1,0.206468493,0,-0.455416888,0,-2.551920176,0
61.78979874,-23.24048424,1,4.338147163,1,-15.18912125,1,3.204925776,1,3.512533665,1,-5.318365097,1,0.227307737,0,-0.436751604,0,-2.57078433,0
61.79380035,-21.42915726,1,3.981746197,1,-14.87187099,1,3.291632652,1,3.284469604,1,-5.543196201,1,0.248438999,0,-0.418466598,0,-2.590500593,0
61.79779816,-23.62582397,1,3.821596861,1,-12.99086094,1,3.472935677,1,3.192068577,1,-5.732289314,1,0.270001531,0,-0.400166363,0,-2.610666513,0
61.80179596,-26.09609985,1,3.650307655,1,-12.03684998,1,3.608240604,1,3.104761362,1,-5.78052187,1,0.29186511,0,-0.381667078,0,-2.630846262,0
61.80579758,-27.98576736,1,3.800670385,1,-10.45854759,1,3.652682066,1,3.018374681,1,-5.751268387,1,0.31359154,0,-0.36309731,0,-2.65058136,0
61.80979538,-29.40545082,1,4.477788925,1,-8.992524147,1,3.618521214,1,2.969054461,1,-5.646863937,1,0.334733009,0,-0.344481051,0,-2.669580936,0
61.813797,-30.51862526,1,5.124786377,1,-7.306357384,1,3.574907541,1,2.923887491,1,-5.462051392,1,0.355017781,0,-0.325881273,0,-2.68751812,0
61.81779862,-30.6904068,1,5.926540375,1,-5.900924206,1,3.552268744,1,2.863657713,1,-5.236135006,1,0.374466479,0,-0.307421565,0,-2.704205513,0
61.82179642,-29.89079094,1,6.916039944,1,-4.50327301,1,3.511675596,1,2.760988235,1,-4.984886646,1,0.39313972,0,-0.289317846,0,-2.719630003,0
61.82579422,-28.907444,1,8.311825752,1,-2.92361021,1,3.448062658,1,2.590093136,1,-4.723025799,1,0.411001742,0,-0.271851599,0,-2.733851194,0
61.82979584,-28.57117653,1,10.25039291,1,-1.562798619,1,3.396070242,1,2.379909754,1,-4.465116024,1,0.428120077,0,-0.255285978,0,-2.747035503,0
61.83379364,-28.9860363,1,11.95721817,1,-0.087193266,1,3.3559165,1,2.148042917,1,-4.22938633,1,0.444641322,0,-0.239725009,0,-2.759336472,0
61.83779526,-29.61953545,1,13.26633358,1,1.287211657,1,3.314855099,1,1.909558892,1,-3.99530673,1,0.46064198,0,-0.225223646,0,-2.770887136,0
61.84179688,-30.14404488,1,14.31609535,1,2.518207073,1,3.270357132,1,1.63587904,1,-3.745219946,1,0.476165831,0,-0.211893529,0,-2.781744719,0
61.84579468,-30.39776421,1,15.45196629,1,3.524160385,1,3.217229366,1,1.344292402,1,-3.469054699,1,0.491236597,0,-0.199908361,0,-2.791972876,0
61.8497963,-30.06400871,1,16.27288628,1,4.238571167,1,3.152780771,1,1.01741302,1,-3.1655581,1,0.505843997,0,-0.189408928,0,-2.801563978,0
61.8537941,-29.88456535,1,16.63372612,1,4.768690586,1,3.046666145,1,0.686408103,1,-2.862793922,1,0.519910395,0,-0.180527851,0,-2.810558558,0
61.8577919,-29.417696,1,15.19312477,1,5.065368652,1,2.835029602,1,0.381641686,1,-2.518833399,1,0.533184588,0,-0.173263907,0,-2.818934202,0
61.86179352,-28.7797699,1,12.33136845,1,5.22513485,1,2.487473249,1,0.078833848,1,-2.117843151,1,0.545148194,0,-0.167704433,0,-2.826537371,0
61.86579514,-27.7988739,1,8.990314484,1,5.296707153,1,1.955747485,1,-0.210773468,1,-1.661286831,1,0.555177093,0,-0.163968012,0,-2.833229303,0
61.86979294,-26.68458748,1,6.082420349,1,5.060389996,1,1.295042157,1,-0.502317846,1,-1.168130517,1,0.562619865,0,-0.16217722,0,-2.838858843,0
61.87379456,-25.6612587,1,4.474026203,1,4.366081715,1,0.57881403,1,-0.790592492,1,-0.678655744,1,0.567105174,0,-0.162386939,0,-2.843416929,0
61.87779617,-24.68567657,1,4.00139904,1,3.548639059,1,-0.112066425,1,-1.046854019,1,-0.21446906,1,0.568597078,0,-0.164531276,0,-2.846941233,0
61.88179398,-23.88441086,1,4.32642889,1,2.48511982,1,-0.698546767,1,-1.263745546,1,0.217251927,1,0.567359746,0,-0.168440104,0,-2.849449635,0
61.88579178,-12.88409615,1,-8.375289917,1,-6.208136082,1,-1.689991355,1,-1.569397092,1,0.659987211,1,0.563328743,0,-0.174059406,0,-2.851014137,0
61.8897934,-3.939661503,1,-18.35311508,1,-1.523690104,1,-4.181873322,1,-2.556647301,1,1.115561128,1,0.551170647,0,-0.182595447,0,-2.852352858,0
61.8937912,-22.09502792,1,6.292040825,1,-5.788592815,1,-3.874798298,1,-2.734167337,1,1.897477269,1,0.535140276,0,-0.195570618,0,-2.852628708,0
61.89779282,7.859745502,1,-3.501034975,1,-10.34995365,1,-4.258869648,1,-2.199742556,1,1.540030122,1,0.518684685,0,-0.207305163,0,-2.851591349,0
61.90179825,12.38759327,1,-9.687501907,1,-15.99209118,1,-4.089647293,1,-2.417484283,1,1.598410487,1,0.501687467,0,-0.218348607,0,-2.850613832,0
61.90580368,1.200714111,1,-13.3186779,1,-18.24988556,1,-4.213921547,1,-2.352010489,1,1.610157609,1,0.484909892,0,-0.229924783,0,-2.849461317,0
61.90980148,10.5738287,1,-9.050251961,1,-19.05703354,1,-3.838233709,1,-1.989982843,1,1.553714871,1,0.468329519,0,-0.240429342,0,-2.847708464,0
61.9138031,13.17709446,1,-7.366651535,1,-18.9913311,1,-3.611092806,1,-2.289954185,1,1.45541203,1,0.453050733,0,-0.250723541,0,-2.8460567,0
61.9178009,8.535201073,1,-4.393135548,1,-13.00717449,1,-3.618234634,1,-2.618314505,1,1.470820308,1,0.438402206,0,-0.26203686,0,-2.844971895,0
61.92180252,5.275310993,1,4.095952988,1,-9.796171188,1,-3.578587294,1,-3.075722456,1,1.706384182,1,0.423647135,0,-0.274979949,0,-2.843976021,0
61.92580795,5.894138813,1,15.58244801,1,-11.06627274,1,-2.928602695,1,-3.742037535,1,2.03540206,1,0.410080999,0,-0.290472031,0,-2.84257102,0
61.92980194,-2.400206089,1,13.8313055,1,-12.56770229,1,-2.74388814,1,-4.400151253,1,2.233609438,1,0.398501039,0,-0.308807611,0,-2.840982437,0
61.93379974,-5.163339615,1,15.33291817,1,-15.53235626,1,-2.467484474,1,-4.689098835,1,2.524373531,1,0.38738662,0,-0.329356045,0,-2.839202642,0
61.93780136,-9.685733795,1,12.40734386,1,-20.8507309,1,-2.24071455,1,-4.743713379,1,2.836107969,1,0.376981676,0,-0.350935876,0,-2.836078167,0
61.94179916,-21.65696526,1,11.65899944,1,-23.36478996,1,-2.00902462,1,-4.294201374,1,2.949914932,1,0.366807997,0,-0.372171283,0,-2.831588268,0
61.9458046,-24.24379158,1,10.11699963,1,-23.26473045,1,-1.717610598,1,-3.613217115,1,2.977725029,1,0.356823266,0,-0.392906129,0,-2.819778919,0
61.94980621,-20.6071701,1,9.582165718,1,-19.55749321,1,-1.375302553,1,-3.143786669,1,2.949537754,1,0.347839415,0,-0.409650028,0,-2.812695026,0
61.95380402,-18.99419594,1,5.578201294,1,-16.59176636,1,-1.082365394,1,-3.029623985,1,2.879247904,1,0.339900255,0,-0.425117463,0,-2.805201292,0
61.95780182,-18.13326263,1,-1.870197296,1,-12.95691013,1,-1.032506704,1,-2.947490931,1,2.656570435,1,0.332620561,0,-0.440076649,0,-2.797980309,0
61.96180344,-14.27917004,1,-8.01691246,1,-9.654385567,1,-0.984442711,1,-2.95737195,1,2.340754747,1,0.325930566,0,-0.454393327,0,-2.791734219,0
61.96580124,-15.38431263,1,-11.40421581,1,-6.894955158,1,-1.092618346,1,-3.023015022,1,2.021696091,1,0.319532305,0,-0.468575388,0,-2.786697626,0
61.96980286,-13.16561794,1,-13.37991714,1,-6.970405102,1,-1.180600047,1,-2.972806215,1,1.621286154,1,0.313355625,0,-0.482247293,0,-2.783132553,0
61.97380447,-12.76237392,1,-13.22873592,1,-7.310490131,1,-1.364444852,1,-2.847575426,1,1.367293239,1,0.307183802,0,-0.495197654,0,-2.780754089,0
61.97780228,-10.95202065,1,-10.59315395,1,-7.974667072,1,-1.583773851,1,-2.546757936,1,1.16925168,1,0.300391644,0,-0.507035613,0,-2.778911829,0
61.98180008,-10.58428001,1,-4.627352715,1,-10.94785309,1,-1.756150126,1,-2.205818176,1,1.155299664,1,0.292794764,0,-0.517454922,0,-2.777085304,0
61.9858017,-13.86893272,1,0.060459957,1,-11.67609882,1,-1.751953363,1,-1.774691224,1,1.224425435,1,0.284390748,0,-0.526472986,0,-2.774458885,0
61.9897995,-14.63230038,1,4.679973602,1,-13.38196945,1,-1.702880025,1,-1.338341117,1,1.326215148,1,0.27561307,0,-0.533879936,0,-2.770739794,0
61.99380112,-14.01194382,1,3.640129089,1,-12.73526859,1,-1.450118303,1,-0.830092549,1,1.19593513,1,0.267068416,0,-0.539400995,0,-2.766425133,0
61.99780273,-13.39818573,1,0.984018147,1,-11.42228699,1,-1.278897405,1,-0.530047417,1,1.020756841,1,0.259455889,0,-0.543162763,0,-2.762197495,0
62.00180054,-11.91447544,1,-2.239304066,1,-9.513674736,1,-1.152484536,1,-0.311826229,1,0.766278923,1,0.25275296,0,-0.545652986,0,-2.75864625,0
62.00579834,-8.377086639,1,-4.807981968,1,-8.816180229,1,-1.06193912,1,-0.256442368,1,0.559577763,1,0.246966913,0,-0.547381759,0,-2.755988836,0
62.00979996,-6.662499905,1,-4.814045906,1,-9.305850029,1,-1.017515659,1,-0.2266642,1,0.482863843,1,0.241749257,0,-0.548816323,0,-2.753934383,0
62.01379776,-4.434428215,1,-3.559243679,1,-9.499658585,1,-0.985150516,1,-0.211435035,1,0.519400775,1,0.236664459,0,-0.55012399,0,-2.751899242,0
62.01779938,-5.203298569,1,-3.178724051,1,-9.793704987,1,-0.953858852,1,-0.169565648,1,0.567948222,1,0.231612995,0,-0.551395357,0,-2.74963069,0
62.02180481,-5.148974419,1,-3.346756458,1,-8.878245354,1,-0.946469843,1,-0.144468322,1,0.604090154,1,0.226478428,0,-0.552528441,0,-2.747095346,0
62.02581024,-5.588247776,1,-3.842166901,1,-8.530597687,1,-0.937845349,1,-0.151546851,1,0.582379222,1,0.221347272,0,-0.553628802,0,-2.744522572,0
62.02980804,-6.100582123,1,-4.274309635,1,-8.617595673,1,-0.911765516,1,-0.12816067,1,0.559334219,1,0.216362417,0,-0.55467695,0,-2.742060184,0
62.03380966,-6.364247799,1,-3.744266987,1,-8.440471649,1,-0.906666934,1,-0.079331681,1,0.561220169,1,0.211430132,0,-0.555542409,0,-2.739599705,0
62.03780747,-5.356161118,1,-2.912487268,1,-8.618751526,1,-0.880332112,1,-0.051934764,1,0.571963072,1,0.206503227,0,-0.556265235,0,-2.737040997,0
62.04180908,-4.952881813,1,-1.678676486,1,-8.779519081,1,-0.85074985,1,-0.044987194,1,0.580704749,1,0.201657176,0,-0.55690217,0,-2.734431505,0
62.0458107,-5.088036537,1,-1.018895388,1,-8.949687958,1,-0.79056257,1,-0.055523198,1,0.545825124,1,0.197024658,0,-0.557548404,0,-2.731869698,0
62.0498085,-5.601799011,1,-0.515727401,1,-9.182352066,1,-0.713971436,1,-0.060815398,1,0.498157233,1,0.19276078,0,-0.558187842,0,-2.729516506,0
62.05380631,-5.324279308,1,-0.232590154,1,-9.253225327,1,-0.645872951,1,-0.051075365,1,0.455116481,1,0.188912764,0,-0.558764994,0,-2.727362156,0
62.05780792,-4.845083714,1,-0.656855047,1,-9.441062927,1,-0.582953751,1,-0.050332922,1,0.414718449,1,0.185413554,0,-0.559286237,0,-2.725393057,0
62.06180573,-4.05512619,1,-1.440963864,1,-9.464105606,1,-0.519343436,1,-0.091202378,1,0.383665055,1,0.182268441,0,-0.559856534,0,-2.723603487,0
62.06580734,-4.048536301,1,-2.122990847,1,-9.310936928,1,-0.485844016,1,-0.140273467,1,0.370229393,1,0.179394424,0,-0.560577452,0,-2.721955061,0
62.06980896,-4.596735954,1,-2.277178049,1,-8.924923897,1,-0.44957298,1,-0.17865774,1,0.357192963,1,0.176698893,0,-0.561461627,0,-2.720394135,0
62.07380676,-5.256602287,1,-2.187703848,1,-8.756316185,1,-0.423828274,1,-0.172896504,1,0.361120522,1,0.174129441,0,-0.562401175,0,-2.718862534,0
62.07780457,-5.462488651,1,-1.806044102,1,-8.596688271,1,-0.392122775,1,-0.160229489,1,0.353898555,1,0.171686471,0,-0.563306689,0,-2.717327356,0
62.08180618,-4.642742157,1,-2.033079147,1,-8.63420105,1,-0.37276265,1,-0.170246989,1,0.336573631,1,0.169376358,0,-0.564190984,0,-2.715851307,0
62.08580399,-4.598751545,1,-2.050575733,1,-8.845023155,1,-0.347124159,1,-0.183633342,1,0.312969893,1,0.167212471,0,-0.565104127,0,-2.71449399,0
62.0898056,-4.587406158,1,-1.729189157,1,-8.862037659,1,-0.321744621,1,-0.205233246,1,0.281764448,1,0.165213749,0,-0.566061974,0,-2.713269472,0
62.09380722,-4.892478466,1,-1.271403074,1,-8.896002769,1,-0.284219652,1,-0.221753672,1,0.242988363,1,0.163435951,0,-0.567079544,0,-2.712212086,0
62.09780502,-4.932109356,1,-0.779678881,1,-8.981837273,1,-0.232727185,1,-0.227709338,1,0.211969972,1,0.161915809,0,-0.568117201,0,-2.711312771,0
62.10180283,-4.651269913,1,-0.519112647,1,-9.052182198,1,-0.188088909,1,-0.243697152,1,0.171914652,1,0.160688519,0,-0.569170594,0,-2.710599184,0
62.10580444,-4.679740906,1,-0.424364239,1,-8.988664627,1,-0.128150925,1,-0.261131108,1,0.136961177,1,0.15977402,0,-0.570263922,0,-2.710065842,0
62.10980225,-4.756811619,1,-0.544246614,1,-8.913704872,1,-0.080124229,1,-0.269958019,1,0.097769633,1,0.159180745,0,-0.571377754,0,-2.709732056,0
62.11380386,-4.879851818,1,-0.733210504,1,-8.824667931,1,-0.035231065,1,-0.274428785,1,0.070752613,1,0.158848003,0,-0.57250756,0,-2.70954895,0
62.11780548,-4.806863308,1,-0.984643757,1,-8.752156258,1,-0.000288429,1,-0.275597423,1,0.041040145,1,0.158749476,0,-0.573636293,0,-2.709489584,0
62.12180328,-4.857749939,1,-1.313647747,1,-8.712387085,1,0.027474929,1,-0.282551587,1,0.028004225,1,0.158831805,0,-0.574757159,0,-2.709533215,0
62.12580109,-4.790042877,1,-1.525686979,1,-8.644165993,1,0.04502603,1,-0.284446955,1,0.007493286,1,0.1590579,0,-0.575890422,0,-2.70966506,0
62.1298027,-4.728571415,1,-1.669347763,1,-8.568211555,1,0.065241709,1,-0.291034758,1,-0.003704251,1,0.159393728,0,-0.577030659,0,-2.709872961,0
62.13380051,-4.750194073,1,-2.029098749,1,-8.389726639,1,0.065650955,1,-0.288965583,1,-0.00617204,1,0.159807146,0,-0.578173876,0,-2.710129261,0
62.13780212,-4.736940384,1,-2.489962578,1,-8.34776783,1,0.06443961,1,-0.29274416,1,-0.003276469,1,0.160213083,0,-0.579314232,0,-2.710377932,0
62.14180756,-4.66149807,1,-3.200572968,1,-8.218949318,1,0.042893,1,-0.291591257,1,0.012068617,1,0.160543278,0,-0.580467343,0,-2.710576534,0
62.14581299,-4.767546177,1,-3.559196711,1,-8.017886162,1,0.008631785,1,-0.286632895,1,0.04657989,1,0.160695136,0,-0.581624568,0,-2.710664988,0
62.14981079,-4.792579174,1,-3.784579992,1,-7.891649723,1,-0.021780372,1,-0.281349361,1,0.073500074,1,0.16063799,0,-0.582775354,0,-2.710601568,0
62.15381241,-4.675046444,1,-3.916558266,1,-7.899990082,1,-0.070174329,1,-0.278620839,1,0.108209834,1,0.16034165,0,-0.583931029,0,-2.710399389,0
62.15781021,-5.003045082,1,-3.479414463,1,-7.716006756,1,-0.098274373,1,-0.277287155,1,0.130252451,1,0.15979965,0,-0.585106015,0,-2.710038185,0
62.16181183,-5.203966141,1,-3.004316568,1,-7.686635494,1,-0.101397008,1,-0.268995404,1,0.120055757,1,0.159190223,0,-0.586271286,0,-2.709668398,0
62.16581345,-5.221257687,1,-2.527925968,1,-7.7362113,1,-0.116293728,1,-0.242889151,1,0.132879093,1,0.158519089,0,-0.587367356,0,-2.709238052,0
62.16981125,-5.128571033,1,-2.216935635,1,-7.752750397,1,-0.112808883,1,-0.224506512,1,0.13200739,1,0.157806903,0,-0.588374853,0,-2.708786011,0
62.17380905,-4.987832546,1,-2.019853592,1,-7.915365219,1,-0.110482931,1,-0.218127951,1,0.122215085,1,0.157116532,0,-0.589328766,0,-2.708349943,0
62.17781067,-4.802890778,1,-1.832312942,1,-8.030319214,1,-0.105677657,1,-0.212875158,1,0.123379968,1,0.156455025,0,-0.590252817,0,-2.707928658,0
62.18180847,-4.756419182,1,-1.774961948,1,-8.11127758,1,-0.087545596,1,-0.206856206,1,0.116991714,1,0.155849159,0,-0.591157556,0,-2.707523108,0
62.18581009,-4.754194736,1,-1.783009887,1,-8.270296097,1,-0.068909079,1,-0.202677459,1,0.111478649,1,0.155315742,0,-0.592043817,0,-2.707134962,0
62.18981552,-4.681131363,1,-1.998573661,1,-8.349145889,1,-0.055535804,1,-0.209027097,1,0.115028955,1,0.154855371,0,-0.5929268,0,-2.70675993,0
62.19381332,-4.608548164,1,-2.363384724,1,-8.298595428,1,-0.04986703,1,-0.213597208,1,0.125484362,1,0.13371785,0,-0.659501493,0,-2.705765724,0
62.19780731,-4.769929409,1,-2.699446201,1,-8.305491447,1,-0.05572471,1,-0.218890473,1,0.142546177,1,0.133188888,0,-0.660434723,0,-2.705236435,0
62.20181274,-4.233029842,1,-2.776462317,1,-8.314519882,1,-0.06172647,1,-0.204971939,1,0.160147995,1,0.132556602,0,-0.661332965,0,-2.704590559,0
62.20581055,-4.778759956,1,-2.731750965,1,-8.21521759,1,-0.068220749,1,-0.238542691,1,0.161075532,1,0.131903708,0,-0.662313461,0,-2.703946352,0
62.20981216,-4.687143803,1,-2.705239296,1,-8.188835144,1,-0.067568511,1,-0.24469234,1,0.172787696,1,0.131220371,0,-0.663359761,0,-2.703263283,0
62.21381378,-4.799017429,1,-2.484346151,1,-8.199459076,1,-0.069494478,1,-0.242077202,1,0.182780087,1,0.130485237,0,-0.664419591,0,-2.70252347,0
62.21781158,-4.803801537,1,-2.327287912,1,-8.200078011,1,-0.069099762,1,-0.25121507,1,0.187416613,1,0.129716977,0,-0.665485919,0,-2.701747656,0
62.22180939,-4.914550304,1,-2.133860826,1,-8.099529266,1,-0.069068283,1,-0.244587466,1,0.191324323,1,0.128938138,0,-0.666561484,0,-2.700948,0
62.22581101,-4.946858883,1,-1.940015793,1,-8.141796112,1,-0.060058523,1,-0.247445926,1,0.191114455,1,0.128183186,0,-0.667630315,0,-2.70014739,0
62.22980881,-4.680627823,1,-2.356634378,1,-8.300564766,1,-0.069124557,1,-0.257975131,1,0.19455263,1,0.12744166,0,-0.668722987,0,-2.699343204,0
62.23381043,-4.768155098,1,-2.146234512,1,-8.251735687,1,-0.087296262,1,-0.269300938,1,0.195467785,1,0.126617894,0,-0.669866323,0,-2.698522568,0
62.23781204,-4.844318867,1,-2.101361036,1,-8.153122902,1,-0.065448731,1,-0.270237297,1,0.193455532,1,0.125816241,0,-0.671037793,0,-2.697716475,0
62.24180985,-4.825287342,1,-2.15361762,1,-8.225800514,1,-0.07445354,1,-0.276920587,1,0.19758822,1,0.125023738,0,-0.672212839,0,-2.696901798,0
62.24581146,-5.068049431,1,-2.299381733,1,-8.217697144,1,-0.080365911,1,-0.289874315,1,0.197049916,1,0.124212079,0,-0.673434675,0,-2.696080685,0
62.24981308,-4.875816345,1,-2.289947987,1,-8.125403404,1,-0.088990323,1,-0.291344821,1,0.201066375,1,0.123356268,0,-0.674691141,0,-2.695253372,0
62.25381088,-4.92879343,1,-2.108189583,1,-8.306296349,1,-0.080579184,1,-0.304688275,1,0.211600482,1,0.122466438,0,-0.675979853,0,-2.694386959,0
62.25780869,-4.768563747,1,-2.031279325,1,-8.360806465,1,-0.062492933,1,-0.317700207,1,0.218755782,1,0.121620268,0,-0.677322507,0,-2.693489075,0
62.26181412,-4.840488434,1,-2.164035797,1,-8.354682922,1,-0.062493701,1,-0.331482559,1,0.228790522,1,0.120788969,0,-0.678716421,0,-2.69255352,0
62.26581955,-4.895776749,1,-2.089478493,1,-8.327067375,1,-0.053485669,1,-0.343640625,1,0.228911296,1,0.11993739,0,-0.680161238,0,-2.691584826,0
62.26981735,-4.948411942,1,-2.13612771,1,-8.403734207,1,-0.054991964,1,-0.353649855,1,0.242494583,1,0.119084835,0,-0.68165648,0,-2.690593243,0
62.27382278,-4.932487011,1,-2.149299622,1,-8.417068481,1,-0.059053812,1,-0.371981472,1,0.251571536,1,0.118195236,0,-0.683209658,0,-2.68955636,0
62.27782059,-4.802201748,1,-2.12873292,1,-8.453383446,1,-0.062754139,1,-0.387977123,1,0.254212886,1,0.11729008,0,-0.684828401,0,-2.688500404,0
62.28181839,-4.90444994,1,-1.721360922,1,-8.636556625,1,-0.046134621,1,-0.412819356,1,0.2556431,1,0.116398789,0,-0.686534882,0,-2.687443495,0
62.28582001,-4.83883667,1,-1.845809817,1,-8.504283905,1,-0.01704777,1,-0.430408567,1,0.266864061,1,0.115599126,0,-0.688326299,0,-2.686352968,0
62.28981781,-4.918712139,1,-2.143536329,1,-8.473808289,1,-0.020566612,1,-0.449346215,1,0.27114749,1,0.114809319,0,-0.690203667,0,-2.68523407,0
62.29381943,-5.007040501,1,-2.189181566,1,-8.415103912,1,-0.023922309,1,-0.47817564,1,0.271234453,1,0.114006065,0,-0.692177594,0,-2.68410778,0
62.29781723,-4.904564857,1,-1.93155551,1,-8.506065369,1,-0.013913368,1,-0.500036597,1,0.275701046,1,0.113213584,0,-0.694239795,0,-2.682987213,0
62.30181503,-4.791400433,1,-1.866185427,1,-8.552437782,1,0.010663014,1,-0.521358252,1,0.289251238,1,0.112459362,0,-0.696393728,0,-2.681828022,0
62.30581665,-4.803162098,1,-2.250556946,1,-8.66942215,1,0.012468548,1,-0.552765191,1,0.299384266,1,0.111728258,0,-0.698660076,0,-2.680611849,0
62.30981827,-4.828747272,1,-2.426224709,1,-8.590828896,1,0.00731647,1,-0.57819277,1,0.308493912,1,0.110955745,0,-0.701040387,0,-2.679354906,0
62.31381607,-4.850384712,1,-2.519777536,1,-8.548971176,1,-0.001100876,1,-0.603184164,1,0.330281258,1,0.110113136,0,-0.703540146,0,-2.678035259,0
62.31781387,-4.857337475,1,-2.603637695,1,-8.54549408,1,-0.009133498,1,-0.631220758,1,0.349230289,1,0.109177575,0,-0.706131816,0,-2.676615238,0
62.32181549,-4.815968037,1,-2.791670799,1,-8.486167908,1,-0.018964939,1,-0.651239574,1,0.371448278,1,0.108131289,0,-0.70884186,0,-2.675095558,0
62.32581329,-4.812494755,1,-2.878166437,1,-8.457806587,1,-0.03368631,1,-0.683221102,1,0.398328871,1,0.106971495,0,-0.711655438,0,-2.673460245,0
62.32981491,-4.982485771,1,-3.029690742,1,-8.293338776,1,-0.052638642,1,-0.70752126,1,0.42050457,1,0.105652705,0,-0.714587867,0,-2.671701431,0
62.33381653,-5.114151955,1,-3.148701429,1,-8.406727791,1,-0.081568554,1,-0.727178097,1,0.449930251,1,0.104123749,0,-0.71762991,0,-2.669784546,0
62.33781433,-5.098940372,1,-2.834248781,1,-8.25142765,1,-0.109795943,1,-0.749077618,1,0.477280021,1,0.102376558,0,-0.720761061,0,-2.667734146,0
62.34181213,-5.145634174,1,-2.595596075,1,-8.225623131,1,-0.120787226,1,-0.772391856,1,0.496010005,1,0.100472592,0,-0.723989487,0,-2.665563583,0
62.34581375,-5.174040794,1,-2.379316568,1,-8.247783661,1,-0.125962898,1,-0.790417492,1,0.513446093,1,0.098480687,0,-0.727299929,0,-2.663307667,0
62.34981155,-5.165555954,1,-2.336006641,1,-8.322705269,1,-0.12704125,1,-0.81743139,1,0.526750743,1,0.096407346,0,-0.730697989,0,-2.660959959,0
62.35381317,-5.114981174,1,-2.750256777,1,-8.508217812,1,-0.135664463,1,-0.840675831,1,0.541874111,1,0.094266839,0,-0.734202266,0,-2.658525229,0
62.35781479,-5.034806728,1,-2.92129755,1,-8.633223534,1,-0.169993803,1,-0.87563169,1,0.559035897,1,0.09196908,0,-0.737827778,0,-2.656000853,0
62.36181259,-4.886951447,1,-2.742803335,1,-8.70909214,1,-0.210356608,1,-0.925692677,1,0.57806164,1,0.089438416,0,-0.741609156,0,-2.653376341,0
62.36581039,-5.116444588,1,-2.614992142,1,-8.791704178,1,-0.226171762,1,-0.972063184,1,0.589529991,1,0.086719885,0,-0.74560374,0,-2.65066123,0
62.36981201,-5.264980316,1,-2.539373875,1,-8.840061188,1,-0.243479788,1,-1.018907785,1,0.619596243,1,0.083860934,0,-0.749783635,0,-2.647838831,0
62.37380981,-5.29008007,1,-2.703697443,1,-8.897646904,1,-0.270808637,1,-1.072492719,1,0.637223661,1,0.080814585,0,-0.754157662,0,-2.644888878,0
62.37781143,-5.218585968,1,-2.827369928,1,-9.014662743,1,-0.303201407,1,-1.13270545,1,0.655559838,1,0.077563785,0,-0.75876832,0,-2.64183259,0
62.38181686,-4.975360394,1,-2.614025354,1,-9.133907318,1,-0.343978047,1,-1.207219124,1,0.678240895,1,0.074068785,0,-0.763630629,0,-2.638645411,0
62.3858223,-5.003697872,1,-2.44304204,1,-9.39623642,1,-0.365527719,1,-1.269262671,1,0.690815449,1,0.070374407,0,-0.768769681,0,-2.63535881,0
62.3898201,-4.914912224,1,-2.42291975,1,-9.512018204,1,-0.378492802,1,-1.350302935,1,0.715013921,1,0.066496648,0,-0.774190426,0,-2.631936789,0
62.39382172,-4.917143345,1,-2.585001469,1,-9.57613945,1,-0.405655921,1,-1.431815863,1,0.739155591,1,0.062431287,0,-0.779940069,0,-2.628373384,0
62.39781952,-5.166996002,1,-2.775722742,1,-9.753360748,1,-0.44196254,1,-1.510297656,1,0.775530636,1,0.05809148,0,-0.785989046,0,-2.624613285,0
62.40182114,-5.174621105,1,-2.885454178,1,-9.728873253,1,-0.484693825,1,-1.585577488,1,0.80066067,1,0.05341357,0,-0.79234612,0,-2.620640039,0
62.40582275,-4.610848904,1,-2.665025711,1,-9.716620445,1,-0.519914508,1,-1.689004302,1,0.835082352,1,0.048405133,0,-0.799050987,0,-2.616444349,0
62.40982056,-4.968000412,1,-2.488027573,1,-9.970017433,1,-0.534376621,1,-1.781325459,1,0.86992681,1,0.043105617,0,-0.806133032,0,-2.612005949,0
62.41381836,-5.011568546,1,-2.388195753,1,-9.996822357,1,-0.543196142,1,-1.868422747,1,0.902545571,1,0.03754333,0,-0.813576102,0,-2.607308149,0
62.41781998,-4.677280903,1,-2.430328369,1,-9.931434631,1,-0.568716466,1,-1.983473659,1,0.947051942,1,0.031661034,0,-0.821404874,0,-2.602293968,0
62.42182159,-4.860964775,1,-2.464739561,1,-9.958732605,1,-0.588187933,1,-2.103032589,1,0.98136723,1,0.025417991,0,-0.829679966,0,-2.596944571,0
62.4258194,-4.911792755,1,-2.690317154,1,-10.05263233,1,-0.612974644,1,-2.20650959,1,1.012009978,1,0.018829094,0,-0.838398933,0,-2.59128809,0
62.42982483,-4.631816387,1,-2.200559855,1,-10.06759644,1,-0.635263979,1,-2.363447428,1,1.087803364,1,0.011792015,0,-0.847596943,0,-2.585191727,0
62.43381882,-4.757864952,1,-2.423440933,1,-10.52547359,1,-0.641755402,1,-2.493427992,1,1.117322206,1,0.004278668,0,-0.857345998,0,-2.578614712,0
62.43782425,-4.797823429,1,-2.529490232,1,-10.73248672,1,-0.657116592,1,-2.636084557,1,1.179271936,1,-0.00366436,0,-0.867601454,0,-2.571561098,0
62.44182587,-4.212979317,1,-2.895520449,1,-10.74260235,1,-0.678854227,1,-2.795173407,1,1.244450331,1,-0.012223036,0,-0.8784132,0,-2.563886404,0
62.44582367,-4.327157974,1,-3.242250681,1,-10.9528141,1,-0.701994359,1,-2.979354143,1,1.312609792,1,-0.022427315,0,-0.890778899,0,-2.55138588,0
62.44982147,-4.643428802,1,-3.469507456,1,-11.31714344,1,-0.736273408,1,-3.152038574,1,1.398778319,1,-0.032512777,0,-0.90290153,0,-2.54216361,0
62.45382309,-4.184743404,1,-3.641272783,1,-11.47206306,1,-0.765857637,1,-3.353673935,1,1.484840274,1,-0.043550469,0,-0.915658295,0,-2.531970978,0
62.45782471,-3.946206331,1,-3.905674458,1,-11.6877718,1,-0.787816703,1,-3.580609322,1,1.588621736,1,-0.055681594,0,-0.929203629,0,-2.520658255,0
62.46182251,-3.908125401,1,-4.076654434,1,-12.20141697,1,-0.810991108,1,-3.828866243,1,1.694059134,1,-0.069025993,0,-0.943571866,0,-2.50805521,0
62.46582413,-4.107118607,1,-4.656868458,1,-12.6682663,1,-0.848173559,1,-4.089636326,1,1.827519894,1,-0.083881624,0,-0.958823442,0,-2.493875742,0
62.46982193,-4.282980919,1,-5.503779888,1,-12.95288944,1,-0.902421057,1,-4.366933346,1,1.965430617,1,-0.10058023,0,-0.97496748,0,-2.477833271,0
62.47382355,-4.96343708,1,-6.484191895,1,-13.09172916,1,-1.005538106,1,-4.66484499,1,2.141847849,1,-0.119614117,0,-0.992030144,0,-2.459538221,0
62.47782135,-5.819779396,1,-7.475418091,1,-13.49903011,1,-1.131251812,1,-4.922665596,1,2.346754074,1,-0.141665012,0,-1.009892344,0,-2.438414574,0
62.48182297,-6.478570461,1,-8.320082664,1,-13.9259634,1,-1.253794432,1,-5.113055229,1,2.534075975,1,-0.16710718,0,-1.028223634,0,-2.414160728,0
62.48582077,-5.824267864,1,-10.79530716,1,-15.62407017,1,-1.505612373,1,-5.313313007,1,2.728639603,1,-0.196490422,0,-1.046872616,0,-2.386322975,0
62.48982239,0.862611055,1,-4.451209068,1,-11.30947399,1,-1.279702306,1,-5.824644089,1,2.913267136,1,-0.22952041,0,-1.065703034,0,-2.355164051,0
62.49382019,-8.73647213,1,-7.563464165,1,-15.51456547,1,-1.502856612,1,-6.032018661,1,3.206594229,1,-0.268442005,0,-1.086026073,0,-2.317371607,0
62.49782181,-12.79899311,1,-13.70523453,1,-14.4954586,1,-1.756506443,1,-6.089970112,1,3.540283442,1,-0.313392401,0,-1.105441332,0,-2.27399826,0
62.50182724,-11.83187294,1,-16.20227242,1,-14.48603058,1,-2.213526011,1,-6.07253027,1,3.673538446,1,-0.365937531,0,-1.123561978,0,-2.224410534,0
62.50582886,-10.70458984,1,-11.4898119,1,-13.91525364,1,-2.451877832,1,-6.274425507,1,3.936199903,1,-0.425087214,0,-1.140551567,0,-2.16927886,0
62.50983048,-14.72738647,1,-8.075335503,1,-15.24739838,1,-2.563169003,1,-6.174780369,1,4.183011532,1,-0.492346734,0,-1.155719876,0,-2.106641769,0
62.51383209,-15.03728104,1,-7.401709557,1,-14.62422466,1,-2.584864855,1,-6.184476376,1,4.42028904,1,-0.565602899,0,-1.168336868,0,-2.038006783,0
62.5178299,-16.04063034,1,-6.138012409,1,-14.20858574,1,-2.666759968,1,-6.216326237,1,4.619188786,1,-0.64520812,0,-1.178443789,0,-1.963084936,0
62.5218277,-17.20512772,1,-3.469233036,1,-13.92987919,1,-2.585307121,1,-6.313436031,1,4.796584129,1,-0.730164826,0,-1.185828328,0,-1.882676363,0
62.52582932,-19.53655815,1,-2.152788639,1,-13.89273167,1,-2.435887098,1,-6.438135624,1,4.960339069,1,-0.819174707,0,-1.190401196,0,-1.797571778,0
62.52982712,-22.85608292,1,-3.46636796,1,-14.21573639,1,-2.30470252,1,-6.474097252,1,5.195531845,1,-0.910976231,0,-1.191746712,0,-1.708902836,0
62.53382874,-26.53697968,1,-4.801183224,1,-15.19264603,1,-2.28547883,1,-6.310894966,1,5.324231148,1,-1.002963185,0,-1.189226031,0,-1.619735718,0
62.53783035,-28.26252174,1,-6.812178135,1,-14.50351238,1,-2.278903246,1,-6.136915684,1,5.334788322,1,-1.091629028,0,-1.183236599,0,-1.533892274,0
62.54182816,-27.30241013,1,-8.895190239,1,-12.78827953,1,-2.503899336,1,-5.858472824,1,5.496072769,1,-1.175854921,0,-1.173778057,0,-1.453041196,0
62.54582596,-26.08944702,1,-10.11329269,1,-12.92180252,1,-2.806185961,1,-5.603410244,1,5.524444103,1,-1.255103827,0,-1.161063194,0,-1.378491044,0
62.54982758,-21.75141907,1,-7.712773323,1,-10.32141018,1,-3.089411497,1,-5.081365585,1,5.416665077,1,-1.326874495,0,-1.145903111,0,-1.312896967,0
62.55382538,-13.59284973,1,-4.920632839,1,-10.27553463,1,-3.264311075,1,-4.6104002,1,5.319423199,1,-1.390516162,0,-1.129024148,0,-1.256816268,0
62.557827,-8.971589088,1,-1.656589866,1,-10.25656796,1,-3.338233471,1,-4.074072838,1,5.266811371,1,-1.445688844,0,-1.110745311,0,-1.21024394,0
62.56182861,-12.30820847,1,0.099049367,1,-13.14826012,1,-3.12443161,1,-3.744540691,1,5.106949329,1,-1.49357295,0,-1.091612458,0,-1.171121716,0
62.56582642,-13.46420479,1,-0.997318745,1,-12.42342663,1,-2.721366405,1,-3.429634333,1,4.641577721,1,-1.534202814,0,-1.072894454,0,-1.138391495,0
62.56982422,-21.41202736,1,6.441738605,1,-11.13381863,1,-1.80881238,1,-3.510571957,1,4.300078392,1,-1.568882227,0,-1.055247545,0,-1.109314084,0
62.57382584,-38.48583603,1,6.925280571,1,-19.50048637,1,-0.6782673,1,-2.848258495,1,3.475813866,1,-1.596025586,0,-1.039557815,0,-1.083561182,0
62.57782364,-24.02018547,1,0.957202673,1,-18.23438072,1,-0.222506851,1,-1.72899735,1,2.953018665,1,-1.61218524,0,-1.026464105,0,-1.066772103,0
62.58182526,-5.936519623,1,-3.017074823,1,-12.48428535,1,0.123626366,1,-1.29759717,1,2.689698219,1,-1.621101618,0,-1.014979959,0,-1.056513071,0
62.58582687,-3.868472576,1,-7.290923595,1,-9.601884842,1,0.418326616,1,-1.268587828,1,2.437983513,1,-1.627246857,0,-1.004471064,0,-1.04795599,0
62.58982468,-9.50424099,1,-9.647778511,1,-10.67375565,1,0.422278553,1,-1.141599536,1,2.246299267,1,-1.6321913,0,-0.994836688,0,-1.039948702,0
62.59382248,-9.555425644,1,-10.58687305,1,-11.34970379,1,0.091181241,1,-0.848079205,1,2.113625526,1,-1.636325836,0,-0.985903919,0,-1.033731103,0
62.5978241,-5.827902794,1,-10.87091637,1,-9.974294662,1,-0.293461621,1,-0.68120718,1,2.039780378,1,-1.640400648,0,-0.977421582,0,-1.029333949,0
62.6018219,-4.218878746,1,-10.63395119,1,-8.922102928,1,-0.604640543,1,-0.624727666,1,1.957651496,1,-1.645213127,0,-0.969245434,0,-1.025713444,0
62.60582352,-3.206814528,1,-9.208637238,1,-8.804844856,1,-0.824782431,1,-0.491781205,1,1.834317207,1,-1.650496125,0,-0.961499035,0,-1.022799611,0
62.60982513,-1.554103613,1,-6.923467159,1,-8.724303246,1,-0.930445135,1,-0.352989435,1,1.696138501,1,-1.655614614,0,-0.954327226,0,-1.020879626,0
62.61382294,-0.970221877,1,-4.974766731,1,-8.702935219,1,-0.89349848,1,-0.253357798,1,1.538005829,1,-1.660196781,0,-0.947772503,0,-1.019771934,0
62.61782074,-0.948018789,1,-4.046820164,1,-8.720291138,1,-0.770632565,1,-0.136842608,1,1.37613821,1,-1.663891077,0,-0.941887617,0,-1.019338369,0
62.62182999,-0.348627746,1,-3.804957867,1,-8.450572968,1,-0.589069545,1,-0.005751987,1,1.1781497,1,-1.666363478,0,-0.936770558,0,-1.01965332,0
62.6258316,0.638304532,1,-3.787409067,1,-8.010632515,1,-0.389102429,1,0.121888354,1,0.977364004,1,-1.667438865,0,-0.932502806,0,-1.020755053,0
62.62983322,1.207920432,1,-4.067671299,1,-7.644144058,1,-0.203631967,1,0.255651653,1,0.79617691,1,-1.667159557,0,-0.929043651,0,-1.022575259,0
62.63383484,1.538974762,1,-4.505680084,1,-7.367580414,1,-0.050553054,1,0.389138639,1,0.619395196,1,-1.665601611,0,-0.926347673,0,-1.02515018,0
62.63783264,1.767466784,1,-4.917324066,1,-7.138194084,1,0.0674465,1,0.516768575,1,0.456283003,1,-1.662909269,0,-0.924368739,0,-1.028467774,0
62.64183044,2.06342411,1,-5.170400143,1,-6.915459156,1,0.152659401,1,0.652876794,1,0.301564038,1,-1.659207344,0,-0.923072934,0,-1.032558441,0
62.64583206,2.254451752,1,-5.154176235,1,-6.722509384,1,0.222934276,1,0.788081229,1,0.149490833,1,-1.654562235,0,-0.922417998,0,-1.037439823,0
62.64982987,2.513869286,1,-4.919599056,1,-6.614967346,1,0.287989885,1,0.928720236,1,0.008016614,1,-1.648976326,0,-0.922373056,0,-1.043164015,0
62.65383148,2.692692757,1,-4.631559372,1,-6.405407906,1,0.366698116,1,1.07613194,1,-0.128657103,1,-1.642409325,0,-0.922919571,0,-1.049767137,0
62.65783691,2.718730211,1,-4.371849537,1,-6.438449383,1,0.455448747,1,1.224548697,1,-0.264553547,1,-1.634761453,0,-0.924014807,0,-1.057292223,0
62.6618309,2.796972752,1,-4.011808395,1,-6.394341469,1,0.556950212,1,1.375921726,1,-0.40064925,1,-1.625970602,0,-0.925652981,0,-1.065773845,0
62.66582871,2.966406107,1,-3.671278715,1,-6.368596077,1,0.673482895,1,1.519811034,1,-0.54229027,1,-1.615921021,0,-0.927830577,0,-1.075270057,0
62.66983032,3.045244455,1,-3.364803314,1,-6.389776707,1,0.795061231,1,1.65916121,1,-0.681040049,1,-1.604599953,0,-0.930524588,0,-1.085738897,0
62.67382813,3.0074687,1,-3.213795185,1,-6.379418373,1,0.920594573,1,1.796352029,1,-0.816820085,1,-1.591970325,0,-0.933704853,0,-1.097188115,0
62.67783356,2.894278765,1,-3.051408052,1,-6.459411621,1,1.043202996,1,1.932109952,1,-0.957610726,1,-1.577994108,0,-0.93736124,0,-1.109664559,0
62.68183518,2.752485275,1,-3.021834373,1,-6.473106861,1,1.158005595,1,2.062470436,1,-1.089308619,1,-1.562673688,0,-0.941460371,0,-1.123182654,0
62.68583298,2.607933998,1,-2.962126255,1,-6.551066399,1,1.26440382,1,2.185269356,1,-1.231961727,1,-1.545995951,0,-0.945964694,0,-1.137792706,0
62.68982697,2.323357821,1,-3.018581152,1,-6.614110947,1,1.358451605,1,2.315134525,1,-1.367863178,1,-1.52796495,0,-0.950853527,0,-1.153522968,0
62.6938324,1.930151105,1,-3.048041344,1,-6.77230835,1,1.428464532,1,2.449070692,1,-1.501759887,1,-1.510744214,0,-0.955605209,0,-1.1668365,0
62.6978302,1.434091687,1,-3.080599546,1,-6.889279842,1,1.493554235,1,2.594041586,1,-1.634684563,1,-1.489934206,0,-0.961156905,0,-1.18512392,0
62.70183182,1.276142359,1,-3.016947508,1,-6.986337185,1,1.548470736,1,2.742604494,1,-1.771169305,1,-1.467639685,0,-0.966942966,0,-1.204874992,0
62.70583344,1.004980803,1,-2.90875864,1,-7.212751865,1,1.585286617,1,2.868157864,1,-1.893891335,1,-1.443882346,0,-0.972928584,0,-1.226081371,0
62.70983124,0.566947997,1,-2.908050776,1,-7.09586668,1,1.639084458,1,3.009403706,1,-2.015930653,1,-1.418631434,0,-0.979035497,0,-1.24880147,0
62.71382904,0.395794541,1,-2.485845089,1,-7.21551609,1,1.704060912,1,3.142499924,1,-2.13066721,1,-1.391715884,0,-0.985180378,0,-1.273124099,0
62.71783066,0.285715431,1,-2.134354591,1,-7.252776623,1,1.786413431,1,3.260474205,1,-2.237603903,1,-1.363130808,0,-0.99128449,0,-1.299008846,0
62.72182846,0.073684081,1,-1.792125702,1,-7.397379398,1,1.879463196,1,3.36828661,1,-2.337411642,1,-1.332814813,0,-0.997282803,0,-1.326428652,0
62.72583008,-0.140514612,1,-1.455378294,1,-7.432132244,1,1.987413406,1,3.467373133,1,-2.436519623,1,-1.300720215,0,-1.003085017,0,-1.355373263,0
62.7298317,-0.3812868,1,-1.318331003,1,-7.438168049,1,2.105092764,1,3.566366434,1,-2.527142763,1,-1.266799092,0,-1.008634448,0,-1.385853529,0
62.7338295,-0.744089186,1,-1.289504528,1,-7.45774889,1,2.211700678,1,3.657888889,1,-2.603553772,1,-1.231081843,0,-1.013799429,0,-1.417809129,0
62.7378273,-1.105385423,1,-1.399694204,1,-7.57732296,1,2.311681032,1,3.754464388,1,-2.677865267,1,-1.193623424,0,-1.018499732,0,-1.451218486,0
62.74183655,-1.555749297,1,-1.596826434,1,-7.711471558,1,2.38174963,1,3.847826481,1,-2.753796101,1,-1.154517055,0,-1.022642732,0,-1.486070514,0
62.74583817,-1.894261241,1,-1.698443532,1,-7.800060272,1,2.43539691,1,3.952953577,1,-2.830585718,1,-1.113860607,0,-1.02616179,0,-1.52236557,0
62.74983978,-2.12904644,1,-1.705297709,1,-7.923733234,1,2.463348627,1,4.042960167,1,-2.912172794,1,-1.071814179,0,-1.02899313,0,-1.560042143,0
62.7538414,-2.277879477,1,-1.647954702,1,-8.228613853,1,2.490666628,1,4.135055065,1,-2.999334335,1,-1.028473735,0,-1.031116843,0,-1.599034667,0
62.7578392,-2.23115325,1,-1.408316016,1,-8.558172226,1,2.50939703,1,4.202762604,1,-3.096289635,1,-0.984010339,0,-1.032493353,0,-1.639191985,0
62.76183701,-2.26923871,1,-1.031195998,1,-8.732542038,1,2.530047417,1,4.268914223,1,-3.179565907,1,-0.938606679,0,-1.033095837,0,-1.680336475,0
62.76583862,-2.477820396,1,-0.599117756,1,-8.849224091,1,2.573527336,1,4.338307381,1,-3.267813921,1,-0.892330289,0,-1.032828212,0,-1.722326875,0
62.76983643,-2.714502573,1,-0.264244437,1,-8.998631477,1,2.63330698,1,4.39504385,1,-3.355121374,1,-0.845264792,0,-1.031660318,0,-1.765011191,0
62.77383804,-2.87293911,1,-0.044603035,1,-9.15483284,1,2.697734833,1,4.456705093,1,-3.431751251,1,-0.79756093,0,-1.029532075,0,-1.808191776,0
62.77783966,-2.998095036,1,0.011548936,1,-9.308858871,1,2.755067348,1,4.507333755,1,-3.487571955,1,-0.749464869,0,-1.026370168,0,-1.85161829,0
62.78183746,-3.079838991,1,0.048504636,1,-9.430151939,1,2.809657812,1,4.556479454,1,-3.520502567,1,-0.701305091,0,-1.022105932,0,-1.894953966,0
62.78583527,-3.200434208,1,0.0767667,1,-9.579190254,1,2.859101295,1,4.597492695,1,-3.52723074,1,-0.653446853,0,-1.016675949,0,-1.937829971,0
62.78983688,-3.370102406,1,0.239339039,1,-9.741283417,1,2.894059658,1,4.644233227,1,-3.522633314,1,-0.606191754,0,-1.010049462,0,-1.979952097,0
62.79383469,-3.50500083,1,0.398218244,1,-9.910345078,1,2.932199955,1,4.673060894,1,-3.494183302,1,-0.559860587,0,-1.002225041,0,-2.02099824,0
62.7978363,-3.803230286,1,0.57835567,1,-10.14258575,1,2.976963997,1,4.706526279,1,-3.455519438,1,-0.51465553,0,-0.993215561,0,-2.060730219,0
62.80183792,-4.167714596,1,0.643438876,1,-10.35279846,1,3.033259869,1,4.742645264,1,-3.403906345,1,-0.470710307,0,-0.983042717,0,-2.098966122,0
62.80583572,-4.707890511,1,0.697308719,1,-10.6522541,1,3.094942808,1,4.78709507,1,-3.338882446,1,-0.428181827,0,-0.971735477,0,-2.135486364,0
62.80983353,-5.164065838,1,0.757219136,1,-10.92559052,1,3.158027887,1,4.838289738,1,-3.273559809,1,-0.387098253,0,-0.959304988,0,-2.170238733,0
62.81383514,-5.802762985,1,0.805657089,1,-11.33878136,1,3.237864494,1,4.90051651,1,-3.216878891,1,-0.347435415,0,-0.94579196,0,-2.203205585,0
62.81783295,-6.397125721,1,0.702213585,1,-11.7498064,1,3.326981544,1,4.969459534,1,-3.154173613,1,-0.309176207,0,-0.931211054,0,-2.23435998,0
62.82183456,-6.973630905,1,0.544595599,1,-12.15178776,1,3.409282446,1,5.053627014,1,-3.109429836,1,-0.2722314,0,-0.915587962,0,-2.263786316,0
62.82583618,-7.377762794,1,0.405118704,1,-12.55267429,1,3.493348598,1,5.133710861,1,-3.078906059,1,-0.236533359,0,-0.898981869,0,-2.291565657,0
62.82983398,-7.674866676,1,0.261425883,1,-12.91167641,1,3.576417208,1,5.21380806,1,-3.068944216,1,-0.202004209,0,-0.88145262,0,-2.317795992,0
62.83383179,-8.033558846,1,0.014550683,1,-13.28974152,1,3.652776957,1,5.281774998,1,-3.085580111,1,-0.168521136,0,-0.863074839,0,-2.342630625,0
62.83783341,-8.369124413,1,-0.260151982,1,-13.67474747,1,3.714001894,1,5.341981888,1,-3.121800184,1,-0.136034116,0,-0.843943536,0,-2.366187572,0
62.84183121,-8.466362953,1,-0.667300642,1,-14.00418186,1,3.768163919,1,5.387796879,1,-3.179239988,1,-0.104434066,0,-0.824150026,0,-2.388631105,0
62.84583283,-8.618284225,1,-1.10597229,1,-14.4219141,1,3.7997334,1,5.401840687,1,-3.258157969,1,-0.073686302,0,-0.803796709,0,-2.410096407,0
62.84983444,-8.704089165,1,-1.323999047,1,-14.99465847,1,3.815829754,1,5.391331196,1,-3.358469725,1,-0.043735854,0,-0.783016801,0,-2.430738688,0
62.85383225,-8.952719688,1,-1.496689916,1,-15.62760162,1,3.823602915,1,5.361701965,1,-3.474877834,1,-0.014544616,0,-0.761912227,0,-2.450676918,0
62.85783005,-9.37114048,1,-1.391566277,1,-16.35015869,1,3.824196815,1,5.303850651,1,-3.598016977,1,0.013966206,0,-0.74058038,0,-2.470043421,0
62.86183167,-10.0966835,1,-1.139433146,1,-17.11522865,1,3.82688117,1,5.241167545,1,-3.728192091,1,0.041829035,0,-0.719089866,0,-2.48889637,0
62.8658371,-11.18003845,1,-0.753501177,1,-17.68670464,1,3.841829538,1,5.183096886,1,-3.869733572,1,0.06917049,0,-0.697428405,0,-2.507354736,0
62.8698349,-12.60138226,1,-0.395661116,1,-18.17935753,1,3.871052027,1,5.137067795,1,-4.014969349,1,0.096079104,0,-0.675556004,0,-2.525458097,0
62.87383652,-14.32733345,1,-0.281892121,1,-18.67251396,1,3.898278952,1,5.09259367,1,-4.166787624,1,0.122602679,0,-0.653432608,0,-2.54327035,0
62.87783432,-16.27463722,1,-0.463483632,1,-18.93976593,1,3.887756824,1,5.063317776,1,-4.320602417,1,0.148709401,0,-0.631010294,0,-2.560834408,0
62.88183594,-18.39085388,1,-0.63959229,1,-19.22498512,1,3.843002081,1,5.028011322,1,-4.477401733,1,0.174257353,0,-0.608264327,0,-2.578178167,0
62.88583756,-20.57879257,1,-0.424637377,1,-19.53819847,1,3.740724325,1,4.968314648,1,-4.638206959,1,0.199087188,0,-0.58522743,0,-2.595343113,0
62.88983536,-22.57644463,1,1.114818096,1,-20.11105728,1,3.62028718,1,4.879558563,1,-4.805572033,1,0.223064765,0,-0.561997533,0,-2.61240983,0
62.89383316,-24.69141197,1,3.732244492,1,-20.4059639,1,3.517236233,1,4.77009964,1,-4.96969986,1,0.246235728,0,-0.538681984,0,-2.629456043,0
62.89783478,-27.50139236,1,5.968681335,1,-20.08882713,1,3.485255957,1,4.692837715,1,-5.112864017,1,0.268764526,0,-0.515263855,0,-2.646453142,0
62.90183258,-30.61044502,1,7.265220165,1,-18.52223587,1,3.516378164,1,4.707954407,1,-5.226056576,1,0.290870011,0,-0.491500676,0,-2.663230896,0
62.90583038,-33.89382935,1,7.207519531,1,-16.13867188,1,3.534493685,1,4.777093887,1,-5.296670914,1,0.312526464,0,-0.467139632,0,-2.679555893,0
62.909832,-36.33953476,1,5.342158794,1,-13.21671009,1,3.447095871,1,4.858455181,1,-5.244345665,1,0.333325952,0,-0.442175329,0,-2.695027828,0
62.9138298,-37.32263565,1,3.247476101,1,-10.1066103,1,3.209759951,1,4.912258625,1,-5.048520565,1,0.352562189,0,-0.416813999,0,-2.709158421,0
62.91783142,-36.85186386,1,2.725471497,1,-6.970082283,1,2.890690804,1,4.866592884,1,-4.706151009,1,0.369651318,0,-0.391597986,0,-2.721523046,0
62.92183304,-35.56319809,1,3.40495944,1,-3.760279894,1,2.539675474,1,4.684401989,1,-4.250000954,1,0.384346902,0,-0.367212713,0,-2.731888771,0
62.92583084,-33.33055115,1,6.292526245,1,-1.092333317,1,2.273493528,1,4.371798038,1,-3.706332207,1,0.396831989,0,-0.344368905,0,-2.740216255,0
62.92982864,-31.23605156,1,10.80792904,1,1.588940024,1,2.175439835,1,3.936498404,1,-3.112321615,1,0.407784492,0,-0.323714852,0,-2.746605396,0
62.93383026,-29.72564888,1,15.69743538,1,3.95608592,1,2.292735338,1,3.420722485,1,-2.483522415,1,0.418080807,0,-0.305739939,0,-2.751177073,0
62.93782806,-29.16728783,1,20.38276672,1,5.566743851,1,2.60513401,1,2.856500864,1,-1.863835216,1,0.428686917,0,-0.29072988,0,-2.754068375,0
62.94182968,-29.52075005,1,23.89903069,1,6.639719486,1,3.046012878,1,2.322831154,1,-1.280177355,1,0.440362751,0,-0.278697014,0,-2.755470514,0
62.9458313,-30.09949112,1,25.50856209,1,6.98105669,1,3.490332842,1,1.823833942,1,-0.769612014,1,0.456216455,0,-0.272865444,0,-2.748755455,0
62.9498291,-31.2083416,1,25.14241219,1,7.201780319,1,3.846988916,1,1.372029305,1,-0.347970515,1,0.470694929,0,-0.266176641,0,-2.747864008,0
62.9538269,-32.2161026,1,22.62844467,1,6.793642044,1,3.949045658,1,0.993462741,1,-0.019086748,1,0.485938013,0,-0.261662662,0,-2.74627161,0
62.95782852,-32.84342194,1,18.97281837,1,6.136082649,1,3.754295588,1,0.658695042,1,0.236229226,1,0.500907063,0,-0.258970618,0,-2.74423933,0
62.96182632,-33.44099808,1,14.75265884,1,5.41485548,1,3.235147238,1,0.402035207,1,0.420991123,1,0.514378428,0,-0.257770091,0,-2.741969585,0
62.96582794,-33.34862518,1,10.29032803,1,4.64942503,1,2.429425716,1,0.1944471,1,0.597842216,1,0.525152981,0,-0.257762343,0,-2.7395432,0
62.96982956,-32.76773453,1,6.520676136,1,3.673749924,1,1.469831109,1,0.017861672,1,0.761961877,1,0.532311559,0,-0.2587865,0,-2.736889362,0
62.97382736,-31.87338448,1,5.111545086,1,2.666585922,1,0.500339627,1,-0.126186281,1,0.92213583,1,0.535495698,0,-0.260694742,0,-2.733997583,0
62.97782517,-31.28783607,1,5.62711525,1,1.540528178,1,-0.336422324,1,-0.255600899,1,1.041091561,1,0.534982622,0,-0.263359964,0,-2.730897903,0
62.98182678,-18.91856956,1,-4.323131561,1,-7.350035667,1,-1.388327003,1,-0.539232135,1,1.307086229,1,0.530987918,0,-0.266911745,0,-2.727592707,0
62.98583221,-12.68613815,1,0.791106105,1,-4.06385994,1,-2.120244265,1,-1.391680598,1,2.285854816,1,0.521953225,0,-0.273598671,0,-2.723255634,0
62.98983383,-19.44895554,1,8.016979218,1,-6.294500828,1,-2.060578108,1,-1.235689044,1,2.561219215,1,0.512295008,0,-0.283555448,0,-2.717110157,0
62.99383545,6.827143669,1,-10.15224171,1,-10.29286957,1,-2.54680562,1,-0.611783206,1,2.406842947,1,0.500793278,0,-0.291439176,0,-2.709895611,0
62.99783325,12.8217411,1,-26.59573746,1,-15.23783398,1,-2.412417173,1,-0.744523108,1,2.724986553,1,0.48863405,0,-0.298554957,0,-2.701749325,0
63.00183106,8.380807877,1,-34.97495651,1,-14.13927937,1,-2.981226683,1,-0.624171555,1,2.904278517,1,0.475294322,0,-0.306385517,0,-2.692708254,0
63.00583267,20.73506165,1,-37.39257813,1,-14.19872189,1,-3.380408764,1,-0.581415772,1,3.070659399,1,0.459445089,0,-0.313749164,0,-2.682602644,0
63.00983048,20.0573597,1,-35.97336197,1,-9.806529999,1,-4.13495636,1,-1.276163578,1,2.900111437,1,0.441255093,0,-0.322266698,0,-2.672894239,0
63.01383209,15.72410679,1,-25.3163929,1,-3.871813059,1,-4.569993973,1,-2.04265523,1,2.796513796,1,0.421221972,0,-0.333064139,0,-2.664935589,0
63.01783371,11.92705059,1,-14.49118996,1,-2.580858231,1,-5.14325285,1,-2.92871809,1,2.898640394,1,0.39937982,0,-0.346589148,0,-2.658029795,0
63.02183151,9.917593002,1,-2.447240114,1,-2.865392923,1,-5.082359791,1,-4.02349472,1,2.882994175,1,0.376732707,0,-0.363903433,0,-2.652243853,0
63.02582932,6.345894337,1,-0.24595131,1,-5.690899849,1,-5.174960136,1,-5.161941051,1,2.923020124,1,0.354475856,0,-0.385124296,0,-2.647596836,0
63.02983093,-5.662080288,1,7.179579735,1,-10.55007076,1,-4.95998764,1,-5.807568073,1,2.535393,1,0.332924753,0,-0.409776032,0,-2.644382,0
63.03382874,-17.883461,1,17.33376694,1,-15.96723938,1,-4.49730444,1,-5.748391151,1,1.85625422,1,0.313438356,0,-0.434595197,0,-2.643365622,0
63.03783035,-25.36241341,1,24.37526894,1,-20.26666451,1,-3.9038589,1,-5.356655121,1,1.495171309,1,0.296755672,0,-0.457824767,0,-2.643814564,0
63.04183197,-24.28640556,1,26.98768997,1,-23.52159309,1,-3.181865692,1,-4.929646015,1,1.4323771,1,0.282822251,0,-0.479156137,0,-2.644120216,0
63.04582977,-25.05105019,1,23.18328857,1,-22.00508118,1,-2.641797781,1,-4.582709312,1,1.638702631,1,0.270834684,0,-0.499195635,0,-2.643443108,0
63.04982758,-22.06807327,1,19.76614189,1,-20.92309952,1,-1.971863985,1,-4.106628895,1,2.06018877,1,0.260135323,0,-0.517893493,0,-2.640500784,0
63.05382919,-25.12035942,1,12.24282932,1,-20.27614975,1,-1.586351991,1,-3.649564266,1,2.281504393,1,0.250421613,0,-0.535157502,0,-2.635196209,0
63.057827,-20.78311729,1,1.528971672,1,-17.09312057,1,-1.315898418,1,-2.895210981,1,2.17057395,1,0.241351113,0,-0.550028443,0,-2.628743887,0
63.06182861,-15.17592335,1,-5.916320801,1,-12.53484535,1,-1.203754783,1,-2.533610106,1,1.806272984,1,0.233115166,0,-0.562369525,0,-2.622577906,0
63.06583023,-17.30044365,1,-11.33892632,1,-10.75486851,1,-1.361458778,1,-2.094936848,1,1.430735946,1,0.22536616,0,-0.572897315,0,-2.617627859,0
63.06982803,-17.20137405,1,-11.29563141,1,-8.957669258,1,-1.468952298,1,-1.639438272,1,1.028517723,1,0.217580959,0,-0.581251144,0,-2.613862276,0
63.07382584,-16.52326202,1,-5.973998547,1,-9.517560005,1,-1.459870577,1,-1.27494669,1,0.745924652,1,0.210257143,0,-0.587711513,0,-2.611219168,0
63.07782745,-19.68344879,1,-1.165681362,1,-12.72223091,1,-1.319391727,1,-0.638935328,1,0.586843133,1,0.203587562,0,-0.592049897,0,-2.609146118,0
63.08182526,-14.63433838,1,5.515488625,1,-10.81390572,1,-1.118067384,1,-0.21625331,1,0.612559378,1,0.197261229,0,-0.594092906,0,-2.606685162,0
63.08582687,-9.226368904,1,5.198648453,1,-9.372844696,1,-0.874236047,1,-0.081666008,1,0.603612781,1,0.191735029,0,-0.595108628,0,-2.603894949,0
63.08982849,-6.502964973,1,2.139645576,1,-9.128917694,1,-0.727095842,1,-0.038936753,1,0.536038995,1,0.187054291,0,-0.595773637,0,-2.601233482,0
63.09382629,-6.050890446,1,-1.434298754,1,-8.940783501,1,-0.624263704,1,-0.03599621,1,0.425007045,1,0.183087677,0,-0.59628123,0,-2.598975182,0
63.0978241,-6.690018654,1,-3.768661022,1,-8.547388077,1,-0.580953002,1,0.014620646,1,0.348241717,1,0.179688573,0,-0.596616745,0,-2.597162962,0
63.10182571,-6.932056427,1,-4.446023941,1,-8.234037399,1,-0.584694207,1,0.075088933,1,0.33665213,1,0.176428258,0,-0.596674144,0,-2.595512867,0
63.10583115,-6.993862629,1,-3.996301174,1,-8.677063942,1,-0.563257456,1,0.117249951,1,0.323377401,1,0.173209965,0,-0.596522808,0,-2.59386158,0
63.10982895,-6.088448524,1,-3.023433208,1,-8.749137878,1,-0.539173841,1,0.177731052,1,0.320825905,1,0.170086041,0,-0.596139312,0,-2.592214346,0
63.11383057,-4.492641926,1,-2.548301458,1,-9.026218414,1,-0.501493335,1,0.137021542,1,0.318712562,1,0.167077616,0,-0.595724702,0,-2.590564251,0
63.11782837,-4.403645039,1,-2.699187517,1,-9.299326897,1,-0.469159961,1,0.107267752,1,0.321960181,1,0.164239898,0,-0.595457375,0,-2.588941574,0
63.12182999,-3.866488695,1,-2.918344975,1,-8.984680176,1,-0.456802785,1,0.077838525,1,0.351064771,1,0.161445096,0,-0.595291913,0,-2.587262392,0
63.1258316,-3.803452492,1,-3.618013382,1,-8.900457382,1,-0.463228345,1,0.046854332,1,0.370109141,1,0.158610776,0,-0.595277071,0,-2.585487843,0
63.12982941,-4.045707226,1,-3.746834755,1,-8.880189896,1,-0.470431477,1,0.012949277,1,0.3799918,1,0.155728757,0,-0.595400333,0,-2.583673,0
63.13382721,-4.181397438,1,-3.052125692,1,-8.958611488,1,-0.462588012,1,-0.012640649,1,0.375441253,1,0.152837649,0,-0.595620811,0,-2.581851959,0
63.13782883,-4.186855793,1,-1.893093109,1,-9.020012856,1,-0.42650941,1,-0.054622628,1,0.356987864,1,0.150083229,0,-0.595978022,0,-2.580126762,0
63.14182663,-4.319010735,1,-0.921860933,1,-8.952159882,1,-0.376853585,1,-0.086509347,1,0.341630518,1,0.14755325,0,-0.596461594,0,-2.578491211,0
63.14582825,-4.338409901,1,-0.553245068,1,-8.915198326,1,-0.30471009,1,-0.107564449,1,0.311108142,1,0.145353511,0,-0.597038746,0,-2.576992989,0
63.14982605,-4.678449154,1,-0.585589349,1,-9.109510422,1,-0.235875338,1,-0.125026301,1,0.278226703,1,0.143525496,0,-0.597678781,0,-2.575671673,0
63.15382385,-4.204556942,1,-0.792827606,1,-9.2082901,1,-0.173912436,1,-0.141739711,1,0.260208249,1,0.142049953,0,-0.598359525,0,-2.574482441,0
63.15782547,-3.562258244,1,-1.520178676,1,-9.254220963,1,-0.118336752,1,-0.191667378,1,0.247290224,1,0.140846863,0,-0.599169195,0,-2.573386669,0
63.16182709,-3.676074505,1,-2.009320498,1,-9.364139557,1,-0.099214986,1,-0.243606418,1,0.239592195,1,0.139833391,0,-0.600163937,0,-2.572368145,0
63.16582489,-4.095384598,1,-2.198173523,1,-9.170743942,1,-0.072415799,1,-0.297154337,1,0.237499207,1,0.138951376,0,-0.601362824,0,-2.571402311,0
63.16982269,-4.8511343,1,-2.041844606,1,-8.972299576,1,-0.045465048,1,-0.317829579,1,0.228839293,1,0.138190016,0,-0.602712333,0,-2.570482016,0
63.17382431,-4.727598667,1,-2.078004837,1,-8.925690651,1,-0.022787526,1,-0.337039202,1,0.220463499,1,0.137576982,0,-0.604133964,0,-2.569633961,0
63.17782211,-4.399398327,1,-2.085305452,1,-9.107739449,1,-0.011968276,1,-0.35150069,1,0.202520072,1,0.13706477,0,-0.605611145,0,-2.568842888,0
63.18182373,-4.256470203,1,-1.915470839,1,-9.084903717,1,0.003648554,1,-0.369340628,1,0.189759508,1,0.136668354,0,-0.607152164,0,-2.568150282,0
63.18582535,-4.600295067,1,-1.522942901,1,-8.947471619,1,0.024180394,1,-0.388718456,1,0.157044113,1,0.136391848,0,-0.608758867,0,-2.567563295,0
63.18982315,-5.210855961,1,-1.23849678,1,-8.754366875,1,0.053419407,1,-0.389544457,1,0.128289968,1,0.136310235,0,-0.610389531,0,-2.567127943,0
63.19382095,-5.25557375,1,-1.247997284,1,-8.612734795,1,0.082435012,1,-0.378175884,1,0.10135404,1,0.057622708,0,-0.748668194,0,-2.611520052,0
63.19782257,-4.820516109,1,-1.617131352,1,-8.671076775,1,0.105087876,1,-0.363657683,1,0.0802515,1,0.057735197,0,-0.750169516,0,-2.611134052,0
63.20182037,-4.601219177,1,-1.726988912,1,-8.662981987,1,0.125454485,1,-0.365288883,1,0.054963086,1,0.058028162,0,-0.751643956,0,-2.610898495,0
63.20582199,-4.610580921,1,-1.708814859,1,-8.580495834,1,0.136613369,1,-0.365147501,1,0.040033091,1,0.058454305,0,-0.753103733,0,-2.61075592,0
63.20982361,-4.912482738,1,-1.487611532,1,-8.482658386,1,0.164216325,1,-0.356282592,1,0.02567154,1,0.05900852,0,-0.754550338,0,-2.610691547,0
63.21382141,-5.062832832,1,-1.465592265,1,-8.427274704,1,0.191805527,1,-0.342253,1,0.006601228,1,0.059735969,0,-0.755945206,0,-2.610719681,0
63.21781921,-4.866655827,1,-1.67132318,1,-8.409755707,1,0.208155066,1,-0.330156595,1,-0.003187637,1,0.060603529,0,-0.757290602,0,-2.610823631,0
63.22182083,-4.776540279,1,-2.082592726,1,-8.324391365,1,0.222923577,1,-0.327917993,1,-0.010192484,1,0.06158343,0,-0.758598447,0,-2.610977411,0
63.22582626,-4.710187435,1,-2.527288675,1,-8.224448204,1,0.226923332,1,-0.318772227,1,-0.00807092,1,0.062600464,0,-0.759886146,0,-2.611146212,0
63.22982407,-4.766859531,1,-2.953955412,1,-8.133563995,1,0.211619124,1,-0.308599234,1,0.000798415,1,0.063558467,0,-0.76114583,0,-2.611270666,0
63.23382568,-4.785072327,1,-3.341384172,1,-7.963028431,1,0.196164072,1,-0.29946658,1,0.027224848,1,0.064399362,0,-0.76236552,0,-2.611305952,0
63.23782349,-4.709270477,1,-3.78751111,1,-7.809420586,1,0.156043053,1,-0.29243502,1,0.059157364,1,0.065013446,0,-0.763561428,0,-2.611183643,0
63.2418251,-4.870326042,1,-4.171321392,1,-7.657765388,1,0.118778296,1,-0.280885488,1,0.085655153,1,0.065357022,0,-0.764733791,0,-2.61087513,0
63.24582672,-4.620695114,1,-4.606448174,1,-7.608549118,1,0.072482012,1,-0.274476081,1,0.12971431,1,0.065400131,0,-0.765869498,0,-2.610380411,0
63.24982452,-4.793478966,1,-4.659561157,1,-7.568978786,1,0.024271548,1,-0.262457639,1,0.15120779,1,0.065114908,0,-0.766980052,0,-2.609684467,0
63.25382233,-4.862124443,1,-4.780902863,1,-7.436540127,1,0.009406067,1,-0.265826851,1,0.142102733,1,0.064646706,0,-0.768064618,0,-2.608941317,0
63.25782394,-4.955441952,1,-3.6758039,1,-7.502483368,1,-0.037305187,1,-0.236413211,1,0.19524537,1,0.063972257,0,-0.769106686,0,-2.608065844,0
63.26182175,-5.059242249,1,-3.039774179,1,-7.677787304,1,-0.044879157,1,-0.215250313,1,0.200851828,1,0.063084081,0,-0.770050049,0,-2.607040644,0
63.26582336,-4.834346771,1,-2.536321402,1,-7.883048058,1,-0.049867637,1,-0.20216544,1,0.201063544,1,0.062170278,0,-0.770933628,0,-2.606004477,0
63.26982498,-4.718551159,1,-2.015834332,1,-8.100410461,1,-0.038678505,1,-0.203974187,1,0.184966549,1,0.061288759,0,-0.771797657,0,-2.605008841,0
63.27382278,-4.640936852,1,-1.658789992,1,-8.310334206,1,-0.022109736,1,-0.198853627,1,0.170736372,1,0.060520951,0,-0.772649527,0,-2.604092836,0
63.27782059,-4.628647804,1,-1.254350305,1,-8.477838516,1,0.008836225,1,-0.217478052,1,0.156406328,1,0.059904084,0,-0.773519516,0,-2.603259802,0
63.28182221,-4.638135433,1,-1.232662797,1,-8.573456764,1,0.041391399,1,-0.221534923,1,0.144141197,1,0.059456982,0,-0.77442652,0,-2.602489948,0
63.28582001,-4.613092422,1,-1.310287476,1,-8.578761101,1,0.06508325,1,-0.233676523,1,0.125219166,1,0.059187058,0,-0.775360703,0,-2.601810932,0
63.28982163,-4.625946999,1,-1.594863772,1,-8.507429123,1,0.09850388,1,-0.24692212,1,0.116437607,1,0.059100769,0,-0.776358485,0,-2.601213455,0
63.29382324,-4.552453041,1,-1.995221615,1,-8.495902061,1,0.110168561,1,-0.25558269,1,0.117458992,1,0.059110697,0,-0.777385533,0,-2.600638866,0
63.29782105,-4.583022118,1,-1.995658159,1,-8.422662735,1,0.117172845,1,-0.270898342,1,0.114067107,1,0.059165746,0,-0.77845943,0,-2.600080729,0
63.30181885,-4.607170105,1,-2.2301476,1,-8.429911613,1,0.128115743,1,-0.277966589,1,0.117913514,1,0.059280679,0,-0.779573798,0,-2.599520922,0
63.30582047,-4.666976929,1,-2.287660837,1,-8.306671143,1,0.141891479,1,-0.28367275,1,0.119407967,1,0.059411101,0,-0.780726314,0,-2.598946571,0
63.30981827,-4.781132698,1,-2.481726646,1,-8.1939888,1,0.148098558,1,-0.28961888,1,0.123711824,1,0.059596926,0,-0.781902492,0,-2.598367929,0
63.31381989,-4.767873287,1,-2.583407164,1,-8.194958687,1,0.161358133,1,-0.293699443,1,0.126834586,1,0.059802767,0,-0.783090174,0,-2.597779751,0
63.31782532,-4.720101833,1,-2.56401515,1,-8.20847702,1,0.158400148,1,-0.29379642,1,0.129085511,1,0.06000166,0,-0.78428936,0,-2.597166061,0
63.32181931,-4.687097073,1,-2.600848436,1,-8.239416122,1,0.158755407,1,-0.297684282,1,0.133382887,1,0.060190916,0,-0.785508513,0,-2.596543312,0
63.32581711,-4.913240433,1,-2.451405048,1,-8.210155487,1,0.15566881,1,-0.302843779,1,0.133688837,1,0.060364917,0,-0.786750913,0,-2.59590292,0
63.32982254,-4.943682194,1,-2.521067142,1,-8.203507423,1,0.151951388,1,-0.313972563,1,0.136986509,1,0.060526721,0,-0.788012624,0,-2.595243216,0
63.33381653,-4.941389084,1,-2.287096739,1,-8.192341805,1,0.152555093,1,-0.320549041,1,0.134101704,1,0.060651962,0,-0.789309144,0,-2.594582081,0
63.33781433,-4.921447754,1,-2.238582611,1,-8.20266819,1,0.169476151,1,-0.323778868,1,0.130369231,1,0.060849115,0,-0.790633202,0,-2.593940496,0
63.34182358,-4.84835577,1,-2.316107512,1,-8.262656212,1,0.163975954,1,-0.334506959,1,0.138676405,1,0.061052367,0,-0.791974485,0,-2.593288898,0
63.3458252,-4.805821896,1,-2.439888477,1,-8.216241837,1,0.155727848,1,-0.340403706,1,0.136362672,1,0.061216909,0,-0.793349266,0,-2.592629433,0
63.349823,-4.860394955,1,-2.571311712,1,-8.141434669,1,0.146460727,1,-0.354855299,1,0.136666253,1,0.061362434,0,-0.794772029,0,-2.591977119,0
63.35382462,-4.888010502,1,-2.571488619,1,-8.085062027,1,0.157634676,1,-0.359614223,1,0.145765349,1,0.061488107,0,-0.796234369,0,-2.59130621,0
63.35782242,-4.909543514,1,-2.792101383,1,-8.120778084,1,0.150797606,1,-0.36238268,1,0.146008596,1,0.061611764,0,-0.797709644,0,-2.590619326,0
63.36182404,-4.861241341,1,-2.806473017,1,-8.186400414,1,0.148009777,1,-0.36840412,1,0.150345504,1,0.061685942,0,-0.799204409,0,-2.589890718,0
63.36582565,-4.879202843,1,-2.666354895,1,-8.230772972,1,0.144300744,1,-0.379074395,1,0.155066475,1,0.061731044,0,-0.800730705,0,-2.589147568,0
63.36982346,-4.759588242,1,-2.58375144,1,-8.208126068,1,0.136396796,1,-0.383763522,1,0.16817756,1,0.061728965,0,-0.802289128,0,-2.588360548,0
63.37382126,-4.887864113,1,-2.515129328,1,-8.245973587,1,0.139451966,1,-0.396829933,1,0.17692025,1,0.061683193,0,-0.803887427,0,-2.587520361,0
63.37782288,-4.862281322,1,-2.568815231,1,-8.183511734,1,0.137919933,1,-0.407742351,1,0.185129374,1,0.061597083,0,-0.805531681,0,-2.586624861,0
63.38182068,-5.008348465,1,-2.638177872,1,-8.23906517,1,0.132430241,1,-0.41902253,1,0.196669623,1,0.061466262,0,-0.807228148,0,-2.585678101,0
63.3858223,-4.887711525,1,-2.592929602,1,-8.156417847,1,0.115456499,1,-0.435074657,1,0.203676343,1,0.061227795,0,-0.808980525,0,-2.584672689,0
63.38982391,-4.851055145,1,-2.448156357,1,-8.294807434,1,0.116295695,1,-0.454693496,1,0.206729159,1,0.060936779,0,-0.8107934,0,-2.583628893,0
63.39382172,-4.807094574,1,-2.394039869,1,-8.417282104,1,0.123119265,1,-0.470853984,1,0.217968717,1,0.060635589,0,-0.812688112,0,-2.582556486,0
63.39781952,-4.829927921,1,-2.433893681,1,-8.416611671,1,0.124467812,1,-0.487088174,1,0.229741722,1,0.060309622,0,-0.814647138,0,-2.581428289,0
63.40182114,-4.874516964,1,-2.576681376,1,-8.370306015,1,0.127441347,1,-0.513136744,1,0.233243257,1,0.059960652,0,-0.816692233,0,-2.580257177,0
63.40581894,-4.942337513,1,-2.488537312,1,-8.418071747,1,0.124330163,1,-0.52816391,1,0.243434548,1,0.059578303,0,-0.818823099,0,-2.579045296,0
63.40982056,-4.904169559,1,-2.627912521,1,-8.46438694,1,0.132566124,1,-0.550109863,1,0.256233454,1,0.059155971,0,-0.821039319,0,-2.577759981,0
63.41382217,-4.838995934,1,-2.707961082,1,-8.511213303,1,0.141451702,1,-0.577101111,1,0.270638615,1,0.058703542,0,-0.823352337,0,-2.576409578,0
63.41781998,-4.820729256,1,-2.873647451,1,-8.553926468,1,0.137014553,1,-0.611044645,1,0.28922531,1,0.058202241,0,-0.825790346,0,-2.574968338,0
63.42181778,-4.917634964,1,-3.066797256,1,-8.567806244,1,0.138079792,1,-0.648939192,1,0.307115078,1,0.057618331,0,-0.828379393,0,-2.573425293,0
63.4258194,-4.825686455,1,-3.089749575,1,-8.5461092,1,0.126707003,1,-0.688342392,1,0.329517841,1,0.056917261,0,-0.831122756,0,-2.571763515,0
63.4298172,-4.916065693,1,-2.846273661,1,-8.579861641,1,0.14092207,1,-0.716902316,1,0.357260346,1,0.056121551,0,-0.834003389,0,-2.569968224,0
63.43381882,-4.929154396,1,-2.73310113,1,-8.504556656,1,0.153014094,1,-0.748880148,1,0.383705884,1,0.055259436,0,-0.837018192,0,-2.568006277,0
63.43782044,-5.022011757,1,-2.826105833,1,-8.446779251,1,0.165114909,1,-0.786318779,1,0.408358961,1,0.054335486,0,-0.840175688,0,-2.565900564,0
63.44181824,-4.982527256,1,-2.845957041,1,-8.35656929,1,0.169461325,1,-0.816215456,1,0.420441717,1,0.118140772,0,-0.782690942,0,-2.736464024,0
63.44581604,-5.109325409,1,-2.645308018,1,-8.398704529,1,0.161731139,1,-0.847652316,1,0.436107606,1,0.116756693,0,-0.787942648,0,-2.721289873,0
63.44981766,-5.116477013,1,-2.444908857,1,-8.43032074,1,0.158457696,1,-0.87896651,1,0.442874044,1,0.116052434,0,-0.79157567,0,-2.719385147,0
63.45381546,-5.213971615,1,-2.614610195,1,-8.554179192,1,0.132995427,1,-0.909270763,1,0.449212521,1,0.115250476,0,-0.795334816,0,-2.717440605,0
63.45781708,-5.085415363,1,-2.507163048,1,-8.499055862,1,0.109561495,1,-0.951809466,1,0.447817653,1,0.114329025,0,-0.799237788,0,-2.715481758,0
63.4618187,-5.081321239,1,-2.298215389,1,-8.610790253,1,0.118536815,1,-0.999708414,1,0.451069444,1,0.113398336,0,-0.803318083,0,-2.713548899,0
63.46582031,-5.121357441,1,-2.454066515,1,-8.632717133,1,0.12446665,1,-1.037082434,1,0.469534963,1,0.112463184,0,-0.807566464,0,-2.711573124,0
63.46982193,-5.092485905,1,-2.826527357,1,-8.712432861,1,0.13158004,1,-1.093713999,1,0.476064444,1,0.111492179,0,-0.812015772,0,-2.709531546,0
63.47382355,-5.06798172,1,-3.07260251,1,-8.768379211,1,0.1215645,1,-1.151476026,1,0.497183442,1,0.110479444,0,-0.816684067,0,-2.707440138,0
63.47782135,-4.958325386,1,-3.186313629,1,-8.91903019,1,0.112703793,1,-1.2186234,1,0.522251904,1,0.109350331,0,-0.821614742,0,-2.705238104,0
63.48181915,-5.130052567,1,-3.561840534,1,-8.935343742,1,0.085385762,1,-1.28701818,1,0.558044851,1,0.10802158,0,-0.826841176,0,-2.702876091,0
63.48582077,-4.827432632,1,-3.487175941,1,-8.938158989,1,0.050213341,1,-1.363869786,1,0.582082391,1,0.106439181,0,-0.83235693,0,-2.70036602,0
63.48981857,-4.944054127,1,-3.254359007,1,-9.08404541,1,0.021983862,1,-1.432012081,1,0.605899036,1,0.104623109,0,-0.83817184,0,-2.69772315,0
63.49382019,-5.156946659,1,-3.095954895,1,-9.262277603,1,-0.00955997,1,-1.498823166,1,0.64117831,1,0.102565914,0,-0.844257712,0,-2.694909334,0
63.49782181,-4.993315697,1,-2.803826809,1,-9.297634125,1,-0.042056166,1,-1.573750973,1,0.653884292,1,0.100255907,0,-0.850635171,0,-2.691969872,0
63.50181961,-5.206489086,1,-2.646025896,1,-9.429576874,1,-0.072605804,1,-1.643464446,1,0.671824872,1,0.097735532,0,-0.857303083,0,-2.688927889,0
63.50581741,-5.506570816,1,-2.731249809,1,-9.742785454,1,-0.098347962,1,-1.710215092,1,0.679536521,1,0.095012978,0,-0.864251375,0,-2.685790062,0
63.50981903,-4.819909573,1,-2.344227314,1,-9.322480202,1,-0.114647225,1,-1.79403317,1,0.695363343,1,0.092136681,0,-0.871479332,0,-2.682587147,0
63.51381683,-5.050287247,1,-2.421105623,1,-9.594862938,1,-0.120681211,1,-1.888212919,1,0.712747574,1,0.089091755,0,-0.879075408,0,-2.679235458,0
63.51781845,-5.071747303,1,-2.46971035,1,-9.398338318,1,-0.120963708,1,-1.978318095,1,0.734663606,1,0.085923389,0,-0.887024581,0,-2.675777435,0
63.52182007,-4.99636364,1,-2.748329401,1,-9.397420883,1,-0.133257851,1,-2.071903944,1,0.768882871,1,0.082563363,0,-0.895347357,0,-2.672099352,0
63.52581787,-5.086786747,1,-2.865579844,1,-9.466122627,1,-0.13563475,1,-2.184383392,1,0.809656203,1,0.078924529,0,-0.904087424,0,-2.668142319,0
63.52981567,-4.992459774,1,-3.004631519,1,-9.580915451,1,-0.145616487,1,-2.289015293,1,0.858353317,1,0.074982822,0,-0.913264096,0,-2.663854599,0
63.53381729,-5.181935787,1,-3.244022131,1,-9.767382622,1,-0.155398339,1,-2.40580368,1,0.925038874,1,0.070627011,0,-0.92289561,0,-2.659135342,0
63.53781509,-4.643891335,1,-3.405694962,1,-9.691106796,1,-0.166139379,1,-2.547184706,1,0.990741074,1,0.065793566,0,-0.933030069,0,-2.653889179,0
63.54181671,-4.457345009,1,-3.477324247,1,-9.992042542,1,-0.149181843,1,-2.70554018,1,1.05668819,1,0.060475063,0,-0.943761826,0,-2.648084641,0
63.54581833,-4.704369545,1,-3.537405729,1,-10.4027853,1,-0.135180488,1,-2.868137598,1,1.145034313,1,0.054683562,0,-0.955150843,0,-2.641650677,0
63.54981613,-4.479334354,1,-3.585841894,1,-10.66175938,1,-0.11286249,1,-3.050343037,1,1.234755278,1,0.048260748,0,-0.967215598,0,-2.634428024,0
63.55381393,-4.182194233,1,-4.023736954,1,-11.11448574,1,-0.085648239,1,-3.26637578,1,1.322204113,1,0.041190315,0,-0.980046153,0,-2.626368999,0
63.55781555,-4.286124706,1,-4.311262131,1,-11.85136604,1,-0.076067604,1,-3.487047672,1,1.394669771,1,0.033424009,0,-0.993754685,0,-2.61744523,0
63.56181335,-0.838296056,1,-2.953897953,1,-9.145619392,1,0.025097094,1,-3.636292934,1,1.460058808,1,0.024893587,0,-1.007976055,0,-2.607763529,0
63.56581497,-5.902352333,1,-2.129339457,1,-16.80215454,1,0.242123827,1,-4.230962276,1,1.544873476,1,0.016400419,0,-1.024402499,0,-2.596857548,0
63.56981659,-6.833128929,1,-5.721893787,1,-12.15747166,1,0.192098185,1,-4.328125954,1,1.800769687,1,0.006448842,0,-1.041383982,0,-2.584182739,0
63.57381439,-2.624901295,1,-10.91397953,1,-13.03258896,1,0.003471152,1,-4.721046448,1,1.840304732,1,-0.006045378,0,-1.059458613,0,-2.569404364,0
63.5778122,-2.027942181,1,-6.710483551,1,-13.97332954,1,0.023471233,1,-5.133358002,1,1.984850526,1,-0.020278994,0,-1.079100966,0,-2.553133726,0
63.58181381,-4.131952286,1,-6.271579742,1,-14.17908478,1,0.023133054,1,-5.448442936,1,2.309017658,1,-0.037802439,0,-1.100019693,0,-2.533241034,0
63.58581924,-5.420398712,1,-8.276537895,1,-14.08564949,1,0.020149872,1,-5.734506607,1,2.439626694,1,-0.059136618,0,-1.121891975,0,-2.509340286,0
63.58981705,-5.238509655,1,-9.511436462,1,-13.56341553,1,-0.040822834,1,-6.095188618,1,2.582969666,1,-0.084160134,0,-1.14478302,0,-2.481738329,0
63.59381867,-5.365659237,1,-9.8381567,1,-13.2368536,1,-0.128926829,1,-6.414261341,1,2.825263977,1,-0.114534073,0,-1.168594837,0,-2.448913097,0
63.59781647,-6.997267723,1,-10.88525486,1,-14.26009274,1,-0.218800411,1,-6.637818813,1,3.031121731,1,-0.15201959,0,-1.192973018,0,-2.409163475,0
63.60181809,-9.044719696,1,-9.936970711,1,-14.58120728,1,-0.266016632,1,-6.785167694,1,3.253696203,1,-0.197455183,0,-1.217219472,0,-2.361558676,0
63.60581589,-11.76170063,1,-9.544166565,1,-16.52391434,1,-0.344718635,1,-6.846827984,1,3.374010086,1,-0.25233677,0,-1.240909576,0,-2.30463171,0
63.60981369,-11.3073349,1,-6.903375149,1,-15.01019478,1,-0.333782852,1,-6.966909409,1,3.581947327,1,-0.317285478,0,-1.26345849,0,-2.237573147,0
63.61381531,-13.48609352,1,-8.269940376,1,-15.09543705,1,-0.360472828,1,-7.043857574,1,3.741795301,1,-0.395750552,0,-1.28463614,0,-2.157040834,0
63.61781693,-15.2052536,1,-7.196689129,1,-15.15431023,1,-0.290866703,1,-7.0435462,1,3.871310711,1,-0.48811534,0,-1.303646803,0,-2.062399626,0
63.62181473,-19.81046486,1,-8.723622322,1,-16.52212524,1,-0.224137783,1,-6.866272926,1,3.970455408,1,-0.594073653,0,-1.319503307,0,-1.953837276,0
63.62581253,-19.80844307,1,-8.279584885,1,-15.36156368,1,-0.252072155,1,-6.55783987,1,4.106883526,1,-0.711231232,0,-1.331005335,0,-1.834047079,0
63.62981415,-18.07396889,1,-10.82258987,1,-14.47715282,1,-0.37091434,1,-6.507704258,1,4.260234833,1,-0.837935328,0,-1.337967515,0,-1.704977155,0
63.63381195,-22.02061462,1,-11.73706245,1,-14.55115223,1,-0.664392412,1,-6.392806053,1,4.445072174,1,-0.971933842,0,-1.340270042,0,-1.569405437,0
63.63781357,-20.68847466,1,-11.75304794,1,-12.59209442,1,-1.071647644,1,-6.243304253,1,4.623428345,1,-1.106361032,0,-1.337403655,0,-1.434847236,0
63.64181519,-20.15326881,1,-13.15391445,1,-11.66823006,1,-1.502999425,1,-6.239719391,1,4.801978111,1,-1.237096786,0,-1.329755902,0,-1.30563879,0
63.64581299,-23.80370331,1,-11.40133381,1,-13.36687565,1,-1.925016046,1,-6.003955841,1,4.772622108,1,-1.358369946,0,-1.317821741,0,-1.187688828,0
63.64981079,-22.24914169,1,-9.518554688,1,-11.66414356,1,-2.239239454,1,-5.746468544,1,4.692012787,1,-1.465008378,0,-1.30286932,0,-1.085977077,0
63.65381241,-19.39453125,1,-9.174141884,1,-10.57195187,1,-2.562928677,1,-5.434731483,1,4.720065594,1,-1.55741632,0,-1.285403252,0,-0.999906361,0
63.65781021,-16.24172401,1,-8.601782799,1,-9.99037838,1,-2.898316145,1,-4.916176796,1,4.644409657,1,-1.634984732,0,-1.266109109,0,-0.930269837,0
63.66181564,-7.472822189,1,-5.739439011,1,-9.815767288,1,-3.031439304,1,-4.404905319,1,4.513100147,1,-1.698561788,0,-1.246106744,0,-0.875919223,0
63.66581726,-3.190526247,1,-1.899758458,1,-10.33939075,1,-3.033895969,1,-4.038809776,1,4.511826992,1,-1.750522137,0,-1.225723982,0,-0.833815336,0
63.66981506,-6.11300993,1,1.402378917,1,-12.51361942,1,-2.666094065,1,-3.767189264,1,4.47740984,1,-1.793628931,0,-1.204954863,0,-0.800089359,0
63.67380905,-9.463452339,1,3.947537661,1,-10.78484535,1,-2.015911341,1,-3.640068531,1,4.378781796,1,-1.828663826,0,-1.184253216,0,-0.772590816,0
63.67781448,-25.97759438,1,8.928915977,1,-13.23867321,1,-0.838307023,1,-3.619524717,1,4.072464466,1,-1.857221603,0,-1.163897276,0,-0.747952342,0
63.6818161,-32.06074524,1,7.165138721,1,-20.10665321,1,0.209186718,1,-2.52051568,1,3.44547534,1,-1.875291348,0,-1.14587152,0,-0.729418159,0
63.6858139,-15.52502537,1,2.103378773,1,-18.46340752,1,0.944410861,1,-1.424049973,1,2.939284325,1,-1.880719423,0,-1.131439805,0,-0.720871508,0
63.68981552,-4.877671242,1,-1.649976611,1,-13.71175766,1,1.537423015,1,-0.893789291,1,2.693138838,1,-1.877550244,0,-1.119369388,0,-0.718865871,0
63.69381332,-4.426505566,1,-5.066616058,1,-11.37897015,1,1.966403723,1,-0.623770833,1,2.533679008,1,-1.866843462,0,-1.105616927,0,-0.71116817,0
63.69781113,-8.169366837,1,-7.906297684,1,-11.72554111,1,2.069930553,1,-0.267878234,1,2.315395355,1,-1.856650352,0,-1.095772266,0,-0.713446558,0
63.70181274,-6.39533329,1,-9.358588219,1,-11.40375137,1,1.927176595,1,0.19214654,1,2.06524229,1,-1.844225883,0,-1.087314248,0,-0.718388915,0
63.70581818,-2.821240664,1,-9.800311089,1,-9.403570175,1,1.732057691,1,0.500740528,1,1.870158195,1,-1.83036983,0,-1.080114126,0,-0.725772262,0
63.70981598,-1.33913362,1,-9.779350281,1,-7.936214447,1,1.517823458,1,0.710001707,1,1.683463931,1,-1.816182017,0,-1.073828459,0,-0.734501004,0
63.7138176,-0.040260524,1,-9.413895607,1,-7.22073698,1,1.279901028,1,0.916608512,1,1.478567719,1,-1.802052617,0,-1.068444371,0,-0.744211316,0
63.7178154,1.640462041,1,-8.451657295,1,-6.609775543,1,1.071766853,1,1.085635662,1,1.241318941,1,-1.788115382,0,-1.06402421,0,-0.754787207,0
63.72181702,2.728192568,1,-7.131251335,1,-6.178431511,1,0.935072005,1,1.189095497,1,1.009590745,1,-1.774449706,0,-1.060578227,0,-0.765862525,0
63.72581863,3.230541468,1,-5.9293437,1,-5.92858696,1,0.868427098,1,1.265746832,1,0.765367627,1,-1.761029482,0,-1.058061838,0,-0.777125359,0
63.72981644,3.96930027,1,-5.064054966,1,-5.725612164,1,0.862826705,1,1.318381548,1,0.504975021,1,-1.747725129,0,-1.056509972,0,-0.788446426,0
63.73381424,4.751808167,1,-4.473273277,1,-5.398926258,1,0.888790667,1,1.364530206,1,0.248467207,1,-1.734411716,0,-1.055930018,0,-0.799728155,0
63.73781586,5.262821674,1,-4.102767944,1,-5.165958881,1,0.949460149,1,1.39708972,1,0.01218882,1,-1.720963001,0,-1.056284547,0,-0.810959578,0
63.74181366,5.462028503,1,-3.968528271,1,-5.12883997,1,1.013462543,1,1.429168463,1,-0.228893116,1,-1.707244992,0,-1.057530761,0,-0.822213173,0
63.74581528,5.270347595,1,-4.050353527,1,-5.143222809,1,1.063888907,1,1.481202364,1,-0.454128325,1,-1.693145633,0,-1.059634209,0,-0.833611131,0
63.7498169,5.028547287,1,-4.214864731,1,-5.251740932,1,1.094189167,1,1.533270836,1,-0.661850393,1,-1.678577065,0,-1.062550545,0,-0.845342815,0
63.7538147,4.707069397,1,-4.319439411,1,-5.373730183,1,1.104638338,1,1.606763005,1,-0.86837697,1,-1.663476706,0,-1.066229701,0,-0.857581198,0
63.7578125,4.451039314,1,-4.488739967,1,-5.351250648,1,1.094138026,1,1.693436623,1,-1.041326523,1,-1.647706509,0,-1.070599079,0,-0.870563626,0
63.76181412,4.213758945,1,-4.28489542,1,-5.544645786,1,1.076266646,1,1.777369738,1,-1.205496192,1,-1.631194234,0,-1.075559139,0,-0.884420931,0
63.76581192,3.812633038,1,-3.974209309,1,-5.834136963,1,1.063576102,1,1.880290508,1,-1.354004145,1,-1.613805056,0,-1.081047297,0,-0.899305046,0
63.76981354,3.362888098,1,-3.587370634,1,-6.035135269,1,1.061882138,1,1.993957639,1,-1.486713886,1,-1.595294118,0,-1.087002516,0,-0.915442467,0
63.77381516,2.868068218,1,-3.168132782,1,-6.308245659,1,1.076260686,1,2.117649794,1,-1.614678621,1,-1.57543838,0,-1.093332887,0,-0.933021903,0
63.77781296,2.308040857,1,-2.665364981,1,-6.503313541,1,1.107616544,1,2.243707418,1,-1.732872248,1,-1.554015398,0,-1.099978328,0,-0.95219779,0
63.78181076,1.720400453,1,-2.215772867,1,-6.706499577,1,1.150931597,1,2.3836689,1,-1.839720368,1,-1.53078568,0,-1.106864452,0,-0.973168015,0
63.78581238,1.354188442,1,-1.886038303,1,-6.771820545,1,1.208294034,1,2.532591581,1,-1.945808053,1,-1.505479217,0,-1.113925576,0,-0.996157646,0
63.78981018,1.008200049,1,-1.489314079,1,-6.831638813,1,1.271029353,1,2.687447309,1,-2.03510952,1,-1.477867365,0,-1.121026039,0,-1.021354318,0
63.7938118,0.700765967,1,-1.248430848,1,-6.891571522,1,1.342673182,1,2.842817545,1,-2.105125189,1,-1.447774053,0,-1.128066659,0,-1.048911691,0
63.79781342,0.419258386,1,-1.113353848,1,-6.937235355,1,1.403058529,1,2.995043039,1,-2.168040037,1,-1.415150404,0,-1.134916902,0,-1.078894019,0
63.80181122,0.11350134,1,-0.984595478,1,-7.002792835,1,1.46737504,1,3.132431984,1,-2.220492125,1,-1.379993916,0,-1.141455054,0,-1.111293077,0
63.80580902,-0.188631698,1,-0.776106358,1,-7.042893887,1,1.524946928,1,3.270769835,1,-2.261407375,1,-1.342303991,0,-1.14755547,0,-1.146119237,0
63.80981064,-0.479729593,1,-0.597319126,1,-7.071732044,1,1.579014659,1,3.406504154,1,-2.291840315,1,-1.302110195,0,-1.153101206,0,-1.183344364,0
63.81380844,-0.853271127,1,-0.480679393,1,-7.190838814,1,1.633119464,1,3.531559706,1,-2.318074226,1,-1.259546995,0,-1.157976389,0,-1.222837687,0
63.81781006,-1.14477706,1,-0.411577374,1,-7.213462353,1,1.692268252,1,3.654124737,1,-2.337788105,1,-1.21468389,0,-1.162064433,0,-1.264515638,0
63.82181168,-1.61063695,1,-0.379562348,1,-7.349781513,1,1.739742994,1,3.768518925,1,-2.351833344,1,-1.167782068,0,-1.165268421,0,-1.308109164,0
63.82580948,-1.990724087,1,-0.3046574,1,-7.448257923,1,1.788112044,1,3.87383914,1,-2.355542898,1,-1.119109035,0,-1.167498589,0,-1.353375912,0
63.82981491,-2.392462015,1,-0.312132597,1,-7.56682539,1,1.828581333,1,3.97918582,1,-2.361298323,1,-1.068949342,0,-1.168679714,0,-1.400036335,0
63.83381653,-2.813577652,1,-0.354000062,1,-7.667920113,1,1.869691014,1,4.080038548,1,-2.356970072,1,-1.017635465,0,-1.168719292,0,-1.447761416,0
63.83781433,-3.210543394,1,-0.262239516,1,-7.764933586,1,1.908524156,1,4.178664684,1,-2.348786116,1,-0.965518236,0,-1.167554021,0,-1.496195912,0
63.84181213,-3.554876328,1,-0.081305973,1,-7.887897491,1,1.955202341,1,4.277525425,1,-2.345360756,1,-0.912961423,0,-1.165150642,0,-1.544953465,0
63.84581375,-3.720329762,1,0.070007585,1,-7.892994881,1,2.006644964,1,4.361264229,1,-2.333384752,1,-0.860310078,0,-1.161479712,0,-1.593673706,0
63.84981155,-3.842807293,1,0.254260808,1,-7.90721035,1,2.063959599,1,4.441699028,1,-2.306082487,1,-0.808016002,0,-1.156519651,0,-1.641847014,0
63.85381317,-3.953254223,1,0.457898885,1,-7.985328674,1,2.132316589,1,4.516293526,1,-2.279182911,1,-0.756465197,0,-1.150278211,0,-1.689054608,0
63.85781479,-3.938423634,1,0.660759807,1,-8.070178032,1,2.209059238,1,4.577050686,1,-2.24479413,1,-0.705986023,0,-1.142777681,0,-1.734916329,0
63.86181259,-4.062743664,1,0.876462638,1,-8.143985748,1,2.301038027,1,4.622936726,1,-2.192271233,1,-0.65691787,0,-1.134077668,0,-1.779024124,0
63.86581039,-4.225104332,1,1.087619543,1,-8.202659607,1,2.39956665,1,4.672845364,1,-2.135059834,1,-0.609496117,0,-1.124210596,0,-1.821084261,0
63.86981201,-4.286696911,1,1.200493693,1,-8.352256775,1,2.503274679,1,4.713172913,1,-2.063858509,1,-0.563891172,0,-1.113225579,0,-1.860878944,0
63.87380981,-4.534325123,1,1.240434647,1,-8.421300888,1,2.620988369,1,4.749784946,1,-1.984896421,1,-0.520233035,0,-1.101193309,0,-1.898231387,0
63.87781143,-4.894153118,1,1.243158937,1,-8.580475807,1,2.739911795,1,4.787717342,1,-1.895295024,1,-0.47858718,0,-1.088163733,0,-1.933029532,0
63.88181305,-5.156712532,1,1.078402758,1,-8.706210136,1,2.839577436,1,4.825943947,1,-1.813764095,1,-0.438961655,0,-1.074204803,0,-1.965285659,0
63.88581085,-5.393281937,1,0.933206737,1,-8.902705193,1,2.949533224,1,4.86495924,1,-1.724254131,1,-0.401349694,0,-1.059381008,0,-1.995013714,0
63.88980866,-5.595055103,1,0.777100325,1,-9.121129036,1,3.038393736,1,4.905842304,1,-1.633563399,1,-0.365699112,0,-1.043766379,0,-2.022288799,0
63.89381027,-5.793615818,1,0.594730794,1,-9.360972404,1,3.125800133,1,4.937077045,1,-1.556121588,1,-0.331896722,0,-1.027445674,0,-2.047239304,0
63.89780808,-6.054199696,1,0.452444345,1,-9.630659103,1,3.205844641,1,4.967479229,1,-1.488139749,1,-0.299838513,0,-1.010507584,0,-2.070003271,0
63.90180969,-6.149452686,1,0.363074154,1,-9.819646835,1,3.291150093,1,4.983571529,1,-1.430626154,1,-0.269331217,0,-0.993038535,0,-2.09078455,0
63.9058075,-6.260439873,1,0.198086068,1,-10.07954121,1,3.3734622,1,4.990221977,1,-1.392840028,1,-0.240222916,0,-0.975155175,0,-2.109725952,0
63.9098053,-6.487233162,1,-0.021273857,1,-10.39786434,1,3.442286015,1,4.985786915,1,-1.363837004,1,-0.212349862,0,-0.956952751,0,-2.127043962,0
63.91380692,-6.739114285,1,-0.191946521,1,-10.61284256,1,3.50942874,1,4.978424072,1,-1.353245854,1,-0.185540572,0,-0.93849051,0,-2.1429286,0
63.91780853,-6.923692226,1,-0.23280865,1,-10.97208214,1,3.575655222,1,4.962805271,1,-1.364034057,1,-0.159651875,0,-0.919844449,0,-2.157557011,0
63.92180634,-7.135689259,1,-0.395940691,1,-11.27482986,1,3.632612228,1,4.940543652,1,-1.390384078,1,-0.134494781,0,-0.901061177,0,-2.171163321,0
63.92580414,-7.344424725,1,-0.353488892,1,-11.62004471,1,3.696455002,1,4.913126945,1,-1.449570656,1,-0.109877266,0,-0.882191658,0,-2.183953047,0
63.92980576,-7.668697834,1,-0.262463748,1,-12.05415726,1,3.766444921,1,4.878671646,1,-1.531235933,1,-0.085610047,0,-0.863276601,0,-2.196140766,0
63.93380356,-8.042535782,1,-0.193408817,1,-12.45670509,1,3.830109596,1,4.841986656,1,-1.64205575,1,-0.061516881,0,-0.844350576,0,-2.207934618,0
63.93780518,-8.520089149,1,-0.13273868,1,-12.86919594,1,3.882464409,1,4.800179005,1,-1.78027916,1,-0.037501097,0,-0.825433135,0,-2.219525099,0
63.94180679,-9.16890049,1,-0.224890187,1,-13.28591251,1,3.901517868,1,4.743319988,1,-1.946367383,1,-0.013500559,0,-0.80654633,0,-2.231099129,0
63.9458046,-9.828216553,1,-0.251787513,1,-13.63837814,1,3.910071373,1,4.698286057,1,-2.114603519,1,0.009518537,0,-0.788753152,0,-2.240810633,0
63.94981003,-10.53860855,1,-0.21522893,1,-14.11725903,1,3.887670994,1,4.645402908,1,-2.305296183,1,0.033463642,0,-0.769880652,0,-2.252671242,0
63.95381165,-11.22824955,1,-0.099040665,1,-14.6884079,1,3.848326921,1,4.594329357,1,-2.497169733,1,0.057276603,0,-0.75098592,0,-2.264759302,0
63.95780945,-12.00454235,1,-0.146448016,1,-15.3034935,1,3.780081272,1,4.55029726,1,-2.690849304,1,0.080869026,0,-0.73202312,0,-2.277079582,0
63.96180725,-12.83494854,1,-0.049843356,1,-15.91369438,1,3.690662861,1,4.510187149,1,-2.866368294,1,0.104100026,0,-0.712942839,0,-2.289601326,0
63.96580887,-13.83842087,1,0.272675395,1,-16.54239655,1,3.58097291,1,4.461794853,1,-3.032326937,1,0.12683782,0,-0.69376117,0,-2.302264214,0
63.96980667,-15.02921963,1,0.822252512,1,-17.0971756,1,3.452996731,1,4.41142416,1,-3.172487259,1,0.148944438,0,-0.674483597,0,-2.314982414,0
63.97380829,-16.55121994,1,2.025787592,1,-17.57708549,1,3.329280376,1,4.355108261,1,-3.28885746,1,0.170329064,0,-0.655117393,0,-2.327660084,0
63.97781372,-18.46003342,1,3.631709576,1,-17.95838928,1,3.234544754,1,4.312310696,1,-3.381958961,1,0.190982476,0,-0.635672629,0,-2.340190649,0
63.98181152,-21.09463692,1,5.821844101,1,-17.85931015,1,3.188918352,1,4.294671535,1,-3.442473412,1,0.210995629,0,-0.616085649,0,-2.352464199,0
63.98581314,-24.21287537,1,7.904239655,1,-17.14999008,1,3.217591763,1,4.331800938,1,-3.457425117,1,0.230515301,0,-0.596225381,0,-2.364278793,0
63.98981094,-26.96746254,1,8.663523674,1,-15.92160892,1,3.29292202,1,4.447479725,1,-3.396128178,1,0.249611527,0,-0.575922847,0,-2.375278711,0
63.99381256,-28.63245583,1,9.153813362,1,-14.19966698,1,3.375348568,1,4.577551365,1,-3.263593912,1,0.268207222,0,-0.555078506,0,-2.385084629,0
63.99781036,-29.99094772,1,7.480827332,1,-12.27644634,1,3.389663219,1,4.722787857,1,-3.055627108,1,0.28605485,0,-0.533732355,0,-2.393364906,0
64.00180817,-30.83480644,1,5.070723534,1,-9.985723495,1,3.233327866,1,4.854148388,1,-2.787179708,1,0.302599281,0,-0.511996269,0,-2.399858475,0
64.00580597,-30.47698212,1,3.119508743,1,-7.568142414,1,2.906559229,1,4.87631321,1,-2.462613821,1,0.317131877,0,-0.490219951,0,-2.404498577,0
64.00980377,-29.64921761,1,2.48343873,1,-5.227769375,1,2.506243229,1,4.772423267,1,-2.108659267,1,0.329287887,0,-0.468990415,0,-2.407346249,0
64.0138092,-28.54076195,1,3.576773405,1,-3.04881978,1,2.11496067,1,4.571018696,1,-1.741979599,1,0.339072824,0,-0.448792547,0,-2.408615351,0
64.01780701,-27.44208336,1,6.236724854,1,-1.101177573,1,1.832862973,1,4.252165794,1,-1.400856853,1,0.346924007,0,-0.430041581,0,-2.408571959,0
64.02180481,-26.4819622,1,9.58071804,1,0.845545828,1,1.725148678,1,3.859735966,1,-1.07269001,1,0.353576839,0,-0.413088799,0,-2.407552958,0
64.02581024,-26.06936073,1,13.12572479,1,2.610032082,1,1.810460448,1,3.398853779,1,-0.771379948,1,0.359910935,0,-0.398184896,0,-2.405786037,0
64.02980804,-26.55941391,1,15.90816593,1,3.980549335,1,2.051532269,1,2.91519618,1,-0.491290867,1,0.366718411,0,-0.385473788,0,-2.403480291,0
64.03380585,-27.32472038,1,17.65842247,1,5.039212704,1,2.380049229,1,2.457058907,1,-0.228810862,1,0.374537528,0,-0.374942869,0,-2.400729179,0
64.03780365,-27.85204124,1,18.23995018,1,5.624099731,1,2.712016582,1,1.997416615,1,0.018129418,1,0.383595318,0,-0.366525263,0,-2.397605896,0
64.04180145,-27.77781677,1,18.0168438,1,5.796758652,1,2.978582144,1,1.552810788,1,0.230812863,1,0.393801391,0,-0.360148787,0,-2.394221783,0
64.04580689,-27.49934578,1,16.87076187,1,5.590110302,1,3.099609613,1,1.124195457,1,0.398374289,1,0.404790103,0,-0.355722249,0,-2.390757084,0
64.04980469,-27.26412201,1,14.94306087,1,5.21500206,1,3.019918203,1,0.725391984,1,0.536615551,1,0.415895611,0,-0.353073984,0,-2.387351513,0
64.05380249,-19.10210609,1,-0.431364596,1,-0.320602328,1,2.125460386,1,0.236350924,1,0.738954961,1,0.425614148,0,-0.35225746,0,-2.384051323,0
64.05780029,-22.81742096,1,-15.51100922,1,6.122417927,1,-0.808282912,1,-0.69662118,1,1.299492121,1,0.427075773,0,-0.354578972,0,-2.380583048,0
64.06180573,-36.93136215,1,-11.05599213,1,9.175496101,1,-3.033304453,1,-1.597358584,1,1.947417021,1,0.417695105,0,-0.361671567,0,-2.376245022,0
64.06580353,-28.18828964,1,-1.281490207,1,13.47776127,1,-4.705927849,1,-1.929104924,1,2.372528315,1,0.400030255,0,-0.371599376,0,-2.37077713,0
64.06980896,-8.729799271,1,22.43175507,1,7.743257999,1,-4.191569805,1,-2.27964735,1,3.024950743,1,0.378912687,0,-0.383482248,0,-2.36356616,0
64.07380676,5.163137913,1,20.99009514,1,0.544734001,1,-3.658571005,1,-2.454735994,1,3.54865694,1,0.359963775,0,-0.39705056,0,-2.353912354,0
64.07780457,-11.33731747,1,13.68340111,1,-10.78076553,1,-3.609888315,1,-2.61956358,1,3.58286047,1,0.341026783,0,-0.411621213,0,-2.343023777,0
64.08181,-15.73206806,1,0.85944742,1,-19.40377998,1,-3.165530443,1,-2.176492691,1,3.302604198,1,0.323147774,0,-0.425283104,0,-2.332175016,0
64.0858078,-4.364458561,1,-12.43460083,1,-25.69920349,1,-2.869048834,1,-1.661655307,1,3.053269148,1,0.306612223,0,-0.436511755,0,-2.321662426,0
64.0898056,2.014001369,1,-27.86975479,1,-24.36586571,1,-3.199052334,1,-1.410876513,1,2.792992353,1,0.289968848,0,-0.445777595,0,-2.311247587,0
64.09380341,4.695540428,1,-27.55003929,1,-20.6194458,1,-3.287853956,1,-1.486732006,1,2.820860863,1,0.272625059,0,-0.454345286,0,-2.300931692,0
64.09780884,-1.157150865,1,-24.8662281,1,-16.33518219,1,-3.553747654,1,-1.765659928,1,2.704606295,1,0.25443095,0,-0.463515192,0,-2.29091692,0
64.10180664,-1.333110213,1,-14.21958351,1,-10.96743965,1,-3.555253983,1,-1.938775778,1,2.468866587,1,0.236016855,0,-0.473124206,0,-2.281558037,0
64.10580444,-2.999675035,1,-4.12370491,1,-8.128018379,1,-3.468866825,1,-2.558812857,1,2.126718283,1,0.218275711,0,-0.48391664,0,-2.273799658,0
64.10980988,-6.887074471,1,2.977614641,1,-8.320816994,1,-3.326999187,1,-3.055799246,1,1.878777504,1,0.201782346,0,-0.496601611,0,-2.267631531,0
64.11380768,-13.84815025,1,5.879124641,1,-9.826341629,1,-3.229540586,1,-3.264140606,1,1.744723439,1,0.18606393,0,-0.510501325,0,-2.262280464,0
64.11780548,-22.2880764,1,10.83543587,1,-13.52933502,1,-2.872918129,1,-3.139451027,1,1.516637325,1,0.171509519,0,-0.524335682,0,-2.25750351,0
64.12180328,-30.71212387,1,12.33792782,1,-17.95520973,1,-2.571811676,1,-2.613830566,1,1.153769016,1,0.158606052,0,-0.536744177,0,-2.253575087,0
64.12580109,-30.57077217,1,14.6579628,1,-21.28482246,1,-2.087018967,1,-1.65405643,1,0.806858838,1,0.147685215,0,-0.545744956,0,-2.250612974,0
64.12980652,-25.44748116,1,17.76578712,1,-20.93503571,1,-1.491751432,1,-0.921715319,1,0.64669013,1,0.139221206,0,-0.551207721,0,-2.248155594,0
64.13380432,-17.50896072,1,16.9144001,1,-18.70732117,1,-0.973392665,1,-0.3659935,1,0.590310454,1,0.133028105,0,-0.554032624,0,-2.245674133,0
64.13780212,-7.339048386,1,11.75287056,1,-14.63864994,1,-0.566102922,1,-0.213659689,1,0.618817031,1,0.128594756,0,-0.555378556,0,-2.243041754,0
64.14179993,-1.786351562,1,4.630899429,1,-11.85704517,1,-0.33979097,1,-0.300218999,1,0.667306125,1,0.125334606,0,-0.556676149,0,-2.240189791,0
64.14580536,-0.425355583,1,-1.983653903,1,-10.04510975,1,-0.259024888,1,-0.528085113,1,0.716425717,1,0.122580521,0,-0.558642089,0,-2.237179518,0
64.14980316,-2.44056344,1,-7.397853851,1,-8.668578148,1,-0.286013573,1,-0.625797927,1,0.647296906,1,0.119986653,0,-0.561351955,0,-2.234310865,0
64.15380859,-2.367707253,1,-9.314210892,1,-7.400305748,1,-0.368413597,1,-0.64752847,1,0.537276328,1,0.117378354,0,-0.564128518,0,-2.231879711,0
64.1578064,-3.743737221,1,-8.378643036,1,-6.394367695,1,-0.410388649,1,-0.674795389,1,0.445192397,1,0.114777058,0,-0.566999257,0,-2.22994566,0
64.1618042,-5.793833256,1,-5.653632164,1,-6.412556171,1,-0.482805878,1,-0.595236123,1,0.397717714,1,0.112107225,0,-0.569726169,0,-2.228321552,0
64.165802,-6.437268734,1,-2.690736532,1,-6.657784939,1,-0.531816125,1,-0.493563414,1,0.417339444,1,0.109184101,0,-0.572056651,0,-2.226705074,0
64.16980743,-9.377365112,1,0.036137342,1,-7.340307236,1,-0.560040891,1,-0.242289916,1,0.40462029,1,0.106072292,0,-0.573729873,0,-2.224954605,0
64.17380524,-9.632884979,1,1.323975921,1,-8.691376686,1,-0.478339106,1,-0.014116623,1,0.377607942,1,0.102978572,0,-0.574329674,0,-2.223146677,0
64.17779541,-8.50770092,1,0.44497329,1,-8.103209496,1,-0.363515317,1,0.108150721,1,0.344013125,1,0.100414954,0,-0.574294746,0,-2.221436024,0
64.18180084,-5.948095322,1,-1.552732706,1,-7.832630157,1,-0.323317319,1,0.118375756,1,0.312984973,1,0.098153315,0,-0.573922336,0,-2.219815254,0
64.18579865,-4.9605937,1,-3.923294306,1,-8.330526352,1,-0.294664085,1,0.063972548,1,0.269839525,1,0.096149489,0,-0.573673248,0,-2.21838522,0
64.18980408,-5.092648983,1,-4.902316093,1,-8.947172165,1,-0.295697153,1,0.055353742,1,0.22253184,1,0.09435036,0,-0.573554039,0,-2.217207909,0
64.19380951,-4.301931381,1,-4.383575916,1,-8.985061646,1,-0.304819196,1,0.03262965,1,0.226634771,1,0.09106271,0,-0.574418008,0,-2.213833809,0
64.19780731,-4.449568748,1,-3.138020754,1,-9.183636665,1,-0.31844908,1,-0.011167431,1,0.26208213,1,0.089174099,0,-0.574480474,0,-2.212670565,0
64.20180512,-4.609183788,1,-2.468201876,1,-9.433600426,1,-0.297346145,1,-0.020198904,1,0.280123889,1,0.087258369,0,-0.574638188,0,-2.211397171,0
64.20581055,-4.586200237,1,-2.204091787,1,-9.183065414,1,-0.275316387,1,-0.04035544,1,0.286864132,1,0.085385039,0,-0.574855685,0,-2.210060596,0
64.20980835,-4.716514111,1,-2.406167746,1,-9.063602448,1,-0.251974642,1,-0.064980902,1,0.290316314,1,0.083594657,0,-0.575156689,0,-2.208712578,0
64.21380615,-4.845274448,1,-2.6358881,1,-8.835586548,1,-0.227136806,1,-0.074784964,1,0.267445982,1,0.081930347,0,-0.575524032,0,-2.207408428,0
64.21780396,-4.783028126,1,-2.410001993,1,-8.85241127,1,-0.204649702,1,-0.084034048,1,0.24783133,1,0.080416821,0,-0.575923622,0,-2.206220627,0
64.22180176,-4.720191479,1,-1.753880858,1,-8.786581039,1,-0.16839847,1,-0.093848601,1,0.240638077,1,0.079042077,0,-0.576360106,0,-2.205088377,0
64.22580719,-5.132501125,1,-1.322798848,1,-8.915173531,1,-0.135492429,1,-0.096326783,1,0.23350887,1,0.077839233,0,-0.57681185,0,-2.203999758,0
64.22980499,-5.120653629,1,-1.238224506,1,-8.829204559,1,-0.087513104,1,-0.090352096,1,0.218910709,1,0.07683254,0,-0.577253342,0,-2.202959061,0
64.2338028,-4.812645435,1,-1.606916428,1,-8.93359375,1,-0.043366358,1,-0.102689601,1,0.195848033,1,0.07604529,0,-0.577698827,0,-2.201998711,0
64.2378006,-4.423726082,1,-1.958937049,1,-9.022875786,1,0.00816524,1,-0.119217046,1,0.188793287,1,0.075507998,0,-0.578195274,0,-2.201126814,0
64.24180603,-4.029726028,1,-2.488326073,1,-9.060322762,1,0.025289256,1,-0.156865463,1,0.194966659,1,0.075104527,0,-0.57880801,0,-2.200269222,0
64.24580383,-4.038629055,1,-3.001471996,1,-9.016545296,1,0.034711506,1,-0.18703115,1,0.191208124,1,0.07476671,0,-0.57955277,0,-2.199407816,0
64.24980164,-4.239805698,1,-3.360049009,1,-8.881210327,1,0.030470736,1,-0.221642226,1,0.19171463,1,0.074442804,0,-0.580435276,0,-2.198564053,0
64.25379944,-4.422706127,1,-3.492269516,1,-8.790478706,1,0.025542181,1,-0.245369375,1,0.180832177,1,0.074099816,0,-0.581414878,0,-2.197746515,0
64.25779724,-4.500034332,1,-3.334011555,1,-8.749237061,1,0.013423518,1,-0.265723735,1,0.172455043,1,0.07376834,0,-0.582484603,0,-2.196996927,0
64.26180267,-4.570572376,1,-2.948322773,1,-8.731211662,1,0.003106838,1,-0.284724921,1,0.155932307,1,0.073423646,0,-0.583626032,0,-2.196309328,0
64.26580048,-4.664264679,1,-2.637865305,1,-8.786581993,1,0.010438707,1,-0.295641989,1,0.135740593,1,0.073127978,0,-0.584821403,0,-2.195720434,0
64.26979828,-4.72303772,1,-2.376268387,1,-8.755987167,1,0.02259307,1,-0.310562789,1,0.109814376,1,0.072926052,0,-0.58605963,0,-2.195240736,0
64.27379608,-4.729136944,1,-2.334215641,1,-8.75584507,1,0.0356532,1,-0.323463231,1,0.083862424,1,0.072853707,0,-0.587348104,0,-2.194891691,0
64.27780151,-4.646028996,1,-2.505712032,1,-8.788827896,1,0.057701431,1,-0.338479042,1,0.059834525,1,0.072919011,0,-0.588684201,0,-2.1946702,0
64.28179932,-4.496811867,1,-2.633403301,1,-8.757856369,1,0.070956387,1,-0.349919975,1,0.043696437,1,0.073108681,0,-0.59006834,0,-2.19454813,0
64.28579712,-4.528147697,1,-2.569711447,1,-8.750700951,1,0.085298374,1,-0.365276307,1,0.027688956,1,0.073393479,0,-0.591505766,0,-2.194496393,0
64.28980255,-4.571119785,1,-2.392753601,1,-8.729606628,1,0.111567006,1,-0.382739991,1,0.015168892,1,0.073812582,0,-0.593010843,0,-2.19452858,0
64.29380035,-4.564167023,1,-2.243944883,1,-8.731115341,1,0.133754224,1,-0.393856049,1,0.001682707,1,0.074346222,0,-0.594563842,0,-2.194614887,0
64.29779816,-4.5885005,1,-2.254415989,1,-8.639933586,1,0.156136528,1,-0.410087675,1,0.004194773,1,0.075001627,0,-0.59616667,0,-2.194752455,0
64.30179596,-4.523694515,1,-2.587323189,1,-8.503370285,1,0.176729113,1,-0.414622396,1,0.004569039,1,0.075745836,0,-0.597815633,0,-2.194890976,0
64.30579376,-4.501282215,1,-3.066496849,1,-8.313652992,1,0.181724727,1,-0.423243612,1,0.009403894,1,0.076538071,0,-0.599500716,0,-2.195019245,0
64.30979919,-4.664669991,1,-3.491860628,1,-8.260676384,1,0.175654307,1,-0.427632004,1,0.026892468,1,0.077294663,0,-0.601201296,0,-2.195090294,0
64.31380463,-4.847961903,1,-3.726271152,1,-8.052967072,1,0.161116689,1,-0.419772983,1,0.046348516,1,0.077963404,0,-0.602901876,0,-2.195081234,0
64.31780243,-4.737158775,1,-3.895850182,1,-7.944059372,1,0.131658107,1,-0.411613315,1,0.082985237,1,0.078450084,0,-0.60458076,0,-2.194917679,0
64.32180023,-4.840435505,1,-4.079446793,1,-7.872029781,1,0.103869669,1,-0.395327538,1,0.116583176,1,0.078735948,0,-0.606226802,0,-2.194582939,0
64.32580566,-4.904628754,1,-4.180451393,1,-7.718090057,1,0.059114221,1,-0.369960845,1,0.15748255,1,0.078766197,0,-0.607790232,0,-2.194064379,0
64.32980347,-4.940319061,1,-4.425892353,1,-7.543608189,1,0.010415149,1,-0.347555518,1,0.188610017,1,0.078512326,0,-0.609290838,0,-2.193367004,0
64.33380127,-4.915505886,1,-4.436871529,1,-7.421948433,1,-0.031436082,1,-0.325879276,1,0.209088668,1,0.077983879,0,-0.61069572,0,-2.192533255,0
64.33779907,-4.949633598,1,-4.333291531,1,-7.606430531,1,-0.069900036,1,-0.30210954,1,0.233586758,1,0.077227242,0,-0.612018704,0,-2.191566706,0
64.34179688,-4.943481922,1,-3.617169142,1,-7.705702305,1,-0.101700515,1,-0.286153197,1,0.256100386,1,0.076238751,0,-0.613256097,0,-2.190484047,0
64.34580231,-4.887038708,1,-3.193437338,1,-7.90247488,1,-0.106835693,1,-0.25782311,1,0.261835158,1,0.075151064,0,-0.614416718,0,-2.189323425,0
64.34980011,-4.811415195,1,-2.653258801,1,-7.892243385,1,-0.117013425,1,-0.254060358,1,0.263111681,1,0.074002504,0,-0.615512848,0,-2.188124895,0
64.35379791,-4.820398331,1,-2.183560371,1,-8.0675354,1,-0.09955366,1,-0.245065838,1,0.247561291,1,0.072900288,0,-0.616577744,0,-2.186972857,0
64.35779572,-4.891778469,1,-1.97208178,1,-8.054298401,1,-0.07627438,1,-0.245976776,1,0.234952345,1,0.071914278,0,-0.617623389,0,-2.185882568,0
64.36180115,-4.913859844,1,-1.897625208,1,-8.149806023,1,-0.044437606,1,-0.241274774,1,0.217270777,1,0.071077183,0,-0.618660867,0,-2.18486619,0
64.36579895,-4.818459034,1,-2.036633015,1,-8.191699028,1,-0.020378739,1,-0.250583887,1,0.202030599,1,0.070404276,0,-0.619698226,0,-2.183917046,0
64.36979675,-4.812069416,1,-2.178365231,1,-8.161787033,1,0.007945545,1,-0.251509905,1,0.194674298,1,0.069870867,0,-0.620757341,0,-2.18303299,0
64.37379456,-4.795278549,1,-2.355088949,1,-8.21404171,1,0.028917413,1,-0.260265827,1,0.191736281,1,0.069446422,0,-0.621825874,0,-2.182178974,0
64.37779236,-4.551132679,1,-2.553183317,1,-8.349992752,1,0.04766731,1,-0.26393947,1,0.186764151,1,0.06911613,0,-0.622914553,0,-2.181350708,0
64.38179779,-4.470563412,1,-2.755437851,1,-8.381171227,1,0.037329569,1,-0.280245692,1,0.192284673,1,0.068795756,0,-0.624048948,0,-2.180504084,0
64.38579559,-4.700077057,1,-2.697086096,1,-8.197066307,1,0.055833548,1,-0.288296908,1,0.193202466,1,0.06848301,0,-0.625237823,0,-2.179657459,0
64.3897934,-4.794759274,1,-2.843237638,1,-8.170396805,1,0.070175827,1,-0.287228286,1,0.205881685,1,0.068228297,0,-0.626431108,0,-2.17878294,0
64.3937912,-4.781858444,1,-3.009219646,1,-8.147574425,1,0.060017422,1,-0.290942132,1,0.207724839,1,0.067950912,0,-0.627638996,0,-2.177860498,0
64.39779663,-4.815997124,1,-2.699295998,1,-8.132070541,1,0.060956188,1,-0.297399431,1,0.212294117,1,0.067644536,0,-0.628876686,0,-2.176930666,0
64.40179443,-4.895216465,1,-2.417103767,1,-8.119364738,1,0.08247152,1,-0.299580425,1,0.212866619,1,0.067364961,0,-0.630131066,0,-2.175979614,0
64.40579224,-4.865564823,1,-2.503325462,1,-8.207577705,1,0.088950992,1,-0.297702789,1,0.215210229,1,0.067146435,0,-0.631376505,0,-2.175014734,0
64.40979767,-4.727499962,1,-2.870105505,1,-8.231598854,1,0.061445206,1,-0.317875147,1,0.212344736,1,0.066891737,0,-0.632657707,0,-2.174051762,0
64.41379547,-4.906959534,1,-2.481881857,1,-8.109413147,1,0.063338064,1,-0.329236656,1,0.203131109,1,0.066577367,0,-0.634010136,0,-2.173132658,0
64.41779327,-5.056018829,1,-2.393342257,1,-8.060889244,1,0.083976001,1,-0.324292362,1,0.206790581,1,0.066342123,0,-0.635375798,0,-2.172231674,0
64.42179108,-4.945644855,1,-2.561537266,1,-8.083815575,1,0.090564363,1,-0.329188973,1,0.207997993,1,0.06614498,0,-0.636729956,0,-2.171301603,0
64.42578888,-4.924441814,1,-2.667360544,1,-8.143069267,1,0.09837684,1,-0.339006931,1,0.206845298,1,0.065978751,0,-0.638111591,0,-2.170384407,0
64.42979431,-5.087183475,1,-2.494697332,1,-8.058452606,1,0.093910985,1,-0.348949105,1,0.19857192,1,0.065834217,0,-0.639542937,0,-2.169491053,0
64.43379974,-4.999952793,1,-2.635998011,1,-8.09624958,1,0.107384197,1,-0.353030115,1,0.195064664,1,0.06571757,0,-0.640988946,0,-2.168625593,0
64.43779755,-5.109561443,1,-2.847519398,1,-8.134147644,1,0.099693134,1,-0.361185849,1,0.193114147,1,0.065613978,0,-0.642466724,0,-2.167767286,0
64.44179535,-4.895812511,1,-2.747122288,1,-8.103047371,1,0.089464545,1,-0.377151638,1,0.190231666,1,0.162341759,0,-0.600833058,0,-2.289350986,0
64.44580078,-5.065082073,1,-2.613515139,1,-8.159425735,1,0.095547944,1,-0.389079601,1,0.193759233,1,0.161520645,0,-0.603652596,0,-2.282913923,0
64.44979858,-4.933110237,1,-2.633707762,1,-8.142403603,1,0.104611926,1,-0.392739117,1,0.197424278,1,0.16156584,0,-0.605323553,0,-2.282287598,0
64.45379639,-5.008903503,1,-2.733415127,1,-8.174796104,1,0.1169452,1,-0.407392442,1,0.198647931,1,0.161644265,0,-0.607033134,0,-2.281649351,0
64.45779419,-4.886691093,1,-2.691144943,1,-8.270880699,1,0.119503967,1,-0.425137281,1,0.20314011,1,0.161741704,0,-0.608797431,0,-2.281014442,0
64.46179199,-4.892367363,1,-2.687213182,1,-8.290466309,1,0.122528784,1,-0.439157248,1,0.207416877,1,0.161857039,0,-0.610636771,0,-2.280365944,0
64.4657898,-4.925985336,1,-2.865311623,1,-8.257686615,1,0.128361151,1,-0.456567764,1,0.208241478,1,0.161995545,0,-0.612547338,0,-2.279717445,0
64.46979523,-4.917136669,1,-2.975163937,1,-8.385966301,1,0.116741784,1,-0.479808301,1,0.212154225,1,0.162108168,0,-0.614535093,0,-2.279060364,0
64.47379303,-4.795349121,1,-2.85411334,1,-8.295859337,1,0.114897132,1,-0.508806705,1,0.216038048,1,0.162187055,0,-0.616620779,0,-2.278415203,0
64.47779083,-4.929001808,1,-2.824226618,1,-8.298764229,1,0.126692399,1,-0.528455913,1,0.225184396,1,0.162295327,0,-0.618811011,0,-2.277762175,0
64.48179627,-4.994543552,1,-2.838228226,1,-8.200526237,1,0.126191035,1,-0.543411016,1,0.236162245,1,0.162393928,0,-0.621071935,0,-2.277073622,0
64.48579407,-5.074831486,1,-2.805054665,1,-8.169861794,1,0.131865963,1,-0.565330505,1,0.239082739,1,0.162493691,0,-0.62342,0,-2.276365995,0
64.48979187,-5.13581562,1,-2.749759674,1,-8.143642426,1,0.139518201,1,-0.587048948,1,0.25267905,1,0.1626122,0,-0.625846326,0,-2.275633812,0
64.4937973,-5.116567135,1,-2.631062031,1,-8.168694496,1,0.154946849,1,-0.597886682,1,0.258954465,1,0.162755683,0,-0.628348231,0,-2.274866104,0
64.49779511,-5.17777729,1,-2.610161781,1,-8.142059326,1,0.170734853,1,-0.620079875,1,0.264814526,1,0.162944749,0,-0.630923629,0,-2.274074078,0
64.50179291,-5.358117104,1,-2.737606525,1,-8.09313488,1,0.17944999,1,-0.641774476,1,0.270564169,1,0.163168147,0,-0.633581758,0,-2.273270845,0
64.50579834,-5.201301098,1,-2.752556324,1,-8.111758232,1,0.170851231,1,-0.656864107,1,0.27951476,1,0.163373172,0,-0.636321902,0,-2.272443533,0
64.50978851,-5.229200363,1,-2.474028111,1,-8.209054947,1,0.182677805,1,-0.6885252,1,0.289084762,1,0.163568899,0,-0.639161944,0,-2.271602869,0
64.51379395,-5.193273544,1,-2.433712482,1,-8.477646828,1,0.201531664,1,-0.703554273,1,0.293987662,1,0.163818389,0,-0.642090321,0,-2.270730734,0
64.51779175,-5.116017818,1,-2.918702364,1,-8.389034271,1,0.207812965,1,-0.735768378,1,0.30983147,1,0.164095789,0,-0.645128846,0,-2.269831657,0
64.52178955,-5.154554844,1,-3.047757149,1,-8.261051178,1,0.211026326,1,-0.774070144,1,0.328745991,1,0.164353594,0,-0.648314893,0,-2.268882275,0
64.52579498,-5.141561508,1,-3.27312851,1,-8.163275719,1,0.21914722,1,-0.804761767,1,0.357138306,1,0.164586112,0,-0.651650488,0,-2.267838955,0
64.52979279,-5.155193806,1,-3.502733469,1,-8.121238708,1,0.211802244,1,-0.824117243,1,0.381166458,1,0.164744243,0,-0.655105174,0,-2.266672611,0
64.53379059,-5.078811646,1,-3.536796093,1,-8.203081131,1,0.195664898,1,-0.860651374,1,0.405679464,1,0.164786294,0,-0.658676863,0,-2.265400887,0
64.53778839,-5.098813534,1,-3.474235773,1,-8.125930786,1,0.157198384,1,-0.884140134,1,0.428943187,1,0.164649308,0,-0.662391663,0,-2.264023781,0
64.54179382,-5.467317104,1,-3.344607353,1,-8.332288742,1,0.116285779,1,-0.884431005,1,0.451260239,1,0.164311409,0,-0.666194856,0,-2.262576342,0
64.54579163,-2.985628605,1,-0.877815545,1,-6.96079874,1,0.285408318,1,-0.948696494,1,0.39196685,1,0.164021596,0,-0.669790864,0,-2.26112318,0
64.54979706,-6.35963583,1,-1.179777622,1,-10.16181946,1,0.250272185,1,-0.906829655,1,0.451512903,1,0.164379418,0,-0.673900604,0,-2.259787798,0
64.55379486,-4.74619627,1,-3.867178679,1,-6.850942612,1,0.150500804,1,-1.053459167,1,0.437032521,1,0.164275721,0,-0.678031862,0,-2.258318186,0
64.55779266,-5.665722847,1,-4.619687557,1,-8.476358414,1,0.150140211,1,-1.077919602,1,0.374200255,1,0.164127752,0,-0.682532549,0,-2.257179737,0
64.5617981,-4.130388737,1,-2.81017065,1,-8.3163414,1,0.185154855,1,-1.102063417,1,0.469561785,1,0.164038748,0,-0.687092245,0,-2.255963326,0
64.5657959,-5.410396099,1,-3.576490164,1,-8.384453773,1,0.18670173,1,-1.146045327,1,0.522095025,1,0.163780242,0,-0.691855073,0,-2.25435853,0
64.5697937,-5.360470295,1,-4.884592056,1,-8.302091599,1,0.134377152,1,-1.204859734,1,0.523557663,1,0.16335021,0,-0.696831405,0,-2.252674341,0
64.5737915,-5.09302187,1,-4.081915855,1,-8.464273453,1,0.073430881,1,-1.276739955,1,0.545497835,1,0.162654638,0,-0.702085972,0,-2.250987291,0
64.57779694,-5.263053417,1,-3.521825314,1,-8.614765167,1,0.050523315,1,-1.327012181,1,0.5979653,1,0.161681831,0,-0.707589626,0,-2.249117613,0
64.58179474,-5.591003418,1,-3.539865255,1,-8.770586967,1,0.031824563,1,-1.382462144,1,0.637877464,1,0.160486236,0,-0.713331699,0,-2.247039557,0
64.58579254,-5.358493805,1,-3.481254578,1,-8.559903145,1,0.012100935,1,-1.433339119,1,0.656816125,1,0.159126401,0,-0.719293177,0,-2.244836569,0
64.58979797,-5.30841732,1,-3.560379028,1,-8.750250816,1,-0.00999066,1,-1.484963298,1,0.680708289,1,0.157625452,0,-0.725479364,0,-2.242539883,0
64.59379578,-4.980868816,1,-3.20336175,1,-8.68556118,1,-0.02670316,1,-1.558971524,1,0.714060664,1,0.155921727,0,-0.731930971,0,-2.240115404,0
64.59779358,-5.296508789,1,-3.090043306,1,-8.834881783,1,-0.032892916,1,-1.632467985,1,0.738893628,1,0.154083595,0,-0.738679171,0,-2.23755908,0
64.60179138,-5.539357185,1,-3.183969021,1,-8.758460045,1,-0.04892429,1,-1.697393894,1,0.765548706,1,0.152130425,0,-0.745726466,0,-2.234897375,0
64.60578919,-5.254597664,1,-2.976405382,1,-8.693992615,1,-0.063638285,1,-1.776171684,1,0.788515031,1,0.15000844,0,-0.753059387,0,-2.232126474,0
64.60979462,-5.428823471,1,-2.854768038,1,-8.921187401,1,-0.075175084,1,-1.86336267,1,0.816043854,1,0.147767544,0,-0.760743976,0,-2.229259968,0
64.61379242,-5.337638378,1,-2.734980583,1,-9.066185951,1,-0.081946537,1,-1.952567339,1,0.839694858,1,0.14538233,0,-0.768774748,0,-2.226268291,0
64.61779022,-5.255097389,1,-2.754574776,1,-9.100158691,1,-0.084293567,1,-2.052608967,1,0.876033485,1,0.142869636,0,-0.777188957,0,-2.223141193,0
64.62178803,-5.239810467,1,-2.870973587,1,-9.182501793,1,-0.089264393,1,-2.166740894,1,0.908711374,1,0.140202418,0,-0.786035538,0,-2.219845533,0
64.62579346,-5.428055763,1,-3.404551744,1,-9.420909882,1,-0.089293204,1,-2.270439148,1,0.962487161,1,0.137345657,0,-0.795341372,0,-2.216318369,0
64.62979126,-5.054113865,1,-3.626707077,1,-9.405000687,1,-0.096873231,1,-2.388432741,1,1.022428632,1,0.134221613,0,-0.805103064,0,-2.21249032,0
64.63378906,-4.828595161,1,-3.914082766,1,-9.640143394,1,-0.106072091,1,-2.524250507,1,1.089419961,1,0.130777404,0,-0.81539017,0,-2.208302498,0
64.63778687,-4.615396023,1,-4.212003231,1,-9.896219254,1,-0.10449741,1,-2.670575857,1,1.158191085,1,0.127030224,0,-0.826277256,0,-2.203732967,0
64.6417923,-4.69272089,1,-4.42769146,1,-10.2491045,1,-0.121093199,1,-2.840859413,1,1.235237122,1,0.122874282,0,-0.837811768,0,-2.19872427,0
64.6457901,-5.085101128,1,-5.017324448,1,-10.72854996,1,-0.160344496,1,-3.008976698,1,1.325323701,1,0.118189104,0,-0.850037813,0,-2.193198204,0
64.6497879,-4.74539423,1,-5.155593872,1,-10.97815514,1,-0.182834134,1,-3.208859444,1,1.414663076,1,0.112886347,0,-0.863010526,0,-2.187081814,0
64.65378571,-4.4302845,1,-5.482613564,1,-11.29233551,1,-0.208317265,1,-3.440443277,1,1.520991087,1,0.106917985,0,-0.876859009,0,-2.180290699,0
64.65778351,-4.355731487,1,-6.149992466,1,-11.53970146,1,-0.238933891,1,-3.691252708,1,1.671004534,1,0.100094534,0,-0.891703606,0,-2.172606468,0
64.66178894,-4.180047035,1,-6.592092991,1,-11.82567406,1,-0.260236859,1,-3.955616236,1,1.821754098,1,0.092200547,0,-0.907593131,0,-2.163798094,0
64.66578674,-4.542952538,1,-7.035399914,1,-12.41186428,1,-0.272304028,1,-4.23733139,1,1.978862882,1,0.083136037,0,-0.924586475,0,-2.153720856,0
64.66979218,-4.48819685,1,-7.2383461,1,-12.4245348,1,-0.275474787,1,-4.535854816,1,2.170102596,1,0.072712757,0,-0.942707717,0,-2.142123938,0
64.67378998,-3.913586855,1,-7.57540226,1,-12.91341305,1,-0.272438049,1,-4.853613853,1,2.390252829,1,0.060594756,0,-0.962058485,0,-2.128592968,0
64.67778778,-5.517036438,1,-8.469074249,1,-13.4534502,1,-0.300968498,1,-5.102487087,1,2.593096256,1,0.046392474,0,-0.98248136,0,-2.112796783,0
64.68179321,-4.82879591,1,-9.478108406,1,-12.92970753,1,-0.326891899,1,-5.429189682,1,2.80932641,1,0.029837001,0,-1.003904104,0,-2.094517708,0
64.68579102,-4.407411575,1,-10.38467884,1,-12.74937916,1,-0.398419917,1,-5.754901886,1,3.047886372,1,0.010239202,0,-1.026528716,0,-2.073156834,0
64.68978882,-5.803964138,1,-10.54334259,1,-12.69477749,1,-0.441348493,1,-6.037011623,1,3.303798199,1,-0.013002943,0,-1.050088406,0,-2.04813385,0
64.69378662,-8.329293251,1,-11.81471634,1,-13.3451767,1,-0.532894909,1,-6.228951931,1,3.546420336,1,-0.044152994,0,-1.074789405,0,-2.010697603,0
64.69779205,-9.648008347,1,-11.39765358,1,-14.0204277,1,-0.606168926,1,-6.328389168,1,3.763774872,1,-0.077130906,0,-1.098980784,0,-1.976023197,0
64.70178986,-11.14438915,1,-9.391622543,1,-14.87246609,1,-0.64009285,1,-6.393923283,1,3.899352312,1,-0.115468159,0,-1.122894526,0,-1.936030269,0
64.70578766,-10.81678391,1,-6.428857803,1,-13.74680424,1,-0.568936348,1,-6.557344913,1,4.10771513,1,-0.159318089,0,-1.146292806,0,-1.890273809,0
64.70979309,-13.53748131,1,-6.702834606,1,-14.85379696,1,-0.495916247,1,-6.601072311,1,4.253830433,1,-0.210105166,0,-1.169139624,0,-1.837190509,0
64.71379089,-14.46929169,1,-6.3675704,1,-15.39936829,1,-0.370518565,1,-6.640240192,1,4.326413155,1,-0.267554641,0,-1.19083631,0,-1.776939392,0
64.7177887,-17.96344757,1,-6.859672546,1,-16.01745415,1,-0.197990254,1,-6.572838306,1,4.337542057,1,-0.331616521,0,-1.211024284,0,-1.70946908,0
64.7217865,-18.3026371,1,-8.139387131,1,-15.14274693,1,-0.112938203,1,-6.384983063,1,4.409536839,1,-0.40214622,0,-1.228957891,0,-1.634989023,0
64.7257843,-17.91051483,1,-10.03796959,1,-15.61714458,1,-0.186352447,1,-6.258224487,1,4.520153046,1,-0.480526745,0,-1.244190931,0,-1.552663565,0
64.72978973,-20.20614815,1,-10.77494907,1,-16.43533707,1,-0.247452125,1,-6.002262115,1,4.497923851,1,-0.565404117,0,-1.256474018,0,-1.464153171,0
64.73378754,-19.94109726,1,-11.95769596,1,-14.82568741,1,-0.412659049,1,-5.715091228,1,4.548971176,1,-0.654799819,0,-1.265295982,0,-1.371663809,0
64.73778534,-19.44766617,1,-13.73244286,1,-13.98616219,1,-0.755460024,1,-5.544726849,1,4.752130508,1,-0.749119043,0,-1.27050674,0,-1.275236845,0
64.74178314,-20.04426193,1,-12.27227402,1,-14.81707191,1,-1.150897741,1,-5.303485394,1,4.774411201,1,-0.846661508,0,-1.271971941,0,-1.177173615,0
64.74578857,-19.11718369,1,-11.34189224,1,-13.28004265,1,-1.411910295,1,-5.047932625,1,4.5980196,1,-0.941872895,0,-1.270318627,0,-1.082925558,0
64.74978638,-17.34674644,1,-11.39526081,1,-11.51411438,1,-1.720154405,1,-4.800393105,1,4.608441353,1,-1.03326416,0,-1.265835285,0,-0.993714333,0
64.75378418,-14.99528503,1,-10.53535748,1,-11.18480206,1,-2.075567961,1,-4.482343197,1,4.558790207,1,-1.119548678,0,-1.258482933,0,-0.911133289,0
64.75778961,-9.815879822,1,-7.648342609,1,-10.44297695,1,-2.305813074,1,-4.085695744,1,4.406301975,1,-1.198061824,0,-1.248883963,0,-0.837789953,0
64.76178742,-2.811356068,1,-4.511154652,1,-9.607158661,1,-2.351624966,1,-3.716270208,1,4.212987423,1,-1.267558098,0,-1.237779975,0,-0.774321616,0
64.76578522,0.364090294,1,-0.152949691,1,-10.19170761,1,-2.168735743,1,-3.403996706,1,4.115246296,1,-1.328168631,0,-1.225607276,0,-0.719694018,0
64.76978302,-3.094204187,1,2.180272341,1,-10.67098999,1,-1.670504928,1,-3.240722895,1,4.015726566,1,-1.380817175,0,-1.212548018,0,-0.671895921,0
64.77378082,-8.137526512,1,5.19988966,1,-9.433668137,1,-0.939614236,1,-3.213165283,1,3.897429228,1,-1.426144481,0,-1.199047089,0,-0.628996789,0
64.77777863,-26.24254799,1,6.439385414,1,-13.16998386,1,0.065371715,1,-3.008594275,1,3.345569372,1,-1.464205861,0,-1.186125755,0,-0.590004027,0
64.78178406,-28.10388374,1,4.744009495,1,-17.68971825,1,0.923900902,1,-1.966979146,1,2.644976139,1,-1.489107132,0,-1.175142527,0,-0.560839415,0
64.78578186,-12.97467613,1,1.005126357,1,-15.21661282,1,1.520477653,1,-1.095303416,1,2.179473162,1,-1.49998188,0,-1.166068554,0,-0.543667495,0
64.78978729,-5.168958187,1,-2.466892958,1,-11.07199764,1,1.941241264,1,-0.71213305,1,1.903879046,1,-1.502481699,0,-1.158184767,0,-0.533364117,0
64.7937851,-5.715234756,1,-5.155208588,1,-9.328526497,1,2.1509583,1,-0.46998775,1,1.675044894,1,-1.500705004,0,-1.151196122,0,-0.526291311,0
64.7977829,-8.084671021,1,-7.204524994,1,-9.586228371,1,2.127309799,1,-0.135083631,1,1.393003702,1,-1.495833278,0,-1.145149827,0,-0.522181392,0
64.80178833,-6.25334549,1,-8.083972931,1,-9.278637886,1,1.924448252,1,0.19382818,1,1.130243778,1,-1.488231778,0,-1.140121579,0,-0.52159512,0
64.80578613,-4.11662817,1,-8.283074379,1,-7.912459373,1,1.640430212,1,0.386839747,1,0.936874747,1,-1.479309797,0,-1.135914326,0,-0.523557961,0
64.80978394,-2.93341732,1,-7.897589207,1,-6.99174881,1,1.321203947,1,0.51382041,1,0.766140759,1,-1.470226765,0,-1.132349849,0,-0.527030051,0
64.81378174,-1.429479599,1,-7.184404373,1,-6.228837013,1,1.015280604,1,0.616576433,1,0.586312771,1,-1.461364031,0,-1.129420877,0,-0.531673729,0
64.81778717,-0.259685189,1,-5.880879879,1,-5.715325356,1,0.760179043,1,0.687587142,1,0.416461498,1,-1.452818394,0,-1.127126932,0,-0.537216544,0
64.82178497,0.272139281,1,-4.341374874,1,-5.447528362,1,0.590268791,1,0.712476969,1,0.247046903,1,-1.444636345,0,-1.125472188,0,-0.543309987,0
64.82578278,0.530719697,1,-2.813694239,1,-5.354500771,1,0.492663026,1,0.733009517,1,0.094320349,1,-1.436658263,0,-1.124421597,0,-0.549764037,0
64.82978821,0.977209389,1,-1.470678926,1,-5.168884754,1,0.471771777,1,0.74153775,1,-0.05356051,1,-1.428677797,0,-1.12394309,0,-0.556496084,0
64.83378601,1.553657293,1,-0.539168894,1,-4.756264687,1,0.519165933,1,0.748251438,1,-0.188808739,1,-1.420434713,0,-1.123992682,0,-0.563468456,0
64.83778381,1.825214505,1,0.157443076,1,-4.672007561,1,0.615529478,1,0.754572749,1,-0.307491094,1,-1.411662102,0,-1.124507546,0,-0.570695698,0
64.84178162,1.993903279,1,0.584918201,1,-4.528253555,1,0.737330377,1,0.7693488,1,-0.412334859,1,-1.40217948,0,-1.125441551,0,-0.578213096,0
64.84577942,1.997464657,1,0.80482918,1,-4.531637669,1,0.858018696,1,0.796067953,1,-0.498242527,1,-1.391872883,0,-1.126696587,0,-0.586100578,0
64.84978485,1.827773809,1,0.783812761,1,-4.532709122,1,0.966202796,1,0.828968227,1,-0.555871904,1,-1.380698681,0,-1.128171206,0,-0.59442693,0
64.85379028,1.751347542,1,0.650210917,1,-4.548995018,1,1.058182359,1,0.87619561,1,-0.60309726,1,-1.368620634,0,-1.129797697,0,-0.60329771,0
64.85778809,1.648585081,1,0.466978192,1,-4.594295979,1,1.137859225,1,0.936617076,1,-0.637761056,1,-1.355602145,0,-1.131487012,0,-0.612826228,0
64.86177826,1.608230472,1,0.379659802,1,-4.603578091,1,1.207774639,1,1.012643337,1,-0.655956507,1,-1.341576457,0,-1.133156657,0,-0.623139799,0
64.86578369,1.481379032,1,0.537466466,1,-4.795687199,1,1.272429943,1,1.10507524,1,-0.672142863,1,-1.326493025,0,-1.134742379,0,-0.634321809,0
64.86978149,1.196986198,1,0.641795814,1,-5.002974987,1,1.339588642,1,1.208273411,1,-0.683493674,1,-1.310207367,0,-1.136209726,0,-0.646519244,0
64.87378693,0.820255339,1,0.832569778,1,-5.244073391,1,1.408436775,1,1.327336073,1,-0.690043807,1,-1.292616367,0,-1.137508869,0,-0.659860551,0
64.87778473,0.399248153,1,0.87792033,1,-5.408105373,1,1.480618358,1,1.468389273,1,-0.702118993,1,-1.273531437,0,-1.138593316,0,-0.674520016,0
64.88178253,0.140083134,1,0.892035484,1,-5.666053295,1,1.573304296,1,1.62168026,1,-0.718399942,1,-1.25278151,0,-1.139429927,0,-0.690638065,0
64.88578033,-0.102101579,1,0.902544856,1,-5.89902401,1,1.659436941,1,1.782041311,1,-0.734673977,1,-1.230265617,0,-1.139989018,0,-0.708306789,0
64.88978577,-0.262550503,1,0.940202475,1,-6.115209103,1,1.747597456,1,1.941200852,1,-0.758691609,1,-1.206002951,0,-1.140223503,0,-0.727510929,0
64.89378357,-0.44817996,1,0.847011626,1,-6.315757751,1,1.835690141,1,2.104341269,1,-0.782967567,1,-1.179994941,0,-1.140107632,0,-0.748249292,0
64.89778137,-0.743641198,1,0.718128502,1,-6.487026215,1,1.915938377,1,2.27026701,1,-0.809225142,1,-1.152269483,0,-1.139590144,0,-0.770505726,0
64.9017868,-0.952639818,1,0.541864514,1,-6.640649319,1,1.994516611,1,2.442791224,1,-0.836371541,1,-1.122845054,0,-1.138620496,0,-0.794282556,0
64.90578461,-1.13286829,1,0.380969077,1,-6.789755344,1,2.059876919,1,2.604783058,1,-0.870407462,1,-1.091896772,0,-1.137161851,0,-0.819440544,0
64.90978241,-1.282557368,1,0.225897074,1,-6.900170326,1,2.126469612,1,2.763373613,1,-0.911739886,1,-1.059522033,0,-1.135192394,0,-0.845899403,0
64.91378784,-1.415260673,1,0.085199066,1,-6.991139889,1,2.180243254,1,2.923613548,1,-0.942305803,1,-1.025859714,0,-1.132656455,0,-0.873547673,0
64.91779327,-1.475336909,1,-0.048715655,1,-7.031756401,1,2.229595661,1,3.073889017,1,-0.977084816,1,-0.99110657,0,-1.129515171,0,-0.902207017,0
64.92179108,-1.638496876,1,-0.144943133,1,-7.131763458,1,2.283902168,1,3.214625359,1,-1.013757706,1,-0.955464423,0,-1.125730872,0,-0.931674898,0
64.92579651,-1.861597538,1,-0.195266619,1,-7.241806984,1,2.341097832,1,3.363085747,1,-1.052693248,1,-0.919009507,0,-1.12127161,0,-0.961850166,0
64.92979431,-2.057613611,1,-0.206754625,1,-7.340615273,1,2.393466949,1,3.494791508,1,-1.096158504,1,-0.881917894,0,-1.116119742,0,-0.992558479,0
64.93379211,-2.161474943,1,-0.226460814,1,-7.42489481,1,2.454732656,1,3.627300739,1,-1.135308146,1,-0.844338298,0,-1.110246658,0,-1.023636222,0
64.93778992,-2.29346323,1,-0.122159973,1,-8.195206642,1,2.496228933,1,3.760628939,1,-1.20851481,1,-0.806400597,0,-1.10364747,0,-1.054959774,0
64.94178772,-2.794101,1,0.024437504,1,-7.007325172,1,2.596511364,1,3.911996841,1,-1.274166942,1,-0.767853379,0,-1.096350074,0,-1.086829782,0
64.94579315,-1.603710294,1,0.393902481,1,-7.410834312,1,2.70510149,1,3.942661762,1,-1.29754734,1,-0.732045591,0,-1.087881088,0,-1.114764094,0
64.94979096,-2.562882662,1,-0.090114743,1,-7.571657181,1,2.809915066,1,4.034799576,1,-1.322387695,1,-0.69383657,0,-1.079243302,0,-1.145501256,0
64.95378876,-2.795807362,1,-0.548844397,1,-7.567135334,1,2.871495485,1,4.144118786,1,-1.372658014,1,-0.655821562,0,-1.069830894,0,-1.175796747,0
64.95778656,-2.886711121,1,-0.778178573,1,-7.611114025,1,2.910171509,1,4.243749619,1,-1.430536866,1,-0.618112564,0,-1.059682488,0,-1.205686569,0
64.96179199,-2.860811949,1,-0.84211129,1,-7.602632523,1,2.939332485,1,4.318751812,1,-1.494066,1,-0.580893517,0,-1.048838854,0,-1.235031366,0
64.9657898,-2.785322428,1,-0.906066179,1,-7.622661591,1,2.958595991,1,4.393224716,1,-1.544592023,1,-0.54429996,0,-1.037345052,0,-1.263719201,0
64.9697876,-2.808623075,1,-1.073801517,1,-7.687502861,1,2.962010384,1,4.448320866,1,-1.596982241,1,-0.508556604,0,-1.025200367,0,-1.291572809,0
64.97379303,-2.818245888,1,-1.119911313,1,-7.789727211,1,2.959114552,1,4.498915672,1,-1.647899747,1,-0.473710805,0,-1.012470722,0,-1.318588734,0
64.97779083,-2.76739502,1,-0.988803029,1,-7.833774567,1,2.956514359,1,4.540748596,1,-1.705554128,1,-0.439786434,0,-0.999193668,0,-1.344738245,0
64.98178864,-2.867611408,1,-0.830659747,1,-7.958503246,1,2.975277185,1,4.567790985,1,-1.76370883,1,-0.406761467,0,-0.985431612,0,-1.370010376,0
64.98578644,-2.969120264,1,-0.639602304,1,-8.129167557,1,2.992453337,1,4.588890076,1,-1.826636076,1,-0.374601662,0,-0.971231222,0,-1.394396901,0
64.98978424,-3.027493715,1,-0.615994215,1,-8.272130013,1,3.019471407,1,4.606323242,1,-1.882035494,1,-0.343270689,0,-0.956619084,0,-1.417907715,0
64.99378967,-3.24758625,1,-0.554030418,1,-8.450370789,1,3.054549694,1,4.609284878,1,-1.933164597,1,-0.312755406,0,-0.941633105,0,-1.44050622,0
64.99778748,-3.464431763,1,-0.477567226,1,-8.670928955,1,3.095034838,1,4.612951756,1,-1.986442924,1,-0.283003628,0,-0.926294923,0,-1.462212086,0
65.00178528,-3.769227505,1,-0.494588792,1,-8.895664215,1,3.149760246,1,4.618881226,1,-2.026455402,1,-0.253964871,0,-0.910625696,0,-1.483029485,0
65.00578308,-4.317480087,1,-0.539343596,1,-9.146297455,1,3.201470137,1,4.631801605,1,-2.077959776,1,-0.225589141,0,-0.894602299,0,-1.502999902,0
65.00978851,-4.775272369,1,-0.671345055,1,-9.352648735,1,3.254205704,1,4.658993721,1,-2.117268801,1,-0.197836578,0,-0.878191769,0,-1.522143245,0
65.01378632,-5.207696915,1,-0.844838083,1,-9.610808372,1,3.310590982,1,4.689835548,1,-2.155162096,1,-0.170701206,0,-0.861380994,0,-1.540460825,0
65.01778412,-5.464765072,1,-1.068534613,1,-9.87909317,1,3.367048025,1,4.715703487,1,-2.18297863,1,-0.144151375,0,-0.844175398,0,-1.557972312,0
65.02178955,-5.805674553,1,-1.047259331,1,-10.21821976,1,3.418671131,1,4.742079258,1,-2.215778351,1,-0.118200503,0,-0.826569259,0,-1.574661016,0
65.02578735,-6.053046703,1,-1.054141641,1,-10.52865314,1,3.475131512,1,4.755558968,1,-2.262429237,1,-0.09278015,0,-0.808610082,0,-1.590606689,0
65.02978516,-6.119216919,1,-0.987703025,1,-10.87681675,1,3.537783623,1,4.761788845,1,-2.306536913,1,-0.067825623,0,-0.790364265,0,-1.605856657,0
65.03379059,-6.247302055,1,-0.853369117,1,-11.39857578,1,3.606411457,1,4.749350071,1,-2.373605251,1,-0.043228202,0,-0.771892786,0,-1.620506644,0
65.03779602,-6.582964897,1,-0.847140849,1,-11.86995029,1,3.68801713,1,4.719353676,1,-2.449891806,1,-0.018864157,0,-0.753262937,0,-1.634647489,0
65.04179382,-6.963965893,1,-0.78520757,1,-12.34026814,1,3.76301074,1,4.688961029,1,-2.543194532,1,0.005352508,0,-0.7345137,0,-1.648391604,0
65.04579926,-7.37712431,1,-0.634261012,1,-12.89909172,1,3.826416731,1,4.63598156,1,-2.656267166,1,0.029448248,0,-0.715686917,0,-1.661848068,0
65.04979706,-7.79101944,1,-0.675906181,1,-13.49300766,1,3.872818947,1,4.591322899,1,-2.77341938,1,0.053444974,0,-0.696794868,0,-1.675103903,0
65.05379486,-8.347943306,1,-0.68807596,1,-14.20145512,1,3.921708345,1,4.535420895,1,-2.894901991,1,0.077353962,0,-0.677840173,0,-1.688196898,0
65.05779266,-9.138091087,1,-0.508869946,1,-14.97327423,1,3.949236155,1,4.487168789,1,-3.016383171,1,0.101127267,0,-0.658831537,0,-1.701158047,0
65.06179047,-10.35152912,1,-0.341681421,1,-15.65322971,1,3.95720005,1,4.444663048,1,-3.147008896,1,0.124712065,0,-0.639702857,0,-1.714008451,0
65.0657959,-11.72893333,1,-0.033905607,1,-16.2985096,1,3.953631163,1,4.430092335,1,-3.284346581,1,0.148055598,0,-0.620375872,0,-1.726785302,0
65.0697937,-13.22366142,1,0.219407499,1,-17.13109589,1,3.937195301,1,4.436175823,1,-3.435172796,1,0.171149075,0,-0.600738168,0,-1.739528418,0
65.0737915,-14.76531506,1,0.41330862,1,-17.35726166,1,3.908118963,1,4.468722343,1,-3.592773914,1,0.193935186,0,-0.580668747,0,-1.752288938,0
65.07778931,-16.29401779,1,0.40815416,1,-17.8742485,1,3.851959229,1,4.469161034,1,-3.733076572,1,0.216317385,0,-0.560173631,0,-1.76499033,0
65.08179474,-18.36264038,1,0.425931603,1,-18.36166573,1,3.760552645,1,4.497115612,1,-3.888691425,1,0.238177463,0,-0.539269149,0,-1.777667403,0
65.08579254,-20.37021828,1,1.345582485,1,-18.74967766,1,3.627681255,1,4.527234554,1,-4.055842876,1,0.259350419,0,-0.517870963,0,-1.790349007,0
65.08979034,-22.18372536,1,2.918869257,1,-18.88910103,1,3.494402647,1,4.535952568,1,-4.228263378,1,0.279775202,0,-0.495974153,0,-1.803091168,0
65.09379578,-24.30813408,1,5.243261337,1,-18.69785309,1,3.387892962,1,4.542364597,1,-4.395078182,1,0.299495876,0,-0.473645896,0,-1.815911651,0
65.09779358,-26.66262245,1,7.182680607,1,-17.86761284,1,3.322649002,1,4.559947014,1,-4.534179211,1,0.318635821,0,-0.450879991,0,-1.828744888,0
65.10179138,-28.37357903,1,8.736085892,1,-16.27790833,1,3.294879436,1,4.603840351,1,-4.639352798,1,0.337259829,0,-0.427621365,0,-1.841436028,0
65.10579681,-29.63927078,1,9.425409317,1,-14.21637154,1,3.303295851,1,4.651816368,1,-4.686191082,1,0.355440587,0,-0.403870702,0,-1.853758812,0
65.10978699,-31.06114388,1,8.094171524,1,-11.78776169,1,3.280228853,1,4.691062927,1,-4.640846729,1,0.373097658,0,-0.379759014,0,-1.865443707,0
65.11378479,-31.65826035,1,5.90094471,1,-9.320536613,1,3.103728056,1,4.699273109,1,-4.50192976,1,0.389766067,0,-0.355488658,0,-1.876157284,0
65.11779022,-31.47085953,1,3.884202242,1,-6.739273548,1,2.758011818,1,4.608300686,1,-4.256148815,1,0.40474239,0,-0.331519306,0,-1.885681629,0
65.12178803,-30.59629059,1,2.574621439,1,-4.284567356,1,2.29686451,1,4.421926498,1,-3.892905951,1,0.417426616,0,-0.30841893,0,-1.8938272,0
65.12579346,-29.6339817,1,3.363865852,1,-1.930765271,1,1.824481249,1,4.136838913,1,-3.463722706,1,0.427610815,0,-0.286756843,0,-1.900512815,0
65.12979126,-28.64095497,1,6.408767223,1,0.465945095,1,1.477124453,1,3.77243042,1,-3.005512714,1,0.435634673,0,-0.266957313,0,-1.905839682,0
65.13378906,-28.45406914,1,10.42992687,1,2.6737113,1,1.314528942,1,3.343883753,1,-2.550876379,1,0.442235351,0,-0.2493435,0,-1.909990788,0
65.13778687,-29.136549,1,14.03134346,1,4.684246063,1,1.347911835,1,2.900473356,1,-2.095124245,1,0.448271602,0,-0.234071001,0,-1.913096428,0
65.1417923,-30.06296349,1,17.01961136,1,6.184998989,1,1.559783816,1,2.459996223,1,-1.632071972,1,0.454519302,0,-0.221169412,0,-1.915177822,0
65.1457901,-30.49416924,1,19.40936279,1,7.12460041,1,1.914940476,1,2.009802341,1,-1.162489891,1,0.461672723,0,-0.210690558,0,-1.916262507,0
65.1497879,-30.30254173,1,20.72463608,1,7.578561783,1,2.324621201,1,1.558215976,1,-0.705269694,1,0.470178813,0,-0.202642113,0,-1.916382551,0
65.15379334,-29.62686348,1,20.91884804,1,7.560228348,1,2.696619987,1,1.11480689,1,-0.307627887,1,0.48011443,0,-0.196962059,0,-1.91570425,0
65.15779877,-28.75974846,1,20.01123619,1,7.359620571,1,2.916279793,1,0.680101693,1,0.01217098,1,0.491160572,0,-0.193533689,0,-1.914525747,0
65.16179657,-28.30114555,1,17.70960617,1,6.872672558,1,2.909192801,1,0.264611632,1,0.276194453,1,0.502598584,0,-0.192160368,0,-1.913088441,0
65.165802,-17.16051483,1,-3.351172924,1,0.5875265,1,1.709422946,1,-0.307529271,1,0.6120646,1,0.512309968,0,-0.193001598,0,-1.911551952,0
65.16979981,-25.52983284,1,-14.9926033,1,7.070547104,1,-1.367225885,1,-1.39220047,1,1.295520902,1,0.512592196,0,-0.197662771,0,-1.909870744,0
65.17379761,-36.76481628,1,-11.20140553,1,10.93818855,1,-3.666108131,1,-2.302904129,1,1.903128862,1,0.501853704,0,-0.207486808,0,-1.907844543,0
65.17780304,-11.86357594,1,15.19080067,1,8.697921753,1,-3.370513678,1,-2.348306417,1,2.606468201,1,0.486471772,0,-0.220109493,0,-1.904393673,0
65.18180084,11.30549526,1,15.76200199,1,0.415591419,1,-3.038249493,1,-2.362013578,1,2.884430408,1,0.472535491,0,-0.233394086,0,-1.898712397,0
65.18579865,-2.633508444,1,8.559695244,1,-11.18234634,1,-2.961635351,1,-2.813626289,1,3.097363949,1,0.45904085,0,-0.248090178,0,-1.892460823,0
65.18979645,-17.93831253,1,-4.15673542,1,-20.17303276,1,-2.752944708,1,-2.376784801,1,2.875138998,1,0.445882767,0,-0.263002157,0,-1.886075139,0
65.19379425,-7.029517174,1,-18.75699615,1,-23.26011276,1,-2.413110733,1,-1.459606171,1,2.683990002,1,0.432223409,0,-0.275428444,0,-1.871906042,0
65.19779205,6.112177372,1,-30.91817474,1,-23.24453163,1,-2.575079918,1,-1.011675835,1,2.690209866,1,0.420105755,0,-0.284234226,0,-1.8638556,0
65.20179749,4.166266918,1,-36.4848175,1,-16.38817024,1,-3.245686054,1,-1.076168537,1,2.784037828,1,0.405982316,0,-0.292443663,0,-1.855112314,0
65.20579529,4.88347578,1,-29.00610733,1,-11.40479565,1,-3.534419775,1,-1.160238028,1,2.877700567,1,0.389800727,0,-0.300840735,0,-1.845956683,0
65.20979309,3.634907961,1,-19.15367508,1,-8.38257122,1,-3.832623959,1,-1.503538132,1,2.966715574,1,0.37219727,0,-0.310193241,0,-1.836674929,0
65.21379852,3.297790766,1,-5.584514141,1,-6.113529682,1,-3.850395203,1,-2.014909744,1,2.861363649,1,0.353912413,0,-0.320785165,0,-1.827811599,0
65.21779633,1.15985775,1,0.728346467,1,-5.470336914,1,-3.682425022,1,-2.652009249,1,2.904159307,1,0.336336523,0,-0.333346695,0,-1.819573164,0
65.22179413,-3.502798319,1,2.596539974,1,-7.765414238,1,-3.791670561,1,-3.250492573,1,2.83522296,1,0.318924129,0,-0.348351121,0,-1.812145233,0
65.22579193,-10.19427967,1,2.488642454,1,-10.21824646,1,-3.828966618,1,-3.456197023,1,2.683879137,1,0.301255941,0,-0.364589781,0,-1.8052634,0
65.22978973,-21.57827568,1,7.126391411,1,-14.75288391,1,-3.653715849,1,-3.31959796,1,2.374763727,1,0.283962548,0,-0.380610704,0,-1.799053431,0
65.23379517,-32.82916641,1,13.63654232,1,-17.68344688,1,-3.193644762,1,-2.705415964,1,1.885647535,1,0.268229902,0,-0.394630909,0,-1.793718576,0
65.23779297,-30.46053505,1,14.78518677,1,-18.41118431,1,-2.610559464,1,-1.897885799,1,1.347284436,1,0.254903167,0,-0.405175805,0,-1.789554954,0
65.24179077,-20.27827644,1,17.72816849,1,-17.57446861,1,-1.940616846,1,-1.330911398,1,1.059645772,1,0.244531363,0,-0.41250205,0,-1.786240935,0
65.24578857,-14.25289536,1,17.99905396,1,-18.10850716,1,-1.536256433,1,-1.087394714,1,1.053986073,1,0.236312509,0,-0.418174565,0,-1.783071041,0
65.24979401,-10.5577774,1,13.89865208,1,-16.19506454,1,-1.101833105,1,-0.937510073,1,1.137262344,1,0.229558527,0,-0.423077881,0,-1.779417396,0
65.25379181,-8.013072968,1,8.061347008,1,-15.18089962,1,-0.81862396,1,-0.880756855,1,1.196434021,1,0.224064156,0,-0.427660853,0,-1.775277495,0
65.25778961,-6.354605198,1,0.445403963,1,-13.79917908,1,-0.613853097,1,-0.808018029,1,1.111854553,1,0.219492808,0,-0.431987703,0,-1.771121383,0
65.26179504,-7.996293545,1,-4.770456314,1,-11.15822315,1,-0.496842384,1,-0.721543908,1,0.908069789,1,0.215755373,0,-0.435858369,0,-1.767486691,0
65.26579285,-5.296666145,1,-6.283212662,1,-8.717556,1,-0.41332677,1,-0.687379241,1,0.748426437,1,0.212734222,0,-0.439286351,0,-1.764589787,0
65.26979065,-5.174283028,1,-6.392344952,1,-7.434215546,1,-0.463013709,1,-0.71489948,1,0.645133317,1,0.209991887,0,-0.442624152,0,-1.762228489,0
65.27379608,-6.361776829,1,-5.840438843,1,-7.761352539,1,-0.536726296,1,-0.683272362,1,0.551214695,1,0.2071684,0,-0.445875585,0,-1.760281682,0
65.27780151,-8.349291801,1,-3.018841982,1,-8.377118111,1,-0.52784276,1,-0.562948883,1,0.474396199,1,0.20426254,0,-0.44874534,0,-1.758631945,0
65.28179932,-9.350987434,1,-1.597130537,1,-8.614813805,1,-0.484485924,1,-0.322867274,1,0.431181163,1,0.201586947,0,-0.450868249,0,-1.757074356,0
65.28580475,-8.023483276,1,-0.460745245,1,-8.129564285,1,-0.414666861,1,-0.204568326,1,0.475421131,1,0.199012935,0,-0.452225685,0,-1.755330086,0
65.28980255,-5.911495686,1,-1.766187668,1,-8.003568649,1,-0.3787826,1,-0.182720944,1,0.510377228,1,0.196582794,0,-0.453373402,0,-1.7533319,0
65.29380035,-5.872308731,1,-3.745767355,1,-8.749052048,1,-0.363236398,1,-0.156886518,1,0.483809292,1,0.194192514,0,-0.454435915,0,-1.751288414,0
65.29779816,-5.928423882,1,-4.80498457,1,-8.372173309,1,-0.375124663,1,-0.119857207,1,0.457645595,1,0.191886663,0,-0.455335557,0,-1.749360323,0
65.30179596,-5.459614277,1,-5.088190079,1,-8.083193779,1,-0.398709595,1,-0.106519803,1,0.466595829,1,0.189500555,0,-0.45611456,0,-1.74744308,0
65.30579376,-5.16771698,1,-4.49305439,1,-8.413834572,1,-0.433554024,1,-0.084732912,1,0.47783047,1,0.186939895,0,-0.456839383,0,-1.74546051,0
65.30979919,-4.950400352,1,-4.226510048,1,-8.774062157,1,-0.424265563,1,-0.103630126,1,0.494092852,1,0.184329838,0,-0.457577407,0,-1.743410349,0
65.313797,-5.129951,1,-4.156055927,1,-8.638508797,1,-0.454959333,1,-0.087699741,1,0.524883091,1,0.181617811,0,-0.458320886,0,-1.741235733,0
65.3177948,-4.88702631,1,-4.148901939,1,-8.30076313,1,-0.456027895,1,-0.088494048,1,0.527534544,1,0.178795591,0,-0.459056586,0,-1.738981605,0
65.32180023,-5.580766201,1,-3.617819786,1,-8.414827347,1,-0.451710194,1,-0.098574489,1,0.505719066,1,0.17599313,0,-0.459802896,0,-1.736782312,0
65.32579804,-5.401891232,1,-2.523087263,1,-8.296081543,1,-0.420381069,1,-0.099057496,1,0.482874334,1,0.173312858,0,-0.460536599,0,-1.734683275,0
65.32979584,-5.157804012,1,-1.594847322,1,-8.575451851,1,-0.375059247,1,-0.113550104,1,0.448244393,1,0.17083855,0,-0.461271882,0,-1.732723713,0
65.33379364,-5.131268978,1,-1.420639634,1,-8.706973076,1,-0.337238431,1,-0.108111382,1,0.424556583,1,0.168599546,0,-0.462005943,0,-1.73088491,0
65.33779144,-4.946485043,1,-1.845718265,1,-8.758833885,1,-0.293296069,1,-0.114649527,1,0.401779741,1,0.166558966,0,-0.462722242,0,-1.729140759,0
65.34179688,-4.785770893,1,-2.614382505,1,-8.656112671,1,-0.271309763,1,-0.126129508,1,0.381503314,1,0.16469343,0,-0.463459402,0,-1.72748971,0
65.34579468,-4.766715527,1,-3.16969943,1,-8.643774033,1,-0.258971184,1,-0.147166774,1,0.367443174,1,0.16294229,0,-0.464239538,0,-1.725944757,0
65.34979248,-4.879709244,1,-2.928255081,1,-8.675440788,1,-0.251623064,1,-0.155590802,1,0.346936345,1,0.161263347,0,-0.465077668,0,-1.72447741,0
65.35379028,-4.947793961,1,-2.324230909,1,-8.691823959,1,-0.23218897,1,-0.170981124,1,0.335849464,1,0.159666285,0,-0.465936899,0,-1.723078966,0
65.35779572,-5.297350407,1,-1.887622833,1,-8.660098076,1,-0.204796776,1,-0.184824318,1,0.316684127,1,0.158201039,0,-0.466839641,0,-1.721758962,0
65.36179352,-5.258174419,1,-1.989432931,1,-8.570738792,1,-0.183228448,1,-0.185254976,1,0.295778185,1,0.156863287,0,-0.46775949,0,-1.720530987,0
65.36579132,-5.075328827,1,-2.456063032,1,-8.478541374,1,-0.171298623,1,-0.187868103,1,0.271605074,1,0.155652359,0,-0.468662739,0,-1.719418287,0
65.36978912,-5.003809452,1,-2.824210405,1,-8.449561119,1,-0.167487249,1,-0.194802359,1,0.242402822,1,0.154529482,0,-0.469578296,0,-1.718417048,0
65.37378693,-4.98285532,1,-2.822711706,1,-8.457515717,1,-0.16467315,1,-0.205880716,1,0.222237676,1,0.153471619,0,-0.470506996,0,-1.717525482,0
65.37779236,-5.08858633,1,-2.444561243,1,-8.477462769,1,-0.148337811,1,-0.211537227,1,0.205377206,1,0.15249373,0,-0.471455991,0,-1.716724515,0
65.38179016,-5.068981647,1,-2.325750113,1,-8.487007141,1,-0.133760005,1,-0.217822537,1,0.187174916,1,0.151601031,0,-0.472412765,0,-1.715996265,0
65.38578796,-4.928634167,1,-2.325736284,1,-8.547850609,1,-0.117585845,1,-0.229227602,1,0.163795725,1,0.150808722,0,-0.473398507,0,-1.715364456,0
65.38978577,-4.661835194,1,-2.411463976,1,-8.545402527,1,-0.100915708,1,-0.239197478,1,0.147880569,1,0.150124311,0,-0.474411368,0,-1.714829326,0
65.39379883,-4.672671318,1,-2.239215851,1,-8.7231493,1,-0.077989578,1,-0.261905849,1,0.130186722,1,0.149557531,0,-0.4754861,0,-1.714385033,0
65.39780426,-4.600496769,1,-1.909113526,1,-8.686130524,1,-0.054386418,1,-0.275828451,1,0.111141242,1,0.149121463,0,-0.476623148,0,-1.71402812,0
65.40180206,-4.650143147,1,-1.820381761,1,-8.668830872,1,-0.020231567,1,-0.292520463,1,0.097280324,1,0.148847282,0,-0.477814168,0,-1.713751554,0
65.4058075,-4.630894184,1,-1.934150338,1,-8.662337303,1,0.009965844,1,-0.30467093,1,0.080067225,1,0.14874272,0,-0.479054868,0,-1.713560104,0
65.4098053,-4.532774925,1,-2.36575532,1,-8.525043488,1,0.033663765,1,-0.314110547,1,0.074450538,1,0.148777828,0,-0.480328888,0,-1.713431358,0
65.4138031,-4.51470232,1,-2.721590996,1,-8.476209641,1,0.053588629,1,-0.322894484,1,0.076410159,1,0.148906797,0,-0.48164475,0,-1.713316679,0
65.4178009,-4.524356365,1,-3.00302577,1,-8.344429016,1,0.063828655,1,-0.332223624,1,0.083985679,1,0.149087012,0,-0.482992351,0,-1.713178873,0
65.42179871,-4.635275841,1,-3.075865984,1,-8.215543747,1,0.052627318,1,-0.339906752,1,0.098925926,1,0.14923723,0,-0.48437348,0,-1.712989569,0
65.42580414,-4.823302269,1,-3.283285618,1,-8.09610939,1,0.056782339,1,-0.334544331,1,0.113329947,1,0.149341777,0,-0.485774964,0,-1.712737441,0
65.42980194,-4.77951622,1,-3.480757475,1,-7.940589905,1,0.024529219,1,-0.329433322,1,0.132811666,1,0.14934434,0,-0.487172544,0,-1.712406516,0
65.43379974,-4.988212109,1,-3.659328938,1,-7.725680828,1,0.017548023,1,-0.315088153,1,0.146199584,1,0.149239764,0,-0.48853153,0,-1.711997151,0
65.43779755,-5.047820568,1,-3.609940052,1,-7.663444519,1,-0.000136026,1,-0.291424215,1,0.163542569,1,0.149046823,0,-0.489820242,0,-1.711510301,0
65.44180298,-5.030766487,1,-3.418691874,1,-7.637811661,1,-0.004980883,1,-0.273712009,1,0.171861202,1,0.161509469,0,-0.553046405,0,-1.600007057,0
65.44580078,-4.984176636,1,-2.969381571,1,-7.701541424,1,-0.011786126,1,-0.255851656,1,0.181770876,1,0.160035878,0,-0.55413717,0,-1.601019382,0
65.44979858,-4.943951607,1,-2.620144129,1,-7.76932478,1,-0.004189783,1,-0.242503807,1,0.185511529,1,0.159648612,0,-0.555230081,0,-1.600344896,0
65.45379639,-4.9924016,1,-2.361468792,1,-7.93565321,1,0.003831995,1,-0.23040238,1,0.187093437,1,0.159277827,0,-0.556281447,0,-1.599656582,0
65.45779419,-5.045956135,1,-2.218280792,1,-7.877248764,1,0.016859442,1,-0.22947289,1,0.173396334,1,0.158954531,0,-0.557307541,0,-1.598980784,0
65.46179962,-4.994391918,1,-2.296466827,1,-7.902517319,1,0.027443716,1,-0.223357469,1,0.169332072,1,0.158719838,0,-0.558300734,0,-1.598356843,0
65.46579742,-4.977416515,1,-2.377234697,1,-7.965115547,1,0.04390458,1,-0.21936658,1,0.169133052,1,0.158534691,0,-0.559286714,0,-1.597736716,0
65.46979523,-4.774018764,1,-2.47403717,1,-8.080352783,1,0.051225379,1,-0.220799983,1,0.162540078,1,0.158412412,0,-0.560250878,0,-1.597137332,0
65.47379303,-4.600149632,1,-2.518508911,1,-8.252475739,1,0.040685616,1,-0.240126029,1,0.155106843,1,0.158288643,0,-0.561267734,0,-1.596565366,0
65.47779846,-4.745781898,1,-2.302971125,1,-8.238839149,1,0.064829215,1,-0.254755914,1,0.156129315,1,0.158205673,0,-0.562347651,0,-1.596026182,0
65.48179627,-4.607449532,1,-2.445775747,1,-8.275933266,1,0.073213406,1,-0.262157112,1,0.154531091,1,0.158204138,0,-0.563470364,0,-1.595502853,0
65.48579407,-4.639188766,1,-2.473220825,1,-8.308325768,1,0.089508489,1,-0.274054915,1,0.162642062,1,0.158244908,0,-0.564625084,0,-1.594960928,0
65.4897995,-4.68947506,1,-2.665656805,1,-8.3038311,1,0.103379801,1,-0.282137901,1,0.164030373,1,0.158335507,0,-0.56581974,0,-1.594410777,0
65.4937973,-4.717610836,1,-2.643566608,1,-8.188167572,1,0.114111602,1,-0.287941933,1,0.175271109,1,0.158437312,0,-0.567044914,0,-1.593822718,0
65.49779511,-4.811203003,1,-2.820060253,1,-8.210360527,1,0.120876648,1,-0.291914552,1,0.182496995,1,0.15856947,0,-0.568305135,0,-1.593201876,0
65.50179291,-4.699388504,1,-2.957208872,1,-8.212366104,1,0.100439928,1,-0.306336373,1,0.191320553,1,0.158672288,0,-0.569597304,0,-1.59254384,0
65.50579071,-4.797685623,1,-2.949426889,1,-8.133990288,1,0.100856692,1,-0.311286807,1,0.198738083,1,0.158703879,0,-0.570935845,0,-1.591855288,0
65.50979614,-4.824960232,1,-2.816345692,1,-8.137268066,1,0.094486676,1,-0.315376699,1,0.213699892,1,0.158694774,0,-0.572308123,0,-1.591120005,0
65.51380158,-4.907270432,1,-2.471548319,1,-8.150425911,1,0.106345646,1,-0.326514989,1,0.216899395,1,0.158670336,0,-0.573714018,0,-1.590347409,0
65.51779938,-5.017812729,1,-2.402796507,1,-8.065852165,1,0.108966574,1,-0.327084184,1,0.216971517,1,0.158688352,0,-0.575138867,0,-1.589564323,0
65.52180481,-5.091158867,1,-2.24966526,1,-8.035646439,1,0.10988827,1,-0.331552505,1,0.212306559,1,0.158706561,0,-0.576582909,0,-1.588794827,0
65.52580261,-5.169799805,1,-2.107281685,1,-8.031136513,1,0.117427707,1,-0.335438848,1,0.207559049,1,0.15876466,0,-0.578036606,0,-1.588062406,0
65.52980042,-5.135921478,1,-2.240935326,1,-8.071647644,1,0.119392067,1,-0.335897684,1,0.197959408,1,0.158864588,0,-0.579491973,0,-1.587357998,0
65.53379822,-5.221018314,1,-2.148328543,1,-8.082997322,1,0.116174527,1,-0.347176582,1,0.183027402,1,0.15897736,0,-0.580963135,0,-1.586721897,0
65.53780365,-5.179250717,1,-2.095175505,1,-8.079708099,1,0.127424836,1,-0.351511657,1,0.169329748,1,0.159162059,0,-0.582456887,0,-1.586155534,0
65.54180145,-5.176968575,1,-2.158810139,1,-8.119071007,1,0.148061201,1,-0.358609945,1,0.163297668,1,0.159426868,0,-0.583966672,0,-1.585642934,0
65.54579926,-5.178982735,1,-2.333405018,1,-8.042357445,1,0.150381491,1,-0.363650739,1,0.151203617,1,0.15976575,0,-0.585495532,0,-1.585177779,0
65.54980469,-5.190917015,1,-2.491594315,1,-8.033722878,1,0.156184733,1,-0.373122603,1,0.152086586,1,0.160139352,0,-0.58704263,0,-1.584748626,0
65.55380249,-5.166187286,1,-2.652703285,1,-8.040092468,1,0.157486305,1,-0.374855638,1,0.148884565,1,0.160526291,0,-0.588625431,0,-1.584315181,0
65.55780029,-5.033015728,1,-2.837231636,1,-8.018508911,1,0.15655075,1,-0.390055388,1,0.150699139,1,0.160928488,0,-0.590228915,0,-1.583898306,0
65.5617981,-4.934135437,1,-3.062680483,1,-8.126039505,1,0.15025495,1,-0.396810591,1,0.15384239,1,0.161317632,0,-0.591876626,0,-1.583473086,0
65.5657959,-4.982666492,1,-3.005041838,1,-8.079506874,1,0.122160874,1,-0.415099323,1,0.165294632,1,0.161608323,0,-0.59358561,0,-1.58302784,0
65.56980133,-5.058924198,1,-2.853562593,1,-8.062231064,1,0.129103735,1,-0.422397763,1,0.167683765,1,0.161846012,0,-0.595345736,0,-1.582562327,0
65.57379913,-5.030976772,1,-2.810191393,1,-8.121991158,1,0.126155451,1,-0.436040521,1,0.177531078,1,0.162085399,0,-0.597159624,0,-1.582073569,0
65.57779694,-5.041975498,1,-2.901290655,1,-8.122033119,1,0.130574107,1,-0.444991291,1,0.187217891,1,0.162291974,0,-0.599009216,0,-1.581543922,0
65.58179474,-5.007721901,1,-2.933897972,1,-8.117304802,1,0.124171831,1,-0.461338222,1,0.198496491,1,0.162483647,0,-0.600915432,0,-1.580979109,0
65.58580017,-5.038178444,1,-2.776062012,1,-8.102581024,1,0.124996975,1,-0.475860029,1,0.200921476,1,0.162645325,0,-0.60290122,0,-1.580384731,0
65.58979797,-5.088879108,1,-2.814582586,1,-8.122211456,1,0.133666411,1,-0.499201536,1,0.210428908,1,0.162822708,0,-0.604966521,0,-1.579782963,0
65.59379578,-5.16264534,1,-2.750239849,1,-8.142416954,1,0.137461156,1,-0.519243598,1,0.212801561,1,0.163019821,0,-0.607117057,0,-1.579167366,0
65.59779358,-5.090902328,1,-3.034616947,1,-8.253666878,1,0.131017461,1,-0.54445678,1,0.218647525,1,0.163219869,0,-0.609364212,0,-1.578555226,0
65.60179138,-5.016594887,1,-2.95763588,1,-8.222423553,1,0.114845879,1,-0.564429641,1,0.233324155,1,0.163336664,0,-0.611692548,0,-1.57790935,0
65.60579681,-5.108644009,1,-2.657706499,1,-8.235559464,1,0.122868344,1,-0.589251041,1,0.238826707,1,0.163410351,0,-0.614127517,0,-1.577231407,0
65.60979462,-5.181373119,1,-2.607767582,1,-8.199464798,1,0.143294156,1,-0.600468814,1,0.251770496,1,0.163532227,0,-0.616638064,0,-1.576522589,0
65.61379242,-5.246127129,1,-2.637783289,1,-8.190467834,1,0.15476054,1,-0.631174743,1,0.26021409,1,0.163687676,0,-0.619242787,0,-1.575772524,0
65.61779022,-5.19222784,1,-2.763316631,1,-8.265271187,1,0.156833336,1,-0.658680916,1,0.273726076,1,0.163858876,0,-0.621958494,0,-1.574988723,0
65.62179565,-5.091637611,1,-2.63937974,1,-8.405091286,1,0.161216438,1,-0.696214676,1,0.279720128,1,0.164026707,0,-0.624807596,0,-1.57419157,0
65.62579346,-5.15766573,1,-2.549511671,1,-8.69858551,1,0.180331379,1,-0.732609212,1,0.287706256,1,0.164239392,0,-0.627807796,0,-1.573395491,0
65.62979126,-5.112675667,1,-2.752303839,1,-8.549307823,1,0.188262507,1,-0.7808972,1,0.300509661,1,0.164495662,0,-0.630980432,0,-1.572563171,0
65.63379669,-5.247858047,1,-2.711488962,1,-8.39961338,1,0.199581966,1,-0.820806265,1,0.311347038,1,0.16476956,0,-0.634345889,0,-1.571728706,0
65.63780975,-5.278365135,1,-2.822292566,1,-8.298196793,1,0.213196918,1,-0.86216718,1,0.335156828,1,0.165067509,0,-0.637888491,0,-1.570832014,0
65.64180756,-5.109172344,1,-2.988905907,1,-8.25124836,1,0.232078031,1,-0.891649306,1,0.354525417,1,0.165380985,0,-0.641570747,0,-1.569850445,0
65.64580536,-5.125803947,1,-2.981936455,1,-8.25869751,1,0.227141649,1,-0.928947151,1,0.374482483,1,0.165679187,0,-0.645405173,0,-1.568802238,0
65.64980316,-5.248596668,1,-2.960460901,1,-8.31000042,1,0.216276094,1,-0.965413332,1,0.391052753,1,0.165896192,0,-0.649396777,0,-1.567688346,0
65.65380859,-5.191267967,1,-2.520371675,1,-8.170751572,1,0.220685959,1,-1.006073594,1,0.403035849,1,0.166061476,0,-0.653556168,0,-1.566545725,0
65.6578064,-5.288202763,1,-2.396286011,1,-8.284134865,1,0.252085686,1,-1.047286153,1,0.40384528,1,0.166301772,0,-0.65787679,0,-1.565394998,0
65.6618042,-5.31593895,1,-2.600555897,1,-8.296905518,1,0.268768072,1,-1.092169285,1,0.409386337,1,0.166640073,0,-0.662367225,0,-1.564249277,0
65.665802,-5.325575829,1,-2.866096497,1,-8.334715843,1,0.269366443,1,-1.139977813,1,0.416887611,1,0.167023972,0,-0.667047381,0,-1.563115954,0
65.66980743,-5.245882988,1,-3.079688549,1,-8.350257874,1,0.261093408,1,-1.189626575,1,0.429932833,1,0.167376548,0,-0.671910703,0,-1.561969876,0
65.67380524,-5.15487957,1,-3.308790207,1,-8.408005714,1,0.248226345,1,-1.246269703,1,0.447346568,1,0.167662248,0,-0.677003741,0,-1.560803652,0
65.67780304,-5.261065483,1,-3.307256699,1,-8.414908409,1,0.236827731,1,-1.299049497,1,0.467499226,1,0.167860135,0,-0.682323277,0,-1.559574008,0
65.68180084,-5.424193859,1,-3.492507935,1,-8.596723557,1,0.214039326,1,-1.35097003,1,0.497885644,1,0.167935073,0,-0.687872112,0,-1.558264256,0
65.68579865,-5.102314472,1,-3.537898779,1,-8.557455063,1,0.185091153,1,-1.418617368,1,0.514405608,1,0.167848781,0,-0.693665981,0,-1.556875229,0
65.68980408,-5.346657276,1,-3.230880976,1,-8.790271759,1,0.164887279,1,-1.49309206,1,0.535010397,1,0.167629898,0,-0.699756742,0,-1.555436134,0
65.69380188,-5.452630043,1,-3.228124857,1,-8.771590233,1,0.147707969,1,-1.549464464,1,0.574322701,1,0.166169554,0,-0.705986977,0,-1.555721879,0
65.69779968,-5.39699316,1,-3.20846343,1,-8.889462471,1,0.122912765,1,-1.627304673,1,0.595263362,1,0.165622756,0,-0.712648034,0,-1.554071426,0
65.70179749,-4.91900444,1,-2.988965988,1,-8.734454155,1,0.114156403,1,-1.69970119,1,0.620737851,1,0.164967209,0,-0.719602704,0,-1.552362323,0
65.70580292,-5.127680302,1,-2.866565943,1,-8.940003395,1,0.119351201,1,-1.783428073,1,0.636376679,1,0.164251983,0,-0.726883173,0,-1.550581932,0
65.70980072,-5.249082088,1,-2.845460176,1,-8.913811684,1,0.115301654,1,-1.866749763,1,0.663938224,1,0.163485169,0,-0.734502912,0,-1.548732042,0
65.71379852,-5.445520878,1,-3.234513044,1,-9.00138092,1,0.08522021,1,-1.945346475,1,0.692593157,1,0.162574515,0,-0.742473364,0,-1.546778321,0
65.71779633,-5.214767456,1,-2.950309515,1,-8.823513985,1,0.077672459,1,-2.046681404,1,0.718702614,1,0.161521494,0,-0.750809968,0,-1.54472959,0
65.72179413,-5.260990143,1,-2.800090075,1,-8.884335518,1,0.07733272,1,-2.136894226,1,0.74749285,1,0.160364464,0,-0.759538174,0,-1.542589426,0
65.72579956,-5.275428295,1,-2.685963869,1,-8.969875336,1,0.092233367,1,-2.244600296,1,0.782662511,1,0.159156531,0,-0.768662095,0,-1.540343165,0
65.72979736,-6.062499523,1,-3.735939264,1,-9.920211792,1,0.026734555,1,-2.227659225,1,0.797999382,1,0.157791704,0,-0.778093338,0,-1.537943602,0
65.73379517,-0.963881612,1,0.954212427,1,-7.751801491,1,0.367914647,1,-2.662843227,1,0.810831845,1,0.156684503,0,-0.787772536,0,-1.535523295,0
65.73779297,-9.775806427,1,-0.73600328,1,-9.900271416,1,0.277273715,1,-2.462653399,1,0.912408888,1,0.156189129,0,-0.798527658,0,-1.533064127,0
65.7417984,-5.043462276,1,-7.400503159,1,-7.909879684,1,0.093420513,1,-2.675036192,1,0.937892437,1,0.15478459,0,-0.809265912,0,-1.530004263,0
65.7457962,-3.933593512,1,-5.268003941,1,-9.440826416,1,0.063941032,1,-2.868636131,1,0.861351609,1,0.153071225,0,-0.820770264,0,-1.527368784,0
65.74979401,-3.978136301,1,-1.27614212,1,-9.572546005,1,0.127159238,1,-2.983095646,1,1.035725236,1,0.151332498,0,-0.832913041,0,-1.524459839,0
65.75379944,-5.467092037,1,-3.443758488,1,-9.511508942,1,0.185670093,1,-3.127701044,1,1.096355081,1,0.149271771,0,-0.845637381,0,-1.520832896,0
65.75780487,-5.447265625,1,-4.178595543,1,-9.462762833,1,0.192752674,1,-3.310934305,1,1.102238536,1,0.147248998,0,-0.85901612,0,-1.517131209,0
65.76180267,-5.170526981,1,-3.930327177,1,-10.04236031,1,0.150918275,1,-3.50248003,1,1.176571608,1,0.145010903,0,-0.873170674,0,-1.513257265,0
65.76580811,-5.566525459,1,-4.611442566,1,-10.60887051,1,0.114112809,1,-3.682981968,1,1.252030969,1,0.142230615,0,-0.888078928,0,-1.50895977,0
65.76980591,-4.755752087,1,-4.976432323,1,-10.39098549,1,0.079204723,1,-3.891129732,1,1.356678963,1,0.138804078,0,-0.903790236,0,-1.50409627,0
65.77380371,-5.122187614,1,-5.838169098,1,-10.84628201,1,0.044215757,1,-4.119130611,1,1.45543313,1,0.13466458,0,-0.920433402,0,-1.498542786,0
65.77780151,-5.035829067,1,-6.454060078,1,-11.11606407,1,0.006777322,1,-4.332816124,1,1.596315026,1,0.129676744,0,-0.937991619,0,-1.492171884,0
65.78179932,-4.474004269,1,-6.866539001,1,-11.10379791,1,-0.028699681,1,-4.60263443,1,1.758168936,1,0.123520441,0,-0.956547558,0,-1.484634161,0
65.78580475,-4.218435764,1,-7.266035557,1,-11.45046234,1,-0.048576251,1,-4.885377884,1,1.919104457,1,0.116079323,0,-0.976266742,0,-1.475780487,0
65.78980255,-4.202629566,1,-6.905303955,1,-11.87114811,1,-0.040274516,1,-5.183116436,1,2.089255571,1,0.107284009,0,-0.99715215,0,-1.4654423,0
65.79380035,-4.91307354,1,-7.273296356,1,-12.18757534,1,-0.056548536,1,-5.469139099,1,2.30209136,1,0.09671773,0,-1.019251943,0,-1.453169942,0
65.79779816,-5.655823708,1,-8.143185616,1,-12.1713028,1,-0.090939119,1,-5.708674908,1,2.523126602,1,0.083710261,0,-1.042391539,0,-1.438351393,0
65.80180359,-6.316280842,1,-9.48714447,1,-11.93267632,1,-0.146103904,1,-5.985329151,1,2.730078697,1,0.067917727,0,-1.066513538,0,-1.420719385,0
65.80580139,-7.114668369,1,-9.538466454,1,-11.86919117,1,-0.195621759,1,-6.223876953,1,2.937848806,1,0.048782289,0,-1.091571212,0,-1.399797916,0
65.80979919,-9.029845238,1,-10.4074316,1,-12.72066116,1,-0.27295351,1,-6.359879971,1,3.113867521,1,0.025616378,0,-1.117223024,0,-1.374918818,0
65.813797,-11.6872673,1,-9.777014732,1,-13.14722157,1,-0.260755539,1,-6.427401066,1,3.285695076,1,-0.001865243,0,-1.142935634,0,-1.345677733,0
65.8177948,-12.02979946,1,-9.751441002,1,-12.61309338,1,-0.293419421,1,-6.386617184,1,3.442195415,1,-0.03456245,0,-1.168329716,0,-1.311180234,0
65.82180023,-10.15912819,1,-9.108442307,1,-12.19807434,1,-0.344051331,1,-6.545117378,1,3.664579868,1,-0.0737423,0,-1.193358779,0,-1.270179152,0
65.82579804,-10.92857265,1,-7.206757069,1,-12.12228012,1,-0.318485588,1,-6.624667645,1,3.775637388,1,-0.120659374,0,-1.218145967,0,-1.221503019,0
65.82979584,-13.54607391,1,-7.280501366,1,-14.12369251,1,-0.299122006,1,-6.771317959,1,3.926419258,1,-0.176310867,0,-1.242463112,0,-1.163759708,0
65.83379364,-17.52437782,1,-5.384662151,1,-15.12974262,1,-0.106281057,1,-6.621992588,1,3.900337219,1,-0.240684494,0,-1.265445232,0,-1.09689045,0
65.83779907,-17.89029312,1,-6.826647758,1,-14.68792534,1,-0.041844655,1,-6.456077576,1,4.00374651,1,-0.314644128,0,-1.286281705,0,-1.019884348,0
65.84179688,-15.41184902,1,-8.360249519,1,-12.83272076,1,-0.011882085,1,-6.427497387,1,4.064390182,1,-0.400226772,0,-1.304765701,0,-0.931074858,0
65.84579468,-19.98986053,1,-8.982944489,1,-14.22223949,1,0.028297445,1,-6.347436428,1,4.049780369,1,-0.497919917,0,-1.320797086,0,-0.830013871,0
65.84980011,-21.14066505,1,-10.10849667,1,-12.90406227,1,-0.037559677,1,-6.077249527,1,4.13444376,1,-0.6060673,0,-1.333445311,0,-0.718518496,0
65.85379791,-19.62569427,1,-11.08479023,1,-11.80343723,1,-0.290257007,1,-5.953773022,1,4.352156162,1,-0.725647509,0,-1.341844916,0,-0.596292555,0
65.85779572,-21.48774338,1,-10.75992393,1,-12.26088142,1,-0.517053664,1,-5.820221424,1,4.359771252,1,-0.853199542,0,-1.346075654,0,-0.467059195,0
65.86179352,-23.26046753,1,-10.30744362,1,-11.8474226,1,-0.685644984,1,-5.501027584,1,4.353195667,1,-0.980731785,0,-1.346041083,0,-0.338732213,0
65.86579132,-21.73121262,1,-9.620425224,1,-10.78141117,1,-0.90477401,1,-5.174359322,1,4.385309696,1,-1.102015615,0,-1.341732025,0,-0.217516243,0
65.86978912,-20.96647263,1,-8.049724579,1,-11.51427078,1,-1.069311976,1,-4.819206238,1,4.208157539,1,-1.212536812,0,-1.333945513,0,-0.108047962,0
65.87379456,-16.82203865,1,-6.521286011,1,-9.712562561,1,-1.061979651,1,-4.382866383,1,4.055767059,1,-1.308285117,0,-1.323854446,0,-0.013814818,0
65.87779999,-9.541036606,1,-4.538102627,1,-8.977866173,1,-1.04003191,1,-3.967743874,1,3.942372799,1,-1.389196873,0,-1.311925411,0,0.065397158,0
65.88179779,-1.374710083,1,-3.201610088,1,-9.497282028,1,-0.962326467,1,-3.565120935,1,3.784250021,1,-1.456382275,0,-1.298835993,0,0.13082473,0
65.88579559,0.547910154,1,-0.927219689,1,-8.852788925,1,-0.744214773,1,-3.379317999,1,3.688168526,1,-1.512502193,0,-1.285171032,0,0.185605362,0
65.8897934,-3.358772993,1,0.160035729,1,-10.07567883,1,-0.287051588,1,-3.261238337,1,3.6535151,1,-1.560404778,0,-1.270946383,0,0.233427748,0
65.89379883,-12.00437927,1,1.125805855,1,-9.854210854,1,0.230997905,1,-3.237279177,1,3.511476278,1,-1.601035237,0,-1.256403446,0,0.275919944,0
65.89779663,-31.16617203,1,1.13803339,1,-13.98602676,1,0.860354841,1,-2.85208869,1,3.040307999,1,-1.634297609,0,-1.242670894,0,0.313302666,0
65.90179443,-28.33651161,1,-2.208767653,1,-17.04440689,1,1.211928964,1,-1.845914483,1,2.48519969,1,-1.654700279,0,-1.230929613,0,0.339349389,0
65.90579224,-14.31397438,1,-4.553190231,1,-15.22321796,1,1.451279044,1,-1.040109396,1,2.062818289,1,-1.662900805,0,-1.221430302,0,0.353743881,0
65.90979767,-5.373878956,1,-6.285983562,1,-11.95540905,1,1.603769422,1,-0.61393559,1,1.780714869,1,-1.663518429,0,-1.21349895,0,0.360923558,0
65.91379547,-5.191863537,1,-8.410738945,1,-10.53224754,1,1.678611875,1,-0.397001505,1,1.547016978,1,-1.660663128,0,-1.206702828,0,0.364931822,0
65.91779327,-8.480525017,1,-9.665345192,1,-11.11124802,1,1.554722071,1,-0.084722526,1,1.286381483,1,-1.655456901,0,-1.20095861,0,0.366344482,0
65.92179871,-7.658024311,1,-9.860569954,1,-11.23467255,1,1.320932865,1,0.297274053,1,1.00341022,1,-1.647676349,0,-1.196442366,0,0.364161849,0
65.92579651,-4.857123852,1,-9.306380272,1,-10.32854462,1,1.088653564,1,0.580177784,1,0.783211112,1,-1.637698174,0,-1.193023205,0,0.358609825,0
65.92979431,-2.937446594,1,-8.667104721,1,-9.181629181,1,0.888339221,1,0.763757586,1,0.587307036,1,-1.62655282,0,-1.190461397,0,0.350860596,0
65.93379211,-1.242679834,1,-8.049105644,1,-8.543992996,1,0.698714137,1,0.928143799,1,0.39496097,1,-1.614694357,0,-1.188656211,0,0.341502011,0
65.93778992,0.370073825,1,-7.041217327,1,-8.083275795,1,0.553461909,1,1.063400626,1,0.195086509,1,-1.602161288,0,-1.187631011,0,0.330680609,0
65.94178772,1.630640149,1,-6.005586624,1,-7.546626091,1,0.466613084,1,1.174331307,1,-0.007639414,1,-1.588983178,0,-1.187366009,0,0.318649769,0
65.94579315,2.167693615,1,-4.938965321,1,-7.43631506,1,0.43573451,1,1.258224726,1,-0.199824646,1,-1.570180893,0,-1.18447113,0,0.307602406,0
65.94979096,2.69950223,1,-4.048563957,1,-7.347775936,1,0.452484876,1,1.330794096,1,-0.389902353,1,-1.555642843,0,-1.185609221,0,0.293818057,0
65.95378876,3.231042147,1,-3.288403988,1,-7.149653912,1,0.506942987,1,1.393028975,1,-0.572867334,1,-1.540128946,0,-1.187415361,0,0.279154539,0
65.95779419,3.617532253,1,-2.709767342,1,-7.087587833,1,0.591751516,1,1.434143424,1,-0.745008886,1,-1.523639798,0,-1.189834714,0,0.263743877,0
65.96179199,3.933387041,1,-2.306997299,1,-7.033898354,1,0.680532217,1,1.487031817,1,-0.911792159,1,-1.506043911,0,-1.192822218,0,0.247531235,0
65.9657898,3.946295738,1,-2.13869071,1,-7.039638519,1,0.78146255,1,1.537766099,1,-1.059075236,1,-1.487116694,0,-1.196312666,0,0.230329528,0
65.9697876,3.83029294,1,-2.133674622,1,-7.087316513,1,0.864219904,1,1.59718287,1,-1.18830502,1,-1.466755271,0,-1.200204849,0,0.212017417,0
65.9737854,3.577256441,1,-2.281837225,1,-7.212013245,1,0.91942817,1,1.67131567,1,-1.299939275,1,-1.444862247,0,-1.204406023,0,0.192382693,0
65.97779083,3.253381252,1,-2.475590467,1,-7.259232521,1,0.945151687,1,1.767457724,1,-1.40408814,1,-1.42132628,0,-1.208827972,0,0.171188906,0
65.98178864,2.935232639,1,-2.557667255,1,-7.333753586,1,0.935110092,1,1.87427628,1,-1.486840844,1,-1.395971537,0,-1.213358641,0,0.148123428,0
65.98578644,2.627696514,1,-2.565869808,1,-7.523857594,1,0.915840507,1,1.999120116,1,-1.558383942,1,-1.368679762,0,-1.217890978,0,0.122973032,0
65.98978424,2.281243086,1,-2.396679163,1,-7.746946335,1,0.887068033,1,2.127276182,1,-1.617827892,1,-1.339317441,0,-1.222324848,0,0.095551252,0
65.99378967,1.876433492,1,-2.135305405,1,-7.989868164,1,0.8521685,1,2.273073435,1,-1.669114113,1,-1.307732821,0,-1.226555705,0,0.065669656,0
65.99778748,1.477861166,1,-1.740420103,1,-8.231175423,1,0.83721596,1,2.426321268,1,-1.717833519,1,-1.273761034,0,-1.230464697,0,0.033193942,0
66.00179291,1.009669423,1,-1.384311914,1,-8.54611969,1,0.834763408,1,2.588993311,1,-1.76313591,1,-1.237232208,0,-1.233970046,0,-0.00199729,0
66.00579834,0.627446175,1,-0.933067143,1,-8.800189018,1,0.861228764,1,2.749459505,1,-1.796327829,1,-1.198068619,0,-1.23695612,0,-0.039884601,0
66.00979614,0.236458704,1,-0.641205072,1,-9.038943291,1,0.899185002,1,2.917117357,1,-1.835636377,1,-1.156196237,0,-1.239320517,0,-0.080479734,0
66.01379395,-0.099929132,1,-0.405130386,1,-9.192897797,1,0.947884321,1,3.088861942,1,-1.858505726,1,-1.111723304,0,-1.240937471,0,-0.123604111,0
66.01779175,-0.342787892,1,-0.13625592,1,-9.196434021,1,0.990361094,1,3.253749609,1,-1.871775627,1,-1.064843655,0,-1.241671801,0,-0.169037163,0
66.02178955,-0.613327265,1,0.081533052,1,-9.32559967,1,1.042574048,1,3.403717279,1,-1.882154346,1,-1.016010523,0,-1.241418123,0,-0.216350302,0
66.02579498,-1.102314711,1,0.121300086,1,-9.433039665,1,1.106527328,1,3.549475431,1,-1.899150014,1,-0.965665638,0,-1.240127921,0,-0.265037477,0
66.02979279,-1.498358488,1,0.104697794,1,-9.440870285,1,1.157404661,1,3.707561493,1,-1.906051755,1,-0.91409564,0,-1.237709403,0,-0.31479156,0
66.03379059,-1.791973948,1,0.106243245,1,-9.439305305,1,1.204688191,1,3.852527142,1,-1.907587171,1,-0.861820161,0,-1.234089136,0,-0.365127742,0
66.03778839,-2.119219542,1,0.070136979,1,-9.492174149,1,1.245547295,1,3.995855331,1,-1.910199881,1,-0.809383631,0,-1.229215145,0,-0.415524453,0
66.04179382,-2.53381443,1,-0.135024294,1,-9.569106102,1,1.286752939,1,4.145658493,1,-1.904780626,1,-0.757252574,0,-1.223059297,0,-0.465530336,0
66.04579163,-2.799029589,1,-0.314748645,1,-9.556666374,1,1.313642263,1,4.282036304,1,-1.898314476,1,-0.705907583,0,-1.215592146,0,-0.514684439,0
66.04978943,-3.283459663,1,-0.31967774,1,-9.66648674,1,1.339758992,1,4.425554752,1,-1.891266704,1,-0.655766129,0,-1.206828117,0,-0.562588096,0
66.05379486,-3.74383378,1,-0.336611569,1,-9.721502304,1,1.370651841,1,4.576890945,1,-1.883920789,1,-0.607113779,0,-1.196753502,0,-0.608943105,0
66.05779266,-4.305497646,1,-0.402067989,1,-9.785432816,1,1.403163552,1,4.735621452,1,-1.876382351,1,-0.560134113,0,-1.185354948,0,-0.653555095,0
66.06179047,-4.740589619,1,-0.357755572,1,-9.841371536,1,1.441505909,1,4.891577244,1,-1.871904373,1,-0.514976382,0,-1.172642946,0,-0.696258664,0
66.06578827,-5.066606522,1,-0.313206196,1,-9.822340012,1,1.483323097,1,5.058653831,1,-1.86644423,1,-0.471771657,0,-1.15865159,0,-0.736899734,0
66.06978607,-5.371560097,1,-0.306401104,1,-9.75429821,1,1.529458165,1,5.21284771,1,-1.856405497,1,-0.430643916,0,-1.143412828,0,-0.775336504,0
66.0737915,-5.535424709,1,-0.292611986,1,-9.688075066,1,1.585302472,1,5.359643459,1,-1.847608805,1,-0.391637355,0,-1.126987457,0,-0.811483383,0
66.07778931,-5.742039204,1,-0.310344756,1,-9.629239082,1,1.644898772,1,5.500831127,1,-1.836286783,1,-0.354781896,0,-1.10944128,0,-0.845276356,0
66.08178711,-5.764943123,1,-0.308996528,1,-9.577847481,1,1.711966038,1,5.623464584,1,-1.816957593,1,-0.320043087,0,-1.090857863,0,-0.876723051,0
66.08578491,-5.809241772,1,-0.296182394,1,-9.469313622,1,1.774552107,1,5.734113693,1,-1.798906207,1,-0.287364006,0,-1.071345091,0,-0.905846834,0
66.08979034,-5.821611404,1,-0.349400878,1,-9.398330688,1,1.859915376,1,5.814487457,1,-1.783129215,1,-0.256633967,0,-1.051013231,0,-0.932721972,0
66.09378815,-6.023206234,1,-0.410987943,1,-9.438416481,1,1.935184598,1,5.886261463,1,-1.762610793,1,-0.227725804,0,-1.029984236,0,-0.9574278,0
66.09778595,-6.097677708,1,-0.541476905,1,-9.348846436,1,2.011266708,1,5.943908691,1,-1.742616653,1,-0.200526506,0,-1.008339524,0,-0.980088294,0
66.10179138,-6.303859711,1,-0.812781274,1,-9.282333374,1,2.081115723,1,5.986617565,1,-1.716034651,1,-0.174899533,0,-0.986180544,0,-1.000843048,0
66.10578919,-6.536587715,1,-1.215450048,1,-9.335501671,1,2.155392647,1,6.023141384,1,-1.695889711,1,-0.150729313,0,-0.963584542,0,-1.019793987,0
66.10978699,-6.922083855,1,-1.666555405,1,-9.455611229,1,2.199706316,1,6.048212051,1,-1.690906763,1,-0.127881944,0,-0.940608084,0,-1.037139535,0
66.11378479,-7.070670128,1,-2.079426765,1,-9.593774796,1,2.222040653,1,6.062708378,1,-1.690408707,1,-0.106267385,0,-0.917335749,0,-1.053078651,0
66.11779022,-7.381975651,1,-2.620374441,1,-9.677534103,1,2.2262187,1,6.066504002,1,-1.692933083,1,-0.085805707,0,-0.893839598,0,-1.067759395,0
66.12178803,-7.547750473,1,-3.080898046,1,-9.904935837,1,2.214872599,1,6.062465191,1,-1.708176136,1,-0.066437483,0,-0.870163977,0,-1.081338286,0
66.12579346,-8.14958477,1,-3.396132469,1,-10.16943932,1,2.196226358,1,6.050911427,1,-1.741948724,1,-0.048039772,0,-0.846377611,0,-1.093978882,0
66.12979126,-8.601294518,1,-3.591150999,1,-10.5070734,1,2.174423218,1,6.03597784,1,-1.794635177,1,-0.030461807,0,-0.822496414,0,-1.105899334,0
66.13378906,-9.089575768,1,-3.806834698,1,-10.85600281,1,2.158087969,1,6.022145271,1,-1.860401869,1,-0.013571984,0,-0.798553288,0,-1.11725235,0
66.13778687,-9.481387138,1,-3.720870972,1,-11.34523106,1,2.158706903,1,5.997382164,1,-1.955754638,1,0.00281949,0,-0.774556994,0,-1.128224373,0
66.14178467,-10.02729511,1,-3.566280365,1,-11.7781105,1,2.176561594,1,5.979174614,1,-2.072463274,1,0.018924421,0,-0.750521064,0,-1.138996124,0
66.1457901,-10.49931431,1,-3.53629446,1,-12.29434395,1,2.206206322,1,5.942185402,1,-2.217855453,1,0.034914497,0,-0.726452529,0,-1.149724126,0
66.1497879,-11.07991123,1,-3.56648016,1,-12.73290443,1,2.251738071,1,5.903149605,1,-2.382633448,1,0.050918385,0,-0.702382922,0,-1.160533071,0
66.15378571,-11.75425148,1,-3.567331314,1,-13.12891006,1,2.296066284,1,5.861207008,1,-2.572165728,1,0.067033015,0,-0.678305566,0,-1.171553493,0
66.15778351,-12.41421127,1,-3.539015055,1,-13.60328674,1,2.336785555,1,5.802066326,1,-2.785061598,1,0.083306201,0,-0.65423429,0,-1.182905674,0
66.16178894,-13.06099415,1,-3.53279829,1,-14.18515396,1,2.368899345,1,5.736554146,1,-3.022402048,1,0.099786401,0,-0.630193412,0,-1.194708586,0
66.16578674,-14.01730919,1,-3.442675352,1,-14.9003191,1,2.382866383,1,5.643294334,1,-3.284522772,1,0.116455324,0,-0.6062029,0,-1.207072496,0
66.16978455,-15.38945007,1,-3.559491634,1,-15.37254333,1,2.370782375,1,5.565137863,1,-3.555385113,1,0.133249745,0,-0.582257569,0,-1.220078707,0
66.17378998,-16.85633659,1,-3.643131971,1,-15.67938805,1,2.34072566,1,5.487511158,1,-3.84369874,1,0.150061563,0,-0.558283806,0,-1.233760118,0
66.17778778,-19.00123978,1,-3.965359926,1,-15.79007626,1,2.277583361,1,5.410984516,1,-4.136843204,1,0.166797519,0,-0.534240544,0,-1.248178482,0
66.18178558,-21.44440842,1,-3.820685148,1,-15.84941673,1,2.179890394,1,5.337684631,1,-4.435572624,1,0.183282539,0,-0.510079145,0,-1.263334036,0
66.18578339,-24.0746994,1,-2.977693796,1,-15.82705879,1,2.054631233,1,5.245640755,1,-4.730191708,1,0.199349627,0,-0.48580572,0,-1.279222965,0
66.18978119,-26.87551498,1,-1.103171825,1,-15.65638447,1,1.943839431,1,5.157362938,1,-5.01458025,1,0.214908972,0,-0.46144098,0,-1.295852304,0
66.19377899,-30.2229557,1,0.357491374,1,-14.84671021,1,1.889749527,1,5.098814487,1,-5.263521671,1,0.228438973,0,-0.436763525,0,-1.306610703,0
66.19778442,-32.89211655,1,1.788310766,1,-13.16117001,1,1.886427879,1,5.100535393,1,-5.48282814,1,0.243274659,0,-0.411913961,0,-1.324335217,0
66.20178223,-35.34404373,1,2.180108786,1,-10.69019413,1,1.881980896,1,5.125601768,1,-5.654366493,1,0.257779449,0,-0.386574864,0,-1.342274547,0
66.20578003,-37.14888382,1,1.176150203,1,-7.77730751,1,1.820359349,1,5.146623135,1,-5.742541313,1,0.271747351,0,-0.360773981,0,-1.360156298,0
66.20978546,-37.35818481,1,0.057838615,1,-5.004004002,1,1.654078722,1,5.122006893,1,-5.697537422,1,0.284664452,0,-0.334715635,0,-1.377568245,0
66.21378326,-36.36024094,1,0.070639096,1,-2.348884344,1,1.394942164,1,4.988149166,1,-5.529524326,1,0.296024591,0,-0.308868587,0,-1.394169331,0
66.21778107,-34.71208572,1,0.899832189,1,0.138686031,1,1.142105699,1,4.720271587,1,-5.224974155,1,0.305612564,0,-0.283898801,0,-1.409646988,0
66.22177887,-33.31729126,1,3.0936656,1,2.090873003,1,0.940189183,1,4.356701851,1,-4.815305233,1,0.313566387,0,-0.260465294,0,-1.423791289,0
66.22577667,-31.25934601,1,6.965136051,1,4.10908699,1,0.919313312,1,3.918751001,1,-4.362203598,1,0.320362508,0,-0.238974705,0,-1.436462879,0
66.2297821,-29.50508118,1,11.70401955,1,5.751794338,1,1.116051435,1,3.403322697,1,-3.872774601,1,0.32692802,0,-0.21983704,0,-1.447710037,0
66.23377991,-28.47649002,1,16.51299667,1,6.952022076,1,1.560152173,1,2.844584227,1,-3.397467375,1,0.334307134,0,-0.203302145,0,-1.457633615,0
66.23778534,-28.9885006,1,19.47268486,1,7.917580605,1,2.145118713,1,2.333724737,1,-2.935458183,1,0.343386233,0,-0.189336479,0,-1.466302752,0
66.24178314,-30.0239296,1,21.39828873,1,8.567671776,1,2.801038265,1,1.860897064,1,-2.516978979,1,0.354658008,0,-0.177733392,0,-1.473813295,0
66.24578095,-30.67802429,1,20.85689735,1,9.000702858,1,3.345322132,1,1.423352957,1,-2.121702909,1,0.368099451,0,-0.168322176,0,-1.480269432,0
66.24977875,-31.22891808,1,19.10256767,1,9.197899818,1,3.688064814,1,0.990866899,1,-1.758281946,1,0.383125544,0,-0.160993442,0,-1.485798478,0
66.25378418,-31.36505699,1,16.57582664,1,9.25554657,1,3.789701223,1,0.577108741,1,-1.433079243,1,0.398893774,0,-0.15566951,0,-1.490563035,0
66.25778198,-31.55882454,1,13.35806751,1,9.193101883,1,3.603255033,1,0.207483828,1,-1.12434268,1,0.414390802,0,-0.152216107,0,-1.494695902,0
66.26177979,-16.52488899,1,-6.83087635,1,2.817682981,1,2.218977451,1,-0.391214103,1,-0.603339493,1,0.427261382,0,-0.150959164,0,-1.498103142,0
66.26577759,-35.65658569,1,-7.929677486,1,10.49298763,1,0.115463011,1,-1.693361878,1,0.304544449,1,0.431955993,0,-0.154374048,0,-1.500400543,0
66.26978302,-41.34785843,1,-2.340912104,1,14.35569096,1,-1.289856672,1,-2.2993927,1,0.986645818,1,0.429747462,0,-0.162973925,0,-1.501463652,0
66.27378082,-27.03143311,1,2.594582081,1,18.441576,1,-2.512751818,1,-2.721924305,1,1.727531314,1,0.421795785,0,-0.174238324,0,-1.500657916,0
66.27777863,-14.46523285,1,16.01670456,1,13.71404171,1,-2.456964016,1,-3.286366701,1,2.578467369,1,0.410995722,0,-0.18881312,0,-1.497568011,0
66.28178406,2.897182941,1,16.87879562,1,3.188542604,1,-2.318856001,1,-3.400863886,1,3.157625198,1,0.400588244,0,-0.205650657,0,-1.492172956,0
66.28578186,-7.12762022,1,10.60286713,1,-12.99775696,1,-2.202525616,1,-3.544178963,1,3.423462868,1,0.389826834,0,-0.223650232,0,-1.485167742,0
66.28977966,-17.85998535,1,-1.190392613,1,-24.28858185,1,-1.883293033,1,-3.237576485,1,3.237848997,1,0.379995078,0,-0.241452217,0,-1.477681637,0
66.29377747,-5.319687843,1,-15.04722881,1,-29.01715469,1,-1.543369532,1,-2.234004736,1,3.064105034,1,0.371296823,0,-0.25619477,0,-1.469708085,0
66.29777527,1.28625989,1,-26.50596619,1,-27.62706566,1,-1.848027945,1,-1.90633893,1,2.820202351,1,0.36242187,0,-0.268018097,0,-1.461397171,0
66.3017807,-0.396301895,1,-24.42336845,1,-19.87753296,1,-2.018299341,1,-1.716935039,1,2.746842146,1,0.352416158,0,-0.278704226,0,-1.453255057,0
66.3057785,-3.282436132,1,-17.45152283,1,-14.19842148,1,-2.167074919,1,-1.768064737,1,2.655212641,1,0.341671765,0,-0.288878798,0,-1.445088267,0
66.30977631,-3.369509935,1,-9.824203491,1,-8.308939934,1,-2.130085468,1,-1.889533639,1,2.682935953,1,0.330884457,0,-0.299189031,0,-1.437055707,0
66.31377411,-1.517295599,1,-3.210660934,1,-7.162303448,1,-2.353244781,1,-2.701582909,1,2.63064146,1,0.319638073,0,-0.311348796,0,-1.429681659,0
66.31777954,2.488973379,1,-1.906028986,1,-6.314303875,1,-2.566687346,1,-3.248832226,1,2.839227676,1,0.307658464,0,-0.325866044,0,-1.422497511,0
66.32177734,-3.023672104,1,-0.409225404,1,-8.581493378,1,-2.703053951,1,-3.999311447,1,2.995100021,1,0.29466778,0,-0.343353271,0,-1.415269256,0
66.32577515,-15.84207344,1,-1.80287385,1,-14.77450275,1,-2.948894739,1,-4.176578999,1,2.92457962,1,0.280892849,0,-0.362508506,0,-1.408120871,0
66.32977295,-26.9244175,1,4.804786682,1,-17.66436768,1,-2.760451078,1,-3.68659687,1,2.648456335,1,0.266838282,0,-0.380820751,0,-1.401123643,0
66.33377075,-31.55013847,1,5.586753845,1,-18.14987755,1,-2.439760447,1,-2.901584625,1,2.239934683,1,0.253907114,0,-0.396113276,0,-1.39461422,0
66.33777618,-25.1168251,1,8.046998024,1,-16.28959846,1,-1.941031098,1,-2.214008331,1,1.830169439,1,0.242819041,0,-0.407893717,0,-1.388757586,0
66.34177399,-17.86684799,1,10.48377132,1,-13.94143581,1,-1.487405539,1,-1.90116632,1,1.599811912,1,0.23399128,0,-0.417468846,0,-1.383623004,0
66.34577179,-11.57746601,1,8.786616325,1,-13.66729832,1,-1.263412833,1,-1.671151638,1,1.507825851,1,0.226603165,0,-0.425838917,0,-1.378834724,0
66.34976959,-7.312664986,1,7.388112068,1,-11.40783596,1,-0.983105302,1,-1.702080727,1,1.593348861,1,0.220042735,0,-0.433664083,0,-1.373850703,0
66.35377502,-9.311877251,1,0.057293899,1,-11.66098404,1,-0.900269926,1,-1.563384175,1,1.52648294,1,0.213997468,0,-0.441470623,0,-1.368605375,0
66.35777283,-7.468811035,1,-3.7241292,1,-11.3159132,1,-0.755168974,1,-1.371559978,1,1.355461955,1,0.208679989,0,-0.448439896,0,-1.363731384,0
66.36177826,-9.215619087,1,-5.846133232,1,-9.592388153,1,-0.753519177,1,-1.153249383,1,1.148504853,1,0.203729331,0,-0.454409689,0,-1.359382629,0
66.36578369,-6.682395935,1,-5.825958252,1,-7.233157158,1,-0.782954216,1,-1.048263073,1,1.070299864,1,0.199052989,0,-0.45954752,0,-1.355589032,0
66.36977387,-10.38359737,1,-6.391082287,1,-7.117364407,1,-0.929864645,1,-0.902345479,1,1.015280724,1,0.193921894,0,-0.464240372,0,-1.351840496,0
66.37377167,-11.57737446,1,-3.9837358,1,-8.771763802,1,-0.954824805,1,-0.671056867,1,0.864012539,1,0.188568458,0,-0.46805799,0,-1.348358989,0
66.3777771,-11.16461182,1,-2.629515886,1,-9.410744667,1,-0.892385542,1,-0.43812719,1,0.747006953,1,0.183488697,0,-0.47080195,0,-1.345328808,0
66.3817749,-8.988649368,1,-0.311633795,1,-9.695240974,1,-0.793257117,1,-0.291252106,1,0.709789813,1,0.178767383,0,-0.472738028,0,-1.342393398,0
66.38578033,-6.029230595,1,-0.820621192,1,-9.46854496,1,-0.726273656,1,-0.243485317,1,0.702178001,1,0.174428597,0,-0.474257767,0,-1.339507937,0
66.38977814,-6.64717865,1,-2.969642639,1,-9.758358002,1,-0.683044791,1,-0.224946454,1,0.690072775,1,0.170270532,0,-0.475655973,0,-1.336582661,0
66.39377594,-7.608270645,1,-3.921847105,1,-9.643283844,1,-0.624234855,1,-0.192344174,1,0.61837846,1,0.16639185,0,-0.476908892,0,-1.333825588,0
66.39777374,-5.722108841,1,-4.46730423,1,-8.527049065,1,-0.600403368,1,-0.199118659,1,0.598742902,1,0.16281426,0,-0.478052884,0,-1.331289291,0
66.40177918,-4.711941719,1,-4.621073246,1,-8.693981171,1,-0.620693862,1,-0.232619613,1,0.626301169,1,0.159194306,0,-0.479318261,0,-1.328729033,0
66.40577698,-5.09289217,1,-4.425174713,1,-8.718754768,1,-0.639726877,1,-0.213594958,1,0.641098022,1,0.155454352,0,-0.480599344,0,-1.32606864,0
66.40977478,-5.007209778,1,-4.279923439,1,-8.143939018,1,-0.665519655,1,-0.230288073,1,0.657783031,1,0.151562318,0,-0.48186484,0,-1.323313475,0
66.41377258,-5.43505621,1,-3.627054214,1,-8.018548012,1,-0.66351229,1,-0.235020846,1,0.637484133,1,0.147629991,0,-0.483179033,0,-1.320570707,0
66.41777039,-6.695742607,1,-1.634136081,1,-8.524866104,1,-0.625455797,1,-0.215485677,1,0.600615382,1,0.143803433,0,-0.484451681,0,-1.317945361,0
66.42177582,-5.398605347,1,0.055226594,1,-8.757416725,1,-0.552253842,1,-0.197479978,1,0.550445974,1,0.140326858,0,-0.485577881,0,-1.315509081,0
66.42577362,-4.995965004,1,0.234981254,1,-9.406777382,1,-0.479882717,1,-0.197633952,1,0.525800347,1,0.137196869,0,-0.486658961,0,-1.31321919,0
66.42977142,-4.772284985,1,-0.724561095,1,-9.502054214,1,-0.420105934,1,-0.19616735,1,0.491074383,1,0.134394988,0,-0.487704247,0,-1.311063409,0
66.43376923,-4.392916679,1,-2.132615089,1,-9.122610092,1,-0.382280022,1,-0.2420744,1,0.461664677,1,0.131843671,0,-0.488824964,0,-1.309059858,0
66.43777466,-5.146224022,1,-2.618296862,1,-8.787556648,1,-0.353295624,1,-0.269622356,1,0.448681235,1,0.129484549,0,-0.490083188,0,-1.307167768,0
66.44177246,-5.366109848,1,-2.598873138,1,-8.700143814,1,-0.335710824,1,-0.267121136,1,0.448563486,1,0.127230421,0,-0.491376996,0,-1.305292606,0
66.44577026,-4.942761421,1,-2.742982626,1,-8.78399086,1,-0.329784542,1,-0.276260972,1,0.442463219,1,0.123267345,0,-0.492248476,0,-1.303865194,0
66.4497757,-4.547595978,1,-3.274465084,1,-8.782176971,1,-0.333940208,1,-0.281218201,1,0.427241206,1,0.121094681,0,-0.493565738,0,-1.302065849,0
66.4537735,-4.475041866,1,-3.50742197,1,-8.779620171,1,-0.346755713,1,-0.292658985,1,0.413515061,1,0.118905969,0,-0.49490732,0,-1.300311208,0
66.4577713,-4.963834763,1,-2.708293438,1,-8.793165207,1,-0.338198245,1,-0.302869797,1,0.398633957,1,0.116729185,0,-0.496287048,0,-1.298629045,0
66.4617691,-5.487134457,1,-1.430816889,1,-8.730505943,1,-0.305488199,1,-0.29696843,1,0.376705766,1,0.114673272,0,-0.497662097,0,-1.297031283,0
66.46576691,-5.820912838,1,-0.400335968,1,-8.688092232,1,-0.260909021,1,-0.291675806,1,0.341287255,1,0.112839796,0,-0.499001861,0,-1.29556787,0
66.46977234,-5.38335371,1,-0.669059277,1,-8.566094398,1,-0.216665581,1,-0.279947072,1,0.280453265,1,0.111294962,0,-0.50027585,0,-1.294306278,0
66.47377014,-5.117601395,1,-1.301607013,1,-8.71981144,1,-0.197774917,1,-0.294338256,1,0.241114989,1,0.109966844,0,-0.501531184,0,-1.293260694,0
66.47777557,-5.464405537,1,-1.320454478,1,-8.570575714,1,-0.169071987,1,-0.293824017,1,0.201966956,1,0.108828872,0,-0.502794325,0,-1.292413235,0
66.48177338,-5.239047527,1,-1.258847237,1,-8.464449883,1,-0.141821027,1,-0.292277008,1,0.174907774,1,0.107869491,0,-0.50404346,0,-1.29170692,0
66.48577118,-5.26505661,1,-1.264468312,1,-8.509721756,1,-0.109606512,1,-0.28992945,1,0.154105142,1,0.107068151,0,-0.505271137,0,-1.291101694,0
66.48977661,-4.895550251,1,-1.792243242,1,-8.668866158,1,-0.107817322,1,-0.300877392,1,0.134646758,1,0.106389195,0,-0.506489694,0,-1.290591598,0
66.49377441,-4.828086376,1,-2.114881039,1,-8.646136284,1,-0.100659437,1,-0.311777711,1,0.126098081,1,0.105759375,0,-0.507766426,0,-1.290140748,0
66.49777222,-4.890500546,1,-2.20825243,1,-8.57243824,1,-0.086831018,1,-0.32780695,1,0.128292844,1,0.105186313,0,-0.509100378,0,-1.289724112,0
66.50177002,-4.94973278,1,-2.28457284,1,-8.5114851,1,-0.08027672,1,-0.343211114,1,0.138427883,1,0.104639471,0,-0.510496259,0,-1.289277911,0
66.50577545,-5.176165581,1,-2.42356205,1,-8.373699188,1,-0.070208922,1,-0.336617827,1,0.134631112,1,0.104100473,0,-0.511912704,0,-1.288805723,0
66.50977325,-5.011682987,1,-2.907551765,1,-8.192490578,1,-0.069847286,1,-0.332851142,1,0.157370761,1,0.10358578,0,-0.513308764,0,-1.288306117,0
66.51377106,-4.939914703,1,-3.429223061,1,-8.141192436,1,-0.089616582,1,-0.330125272,1,0.172423035,1,0.102971852,0,-0.514697731,0,-1.28770268,0
66.51776886,-4.907083988,1,-3.213121653,1,-8.128894806,1,-0.112350091,1,-0.343152642,1,0.200855777,1,0.102212459,0,-0.516116202,0,-1.287002683,0
66.52177429,-5.059717655,1,-2.599751472,1,-8.042543411,1,-0.091201328,1,-0.330768734,1,0.212157324,1,0.101411894,0,-0.517538846,0,-1.286215067,0
66.5257721,-4.931952953,1,-2.315192223,1,-8.230224609,1,-0.082360961,1,-0.32698831,1,0.232244402,1,0.100639917,0,-0.518939793,0,-1.28534925,0
66.5297699,-4.946525574,1,-1.977286696,1,-8.24831295,1,-0.045871112,1,-0.326561689,1,0.231847703,1,0.09991695,0,-0.520334482,0,-1.284446597,0
66.5337677,-4.942182541,1,-2.494621754,1,-8.336407661,1,-0.048817612,1,-0.339639127,1,0.24010174,1,0.099276997,0,-0.521748185,0,-1.283521175,0
66.53777313,-4.985143185,1,-1.98269701,1,-8.288937569,1,-0.052319873,1,-0.355676681,1,0.243099079,1,0.098577894,0,-0.523233056,0,-1.28256464,0
66.54177094,-5.105709553,1,-2.484142542,1,-8.29575634,1,-0.046449322,1,-0.36825791,1,0.258618921,1,0.09790013,0,-0.524775147,0,-1.281574249,0
66.54576874,-4.868230343,1,-2.43969059,1,-8.249534607,1,-0.063990928,1,-0.385011226,1,0.265685171,1,0.097138487,0,-0.526365161,0,-1.280536413,0
66.54976654,-4.816113472,1,-2.455479622,1,-8.379922867,1,-0.068768665,1,-0.407369584,1,0.268541932,1,0.096359111,0,-0.528046608,0,-1.279488087,0
66.55376434,-4.827036858,1,-1.886645675,1,-8.348807335,1,-0.080677584,1,-0.429760188,1,0.262944549,1,0.095526263,0,-0.529811621,0,-1.278439403,0
66.55776978,-4.937710285,1,-1.418911576,1,-8.441596985,1,-0.049486618,1,-0.43734777,1,0.256393045,1,0.094756946,0,-0.531634569,0,-1.2774266,0
66.56176758,-4.944930077,1,-1.5862391,1,-8.402352333,1,-0.034356251,1,-0.459951162,1,0.253908455,1,0.094102651,0,-0.533510089,0,-1.276447535,0
66.56576538,-5.020057201,1,-1.590278387,1,-8.46581459,1,-0.018337086,1,-0.478522629,1,0.24216406,1,0.093511812,0,-0.535462797,0,-1.275491238,0
66.56977081,-4.890123367,1,-1.534682989,1,-8.434720039,1,-0.010341477,1,-0.498660058,1,0.226231396,1,0.093025088,0,-0.537496209,0,-1.274626255,0
66.57376862,-5.048880577,1,-1.323806286,1,-8.517101288,1,0.021670261,1,-0.510193586,1,0.224177882,1,0.092622846,0,-0.539584339,0,-1.27379179,0
66.57776642,-5.001865387,1,-1.602776051,1,-8.502062798,1,0.036252655,1,-0.522805393,1,0.218970612,1,0.092323735,0,-0.541734695,0,-1.272996902,0
66.58176422,-5.006159306,1,-1.808612227,1,-8.360940933,1,0.037075836,1,-0.54180783,1,0.215418234,1,0.092078693,0,-0.543952048,0,-1.272222877,0
66.58576202,-5.077309132,1,-1.867151976,1,-8.295023918,1,0.047804266,1,-0.564965248,1,0.204707488,1,0.091874324,0,-0.546233773,0,-1.271495104,0
66.58976746,-5.140545368,1,-1.785651207,1,-8.234275818,1,0.059007809,1,-0.569579065,1,0.204182446,1,0.091714703,0,-0.5485695,0,-1.27078104,0
66.59376526,-5.141646862,1,-1.832083702,1,-8.150813103,1,0.079101808,1,-0.570893466,1,0.207527995,1,0.091622867,0,-0.550916374,0,-1.270070195,0
66.59777069,-5.240563869,1,-1.935517788,1,-8.065200806,1,0.080621272,1,-0.579085231,1,0.198801443,1,0.091577426,0,-0.553290784,0,-1.269374967,0
66.60176849,-5.365643024,1,-2.021429777,1,-7.990524769,1,0.08437185,1,-0.583301365,1,0.199005529,1,0.091548853,0,-0.555682778,0,-1.268683314,0
66.60577393,-5.40086937,1,-2.063351154,1,-7.906707764,1,0.085619695,1,-0.575255454,1,0.208228782,1,0.091533415,0,-0.558068752,0,-1.267992139,0
66.60977173,-5.407775879,1,-2.128268003,1,-7.790014267,1,0.071129188,1,-0.579092205,1,0.200518772,1,0.091470145,0,-0.560441196,0,-1.267280579,0
66.61376953,-5.55680275,1,-2.171653986,1,-7.761733532,1,0.060681127,1,-0.576421142,1,0.204914033,1,0.091361471,0,-0.562824726,0,-1.266575217,0
66.61776733,-5.458133698,1,-2.131280899,1,-7.642389774,1,0.048928119,1,-0.575235724,1,0.200023219,1,0.091210485,0,-0.565184951,0,-1.265869379,0
66.62176514,-5.503765583,1,-2.065458536,1,-7.632408619,1,0.040651552,1,-0.569319367,1,0.197375178,1,0.091016121,0,-0.567544937,0,-1.265168309,0
66.62576294,-5.398025036,1,-1.924583554,1,-7.720132828,1,0.040017825,1,-0.55968684,1,0.194848418,1,0.090818733,0,-0.569866836,0,-1.264493346,0
66.62976837,-5.385115147,1,-1.924001455,1,-7.73223114,1,0.042341109,1,-0.565066218,1,0.19109112,1,0.090617955,0,-0.572177887,0,-1.263822913,0
66.63376617,-5.506892681,1,-1.984240413,1,-7.715134144,1,0.041592956,1,-0.557712913,1,0.186263606,1,0.090425096,0,-0.574475765,0,-1.263167262,0
66.63776398,-5.577486038,1,-2.166515112,1,-7.783330917,1,0.038204268,1,-0.554900229,1,0.183854491,1,0.090241872,0,-0.576761186,0,-1.262534738,0
66.64176941,-5.575561047,1,-2.197918892,1,-7.729730129,1,0.029018717,1,-0.549297333,1,0.182021692,1,0.090028271,0,-0.579024673,0,-1.261899233,0
66.64576721,-5.519066334,1,-2.082393169,1,-7.717043877,1,0.032933522,1,-0.548003733,1,0.17638962,1,0.08980342,0,-0.581268907,0,-1.261285543,0
66.64976502,-5.572489262,1,-2.094094038,1,-7.669142723,1,0.040612742,1,-0.540445387,1,0.177737683,1,0.089610256,0,-0.583496511,0,-1.260673165,0
66.65376282,-5.503465652,1,-2.204914093,1,-7.675024509,1,0.045723882,1,-0.535528839,1,0.180409119,1,0.089434586,0,-0.5857054,0,-1.260042191,0
66.65776062,-5.597149849,1,-2.3973248,1,-7.684821129,1,0.034456685,1,-0.534856796,1,0.189066783,1,0.089236572,0,-0.587901115,0,-1.259395838,0
66.66176605,-5.585773468,1,-2.395650625,1,-7.602533817,1,0.032818776,1,-0.527933359,1,0.189755231,1,0.088997826,0,-0.590088069,0,-1.258713365,0
66.66576386,-5.586829662,1,-2.391547918,1,-7.580991745,1,0.029689984,1,-0.528975427,1,0.200914338,1,0.088714622,0,-0.592257559,0,-1.257995844,0
66.66976166,-5.644533634,1,-2.38144803,1,-7.575093746,1,0.022935843,1,-0.530895472,1,0.212452918,1,0.088388629,0,-0.594437003,0,-1.257231832,0
66.67375946,-5.696314335,1,-2.3818748,1,-7.650294781,1,0.018032987,1,-0.52470535,1,0.224257901,1,0.088008426,0,-0.596618891,0,-1.256407499,0
66.67776489,-5.592300892,1,-2.331428289,1,-7.68439436,1,0.007749536,1,-0.532513618,1,0.233610883,1,0.087565191,0,-0.598801017,0,-1.25552547,0
66.6817627,-5.611403465,1,-2.373948812,1,-7.689323425,1,0.001354318,1,-0.535908878,1,0.247491345,1,0.087055735,0,-0.601014912,0,-1.254580379,0
66.6857605,-5.625027657,1,-2.303653717,1,-7.757763863,1,-0.005028195,1,-0.542957842,1,0.254935116,1,0.086491264,0,-0.603253543,0,-1.253595352,0
66.6897583,-5.637544632,1,-2.182096958,1,-7.718835354,1,-0.009830326,1,-0.546411395,1,0.265515566,1,0.08586847,0,-0.605509698,0,-1.252552867,0
66.6937561,-5.651979446,1,-2.11715126,1,-7.786712646,1,-0.004443308,1,-0.547694087,1,0.275728017,1,0.144421712,0,-0.613585711,0,-1.335959435,0
66.69776154,-5.787132263,1,-2.204629421,1,-7.858109474,1,-0.009294406,1,-0.558558583,1,0.283016145,1,0.143843457,0,-0.615938902,0,-1.334996462,0
66.70175934,-5.69408226,1,-2.222079992,1,-7.749223232,1,-0.008158613,1,-0.567965508,1,0.294395506,1,0.143213511,0,-0.618328571,0,-1.333983541,0
66.70575714,-5.710425377,1,-2.120134592,1,-7.802035809,1,-0.011056365,1,-0.579168856,1,0.301843494,1,0.142567888,0,-0.620775938,0,-1.332938075,0
66.70975494,-5.688815594,1,-2.102029324,1,-7.84832859,1,-0.006037904,1,-0.59594059,1,0.312251061,1,0.141900286,0,-0.623268485,0,-1.331854463,0
66.71376038,-5.694108009,1,-2.224311113,1,-7.883086205,1,-0.005994025,1,-0.602719963,1,0.323047191,1,0.14120844,0,-0.625821292,0,-1.330726147,0
66.71776581,-5.599836349,1,-2.279611588,1,-7.970832825,1,-0.008493396,1,-0.62170589,1,0.33536312,1,0.140493646,0,-0.628427744,0,-1.329556227,0
66.72176361,-5.617070675,1,-2.381384134,1,-8.011678696,1,-0.014737276,1,-0.646239758,1,0.34369874,1,0.139721081,0,-0.631126165,0,-1.328332305,0
66.72576141,-5.649798393,1,-2.374706984,1,-7.986537933,1,-0.028211115,1,-0.67127341,1,0.362362802,1,0.138877869,0,-0.633922815,0,-1.327059269,0
66.72975922,-5.60976553,1,-2.351290703,1,-7.95606184,1,-0.028119477,1,-0.692458212,1,0.375714183,1,0.137977466,0,-0.636829615,0,-1.325713038,0
66.73376465,-5.687995911,1,-2.337403774,1,-7.969758987,1,-0.028082015,1,-0.717303634,1,0.39491564,1,0.137023792,0,-0.639831364,0,-1.324291587,0
66.73777008,-5.740026951,1,-2.302319765,1,-7.877503872,1,-0.034537818,1,-0.735800683,1,0.408529341,1,0.136013672,0,-0.642926931,0,-1.322800636,0
66.74176788,-5.695710182,1,-2.250124216,1,-7.836752415,1,-0.037413627,1,-0.757224381,1,0.418076038,1,0.134948164,0,-0.646116912,0,-1.321253181,0
66.74575806,-5.697050571,1,-2.115321636,1,-7.858777046,1,-0.040363919,1,-0.779852867,1,0.431738198,1,0.133839473,0,-0.64938879,0,-1.319664955,0
66.74976349,-5.659516811,1,-2.046400309,1,-7.835742474,1,-0.046204682,1,-0.804168224,1,0.430851519,1,0.132679537,0,-0.6527583,0,-1.318051219,0
66.75376129,-5.693502903,1,-1.870264173,1,-7.970716476,1,-0.056195814,1,-0.826417327,1,0.430651605,1,0.131483316,0,-0.656217217,0,-1.31643784,0
66.75776672,-5.633151054,1,-1.82096386,1,-8.054741859,1,-0.06182022,1,-0.858004034,1,0.426340669,1,0.130275875,0,-0.659778893,0,-1.314847231,0
66.76176453,-5.551473618,1,-1.80036509,1,-8.185530663,1,-0.068100564,1,-0.887344956,1,0.423617601,1,0.129066706,0,-0.663460314,0,-1.313283443,0
66.7657547,-5.599781036,1,-1.857236028,1,-8.367258072,1,-0.075576723,1,-0.92639029,1,0.417759508,1,0.127838925,0,-0.667272031,0,-1.311753273,0
66.76976013,-5.657492638,1,-2.079479218,1,-8.517808914,1,-0.086265884,1,-0.974759459,1,0.424040854,1,0.126580581,0,-0.6712569,0,-1.310243368,0
66.77376556,-5.603967667,1,-2.380409241,1,-8.671263695,1,-0.095172219,1,-1.026821852,1,0.436755836,1,0.125269577,0,-0.675440967,0,-1.308704615,0
66.77776337,-5.545931816,1,-2.665320873,1,-8.822357178,1,-0.104528338,1,-1.078471065,1,0.453442514,1,0.123869009,0,-0.679838896,0,-1.307110906,0
66.78176117,-5.427627563,1,-2.769087553,1,-8.940221786,1,-0.114341192,1,-1.140891314,1,0.488279283,1,0.122352414,0,-0.684472561,0,-1.30540514,0
66.78575897,-5.397242069,1,-2.75772047,1,-8.901295662,1,-0.129854888,1,-1.213746428,1,0.518737793,1,0.120691203,0,-0.689395368,0,-1.303562284,0
66.78975678,-5.416460037,1,-2.762459993,1,-8.97586441,1,-0.140288487,1,-1.288876295,1,0.553013146,1,0.118889853,0,-0.694627702,0,-1.301581979,0
66.79376221,-5.493341446,1,-2.57984519,1,-9.117230415,1,-0.161767438,1,-1.374785066,1,0.5807814,1,0.116925649,0,-0.700175703,0,-1.299470782,0
66.79776001,-5.332550049,1,-2.351058722,1,-9.291668892,1,-0.182098866,1,-1.454527497,1,0.607978284,1,0.114784747,0,-0.706071973,0,-1.297222972,0
66.80175781,-5.374587059,1,-2.229848146,1,-9.441958427,1,-0.20353207,1,-1.559004545,1,0.631440639,1,0.112495273,0,-0.712340236,0,-1.294883609,0
66.80575562,-5.371302605,1,-2.104845524,1,-9.454702377,1,-0.224613726,1,-1.653301358,1,0.653471529,1,0.110040255,0,-0.719005644,0,-1.292442799,0
66.80976105,-5.270371914,1,-1.922020316,1,-9.484106064,1,-0.226246193,1,-1.769953251,1,0.668843985,1,0.107474931,0,-0.726089716,0,-1.289926529,0
66.81375885,-5.256468296,1,-1.925807476,1,-9.540502548,1,-0.234792992,1,-1.885718822,1,0.702270508,1,0.104799293,0,-0.733649135,0,-1.287310123,0
66.81775665,-5.253495216,1,-1.891910791,1,-9.517726898,1,-0.230947226,1,-2.007949352,1,0.732701421,1,0.101989456,0,-0.741688311,0,-1.284537792,0
66.82176209,-5.058157921,1,-2.040148973,1,-9.577802658,1,-0.220713317,1,-2.141161442,1,0.761744738,1,0.099112272,0,-0.750236928,0,-1.281616688,0
66.82575989,-5.066195965,1,-2.123290539,1,-9.646001816,1,-0.218129829,1,-2.275038004,1,0.801113904,1,0.096120335,0,-0.759324014,0,-1.278531194,0
66.82975769,-5.175940514,1,-2.241190672,1,-9.888302803,1,-0.207156986,1,-2.416377544,1,0.834358633,1,0.093009353,0,-0.768966854,0,-1.275252819,0
66.83375549,-5.17077589,1,-2.440812349,1,-9.854068756,1,-0.214138076,1,-2.558960438,1,0.879328012,1,0.089725874,0,-0.77918458,0,-1.271759033,0
66.83776093,-4.920537949,1,-2.820598602,1,-9.915452003,1,-0.225830957,1,-2.715638399,1,0.925641418,1,0.08618819,0,-0.789998531,0,-1.267991185,0
66.84175873,-4.883208275,1,-2.818655729,1,-10.15041065,1,-0.223990053,1,-2.899281263,1,0.986909568,1,0.082371779,0,-0.801506639,0,-1.263911247,0
66.84576416,-5.640201569,1,-4.460507393,1,-12.09867477,1,-0.320189238,1,-2.969386816,1,0.989888966,1,0.078184918,0,-0.813650548,0,-1.25951004,0
66.84976196,0.650773942,1,2.254984856,1,-10.52316952,1,0.050629094,1,-3.597262859,1,1.11647892,1,0.07422433,0,-0.826685488,0,-1.254851103,0
66.85375977,-9.620716095,1,-1.500968456,1,-12.12567329,1,0.020346066,1,-3.517584085,1,1.178424716,1,0.070539542,0,-0.841221035,0,-1.249721646,0
66.8577652,-4.985633373,1,-8.664124489,1,-11.20112801,1,-0.171160951,1,-3.75453186,1,1.287701726,1,0.065815322,0,-0.856040895,0,-1.243687391,0
66.861763,-2.867357492,1,-6.936932564,1,-12.14300251,1,-0.321690738,1,-4.155961037,1,1.309581161,1,0.059904709,0,-0.872143745,0,-1.237355351,0
66.8657608,-4.524659157,1,-4.710695267,1,-12.99516201,1,-0.371020824,1,-4.368973732,1,1.491524458,1,0.052881435,0,-0.889527678,0,-1.230069757,0
66.86975861,-5.765569687,1,-6.362999916,1,-12.77140522,1,-0.41797772,1,-4.65219593,1,1.739640236,1,0.044328831,0,-0.90784663,0,-1.221077442,0
66.87375641,-5.530300617,1,-8.106518745,1,-12.80870247,1,-0.481414199,1,-4.8904562,1,1.864055991,1,0.034130152,0,-0.927186847,0,-1.21049118,0
66.87776184,-5.165571213,1,-9.246780396,1,-12.76818848,1,-0.585475326,1,-5.184342861,1,2.098227978,1,0.022022309,0,-0.947553813,0,-1.1980896,0
66.88175964,-5.270042419,1,-9.82880497,1,-13.01041603,1,-0.71762681,1,-5.484807968,1,2.338668108,1,0.00723479,0,-0.969038606,0,-1.18321228,0
66.88575745,-6.030462742,1,-10.25531864,1,-12.74772263,1,-0.85619849,1,-5.75111866,1,2.607162714,1,-0.010701273,0,-0.991499186,0,-1.165413141,0
66.88975525,-8.045467377,1,-12.07463741,1,-13.17574215,1,-1.093213797,1,-5.933672905,1,2.898991108,1,-0.032638874,0,-1.014661312,0,-1.143974781,0
66.89376068,-10.35566998,1,-13.26655293,1,-13.3890686,1,-1.341614485,1,-6.011217594,1,3.163182259,1,-0.05933227,0,-1.037982941,0,-1.118472815,0
66.89775848,-9.204036713,1,-13.55947113,1,-13.64389896,1,-1.581554294,1,-6.117641926,1,3.439118147,1,-0.091267221,0,-1.061171889,0,-1.088381648,0
66.90175629,-10.83713245,1,-11.68345928,1,-14.7814064,1,-1.758969069,1,-6.263758183,1,3.678391457,1,-0.129056334,0,-1.084234238,0,-1.053016305,0
66.90575409,-13.58362007,1,-9.743488312,1,-15.0844326,1,-1.833996773,1,-6.25129652,1,3.886893749,1,-0.172616795,0,-1.106730461,0,-1.012125015,0
66.90975189,-13.14897633,1,-8.604688644,1,-15.39679718,1,-1.907307029,1,-6.26057148,1,4.093466759,1,-0.222339153,0,-1.128109097,0,-0.965154827,0
66.91375732,-13.15132236,1,-9.006892204,1,-15.56435204,1,-1.999053955,1,-6.296704292,1,4.263150692,1,-0.278700948,0,-1.148306847,0,-0.911677599,0
66.91775513,-15.54526997,1,-7.960105896,1,-15.35853672,1,-2.071893692,1,-6.266397476,1,4.337484837,1,-0.341825992,0,-1.166998029,0,-0.851688743,0
66.92175293,-16.69781876,1,-8.552540779,1,-15.00500965,1,-2.077060938,1,-6.163984299,1,4.366755009,1,-0.41073972,0,-1.183755755,0,-0.785988331,0
66.92575073,-17.07310295,1,-9.021999359,1,-15.53562069,1,-2.155415058,1,-6.066861153,1,4.412540913,1,-0.485502392,0,-1.198179603,0,-0.714608192,0
66.92975617,-19.95475578,1,-8.569921494,1,-15.24415016,1,-2.170201063,1,-5.844212532,1,4.31808424,1,-0.564608455,0,-1.210081458,0,-0.639134884,0
66.93375397,-19.24007607,1,-8.941322327,1,-14.12921619,1,-2.202539444,1,-5.659332275,1,4.275903702,1,-0.646524012,0,-1.219211578,0,-0.561072648,0
66.93775177,-18.13932419,1,-9.95802784,1,-13.04364681,1,-2.329202175,1,-5.575903893,1,4.388404369,1,-0.731642187,0,-1.225553632,0,-0.48012203,0
66.9417572,-17.38871002,1,-9.78484726,1,-11.43244934,1,-2.485898018,1,-5.476274967,1,4.458053112,1,-0.81994009,0,-1.228945971,0,-0.39657867,0
66.94575501,-17.46425056,1,-8.289270401,1,-11.64031124,1,-2.620139599,1,-5.385232449,1,4.329166889,1,-0.911419868,0,-1.226581097,0,-0.305072993,0
66.94975281,-17.10469818,1,-7.958512306,1,-10.04046726,1,-2.661999941,1,-5.258244514,1,4.254910469,1,-0.997981369,0,-1.224965811,0,-0.224317417,0
66.95375061,-15.48611641,1,-7.790004253,1,-9.031517029,1,-2.787905216,1,-4.978898525,1,4.308041096,1,-1.081480026,0,-1.220539331,0,-0.147089809,0
66.95774841,-12.1777935,1,-5.949700356,1,-8.186732292,1,-2.903698206,1,-4.61755991,1,4.209756374,1,-1.159894943,0,-1.213533878,0,-0.075644881,0
66.96175385,-7.067412376,1,-4.87392807,1,-7.858314037,1,-2.934783459,1,-4.16003561,1,4.022168159,1,-1.230745673,0,-1.204646349,0,-0.01241982,0
66.96575928,-3.993919849,1,-3.483684063,1,-8.68732357,1,-2.820915461,1,-3.778391361,1,3.867973804,1,-1.293421984,0,-1.194437027,0,0.042457115,0
66.96975708,-6.859555244,1,-1.383023024,1,-9.393004417,1,-2.615777493,1,-3.533240318,1,3.694084883,1,-1.348838329,0,-1.183384895,0,0.090414442,0
66.97375488,-8.674969673,1,-0.482227027,1,-10.54276943,1,-2.10126996,1,-3.297937155,1,3.53630352,1,-1.397454262,0,-1.171901345,0,0.132771745,0
66.97775269,-14.30621815,1,0.759052992,1,-10.20137978,1,-1.507721663,1,-3.15554595,1,3.354936361,1,-1.439343929,0,-1.160164595,0,0.170469895,0
66.98175049,-30.61772728,1,1.34101665,1,-13.99926758,1,-0.718297601,1,-2.75352931,1,2.768882275,1,-1.474108696,0,-1.149296761,0,0.203584805,0
66.98575592,-27.27965355,1,-1.09319663,1,-16.92476463,1,-0.247868046,1,-1.69836235,1,2.232938528,1,-1.497354031,0,-1.140114069,0,0.227105543,0
66.98975372,-13.94599247,1,-3.313045025,1,-14.95028114,1,0.045527369,1,-0.893975854,1,1.861962676,1,-1.509857297,0,-1.132325768,0,0.240459353,0
66.99375153,-6.711873055,1,-5.966032982,1,-11.6142168,1,0.324532956,1,-0.501210809,1,1.596519947,1,-1.515669942,0,-1.125575781,0,0.247718006,0
66.99774933,-7.012559891,1,-8.440717697,1,-10.26286411,1,0.518706977,1,-0.232491642,1,1.359954238,1,-1.517656684,0,-1.119754434,0,0.251844436,0
67.00175476,-9.863586426,1,-9.72211647,1,-11.02593422,1,0.480738908,1,0.106547095,1,1.118476033,1,-1.516752958,0,-1.114819288,0,0.253121674,0
67.00575256,-9.041588783,1,-9.906936646,1,-10.96037102,1,0.299353778,1,0.520649433,1,0.894061744,1,-1.513063312,0,-1.110751987,0,0.250769198,0
67.00975037,-6.346566677,1,-9.606266975,1,-9.979394913,1,0.114828184,1,0.798019171,1,0.717290401,1,-1.507264972,0,-1.107378006,0,0.245203599,0
67.0137558,-4.819116592,1,-9.436988831,1,-8.958041191,1,-0.042315319,1,0.984432161,1,0.581890941,1,-1.500353932,0,-1.104550838,0,0.23763904,0
67.0177536,-3.604739428,1,-9.048354149,1,-8.325528145,1,-0.190610006,1,1.168296456,1,0.438387781,1,-1.492605805,0,-1.102197409,0,0.228440955,0
67.0217514,-2.204321623,1,-8.210821152,1,-7.727835655,1,-0.303540617,1,1.337976933,1,0.297479779,1,-1.484008074,0,-1.100323081,0,0.217676148,0
67.02574921,-0.989647508,1,-7.202732086,1,-7.233411312,1,-0.378959686,1,1.461228609,1,0.173399419,1,-1.474595189,0,-1.098878264,0,0.205554798,0
67.02974701,-0.579796076,1,-6.412603378,1,-6.943618298,1,-0.403452605,1,1.56610775,1,0.051343795,1,-1.464441776,0,-1.097821116,0,0.192397386,0
67.03374481,-0.316300213,1,-5.772139072,1,-6.779457569,1,-0.385552853,1,1.659251571,1,-0.062394608,1,-1.453492761,0,-1.097121,0,0.178315088,0
67.03775024,-0.186238095,1,-5.333556652,1,-6.532715797,1,-0.35122782,1,1.749506474,1,-0.182926193,1,-1.441673756,0,-1.096771002,0,0.163367242,0
67.04174805,0.290307999,1,-5.042290688,1,-6.123358727,1,-0.289637953,1,1.843472362,1,-0.293462604,1,-1.428840399,0,-1.09675467,0,0.147497922,0
67.04574585,0.612138987,1,-4.788184166,1,-5.865897655,1,-0.218053922,1,1.932514548,1,-0.397652566,1,-1.414883733,0,-1.097005248,0,0.130676344,0
67.04975128,0.557455897,1,-4.802819252,1,-5.963327885,1,-0.153816909,1,2.037557125,1,-0.506365478,1,-1.399782777,0,-1.097491264,0,0.112889327,0
67.05374908,0.108338349,1,-4.835457802,1,-5.130655289,1,-0.082375184,1,2.166806221,1,-0.65169704,1,-1.383262753,0,-1.098300695,0,0.093725704,0
67.05774689,1.467962265,1,-4.569851875,1,-4.924927235,1,-0.008140897,1,2.197539806,1,-0.679830909,1,-1.365637779,0,-1.09917593,0,0.07374835,0
67.06174469,0.335347325,1,-5.05331707,1,-5.272346973,1,0.047168732,1,2.279756308,1,-0.754765451,1,-1.347230911,0,-1.100098848,0,0.053195562,0
67.06574249,0.225570291,1,-5.382099628,1,-5.242509365,1,0.057914525,1,2.405317545,1,-0.827125609,1,-1.327630877,0,-1.100995421,0,0.03145365,0
67.06974793,0.052228455,1,-5.389046669,1,-5.224604607,1,0.047740225,1,2.511365175,1,-0.904229522,1,-1.306943655,0,-1.1018852,0,0.008494896,0
67.07374573,-0.254471809,1,-5.325869083,1,-5.198751926,1,0.050977949,1,2.623466969,1,-0.983837545,1,-1.285187483,0,-1.102727771,0,-0.015664434,0
67.07774353,-0.591067851,1,-5.240651131,1,-5.285890102,1,0.053725258,1,2.742848158,1,-1.062550187,1,-1.26228869,0,-1.103497863,0,-0.041093986,0
67.08174896,-0.966119707,1,-5.10253191,1,-5.302643299,1,0.048335496,1,2.870003223,1,-1.145315409,1,-1.238209248,0,-1.104144454,0,-0.067839876,0
67.0857544,-1.373595953,1,-4.892494202,1,-5.354881763,1,0.056588907,1,3.003381968,1,-1.232289672,1,-1.212863326,0,-1.104643464,0,-0.095984302,0
67.0897522,-1.659248352,1,-4.715679169,1,-5.374802113,1,0.070266694,1,3.142976522,1,-1.328157306,1,-1.186121583,0,-1.104960084,0,-0.125634,0
67.09375,-2.012530804,1,-4.506272793,1,-5.49352026,1,0.098455139,1,3.28231287,1,-1.435064435,1,-1.157947779,0,-1.105073929,0,-0.156786233,0
67.0977478,-2.37226963,1,-4.341352463,1,-5.531839371,1,0.142016992,1,3.422535419,1,-1.547632575,1,-1.128266692,0,-1.104939342,0,-0.189469546,0
67.10174561,-2.723341703,1,-4.142981529,1,-5.580947399,1,0.187574938,1,3.566516161,1,-1.660408258,1,-1.097037673,0,-1.104510307,0,-0.223692581,0
67.10575104,-3.036123276,1,-4.084201813,1,-5.590625286,1,0.239342317,1,3.707369328,1,-1.775536537,1,-1.064279795,0,-1.103718996,0,-0.259426624,0
67.10975647,-3.322690487,1,-3.967996597,1,-5.600829601,1,0.293659091,1,3.851386309,1,-1.897661567,1,-1.030007601,0,-1.102511525,0,-0.296622694,0
67.11375427,-3.528143644,1,-4.010653019,1,-5.646995544,1,0.347110868,1,3.988714933,1,-2.008816481,1,-0.994323969,0,-1.100822449,0,-0.335193932,0
67.11774445,-3.784226418,1,-3.962035179,1,-5.646468639,1,0.390862972,1,4.119432449,1,-2.126774549,1,-0.957375944,0,-1.098586202,0,-0.375005364,0
67.12174988,-3.98576808,1,-4.011302471,1,-5.631227493,1,0.434377223,1,4.243443012,1,-2.243696213,1,-0.919335127,0,-1.095748425,0,-0.415895641,0
67.12574768,-4.210033417,1,-4.011280537,1,-5.638164997,1,0.474616885,1,4.351063251,1,-2.353742123,1,-0.880373776,0,-1.092251062,0,-0.457704186,0
67.12974548,-4.376650333,1,-4.059971333,1,-5.569115162,1,0.501081288,1,4.469003677,1,-2.459081173,1,-0.84073323,0,-1.088041663,0,-0.500213325,0
67.13375092,-4.627884865,1,-4.115205765,1,-5.630895615,1,0.531380117,1,4.569913864,1,-2.567415237,1,-0.800579071,0,-1.083082914,0,-0.543267012,0
67.13774872,-4.808541298,1,-4.035894871,1,-5.629751205,1,0.553959489,1,4.665318489,1,-2.666947842,1,-0.760158956,0,-1.077315688,0,-0.58663559,0
67.14174652,-5.045566559,1,-4.024452209,1,-5.738844395,1,0.576520801,1,4.740937233,1,-2.768331766,1,-0.719676971,0,-1.070747614,0,-0.630110085,0
67.14575195,-5.195025444,1,-4.024778843,1,-5.769124031,1,0.588813007,1,4.823416233,1,-2.862340689,1,-0.679338694,0,-1.063358068,0,-0.673510611,0
67.14974976,-5.535851002,1,-4.051394463,1,-5.797152996,1,0.601508856,1,4.899334908,1,-2.954774618,1,-0.639350414,0,-1.055130601,0,-0.716632485,0
67.15374756,-5.785511971,1,-4.12664175,1,-5.829015732,1,0.610704482,1,4.968198299,1,-3.032304764,1,-0.599897623,0,-1.046013713,0,-0.759301662,0
67.15774536,-5.982975006,1,-4.117887974,1,-5.9249053,1,0.624584913,1,5.035885334,1,-3.105079889,1,-0.561147332,0,-1.036017656,0,-0.8013345,0
67.16174316,-6.179086208,1,-4.06116581,1,-5.986307621,1,0.641520798,1,5.097463131,1,-3.180220366,1,-0.5232355,0,-1.025148153,0,-0.842596173,0
67.1657486,-6.475800514,1,-4.036710262,1,-6.055689812,1,0.658032417,1,5.16357708,1,-3.248449802,1,-0.486204952,0,-1.013393521,0,-0.883018732,0
67.1697464,-6.707695007,1,-3.934077263,1,-6.18538332,1,0.679202735,1,5.226615429,1,-3.310655355,1,-0.450165153,0,-1.000767589,0,-0.922498465,0
67.1737442,-6.886600018,1,-3.869456291,1,-6.272868633,1,0.709200859,1,5.28347826,1,-3.369858265,1,-0.415193766,0,-0.987280905,0,-0.960915089,0
67.177742,-6.943739891,1,-3.871249199,1,-6.379138947,1,0.736119747,1,5.330437183,1,-3.423578024,1,-0.381359518,0,-0.972970843,0,-0.998186827,0
67.18174744,-7.062645435,1,-3.780765295,1,-6.523425102,1,0.771573305,1,5.367697239,1,-3.472941875,1,-0.348695338,0,-0.957903743,0,-1.034244061,0
67.18574524,-7.216383934,1,-3.667041779,1,-6.745121479,1,0.818667293,1,5.39031601,1,-3.507339478,1,-0.317237496,0,-0.942139685,0,-1.069016099,0
67.18974304,-7.408909798,1,-3.717246294,1,-6.903074265,1,0.857452989,1,5.41312933,1,-3.539076805,1,-0.28700608,0,-0.92570442,0,-1.102443457,0
67.19374847,-7.526584625,1,-3.900770903,1,-7.039972305,1,0.909802735,1,5.427195072,1,-3.560232401,1,-0.260054439,0,-0.9087798,0,-1.121980429,0
67.19774628,-7.792624474,1,-4.01222229,1,-7.27793169,1,0.964705467,1,5.436609268,1,-3.571764231,1,-0.232200101,0,-0.891184807,0,-1.152749062,0
67.20175171,-8.066765785,1,-4.128177643,1,-7.490691662,1,1.02718854,1,5.444609165,1,-3.576868773,1,-0.205509216,0,-0.87304467,0,-1.182153225,0
67.20574951,-8.449770927,1,-4.180374146,1,-7.778699398,1,1.095203042,1,5.450983524,1,-3.585026741,1,-0.179920271,0,-0.854404271,0,-1.210226655,0
67.20974731,-8.837081909,1,-4.324987888,1,-8.035470009,1,1.168077469,1,5.461091518,1,-3.586752415,1,-0.155373245,0,-0.835282505,0,-1.237009406,0
67.21374512,-9.223359108,1,-4.51476717,1,-8.31763649,1,1.246370792,1,5.471512794,1,-3.595863104,1,-0.131765962,0,-0.81569469,0,-1.262572169,0
67.21775055,-9.604902267,1,-4.764231205,1,-8.581521988,1,1.322312951,1,5.470236301,1,-3.594776392,1,-0.10902933,0,-0.795691967,0,-1.286967874,0
67.22174835,-10.01055527,1,-5.038430214,1,-8.854352951,1,1.396692991,1,5.470000744,1,-3.606039762,1,-0.087105364,0,-0.775315642,0,-1.310269594,0
67.22574616,-10.44950867,1,-5.370622635,1,-9.200413704,1,1.468436956,1,5.467817307,1,-3.613093138,1,-0.065944657,0,-0.754608989,0,-1.332542658,0
67.22974396,-11.04561138,1,-5.774908543,1,-9.581835747,1,1.544114947,1,5.46163559,1,-3.633779049,1,-0.045470711,0,-0.733594954,0,-1.353868961,0
67.23374176,-11.74290371,1,-6.084971428,1,-9.94244194,1,1.616142392,1,5.457009315,1,-3.663116693,1,-0.025604157,0,-0.712294936,0,-1.374346852,0
67.23774719,-12.65347958,1,-6.550477028,1,-10.36561108,1,1.692756176,1,5.459240437,1,-3.707623005,1,-0.006239623,0,-0.690708399,0,-1.394086361,0
67.241745,-13.77550316,1,-7.118074894,1,-10.75024414,1,1.754669547,1,5.47189045,1,-3.764259815,1,0.012673559,0,-0.66880393,0,-1.413207531,0
67.2457428,-14.98809147,1,-7.717113972,1,-11.16951752,1,1.797122359,1,5.497806072,1,-3.841337442,1,0.031145968,0,-0.646540284,0,-1.431792974,0
67.2497406,-15.99846935,1,-8.421434402,1,-11.53000164,1,1.822030663,1,5.525274754,1,-3.946481466,1,0.049206935,0,-0.623878717,0,-1.450023055,0
67.25374603,-16.98646927,1,-9.124184608,1,-11.91776371,1,1.814364672,1,5.547049522,1,-4.079263687,1,0.066826135,0,-0.600829244,0,-1.468024492,0
67.25774384,-17.85936737,1,-9.695964813,1,-12.32190037,1,1.772412419,1,5.55103159,1,-4.223633289,1,0.083948746,0,-0.577440441,0,-1.485922337,0
67.26174164,-18.76791573,1,-10.04912186,1,-12.71282482,1,1.717111707,1,5.526106358,1,-4.409008503,1,0.100549728,0,-0.553783774,0,-1.503859639,0
67.26574707,-19.88224602,1,-10.12918854,1,-13.01153183,1,1.652753592,1,5.484657288,1,-4.597690105,1,0.116626769,0,-0.529942632,0,-1.521971107,0
67.26974487,-20.93566895,1,-9.75129509,1,-13.12716293,1,1.609319568,1,5.414415836,1,-4.820178032,1,0.132244363,0,-0.505969346,0,-1.540352225,0
67.27374268,-22.33354568,1,-8.262505531,1,-12.781991,1,1.605662942,1,5.318879128,1,-5.071873665,1,0.147592619,0,-0.481958032,0,-1.559190154,0
67.27774048,-22.16061211,1,-3.213354349,1,-13.27466297,1,1.692591429,1,5.153196812,1,-5.407535553,1,0.163019553,0,-0.457992673,0,-1.578769803,0
67.28173828,-22.47031975,1,-1.872968912,1,-13.38827324,1,1.845895767,1,4.934042931,1,-5.738859177,1,0.178944364,0,-0.434313983,0,-1.599319816,0
67.28574371,-24.00368309,1,-1.484182119,1,-12.89979839,1,2.06264925,1,4.732703686,1,-6.009142876,1,0.195509315,0,-0.410925269,0,-1.620718122,0
67.28974152,-25.92580986,1,-0.332684755,1,-12.34042072,1,2.300276279,1,4.533453465,1,-6.199370861,1,0.212755844,0,-0.387828827,0,-1.642620087,0
67.29373932,-27.65215492,1,0.278220892,1,-11.03095055,1,2.562601328,1,4.358807564,1,-6.34171629,1,0.230611235,0,-0.364966154,0,-1.66473949,0
67.29773712,-29.47542,1,0.186055258,1,-9.443476677,1,2.780787706,1,4.217840195,1,-6.445196629,1,0.248983935,0,-0.342229426,0,-1.686892152,0
67.30174255,-30.74882126,1,0.048295528,1,-7.668244839,1,2.915562391,1,4.059718609,1,-6.505325317,1,0.267544061,0,-0.319600105,0,-1.708919764,0
67.30574036,-31.0768528,1,-0.409773558,1,-5.888670921,1,2.949380636,1,3.866901636,1,-6.501132488,1,0.28589803,0,-0.297226578,0,-1.730648637,0
67.30973816,-30.91058731,1,-0.886378944,1,-4.088378906,1,2.887346506,1,3.642995358,1,-6.424883842,1,0.303604245,0,-0.275329411,0,-1.75190568,0
67.31373596,-30.43329811,1,-0.718589783,1,-2.524077415,1,2.740350962,1,3.373885632,1,-6.277486801,1,0.320268869,0,-0.254157513,0,-1.772506237,0
67.31773377,-29.40211296,1,0.709383011,1,-1.124137402,1,2.586446285,1,3.06474185,1,-6.083993912,1,0.33570981,0,-0.233984604,0,-1.79235518,0
67.3217392,-27.66935158,1,3.582360506,1,0.039573088,1,2.497348785,1,2.689885139,1,-5.835281849,1,0.350106835,0,-0.215121284,0,-1.811422348,0
67.32574463,-26.23989868,1,7.477684498,1,0.727070034,1,2.513800859,1,2.273056746,1,-5.562458038,1,0.36383456,0,-0.197850138,0,-1.829697251,0
67.32974243,-26.03211403,1,11.29795742,1,1.579763651,1,2.666344166,1,1.8555125,1,-5.311141014,1,0.377486348,0,-0.182287887,0,-1.847306013,0
67.33374023,-27.02666473,1,13.59123516,1,2.333059549,1,2.903022051,1,1.506224871,1,-5.055487633,1,0.391576111,0,-0.168283626,0,-1.864279509,0
67.33774567,-28.27142715,1,14.41302204,1,2.954121351,1,3.162113667,1,1.198518872,1,-4.755862713,1,0.406319857,0,-0.155681103,0,-1.88049221,0
67.34174347,-28.89046097,1,14.65983677,1,3.707446337,1,3.364322186,1,0.896680713,1,-4.408898354,1,0.421676517,0,-0.144468218,0,-1.895772696,0
67.34574127,-29.50898743,1,14.60587215,1,4.414507389,1,3.487659454,1,0.586832643,1,-4.022090912,1,0.437375844,0,-0.134743899,0,-1.910002112,0
67.34973908,-30.60279274,1,14.06403446,1,5.071128368,1,3.509501934,1,0.313036144,1,-3.629145384,1,0.453129679,0,-0.126542747,0,-1.923167706,0
67.35373688,-31.74215698,1,12.54432583,1,5.602995872,1,3.374078751,1,0.103005126,1,-3.227364302,1,0.468423069,0,-0.119719066,0,-1.935193181,0
67.35774231,-31.68766403,1,9.551164627,1,5.788148403,1,3.013739824,1,-0.062499557,1,-2.767660141,1,0.482491434,0,-0.114130139,0,-1.945878625,0
67.36174011,-31.14306641,1,6.462278366,1,6.078066826,1,2.433331966,1,-0.208476052,1,-2.260633469,1,0.494460672,0,-0.109890148,0,-1.95508194,0
67.36573792,-30.03743935,1,3.927191973,1,5.707578659,1,1.711520195,1,-0.367648661,1,-1.734392405,1,0.503599882,0,-0.107064188,0,-1.962694526,0
67.36973572,-28.94158554,1,2.46938777,1,5.31218338,1,0.936714709,1,-0.519492865,1,-1.204738259,1,0.509522676,0,-0.105784543,0,-1.96872437,0
67.37374115,-27.46284294,1,2.186704397,1,4.456724167,1,0.184736446,1,-0.672645211,1,-0.697544754,1,0.512227774,0,-0.106013007,0,-1.973219633,0
67.37773895,-26.19642067,1,2.59068346,1,3.749922991,1,-0.48032999,1,-0.802299261,1,-0.203236595,1,0.511927962,0,-0.107718706,0,-1.976257563,0
67.38173676,-22.40168381,1,1.439186454,1,0.049399193,1,-1.050659299,1,-0.963549793,1,0.272508919,1,0.509069264,0,-0.110814273,0,-1.977862835,0
67.38574219,-4.227045536,1,-11.00122738,1,-1.219437599,1,-2.197887897,1,-1.960018277,1,1.314413786,1,0.502445757,0,-0.117087796,0,-1.977843285,0
67.38973999,-30.06512642,1,9.990586281,1,-2.711543798,1,-2.165500402,1,-2.64810133,1,2.024194956,1,0.493447065,0,-0.129178613,0,-1.976436138,0
67.39373779,6.282609463,1,0.967481017,1,-1.601549029,1,-2.423435211,1,-1.984904528,1,1.853222847,1,0.483983338,0,-0.140826449,0,-1.973782063,0
67.3977356,13.53567219,1,-8.272173882,1,-11.32470131,1,-2.5025177,1,-2.360408545,1,1.897917509,1,0.47371912,0,-0.151759624,0,-1.971110225,0
67.4017334,-2.387717247,1,-11.48326397,1,-14.93504715,1,-2.808202505,1,-2.623063803,1,2.08653307,1,0.462730795,0,-0.164540157,0,-1.968555331,0
67.4057312,8.042891502,1,-11.39027309,1,-17.93006134,1,-2.842798233,1,-2.201144218,1,2.099377394,1,0.450714916,0,-0.176849782,0,-1.965212107,0
67.40973663,13.03325081,1,-9.469032288,1,-19.70337677,1,-2.574070692,1,-2.389244318,1,2.154959917,1,0.439197958,0,-0.18871136,0,-1.96134305,0
67.41373444,8.58228302,1,-9.561009407,1,-14.39024544,1,-2.605938435,1,-2.736768484,1,1.93333745,1,0.428228378,0,-0.201430961,0,-1.958127856,0
67.41773224,10.02684975,1,-4.179964066,1,-8.807992935,1,-2.581119061,1,-3.247757673,1,1.905024886,1,0.417426705,0,-0.215396225,0,-1.956016064,0
67.42173767,11.17752266,1,1.608335972,1,-6.113526344,1,-2.549640417,1,-4.137309551,1,2.159100056,1,0.406758845,0,-0.232104778,0,-1.954491615,0
67.42573547,9.222474098,1,6.997817039,1,-8.547496796,1,-2.090178967,1,-5.086661816,1,2.559439182,1,0.397041202,0,-0.25283131,0,-1.95294714,0
67.42973328,-2.547320127,1,4.036446571,1,-13.73938942,1,-1.96863246,1,-5.877747536,1,2.518125534,1,0.38871187,0,-0.277123928,0,-1.951881766,0
67.43373871,-12.16186428,1,7.998295784,1,-15.20322323,1,-1.763311267,1,-5.877191544,1,2.435890913,1,0.381126225,0,-0.302795231,0,-1.951625586,0
67.43773651,-18.7310009,1,5.887377739,1,-17.79371262,1,-1.719516397,1,-5.619907379,1,2.455431461,1,0.374013066,0,-0.327778101,0,-1.950985074,0
67.44173431,-22.0874424,1,6.159130096,1,-18.55795288,1,-1.569472551,1,-5.102705956,1,2.510705709,1,0.366898656,0,-0.351439059,0,-1.949412107,0
67.44574738,-20.77701187,1,5.66943264,1,-18.61615753,1,-1.360252738,1,-4.631857395,1,2.665103197,1,0.358204484,0,-0.37425217,0,-1.952435851,0
67.44973755,-18.37166405,1,3.900244713,1,-18.29562569,1,-1.259902358,1,-4.235301018,1,2.884171724,1,0.351286113,0,-0.394707561,0,-1.947868466,0
67.45373535,-19.17120743,1,2.550015688,1,-15.83888912,1,-1.1626302,1,-3.864900112,1,3.119881392,1,0.343987226,0,-0.414046288,0,-1.941590071,0
67.45774078,-21.98797989,1,-2.493301868,1,-13.33608246,1,-1.147832394,1,-3.422637701,1,3.193677902,1,0.33622849,0,-0.432046294,0,-1.933824778,0
67.46173859,-23.51458549,1,-7.692724705,1,-9.970262527,1,-1.234994769,1,-2.854955435,1,3.049982786,1,0.327887058,0,-0.448038995,0,-1.925216079,0
67.46573639,-20.50938988,1,-12.32071877,1,-7.319348812,1,-1.42838788,1,-2.474445581,1,2.73171401,1,0.318860292,0,-0.461740822,0,-1.916811347,0
67.46973419,-17.34823799,1,-13.93491745,1,-5.181150436,1,-1.782323718,1,-2.108004808,1,2.405696154,1,0.308907688,0,-0.473600924,0,-1.908962846,0
67.473732,-11.5594883,1,-12.06861305,1,-4.821298122,1,-2.036144495,1,-2.03256321,1,2.12690711,1,0.298126787,0,-0.484173626,0,-1.902051926,0
67.47773743,-10.91403866,1,-9.361692429,1,-6.314796925,1,-2.307344913,1,-1.942596436,1,1.849953651,1,0.286563993,0,-0.494100481,0,-1.895998478,0
67.48174286,-14.0368433,1,-6.65651989,1,-11.30504608,1,-2.456805706,1,-1.655173302,1,1.554091334,1,0.274573207,0,-0.503008604,0,-1.89081049,0
67.48574066,-18.04177094,1,-1.848975897,1,-14.09490108,1,-2.31038475,1,-1.123176455,1,1.194673538,1,0.262816876,0,-0.509847701,0,-1.886478901,0
67.48973846,-19.73512459,1,4.700642586,1,-14.63734722,1,-1.945694208,1,-0.471867472,1,1.026789427,1,0.252340764,0,-0.514018118,0,-1.882540345,0
67.49373627,-14.09573269,1,8.649231911,1,-12.90237617,1,-1.547415972,1,-0.078424133,1,1.004410744,1,0.243262812,0,-0.515973389,0,-1.878312111,0
67.49773407,-8.171391487,1,5.847148895,1,-11.40071869,1,-1.217545033,1,-0.084376536,1,0.895142972,1,0.235730246,0,-0.517140329,0,-1.874108911,0
67.5017395,-6.814515114,1,-0.621729195,1,-11.24408436,1,-0.941261053,1,-0.182712168,1,0.621403694,1,0.229752898,0,-0.518380642,0,-1.87082696,0
67.50573731,-7.003130913,1,-5.023997307,1,-10.35836983,1,-0.799452662,1,-0.243050724,1,0.466397256,1,0.225267813,0,-0.519724905,0,-1.868679523,0
67.50973511,-6.764794827,1,-4.529298782,1,-8.219706535,1,-0.732610047,1,-0.23469542,1,0.473376662,1,0.221285746,0,-0.521064103,0,-1.866834879,0
67.51373291,-5.527430058,1,-4.829395771,1,-7.933587551,1,-0.77671361,1,-0.206294969,1,0.530091405,1,0.217290044,0,-0.522362351,0,-1.864808559,0
67.51773834,-6.148662567,1,-3.683113337,1,-8.919260979,1,-0.772132993,1,-0.185686722,1,0.574772298,1,0.212999135,0,-0.523611069,0,-1.86248517,0
67.52173615,-5.77631712,1,-3.052765131,1,-8.53241539,1,-0.742903054,1,-0.153371289,1,0.576202929,1,0.208771959,0,-0.524734914,0,-1.860052466,0
67.52573395,-4.750163555,1,-2.912963152,1,-8.527032852,1,-0.737179935,1,-0.169992298,1,0.570956171,1,0.204586372,0,-0.525844753,0,-1.857612848,0
67.52973938,-4.996056557,1,-2.113224506,1,-9.122092247,1,-0.708114207,1,-0.180836394,1,0.54312551,1,0.20049943,0,-0.526984096,0,-1.855255961,0
67.53373718,-4.586645603,1,-1.246901155,1,-8.983255386,1,-0.650668442,1,-0.190544054,1,0.509350836,1,0.196666613,0,-0.528119266,0,-1.853037477,0
67.53773499,-4.809898853,1,-0.898889124,1,-8.892287254,1,-0.582099259,1,-0.201732516,1,0.482858986,1,0.193143472,0,-0.52927196,0,-1.850939155,0
67.54173279,-5.903334618,1,-1.305043578,1,-8.937093735,1,-0.51562649,1,-0.197867513,1,0.446000367,1,0.189954504,0,-0.530418694,0,-1.849006772,0
67.54573059,-5.618134499,1,-2.048967361,1,-8.894684792,1,-0.463485211,1,-0.185545146,1,0.418178886,1,0.187096506,0,-0.5314942,0,-1.847208858,0
67.54973602,-4.619112015,1,-2.80272007,1,-9.143313408,1,-0.454500467,1,-0.204125077,1,0.428454965,1,0.184373766,0,-0.53256762,0,-1.845456123,0
67.55373383,-4.533602238,1,-2.6742208,1,-9.225561142,1,-0.43769154,1,-0.229067519,1,0.440154314,1,0.181680962,0,-0.533724844,0,-1.843660116,0
67.55773163,-4.561688423,1,-2.381085157,1,-8.938755035,1,-0.427477002,1,-0.259516537,1,0.442118108,1,0.179018736,0,-0.535014808,0,-1.841833591,0
67.56173706,-5.284644604,1,-2.157747269,1,-8.750763893,1,-0.416182071,1,-0.265451968,1,0.439764202,1,0.176409706,0,-0.536379516,0,-1.840034723,0
67.56574249,-5.097569466,1,-3.00342226,1,-8.33952713,1,-0.423982471,1,-0.266223341,1,0.43363142,1,0.173814312,0,-0.53773129,0,-1.838233709,0
67.5697403,-4.886632442,1,-4.203934193,1,-8.217326164,1,-0.449017525,1,-0.267491758,1,0.43987453,1,0.171158865,0,-0.539078534,0,-1.836451292,0
67.5737381,-4.896037102,1,-4.101885319,1,-8.135799408,1,-0.486616105,1,-0.257426739,1,0.437616587,1,0.168347403,0,-0.540405393,0,-1.83464396,0
67.5777359,-5.093025684,1,-3.045225143,1,-8.23183918,1,-0.504403234,1,-0.253268749,1,0.43172738,1,0.165426508,0,-0.54170835,0,-1.832832098,0
67.5817337,-5.730226517,1,-1.097573638,1,-8.527409554,1,-0.479264647,1,-0.24272202,1,0.40248704,1,0.162566394,0,-0.54295969,0,-1.831108332,0
67.58573914,-5.387587547,1,0.22378391,1,-8.656323433,1,-0.41694361,1,-0.225352183,1,0.354069889,1,0.159949616,0,-0.544126391,0,-1.829537749,0
67.58973694,-5.099250793,1,0.299764603,1,-8.927629471,1,-0.354018778,1,-0.23335579,1,0.299324304,1,0.157725692,0,-0.545240879,0,-1.828206062,0
67.59373474,-4.91277504,1,-0.165626988,1,-8.859534264,1,-0.280211449,1,-0.246647209,1,0.255624563,1,0.155892476,0,-0.546362698,0,-1.827104688,0
67.59773254,-4.87282896,1,-0.809962153,1,-8.701459885,1,-0.229142353,1,-0.267001152,1,0.22811389,1,0.154384211,0,-0.547529042,0,-1.826172948,0
67.60173798,-5.058802128,1,-1.436842799,1,-8.763615608,1,-0.198876724,1,-0.277616054,1,0.207186416,1,0.15310885,0,-0.548735678,0,-1.825362086,0
67.60573578,-5.090088367,1,-1.695152402,1,-8.6195364,1,-0.167301744,1,-0.279197544,1,0.190366894,1,0.151991442,0,-0.549956143,0,-1.824637532,0
67.60973358,-4.753161907,1,-1.83045423,1,-8.767337799,1,-0.1455549,1,-0.291466445,1,0.17489703,1,0.151033133,0,-0.551199615,0,-1.823993444,0
67.61373138,-4.586577892,1,-1.741427898,1,-8.883285522,1,-0.125169873,1,-0.300446302,1,0.170202807,1,0.150180921,0,-0.5524773,0,-1.823402882,0
67.61772919,-4.570550442,1,-1.870100975,1,-8.874103546,1,-0.112483218,1,-0.307463169,1,0.175120667,1,0.149407193,0,-0.553783655,0,-1.822820783,0
67.62173462,-4.772503376,1,-2.224418402,1,-8.588004112,1,-0.099183992,1,-0.313055694,1,0.178388223,1,0.148676947,0,-0.555122197,0,-1.822221637,0
67.62573242,-4.982674599,1,-2.910665989,1,-8.198754311,1,-0.102725357,1,-0.306628019,1,0.203861699,1,0.147914842,0,-0.556465387,0,-1.82154882,0
67.62973023,-5.130960464,1,-3.478107691,1,-7.88850975,1,-0.115041859,1,-0.284488261,1,0.219527006,1,0.147068158,0,-0.557761073,0,-1.820778847,0
67.63372803,-4.999193668,1,-3.625150442,1,-7.873390198,1,-0.145176068,1,-0.267346114,1,0.246690407,1,0.14607574,0,-0.559000373,0,-1.8198843,0
67.63773346,-5.165810585,1,-3.085419655,1,-7.759457111,1,-0.151865736,1,-0.24459663,1,0.26930061,1,0.14493005,0,-0.560169935,0,-1.81885922,0
67.64173126,-5.082489014,1,-2.791647673,1,-7.843648434,1,-0.16478081,1,-0.226612255,1,0.285975486,1,0.143702909,0,-0.56126076,0,-1.817727327,0
67.64572907,-5.204421043,1,-2.272298098,1,-7.93611145,1,-0.156886816,1,-0.21813415,1,0.290590882,1,0.142405167,0,-0.562307537,0,-1.81651783,0
67.6497345,-4.987020493,1,-1.841962218,1,-8.068015099,1,-0.151063308,1,-0.211374909,1,0.292657942,1,0.141120315,0,-0.563327968,0,-1.815296173,0
67.6537323,-5.024670601,1,-1.252861261,1,-8.222322464,1,-0.098272137,1,-0.214238569,1,0.296642989,1,0.139955252,0,-0.564329684,0,-1.814052463,0
67.6577301,-4.960191727,1,-1.446883798,1,-8.324932098,1,-0.061535783,1,-0.222183019,1,0.30589968,1,0.138958871,0,-0.565365851,0,-1.812778115,0
67.66172791,-4.898316383,1,-2.249681711,1,-8.407733917,1,-0.058558643,1,-0.248700798,1,0.305892736,1,0.138045892,0,-0.566469967,0,-1.811498523,0
67.66572571,-4.821804047,1,-2.124900341,1,-8.469597816,1,-0.078649178,1,-0.28211835,1,0.297057927,1,0.137079448,0,-0.567692816,0,-1.810250044,0
67.66973114,-4.945151329,1,-1.634539366,1,-8.488974571,1,-0.037994139,1,-0.294237018,1,0.303947151,1,0.136194617,0,-0.568993628,0,-1.80902946,0
67.67372894,-4.679957867,1,-1.971166968,1,-8.593583107,1,-0.034559667,1,-0.314902008,1,0.308709025,1,0.135388315,0,-0.570366323,0,-1.80777204,0
67.67772675,-4.692194939,1,-1.786932468,1,-8.640857697,1,-0.023482066,1,-0.337783784,1,0.286313921,1,0.134617224,0,-0.571819186,0,-1.80657804,0
67.68173218,-4.739418507,1,-1.304726839,1,-8.68619442,1,-0.013100685,1,-0.367651254,1,0.276817262,1,0.133938134,0,-0.573373258,0,-1.805464029,0
67.68573761,-4.811295509,1,-0.708928823,1,-8.899114609,1,0.025831271,1,-0.399357498,1,0.261044651,1,0.133397937,0,-0.575042307,0,-1.804451704,0
67.68973541,-4.844249725,1,-0.954051077,1,-8.794435501,1,0.040726785,1,-0.431204557,1,0.240925863,1,0.133026868,0,-0.576825142,0,-1.803525686,0
67.69373322,-4.949084282,1,-1.104787111,1,-8.639920235,1,0.045266092,1,-0.458298117,1,0.21166724,1,0.118975967,0,-0.661291003,0,-1.737462878,0
67.69773102,-5.059680462,1,-1.167993784,1,-8.609808922,1,0.064886324,1,-0.483240396,1,0.191505402,1,0.118748873,0,-0.663264751,0,-1.736732841,0
67.70172882,-4.821171761,1,-1.44565022,1,-8.441133499,1,0.078575432,1,-0.498420328,1,0.181063354,1,0.118654899,0,-0.665304482,0,-1.736094117,0
67.70573425,-5.016480923,1,-1.498477459,1,-8.445555687,1,0.087146267,1,-0.518796146,1,0.173803657,1,0.118620262,0,-0.667412162,0,-1.735511899,0
67.70973206,-5.012014389,1,-1.647442222,1,-8.297760963,1,0.100090824,1,-0.531731367,1,0.16486159,1,0.118668683,0,-0.669579506,0,-1.734969735,0
67.71372986,-5.128709793,1,-1.794802785,1,-8.162316322,1,0.096052237,1,-0.538193166,1,0.16384545,1,0.11873965,0,-0.671773851,0,-1.734453559,0
67.71772766,-5.301644802,1,-1.975121379,1,-8.007100105,1,0.095990814,1,-0.538932562,1,0.164527506,1,0.118817493,0,-0.673990905,0,-1.733951807,0
67.72173309,-5.289934635,1,-1.991706133,1,-7.902363777,1,0.092642903,1,-0.541863918,1,0.163318574,1,0.11887715,0,-0.676210165,0,-1.733448625,0
67.7257309,-5.387989521,1,-2.125299215,1,-7.863395691,1,0.080181196,1,-0.532569468,1,0.168908268,1,0.118890211,0,-0.678414643,0,-1.732917309,0
67.7297287,-5.33962059,1,-2.134757996,1,-7.755900383,1,0.069846071,1,-0.528295219,1,0.17344901,1,0.118842997,0,-0.680604339,0,-1.732372761,0
67.73373413,-5.381354332,1,-2.172134876,1,-7.700528622,1,0.06361194,1,-0.519427001,1,0.167702883,1,0.118758686,0,-0.682757556,0,-1.73181951,0
67.73773193,-5.484165192,1,-2.204328775,1,-7.647997379,1,0.048504807,1,-0.508687437,1,0.171674907,1,0.118635222,0,-0.684893012,0,-1.731266499,0
67.74172974,-5.494865894,1,-2.27518034,1,-7.605856895,1,0.04057271,1,-0.498025745,1,0.172634214,1,0.118454918,0,-0.68698132,0,-1.730688453,0
67.74572754,-5.529471397,1,-2.312716007,1,-7.603726387,1,0.027690869,1,-0.485877275,1,0.171833724,1,0.118206367,0,-0.689020514,0,-1.730092883,0
67.74972534,-5.536393166,1,-2.357608318,1,-7.720000744,1,0.01348618,1,-0.478322715,1,0.179821998,1,0.117907643,0,-0.691014886,0,-1.729479909,0
67.75372315,-5.36034584,1,-2.285204172,1,-7.722384453,1,-0.002182081,1,-0.469154954,1,0.180476338,1,0.117512338,0,-0.692970157,0,-1.728836656,0
67.75772858,-5.427948952,1,-2.117167711,1,-7.776959419,1,-0.014337303,1,-0.466094047,1,0.188194841,1,0.117053255,0,-0.694903255,0,-1.728171587,0
67.76172638,-5.475791454,1,-2.047231197,1,-7.786304474,1,-0.017631641,1,-0.454877555,1,0.190638602,1,0.116545185,0,-0.696825981,0,-1.727486968,0
67.76572418,-5.480175495,1,-2.121300936,1,-7.755369186,1,-0.018157573,1,-0.451393515,1,0.190129399,1,0.116010427,0,-0.698722899,0,-1.726771951,0
67.76972961,-5.574841022,1,-2.217625618,1,-7.761640549,1,-0.027533809,1,-0.448961735,1,0.197521627,1,0.115449473,0,-0.700605333,0,-1.726045609,0
67.77372742,-5.418529034,1,-2.239861965,1,-7.734620094,1,-0.023480842,1,-0.444153666,1,0.20358175,1,0.114845648,0,-0.70247221,0,-1.725267768,0
67.77772522,-5.389932156,1,-2.221578836,1,-7.783638954,1,-0.020905117,1,-0.437996745,1,0.217298716,1,0.114204288,0,-0.704318345,0,-1.724425793,0
67.78172302,-5.485367298,1,-2.339890242,1,-7.826673508,1,-0.02748633,1,-0.439286083,1,0.224140406,1,0.113527082,0,-0.706167817,0,-1.723541021,0
67.78572083,-5.396913528,1,-2.313075304,1,-7.86252737,1,-0.044423245,1,-0.438372225,1,0.235929549,1,0.112764381,0,-0.708007753,0,-1.722594261,0
67.78972626,-5.41145277,1,-2.165996075,1,-7.967402935,1,-0.05570624,1,-0.451403052,1,0.241004407,1,0.111917868,0,-0.70988965,0,-1.72160244,0
67.79372406,-5.554010868,1,-2.010773897,1,-8.006983757,1,-0.060474947,1,-0.456171185,1,0.248293579,1,0.111020476,0,-0.711804032,0,-1.720577002,0
67.79772186,-5.505162716,1,-1.916105032,1,-8.021690369,1,-0.060165755,1,-0.463844389,1,0.253051192,1,0.110099129,0,-0.71374625,0,-1.71953547,0
67.8017273,-5.497450829,1,-1.86967659,1,-8.068226814,1,-0.056781918,1,-0.474339932,1,0.257000655,1,0.109164327,0,-0.715724885,0,-1.718467951,0
67.80573273,-5.370652199,1,-1.846058965,1,-8.142611504,1,-0.051003113,1,-0.491221786,1,0.262287557,1,0.108228028,0,-0.71774435,0,-1.717372417,0
67.80973053,-5.370143414,1,-1.956532359,1,-8.213652611,1,-0.048257254,1,-0.502334833,1,0.270598888,1,0.107295811,0,-0.719832838,0,-1.716252685,0
67.81372833,-5.261953354,1,-1.978374004,1,-8.23441124,1,-0.047003813,1,-0.524650335,1,0.272543788,1,0.106350638,0,-0.721991777,0,-1.715110898,0
67.81773377,-5.362313271,1,-1.944175005,1,-8.283535957,1,-0.050566249,1,-0.542708635,1,0.278716385,1,0.10538502,0,-0.724225521,0,-1.713948607,0
67.82172394,-5.402964592,1,-1.946436048,1,-8.22091198,1,-0.048755102,1,-0.566928506,1,0.29236266,1,0.104388252,0,-0.726551652,0,-1.712736011,0
67.82572937,-5.403512001,1,-2.036537886,1,-8.236104012,1,-0.052659661,1,-0.583001554,1,0.299970597,1,0.103365839,0,-0.728961349,0,-1.711499453,0
67.82972717,-5.399260044,1,-2.041062355,1,-8.292625427,1,-0.046606585,1,-0.608920813,1,0.30736506,1,0.102312662,0,-0.731459141,0,-1.710211754,0
67.83372498,-5.458671093,1,-1.990148902,1,-8.35134697,1,-0.051186159,1,-0.632313192,1,0.312743455,1,0.101228096,0,-0.73405838,0,-1.708882332,0
67.83773041,-5.440043926,1,-1.929803014,1,-8.318754196,1,-0.045185521,1,-0.663804173,1,0.325752288,1,0.100121014,0,-0.736767054,0,-1.707513213,0
67.84172821,-5.514470577,1,-1.891789913,1,-8.344945908,1,-0.039877616,1,-0.682571769,1,0.336057603,1,0.099008858,0,-0.739575565,0,-1.706105471,0
67.84572601,-5.511096478,1,-1.912869811,1,-8.374401093,1,-0.041331239,1,-0.709860563,1,0.345654756,1,0.09786804,0,-0.742495775,0,-1.704648495,0
67.84972382,-5.506244659,1,-1.957295418,1,-8.436565399,1,-0.048669994,1,-0.742194951,1,0.35652408,1,0.096670978,0,-0.745527864,0,-1.703130484,0
67.85372925,-5.409711838,1,-2.197819233,1,-8.305898666,1,-0.055331327,1,-0.765272141,1,0.369150579,1,0.095386952,0,-0.74867326,0,-1.701552987,0
67.85772705,-5.485576153,1,-2.24302125,1,-8.389929771,1,-0.06202893,1,-0.789310098,1,0.382345051,1,0.094036758,0,-0.75191009,0,-1.699912071,0
67.86172485,-5.451683998,1,-2.393131256,1,-8.182557106,1,-0.079890795,1,-0.815223575,1,0.395086467,1,0.092574783,0,-0.755261123,0,-1.698182583,0
67.86573029,-5.541826725,1,-2.550586224,1,-8.113826752,1,-0.105866097,1,-0.840388894,1,0.41086483,1,0.090975627,0,-0.758704662,0,-1.696400881,0
67.86972809,-5.599254608,1,-2.68173027,1,-8.337544441,1,-0.145332709,1,-0.85986799,1,0.421956241,1,0.08919096,0,-0.762245595,0,-1.69453156,0
67.87372589,-5.537549496,1,-2.399007559,1,-8.332924843,1,-0.185122445,1,-0.887338221,1,0.440594733,1,0.087176248,0,-0.76586622,0,-1.692578912,0
67.87772369,-5.450585365,1,-2.413867712,1,-8.444113731,1,-0.215896636,1,-0.924234688,1,0.456114858,1,0.084957875,0,-0.769621193,0,-1.690528989,0
67.8817215,-5.501387596,1,-2.565924883,1,-8.61471653,1,-0.23986131,1,-0.959360957,1,0.478525162,1,0.082536489,0,-0.773527026,0,-1.688367128,0
67.88572693,-3.85863018,1,-1.540455461,1,-6.13552618,1,-0.231174082,1,-0.875791609,1,0.429590106,1,0.079946771,0,-0.777187109,0,-1.686251283,0
67.88972473,-8.504965782,1,-0.864603102,1,-12.70610046,1,-0.120143697,1,-1.057179451,1,0.552936852,1,0.07778208,0,-0.781688929,0,-1.683927298,0
67.89372253,-4.710417747,1,-4.789396286,1,-6.920253754,1,-0.280328423,1,-1.104906559,1,0.576089501,1,0.075048879,0,-0.786039114,0,-1.681139231,0
67.89772034,-4.864247799,1,-6.714671135,1,-9.102726936,1,-0.442622811,1,-1.200476527,1,0.580988884,1,0.071630359,0,-0.790812492,0,-1.678373098,0
67.90172577,-4.863161564,1,-2.404007673,1,-9.646139145,1,-0.451104999,1,-1.267053723,1,0.700570762,1,0.067598693,0,-0.795919418,0,-1.675250173,0
67.90572357,-4.809039593,1,-2.532773256,1,-9.0843153,1,-0.42639482,1,-1.349020481,1,0.758077264,1,0.063180909,0,-0.80131644,0,-1.671552777,0
67.90972138,-5.645582676,1,-2.947802067,1,-9.210569382,1,-0.441178977,1,-1.433113813,1,0.769202709,1,0.058652185,0,-0.80704844,0,-1.667635798,0
67.91372681,-5.459762573,1,-2.128189564,1,-9.255819321,1,-0.477076054,1,-1.51965785,1,0.81281805,1,0.053855415,0,-0.813113034,0,-1.663556218,0
67.91772461,-5.198995113,1,-2.120570183,1,-9.637999535,1,-0.51676172,1,-1.609406471,1,0.82376802,1,0.048718907,0,-0.819531381,0,-1.659240842,0
67.92172241,-4.975625515,1,-1.416412234,1,-9.945857048,1,-0.536436141,1,-1.717887759,1,0.842440724,1,0.043358371,0,-0.82633239,0,-1.654791713,0
67.92572784,-4.959394455,1,-1.188947439,1,-9.819792747,1,-0.538387954,1,-1.846847177,1,0.858033061,1,0.037807938,0,-0.833585024,0,-1.650185943,0
67.92973328,-5.071615696,1,-1.168097973,1,-9.948254585,1,-0.54561013,1,-1.956527591,1,0.863187313,1,0.032111686,0,-0.841304243,0,-1.645450592,0
67.93373108,-5.053372383,1,-1.142181873,1,-9.986089706,1,-0.557091534,1,-2.086654663,1,0.873458028,1,0.026257621,0,-0.849490762,0,-1.64057529,0
67.93773651,-4.994152069,1,-1.269180417,1,-9.960001945,1,-0.550305665,1,-2.225985289,1,0.90202415,1,0.020202223,0,-0.858188868,0,-1.63547802,0
67.94173431,-5.041701794,1,-1.269298792,1,-9.940922737,1,-0.531814873,1,-2.373325825,1,0.923098385,1,0.013940711,0,-0.867447972,0,-1.630102754,0
67.94573212,-4.896263123,1,-1.310656428,1,-10.1462307,1,-0.490643829,1,-2.527653694,1,0.960551202,1,0.006571661,0,-0.87756294,0,-1.634217262,0
67.94972992,-4.901269913,1,-1.579230547,1,-10.76267815,1,-0.434679091,1,-2.696538448,1,1.003072619,1,-2.67E-05,0,-0.888014615,0,-1.628085613,0
67.95372772,-4.544392586,1,-1.348670483,1,-11.36464882,1,-0.363660723,1,-2.899973154,1,1.043133497,1,-0.006784372,0,-0.899180055,0,-1.621486902,0
67.95773315,-3.724910259,1,-1.150719762,1,-12.10934734,1,-0.260106087,1,-3.15311861,1,1.080750942,1,-0.013583569,0,-0.911211371,0,-1.614420295,0
67.96173096,-3.735220432,1,-1.219623327,1,-13.09276104,1,-0.15261583,1,-3.4674716,1,1.112610102,1,-0.020452676,0,-0.924379408,0,-1.606820107,0
67.96572876,-3.985809803,1,-1.561879158,1,-14.06884289,1,-0.052927401,1,-3.786402464,1,1.142607927,1,-0.027397644,0,-0.938758612,0,-1.598682761,0
67.96972656,-3.85171628,1,-2.344144344,1,-14.50230885,1,0.050925236,1,-4.121593475,1,1.195191622,1,-0.034536961,0,-0.954428375,0,-1.589872003,0
67.973732,-3.320751905,1,-4.24249506,1,-14.61895943,1,0.118579656,1,-4.497970104,1,1.296553493,1,-0.042266317,0,-0.971461415,0,-1.580030441,0
67.9777298,-3.71730423,1,-6.401098728,1,-14.55900955,1,0.110929579,1,-4.866160393,1,1.441699386,1,-0.051227182,0,-0.989920497,0,-1.568671465,0
67.9817276,-4.348792553,1,-9.094473839,1,-14.89713001,1,0.028262811,1,-5.206539154,1,1.64235723,1,-0.062272079,0,-1.00968647,0,-1.5551759,0
67.98573303,-5.194844246,1,-10.38134098,1,-14.99546337,1,-0.153375775,1,-5.524623871,1,1.893342614,1,-0.076386496,0,-1.030617714,0,-1.538882494,0
67.98973084,-7.880352974,1,-12.21992779,1,-14.70896053,1,-0.424617499,1,-5.744720936,1,2.197197914,1,-0.094779849,0,-1.052404881,0,-1.518894434,0
67.99372864,-10.0213995,1,-14.34160995,1,-14.47336102,1,-0.797114789,1,-5.85476017,1,2.486383438,1,-0.118367843,0,-1.074496388,0,-1.494641185,0
67.99772644,-11.38003349,1,-14.6816082,1,-14.97433567,1,-1.284371018,1,-5.86318779,1,2.725143671,1,-0.148020595,0,-1.096363664,0,-1.465823293,0
68.00172424,-14.19333744,1,-13.56120586,1,-15.7530241,1,-1.710063457,1,-5.787731171,1,2.923972845,1,-0.184020519,0,-1.117514968,0,-1.432297945,0
68.00572968,-14.92477703,1,-13.32412243,1,-16.02021599,1,-2.080559731,1,-5.650791168,1,3.196217775,1,-0.226607099,0,-1.137403488,0,-1.393558621,0
68.00972748,-12.77986145,1,-12.2741909,1,-15.63302135,1,-2.464790344,1,-5.630591393,1,3.469239712,1,-0.276786089,0,-1.155908704,0,-1.348489761,0
68.01372528,-14.37177753,1,-12.99281216,1,-16.92530441,1,-2.860066891,1,-5.632613182,1,3.623220205,1,-0.334759116,0,-1.173129201,0,-1.296980977,0
68.01772308,-17.69444847,1,-11.677104,1,-16.81900787,1,-3.087947607,1,-5.451916695,1,3.633735418,1,-0.399068683,0,-1.188649654,0,-1.240369916,0
68.02172852,-17.28926086,1,-11.84228134,1,-15.96033096,1,-3.29964304,1,-5.320043564,1,3.722789049,1,-0.468637586,0,-1.201985717,0,-1.17931819,0
68.02572632,-20.76153374,1,-10.80199814,1,-16.9187088,1,-3.446972132,1,-5.129675865,1,3.680031538,1,-0.543074727,0,-1.213133097,0,-1.114178538,0
68.02972412,-21.48556137,1,-9.785336494,1,-14.80965614,1,-3.490853786,1,-4.879606247,1,3.647830009,1,-0.619836926,0,-1.221799135,0,-1.047154784,0
68.03372955,-20.10452843,1,-12.24403572,1,-13.49086857,1,-3.667797565,1,-4.704837799,1,3.750874519,1,-0.698989511,0,-1.227911472,0,-0.978182256,0
68.03772736,-19.81819534,1,-14.04175091,1,-12.03105545,1,-4.05594492,1,-4.514824867,1,3.876311779,1,-0.781272471,0,-1.23125124,0,-0.907240272,0
68.04172516,-17.9775753,1,-11.20860291,1,-11.64008617,1,-4.404580593,1,-4.338286877,1,3.797143459,1,-0.864731014,0,-1.231982827,0,-0.836751461,0
68.04573059,-14.09421444,1,-8.54850769,1,-10.7415123,1,-4.686640263,1,-4.193851948,1,3.752137899,1,-0.947222173,0,-1.230695248,0,-0.768487334,0
68.04973602,-10.7001543,1,-8.263962746,1,-6.572137356,1,-4.891834736,1,-4.06431818,1,3.744655132,1,-1.028047204,0,-1.227167606,0,-0.703203559,0
68.05373383,-7.775670052,1,-5.764567375,1,-6.880983829,1,-5.209974289,1,-3.955318451,1,3.759323835,1,-1.107635975,0,-1.221797228,0,-0.639983892,0
68.05773926,-9.784089088,1,-5.487984657,1,-7.269522667,1,-5.500554562,1,-3.628696442,1,3.666763306,1,-1.183258891,0,-1.214520812,0,-0.58228898,0
68.06173706,-11.78868675,1,-5.82950449,1,-9.422585487,1,-5.587530136,1,-3.413000345,1,3.453444004,1,-1.253552675,0,-1.205936909,0,-0.530924499,0
68.06573486,-13.61058331,1,-5.535269737,1,-9.321836472,1,-5.509124756,1,-3.116827488,1,3.208842993,1,-1.31791997,0,-1.196877718,0,-0.485721499,0
68.06973267,-14.85779858,1,0.121341683,1,-8.677829742,1,-5.23117733,1,-3.104797363,1,3.006958008,1,-1.376675487,0,-1.187448978,0,-0.445679337,0
68.07373047,-27.62991524,1,3.277394056,1,-15.40940762,1,-4.552815437,1,-2.699046612,1,2.579759359,1,-1.42950511,0,-1.178405285,0,-0.409851909,0
68.0777359,-24.86105347,1,3.500226498,1,-17.10705948,1,-3.913528442,1,-1.808693528,1,2.212067366,1,-1.470533133,0,-1.169977784,0,-0.383690357,0
68.08174133,-10.92525959,1,1.297012806,1,-13.08460808,1,-3.249903202,1,-1.274630189,1,1.923798203,1,-1.500516295,0,-1.162271976,0,-0.36669752,0
68.08573914,-5.44788456,1,-1.792624474,1,-10.21132183,1,-2.623725176,1,-1.107333183,1,1.718822241,1,-1.524032235,0,-1.155294538,0,-0.353821218,0
68.08972931,-7.460722446,1,-3.956448555,1,-10.34994984,1,-2.212118387,1,-0.90376091,1,1.542240262,1,-1.543281674,0,-1.148938894,0,-0.343274653,0
68.09373474,-8.779658318,1,-4.977723598,1,-11.18379402,1,-1.99242115,1,-0.590497911,1,1.389770746,1,-1.558524847,0,-1.143136263,0,-0.335737795,0
68.09773254,-7.887029648,1,-5.880058289,1,-10.65717793,1,-1.866673708,1,-0.32254225,1,1.288577795,1,-1.570227146,0,-1.137810469,0,-0.3313241,0
68.10173035,-6.77982235,1,-6.941463947,1,-9.797931671,1,-1.802546024,1,-0.116118088,1,1.224856496,1,-1.579372525,0,-1.132783771,0,-0.329318047,0
68.10573578,-5.749440193,1,-7.944580555,1,-9.044341087,1,-1.812776089,1,0.085281119,1,1.155216098,1,-1.586611629,0,-1.128028393,0,-0.329291731,0
68.10973358,-4.196485996,1,-8.420437813,1,-8.2439785,1,-1.887692332,1,0.289971918,1,1.076406837,1,-1.592244744,0,-1.123578429,0,-0.331246346,0
68.11373138,-2.794126987,1,-8.316178322,1,-7.609405518,1,-1.982901216,1,0.470264137,1,1.00164628,1,-1.596607208,0,-1.119460702,0,-0.334993005,0
68.11773682,-1.966971636,1,-8.041126251,1,-7.172692299,1,-2.064831018,1,0.624505818,1,0.918005228,1,-1.599979997,0,-1.115689278,0,-0.340249717,0
68.12173462,-1.600389719,1,-7.731517315,1,-7.011321068,1,-2.132425547,1,0.780150831,1,0.835289776,1,-1.602449298,0,-1.112265706,0,-0.346850067,0
68.12573242,-1.232163906,1,-7.503396511,1,-6.703839302,1,-2.178317547,1,0.924559176,1,0.739086986,1,-1.603971481,0,-1.10922718,0,-0.354768515,0
68.12973023,-0.458880603,1,-7.328692436,1,-6.253744125,1,-2.211512327,1,1.066088676,1,0.628735721,1,-1.60458982,0,-1.106617451,0,-0.363890469,0
68.13372803,0.081624262,1,-7.155180454,1,-5.917779922,1,-2.222723007,1,1.188652873,1,0.530811608,1,-1.604341745,0,-1.104458094,0,-0.374094754,0
68.13773346,0.543631315,1,-7.035728455,1,-5.647224903,1,-2.216631413,1,1.307528257,1,0.421235025,1,-1.603207946,0,-1.102721095,0,-0.385307819,0
68.14173126,0.806151032,1,-7.025940418,1,-5.478056431,1,-2.200506449,1,1.422089815,1,0.301504642,1,-1.601194382,0,-1.101442814,0,-0.397472501,0
68.14572907,0.948471248,1,-7.067235947,1,-5.371825218,1,-2.17895627,1,1.52471137,1,0.196499899,1,-1.598299861,0,-1.100618839,0,-0.410539806,0
68.14972687,1.03343606,1,-7.247531414,1,-5.201133728,1,-2.158304691,1,1.635747552,1,0.083236985,1,-1.594511151,0,-1.100221753,0,-0.424522787,0
68.1537323,0.945123971,1,-7.449311256,1,-5.050485134,1,-2.13395071,1,1.744746208,1,-0.029806452,1,-1.589803576,0,-1.100265145,0,-0.439425379,0
68.1577301,0.692731917,1,-7.701237679,1,-5.01028347,1,-2.122855902,1,1.862597704,1,-0.140370101,1,-1.584119678,0,-1.100723267,0,-0.455340534,0
68.16172791,0.413414508,1,-7.969630718,1,-4.901313305,1,-2.110516787,1,1.993718266,1,-0.252629101,1,-1.577385068,0,-1.10158217,0,-0.472375631,0
68.16573334,0.058210146,1,-8.170051575,1,-4.893052101,1,-2.111039877,1,2.131557465,1,-0.368876308,1,-1.569517612,0,-1.102849722,0,-0.49064362,0
68.16973877,-0.394369066,1,-8.324821472,1,-4.853302479,1,-2.103046656,1,2.288678169,1,-0.488746583,1,-1.560394764,0,-1.104512095,0,-0.510297894,0
68.17373657,-0.784246564,1,-8.409258842,1,-4.905082703,1,-2.102360725,1,2.444953442,1,-0.615522504,1,-1.549891949,0,-1.106566906,0,-0.531466424,0
68.177742,-1.109140992,1,-8.538087845,1,-4.865430832,1,-2.107956171,1,2.606400251,1,-0.743637741,1,-1.537956476,0,-1.109006405,0,-0.554215789,0
68.18173981,-1.411587358,1,-8.590579033,1,-4.865306377,1,-2.101774216,1,2.770855188,1,-0.880268991,1,-1.524430394,0,-1.111834407,0,-0.578701675,0
68.18573761,-1.851203322,1,-8.849280357,1,-4.874827862,1,-2.094788551,1,2.943527699,1,-1.015863657,1,-1.509238005,0,-1.115007043,0,-0.604993224,0
68.18974304,-2.233850479,1,-8.911849976,1,-4.827985287,1,-2.094990492,1,3.11975956,1,-1.161813617,1,-1.492226839,0,-1.118502855,0,-0.633246183,0
68.19374085,-2.495044231,1,-8.891152382,1,-4.860300541,1,-2.091788292,1,3.286892414,1,-1.31072247,1,-1.473885059,0,-1.120971918,0,-0.674855947,0
68.19773865,-2.672215939,1,-8.834666252,1,-4.802286148,1,-2.086741686,1,3.459788561,1,-1.464884758,1,-1.453063726,0,-1.125045776,0,-0.707227409,0
68.20173645,-2.925931692,1,-8.7352705,1,-4.756569862,1,-2.067681074,1,3.626370907,1,-1.619000196,1,-1.430135489,0,-1.129347563,0,-0.741818964,0
68.20573425,-3.262420893,1,-8.662541389,1,-4.666452408,1,-2.041903496,1,3.787155867,1,-1.773686051,1,-1.404963732,0,-1.13379395,0,-0.778716207,0
68.20973206,-3.526489258,1,-8.600006104,1,-4.654886723,1,-2.005074739,1,3.950032711,1,-1.915719628,1,-1.37742281,0,-1.138292074,0,-0.818004608,0
68.21373749,-3.754683018,1,-8.507676125,1,-4.588159561,1,-1.969003081,1,4.107481956,1,-2.052782536,1,-1.347445607,0,-1.142734408,0,-0.859729648,0
68.21773529,-4.062152386,1,-8.458967209,1,-4.528944016,1,-1.919809818,1,4.241866589,1,-2.185332775,1,-1.315043449,0,-1.147011876,0,-0.903850675,0
68.22173309,-4.390462399,1,-8.48303318,1,-4.461386681,1,-1.87303257,1,4.383712292,1,-2.305484533,1,-1.280221343,0,-1.151005983,0,-0.950341225,0
68.22573853,-4.729354382,1,-8.525098801,1,-4.377362728,1,-1.811701536,1,4.516740322,1,-2.417774439,1,-1.242929935,0,-1.154593945,0,-0.999211431,0
68.22973633,-5.062999249,1,-8.556368828,1,-4.317177296,1,-1.759479284,1,4.648425579,1,-2.51874876,1,-1.203264475,0,-1.15763545,0,-1.050354123,0
68.23373413,-5.390426159,1,-8.528792381,1,-4.179082394,1,-1.702975035,1,4.77067852,1,-2.608422279,1,-1.161386371,0,-1.159995914,0,-1.103609562,0
68.23773193,-5.58870697,1,-8.552476883,1,-4.125032425,1,-1.637927294,1,4.88706398,1,-2.691634178,1,-1.117478371,0,-1.161550164,0,-1.158771396,0
68.24172974,-5.808355331,1,-8.557492256,1,-4.039136887,1,-1.568442464,1,4.99361372,1,-2.758112669,1,-1.071837902,0,-1.162188768,0,-1.215506077,0
68.24573517,-5.883863926,1,-8.543806076,1,-3.933266163,1,-1.494573593,1,5.087645531,1,-2.817300797,1,-1.024769902,0,-1.161795259,0,-1.273470044,0
68.24973297,-6.12599802,1,-8.495469093,1,-3.842358351,1,-1.414755702,1,5.169764519,1,-2.868708372,1,-0.976673663,0,-1.160298347,0,-1.332258701,0
68.25373077,-6.327450752,1,-8.555436134,1,-3.785696507,1,-1.329466224,1,5.244791508,1,-2.908744812,1,-0.927961946,0,-1.15762651,0,-1.391411066,0
68.25772858,-6.605886459,1,-8.605748177,1,-3.69646287,1,-1.238071799,1,5.310563087,1,-2.937826872,1,-0.879046559,0,-1.153759599,0,-1.450469971,0
68.26173401,-6.777338982,1,-8.650414467,1,-3.70634079,1,-1.141610384,1,5.36882782,1,-2.966259241,1,-0.830278516,0,-1.148644209,0,-1.50908339,0
68.26573181,-7.008687019,1,-8.695982933,1,-3.723086834,1,-1.041740894,1,5.4110322,1,-2.982510328,1,-0.782105803,0,-1.142310381,0,-1.56676209,0
68.26972961,-7.236951351,1,-8.774485588,1,-3.769149065,1,-0.927670062,1,5.444108963,1,-3.003921747,1,-0.734823227,0,-1.134777069,0,-1.623167276,0
68.27372742,-7.49757576,1,-8.740758896,1,-3.848673582,1,-0.815384686,1,5.472329617,1,-3.0152421,1,-0.688695073,0,-1.126104116,0,-1.678018451,0
68.27772522,-7.583051682,1,-8.712786674,1,-3.848730803,1,-0.694005609,1,5.483579636,1,-3.028269529,1,-0.643943071,0,-1.11634481,0,-1.731056213,0
68.28173065,-7.777936459,1,-8.749385834,1,-3.930329561,1,-0.568728209,1,5.491167545,1,-3.036744118,1,-0.600719631,0,-1.10557878,0,-1.782108068,0
68.28573608,-8.142473221,1,-8.750043869,1,-3.977058649,1,-0.434955567,1,5.49554348,1,-3.047561884,1,-0.559083283,0,-1.093871593,0,-1.831083059,0
68.28974152,-8.332673073,1,-8.751959801,1,-4.086408615,1,-0.294967741,1,5.492432594,1,-3.060762405,1,-0.519045532,0,-1.081282377,0,-1.877947569,0
68.29373932,-8.56932354,1,-8.770983696,1,-4.220427036,1,-0.150109991,1,5.491336823,1,-3.078010559,1,-0.480576426,0,-1.067877054,0,-1.922697425,0
68.29773712,-8.720095634,1,-8.840803146,1,-4.379300594,1,0.002015425,1,5.476046562,1,-3.091412783,1,-0.443626225,0,-1.053744435,0,-1.965373993,0
68.30173492,-9.05442524,1,-8.841780663,1,-4.58097887,1,0.159953445,1,5.455264091,1,-3.115103245,1,-0.408162653,0,-1.038964748,0,-2.005975008,0
68.30574036,-9.431724548,1,-8.83027935,1,-4.848433971,1,0.324167997,1,5.433135509,1,-3.144744396,1,-0.37400943,0,-1.023607373,0,-2.044659138,0
68.30973816,-9.948885918,1,-8.838008881,1,-5.071848392,1,0.477537394,1,5.41743803,1,-3.186508894,1,-0.341036558,0,-1.007709861,0,-2.081567764,0
68.31373596,-10.5042963,1,-8.948015213,1,-5.417314053,1,0.643529713,1,5.410624504,1,-3.242537498,1,-0.309079647,0,-0.991296768,0,-2.116892576,0
68.31773377,-11.03246498,1,-9.074875832,1,-5.732717991,1,0.790397823,1,5.419960499,1,-3.312995434,1,-0.277988553,0,-0.974350452,0,-2.150810242,0
68.3217392,-11.41870308,1,-9.258294106,1,-5.987290382,1,0.934537709,1,5.428967476,1,-3.390319109,1,-0.247677967,0,-0.956888676,0,-2.183466911,0
68.325737,-11.72076797,1,-9.464403152,1,-6.147603035,1,1.063228965,1,5.43726778,1,-3.477552652,1,-0.218099326,0,-0.938911855,0,-2.21497035,0
68.3297348,-11.85039997,1,-9.646558762,1,-6.363972664,1,1.177834749,1,5.445544243,1,-3.561331511,1,-0.189239353,0,-0.920441866,0,-2.24538064,0
68.33374023,-12.00213528,1,-9.786459923,1,-6.608565807,1,1.282221556,1,5.437263012,1,-3.657092094,1,-0.161104277,0,-0.901525319,0,-2.274757385,0
68.33773804,-12.22112465,1,-9.958911896,1,-6.832550049,1,1.372909546,1,5.41586256,1,-3.75985074,1,-0.133658856,0,-0.88221693,0,-2.303192139,0
68.34173584,-12.55067158,1,-10.17090893,1,-7.139587402,1,1.449553728,1,5.381790161,1,-3.883580446,1,-0.106860243,0,-0.862601519,0,-2.330811024,0
68.34573364,-13.00464249,1,-10.39711094,1,-7.384025574,1,1.508162737,1,5.340140343,1,-4.015014172,1,-0.080659442,0,-0.842725813,0,-2.357747555,0
68.34973145,-13.51573944,1,-10.66830921,1,-7.608791828,1,1.550173879,1,5.296476841,1,-4.161692619,1,-0.055014566,0,-0.822612345,0,-2.384135246,0
68.35373688,-13.93662739,1,-11.02620506,1,-8.030035019,1,1.564234853,1,5.238718033,1,-4.324878693,1,-0.029943738,0,-0.802277565,0,-2.410083771,0
68.35773468,-14.53674412,1,-11.35141182,1,-8.364800453,1,1.56409812,1,5.169232368,1,-4.50328207,1,-0.005425895,0,-0.781786263,0,-2.435728073,0
68.36173248,-15.20270634,1,-11.55789661,1,-8.832484245,1,1.545898914,1,5.09751749,1,-4.691949368,1,0.018545363,0,-0.761134982,0,-2.46118331,0
68.36573029,-15.87295246,1,-11.73114777,1,-9.337903023,1,1.525928378,1,5.00758028,1,-4.893621445,1,0.042002559,0,-0.740356445,0,-2.486548185,0
68.36973572,-16.59449577,1,-11.79872036,1,-9.890728951,1,1.509292364,1,4.915883064,1,-5.113771439,1,0.065001793,0,-0.719466388,0,-2.511933327,0
68.37373352,-17.48315048,1,-11.71692181,1,-10.5217495,1,1.502828479,1,4.806414127,1,-5.335878849,1,0.087610096,0,-0.698483288,0,-2.537419319,0
68.37773132,-18.44130898,1,-11.46865654,1,-11.27643681,1,1.49703455,1,4.694934368,1,-5.561455727,1,0.109897129,0,-0.677428365,0,-2.56307745,0
68.38172913,-19.62501717,1,-11.07565212,1,-11.81689548,1,1.52065742,1,4.58334589,1,-5.789879799,1,0.131913513,0,-0.6562711,0,-2.588926554,0
68.38572693,-21.02265739,1,-10.59251308,1,-12.15535545,1,1.571641326,1,4.485625744,1,-5.995167732,1,0.153723389,0,-0.634969592,0,-2.614906311,0
68.38973236,-22.39438248,1,-10.15025043,1,-12.1539278,1,1.650583386,1,4.397595406,1,-6.18065691,1,0.175377399,0,-0.613450646,0,-2.6409266,0
68.39373779,-23.79733276,1,-9.801263809,1,-11.96648216,1,1.750882626,1,4.31551981,1,-6.338480473,1,0.196880654,0,-0.591689527,0,-2.666884422,0
68.3977356,-25.06893349,1,-9.600517273,1,-11.54838848,1,1.847993016,1,4.232428074,1,-6.469590664,1,0.218222991,0,-0.569684982,0,-2.692668676,0
68.4017334,-26.32833481,1,-9.389500618,1,-10.8009243,1,1.930302024,1,4.133885384,1,-6.560130119,1,0.239270195,0,-0.547467232,0,-2.718133688,0
68.40573883,-27.37635422,1,-9.167226791,1,-9.762880325,1,2.007407188,1,4.021396637,1,-6.604012966,1,0.259931147,0,-0.525147915,0,-2.743131399,0
68.40974426,-28.22172165,1,-9.041702271,1,-8.711410522,1,2.064725876,1,3.868046761,1,-6.600230694,1,0.280079842,0,-0.502874076,0,-2.767533064,0
68.41374207,-28.69728851,1,-8.165178299,1,-7.232477188,1,2.105197191,1,3.693384886,1,-6.556565762,1,0.299610078,0,-0.480854511,0,-2.791229963,0
68.4177475,-26.85343933,1,-0.725691319,1,-7.287185669,1,2.210520506,1,3.349952936,1,-6.586629391,1,0.318728715,0,-0.459373116,0,-2.814469337,0
68.4217453,-22.89502525,1,3.733742714,1,-8.382522583,1,2.461141109,1,2.846465349,1,-6.561507225,1,0.33812964,0,-0.439146399,0,-2.837666035,0
68.4257431,-23.64800453,1,3.849771976,1,-5.70446682,1,2.77914381,1,2.471259356,1,-6.541683674,1,0.358211249,0,-0.420233935,0,-2.860789537,0
68.42974854,-25.7623558,1,4.504982471,1,-4.988364697,1,3.120803118,1,2.107761621,1,-6.444840908,1,0.37917155,0,-0.402314544,0,-2.883652925,0
68.43374634,-26.43574142,1,3.3483634,1,-4.140100956,1,3.323894024,1,1.796132803,1,-6.26274395,1,0.400642097,0,-0.385438144,0,-2.905923843,0
68.43774414,-27.30590057,1,2.314828157,1,-3.08515501,1,3.364282608,1,1.510347724,1,-5.952281475,1,0.421910256,0,-0.369609594,0,-2.927210093,0
68.44174194,-28.84906006,1,1.829143643,1,-2.338815451,1,3.2744596,1,1.265476465,1,-5.546888351,1,0.442266047,0,-0.354943871,0,-2.947086334,0
68.44573975,-29.5854187,1,2.419703245,1,-2.323693275,1,3.131601334,1,1.085108519,1,-5.103000164,1,0.461137533,0,-0.343932688,0,-2.96510148,0
68.44973755,-29.80812645,1,4.247735977,1,-2.549265146,1,2.968114853,1,0.942889094,1,-4.690535545,1,0.478823841,0,-0.331448108,0,-2.981652498,0
68.45374298,-30.09716988,1,6.634829998,1,-2.686052799,1,2.785315752,1,0.833587706,1,-4.335032463,1,0.49515903,0,-0.319873214,0,-2.996733665,0
68.45774078,-30.60519791,1,8.415043831,1,-2.501545429,1,2.574468136,1,0.754187703,1,-4.045325756,1,0.510164857,0,-0.309028447,0,-3.010558844,0
68.46173859,-31.06299973,1,8.929576874,1,-1.753662705,1,2.311002254,1,0.715964079,1,-3.761449814,1,0.52376312,0,-0.298764586,0,-3.023264408,0
68.46574402,-31.2857399,1,8.995781898,1,-0.85246104,1,1.994119763,1,0.673922062,1,-3.474849939,1,0.535746098,0,-0.289048195,0,-3.03485322,0
68.46974182,-31.12322235,1,8.988161087,1,0.123966932,1,1.623714209,1,0.616925955,1,-3.141668797,1,0.545919716,0,-0.28000176,0,-3.045277596,0
68.47373962,-30.70808792,1,9.401946068,1,1.215860963,1,1.266421437,1,0.547883511,1,-2.764391422,1,0.554194689,0,-0.271827042,0,-3.054480553,0
68.47773743,-30.24570465,1,10.23466301,1,2.089894056,1,0.971683264,1,0.472939879,1,-2.335211992,1,0.560742497,0,-0.264697284,0,-3.062350988,0
68.48173523,-29.56859398,1,11.04332829,1,2.760673046,1,0.760892391,1,0.387489945,1,-1.854040265,1,0.565832436,0,-0.258764416,0,-3.068734169,0
68.48574066,-15.25363922,1,3.201727152,1,-1.581764102,1,0.325767994,1,0.123771831,1,-1.241918087,1,0.569484055,0,-0.254398137,0,-3.073573351,0
68.48973846,-28.51356125,1,3.256632805,1,7.439735413,1,-0.710057378,1,-1.256458163,1,-0.250669181,1,0.569524646,0,-0.254439771,0,-3.077334404,0
68.49373627,-39.71300125,1,9.996399879,1,10.17778301,1,-1.488249063,1,-1.59317863,1,0.354987502,1,0.565868139,0,-0.259794325,0,-3.08036375,0
68.49773407,-15.75878143,1,4.810859203,1,13.25319767,1,-2.225432396,1,-2.05684185,1,0.711707056,1,0.558907449,0,-0.266859561,0,-3.082415581,0
68.5017395,-14.90878677,1,8.606563568,1,13.4626503,1,-2.634489059,1,-3.060190916,1,1.24369204,1,0.549770892,0,-0.277634919,0,-3.084578037,0
68.50573731,-18.72254372,1,15.5755167,1,7.733418941,1,-2.842428446,1,-3.697341204,1,1.607294917,1,0.539268494,0,-0.292327344,0,-3.086826801,0
68.50973511,-2.691551685,1,17.7624836,1,-5.090051174,1,-2.16643095,1,-3.920661211,1,1.694254041,1,0.529656112,0,-0.308871865,0,-3.088931799,0
68.51374054,-7.347483635,1,9.965619087,1,-17.3224144,1,-1.960343242,1,-4.28820467,1,1.468927026,1,0.522558749,0,-0.326241851,0,-3.091763973,0
68.51773834,-14.36640263,1,3.684169292,1,-25.74873352,1,-1.749281883,1,-4.031792164,1,1.255695939,1,0.516273439,0,-0.343573272,0,-3.095640421,0
68.52173615,-4.801519394,1,-0.412347823,1,-27.74047852,1,-1.198760867,1,-3.365215302,1,1.06781137,1,0.511488974,0,-0.358718336,0,-3.099064589,0
68.52574158,2.525018454,1,-2.052481174,1,-27.51927376,1,-0.706290007,1,-3.091831923,1,1.050423503,1,0.508891702,0,-0.371849656,0,-3.101833582,0
68.52974701,-7.010682106,1,-1.350926638,1,-21.95159149,1,-0.738714099,1,-3.159226418,1,1.296452165,1,0.506771266,0,-0.385200232,0,-3.104055405,0
68.53374481,0.753397286,1,2.766980648,1,-14.59199619,1,-0.465497285,1,-3.142879486,1,1.533114552,1,0.504802763,0,-0.398829937,0,-3.105244637,0
68.53774262,2.753214598,1,4.548484802,1,-11.00342464,1,-0.452916592,1,-3.698873281,1,1.994595051,1,0.503172576,0,-0.414076418,0,-3.105758667,0
68.54174805,-2.27331686,1,4.926895142,1,-11.86168575,1,-0.40602231,1,-4.191669941,1,2.345583916,1,0.501398087,0,-0.43222779,0,-3.105669975,0
68.54574585,-8.833135605,1,2.768710375,1,-14.01340199,1,-0.207097635,1,-4.414424419,1,2.325963259,1,0.500152051,0,-0.451917619,0,-3.105733156,0
68.54974365,-14.93059063,1,0.15181236,1,-16.05558777,1,-0.072995819,1,-4.323685646,1,2.087545395,1,0.49997443,0,-0.471516013,0,-3.106430292,0
68.55374146,-22.33793449,1,-2.438246965,1,-17.54678345,1,-0.023592213,1,-4.042716026,1,1.813790798,1,0.500449598,0,-0.490052134,0,-3.107781649,0
68.55774689,-29.98853111,1,-4.799060822,1,-16.96343803,1,0.014623939,1,-3.540994406,1,1.573337436,1,0.501238167,0,-0.506646931,0,-3.109339714,0
68.56174469,-29.28872871,1,-4.923896313,1,-14.39910412,1,0.0627978,1,-2.799109936,1,1.241745472,1,0.502033412,0,-0.520518005,0,-3.110661983,0
68.56574249,-23.20703316,1,-3.540419817,1,-10.26199245,1,0.17306973,1,-2.226347446,1,1.021592617,1,0.503049731,0,-0.531465411,0,-3.111663818,0
68.5697403,-14.90193939,1,-2.709914684,1,-8.408251762,1,0.2257175,1,-1.915485144,1,0.907582343,1,0.504225016,0,-0.540476978,0,-3.112393379,0
68.57374573,-11.90928078,1,-3.598011255,1,-8.406266212,1,0.124726623,1,-1.708002687,1,0.965711236,1,0.505116463,0,-0.548618615,0,-3.112676144,0
68.57774353,-7.319601059,1,-4.249438286,1,-8.578032494,1,0.034136258,1,-1.505746007,1,0.959110439,1,0.505206406,0,-0.556066394,0,-3.11232686,0
68.58174133,-4.855388165,1,-5.307725906,1,-9.188426971,1,-0.000504376,1,-1.476369977,1,0.917105258,1,0.50502044,0,-0.563071668,0,-3.111849785,0
68.58573914,-5.978186607,1,-6.664456367,1,-9.116895676,1,-0.058290519,1,-1.40565002,1,0.831716597,1,0.504727006,0,-0.569842398,0,-3.111518145,0
68.58973694,-6.048415661,1,-5.88258934,1,-8.191947937,1,-0.093520872,1,-1.275012493,1,0.732191205,1,0.504313946,0,-0.576036274,0,-3.111356974,0
68.59374237,-8.341759682,1,-6.076722622,1,-7.465862751,1,-0.196068317,1,-1.139628887,1,0.707215667,1,0.503684938,0,-0.581672788,0,-3.111165047,0
68.59774017,-10.19961262,1,-6.931461811,1,-6.885042667,1,-0.306597799,1,-0.935682833,1,0.679395437,1,0.502354622,0,-0.586624861,0,-3.110648155,0
68.60173798,-10.56883812,1,-7.415908813,1,-7.488778114,1,-0.423772573,1,-0.738938391,1,0.626677155,1,0.500406563,0,-0.590823829,0,-3.109810829,0
68.60573578,-10.55937576,1,-7.58803463,1,-8.874962807,1,-0.498294383,1,-0.560312986,1,0.552977502,1,0.49799931,0,-0.594242156,0,-3.108819962,0
68.60974121,-8.181684494,1,-5.980004311,1,-9.069954872,1,-0.516469479,1,-0.423533708,1,0.505967736,1,0.495348454,0,-0.596929908,0,-3.107713699,0
68.61373901,-4.55343771,1,-4.612067223,1,-8.511184692,1,-0.551705837,1,-0.442123502,1,0.539683044,1,0.49252224,0,-0.599410594,0,-3.106488943,0
68.61773682,-3.810747623,1,-4.193977833,1,-9.264839172,1,-0.574304461,1,-0.504678547,1,0.578929484,1,0.489524812,0,-0.602158189,0,-3.105185032,0
68.62174225,-5.766434193,1,-3.837420702,1,-10.08459473,1,-0.540341973,1,-0.483998567,1,0.578894138,1,0.486509204,0,-0.605007648,0,-3.103834629,0
68.62574005,-6.642146111,1,-3.472599745,1,-9.323514938,1,-0.501523852,1,-0.430302203,1,0.582999587,1,0.483596981,0,-0.607709646,0,-3.102377653,0
68.62973785,-6.572781563,1,-3.136917353,1,-8.400673866,1,-0.463609278,1,-0.40756464,1,0.549171746,1,0.480783284,0,-0.610235333,0,-3.100845814,0
68.63373566,-5.907956123,1,-2.928576708,1,-8.72822094,1,-0.411002934,1,-0.40285188,1,0.485610545,1,0.478280753,0,-0.612636983,0,-3.099527836,0
68.63773346,-4.531946659,1,-2.371691942,1,-8.801029205,1,-0.375784069,1,-0.416754246,1,0.477629721,1,0.476035476,0,-0.61497587,0,-3.098365545,0
68.64173889,-5.433698177,1,-2.456491947,1,-9.427140236,1,-0.313842863,1,-0.394878685,1,0.460005552,1,0.474002153,0,-0.617291033,0,-3.097241879,0
68.64574432,-4.493676186,1,-2.881776094,1,-8.830430984,1,-0.272877425,1,-0.39496848,1,0.460929453,1,0.47218442,0,-0.619522572,0,-3.096109629,0
68.64974976,-4.404202938,1,-3.54163456,1,-8.823522568,1,-0.264285237,1,-0.427818835,1,0.456949234,1,0.470469505,0,-0.621823728,0,-3.09500742,0
68.65374756,-5.512562275,1,-3.65389061,1,-8.950691223,1,-0.255377173,1,-0.448581964,1,0.429570735,1,0.468873382,0,-0.62419486,0,-3.094044447,0
68.65775299,-5.399418354,1,-3.375802279,1,-8.685730934,1,-0.246016651,1,-0.455216914,1,0.425985515,1,0.467363477,0,-0.626572549,0,-3.093173742,0
68.66175079,-4.913173676,1,-3.35006094,1,-8.694112778,1,-0.245420903,1,-0.461958259,1,0.416999668,1,0.465890139,0,-0.628970981,0,-3.092336178,0
68.6657486,-4.899628162,1,-3.431696892,1,-8.652508736,1,-0.242145002,1,-0.482218832,1,0.40544042,1,0.464464784,0,-0.631396711,0,-3.091559649,0
68.66975403,-5.354872704,1,-3.115226269,1,-8.554688454,1,-0.240785718,1,-0.480172276,1,0.387451679,1,0.463087767,0,-0.633830249,0,-3.090862751,0
68.67375183,-5.955343246,1,-2.953054667,1,-8.123589516,1,-0.235992387,1,-0.468370974,1,0.360453546,1,0.461783946,0,-0.63620019,0,-3.090259552,0
68.67774963,-5.854533195,1,-2.75730443,1,-7.976397514,1,-0.230260849,1,-0.452395409,1,0.322909564,1,0.460547864,0,-0.638452768,0,-3.08974576,0
68.68174744,-5.641979218,1,-2.734950542,1,-7.963859081,1,-0.227855802,1,-0.433790088,1,0.280183524,1,0.45941782,0,-0.640576363,0,-3.089389086,0
68.68574524,-5.142599106,1,-2.271829605,1,-8.27883625,1,-0.207083121,1,-0.428513497,1,0.246652842,1,0.458396077,0,-0.642594516,0,-3.089151859,0
68.68975067,-5.020248413,1,-1.830854535,1,-8.531762123,1,-0.191047564,1,-0.429454654,1,0.213524327,1,0.457538009,0,-0.644534111,0,-3.089054585,0
68.69374847,-5.314332962,1,-1.515075922,1,-8.561109543,1,-0.156654343,1,-0.432228655,1,0.182179198,1,0.120324336,0,-0.909093201,0,-2.344594717,0
68.69774628,-5.059164047,1,-1.65944016,1,-8.593963623,1,-0.112869717,1,-0.436383486,1,0.150524959,1,0.119211867,0,-0.910889506,0,-2.343864202,0
68.70174408,-4.922697067,1,-2.056678057,1,-8.76228714,1,-0.07502564,1,-0.450392157,1,0.120751224,1,0.118415415,0,-0.912714064,0,-2.343336344,0
68.70574951,-4.579752445,1,-2.493788481,1,-8.763713837,1,-0.0502198,1,-0.473448306,1,0.108384714,1,0.117873877,0,-0.914597869,0,-2.342956781,0
68.70974731,-4.887833118,1,-3.091540337,1,-8.638017654,1,-0.039486293,1,-0.485255599,1,0.100285225,1,0.117453679,0,-0.91655755,0,-2.342645884,0
68.71374512,-5.083041191,1,-3.561542034,1,-8.173913956,1,-0.047689702,1,-0.489238292,1,0.101756588,1,0.117047481,0,-0.918541193,0,-2.342350721,0
68.71774292,-5.241486549,1,-4.035757542,1,-7.934762955,1,-0.077646114,1,-0.485615313,1,0.109902613,1,0.116553336,0,-0.920531929,0,-2.34203434,0
68.72174835,-5.320778847,1,-4.076551914,1,-7.736824989,1,-0.097565107,1,-0.476064533,1,0.121323012,1,0.11588598,0,-0.922500134,0,-2.341639042,0
68.72574616,-5.307209015,1,-4.102633476,1,-7.604142189,1,-0.13122867,1,-0.455416828,1,0.133839533,1,0.115036361,0,-0.924409211,0,-2.341147423,0
68.72974396,-5.388281822,1,-4.212319851,1,-7.501405239,1,-0.167485178,1,-0.429425746,1,0.155057222,1,0.113952123,0,-0.926227808,0,-2.340534449,0
68.73374176,-5.270340443,1,-4.381672859,1,-7.365427494,1,-0.206662014,1,-0.408306241,1,0.169930458,1,0.11259488,0,-0.927970409,0,-2.339773178,0
68.73774719,-5.529631138,1,-4.117465019,1,-7.301182747,1,-0.241301954,1,-0.375904649,1,0.177273288,1,0.110995568,0,-0.929600239,0,-2.338901997,0
68.741745,-5.451872349,1,-3.595844269,1,-7.448215008,1,-0.254576653,1,-0.350474626,1,0.170692146,1,0.109287649,0,-0.931119978,0,-2.338024378,0
68.7457428,-5.280781746,1,-3.085085869,1,-7.705319405,1,-0.266623855,1,-0.329107761,1,0.167323351,1,0.107546777,0,-0.932543516,0,-2.337152719,0
68.7497406,-5.289919376,1,-2.553163767,1,-7.868801594,1,-0.26199308,1,-0.309056967,1,0.147903696,1,0.105811946,0,-0.933881998,0,-2.336310148,0
68.75374603,-5.161378384,1,-2.204229593,1,-8.015259743,1,-0.239107192,1,-0.307650119,1,0.133137673,1,0.104212724,0,-0.935156286,0,-2.335575104,0
68.75774384,-5.373832226,1,-1.690820336,1,-8.120497704,1,-0.1986444,1,-0.297672182,1,0.114794128,1,0.102821916,0,-0.936413646,0,-2.334951639,0
68.76174164,-5.030625343,1,-1.595924735,1,-8.187452316,1,-0.152324289,1,-0.30483073,1,0.096190527,1,0.101721026,0,-0.937653065,0,-2.33446455,0
68.76574707,-5.012924671,1,-1.647479892,1,-8.409290314,1,-0.112372167,1,-0.312042892,1,0.079182312,1,0.100876525,0,-0.938918412,0,-2.334084988,0
68.7697525,-4.868181705,1,-1.866742373,1,-8.36217308,1,-0.059039138,1,-0.326990157,1,0.063385487,1,0.100335158,0,-0.9402197,0,-2.333826303,0
68.77375031,-4.609258175,1,-2.43966651,1,-8.591939926,1,-0.037774678,1,-0.350460112,1,0.067282274,1,0.099999167,0,-0.94159323,0,-2.333622217,0
68.77775574,-4.544708729,1,-2.448431969,1,-8.563714027,1,0.00139132,1,-0.382716,1,0.062596291,1,0.099755257,0,-0.943076015,0,-2.333428144,0
68.78175354,-4.548205376,1,-2.771577358,1,-8.543383598,1,0.032967459,1,-0.403666586,1,0.07167203,1,0.099688403,0,-0.944669783,0,-2.333245039,0
68.78575134,-4.487408638,1,-2.81631732,1,-8.619464874,1,0.042396966,1,-0.429414898,1,0.077150643,1,0.099668741,0,-0.946359873,0,-2.333035946,0
68.78975678,-4.624275684,1,-2.818439245,1,-8.478683472,1,0.075606696,1,-0.449705362,1,0.081867605,1,0.099699788,0,-0.948153138,0,-2.332772732,0
68.79375458,-4.81504488,1,-3.079176188,1,-8.43465519,1,0.075644687,1,-0.472164035,1,0.103637792,1,0.099744909,0,-0.950019002,0,-2.332454205,0
68.79775238,-4.807864189,1,-3.101183653,1,-8.110010147,1,0.090252087,1,-0.484909773,1,0.10619209,1,0.099747919,0,-0.951963067,0,-2.332062244,0
68.80175018,-4.906803608,1,-3.788197041,1,-8.241333961,1,0.072818451,1,-0.501738548,1,0.13401632,1,0.099701375,0,-0.95397073,0,-2.331585884,0
68.80574799,-4.611119747,1,-3.704930067,1,-8.039104462,1,0.019348446,1,-0.521558166,1,0.149889693,1,0.099355422,0,-0.956059396,0,-2.330950975,0
68.80975342,-4.981980801,1,-3.382931471,1,-8.038701057,1,0.025636487,1,-0.540302813,1,0.167429596,1,0.098832391,0,-0.958245814,0,-2.33021307,0
68.81375122,-5.030691147,1,-3.161910057,1,-7.92061615,1,0.026455957,1,-0.535989344,1,0.182144254,1,0.098245598,0,-0.960453749,0,-2.329371691,0
68.81774902,-5.175629139,1,-3.136108398,1,-7.824260235,1,0.03423002,1,-0.55181402,1,0.188952044,1,0.097614355,0,-0.962691009,0,-2.328451633,0
68.82174683,-5.428286076,1,-3.524807215,1,-7.866326332,1,0.020679727,1,-0.562630415,1,0.202662587,1,0.096934557,0,-0.964970529,0,-2.327478886,0
68.82575226,-5.227730274,1,-3.28362608,1,-7.700193882,1,-0.024380777,1,-0.576874971,1,0.204079628,1,0.096054718,0,-0.967323542,0,-2.326433897,0
68.82975006,-5.387116909,1,-2.934162855,1,-7.676563263,1,-0.004993747,1,-0.578318417,1,0.219332501,1,0.095084682,0,-0.969711542,0,-2.325331211,0
68.83374786,-5.416312695,1,-2.909869671,1,-7.701593399,1,-0.000464944,1,-0.574278235,1,0.229092345,1,0.094091348,0,-0.972095072,0,-2.324145555,0
68.8377533,-5.535015106,1,-3.520407915,1,-7.631294727,1,-0.008591456,1,-0.578456223,1,0.245288968,1,0.093015939,0,-0.974477649,0,-2.322857141,0
68.8417511,-5.274973392,1,-3.836158276,1,-7.501777649,1,-0.06244076,1,-0.582075238,1,0.254492879,1,0.091723934,0,-0.976876557,0,-2.32145977,0
68.8457489,-5.387685299,1,-3.556507826,1,-7.45453167,1,-0.081878833,1,-0.585800946,1,0.259629995,1,0.090210482,0,-0.979300559,0,-2.319996834,0
68.8497467,-5.548799992,1,-3.141821861,1,-7.52436018,1,-0.0832287,1,-0.569241822,1,0.279574633,1,0.088570736,0,-0.981711805,0,-2.318425417,0
68.85374451,-5.50758791,1,-3.171470404,1,-7.505632401,1,-0.086859517,1,-0.566639602,1,0.289538741,1,0.086830452,0,-0.98407805,0,-2.316734314,0
68.85774994,-5.472569942,1,-3.176954269,1,-7.582661629,1,-0.09094128,1,-0.578054011,1,0.287089378,1,0.085036725,0,-0.986460745,0,-2.315006018,0
68.86174774,-5.47467804,1,-3.183932304,1,-7.680952549,1,-0.111405991,1,-0.572511911,1,0.293620527,1,0.083158799,0,-0.988861263,0,-2.313232183,0
68.86574554,-5.471250057,1,-3.41934514,1,-7.5936203,1,-0.130886018,1,-0.582183599,1,0.311287969,1,0.081128508,0,-0.991270244,0,-2.311373234,0
68.86974335,-5.404024124,1,-3.440450907,1,-7.501625061,1,-0.147257388,1,-0.58649081,1,0.32419467,1,0.078918912,0,-0.99370414,0,-2.30941081,0
68.87374878,-5.489761829,1,-3.4992311,1,-7.535344124,1,-0.160477966,1,-0.583300948,1,0.344020158,1,0.076521508,0,-0.996150136,0,-2.307293892,0
68.87774658,-5.54852581,1,-3.467170715,1,-7.566781521,1,-0.183111951,1,-0.58347857,1,0.358618557,1,0.073922187,0,-0.998585761,0,-2.305023193,0
68.88174439,-5.493968964,1,-3.281733751,1,-7.468605042,1,-0.192259163,1,-0.589343727,1,0.37065199,1,0.07116843,0,-1.001037955,0,-2.302652121,0
68.88574982,-5.669487,1,-3.029482841,1,-7.561058044,1,-0.200354174,1,-0.585787356,1,0.380363315,1,0.06828101,0,-1.003492951,0,-2.300166368,0
68.88975525,-5.736980915,1,-2.891088247,1,-7.568691254,1,-0.209897518,1,-0.588800728,1,0.393857449,1,0.065267786,0,-1.00594759,0,-2.297567129,0
68.89375305,-5.839026451,1,-3.02725029,1,-7.589361668,1,-0.219381019,1,-0.593300581,1,0.395653158,1,0.062144622,0,-1.008405685,0,-2.294877768,0
68.89775848,-5.678602695,1,-2.856675148,1,-7.49442625,1,-0.237144247,1,-0.598712444,1,0.402180523,1,0.058912024,0,-1.010891438,0,-2.292145967,0
68.90175629,-5.676729202,1,-2.878494263,1,-7.608237267,1,-0.244145662,1,-0.602551758,1,0.402459592,1,0.055601839,0,-1.013373733,0,-2.289371729,0
68.90575409,-5.645104885,1,-2.858651638,1,-7.584742069,1,-0.245670602,1,-0.609537482,1,0.404931396,1,0.052239437,0,-1.015880346,0,-2.286563396,0
68.90975189,-5.745126724,1,-2.717139244,1,-7.664065838,1,-0.247765258,1,-0.621187091,1,0.404194683,1,0.048848327,0,-1.018425822,0,-2.283738375,0
68.9137497,-5.724842548,1,-2.503031731,1,-7.705893993,1,-0.245735154,1,-0.629931569,1,0.40061155,1,0.045436062,0,-1.021009684,0,-2.280883312,0
68.91775513,-5.756495953,1,-2.314188004,1,-7.742337704,1,-0.231458977,1,-0.643085897,1,0.391895115,1,0.042068899,0,-1.023623466,0,-2.27805686,0
68.92175293,-5.774631977,1,-2.301291943,1,-7.790224552,1,-0.224509716,1,-0.657826602,1,0.385224342,1,0.038779739,0,-1.026287913,0,-2.275274992,0
68.92575073,-6.024372578,1,-2.257346869,1,-7.898331165,1,-0.220954746,1,-0.671858191,1,0.385755569,1,0.035519604,0,-1.02899909,0,-2.272508383,0
68.92974854,-5.992901802,1,-2.299509525,1,-7.85121727,1,-0.206337363,1,-0.676352561,1,0.384666502,1,0.032245878,0,-1.031754136,0,-2.269690037,0
68.93375397,-5.54988718,1,-2.442674637,1,-7.664277077,1,-0.185709,1,-0.692266822,1,0.395181715,1,0.02900131,0,-1.034537315,0,-2.266827106,0
68.93775177,-5.775694847,1,-2.58049345,1,-7.732177258,1,-0.182493836,1,-0.702576041,1,0.396980017,1,0.025734555,0,-1.037371635,0,-2.263893604,0
68.94174957,-5.675570011,1,-2.634081841,1,-7.661636829,1,-0.176387981,1,-0.716484725,1,0.40091455,1,0.165634915,0,-0.902166367,0,-2.168895245,0
68.94574738,-5.739461899,1,-2.722725153,1,-7.657979488,1,-0.182357892,1,-0.730266631,1,0.416227043,1,0.161289051,0,-0.906998992,0,-2.210005045,0
68.94974518,-5.779253483,1,-2.777322531,1,-7.598042011,1,-0.184666589,1,-0.748897851,1,0.433403939,1,0.159022644,0,-0.91018939,0,-2.208058596,0
68.95375061,-5.773591995,1,-2.787871599,1,-7.553537846,1,-0.184009254,1,-0.764475107,1,0.444514006,1,0.156657368,0,-0.913449824,0,-2.206003189,0
68.95774841,-5.840143204,1,-2.703509092,1,-7.610363007,1,-0.18711713,1,-0.77846241,1,0.451940894,1,0.154223934,0,-0.916780472,0,-2.203872919,0
68.96174622,-5.86971426,1,-2.586241245,1,-7.581557751,1,-0.186346382,1,-0.79644388,1,0.467691481,1,0.151734754,0,-0.920176148,0,-2.201669693,0
68.96574402,-5.934183121,1,-2.48054719,1,-7.505198479,1,-0.188192189,1,-0.812812924,1,0.472355187,1,0.149182707,0,-0.923641682,0,-2.199409962,0
68.96974945,-6.13487196,1,-2.446916103,1,-7.486075401,1,-0.200077102,1,-0.825863183,1,0.48232913,1,0.146552578,0,-0.927167237,0,-2.197080374,0
68.97374725,-5.972574234,1,-2.302160978,1,-7.42565918,1,-0.194320247,1,-0.836597562,1,0.482248932,1,0.143855304,0,-0.930740774,0,-2.19469595,0
68.97774506,-5.866230965,1,-2.38035059,1,-7.409906864,1,-0.199277461,1,-0.85558629,1,0.486372828,1,0.141115516,0,-0.934367776,0,-2.192272186,0
68.98175049,-5.953244209,1,-2.393408298,1,-7.455474377,1,-0.210385889,1,-0.869313955,1,0.489402831,1,0.138318047,0,-0.938051164,0,-2.189814806,0
68.98574829,-5.957401276,1,-2.479410172,1,-7.445736408,1,-0.229824468,1,-0.882674932,1,0.491495997,1,0.135428861,0,-0.941790462,0,-2.187329531,0
68.98974609,-6.062580585,1,-2.553621292,1,-7.435528755,1,-0.249600261,1,-0.903343141,1,0.494444251,1,0.132426098,0,-0.945589244,0,-2.184804916,0
68.9937439,-6.06469965,1,-2.687508345,1,-7.56248045,1,-0.272121131,1,-0.919270873,1,0.498459876,1,0.129313409,0,-0.949454248,0,-2.182253122,0
68.9977417,-5.996110439,1,-2.87136364,1,-7.678461075,1,-0.289583772,1,-0.944928288,1,0.514598131,1,0.126048163,0,-0.953408062,0,-2.179615974,0
69.00174713,-5.963785648,1,-3.090555429,1,-7.769975662,1,-0.315949023,1,-0.977858663,1,0.529497266,1,0.122601599,0,-0.957475483,0,-2.17688036,0
69.00574493,-6.0203619,1,-3.33231926,1,-7.873921394,1,-0.337292075,1,-1.014321208,1,0.557607174,1,0.118908532,0,-0.961681664,0,-2.173951864,0
69.00975037,-5.798838139,1,-3.506206512,1,-7.90136385,1,-0.360565156,1,-1.049345255,1,0.599072218,1,0.114900455,0,-0.966052771,0,-2.170763969,0
69.01374817,-5.742465019,1,-3.4900527,1,-8.005161285,1,-0.375667602,1,-1.095839739,1,0.634273171,1,0.110571496,0,-0.970591962,0,-2.167303801,0
69.0177536,-5.830239773,1,-3.421187639,1,-8.123352051,1,-0.394059807,1,-1.147595882,1,0.678827167,1,0.105892748,0,-0.97534126,0,-2.163517952,0
69.0217514,-5.817042828,1,-3.204115629,1,-8.100046158,1,-0.416753918,1,-1.201988816,1,0.717823088,1,0.10086222,0,-0.98029238,0,-2.159420013,0
69.02574921,-5.845330238,1,-2.988054991,1,-8.157439232,1,-0.440929174,1,-1.259039164,1,0.745727777,1,0.095499292,0,-0.985476792,0,-2.155043364,0
69.02974701,-5.758196354,1,-2.714393854,1,-8.233627319,1,-0.465269327,1,-1.320850611,1,0.765788555,1,0.089850843,0,-0.990898788,0,-2.1504457,0
69.03374481,-5.84510994,1,-2.52762723,1,-8.399482727,1,-0.487183958,1,-1.381790876,1,0.786021054,1,0.083904654,0,-0.996555626,0,-2.1456182,0
69.03775024,-5.903495789,1,-2.395592213,1,-8.440829277,1,-0.51037997,1,-1.448785782,1,0.806536973,1,0.077681445,0,-1.002451658,0,-2.140588522,0
69.04174805,-5.897367001,1,-2.35063529,1,-8.498661041,1,-0.532499433,1,-1.51952672,1,0.821018636,1,0.071174197,0,-1.008605957,0,-2.135359049,0
69.04574585,-5.90781498,1,-2.200896978,1,-8.644929886,1,-0.551879108,1,-1.592806458,1,0.83819747,1,0.064378239,0,-1.015036464,0,-2.1299119,0
69.04974365,-5.748053551,1,-2.105569839,1,-8.713624954,1,-0.555200398,1,-1.672556162,1,0.858625352,1,0.057312611,0,-1.02175498,0,-2.124219656,0
69.05374908,-5.791315556,1,-2.188068867,1,-8.733001709,1,-0.553936243,1,-1.763353229,1,0.878944099,1,0.049983878,0,-1.028802991,0,-2.118245602,0
69.05774689,-5.873052597,1,-2.350526333,1,-8.782316208,1,-0.54825443,1,-1.859816194,1,0.910060525,1,0.04234818,0,-1.036210299,0,-2.111921549,0
69.06174469,-5.746776581,1,-2.509032726,1,-8.967597008,1,-0.540404081,1,-1.965716124,1,0.946239412,1,0.034345604,0,-1.044000506,0,-2.105179071,0
69.06574249,-5.652329922,1,-2.556767464,1,-9.199611664,1,-0.534288526,1,-2.088188648,1,0.991559207,1,0.025919966,0,-1.052211285,0,-2.097922802,0
69.0697403,-5.53934288,1,-2.83272481,1,-9.586994171,1,-0.526182294,1,-2.220349312,1,1.042449355,1,0.01693158,0,-1.060913324,0,-2.090034723,0
69.07374573,-5.478088856,1,-3.337477684,1,-9.953386307,1,-0.531846106,1,-2.371859789,1,1.101241708,1,0.007280149,0,-1.070136905,0,-2.081414223,0
69.07774353,-5.43358326,1,-3.920852423,1,-10.41002178,1,-0.551203609,1,-2.532371759,1,1.167392612,1,-0.003235225,0,-1.079953551,0,-2.071918011,0
69.08174133,-5.86807394,1,-4.418221474,1,-10.6973629,1,-0.573895574,1,-2.723500967,1,1.261762857,1,-0.014834369,0,-1.090409636,0,-2.061349154,0
69.08573914,-6.018971443,1,-5.476843834,1,-11.10931969,1,-0.640578806,1,-2.890065193,1,1.369194031,1,-0.027990073,0,-1.101518869,0,-2.049296618,0
69.08974457,-5.357051373,1,-5.81264925,1,-11.10232353,1,-0.6677472,1,-3.092959642,1,1.49331522,1,-0.042871565,0,-1.113262892,0,-2.035582304,0
69.09374237,-5.082926273,1,-6.381932259,1,-11.06943417,1,-0.700821459,1,-3.319574118,1,1.643477082,1,-0.059912365,0,-1.125740767,0,-2.019699812,0
69.09774017,-5.528584957,1,-7.0861063,1,-11.12679577,1,-0.745082557,1,-3.537128448,1,1.813180208,1,-0.079529539,0,-1.138949037,0,-2.001225233,0
69.10174561,-5.588187695,1,-7.85784483,1,-11.22498512,1,-0.80176264,1,-3.753584623,1,1.990696907,1,-0.102250561,0,-1.152783751,0,-1.979671717,0
69.10574341,-5.657886028,1,-8.500782967,1,-11.6531601,1,-0.906256378,1,-3.985799789,1,2.186554909,1,-0.128823206,0,-1.167195559,0,-1.954413414,0
69.10974121,-5.972204685,1,-9.054546356,1,-12.13759232,1,-1.043141842,1,-4.207976818,1,2.395652533,1,-0.159982279,0,-1.182087421,0,-1.924855709,0
69.11373901,-7.298501015,1,-9.624090195,1,-13.07551765,1,-1.221927166,1,-4.419312,1,2.605964184,1,-0.1967372,0,-1.197306752,0,-1.890126109,0
69.11773682,-8.301886559,1,-9.678221703,1,-13.53807163,1,-1.427209139,1,-4.567282677,1,2.82230401,1,-0.239899889,0,-1.212506771,0,-1.849582314,0
69.12174225,-8.105414391,1,-10.46229649,1,-13.59774971,1,-1.667490602,1,-4.758487225,1,3.042295933,1,-0.290305555,0,-1.227442741,0,-1.802475333,0
69.12574005,-8.844021797,1,-11.14992046,1,-13.80734921,1,-1.955440044,1,-4.914009094,1,3.282766104,1,-0.34936583,0,-1.241849184,0,-1.74759829,0
69.12974548,-12.0880127,1,-11.01160717,1,-14.43173409,1,-2.203932047,1,-5.006329536,1,3.483039141,1,-0.417615682,0,-1.255216002,0,-1.684446573,0
69.13374329,-16.71258736,1,-10.64729691,1,-14.69639206,1,-2.370459318,1,-4.845772743,1,3.643605232,1,-0.493838251,0,-1.266697645,0,-1.614025354,0
69.13774109,-14.11575508,1,-10.26574802,1,-13.57706738,1,-2.529080868,1,-4.731784821,1,3.867947102,1,-0.577026129,0,-1.275470495,0,-1.537207365,0
69.14173889,-12.8413496,1,-9.469673157,1,-13.95551395,1,-2.736643314,1,-4.752773285,1,4.036800861,1,-0.667033911,0,-1.281639338,0,-1.45420897,0
69.14574432,-13.77118111,1,-7.102524281,1,-15.06828308,1,-2.815871954,1,-4.795811176,1,3.984117508,1,-0.761834919,0,-1.285532832,0,-1.367009044,0
69.14974213,-16.6524601,1,-5.810136795,1,-14.96118069,1,-2.690038681,1,-4.750029087,1,3.885450125,1,-0.857184827,0,-1.287336946,0,-1.279173493,0
69.15373993,-18.15706444,1,-4.171786785,1,-15.893466,1,-2.558889389,1,-4.664524078,1,3.862543344,1,-0.951555192,0,-1.28680706,0,-1.191805363,0
69.15773773,-18.35220718,1,-3.951399326,1,-13.42838097,1,-2.206629276,1,-4.637460709,1,3.762691498,1,-1.042102575,0,-1.284067035,0,-1.107352257,0
69.16174316,-20.08612442,1,-5.729315758,1,-13.9890461,1,-2.03615284,1,-4.598289967,1,3.804249287,1,-1.129465461,0,-1.279352903,0,-1.025040746,0
69.16574097,-21.82883453,1,-6.757054329,1,-12.98761463,1,-1.990015268,1,-4.439638138,1,3.897454739,1,-1.212049365,0,-1.272161126,0,-0.947117448,0
69.16973877,-20.42396736,1,-8.232370377,1,-11.71635628,1,-2.057001591,1,-4.291948318,1,3.946990728,1,-1.288825274,0,-1.262768269,0,-0.875115573,0
69.1737442,-20.5703907,1,-8.802972794,1,-12.3456049,1,-2.181320429,1,-4.089996338,1,3.909296036,1,-1.359420061,0,-1.251584649,0,-0.809823751,0
69.177742,-18.62244034,1,-7.655381203,1,-10.62356567,1,-2.380317211,1,-3.860058546,1,3.879047394,1,-1.423005581,0,-1.23912859,0,-0.752288461,0
69.18173981,-14.57053375,1,-7.924769402,1,-9.554215431,1,-2.765540123,1,-3.604029894,1,3.863526821,1,-1.480733991,0,-1.225497603,0,-0.701982975,0
69.18573761,-10.62977028,1,-7.539114475,1,-9.148000717,1,-3.114389181,1,-3.176008701,1,3.668610096,1,-1.532150507,0,-1.211290598,0,-0.659766674,0
69.18973541,-9.558897972,1,-5.774548054,1,-7.985239506,1,-3.327336073,1,-2.825443268,1,3.4395895,1,-1.576580644,0,-1.197294474,0,-0.626013637,0
69.19374085,-12.43277931,1,-4.795439243,1,-9.947143555,1,-3.387124062,1,-2.636958361,1,3.164022446,1,-1.627685905,0,-1.184985638,0,-0.629333675,0
69.19773865,-13.46634388,1,-4.638424397,1,-9.383559227,1,-3.266807795,1,-2.425938845,1,2.893288374,1,-1.663108826,0,-1.172204256,0,-0.605410218,0
69.20173645,-19.79402161,1,-0.396506965,1,-10.52649498,1,-2.973758459,1,-2.443379402,1,2.572624922,1,-1.695548654,0,-1.160159469,0,-0.583788455,0
69.20573425,-28.52651024,1,0.989512146,1,-16.72731018,1,-2.417454958,1,-1.828581572,1,2.143593311,1,-1.722922802,0,-1.149661064,0,-0.565621376,0
69.20973969,-16.82717133,1,-1.830812454,1,-14.40436649,1,-2.11169672,1,-1.134248137,1,1.811342239,1,-1.741783023,0,-1.140944719,0,-0.554822385,0
69.21373749,-4.386521816,1,-4.544754028,1,-9.760741234,1,-1.85334301,1,-0.931564867,1,1.594127178,1,-1.75563848,0,-1.133530021,0,-0.548272967,0
69.21773529,-3.705790997,1,-6.883146763,1,-8.081762314,1,-1.676597714,1,-0.962887049,1,1.385614395,1,-1.768148541,0,-1.126961708,0,-0.542213082,0
69.22173309,-7.000030518,1,-7.790132999,1,-9.438149452,1,-1.652947426,1,-0.866969109,1,1.19015789,1,-1.780217052,0,-1.121163845,0,-0.53618592,0
69.2257309,-6.487160683,1,-7.723973274,1,-9.852053642,1,-1.722395182,1,-0.704286635,1,1.042572021,1,-1.791271806,0,-1.116152167,0,-0.531387866,0
69.22973633,-5.644126415,1,-7.75901413,1,-9.179923058,1,-1.799764633,1,-0.619379699,1,0.945684969,1,-1.801759839,0,-1.111687899,0,-0.527557075,0
69.23373413,-5.833163738,1,-8.010452271,1,-8.886446953,1,-1.854923368,1,-0.491012216,1,0.828589916,1,-1.811786294,0,-1.107706428,0,-0.524526179,0
69.23773193,-4.692827702,1,-8.174350739,1,-8.434285164,1,-1.916463852,1,-0.312973589,1,0.688240647,1,-1.82097578,0,-1.104372144,0,-0.522684574,0
69.24172974,-3.286873341,1,-7.973072529,1,-7.994573116,1,-1.974014521,1,-0.138156831,1,0.546598017,1,-1.82924211,0,-1.101767778,0,-0.522134364,0
69.2457428,-2.663938761,1,-7.686767101,1,-7.814053059,1,-2.008136511,1,0.031777225,1,0.413962662,1,-1.836638093,0,-1.099859118,0,-0.522776544,0
69.24974823,-2.366356611,1,-7.470827579,1,-7.83328104,1,-2.028413534,1,0.20672366,1,0.287203074,1,-1.843086243,0,-1.098630548,0,-0.524600148,0
69.25374603,-1.762325525,1,-7.246129513,1,-7.61331749,1,-2.037173033,1,0.383509785,1,0.153158635,1,-1.848514915,0,-1.098103285,0,-0.527630985,0
69.25774384,-0.942035973,1,-7.077394485,1,-7.310330868,1,-2.019160748,1,0.549242556,1,0.030151669,1,-1.852916598,0,-1.098273635,0,-0.531793952,0
69.26174164,-0.068849936,1,-6.861037254,1,-7.015803337,1,-1.991310596,1,0.705571413,1,-0.096769907,1,-1.856305122,0,-1.099106431,0,-0.537007272,0
69.26574707,0.575892568,1,-6.6765275,1,-6.854655266,1,-1.951125264,1,0.852469027,1,-0.217904449,1,-1.858678937,0,-1.10059154,0,-0.543201029,0
69.26974487,0.860960066,1,-6.474380493,1,-6.652735233,1,-1.907607317,1,0.997170091,1,-0.327887446,1,-1.860032558,0,-1.102688074,0,-0.550341904,0
69.27374268,1.011672258,1,-6.487713337,1,-6.527318001,1,-1.853411794,1,1.13590157,1,-0.440537989,1,-1.860326648,0,-1.105382562,0,-0.558441222,0
69.27774048,1.076618671,1,-6.473071575,1,-6.394698143,1,-1.809023499,1,1.2868191,1,-0.557169199,1,-1.859475374,0,-1.108679533,0,-0.56758076,0
69.28174591,1.268667579,1,-6.523060799,1,-6.261870861,1,-1.756611347,1,1.443689942,1,-0.659047127,1,-1.857432246,0,-1.112560391,0,-0.577820957,0
69.28574371,1.363030076,1,-6.54662466,1,-6.112347603,1,-1.710547566,1,1.597579122,1,-0.76037091,1,-1.854102612,0,-1.117010593,0,-0.589251101,0
69.28974152,1.481364608,1,-6.583026409,1,-6.012273312,1,-1.668277383,1,1.763449907,1,-0.862928748,1,-1.849400878,0,-1.121991873,0,-0.601992369,0
69.29373932,1.437145352,1,-6.504856586,1,-5.947655678,1,-1.617775083,1,1.9276824,1,-0.963894427,1,-1.843217611,0,-1.1275177,0,-0.616129339,0
69.29773712,1.372141361,1,-6.376899242,1,-5.809988022,1,-1.565831304,1,2.097644329,1,-1.069735765,1,-1.835411668,0,-1.133574724,0,-0.631800771,0
69.30174255,1.464012742,1,-6.14441061,1,-5.750488758,1,-1.500377059,1,2.267140865,1,-1.173536539,1,-1.825816035,0,-1.140154123,0,-0.649138451,0
69.30574036,1.578894615,1,-5.911022663,1,-5.694684505,1,-1.423113704,1,2.42414403,1,-1.282175541,1,-1.814313054,0,-1.14723742,0,-0.668204188,0
69.30973816,1.659068942,1,-5.645356655,1,-5.652468681,1,-1.3253721,1,2.576063871,1,-1.384523869,1,-1.800807238,0,-1.154772997,0,-0.689015567,0
69.31374359,1.675654292,1,-5.388034821,1,-5.578174591,1,-1.214920163,1,2.721195698,1,-1.486744046,1,-1.785150886,0,-1.16270709,0,-0.711641312,0
69.31774139,1.808476925,1,-5.20071125,1,-5.487740517,1,-1.089354873,1,2.845888615,1,-1.581274986,1,-1.767187476,0,-1.170984507,0,-0.736198783,0
69.3217392,1.731033683,1,-5.148496628,1,-5.446866512,1,-0.956555665,1,2.964079857,1,-1.671546221,1,-1.746821761,0,-1.179522276,0,-0.762704611,0
69.325737,1.617693543,1,-5.127873421,1,-5.362781525,1,-0.8165012,1,3.06536293,1,-1.750757933,1,-1.723926663,0,-1.188250422,0,-0.791260242,0
69.32974243,1.342409253,1,-5.161269188,1,-5.338204384,1,-0.676934063,1,3.167379379,1,-1.827905297,1,-1.698391795,0,-1.197078347,0,-0.821956754,0
69.33374023,0.959362209,1,-5.286241531,1,-5.305173397,1,-0.553127944,1,3.255814791,1,-1.893785596,1,-1.670084238,0,-1.205924153,0,-0.854949951,0
69.33773804,0.522004485,1,-5.453964233,1,-5.243537903,1,-0.432393759,1,3.356240273,1,-1.959523439,1,-1.638803482,0,-1.214711308,0,-0.890486836,0
69.34173584,0.167807922,1,-5.619546413,1,-5.289637566,1,-0.327040881,1,3.448166609,1,-2.025998354,1,-1.604398966,0,-1.223360658,0,-0.928748965,0
69.34573364,-0.352095544,1,-5.795815468,1,-5.341503143,1,-0.232584819,1,3.543078661,1,-2.079185247,1,-1.566756248,0,-1.231783509,0,-0.969913721,0
69.34973908,-0.918944657,1,-5.975007534,1,-5.389217854,1,-0.14981842,1,3.64222002,1,-2.139902115,1,-1.525655866,0,-1.239865661,0,-1.014233947,0
69.35373688,-1.596481442,1,-6.111810207,1,-5.475481033,1,-0.06108563,1,3.755667925,1,-2.188116312,1,-1.480842113,0,-1.24750185,0,-1.061989427,0
69.35773468,-2.362274885,1,-6.183335781,1,-5.647546291,1,0.020981826,1,3.879631042,1,-2.23998189,1,-1.432076335,0,-1.254567504,0,-1.113440871,0
69.36173248,-3.066160917,1,-6.185808659,1,-5.800872803,1,0.10990648,1,4.010825157,1,-2.305985928,1,-1.379098892,0,-1.26093924,0,-1.168841362,0
69.36573792,-3.83062911,1,-6.171434879,1,-5.959990978,1,0.191682622,1,4.156644821,1,-2.376566648,1,-1.321774602,0,-1.266510129,0,-1.228344798,0
69.36974335,-4.43036747,1,-6.130987167,1,-6.092511177,1,0.278708965,1,4.308746815,1,-2.456952095,1,-1.259998798,0,-1.271120787,0,-1.292060375,0
69.37374115,-4.885222435,1,-6.115119934,1,-6.18172121,1,0.355152309,1,4.464396477,1,-2.538455725,1,-1.193974376,0,-1.274610996,0,-1.359793186,0
69.37773895,-5.096624851,1,-6.029586315,1,-6.266738415,1,0.450365335,1,4.606441975,1,-2.627292395,1,-1.124028683,0,-1.276809931,0,-1.431211948,0
69.38173676,-5.173957348,1,-5.891413689,1,-6.261629581,1,0.532849848,1,4.734474182,1,-2.711729288,1,-1.050909996,0,-1.277582645,0,-1.50554657,0
69.38574219,-5.227751732,1,-5.763875961,1,-6.28826189,1,0.625548959,1,4.837080002,1,-2.797270298,1,-0.975547314,0,-1.276800871,0,-1.581854343,0
69.38973999,-5.28123188,1,-5.635527611,1,-6.241404533,1,0.718422055,1,4.917055607,1,-2.872906446,1,-0.899032414,0,-1.274389982,0,-1.659012437,0
69.39373779,-5.280659676,1,-5.502840042,1,-6.141439438,1,0.813137054,1,4.978679657,1,-2.945790052,1,-0.822466135,0,-1.270298481,0,-1.735910416,0
69.3977356,-5.230867386,1,-5.384405613,1,-6.09078455,1,0.916241288,1,5.022974491,1,-3.00716877,1,-0.746907294,0,-1.26454258,0,-1.811454058,0
69.40174103,-5.355077744,1,-5.399550438,1,-5.991756439,1,1.008028865,1,5.042218685,1,-3.054889202,1,-0.673346877,0,-1.257179856,0,-1.884651184,0
69.40573883,-5.477006435,1,-5.380012512,1,-5.956102848,1,1.11259222,1,5.045559406,1,-3.095052004,1,-0.602578998,0,-1.24829638,0,-1.954688072,0
69.40973663,-5.549556255,1,-5.2987957,1,-5.987860203,1,1.211201429,1,5.037046432,1,-3.126407146,1,-0.535089016,0,-1.238000154,0,-2.021063566,0
69.41374207,-5.752848625,1,-5.254190445,1,-6.065932274,1,1.314236522,1,5.015001774,1,-3.151722908,1,-0.47126317,0,-1.226436973,0,-2.083370447,0
69.41773987,-5.991547108,1,-5.160063744,1,-6.1264925,1,1.417260885,1,4.979588509,1,-3.165806055,1,-0.411224067,0,-1.213749528,0,-2.141487122,0
69.42173767,-6.370625496,1,-5.102154732,1,-6.263675213,1,1.526885629,1,4.944130898,1,-3.179197311,1,-0.354919225,0,-1.200089216,0,-2.195427895,0
69.42573547,-6.759529114,1,-5.140703201,1,-6.444417477,1,1.637108445,1,4.90639019,1,-3.184088469,1,-0.302253067,0,-1.185542583,0,-2.245283127,0
69.42973328,-7.131188393,1,-5.238378525,1,-6.656636715,1,1.745015144,1,4.877861977,1,-3.186479092,1,-0.252980471,0,-1.170204043,0,-2.291286707,0
69.43373871,-7.57375145,1,-5.39294529,1,-6.912435055,1,1.842396975,1,4.847579479,1,-3.184817553,1,-0.20691824,0,-1.154165506,0,-2.333657265,0
69.43773651,-8.057209969,1,-5.552239895,1,-7.14424324,1,1.936030746,1,4.8284688,1,-3.182621956,1,-0.163819671,0,-1.137491703,0,-2.372670889,0
69.44173431,-8.509598732,1,-5.651072979,1,-7.458220005,1,2.020442009,1,4.808236599,1,-3.173416138,1,-0.123477519,0,-1.120237708,0,-2.408549786,0
69.44573212,-8.926226616,1,-5.72330904,1,-7.805776119,1,2.098119497,1,4.797014236,1,-3.184326887,1,-0.104636498,0,-1.097631335,0,-2.457150459,0
69.44973755,-9.230041504,1,-5.75491333,1,-8.144714355,1,2.183241844,1,4.77588129,1,-3.189873934,1,-0.068650372,0,-1.079659224,0,-2.488094091,0
69.45373535,-9.479848862,1,-5.784398556,1,-8.482876778,1,2.265069008,1,4.758739471,1,-3.197224855,1,-0.034624446,0,-1.061268449,0,-2.516735077,0
69.45773315,-9.648698807,1,-5.759055138,1,-8.874155045,1,2.353658199,1,4.729133129,1,-3.205794334,1,-0.002336522,0,-1.042519927,0,-2.543278217,0
69.46173096,-9.724497795,1,-5.688195705,1,-9.342389107,1,2.451277494,1,4.701099873,1,-3.211746216,1,0.028382922,0,-1.02349472,0,-2.567863941,0
69.46572876,-9.85118103,1,-5.678024292,1,-9.828555107,1,2.557783365,1,4.651576996,1,-3.21214819,1,0.057718832,0,-1.004248619,0,-2.590630293,0
69.46973419,-10.23073864,1,-5.47208643,1,-10.28212738,1,2.690353155,1,4.615521908,1,-3.198204756,1,0.085859872,0,-0.984846473,0,-2.611677408,0
69.473732,-10.76143837,1,-5.284029007,1,-10.80777073,1,2.832331181,1,4.574934483,1,-3.193421841,1,0.11298687,0,-0.965287268,0,-2.631114483,0
69.4777298,-11.38115788,1,-5.114924908,1,-11.26612663,1,2.992874146,1,4.535907269,1,-3.191464663,1,0.139324278,0,-0.945605576,0,-2.649106026,0
69.4817276,-12.14440727,1,-4.925840855,1,-11.7700634,1,3.178203106,1,4.49544239,1,-3.201515436,1,0.1650839,0,-0.925822675,0,-2.665771961,0
69.48573303,-12.95009518,1,-4.952095032,1,-12.31744099,1,3.351769686,1,4.456842422,1,-3.207425356,1,0.190437004,0,-0.905937791,0,-2.681273222,0
69.48973846,-13.8872366,1,-5.130121708,1,-12.87145138,1,3.524389267,1,4.4160285,1,-3.225883961,1,0.215480506,0,-0.885966778,0,-2.695726633,0
69.49373627,-15.03725719,1,-5.049316406,1,-13.31328201,1,3.684366465,1,4.383403778,1,-3.247876167,1,0.240262851,0,-0.865900815,0,-2.709210873,0
69.49773407,-15.90364361,1,-3.481236935,1,-13.74280643,1,3.835986376,1,4.346094131,1,-3.308150768,1,0.264880776,0,-0.845713496,0,-2.721894264,0
69.50173187,-15.90906334,1,-1.543350577,1,-14.88848686,1,4.004662991,1,4.279580116,1,-3.403418541,1,0.289641649,0,-0.825453162,0,-2.734124184,0
69.50573731,-17.2634182,1,-3.403031588,1,-15.05237293,1,4.152428627,1,4.272102833,1,-3.482439518,1,0.314533532,0,-0.805052996,0,-2.745879173,0
69.50973511,-19.31237984,1,-4.232367039,1,-15.65810204,1,4.258038998,1,4.284460545,1,-3.542910576,1,0.339341164,0,-0.784334779,0,-2.757041454,0
69.51373291,-20.97105408,1,-4.024289608,1,-16.19549942,1,4.300487041,1,4.290629864,1,-3.57553196,1,0.363762528,0,-0.763330221,0,-2.767466307,0
69.51773071,-22.52971077,1,-2.935783625,1,-16.57530785,1,4.309693813,1,4.290468216,1,-3.613646507,1,0.387601554,0,-0.74209398,0,-2.777156353,0
69.52173615,-23.92835426,1,-1.005358696,1,-16.81974411,1,4.319710732,1,4.286179066,1,-3.673614264,1,0.410916507,0,-0.720620751,0,-2.786222458,0
69.52573395,-24.6649704,1,1.808776259,1,-17.0712719,1,4.3585639,1,4.247086525,1,-3.735781193,1,0.433858454,0,-0.698970437,0,-2.79481864,0
69.52973175,-25.11062241,1,5.228091717,1,-16.6764431,1,4.48415947,1,4.191795826,1,-3.793937683,1,0.456725687,0,-0.677242994,0,-2.803011179,0
69.53372955,-25.7683506,1,8.223119736,1,-15.31527615,1,4.681694984,1,4.158260822,1,-3.829066277,1,0.47982645,0,-0.655464947,0,-2.810750723,0
69.53772736,-26.87569427,1,9.095560074,1,-13.81736183,1,4.897483826,1,4.137462139,1,-3.827170134,1,0.503257751,0,-0.633621395,0,-2.817858696,0
69.54173279,-27.77994537,1,8.484367371,1,-12.40598011,1,5.043371677,1,4.111190319,1,-3.790721655,1,0.526861012,0,-0.611748755,0,-2.82418251,0
69.54573059,-28.32267952,1,7.18731308,1,-10.87442493,1,5.021018982,1,4.059182167,1,-3.693518877,1,0.550119162,0,-0.59002316,0,-2.829625845,0
69.54972839,-28.53621483,1,5.451013565,1,-9.096698761,1,4.808979511,1,3.968924284,1,-3.517665148,1,0.572229028,0,-0.568736196,0,-2.834016085,0
69.55373383,-28.54085732,1,4.286867619,1,-7.450911999,1,4.438136101,1,3.833365679,1,-3.283619165,1,0.592486203,0,-0.548196435,0,-2.837281704,0
69.55773163,-28.19282722,1,4.56155777,1,-6.150848389,1,3.987600803,1,3.648680687,1,-3.045014858,1,0.610512853,0,-0.528681576,0,-2.839554071,0
69.56172943,-27.77584839,1,6.313210487,1,-4.847616196,1,3.521344185,1,3.402758598,1,-2.816104174,1,0.626303792,0,-0.510390759,0,-2.841122627,0
69.56572723,-27.82662392,1,8.496756554,1,-3.239306688,1,3.103221655,1,3.132587194,1,-2.591478586,1,0.64008534,0,-0.493456095,0,-2.842242718,0
69.56973267,-28.38526726,1,10.48472691,1,-1.603745222,1,2.749192476,1,2.859740973,1,-2.35535121,1,0.652135313,0,-0.477932423,0,-2.84301877,0
69.57373047,-29.01131248,1,12.19258881,1,-0.074742146,1,2.484940529,1,2.575770617,1,-2.07801795,1,0.66277647,0,-0.463903964,0,-2.843450785,0
69.57772827,-29.40709305,1,13.880476,1,1.195547462,1,2.309575319,1,2.270643234,1,-1.765476465,1,0.672362387,0,-0.451517642,0,-2.84349823,0
69.58172607,-29.51911354,1,15.69659042,1,1.969859123,1,2.231723547,1,1.957874775,1,-1.423935771,1,0.681275189,0,-0.440920681,0,-2.843156338,0
69.58572388,-29.35352325,1,17.39179611,1,2.459775209,1,2.225625277,1,1.644915581,1,-1.079806328,1,0.689849555,0,-0.432170689,0,-2.842401981,0
69.58972931,-29.0172596,1,18.45560455,1,2.699821949,1,2.235864878,1,1.341700435,1,-0.74214977,1,0.698316216,0,-0.42526108,0,-2.841297388,0
69.59372711,-28.18816757,1,17.9552269,1,2.72227788,1,2.224495411,1,1.060609579,1,-0.41541186,1,0.70664835,0,-0.420100719,0,-2.83983469,0
69.59772492,-27.58788681,1,16.68074608,1,2.618838549,1,2.149214029,1,0.796892405,1,-0.08028128,1,0.714675903,0,-0.416657925,0,-2.838005304,0
69.60172272,-27.34822083,1,14.63778687,1,2.097625494,1,1.961764812,1,0.571611643,1,0.23274681,1,0.722030342,0,-0.414797366,0,-2.835782766,0
69.60572815,-19.91983414,1,1.90159297,1,-2.871498585,1,1.257923245,1,0.230742365,1,0.636468053,1,0.7278139,0,-0.414632469,0,-2.833178997,0
69.60973358,-20.25557518,1,-11.23458862,1,1.573901892,1,-0.956927478,1,-0.645719528,1,1.3485533,1,0.727460384,0,-0.417688847,0,-2.83053875,0
69.61373138,-35.64317322,1,-8.896931648,1,6.288560867,1,-3.113940954,1,-1.42524755,1,2.166322947,1,0.718088746,0,-0.425609708,0,-2.827821732,0
69.61772919,-26.17933083,1,4.34067297,1,7.434435368,1,-4.145744324,1,-1.665627956,1,2.742951393,1,0.70138061,0,-0.436778605,0,-2.824158192,0
69.62172699,3.338102341,1,16.43183708,1,2.896869659,1,-3.428813219,1,-1.602979422,1,3.283457518,1,0.683832526,0,-0.449547917,0,-2.818340063,0
69.62573242,1.052806735,1,8.590297699,1,-5.583033085,1,-3.650011778,1,-1.855350256,1,3.414055109,1,0.666816592,0,-0.463339984,0,-2.811470509,0
69.62973023,-14.95274067,1,-0.273261458,1,-15.054533,1,-3.633904457,1,-1.725017786,1,3.349290609,1,0.648857415,0,-0.477443486,0,-2.804466248,0
69.63372803,-10.68388081,1,-12.61695004,1,-20.03926086,1,-3.393222094,1,-1.183231115,1,3.044537783,1,0.63122946,0,-0.489760399,0,-2.796782494,0
69.63772583,1.370706081,1,-23.63761711,1,-19.7478714,1,-3.370889187,1,-0.754525959,1,2.80261755,1,0.613955677,0,-0.499621361,0,-2.788468599,0
69.64173126,5.05096674,1,-30.39647293,1,-17.04705811,1,-3.717774153,1,-0.689875901,1,2.645624399,1,0.595596075,0,-0.508147895,0,-2.780124903,0
69.64572907,6.283416271,1,-31.58293915,1,-10.97788239,1,-4.185993671,1,-0.881402373,1,2.654162645,1,0.57594651,0,-0.516532242,0,-2.771896124,0
69.64972687,9.022180557,1,-23.11259842,1,-6.889729023,1,-4.497202873,1,-1.272932529,1,2.592630386,1,0.554655612,0,-0.525724947,0,-2.764345646,0
69.6537323,8.18448925,1,-13.76690006,1,-4.43596983,1,-4.797038078,1,-1.964583755,1,2.531815529,1,0.532816231,0,-0.536554813,0,-2.758037806,0
69.6577301,5.061023712,1,-5.305529594,1,-3.398412228,1,-4.916068077,1,-2.716222048,1,2.547158957,1,0.510929704,0,-0.549713612,0,-2.753180504,0
69.66172791,4.429994583,1,-0.20821242,1,-5.791801453,1,-4.625874043,1,-3.371030569,1,2.542614222,1,0.489800543,0,-0.565347433,0,-2.7495718,0
69.66572571,-3.45156002,1,3.500657558,1,-8.561387062,1,-4.31369257,1,-3.927933931,1,2.193196058,1,0.470868349,0,-0.582768321,0,-2.747511148,0
69.66972351,-14.5594101,1,10.23844337,1,-14.74349785,1,-4.016946316,1,-3.888645172,1,1.645253897,1,0.454300702,0,-0.600317895,0,-2.747732878,0
69.67372894,-22.72424126,1,16.84054756,1,-19.03515625,1,-3.518441916,1,-3.473691225,1,1.226069212,1,0.440024555,0,-0.616126299,0,-2.749300718,0
69.67772675,-26.87596321,1,15.06567192,1,-20.00866508,1,-3.129848719,1,-2.812799931,1,1.059579968,1,0.427576095,0,-0.629475057,0,-2.750774384,0
69.68172455,-24.37144661,1,17.2568512,1,-20.13980103,1,-2.560940027,1,-2.19600153,1,1.120757699,1,0.416217059,0,-0.640314043,0,-2.750920057,0
69.68572235,-21.95199966,1,18.07115364,1,-18.44810867,1,-1.98034215,1,-1.826376438,1,1.18432951,1,0.406388491,0,-0.649522066,0,-2.749629259,0
69.68972778,-15.18508339,1,14.69066429,1,-17.56339645,1,-1.430233479,1,-1.476213574,1,1.197390914,1,0.398208499,0,-0.657425523,0,-2.747351646,0
69.69372559,-11.34051418,1,7.413736343,1,-15.44001484,1,-1.096423626,1,-1.390265584,1,1.186478138,1,0.388491392,0,-0.665784776,0,-2.779648781,0
69.69772339,-9.446809769,1,-0.131368905,1,-13.52104092,1,-0.870278299,1,-1.310540915,1,1.052036405,1,0.38288331,0,-0.672473311,0,-2.776926994,0
69.70172882,-8.329339027,1,-5.34065485,1,-11.33978748,1,-0.78976506,1,-1.273475289,1,0.860261977,1,0.378292084,0,-0.678691626,0,-2.774820089,0
69.70572662,-6.457015991,1,-8.728042603,1,-9.166051865,1,-0.860848486,1,-1.170189619,1,0.639614344,1,0.374228954,0,-0.684372902,0,-2.773557663,0
69.70972443,-4.070384502,1,-7.401357174,1,-8.550031662,1,-0.943538308,1,-1.16242373,1,0.50969696,1,0.370263219,0,-0.689502597,0,-2.77299881,0
69.71372223,-4.469892979,1,-5.25879097,1,-7.369145393,1,-0.995874763,1,-1.185229897,1,0.458594829,1,0.366302371,0,-0.694597006,0,-2.772870541,0
69.71772003,-4.302237034,1,-2.539536715,1,-8.184704781,1,-1.016397595,1,-1.178338289,1,0.512378156,1,0.36216867,0,-0.699688196,0,-2.772734404,0
69.72171783,-6.797473907,1,-0.597382367,1,-9.122097969,1,-1.028130412,1,-1.091608405,1,0.591061532,1,0.357674778,0,-0.704756141,0,-2.772119999,0
69.72572327,-8.2986269,1,0.201587707,1,-9.799040794,1,-0.983940423,1,-0.88505584,1,0.658785641,1,0.352852523,0,-0.709341407,0,-2.77086091,0
69.7297287,-11.27498817,1,0.597909153,1,-10.35701942,1,-0.940375805,1,-0.644080997,1,0.66091311,1,0.347737789,0,-0.713144422,0,-2.768943548,0
69.7337265,-10.43873882,1,-0.553053081,1,-9.73568058,1,-0.86011225,1,-0.337895393,1,0.604237258,1,0.342637718,0,-0.71581614,0,-2.766657114,0
69.7377243,-8.073918343,1,-1.465887308,1,-8.865515709,1,-0.775922656,1,-0.2367374,1,0.526820779,1,0.33780092,0,-0.71761477,0,-2.764300108,0
69.74172211,-7.052385807,1,-2.573709011,1,-8.470482826,1,-0.750005007,1,-0.15611349,1,0.436994821,1,0.333411038,0,-0.718998432,0,-2.762227774,0
69.74572754,-5.212477684,1,-2.891002178,1,-9.05038929,1,-0.688180923,1,-0.166663289,1,0.342395395,1,0.329435617,0,-0.720098078,0,-2.760561466,0
69.74972534,-4.10304594,1,-2.89004755,1,-9.062724113,1,-0.658447921,1,-0.166707993,1,0.322630763,1,0.325819969,0,-0.721151888,0,-2.759174347,0
69.75372315,-4.296206951,1,-2.475658894,1,-9.819160461,1,-0.613238931,1,-0.195312485,1,0.331122726,1,0.322405696,0,-0.722261548,0,-2.757841825,0
69.75772095,-5.842191696,1,-2.771928549,1,-10.19453239,1,-0.565671325,1,-0.127606705,1,0.325160295,1,0.319137126,0,-0.723302007,0,-2.756471157,0
69.76172638,-5.177863598,1,-2.365633726,1,-9.147099495,1,-0.536971211,1,-0.105302788,1,0.348073334,1,0.315913022,0,-0.724152505,0,-2.75493598,0
69.76572418,-5.305578709,1,-2.989038229,1,-8.775276184,1,-0.488683999,1,-0.109744519,1,0.324351609,1,0.312850654,0,-0.724987924,0,-2.753402472,0
69.76972199,-4.619907379,1,-3.305552959,1,-8.583284378,1,-0.467297047,1,-0.121596023,1,0.296929568,1,0.310010225,0,-0.725789845,0,-2.751997471,0
69.77372742,-4.30500412,1,-3.298506737,1,-8.800469398,1,-0.465889871,1,-0.136859417,1,0.283847153,1,0.307303965,0,-0.726635456,0,-2.750725985,0
69.77772522,-4.178370953,1,-3.325333357,1,-8.750341415,1,-0.45830068,1,-0.150829971,1,0.29603675,1,0.304638088,0,-0.727547824,0,-2.749499083,0
69.78172302,-3.834634066,1,-2.976955652,1,-8.809480667,1,-0.46364814,1,-0.17191869,1,0.323142499,1,0.301910579,0,-0.728536367,0,-2.748182058,0
69.78572083,-4.303759098,1,-2.64270997,1,-8.947240829,1,-0.462451309,1,-0.191616818,1,0.325841159,1,0.299132675,0,-0.72962445,0,-2.746798038,0
69.78972626,-4.808101177,1,-2.085692167,1,-9.099981308,1,-0.423376054,1,-0.20381324,1,0.309968859,1,0.296486914,0,-0.730747223,0,-2.745488167,0
69.79372406,-6.023537159,1,-1.294031024,1,-9.241822243,1,-0.341495663,1,-0.166787386,1,0.259814054,1,0.294177294,0,-0.731804609,0,-2.744327307,0
69.79772186,-4.696930885,1,-1.211126685,1,-8.594299316,1,-0.284649402,1,-0.195876688,1,0.240467116,1,0.292269975,0,-0.732768655,0,-2.743326187,0
69.80171967,-4.406125546,1,-1.489796162,1,-8.817394257,1,-0.224550843,1,-0.232553884,1,0.214155838,1,0.290696859,0,-0.733860314,0,-2.742488623,0
69.80571747,-3.841673613,1,-2.018054962,1,-9.010857582,1,-0.198742434,1,-0.249502316,1,0.195538983,1,0.289393425,0,-0.734998882,0,-2.741811275,0
69.8097229,-3.506479502,1,-2.506124496,1,-8.978654861,1,-0.181084648,1,-0.292875886,1,0.193709671,1,0.288237572,0,-0.736269772,0,-2.741223335,0
69.8137207,-3.833990574,1,-2.744084835,1,-8.966411591,1,-0.163112864,1,-0.336034477,1,0.190572217,1,0.287213027,0,-0.737702131,0,-2.740715265,0
69.81771851,-4.223785877,1,-2.650734425,1,-8.998315811,1,-0.151041463,1,-0.369280308,1,0.179191768,1,0.286296159,0,-0.739263356,0,-2.74029398,0
69.82172394,-4.848060608,1,-2.262975693,1,-9.149419785,1,-0.121553667,1,-0.384753913,1,0.161086708,1,0.285533905,0,-0.740904808,0,-2.739984512,0
69.82572174,-5.056052685,1,-2.02892828,1,-9.124470711,1,-0.096269876,1,-0.379917264,1,0.150213093,1,0.284947008,0,-0.742548525,0,-2.739759445,0
69.82971954,-4.679216385,1,-1.93928206,1,-8.833524704,1,-0.069973283,1,-0.400796294,1,0.136027515,1,0.284502923,0,-0.744212031,0,-2.739601851,0
69.83371735,-4.702803612,1,-2.09491992,1,-8.912595749,1,-0.045730501,1,-0.40784207,1,0.11468298,1,0.284247041,0,-0.745894432,0,-2.739562511,0
69.83771515,-4.717020988,1,-1.985931158,1,-8.841151237,1,-0.014232868,1,-0.40882796,1,0.098533064,1,0.284167528,0,-0.747575343,0,-2.739619255,0
69.84172058,-4.9783535,1,-1.73325181,1,-8.720038414,1,0.017401392,1,-0.408678949,1,0.071302287,1,0.284303844,0,-0.749246716,0,-2.739813089,0
69.84571838,-4.772744656,1,-1.658133984,1,-8.58955574,1,0.053531684,1,-0.414018422,1,0.040122163,1,0.284671724,0,-0.750889003,0,-2.740145445,0
69.84972382,-4.78733778,1,-1.332749963,1,-8.705939293,1,0.103161767,1,-0.426182896,1,0.01071468,1,0.285331726,0,-0.752530396,0,-2.740656137,0
69.85372162,-4.652575016,1,-1.154898763,1,-8.756229401,1,0.145927399,1,-0.429483175,1,-0.014771605,1,0.286278218,0,-0.754170537,0,-2.741317034,0
69.85772705,-4.579081535,1,-1.330731988,1,-8.672030449,1,0.185580656,1,-0.442703307,1,-0.024749545,1,0.287485987,0,-0.755827963,0,-2.742106676,0
69.86172485,-4.758477211,1,-1.733999491,1,-8.555156708,1,0.221031725,1,-0.451025963,1,-0.042669106,1,0.288908243,0,-0.757510066,0,-2.742990255,0
69.86572266,-4.751090527,1,-2.516375303,1,-8.353804588,1,0.237937585,1,-0.453886747,1,-0.052587472,1,0.29049632,0,-0.759181261,0,-2.743961096,0
69.86972046,-4.608242989,1,-3.048549175,1,-8.231931686,1,0.241972983,1,-0.453840613,1,-0.061288912,1,0.292160332,0,-0.760853291,0,-2.744992971,0
69.87371826,-4.69984436,1,-3.29474473,1,-8.141158104,1,0.227900699,1,-0.451196492,1,-0.042446259,1,0.293788195,0,-0.762530982,0,-2.745989323,0
69.87772369,-4.829257011,1,-3.646814585,1,-7.935552597,1,0.204377338,1,-0.44049859,1,-0.026928747,1,0.295289159,0,-0.764202535,0,-2.746900082,0
69.8817215,-4.84975338,1,-4.005197048,1,-7.767308235,1,0.184544757,1,-0.428604692,1,-0.020214656,1,0.296637893,0,-0.765843987,0,-2.747723818,0
69.8857193,-4.987661839,1,-4.097070217,1,-7.63447094,1,0.156827211,1,-0.412733644,1,-0.006713971,1,0.297834516,0,-0.767439902,0,-2.748471022,0
69.8897171,-5.042203903,1,-3.886517525,1,-7.639315128,1,0.132326752,1,-0.400299311,1,-0.002563969,1,0.298882484,0,-0.768983245,0,-2.749161482,0
69.89372253,-5.054625988,1,-3.427541971,1,-7.686302185,1,0.125076815,1,-0.386701852,1,0.000815114,1,0.29984206,0,-0.770481467,0,-2.749817133,0
69.89772034,-4.943840504,1,-3.040486336,1,-7.84206152,1,0.125513405,1,-0.374339551,1,-0.000689427,1,0.300777376,0,-0.771929979,0,-2.750452042,0
69.90171814,-5.055253506,1,-2.503654718,1,-8.001312256,1,0.147117004,1,-0.369737238,1,-0.014860844,1,0.301773071,0,-0.773337364,0,-2.751106977,0
69.9057312,-4.99590683,1,-2.394826174,1,-8.028873444,1,0.170093745,1,-0.367290288,1,-0.032147709,1,0.302905917,0,-0.774708152,0,-2.751822472,0
69.90972138,-4.832323074,1,-2.433876038,1,-8.207756042,1,0.185372889,1,-0.371228069,1,-0.049997132,1,0.304209292,0,-0.776055455,0,-2.752659559,0
69.91371918,-4.817377567,1,-2.164191246,1,-8.283167839,1,0.211443216,1,-0.374870241,1,-0.068737015,1,0.305654585,0,-0.777408361,0,-2.753599405,0
69.91771698,-4.705393314,1,-2.056431532,1,-8.322686195,1,0.236564904,1,-0.377112269,1,-0.079064243,1,0.307260513,0,-0.778752863,0,-2.75462389,0
69.92171478,-4.725065708,1,-2.053947449,1,-8.3086586,1,0.255136222,1,-0.380045414,1,-0.09350124,1,0.30901438,0,-0.78008759,0,-2.755718708,0
69.92572784,-4.833487034,1,-2.197593927,1,-8.237286568,1,0.27673924,1,-0.378600866,1,-0.0964728,1,0.31089741,0,-0.781419635,0,-2.756872416,0
69.92972565,-4.80959177,1,-2.398119688,1,-8.229990959,1,0.294625103,1,-0.38566947,1,-0.102115922,1,0.312887907,0,-0.78275609,0,-2.758067131,0
69.93371582,-4.865046501,1,-2.578319073,1,-8.182635307,1,0.306787491,1,-0.383121908,1,-0.095266551,1,0.314934909,0,-0.784092426,0,-2.759264708,0
69.93771362,-4.883303165,1,-2.938888311,1,-8.118228912,1,0.316537619,1,-0.380687475,1,-0.092795372,1,0.31701386,0,-0.785430968,0,-2.760446072,0
69.94172669,-4.755469799,1,-3.131444931,1,-8.090929031,1,0.306716621,1,-0.383266002,1,-0.086130045,1,0.319075853,0,-0.78676033,0,-2.761591434,0
69.94572449,-4.843007088,1,-3.354206562,1,-8.031163216,1,0.301276743,1,-0.369281888,1,-0.070410624,1,0.268956006,0,-0.707678914,0,-2.931968451,0
69.94972229,-4.74423933,1,-3.566415071,1,-7.909171104,1,0.29444769,1,-0.368128449,1,-0.05601088,1,0.270694345,0,-0.709043622,0,-2.932809114,0
69.95372772,-4.786915779,1,-3.349071503,1,-7.944408417,1,0.286361694,1,-0.35920769,1,-0.039473776,1,0.272342831,0,-0.710396588,0,-2.933567524,0
69.95772553,-4.824489594,1,-3.275906563,1,-7.996260643,1,0.277358115,1,-0.356571406,1,-0.027754711,1,0.273924351,0,-0.711741686,0,-2.934248447,0
69.96172333,-4.695846081,1,-3.124647856,1,-8.075362206,1,0.261781305,1,-0.36190173,1,-0.012103448,1,0.275404394,0,-0.713101804,0,-2.934863091,0
69.96572113,-4.889499187,1,-2.80491209,1,-8.043515205,1,0.269572109,1,-0.361610889,1,-0.015177897,1,0.276866913,0,-0.714483619,0,-2.935467482,0
69.96971893,-4.88476181,1,-2.869201899,1,-8.066141129,1,0.275298774,1,-0.35648337,1,-0.012059269,1,0.278358638,0,-0.715845525,0,-2.936060667,0
69.97372437,-4.846744537,1,-2.955118418,1,-8.105323792,1,0.27589038,1,-0.368995905,1,-0.01170513,1,0.279845715,0,-0.717224777,0,-2.936644554,0
69.9777298,-4.864110947,1,-2.987982512,1,-8.052005768,1,0.279592395,1,-0.368558258,1,-0.004946368,1,0.281343758,0,-0.718629777,0,-2.93722868,0
69.9817276,-4.794116497,1,-3.032644749,1,-8.069589615,1,0.277435631,1,-0.372802198,1,0.005594227,1,0.282821268,0,-0.720046878,0,-2.937776566,0
69.9857254,-4.935732841,1,-3.028052092,1,-8.012364388,1,0.275954098,1,-0.371662557,1,0.014668643,1,0.284260631,0,-0.721487999,0,-2.938285828,0
69.98972321,-4.914343357,1,-3.04338479,1,-7.936466217,1,0.280833632,1,-0.36439693,1,0.018066283,1,0.28568399,0,-0.722923636,0,-2.938752174,0
69.99372101,-4.751804829,1,-3.0025177,1,-8.047100067,1,0.289521396,1,-0.370696336,1,0.019315684,1,0.287131488,0,-0.724351346,0,-2.939215899,0
69.99772644,-4.896586895,1,-3.005627632,1,-8.014716148,1,0.293021768,1,-0.376793981,1,0.024695218,1,0.288598478,0,-0.725822806,0,-2.939664841,0
70.00172424,-4.810860634,1,-3.014404535,1,-7.956403732,1,0.303718776,1,-0.380448401,1,0.029564518,1,0.290084034,0,-0.727298439,0,-2.940096617,0
70.00572205,-4.910053253,1,-3.02030921,1,-8.010552406,1,0.303691238,1,-0.381625295,1,0.032948736,1,0.291588604,0,-0.728783965,0,-2.940525532,0
70.00971985,-4.912546158,1,-2.887284756,1,-8.060584068,1,0.312758833,1,-0.387194276,1,0.036156546,1,0.293108523,0,-0.73028791,0,-2.940952301,0
70.01372528,-4.891584873,1,-2.864057779,1,-8.099416733,1,0.314447522,1,-0.402845711,1,0.03711243,1,0.29463774,0,-0.731851459,0,-2.941371441,0
70.01772308,-4.769787788,1,-2.85109067,1,-8.179561615,1,0.327240288,1,-0.418059409,1,0.040662028,1,0.296224713,0,-0.733464301,0,-2.941820383,0
70.02172089,-4.798668861,1,-2.924057245,1,-8.283216476,1,0.329697281,1,-0.437734425,1,0.047756959,1,0.29783684,0,-0.73515749,0,-2.942260504,0
70.02572632,-4.873698711,1,-3.140702486,1,-8.191851616,1,0.338320017,1,-0.458692551,1,0.056505378,1,0.299472481,0,-0.736930966,0,-2.94269824,0
70.02972412,-4.828817844,1,-3.026294708,1,-8.176509857,1,0.338420361,1,-0.474798739,1,0.061178107,1,0.301115066,0,-0.738783598,0,-2.943138599,0
70.03372192,-4.881723881,1,-2.942250729,1,-8.25729847,1,0.360838264,1,-0.49705267,1,0.070388846,1,0.30280906,0,-0.740719676,0,-2.943583488,0
70.03771973,-4.835348606,1,-2.946699381,1,-8.237754822,1,0.380444407,1,-0.513440728,1,0.078368112,1,0.304590464,0,-0.742734075,0,-2.94402957,0
70.04171753,-4.797759533,1,-2.881311178,1,-8.274115562,1,0.399312913,1,-0.539375484,1,0.088381194,1,0.30644542,0,-0.744844198,0,-2.944458961,0
70.04572296,-4.745903969,1,-2.92274332,1,-8.235775948,1,0.417770684,1,-0.560601354,1,0.094236225,1,0.308380365,0,-0.747054219,0,-2.944892645,0
70.04972076,-4.840508461,1,-2.82229805,1,-8.239768982,1,0.429246247,1,-0.587358117,1,0.100512907,1,0.310375839,0,-0.749368906,0,-2.945340633,0
70.05371857,-4.962077618,1,-2.823112249,1,-8.224559784,1,0.461229801,1,-0.613400996,1,0.110883988,1,0.312465578,0,-0.751778722,0,-2.945803165,0
70.05771637,-5.074560165,1,-2.854269266,1,-8.102316856,1,0.47966367,1,-0.634221911,1,0.108180873,1,0.314674437,0,-0.754285455,0,-2.946280241,0
70.0617218,-4.93860054,1,-2.923177481,1,-8.048863411,1,0.501047194,1,-0.655586779,1,0.110207669,1,0.316996515,0,-0.756873608,0,-2.946806431,0
70.0657196,-4.970495701,1,-3.066269159,1,-8.107652664,1,0.514104068,1,-0.6762923,1,0.12190184,1,0.319398224,0,-0.759555399,0,-2.947337627,0
70.06971741,-4.882807732,1,-3.060040474,1,-8.193344116,1,0.523894191,1,-0.704664111,1,0.135967478,1,0.321840525,0,-0.762338459,0,-2.947857141,0
70.07372284,-4.844261169,1,-3.258453608,1,-8.602890015,1,0.538861156,1,-0.740185618,1,0.154900894,1,0.324329048,0,-0.765259743,0,-2.948372602,0
70.07772064,-4.630752563,1,-3.785373211,1,-8.348361015,1,0.513432741,1,-0.780930281,1,0.185736462,1,0.326759279,0,-0.768358707,0,-2.948832273,0
70.08171845,-4.905826569,1,-3.424136639,1,-8.189212799,1,0.526162982,1,-0.831763148,1,0.205836862,1,0.329120934,0,-0.771666288,0,-2.949249029,0
70.08571625,-4.712161064,1,-3.45770216,1,-8.175426483,1,0.557701528,1,-0.858300924,1,0.24589932,1,0.331541538,0,-0.775161028,0,-2.949605703,0
70.08971405,-4.652619362,1,-3.97941494,1,-8.146028519,1,0.547441304,1,-0.891599774,1,0.274405271,1,0.333896995,0,-0.778807759,0,-2.949817419,0
70.09371948,-4.730165958,1,-4.124371052,1,-8.02190876,1,0.53472209,1,-0.925601304,1,0.300301999,1,0.336167365,0,-0.782613873,0,-2.949964046,0
70.09772492,-4.802703857,1,-4.103919029,1,-8.053191185,1,0.514169812,1,-0.955322385,1,0.327067077,1,0.338319957,0,-0.78658247,0,-2.95004797,0
70.10172272,-4.856771469,1,-4.469110966,1,-8.157791138,1,0.48060149,1,-0.998430729,1,0.356569678,1,0.340318918,0,-0.790716052,0,-2.950060844,0
70.10572052,-4.82907629,1,-4.333542824,1,-8.038495064,1,0.425374925,1,-1.045017958,1,0.375411093,1,0.342118591,0,-0.795055509,0,-2.950050592,0
70.10972595,-4.921555996,1,-4.013101101,1,-8.106276512,1,0.429280192,1,-1.087868571,1,0.391280174,1,0.343816638,0,-0.799592555,0,-2.950050354,0
70.11372376,-5.080364227,1,-4.067939281,1,-8.07377243,1,0.435805917,1,-1.119111776,1,0.420815498,1,0.345518172,0,-0.804293036,0,-2.950008392,0
70.11772156,-4.934716225,1,-4.263456821,1,-8.160562515,1,0.429305464,1,-1.163888693,1,0.451402009,1,0.347154558,0,-0.809167683,0,-2.949880838,0
70.12171936,-4.900815964,1,-4.295487404,1,-8.359514236,1,0.41363427,1,-1.209507108,1,0.475495517,1,0.348699689,0,-0.814270675,0,-2.949697733,0
70.12571716,-4.909658432,1,-4.292335033,1,-8.454844475,1,0.410058111,1,-1.276398301,1,0.505974233,1,0.350200057,0,-0.819611728,0,-2.949491262,0
70.1297226,-4.923050404,1,-4.433520794,1,-8.526418686,1,0.400798976,1,-1.325880766,1,0.532723963,1,0.351642519,0,-0.825199723,0,-2.949257851,0
70.1337204,-4.820930481,1,-4.385288239,1,-8.33454895,1,0.390655905,1,-1.403908491,1,0.572944283,1,0.353027433,0,-0.831096292,0,-2.948990822,0
70.1377182,-5.031592369,1,-4.246177197,1,-8.434140205,1,0.386837482,1,-1.463284612,1,0.606982708,1,0.354325235,0,-0.837292194,0,-2.948645592,0
70.141716,-5.293215752,1,-4.245127201,1,-8.310980797,1,0.379847407,1,-1.539303541,1,0.649513781,1,0.355566919,0,-0.843806028,0,-2.948251486,0
70.14572144,-5.172894001,1,-4.052096844,1,-8.287712097,1,0.36407721,1,-1.61897409,1,0.669364214,1,0.356746733,0,-0.850646734,0,-2.947841644,0
70.14971924,-5.480522156,1,-3.921789885,1,-8.598852158,1,0.355602682,1,-1.694566607,1,0.690801442,1,0.35792163,0,-0.857806206,0,-2.947485924,0
70.15371704,-5.06465292,1,-3.555857658,1,-8.622436523,1,0.353134841,1,-1.763454676,1,0.705524147,1,0.359109968,0,-0.865263224,0,-2.947191,0
70.15772247,-4.914375305,1,-3.422847271,1,-8.535906792,1,0.362990946,1,-1.841329455,1,0.710865378,1,0.360405266,0,-0.873008847,0,-2.947013617,0
70.16172028,-5.128290653,1,-3.36785841,1,-8.580666542,1,0.363618672,1,-1.921258569,1,0.722655416,1,0.361827224,0,-0.881065488,0,-2.946960926,0
70.16571808,-5.318660736,1,-3.272390604,1,-8.554813385,1,0.36374104,1,-2.007788181,1,0.731800556,1,0.363375962,0,-0.889445126,0,-2.947080135,0
70.16971588,-5.728252888,1,-2.966646194,1,-8.766787529,1,0.374433637,1,-2.093936443,1,0.736241817,1,0.365061879,0,-0.89816165,0,-2.947347403,0
70.17371368,-5.322539806,1,-2.78348875,1,-8.671546936,1,0.405337214,1,-2.176484346,1,0.755641639,1,0.366969168,0,-0.907190323,0,-2.947790623,0
70.17771912,-6.021628857,1,-3.436481237,1,-8.912680626,1,0.389303893,1,-2.265749454,1,0.779633582,1,0.368964732,0,-0.91657716,0,-2.94831562,0
70.18171692,-5.151133537,1,-2.970153332,1,-8.548157692,1,0.397259951,1,-2.375783443,1,0.781584024,1,0.371092141,0,-0.926357627,0,-2.949034452,0
70.18571472,-5.149426937,1,-2.817991734,1,-8.893771172,1,0.433562279,1,-2.486231327,1,0.794965565,1,0.373556495,0,-0.936567426,0,-2.950036287,0
70.18971252,-5.286774635,1,-2.559053898,1,-8.970723152,1,0.494010419,1,-2.591675997,1,0.81448245,1,0.376420021,0,-0.947189212,0,-2.951278448,0
70.19371796,-5.3365345,1,-2.826514959,1,-9.101324081,1,0.544725001,1,-2.716447353,1,0.829384327,1,0.378581315,0,-0.958934188,0,-2.969548464,0
70.19771576,-5.160131454,1,-2.983897209,1,-9.151614189,1,0.589356422,1,-2.849302292,1,0.843450904,1,0.382344306,0,-0.97049737,0,-2.971365213,0
70.20171356,-4.980482578,1,-3.228010893,1,-9.410916328,1,0.617192388,1,-3.01478076,1,0.876645386,1,0.386555493,0,-0.982666373,0,-2.973531246,0
70.20571899,-4.892368793,1,-3.51949811,1,-9.684796333,1,0.625710905,1,-3.18698597,1,0.903730869,1,0.391191453,0,-0.995478749,0,-2.976089001,0
70.2097168,-4.8899436,1,-4.090837002,1,-10.18983746,1,0.613381386,1,-3.382101536,1,0.955723703,1,0.396209687,0,-1.009028316,0,-2.979082108,0
70.2137146,-4.846722603,1,-4.540026665,1,-10.45818138,1,0.589468062,1,-3.600718737,1,1.022229671,1,0.401496083,0,-1.02340889,0,-2.982467175,0
70.21772003,-4.752079964,1,-4.988860607,1,-11.04040337,1,0.575689256,1,-3.839282513,1,1.086122632,1,0.407128096,0,-1.038748264,0,-2.986330748,0
70.22171783,-4.828242302,1,-5.461821079,1,-11.28647709,1,0.598459005,1,-4.070837975,1,1.165236592,1,0.413227856,0,-1.055028677,0,-2.990677118,0
70.22571564,-4.502411366,1,-6.043663979,1,-11.70242691,1,0.624178231,1,-4.341917515,1,1.273500085,1,0.419883847,0,-1.07239747,0,-2.995499372,0
70.22972107,-4.086259365,1,-6.857116222,1,-11.92099857,1,0.639767826,1,-4.642057896,1,1.400938869,1,0.427116543,0,-1.09095645,0,-3.000830889,0
70.23371887,-3.606038809,1,-7.028877258,1,-12.13803196,1,0.655052483,1,-4.964873791,1,1.525819302,1,0.434996009,0,-1.110855341,0,-3.006775618,0
70.23771668,-3.586052656,1,-7.174978733,1,-12.65286827,1,0.701139867,1,-5.341061115,1,1.640306234,1,0.444017053,0,-1.132200837,0,-3.013788939,0
70.24171448,-3.775059938,1,-7.07019949,1,-13.09928036,1,0.75156045,1,-5.710288048,1,1.777634144,1,0.454497129,0,-1.155081749,0,-3.022106409,0
70.24571228,-4.20029211,1,-6.874228954,1,-13.28928661,1,0.845276773,1,-6.103049278,1,1.90628159,1,0.466818333,0,-1.179525852,0,-3.032041073,0
70.24971771,-6.212440491,1,-7.729011059,1,-13.4847517,1,0.915407479,1,-6.390434265,1,2.024008751,1,0.481420726,0,-1.205364466,0,-3.043966055,0
70.25371552,-5.464425564,1,-8.062521935,1,-13.2399168,1,0.977540791,1,-6.704962254,1,2.163659573,1,0.498701066,0,-1.232391953,0,-3.058315992,0
70.25771332,-7.443497658,1,-9.054409981,1,-13.50407982,1,1.005164623,1,-6.956293583,1,2.321157217,1,0.518994212,0,-1.260664463,0,-3.075524807,0
70.26171112,-10.07271004,1,-8.923736572,1,-14.38216686,1,1.039242268,1,-7.047697544,1,2.470388651,1,0.542546809,0,-1.289695263,0,-3.095877409,0
70.26571655,-8.095606804,1,-7.370390415,1,-14.18115234,1,1.107005239,1,-7.159611225,1,2.637221336,1,0.569929183,0,-1.319188476,0,-3.119826317,0
70.26971436,-8.891719818,1,-7.398696423,1,-14.33479118,1,1.237783432,1,-7.362994671,1,2.805571318,1,0.603699565,0,-1.34942472,0,3.133415222,0
70.27371216,-13.48919296,1,-7.711504936,1,-16.15479279,1,1.386096835,1,-7.352331161,1,2.930183172,1,0.647086918,0,-1.380058289,0,3.094492912,0
70.27771759,-16.22824669,1,-8.63433075,1,-15.63564777,1,1.471591234,1,-7.141684532,1,3.056707144,1,0.701968372,0,-1.410148025,0,3.044531584,0
70.28171539,-14.49851894,1,-11.34543419,1,-15.52174187,1,1.366125822,1,-7.092487335,1,3.230858803,1,0.774901628,0,-1.439727545,0,2.97661376,0
70.2857132,-19.71238518,1,-14.45888519,1,-17.05227661,1,1.125106215,1,-6.902967453,1,3.385764122,1,0.879793704,0,-1.468490958,0,2.876104832,0
70.289711,-19.04278946,1,-13.11630726,1,-15.76264668,1,0.716980875,1,-6.496562481,1,3.449119091,1,1.042579174,0,-1.495154619,0,2.716352463,0
70.2937088,-13.3508234,1,-12.03760242,1,-12.99808502,1,0.458334506,1,-6.616888046,1,3.710587263,1,1.342844248,0,-1.518339276,0,2.417927027,0
70.29771423,-21.11556625,1,-15.05266571,1,-15.99629116,1,0.244384393,1,-6.482695103,1,3.742257118,1,1.953500748,0,-1.53181386,0,1.808100939,0
70.30171204,-22.91956902,1,-12.82623577,1,-14.37233162,1,-0.146199107,1,-6.048707485,1,3.826880217,1,2.652268648,0,-1.526023626,0,1.108962655,0
70.30570984,-16.75416565,1,-10.55128574,1,-12.79332638,1,-0.464428455,1,-5.891628742,1,3.877155781,1,3.052050829,0,-1.507190943,0,0.70736438,0
70.30970764,-20.24522018,1,-10.97944832,1,-13.15099716,1,-0.591847658,1,-5.681416988,1,3.844846964,1,-3.031722546,0,-1.483664274,0,0.505272508,0
70.31371307,-20.94589424,1,-9.896454811,1,-13.60850334,1,-0.785162151,1,-5.253263474,1,3.848126411,1,-2.918376923,0,-1.4595083,0,0.388613373,0
70.31771088,-14.71946526,1,-8.216819763,1,-12.26889992,1,-0.92019242,1,-4.928140163,1,3.753860474,1,-2.844966173,0,-1.435939193,0,0.311132461,0
70.32170868,-11.42693233,1,-7.298074245,1,-10.56365204,1,-0.809420824,1,-4.651674747,1,3.561202049,1,-2.7953372,0,-1.413128495,0,0.257442147,0
70.32571411,-8.538773537,1,-7.579238892,1,-9.695252419,1,-0.689783752,1,-4.333521366,1,3.366068602,1,-2.759693384,0,-1.391386628,0,0.218271956,0
70.32971191,-5.603968143,1,-6.005825043,1,-10.14004803,1,-0.58930856,1,-4.028288364,1,3.236871243,1,-2.732471228,0,-1.370899677,0,0.18793422,0
70.33371735,-5.163973331,1,-0.596898317,1,-13.24086094,1,-0.23685278,1,-3.720475912,1,3.211072445,1,-2.70891428,0,-1.351433635,0,0.162057474,0
70.33771515,-11.90348244,1,0.475083292,1,-15.3991642,1,0.356623769,1,-3.267282963,1,3.299443007,1,-2.684031963,0,-1.333246231,0,0.136739865,0
70.34171295,-21.15129662,1,0.811095417,1,-15.41642284,1,0.826128066,1,-2.853022099,1,3.260904074,1,-2.657111645,0,-1.316323757,0,0.111486182,0
70.34571075,-32.69366455,1,0.922135353,1,-19.35414314,1,1.197098851,1,-1.929717302,1,2.905889034,1,-2.629651785,0,-1.301785707,0,0.087263681,0
70.34971619,-23.2735157,1,-3.189111948,1,-20.40576172,1,1.543824673,1,-0.718170702,1,2.308703184,1,-2.601397038,0,-1.292026162,0,0.063587196,0
70.35371399,-11.47620964,1,-5.359054565,1,-17.1513958,1,1.883787751,1,0.151838437,1,1.792630076,1,-2.572424889,0,-1.286842346,0,0.040582065,0
70.35771179,-5.398226261,1,-5.761908531,1,-14.59128475,1,2.137320995,1,0.649991035,1,1.457086444,1,-2.542797804,0,-1.284673929,0,0.018115008,0
70.3617096,-4.907570839,1,-6.186017036,1,-13.36982059,1,2.186221361,1,1.033467889,1,1.238472819,1,-2.512517929,0,-1.28433156,0,-0.004382459,0
70.3657074,-4.478507519,1,-7.432175159,1,-12.77558231,1,2.055610895,1,1.409277081,1,1.006293535,1,-2.481796026,0,-1.285515189,0,-0.027524494,0
70.36971283,-1.421085596,1,-8.091151237,1,-11.44479084,1,1.857980371,1,1.746053219,1,0.741925418,1,-2.450987339,0,-1.288277149,0,-0.05146404,0
70.37371063,1.930168748,1,-7.964287281,1,-9.687143326,1,1.687689185,1,1.936036825,1,0.504253566,1,-2.420673847,0,-1.292302132,0,-0.075638123,0
70.37770844,3.829227686,1,-7.321002007,1,-8.596623421,1,1.50100708,1,2.021947384,1,0.311076432,1,-2.391241312,0,-1.297105551,0,-0.099588521,0
70.38170624,5.077818394,1,-6.73199892,1,-8.096179008,1,1.278229475,1,2.081498146,1,0.142683372,1,-2.362897635,0,-1.302402258,0,-0.123227045,0
70.38571167,6.154144764,1,-5.734125137,1,-7.847076893,1,1.06848228,1,2.112872124,1,-0.037121493,1,-2.335655928,0,-1.308158159,0,-0.146612033,0
70.38970947,6.868508339,1,-4.77961731,1,-7.625822067,1,0.907746136,1,2.122720242,1,-0.226352423,1,-2.309709311,0,-1.314340115,0,-0.169380978,0
70.39370728,7.09702301,1,-3.98354125,1,-7.657729626,1,0.794300258,1,2.131628752,1,-0.406502336,1,-2.284986258,0,-1.320937395,0,-0.191421643,0
70.39771271,6.955571175,1,-3.220864773,1,-7.760807991,1,0.718301058,1,2.146591663,1,-0.583854258,1,-2.261082649,0,-1.327976823,0,-0.212954015,0
70.40171051,6.723940372,1,-2.676460505,1,-7.779793739,1,0.659993112,1,2.190027952,1,-0.744474709,1,-2.237486362,0,-1.335477829,0,-0.234405175,0
70.40570831,6.511071205,1,-2.246559143,1,-7.960952282,1,0.618762136,1,2.261597157,1,-0.904828548,1,-2.213527679,0,-1.343514681,0,-0.256400436,0
70.40970612,6.257244587,1,-1.824365497,1,-8.140925407,1,0.591803312,1,2.36387825,1,-1.047914863,1,-2.188313723,0,-1.352120519,0,-0.279778361,0
70.41370392,5.898295879,1,-1.391137123,1,-8.438430786,1,0.58879441,1,2.480228662,1,-1.164995193,1,-2.160877466,0,-1.361260414,0,-0.305442303,0
70.41770935,5.340547562,1,-1.011285663,1,-8.699529648,1,0.59457761,1,2.626000166,1,-1.27286768,1,-2.13001585,0,-1.370914459,0,-0.334555775,0
70.42170715,4.665515423,1,-0.734450519,1,-9.033689499,1,0.612511098,1,2.795214176,1,-1.352667689,1,-2.094296455,0,-1.381001234,0,-0.368507266,0
70.42570496,3.998056412,1,-0.401890218,1,-9.27826786,1,0.637151003,1,2.990266562,1,-1.415020466,1,-2.05177021,0,-1.391427279,0,-0.40922904,0
70.42970276,3.35739398,1,-0.108899087,1,-9.539621353,1,0.670361996,1,3.209258556,1,-1.448267341,1,-2.000157595,0,-1.402022719,0,-0.458990991,0
70.43370819,2.730670452,1,0.165340006,1,-9.841111183,1,0.713166595,1,3.44190979,1,-1.462837458,1,-1.936698198,0,-1.412568808,0,-0.520499289,0
70.43770599,2.106940269,1,0.525938749,1,-10.02777481,1,0.780231953,1,3.678193092,1,-1.461125731,1,-1.85848856,0,-1.422693253,0,-0.596613169,0
70.4417038,1.557718635,1,0.862798035,1,-10.21555042,1,0.866473734,1,3.92524004,1,-1.444250464,1,-1.762424827,0,-1.431969643,0,-0.69034946,0
70.44570923,1.029847383,1,1.305814147,1,-10.40588951,1,0.972504556,1,4.177652359,1,-1.411585212,1,-1.648545742,0,-1.436502099,0,-0.821207464,0
70.44970703,0.638894439,1,1.686084151,1,-10.43120861,1,1.09638834,1,4.423344612,1,-1.367747664,1,-1.514669418,0,-1.442256451,0,-0.952082515,0
70.45371246,0.250735164,1,2.027169466,1,-10.37297344,1,1.233069897,1,4.677256107,1,-1.315264344,1,-1.363170981,0,-1.445196629,0,-1.100111246,0
70.45771027,-0.149545416,1,2.246417046,1,-10.31717873,1,1.379244685,1,4.924785137,1,-1.259133577,1,-1.200724244,0,-1.444664717,0,-1.258580685,0
70.46170807,-0.377665341,1,2.563618422,1,-10.21038342,1,1.527215004,1,5.16019249,1,-1.193015456,1,-1.037542462,0,-1.440255404,0,-1.417251348,0
70.46570587,-0.612841845,1,2.740119219,1,-10.07741547,1,1.682095408,1,5.365123749,1,-1.124391317,1,-0.884060085,0,-1.431973577,0,-1.565650702,0
70.4697113,-0.912580132,1,2.754225731,1,-9.940217972,1,1.837490916,1,5.569684982,1,-1.05173099,1,-0.747213423,0,-1.420122981,0,-1.696822524,0
70.47370911,-1.253696918,1,2.667770624,1,-9.718803406,1,1.971289873,1,5.763641834,1,-0.965162933,1,-0.629740894,0,-1.405161858,0,-1.808051825,0
70.47770691,-1.674273133,1,2.507939577,1,-9.55926609,1,2.099043608,1,5.938591957,1,-0.886584878,1,-0.531164944,0,-1.387606502,0,-1.899858236,0
70.48171234,-1.968738556,1,2.316023111,1,-9.411067009,1,2.205261469,1,6.08291626,1,-0.801460505,1,-0.449339926,0,-1.367971659,0,-1.974445105,0
70.48571014,-2.339239359,1,1.961673737,1,-9.319915771,1,2.28427434,1,6.204683304,1,-0.720743716,1,-0.381730139,0,-1.346707821,0,-2.034427166,0
70.48970795,-2.503981113,1,1.587139964,1,-9.3110075,1,2.335048676,1,6.311704159,1,-0.637843609,1,-0.325690895,0,-1.324164987,0,-2.082547188,0
70.49370575,-2.744252205,1,1.240627289,1,-9.433371544,1,2.362680674,1,6.388246059,1,-0.559730291,1,-0.279029667,0,-1.300630093,0,-2.121089935,0
70.49770355,-2.920562744,1,0.976463914,1,-9.565052032,1,2.37054801,1,6.445777893,1,-0.492212206,1,-0.239830032,0,-1.276353002,0,-2.15204215,0
70.50170898,-3.115817785,1,0.896466076,1,-9.599604607,1,2.385313034,1,6.496058464,1,-0.430486619,1,-0.206574306,0,-1.251519918,0,-2.176947594,0
70.50570679,-3.541817665,1,0.864326537,1,-9.854846001,1,2.397195101,1,6.522755146,1,-0.385380298,1,-0.177942172,0,-1.22628057,0,-2.197110653,0
70.50970459,-3.827226639,1,0.791142106,1,-10.05667877,1,2.427749872,1,6.540525913,1,-0.356419325,1,-0.152867243,0,-1.200744748,0,-2.213568926,0
70.51370239,-4.313815117,1,0.885788262,1,-10.37670517,1,2.464996576,1,6.561191559,1,-0.34986189,1,-0.13046518,0,-1.174989462,0,-2.227183104,0
70.51770783,-4.612790585,1,0.81375128,1,-10.65220928,1,2.511409521,1,6.580963135,1,-0.355780154,1,-0.110034257,0,-1.149059892,0,-2.238611698,0
70.52170563,-4.968985558,1,0.985934138,1,-11.05782604,1,2.568984509,1,6.581747532,1,-0.387927145,1,-0.091023423,0,-1.123018503,0,-2.248377085,0
70.52570343,-5.100342751,1,1.016525984,1,-11.33135986,1,2.647212982,1,6.569486618,1,-0.436374366,1,-0.072934598,0,-1.096933722,0,-2.25692153,0
70.52970886,-5.041767597,1,0.912145257,1,-11.52880764,1,2.714589596,1,6.537511826,1,-0.491347343,1,-0.055548865,0,-1.070879579,0,-2.26446414,0
70.53369904,-5.194019318,1,0.7866081,1,-11.85630417,1,2.773386002,1,6.488621235,1,-0.552237213,1,-0.038698718,0,-1.044954538,0,-2.271206617,0
70.53770447,-5.348831177,1,0.480580777,1,-12.20062828,1,2.817254782,1,6.423784733,1,-0.624369621,1,-0.022281002,0,-1.019204855,0,-2.277305603,0
70.54170227,-5.789747238,1,0.303412616,1,-12.76037979,1,2.853641033,1,6.35812521,1,-0.703851163,1,-0.006174873,0,-0.993682921,0,-2.282936811,0
70.54570007,-5.944706917,1,0.009089016,1,-13.40005207,1,2.869894743,1,6.279373169,1,-0.792154193,1,0.009666977,0,-0.968404651,0,-2.288226604,0
70.54969788,-6.301183224,1,0.160678729,1,-13.97084904,1,2.894333124,1,6.19115591,1,-0.894317031,1,0.025329629,0,-0.94340682,0,-2.293292761,0
70.55370331,-6.870971203,1,0.415714681,1,-14.69919491,1,2.928649664,1,6.094063759,1,-1.003804088,1,0.040983807,0,-0.918727815,0,-2.298285723,0
70.55770111,-7.714022636,1,0.810840905,1,-15.24793339,1,3.000393152,1,6.022869587,1,-1.118335485,1,0.056732703,0,-0.894324958,0,-2.303231955,0
70.56169891,-8.537060738,1,1.285438776,1,-15.88582516,1,3.107941151,1,5.961886406,1,-1.250783205,1,0.07278797,0,-0.870105267,0,-2.308213949,0
70.56570435,-9.358294487,1,2.082400799,1,-16.37997627,1,3.242946386,1,5.904684544,1,-1.39212966,1,0.089359164,0,-0.846014142,0,-2.313335896,0
70.56970215,-10.59299183,1,2.604945898,1,-16.80590439,1,3.400901794,1,5.858142853,1,-1.547858834,1,0.106562212,0,-0.822033346,0,-2.31862402,0
70.57370758,-12.66921902,1,2.569475412,1,-17.0557785,1,3.560309172,1,5.843317032,1,-1.705920219,1,0.124448083,0,-0.79805398,0,-2.324094534,0
70.57770538,-14.86613941,1,2.237230062,1,-17.12244034,1,3.686671019,1,5.874147892,1,-1.873388052,1,0.142933697,0,-0.77387321,0,-2.329717636,0
70.58170319,-16.87983704,1,1.652929187,1,-17.14767647,1,3.759013891,1,5.929862976,1,-2.067568779,1,0.161848962,0,-0.749341249,0,-2.335530996,0
70.58570099,-18.92961121,1,1.037074804,1,-17.13449287,1,3.757334948,1,5.994661808,1,-2.282509089,1,0.180973992,0,-0.724365711,0,-2.341599226,0
70.58971405,-20.58890533,1,0.342138886,1,-17.19805527,1,3.66338706,1,6.052446842,1,-2.504555702,1,0.200007781,0,-0.698897839,0,-2.347989559,0
70.59370422,-22.14307976,1,-0.059183061,1,-17.20978165,1,3.500349283,1,6.096830368,1,-2.741726875,1,0.218627349,0,-0.672940254,0,-2.354729652,0
70.59770203,-23.73546219,1,-0.116608262,1,-17.18930817,1,3.276968241,1,6.110603809,1,-2.983292341,1,0.236578345,0,-0.646552742,0,-2.361869335,0
70.60171509,-25.71428108,1,0.620137691,1,-16.9720459,1,3.013738871,1,6.100054741,1,-3.209167242,1,0.253644943,0,-0.619842231,0,-2.369426966,0
70.60571289,-27.64480209,1,2.055388451,1,-16.36736298,1,2.755530357,1,6.081361771,1,-3.428463459,1,0.269685686,0,-0.592864752,0,-2.377351284,0
70.60971069,-29.84949875,1,4.00685215,1,-15.15053177,1,2.547955036,1,6.031194687,1,-3.631704807,1,0.284825563,0,-0.565699041,0,-2.385658503,0
70.6137085,-32.10131073,1,6.228786469,1,-13.65325546,1,2.407740355,1,5.98330307,1,-3.799402475,1,0.299236298,0,-0.538399339,0,-2.394265652,0
70.61769867,-33.20996857,1,8.486812592,1,-11.67764568,1,2.336091042,1,5.908744812,1,-3.894943476,1,0.313053787,0,-0.511074126,0,-2.402937412,0
70.62171173,-34.36362457,1,9.317220688,1,-9.169109344,1,2.335230827,1,5.823917389,1,-3.90103364,1,0.326435983,0,-0.483900875,0,-2.411423683,0
70.62570953,-34.73802185,1,9.27264595,1,-6.832842827,1,2.340274811,1,5.70462513,1,-3.795413733,1,0.339358687,0,-0.457058012,0,-2.41931057,0
70.62970734,-34.47154236,1,8.478131294,1,-4.388986588,1,2.295470238,1,5.531160355,1,-3.560153484,1,0.35161984,0,-0.430911571,0,-2.426235676,0
70.63370514,-33.97475052,1,6.973989487,1,-1.858776212,1,2.189604759,1,5.297126293,1,-3.202557802,1,0.362884641,0,-0.405873835,0,-2.431837797,0
70.63771057,-33.52919006,1,6.401939869,1,0.078491405,1,2.0385952,1,4.981482506,1,-2.750785828,1,0.372891903,0,-0.382385969,0,-2.43587184,0
70.64170837,-33.38811111,1,6.677600861,1,2.019677401,1,1.916044712,1,4.643051147,1,-2.234518051,1,0.381645083,0,-0.360800207,0,-2.438216925,0
70.64570618,-33.27232361,1,8.323314667,1,3.560594797,1,1.8780967,1,4.280600548,1,-1.684347034,1,0.389413118,0,-0.34131211,0,-2.438797235,0
70.64971161,-32.52843857,1,11.62469196,1,4.812452316,1,1.968861222,1,3.885386467,1,-1.156112075,1,0.396715999,0,-0.324043691,0,-2.43772316,0
70.65370941,-31.51987267,1,15.38043022,1,5.787651062,1,2.221350193,1,3.448210478,1,-0.689721227,1,0.404289901,0,-0.309103012,0,-2.435256004,0
70.65770721,-31.26628113,1,17.81855774,1,6.550925732,1,2.55895853,1,2.998511076,1,-0.27819255,1,0.412793696,0,-0.296523303,0,-2.431747913,0
70.66170502,-31.09153938,1,18.36415672,1,7.198485851,1,2.863800526,1,2.58135438,1,0.081763096,1,0.42240411,0,-0.286172211,0,-2.427394629,0
70.66570282,-30.46363449,1,16.96405411,1,7.778214455,1,3.03602314,1,2.178856373,1,0.407484293,1,0.432852864,0,-0.277910113,0,-2.422353029,0
70.66970062,-29.77666283,1,14.14213943,1,7.75131321,1,3.017558098,1,1.758690834,1,0.70392704,1,0.443498015,0,-0.271718085,0,-2.416783571,0
70.67370606,-29.83019066,1,10.93045807,1,7.234204769,1,2.770877361,1,1.341755033,1,0.976259291,1,0.453558534,0,-0.267596185,0,-2.410852671,0
70.67770386,-30.62382698,1,7.987701893,1,6.084112167,1,2.291030884,1,0.953631341,1,1.210651517,1,0.462105423,0,-0.265423983,0,-2.404658794,0
70.68170166,-21.35783386,1,-3.214570045,1,0.252985299,1,1.232210159,1,0.46436888,1,1.561056495,1,0.467799515,0,-0.265160739,0,-2.398326397,0
70.68570709,-30.30145073,1,-3.602938175,1,6.979088306,1,-0.322182298,1,-0.72570467,1,2.570160389,1,0.467329681,0,-0.269153535,0,-2.390941381,0
70.6897049,-44.11536026,1,8.0078125,1,10.63861656,1,-0.763775408,1,-1.397592783,1,3.538155556,1,0.462524354,0,-0.278779626,0,-2.381621361,0
70.69371033,-25.41013908,1,14.17139816,1,11.39740467,1,-0.878397048,1,-1.370044708,1,4.043954372,1,0.445199341,0,-0.287235796,0,-2.38606739,0
70.69770813,1.072891712,1,10.72954273,1,7.146303177,1,-0.820698082,1,-1.295150399,1,4.369234085,1,0.437934101,0,-0.299168587,0,-2.372595072,0
70.70170593,-5.644950867,1,2.687284946,1,-2.833230972,1,-0.990479469,1,-1.652580142,1,4.794306755,1,0.42989853,0,-0.312187552,0,-2.357659101,0
70.70571137,-18.55388069,1,-7.486219883,1,-11.80076981,1,-1.219638228,1,-1.648886204,1,5.012617588,1,0.420426309,0,-0.326503038,0,-2.341765165,0
70.70970917,-13.05314922,1,-19.93189621,1,-16.36221313,1,-1.167046189,1,-1.043868423,1,4.948384762,1,0.410104662,0,-0.339543581,0,-2.324733973,0
70.71370697,-0.302246004,1,-30.7782383,1,-17.89371681,1,-1.37016964,1,-0.53614676,1,4.687481403,1,0.399049282,0,-0.349946529,0,-2.307189465,0
70.71770477,6.053737164,1,-39.01902771,1,-14.13140392,1,-1.801120162,1,-0.626388371,1,4.333379745,1,0.387035191,0,-0.3589001,0,-2.290237904,0
70.72171021,6.957611084,1,-41.94664764,1,-9.655481339,1,-2.559574604,1,-0.851482451,1,3.916747332,1,0.372839689,0,-0.367728233,0,-2.274998426,0
70.72570801,5.870424747,1,-41.78765488,1,-3.513251543,1,-3.210991383,1,-1.463194966,1,3.38788271,1,0.356562942,0,-0.377152234,0,-2.262016058,0
70.72970581,4.542045116,1,-32.39483643,1,-0.571004212,1,-3.654340744,1,-2.293408155,1,3.074731112,1,0.339089453,0,-0.388576567,0,-2.251733065,0
70.73371124,2.41072917,1,-23.90800667,1,-0.046538096,1,-3.897840977,1,-3.03622818,1,2.596366644,1,0.320685744,0,-0.402395278,0,-2.243913651,0
70.73770905,-3.333266258,1,-18.45802307,1,-3.356434345,1,-4.043930531,1,-3.959954739,1,2.053538799,1,0.302823663,0,-0.418617368,0,-2.238871813,0
70.74170685,-11.95480347,1,-8.47065258,1,-6.823651314,1,-4.065100193,1,-4.277675152,1,1.442121029,1,0.285729647,0,-0.436540097,0,-2.236815929,0
70.74570465,-22.35705376,1,1.956437588,1,-11.23654366,1,-4.049849987,1,-3.974135876,1,1.061833382,1,0.269268006,0,-0.453948379,0,-2.236613274,0
70.74970245,-28.61891556,1,12.51524544,1,-16.24353027,1,-3.763481617,1,-3.279144287,1,0.863878489,1,0.253671169,0,-0.46898827,0,-2.236718178,0
70.75370026,-29.46035385,1,24.25895691,1,-20.30941391,1,-3.124556065,1,-2.454944134,1,0.902253509,1,0.239507586,0,-0.48097688,0,-2.236069918,0
70.75770569,-26.74339104,1,30.75712776,1,-22.71408081,1,-2.510372639,1,-1.73330009,1,0.924111187,1,0.227488399,0,-0.489905775,0,-2.234275818,0
70.76170349,-16.67695808,1,28.81479073,1,-21.70799446,1,-1.698244929,1,-1.256804585,1,1.227368951,1,0.217490926,0,-0.496651143,0,-2.230985165,0
70.76570129,-10.22000408,1,23.88406563,1,-19.48199081,1,-1.020926714,1,-1.031116128,1,1.395253301,1,0.209788442,0,-0.502159297,0,-2.226211309,0
70.76970673,-5.416312695,1,12.83777523,1,-16.30003357,1,-0.501341164,1,-1.083243132,1,1.426515818,1,0.204196885,0,-0.507426798,0,-2.220827341,0
70.77370453,-2.473963261,1,0.037855458,1,-12.34242153,1,-0.280292839,1,-1.231946588,1,1.375183344,1,0.200151429,0,-0.513084471,0,-2.215570927,0
70.77770233,-0.647672713,1,-9.719549179,1,-8.613686562,1,-0.26981765,1,-1.428695679,1,1.20162189,1,0.196781069,0,-0.51930362,0,-2.210940599,0
70.78170013,-0.478384078,1,-14.05621624,1,-6.124576092,1,-0.357749671,1,-1.661720157,1,0.982679248,1,0.193807945,0,-0.526217878,0,-2.207392454,0
70.78569794,-3.853322268,1,-13.09969807,1,-5.642840385,1,-0.556943595,1,-1.790837646,1,0.808077037,1,0.190740556,0,-0.533732593,0,-2.204883575,0
70.78970337,-5.31560564,1,-7.986692429,1,-5.953705311,1,-0.691916943,1,-1.78356266,1,0.717357099,1,0.187216356,0,-0.541338146,0,-2.202995539,0
70.79370117,-8.192954063,1,-0.674394369,1,-7.691769123,1,-0.800960481,1,-1.665126681,1,0.757218599,1,0.183291823,0,-0.548687577,0,-2.201159716,0
70.79769898,-10.83440304,1,3.986557722,1,-9.998225212,1,-0.747897446,1,-1.369800329,1,0.879062057,1,0.178824425,0,-0.55528903,0,-2.198658705,0
70.80169678,-9.799321175,1,5.587005615,1,-11.20739269,1,-0.618147016,1,-1.054466605,1,0.966129065,1,0.17433688,0,-0.560675383,0,-2.195343256,0
70.80570221,-10.05143833,1,2.413463116,1,-11.32353592,1,-0.476106137,1,-0.825247943,1,0.928452075,1,0.170159563,0,-0.565031826,0,-2.191643715,0
70.80970001,-7.897210121,1,-1.741363287,1,-9.632606506,1,-0.356064856,1,-0.720974386,1,0.783672094,1,0.166709498,0,-0.568632841,0,-2.188236713,0
70.81370544,-6.455718994,1,-5.22667551,1,-8.757557869,1,-0.352517962,1,-0.755857825,1,0.638311803,1,0.163794592,0,-0.571965933,0,-2.185482264,0
70.81770325,-5.467235565,1,-6.454954624,1,-8.317801476,1,-0.378362298,1,-0.765395045,1,0.587775648,1,0.16112712,0,-0.57538718,0,-2.183210135,0
70.82170105,-7.159029007,1,-6.138544559,1,-9.16554451,1,-0.420424223,1,-0.731249988,1,0.574898839,1,0.158329487,0,-0.578751326,0,-2.181037426,0
70.82570648,-7.540576458,1,-4.113546371,1,-9.176687241,1,-0.394312471,1,-0.643346429,1,0.530662954,1,0.155505687,0,-0.581789911,0,-2.178921938,0
70.82970429,-6.286606789,1,-2.49054265,1,-8.969454765,1,-0.357031733,1,-0.598163903,1,0.490453899,1,0.152950034,0,-0.584550798,0,-2.176982641,0
70.83370209,-5.877624989,1,-0.982589602,1,-8.892952919,1,-0.308939844,1,-0.599943221,1,0.452158153,1,0.150605068,0,-0.587198853,0,-2.175179243,0
70.83769989,-6.793879986,1,-1.180991173,1,-9.081104279,1,-0.231099397,1,-0.583246589,1,0.3913939,1,0.14863269,0,-0.589796245,0,-2.173586369,0
70.84170532,-6.701584816,1,-1.910809159,1,-8.655261993,1,-0.178407595,1,-0.549817979,1,0.354414105,1,0.147073925,0,-0.592264175,0,-2.172219992,0
70.84570313,-6.507256508,1,-3.341471195,1,-8.539176941,1,-0.169152409,1,-0.518395007,1,0.327398717,1,0.145672485,0,-0.594569862,0,-2.170961142,0
70.84970093,-5.766355515,1,-2.940782547,1,-8.585227013,1,-0.119284451,1,-0.526230216,1,0.273583174,1,0.144495293,0,-0.596800566,0,-2.169904232,0
70.85370636,-5.366163254,1,-2.10765934,1,-8.612770081,1,-0.085665926,1,-0.551917315,1,0.247922689,1,0.143591702,0,-0.599088371,0,-2.169031382,0
70.85770416,-5.699056625,1,-1.42514348,1,-9.003177643,1,-0.025072608,1,-0.573449016,1,0.227535382,1,0.142944321,0,-0.601456285,0,-2.168282747,0
70.86170197,-5.823811531,1,-1.564138412,1,-8.772185326,1,0.036098991,1,-0.570001543,1,0.208996922,1,0.142588183,0,-0.603844941,0,-2.167627096,0
70.86569977,-5.684557915,1,-2.693331003,1,-8.408045769,1,0.07002078,1,-0.568336189,1,0.185355797,1,0.142493293,0,-0.606206238,0,-2.167060614,0
70.86969757,-5.337094307,1,-3.739696741,1,-8.334632874,1,0.077555381,1,-0.564208925,1,0.168113559,1,0.142546147,0,-0.608539999,0,-2.166622639,0
70.873703,-5.268717766,1,-4.217036247,1,-8.201422691,1,0.065820016,1,-0.562261105,1,0.162363246,1,0.142602652,0,-0.610880971,0,-2.166220903,0
70.87770081,-5.160475731,1,-4.122378826,1,-8.13378334,1,0.042221271,1,-0.550736368,1,0.161674574,1,0.142593548,0,-0.613173604,0,-2.165832043,0
70.88169861,-5.375144482,1,-4.005292416,1,-8.138759613,1,0.015962366,1,-0.539558828,1,0.153877243,1,0.142491192,0,-0.615419745,0,-2.165444136,0
70.88569641,-5.397438049,1,-3.597959995,1,-8.328058243,1,0.02821609,1,-0.514942944,1,0.160490513,1,0.142335698,0,-0.617596269,0,-2.165048361,0
70.88970184,-5.327055931,1,-3.176032543,1,-8.475940704,1,0.050823957,1,-0.501001716,1,0.173094541,1,0.142226502,0,-0.619699419,0,-2.164584875,0
70.89369965,-5.549658298,1,-2.600794315,1,-8.276251793,1,0.083438024,1,-0.497030407,1,0.172710389,1,0.142193109,0,-0.621766329,0,-2.164086342,0
70.89769745,-5.740221977,1,-2.092949152,1,-8.268896103,1,0.124893479,1,-0.487080008,1,0.151198536,1,0.142349795,0,-0.623805404,0,-2.1636374,0
70.90170288,-5.876621246,1,-1.71894598,1,-8.196896553,1,0.176764145,1,-0.481430888,1,0.118758254,1,0.142769769,0,-0.625795722,0,-2.163304567,0
70.90570068,-5.202895164,1,-1.917976022,1,-8.35726738,1,0.212564453,1,-0.495983452,1,0.0871768,1,0.143447682,0,-0.627773523,0,-2.163131237,0
70.90969849,-5.509277344,1,-1.699885249,1,-8.365790367,1,0.256247103,1,-0.501235366,1,0.056423895,1,0.144379959,0,-0.629804909,0,-2.163141727,0
70.91369629,-5.199608326,1,-1.945946097,1,-8.343087196,1,0.304932505,1,-0.505175352,1,0.039715234,1,0.145592257,0,-0.631814718,0,-2.163269758,0
70.91769409,-5.211927891,1,-2.400222063,1,-8.344323158,1,0.342576802,1,-0.513744891,1,0.022333972,1,0.14702031,0,-0.633849025,0,-2.163486719,0
70.92169952,-5.153813362,1,-2.52667141,1,-8.350035667,1,0.373566777,1,-0.528048158,1,0.014600446,1,0.148624539,0,-0.635916948,0,-2.163782835,0
70.92569733,-5.182382584,1,-2.404693604,1,-8.469929695,1,0.413401544,1,-0.541149557,1,0.011721369,1,0.150391579,0,-0.638036907,0,-2.164109468,0
70.92969513,-4.954699993,1,-2.618266582,1,-8.514010429,1,0.443278283,1,-0.561474383,1,0.018133527,1,0.152312383,0,-0.640222967,0,-2.164460421,0
70.93370056,-5.242891312,1,-2.578161478,1,-8.389802933,1,0.495975465,1,-0.572741091,1,0.013251937,1,0.154401332,0,-0.642477989,0,-2.164819241,0
70.93770599,-5.238154888,1,-2.833355188,1,-8.241170883,1,0.535131395,1,-0.578917742,1,0.021842282,1,0.156689003,0,-0.64476043,0,-2.165180445,0
70.9417038,-5.010793209,1,-3.469837904,1,-8.139821053,1,0.535416782,1,-0.596227407,1,0.023800775,1,0.211282238,0,-0.694884896,0,-2.055309772,0
70.9457016,-5.031239986,1,-3.444733143,1,-8.182440758,1,0.530652046,1,-0.618326306,1,0.0276579,1,0.211930037,0,-0.696323872,0,-2.077953339,0
70.9496994,-5.11833477,1,-2.973625898,1,-8.115269661,1,0.546680212,1,-0.633829594,1,0.023655232,1,0.214436352,0,-0.698800504,0,-2.078517199,0
70.95369721,-5.194392204,1,-2.882576466,1,-8.125499725,1,0.571657419,1,-0.634447932,1,0.027954411,1,0.217034027,0,-0.701296747,0,-2.079084635,0
70.95770264,-5.121409893,1,-2.885275841,1,-8.050024033,1,0.593798101,1,-0.633458614,1,0.028773753,1,0.219741732,0,-0.703795254,0,-2.079661608,0
70.96170044,-5.154642582,1,-3.097819567,1,-8.006160736,1,0.602990746,1,-0.652289629,1,0.021903886,1,0.222542435,0,-0.706327915,0,-2.080276489,0
70.96569824,-5.125262737,1,-3.018209457,1,-7.893997669,1,0.599311054,1,-0.666123509,1,0.020080741,1,0.225371048,0,-0.708919227,0,-2.08093214,0
70.96969605,-5.423563004,1,-2.909900188,1,-7.801170826,1,0.621670544,1,-0.673865795,1,0.012365127,1,0.228279814,0,-0.71155256,0,-2.081646919,0
70.97370148,-5.325018406,1,-3.153636217,1,-7.758842945,1,0.606657207,1,-0.677928686,1,0.003475066,1,0.231241241,0,-0.714186847,0,-2.082413673,0
70.97769928,-5.30091238,1,-2.75627327,1,-7.689726353,1,0.612497747,1,-0.694830537,1,-0.010489113,1,0.234239459,0,-0.716852665,0,-2.083269596,0
70.98169708,-5.538395405,1,-2.718564749,1,-7.618366718,1,0.632398963,1,-0.698139131,1,-0.028117463,1,0.237374604,0,-0.719553411,0,-2.084245682,0
70.98570252,-5.300611019,1,-2.926362753,1,-7.637718678,1,0.642625213,1,-0.700342178,1,-0.03350845,1,0.240619987,0,-0.722237587,0,-2.085299969,0
70.98970032,-5.239557266,1,-3.279811144,1,-7.639386654,1,0.62642318,1,-0.721984923,1,-0.033882067,1,0.243890315,0,-0.724974513,0,-2.086395264,0
70.99369812,-5.265855789,1,-3.1676476,1,-7.504293919,1,0.632804871,1,-0.733175397,1,-0.033629701,1,0.247154713,0,-0.727769852,0,-2.087527752,0
70.99769592,-5.501138687,1,-3.193086624,1,-7.493625164,1,0.642915964,1,-0.740813136,1,-0.030455781,1,0.250479758,0,-0.730601847,0,-2.088681221,0
71.00169373,-5.547343254,1,-3.301706314,1,-7.359600544,1,0.658172011,1,-0.732307494,1,-0.031047385,1,0.253853023,0,-0.733431399,0,-2.089823246,0
71.00569916,-5.436767578,1,-3.522833824,1,-7.21756649,1,0.659056067,1,-0.734364331,1,-0.026136309,1,0.257270843,0,-0.736237288,0,-2.090981722,0
71.00969696,-5.473666191,1,-3.757803202,1,-7.115904808,1,0.647003889,1,-0.736869574,1,-0.02094225,1,0.260647386,0,-0.739055395,0,-2.092123508,0
71.01369476,-5.532648087,1,-3.810591936,1,-7.14257431,1,0.637891293,1,-0.73528862,1,-0.019299762,1,0.264000088,0,-0.74189043,0,-2.093276024,0
71.01769257,-5.393311977,1,-3.742403746,1,-7.03519249,1,0.629447103,1,-0.734458625,1,-0.008634318,1,0.267291605,0,-0.744718075,0,-2.094390869,0
71.021698,-5.579479694,1,-3.694886684,1,-7.01377821,1,0.629990578,1,-0.731267631,1,0.010443711,1,0.270527661,0,-0.747549891,0,-2.095451117,0
71.0256958,-5.638804913,1,-3.679404736,1,-6.972855091,1,0.633539796,1,-0.726037323,1,0.022471113,1,0.273721814,0,-0.750369847,0,-2.096434355,0
71.0296936,-5.636366844,1,-3.816900253,1,-6.786180973,1,0.611826241,1,-0.715127289,1,0.030922728,1,0.276846945,0,-0.753169537,0,-2.097374439,0
71.03369904,-5.754855633,1,-3.552532434,1,-6.693005085,1,0.606373012,1,-0.709458888,1,0.03112231,1,0.279902518,0,-0.755948842,0,-2.098291874,0
71.03769684,-5.976994991,1,-3.326026917,1,-6.639718056,1,0.611196637,1,-0.695564866,1,0.034302682,1,0.282953262,0,-0.758685946,0,-2.099193096,0
71.04169464,-5.94853878,1,-3.460627556,1,-6.557936668,1,0.603954494,1,-0.676305771,1,0.031955317,1,0.285994589,0,-0.761354983,0,-2.100083828,0
71.04569244,-5.850593567,1,-3.611710548,1,-6.513110638,1,0.583986163,1,-0.665449321,1,0.025286779,1,0.288996041,0,-0.763954461,0,-2.100990057,0
71.04969025,-5.961682796,1,-3.797346354,1,-6.408789158,1,0.553553939,1,-0.657114267,1,0.017120196,1,0.291923672,0,-0.766516089,0,-2.101924419,0
71.05369568,-5.949868202,1,-3.862253666,1,-6.386842728,1,0.52775389,1,-0.638549984,1,0.014435055,1,0.294765025,0,-0.769017458,0,-2.102882862,0
71.05770111,-5.988647938,1,-4.004040241,1,-6.436254978,1,0.50564605,1,-0.630768657,1,0.008735108,1,0.297506928,0,-0.771452188,0,-2.103859425,0
71.06170654,-5.982568264,1,-4.03579998,1,-6.470759869,1,0.475660056,1,-0.612089396,1,0.009517346,1,0.300153136,0,-0.773842812,0,-2.104839325,0
71.06570435,-6.044789314,1,-4.169845581,1,-6.4826231,1,0.450047672,1,-0.601121008,1,0.005535544,1,0.302685797,0,-0.776165366,0,-2.105811834,0
71.06970215,-5.943086147,1,-4.095436573,1,-6.452416897,1,0.425691068,1,-0.591711879,1,0.010262592,1,0.305113018,0,-0.778446078,0,-2.106762171,0
71.07369995,-5.961353302,1,-4.129859924,1,-6.512236595,1,0.410171926,1,-0.574444592,1,0.018539181,1,0.307433158,0,-0.780681968,0,-2.107680321,0
71.07770538,-6.011579037,1,-4.164290428,1,-6.428389549,1,0.387646496,1,-0.569799125,1,0.019046357,1,0.309655488,0,-0.782885909,0,-2.108564854,0
71.08170319,-5.952424049,1,-4.189167023,1,-6.542026043,1,0.362733811,1,-0.554121912,1,0.02244268,1,0.311769664,0,-0.785054088,0,-2.109418869,0
71.08570099,-5.843449593,1,-4.372941971,1,-6.541501522,1,0.327999651,1,-0.555094421,1,0.03113609,1,0.313730299,0,-0.787194371,0,-2.110231876,0
71.08969879,-5.89392519,1,-4.081628323,1,-6.578661442,1,0.301670521,1,-0.547866166,1,0.036638916,1,0.315545321,0,-0.789336443,0,-2.111022472,0
71.09370422,-5.9807024,1,-3.854327202,1,-6.588096142,1,0.284695029,1,-0.539557695,1,0.035175204,1,0.317269206,0,-0.791455865,0,-2.111803532,0
71.09770203,-6.079436779,1,-3.814651966,1,-6.546181202,1,0.28077057,1,-0.528927267,1,0.036724843,1,0.318931818,0,-0.793530345,0,-2.112550497,0
71.10169983,-6.093303204,1,-3.957079172,1,-6.47610569,1,0.273346484,1,-0.521023095,1,0.031854801,1,0.320574373,0,-0.795570016,0,-2.113302469,0
71.10570526,-6.072182655,1,-3.840182304,1,-6.525083065,1,0.257145613,1,-0.516189277,1,0.030057194,1,0.322175205,0,-0.797578812,0,-2.11405921,0
71.10970306,-6.061574936,1,-3.77482605,1,-6.536454201,1,0.246778622,1,-0.514942467,1,0.034907844,1,0.323713154,0,-0.79957509,0,-2.114815474,0
71.11370087,-6.016545773,1,-3.900015116,1,-6.597697258,1,0.239813343,1,-0.516988158,1,0.032805134,1,0.325224638,0,-0.80156672,0,-2.115567446,0
71.11769867,-5.979034901,1,-4.039288044,1,-6.665560722,1,0.227679238,1,-0.518160582,1,0.041845419,1,0.326691389,0,-0.803572416,0,-2.116317034,0
71.12169647,-5.884764194,1,-4.137110233,1,-6.569574833,1,0.217450127,1,-0.524177194,1,0.045601193,1,0.328104615,0,-0.805607319,0,-2.117051125,0
71.1257019,-5.882496834,1,-4.145325661,1,-6.610448837,1,0.200050324,1,-0.527550578,1,0.066094734,1,0.329432607,0,-0.807676315,0,-2.117732286,0
71.12969971,-5.870562077,1,-4.311371326,1,-6.614810467,1,0.179511309,1,-0.533213377,1,0.090464383,1,0.33059752,0,-0.809784591,0,-2.118299007,0
71.13369751,-5.892114162,1,-4.388050556,1,-6.585337162,1,0.157251745,1,-0.538226724,1,0.111793324,1,0.331599653,0,-0.811940491,0,-2.118755102,0
71.13769531,-5.872514725,1,-4.439292908,1,-6.58936739,1,0.133745551,1,-0.54469502,1,0.145483285,1,0.332432449,0,-0.814153135,0,-2.119097471,0
71.14170075,-5.740600586,1,-4.454491138,1,-6.862756252,1,0.105821766,1,-0.547010481,1,0.179764479,1,0.333019942,0,-0.816431284,0,-2.119242907,0
71.14569855,-5.809664249,1,-4.890351295,1,-7.002149105,1,0.088209003,1,-0.564790428,1,0.206073225,1,0.333403111,0,-0.818787634,0,-2.1192348,0
71.14969635,-5.786343098,1,-4.86615324,1,-6.963650227,1,0.063980453,1,-0.576937258,1,0.238366261,1,0.333618104,0,-0.821224689,0,-2.1191082,0
71.15370178,-5.764935493,1,-4.61558485,1,-6.919519901,1,0.060593814,1,-0.589308739,1,0.272750884,1,0.333657056,0,-0.823754191,0,-2.11881876,0
71.15769959,-5.91493845,1,-4.529460907,1,-6.846469402,1,0.070210129,1,-0.59053278,1,0.295532435,1,0.333592534,0,-0.826355934,0,-2.118370056,0
71.16169739,-5.913888931,1,-4.536041737,1,-6.86882782,1,0.066031121,1,-0.605049849,1,0.317500561,1,0.333457708,0,-0.829010129,0,-2.117808819,0
71.16569519,-6.011525631,1,-4.258451939,1,-6.919602871,1,0.05765219,1,-0.622120619,1,0.335198045,1,0.333228052,0,-0.831755996,0,-2.117156982,0
71.16969299,-6.048670769,1,-4.222458363,1,-7.030826569,1,0.054772921,1,-0.63465631,1,0.346274048,1,0.332945108,0,-0.834565699,0,-2.116464138,0
71.17369843,-5.929088116,1,-4.15644455,1,-7.094614506,1,0.043345854,1,-0.661981642,1,0.372335464,1,0.332591832,0,-0.837482214,0,-2.115727186,0
71.17770386,-5.779386997,1,-4.221770287,1,-7.203989029,1,0.033102252,1,-0.692827225,1,0.384558648,1,0.332134932,0,-0.840535998,0,-2.114910603,0
71.18170166,-5.687478065,1,-4.429728985,1,-7.410345078,1,0.026853181,1,-0.73175478,1,0.400972635,1,0.331629217,0,-0.843735695,0,-2.114077806,0
71.18571472,-5.696267128,1,-4.612567425,1,-7.52458334,1,0.021433128,1,-0.774756491,1,0.428559601,1,0.331070185,0,-0.847120166,0,-2.113188982,0
71.18971252,-5.721966743,1,-4.595085144,1,-7.568119526,1,0.021535326,1,-0.821670294,1,0.463923395,1,0.330419183,0,-0.850716054,0,-2.112212896,0
71.1937027,-5.634107113,1,-4.440793514,1,-7.613349438,1,0.027463771,1,-0.879516006,1,0.494880855,1,0.328109384,0,-0.853917539,0,-2.130607605,0
71.1977005,-5.535515785,1,-4.460371971,1,-7.744324684,1,0.041543577,1,-0.945410311,1,0.527826369,1,0.327377915,0,-0.858030915,0,-2.129451513,0
71.20171356,-5.474999428,1,-4.368316174,1,-7.942239285,1,0.051572189,1,-1.028493047,1,0.553334475,1,0.326654494,0,-0.862457275,0,-2.128257513,0
71.20571137,-5.509128571,1,-4.118379593,1,-7.886608601,1,0.080000706,1,-1.108299851,1,0.582149148,1,0.326015174,0,-0.867231846,0,-2.127062321,0
71.20970917,-5.53748703,1,-3.994238853,1,-7.979523182,1,0.098298125,1,-1.1943326,1,0.601300418,1,0.325457573,0,-0.872356534,0,-2.125876188,0
71.2137146,-5.632666588,1,-4.157192707,1,-8.034459114,1,0.098104104,1,-1.282409906,1,0.619126737,1,0.324994266,0,-0.877824485,0,-2.1247437,0
71.2177124,-5.434155941,1,-3.792513132,1,-8.047229767,1,0.098673522,1,-1.37007153,1,0.622034729,1,0.324569523,0,-0.883648098,0,-2.123696566,0
71.22171021,-5.524882317,1,-3.397767544,1,-8.191867828,1,0.120467246,1,-1.471945763,1,0.620233774,1,0.324338287,0,-0.889823318,0,-2.12282753,0
71.22570801,-5.553788662,1,-3.223279238,1,-8.38595295,1,0.151755676,1,-1.567642927,1,0.622860312,1,0.324361652,0,-0.896386087,0,-2.122156858,0
71.22970581,-5.765273094,1,-3.182491541,1,-8.620547295,1,0.185387969,1,-1.667460442,1,0.623268723,1,0.32467258,0,-0.903314412,0,-2.121686459,0
71.23371124,-5.505580425,1,-2.93332839,1,-8.607509613,1,0.23046495,1,-1.782512903,1,0.61471349,1,0.325313181,0,-0.910639226,0,-2.121446609,0
71.23770905,-5.519967556,1,-2.816133499,1,-8.816817284,1,0.264197528,1,-1.907353759,1,0.627092779,1,0.326316476,0,-0.918415368,0,-2.121471882,0
71.24170685,-5.613303185,1,-2.867985487,1,-8.936743736,1,0.314618886,1,-2.045207262,1,0.615149856,1,0.327721506,0,-0.926693976,0,-2.121768236,0
71.24570465,-5.770604134,1,-3.168340683,1,-9.104847908,1,0.353897005,1,-2.180733442,1,0.633413732,1,0.329552531,0,-0.935502052,0,-2.122367859,0
71.24971008,-5.882790089,1,-3.613539457,1,-9.256132126,1,0.35871762,1,-2.323566914,1,0.668310881,1,0.331616104,0,-0.944863081,0,-2.123156786,0
71.25370789,-5.252717495,1,-3.655154228,1,-8.938772202,1,0.378205359,1,-2.478269339,1,0.68543303,1,0.333880603,0,-0.954827428,0,-2.124143362,0
71.25770569,-5.149349213,1,-3.70108676,1,-9.076892853,1,0.417578369,1,-2.660710573,1,0.716416836,1,0.33651188,0,-0.965455353,0,-2.125422001,0
71.26171112,-5.180739403,1,-3.728856087,1,-9.404161453,1,0.46578294,1,-2.837146282,1,0.755991936,1,0.339571536,0,-0.976795852,0,-2.126974821,0
71.26570892,-5.052715302,1,-3.951608896,1,-9.740114212,1,0.515188694,1,-3.021707296,1,0.800969362,1,0.342995435,0,-0.988866746,0,-2.128736734,0
71.26970673,-4.994628906,1,-4.242208481,1,-10.10096645,1,0.543057859,1,-3.253072023,1,0.846431851,1,0.346887589,0,-1.001790643,0,-2.130851984,0
71.27370453,-4.654841423,1,-4.49726963,1,-10.58108711,1,0.571356416,1,-3.50673604,1,0.90703696,1,0.351217628,0,-1.015679955,0,-2.133339882,0
71.27770233,-4.533241749,1,-4.874568939,1,-11.03837204,1,0.59275043,1,-3.794579506,1,0.976058841,1,0.356051028,0,-1.030671954,0,-2.136272192,0
71.28170776,-4.765089989,1,-5.696080208,1,-11.68735886,1,0.620042264,1,-4.097383976,1,1.068658948,1,0.36138621,0,-1.046878576,0,-2.139653206,0
71.28570557,-4.629241467,1,-6.670330524,1,-12.08637047,1,0.633832514,1,-4.399211884,1,1.200694323,1,0.36708656,0,-1.064365983,0,-2.143326759,0
71.28970337,-4.667960167,1,-8.301160812,1,-12.3804903,1,0.621959686,1,-4.738538742,1,1.377954364,1,0.372987092,0,-1.083271384,0,-2.147156954,0
71.29370117,-4.913084507,1,-9.445075989,1,-12.91849327,1,0.586171329,1,-5.045394897,1,1.611929297,1,0.378556669,0,-1.103672147,0,-2.150701046,0
71.29771423,-4.744557858,1,-9.635066986,1,-12.48562241,1,0.592181742,1,-5.364981651,1,1.847362638,1,0.383638471,0,-1.125558257,0,-2.153741121,0
71.30171204,-3.970000744,1,-10.36004543,1,-12.56829071,1,0.620167136,1,-5.728048801,1,2.114645243,1,0.388253927,0,-1.149091363,0,-2.156152725,0
71.30571747,-4.093005657,1,-10.21210861,1,-12.62336254,1,0.684552908,1,-6.041650772,1,2.378591776,1,0.392366946,0,-1.174278498,0,-2.157799482,0
71.30971527,-3.703938723,1,-10.57975292,1,-12.27284241,1,0.768045008,1,-6.336894512,1,2.674699306,1,0.395652413,0,-1.201005578,0,-2.158222198,0
71.31371307,-3.183839083,1,-10.92631435,1,-12.12249565,1,0.839092314,1,-6.679041862,1,2.966660976,1,0.397947133,0,-1.229384542,0,-2.157237291,0
71.31771088,-5.783518314,1,-11.40458298,1,-12.79453659,1,0.892625928,1,-6.93539238,1,3.206825256,1,0.399042219,0,-1.259302735,0,-2.154714346,0
71.32171631,-8.539017677,1,-10.42868805,1,-12.92341232,1,0.914574683,1,-7.110459328,1,3.431903601,1,0.398346901,0,-1.290332913,0,-2.150196552,0
71.32571411,-11.37163448,1,-9.749337196,1,-13.58566284,1,0.888577461,1,-7.21011591,1,3.61192894,1,0.394679844,0,-1.322229266,0,-2.142699718,0
71.32971191,-11.06496143,1,-6.904179573,1,-12.89561272,1,1.021511793,1,-7.323179722,1,3.658138752,1,0.388399124,0,-1.354623914,0,-2.132388353,0
71.33370972,-13.04370308,1,-7.531806946,1,-12.98025608,1,1.189240098,1,-7.47611618,1,3.716393471,1,0.380098701,0,-1.387666702,0,-2.11941433,0
71.33770752,-19.00590134,1,-8.749032021,1,-14.4977541,1,1.362637281,1,-7.312773228,1,3.735392094,1,0.367114067,0,-1.420725822,0,-2.101062775,0
71.34171295,-20.56149673,1,-9.434558868,1,-14.29237938,1,1.483575344,1,-6.978158951,1,3.696179867,1,0.34302038,0,-1.452691913,0,-2.070977688,0
71.34571075,-21.24007607,1,-9.610386848,1,-12.18183422,1,1.635758877,1,-6.661439896,1,3.6710639,1,0.297341943,0,-1.483060956,0,-2.018829584,0
71.34970856,-23.25070953,1,-14.70012474,1,-12.98779106,1,1.302001476,1,-6.268949986,1,3.789019823,1,0.190688401,0,-1.511880636,0,-1.90599668,0
71.35370636,-17.61936569,1,-12.56525612,1,-10.91434574,1,0.969499946,1,-6.081617355,1,3.862845898,1,-0.118289605,0,-1.537387729,0,-1.592176199,0
71.35771179,-23.22239304,1,-12.76004982,1,-13.05070019,1,0.834361076,1,-5.868959904,1,3.721294403,1,-1.122592211,0,-1.549635887,0,-0.584015667,0
71.3617096,-27.00585175,1,-12.31197166,1,-13.05698299,1,0.594022572,1,-5.254346371,1,3.749094963,1,-1.935882568,0,-1.534413338,0,0.232451186,0
71.3657074,-21.42641068,1,-8.873241425,1,-10.98843765,1,0.333504707,1,-4.887519836,1,3.67697835,1,-2.166304827,0,-1.511699677,0,0.464941442,0
71.36971283,-20.14223671,1,-8.737821579,1,-10.24156952,1,0.359480023,1,-4.713459969,1,3.545814037,1,-2.2603302,0,-1.488615632,0,0.560535252,0
71.37371063,-21.92341805,1,-8.256040573,1,-10.05260563,1,0.278456599,1,-4.299213886,1,3.506141186,1,-2.306154013,0,-1.466127634,0,0.607865393,0
71.37770844,-15.84542847,1,-6.186793804,1,-9.880596161,1,0.221743733,1,-3.898913383,1,3.268317223,1,-2.329310179,0,-1.445022106,0,0.632130802,0
71.38170624,-10.7406168,1,-5.817634583,1,-8.256765366,1,0.305564433,1,-3.631407261,1,2.997128725,1,-2.344083548,0,-1.425587654,0,0.648083687,0
71.38570404,-7.659067154,1,-5.765917778,1,-7.510393143,1,0.33581987,1,-3.383260965,1,2.763516188,1,-2.35514164,0,-1.407488823,0,0.66059792,0
71.38970947,-1.854824185,1,-6.585772991,1,-8.187982559,1,0.330581576,1,-3.087868214,1,2.560070753,1,-2.362913132,0,-1.390828252,0,0.669850111,0
71.39370728,0.462201744,1,-7.820333958,1,-10.49660969,1,0.2664015,1,-2.804864645,1,2.500211954,1,-2.367250204,0,-1.375354886,0,0.675499737,0
71.39770508,-8.653997421,1,-9.228635788,1,-12.27777481,1,0.090195134,1,-2.576211929,1,2.398023844,1,-2.368602514,0,-1.360758662,0,0.677657247,0
71.40170288,-21.37265587,1,-8.789527893,1,-14.21781349,1,-0.183999866,1,-2.204549313,1,1.974219918,1,-2.370864868,0,-1.347730398,0,0.679757833,0
71.40570831,-27.78399086,1,-9.037148476,1,-16.56272507,1,-0.277591825,1,-1.477131486,1,1.585979342,1,-2.372383833,0,-1.337404013,0,0.680344343,0
71.40970612,-15.3874855,1,-10.93050861,1,-15.34708405,1,-0.372153431,1,-0.673851192,1,1.273897409,1,-2.368887424,0,-1.330390215,0,0.675411761,0
71.41370392,-5.254683971,1,-11.46566582,1,-13.037117,1,-0.539123118,1,-0.154191613,1,0.915067255,1,-2.362606525,0,-1.32619071,0,0.667096674,0
71.41770935,0.433560997,1,-9.170088768,1,-11.10573387,1,-0.684329689,1,0.081258118,1,0.622518182,1,-2.356667042,0,-1.323997498,0,0.658413768,0
71.42171478,-0.369967043,1,-6.635277271,1,-10.50531673,1,-0.752959132,1,0.167199135,1,0.437065989,1,-2.352276802,0,-1.322873592,0,0.650897384,0
71.42571259,-3.128959656,1,-5.371427536,1,-10.67593384,1,-0.746077657,1,0.317171723,1,0.273048609,1,-2.348721266,0,-1.322519183,0,0.644108593,0
71.42971802,-2.899942398,1,-4.726554394,1,-10.40297699,1,-0.697657406,1,0.568070471,1,0.071509853,1,-2.344725847,0,-1.323258638,0,0.636992931,0
71.43371582,-0.683860242,1,-4.051168919,1,-9.339321136,1,-0.598123133,1,0.776250601,1,-0.124721564,1,-2.339868307,0,-1.325234652,0,0.629306614,0
71.43771362,1.09221673,1,-3.42813611,1,-8.288086891,1,-0.492195338,1,0.918988049,1,-0.293532163,1,-2.334504604,0,-1.328205466,0,0.621538997,0
71.44171143,2.034955978,1,-3.085242033,1,-7.729231358,1,-0.400768846,1,1.034672141,1,-0.421452552,1,-2.328813076,0,-1.33194077,0,0.613848865,0
71.44571686,2.463055849,1,-3.016494274,1,-7.498057842,1,-0.325229615,1,1.157224178,1,-0.544479012,1,-2.33098197,0,-1.336693168,0,0.599332094,0
71.44971466,2.677376747,1,-2.949338675,1,-7.26505661,1,-0.266122699,1,1.290557027,1,-0.652181983,1,-2.324032784,0,-1.341799974,0,0.590970159,0
71.45371246,2.59825635,1,-3.091366291,1,-7.110730648,1,-0.218218625,1,1.427576184,1,-0.749075472,1,-2.316003561,0,-1.347555637,0,0.581744373,0
71.45771027,2.523170948,1,-3.125949621,1,-6.975091934,1,-0.1985825,1,1.568409085,1,-0.818962872,1,-2.306526661,0,-1.353915334,0,0.571189225,0
71.46170807,2.585722685,1,-3.30840826,1,-6.816819668,1,-0.219744459,1,1.712937474,1,-0.855480433,1,-2.295098543,0,-1.360796452,0,0.558637321,0
71.4657135,2.644288301,1,-3.286256075,1,-6.693503857,1,-0.25896126,1,1.859966278,1,-0.877873719,1,-2.281266451,0,-1.3681072,0,0.543527305,0
71.4697113,2.396472931,1,-3.465630531,1,-6.563065052,1,-0.313535094,1,2.021519184,1,-0.871139169,1,-2.26420927,0,-1.375784516,0,0.524958134,0
71.47370911,1.996400476,1,-3.703748226,1,-6.550405025,1,-0.381444961,1,2.197627306,1,-0.852481723,1,-2.242974997,0,-1.383783102,0,0.501916826,0
71.47771454,1.714351058,1,-3.889911175,1,-6.456130028,1,-0.473175347,1,2.383967161,1,-0.81943953,1,-2.216575623,0,-1.392053127,0,0.473326802,0
71.48171234,1.572182536,1,-3.920066833,1,-6.443380833,1,-0.56762141,1,2.574125051,1,-0.768282712,1,-2.18382597,0,-1.400459051,0,0.437961012,0
71.48571014,1.339208364,1,-3.912533522,1,-6.3773489,1,-0.660949171,1,2.760374308,1,-0.702733636,1,-2.143287182,0,-1.408852339,0,0.394372106,0
71.48970795,1.030953765,1,-3.6109097,1,-6.353432178,1,-0.746118188,1,2.951453209,1,-0.624058604,1,-2.093519449,0,-1.417079687,0,0.341128588,0
71.49370575,0.603227794,1,-3.382178307,1,-6.343241692,1,-0.831209302,1,3.146936178,1,-0.541337013,1,-2.032763481,0,-1.42489934,0,0.276489168,0
71.49771118,0.229817525,1,-3.139613867,1,-6.308692455,1,-0.887101829,1,3.346513987,1,-0.450316668,1,-1.959289432,0,-1.432077765,0,0.198792204,0
71.50170898,-0.066974729,1,-2.829230547,1,-6.28577137,1,-0.924340487,1,3.548753977,1,-0.356571436,1,-1.871736765,0,-1.438266277,0,0.106768191,0
71.50570679,-0.312874585,1,-2.546862602,1,-6.192463398,1,-0.937409759,1,3.746164322,1,-0.264036417,1,-1.769643664,0,-1.443083525,0,5.19E-05,0
71.50970459,-0.474810153,1,-2.258979797,1,-6.071592331,1,-0.924589574,1,3.939601183,1,-0.168267339,1,-1.654287457,0,-1.446114898,0,-0.119982131,0
71.51371002,-0.709926367,1,-1.951996803,1,-6.019652843,1,-0.891247511,1,4.130437851,1,-0.072441958,1,-1.528746963,0,-1.446923733,0,-0.250157535,0
71.51770783,-0.997902095,1,-1.785349846,1,-5.949462414,1,-0.834456742,1,4.30022192,1,0.024998764,1,-1.39838326,0,-1.445215583,0,-0.385019302,0
71.52170563,-1.157354832,1,-1.674025178,1,-5.865357399,1,-0.756575108,1,4.459488392,1,0.116916589,1,-1.269440413,0,-1.440828562,0,-0.518229842,0
71.52571106,-1.608203292,1,-1.713328719,1,-5.884279728,1,-0.66612035,1,4.614528656,1,0.204124108,1,-1.147505283,0,-1.433777452,0,-0.644135416,0
71.52970886,-2.047813654,1,-1.816713572,1,-5.892399311,1,-0.571256459,1,4.761447906,1,0.280733585,1,-1.036437869,0,-1.424256206,0,-0.75882262,0
71.53370667,-2.663532019,1,-2.022396564,1,-5.840287209,1,-0.463941514,1,4.916644573,1,0.347842872,1,-0.937809408,0,-1.412518501,0,-0.860704541,0
71.5377121,-3.253130436,1,-2.279866219,1,-5.965628147,1,-0.358757854,1,5.05527401,1,0.399123728,1,-0.851682186,0,-1.398851156,0,-0.949681461,0
71.54171753,-3.91869688,1,-2.424717903,1,-6.096235752,1,-0.252404094,1,5.21048069,1,0.419324189,1,-0.776832938,0,-1.383557796,0,-1.026995182,0
71.54571533,-4.619651318,1,-2.674590826,1,-6.255096436,1,-0.15339832,1,5.361117363,1,0.415222645,1,-0.711568356,0,-1.366857052,0,-1.094358921,0
71.54972076,-5.03747797,1,-2.755172491,1,-6.373532772,1,-0.050794836,1,5.51872015,1,0.3700248,1,-0.654104233,0,-1.34896946,0,-1.153548837,0
71.55371857,-5.397770882,1,-2.767882824,1,-6.463328838,1,0.058134194,1,5.663900375,1,0.318809003,1,-0.602985322,0,-1.330059052,0,-1.206047654,0
71.55771637,-5.776872635,1,-2.795358419,1,-6.528334618,1,0.177182198,1,5.80099678,1,0.221439674,1,-0.556953549,0,-1.310279965,0,-1.25307703,0
71.56171417,-6.032074451,1,-2.838100195,1,-6.562719345,1,0.299883842,1,5.934993744,1,0.115810454,1,-0.514924109,0,-1.289749265,0,-1.295709252,0
71.56571198,-6.113576889,1,-2.891621828,1,-6.418648243,1,0.422047585,1,6.054886341,1,-0.00666709,1,-0.476136684,0,-1.268541098,0,-1.334691763,0
71.56971741,-6.344598293,1,-2.979545355,1,-6.409853935,1,0.54346025,1,6.154596329,1,-0.137835294,1,-0.440049291,0,-1.246767879,0,-1.370599747,0
71.57371521,-6.364283562,1,-3.178393602,1,-6.403793335,1,0.672469378,1,6.232643127,1,-0.268759429,1,-0.40624541,0,-1.224510312,0,-1.40382266,0
71.57771301,-6.227310658,1,-3.278120041,1,-6.258298874,1,0.79412508,1,6.291093349,1,-0.402687967,1,-0.374459326,0,-1.201849818,0,-1.434611678,0
71.58171082,-6.125411034,1,-3.538437843,1,-6.146796227,1,0.912114322,1,6.327382088,1,-0.518123507,1,-0.344526559,0,-1.178872943,0,-1.463172793,0
71.58571625,-6.024881363,1,-3.567264318,1,-6.301739693,1,1.0287534,1,6.326455593,1,-0.637720704,1,-0.316295028,0,-1.155656815,0,-1.48966074,0
71.58971405,-5.68494606,1,-3.584187984,1,-6.156642437,1,1.151222706,1,6.306308746,1,-0.747362614,1,-0.28953588,0,-1.132365823,0,-1.514263034,0
71.59371185,-5.638559818,1,-3.721486568,1,-6.159715652,1,1.266553879,1,6.251764297,1,-0.842513144,1,-0.26416707,0,-1.109069824,0,-1.537064433,0
71.59771729,-5.767757893,1,-3.791895151,1,-6.248398781,1,1.388950229,1,6.188493252,1,-0.937903881,1,-0.240002394,0,-1.085844755,0,-1.558250189,0
71.60171509,-5.78181982,1,-3.876815557,1,-6.381715775,1,1.513706207,1,6.108309746,1,-1.031059623,1,-0.216832638,0,-1.062772632,0,-1.578005791,0
71.60571289,-5.925344467,1,-4.005320072,1,-6.57724905,1,1.634564161,1,6.017663002,1,-1.121378422,1,-0.194487795,0,-1.039900184,0,-1.596490741,0
71.60971069,-6.290385246,1,-4.129510403,1,-6.762708187,1,1.744764805,1,5.921593666,1,-1.212173462,1,-0.172873482,0,-1.017282605,0,-1.613838553,0
71.6137085,-6.83916378,1,-4.338263512,1,-6.955059052,1,1.852627158,1,5.842589855,1,-1.293445349,1,-0.151848122,0,-0.994877875,0,-1.63019383,0
71.61771393,-7.25184536,1,-4.536066055,1,-7.216300488,1,1.960436106,1,5.768685818,1,-1.368206501,1,-0.131358385,0,-0.972642303,0,-1.645639062,0
71.62171173,-7.620802879,1,-4.865452766,1,-7.558940887,1,2.050619602,1,5.685534477,1,-1.437799454,1,-0.111385167,0,-0.95058167,0,-1.66021502,0
71.62570953,-8.054647446,1,-5.213720798,1,-7.903820515,1,2.128039837,1,5.605378151,1,-1.51730454,1,-0.091841385,0,-0.928709686,0,-1.67405808,0
71.62970734,-8.33069706,1,-5.329856873,1,-8.280270576,1,2.186206341,1,5.519795418,1,-1.5852983,1,-0.072740525,0,-0.907042563,0,-1.687237144,0
71.63371277,-8.566437721,1,-5.401072502,1,-8.771034241,1,2.221856117,1,5.43080616,1,-1.656861901,1,-0.054092016,0,-0.8855955,0,-1.699828029,0
71.63771057,-8.821248055,1,-5.280469894,1,-9.286132813,1,2.26257062,1,5.328836918,1,-1.73477757,1,-0.03584446,0,-0.86440134,0,-1.711909533,0
71.64170837,-9.218477249,1,-4.831524372,1,-9.731200218,1,2.319494247,1,5.229408264,1,-1.820738792,1,-0.017881997,0,-0.843477368,0,-1.723588943,0
71.64570618,-9.719382286,1,-4.266383171,1,-10.10746002,1,2.381620407,1,5.124689102,1,-1.926608562,1,-3.80E-05,0,-0.822835863,0,-1.734997869,0
71.64970398,-10.27939987,1,-3.604609489,1,-10.475564,1,2.457737684,1,5.010909081,1,-2.038507223,1,0.017823836,0,-0.802506149,0,-1.746265173,0
71.65370941,-10.78445721,1,-3.06133914,1,-10.99047279,1,2.539192677,1,4.893942356,1,-2.179597139,1,0.035833213,0,-0.782479048,0,-1.757519245,0
71.65771484,-11.31042767,1,-2.575984478,1,-11.48587227,1,2.633309603,1,4.770178318,1,-2.323442698,1,0.054107472,0,-0.762762189,0,-1.768877268,0
71.66172028,-12.06187057,1,-2.203897238,1,-11.86905956,1,2.731387377,1,4.647805691,1,-2.47764039,1,0.072707795,0,-0.743344188,0,-1.78037858,0
71.66571808,-13.01166821,1,-1.742920518,1,-12.28029823,1,2.833542109,1,4.53076458,1,-2.639101744,1,0.091683291,0,-0.724204421,0,-1.792089105,0
71.66971588,-14.14630985,1,-1.566483855,1,-12.75002956,1,2.926670074,1,4.412372589,1,-2.795794964,1,0.111027166,0,-0.705303431,0,-1.804022431,0
71.67371368,-15.50665092,1,-1.523935914,1,-13.15479088,1,2.995090485,1,4.305602074,1,-2.961646795,1,0.130669788,0,-0.686605692,0,-1.816175938,0
71.67771912,-17.21084785,1,-1.592456698,1,-13.45683861,1,3.037002802,1,4.197290421,1,-3.118226767,1,0.150508642,0,-0.668062091,0,-1.828572392,0
71.68171692,-19.11517525,1,-1.671878338,1,-13.61984348,1,3.02857995,1,4.115999222,1,-3.262210131,1,0.170353323,0,-0.649618149,0,-1.841146231,0
71.68571472,-21.14250946,1,-1.04404521,1,-13.73200226,1,2.978242397,1,4.026445866,1,-3.397672176,1,0.189984888,0,-0.631208599,0,-1.853862524,0
71.68971252,-22.98267365,1,-0.093885757,1,-13.82267857,1,2.898986578,1,3.939449787,1,-3.518074036,1,0.20919311,0,-0.61285764,0,-1.866654038,0
71.69371796,-25.00486755,1,1.50251925,1,-13.6452961,1,2.816376925,1,3.866415977,1,-3.631155491,1,0.203911379,0,-0.588710308,0,-1.904310703,0
71.69771576,-26.96503067,1,3.056843519,1,-13.02495956,1,2.759892225,1,3.832123041,1,-3.71145606,1,0.222318217,0,-0.570563793,0,-1.917575717,0
71.70171356,-28.59540558,1,4.90128088,1,-11.85452366,1,2.737899542,1,3.843075514,1,-3.772603035,1,0.240246803,0,-0.552194118,0,-1.930625439,0
71.70572662,-29.66256332,1,6.345659256,1,-10.26599312,1,2.73235178,1,3.877686739,1,-3.796962023,1,0.257754445,0,-0.5335114,0,-1.943326473,0
71.7097168,-29.9172821,1,6.530766487,1,-8.740706444,1,2.697092533,1,3.923957109,1,-3.77099824,1,0.274697989,0,-0.514472425,0,-1.955454469,0
71.7137146,-29.76517677,1,6.044684887,1,-7.183638096,1,2.602917671,1,3.961108685,1,-3.676691055,1,0.29080829,0,-0.495157778,0,-1.966792107,0
71.7177124,-29.32538033,1,5.584367275,1,-5.643223763,1,2.430512905,1,3.949539661,1,-3.485994339,1,0.305675864,0,-0.475811839,0,-1.977031469,0
71.72171021,-28.78058434,1,5.212091923,1,-4.255676746,1,2.222744703,1,3.893583536,1,-3.210302114,1,0.318986624,0,-0.456751257,0,-1.98591733,0
71.72572327,-28.36941719,1,5.599676132,1,-2.830013752,1,2.011073589,1,3.818078756,1,-2.880209923,1,0.330631196,0,-0.43824175,0,-1.993267536,0
71.72971344,-27.43522263,1,7.315479755,1,-1.623500109,1,1.867233396,1,3.678781033,1,-2.530277729,1,0.340778887,0,-0.420504093,0,-1.999067783,0
71.73371124,-26.73165321,1,10.02587414,1,-0.324012309,1,1.816612244,1,3.489446163,1,-2.192660332,1,0.349882156,0,-0.403807491,0,-2.003466606,0
71.73770905,-27.03369331,1,12.18040943,1,0.93643266,1,1.881485462,1,3.279571295,1,-1.884204626,1,0.358496219,0,-0.388287842,0,-2.006668091,0
71.74172211,-27.89057541,1,13.37124634,1,2.349742651,1,2.007667065,1,3.063194036,1,-1.565612912,1,0.367046654,0,-0.373977959,0,-2.008766413,0
71.74571991,-28.27498055,1,13.75137138,1,3.807256699,1,2.140860319,1,2.837397575,1,-1.231781363,1,0.375693053,0,-0.360944301,0,-2.009767056,0
71.74971771,-28.26315689,1,13.67034435,1,4.899717808,1,2.243077755,1,2.590300798,1,-0.875793874,1,0.384427965,0,-0.349281996,0,-2.009653807,0
71.75370789,-28.00825691,1,13.29380417,1,5.725250721,1,2.297899008,1,2.323787451,1,-0.505746186,1,0.393112063,0,-0.339129925,0,-2.008402348,0
71.75770569,-27.50304985,1,12.93465233,1,6.215233326,1,2.275530577,1,2.036989689,1,-0.12461777,1,0.401512593,0,-0.330590278,0,-2.006052494,0
71.76171875,-26.83792114,1,12.68997383,1,6.419604301,1,2.185555935,1,1.732068896,1,0.236238077,1,0.409374982,0,-0.323751509,0,-2.002707481,0
71.76571655,-26.15900993,1,11.99724579,1,6.49938488,1,2.020637751,1,1.415659666,1,0.595341384,1,0.416453719,0,-0.31866312,0,-1.998437166,0
71.76971436,-24.6570816,1,9.32866478,1,4.891936302,1,1.723339081,1,1.076439857,1,0.979258597,1,0.422415048,0,-0.315347493,0,-1.993291736,0
71.77371979,-16.81421471,1,-5.527231693,1,3.551134109,1,0.063142024,1,0.308247894,1,1.657239437,1,0.424358249,0,-0.314807832,0,-1.987080574,0
71.77772522,-33.62935257,1,-3.691736221,1,8.365446091,1,-1.223614812,1,-0.699853539,1,2.670019388,1,0.419376224,0,-0.319202006,0,-1.9791435,0
71.78172302,-31.81861877,1,2.600582838,1,12.8253088,1,-2.186066866,1,-1.070626497,1,3.441958666,1,0.40923506,0,-0.327476501,0,-1.96882534,0
71.78572846,-19.06363297,1,8.716888428,1,12.54297638,1,-2.601761818,1,-1.359894156,1,4.117817402,1,0.395284712,0,-0.337821573,0,-1.956110954,0
71.78972626,-1.739793897,1,15.35644627,1,7.531036854,1,-2.347253323,1,-1.631057501,1,4.712554932,1,0.380297422,0,-0.350109875,0,-1.941113472,0
71.79372406,-1.709432602,1,11.32255077,1,-0.168114886,1,-2.445416451,1,-1.884865284,1,4.989002705,1,0.364979267,0,-0.363705665,0,-1.924464464,0
71.79772186,-15.6135397,1,2.909762144,1,-10.16012573,1,-2.392657995,1,-2.010950089,1,4.951489449,1,0.349017501,0,-0.378111959,0,-1.907384992,0
71.8017273,-17.53269196,1,-7.789167404,1,-15.92464638,1,-2.212726116,1,-1.620818019,1,4.578393936,1,0.333533108,0,-0.391446084,0,-1.890529871,0
71.8057251,-7.180675983,1,-17.48868752,1,-21.49011993,1,-1.935018182,1,-1.151333094,1,4.194660187,1,0.31911245,0,-0.402262449,0,-1.874499559,0
71.8097229,-2.784609318,1,-27.40011787,1,-21.42408562,1,-2.119832516,1,-0.926175117,1,3.756104708,1,0.305113733,0,-0.41110459,0,-1.859364748,0
71.81372833,-2.204428196,1,-33.66123581,1,-17.53158188,1,-2.50848794,1,-0.901924491,1,3.195343018,1,0.290340304,0,-0.41861096,0,-1.845978975,0
71.81772614,-0.458654374,1,-32.12063599,1,-12.26798058,1,-2.776894093,1,-1.129355431,1,2.794043303,1,0.27524209,0,-0.425790906,0,-1.834613204,0
71.82172394,-3.02731657,1,-25.09750175,1,-8.235548973,1,-3.003719807,1,-1.494337082,1,2.434515238,1,0.259711176,0,-0.433578432,0,-1.825092912,0
71.82572174,-3.096202612,1,-16.39028931,1,-4.46536541,1,-3.285203695,1,-2.065330744,1,2.265397072,1,0.24365975,0,-0.442739427,0,-1.817049623,0
71.82971954,-4.690280914,1,-9.313541412,1,-4.628035069,1,-3.600573063,1,-2.710796833,1,2.430342913,1,0.226563394,0,-0.454288393,0,-1.809372067,0
71.83372498,-6.371219635,1,-3.849109888,1,-5.527396202,1,-3.72290659,1,-3.077724695,1,2.365762234,1,0.208494887,0,-0.467700928,0,-1.801626444,0
71.83772278,-13.39156818,1,4.228372574,1,-9.749307632,1,-3.584675074,1,-3.250816107,1,2.059281826,1,0.190567687,0,-0.482002079,0,-1.794657946,0
71.84172058,-23.99135971,1,9.515547752,1,-13.01560688,1,-3.357836485,1,-2.996831179,1,1.649885893,1,0.174138665,0,-0.495747358,0,-1.788969874,0
71.84571838,-26.29384232,1,13.33804035,1,-16.55345345,1,-2.961418152,1,-2.252083778,1,1.212293625,1,0.159244895,0,-0.507111728,0,-1.784577131,0
71.84972382,-23.88216591,1,19.76349068,1,-17.4168644,1,-2.434328556,1,-1.617491722,1,1.086531878,1,0.146699041,0,-0.51538223,0,-1.780790806,0
71.85372162,-21.8198452,1,19.77237701,1,-17.7331562,1,-1.913974166,1,-0.970403612,1,1.019384861,1,0.135960639,0,-0.521113932,0,-1.776806116,0
71.85771942,-14.02803135,1,17.795784,1,-16.75170326,1,-1.402677417,1,-0.567516088,1,0.961019278,1,0.127326205,0,-0.524615347,0,-1.772706628,0
71.86172485,-7.204706669,1,9.576906204,1,-14.5533371,1,-1.00103426,1,-0.387381732,1,0.779075205,1,0.120661378,0,-0.526901722,0,-1.768981576,0
71.86572266,-3.008191586,1,4.032051563,1,-12.87062359,1,-0.740009725,1,-0.381387204,1,0.768379867,1,0.11558456,0,-0.528712571,0,-1.765666008,0
71.86972046,-2.715034962,1,-2.817545652,1,-10.65714264,1,-0.632505894,1,-0.566069663,1,0.720570564,1,0.111245707,0,-0.530952573,0,-1.762461185,0
71.87371826,-3.439976692,1,-8.046105385,1,-10.0247221,1,-0.654370606,1,-0.598868728,1,0.63368243,1,0.107278183,0,-0.533632636,0,-1.759626508,0
71.87771606,-7.130412102,1,-8.644150734,1,-9.687958717,1,-0.644992888,1,-0.503054559,1,0.43634364,1,0.103515796,0,-0.53607142,0,-1.757409573,0
71.8817215,-7.235149384,1,-5.758476257,1,-7.778121471,1,-0.666265011,1,-0.337154448,1,0.312663078,1,0.100139603,0,-0.537869096,0,-1.755909801,0
71.8857193,-7.192199707,1,-1.921297669,1,-7.148615837,1,-0.635444582,1,-0.347420663,1,0.302786648,1,0.096884571,0,-0.539374888,0,-1.754658699,0
71.8897171,-7.18875885,1,1.503156185,1,-8.578897476,1,-0.545714021,1,-0.264564991,1,0.316672981,1,0.093848124,0,-0.540694892,0,-1.753354192,0
71.89371491,-6.365325928,1,2.505577087,1,-9.554823875,1,-0.413454354,1,-0.217714384,1,0.286690861,1,0.091249071,0,-0.541757882,0,-1.752053142,0
71.89772034,-6.181910992,1,1.734203815,1,-9.502724648,1,-0.285960734,1,-0.200772479,1,0.253654003,1,0.089242861,0,-0.542693794,0,-1.750869155,0
71.90172577,-6.296765327,1,-0.570677996,1,-8.929329872,1,-0.189477429,1,-0.186318368,1,0.224212959,1,0.087768614,0,-0.543542862,0,-1.749840498,0
71.90572357,-7.634221554,1,-2.59058404,1,-8.734137535,1,-0.130728275,1,-0.14349848,1,0.17741099,1,0.086678758,0,-0.54429704,0,-1.748971701,0
71.909729,-5.999910831,1,-3.51500392,1,-8.2377491,1,-0.104499459,1,-0.098140813,1,0.144060805,1,0.085874334,0,-0.544801235,0,-1.748285651,0
71.91372681,-4.591573238,1,-3.70161438,1,-8.595132828,1,-0.083103545,1,-0.147187993,1,0.159680367,1,0.085161902,0,-0.545351088,0,-1.747631431,0
71.91772461,-4.363124847,1,-3.35759306,1,-9.065096855,1,-0.098304972,1,-0.158349276,1,0.192345366,1,0.084405921,0,-0.546029806,0,-1.746875882,0
71.92173004,-4.907553196,1,-2.50020957,1,-8.912633896,1,-0.103009678,1,-0.176006362,1,0.232120261,1,0.083515957,0,-0.546767473,0,-1.745937705,0
71.92572784,-5.222007751,1,-2.264291286,1,-8.605156898,1,-0.095327124,1,-0.174880251,1,0.222774714,1,0.082587935,0,-0.547526836,0,-1.744922638,0
71.92972565,-5.530197144,1,-2.061409235,1,-8.58822155,1,-0.054202542,1,-0.190709487,1,0.192733392,1,0.081811532,0,-0.548334718,0,-1.744019985,0
71.93372345,-5.260885715,1,-1.670250535,1,-8.711555481,1,-0.009871067,1,-0.19312878,1,0.166660994,1,0.081287995,0,-0.549155712,0,-1.743255734,0
71.93772125,-4.929210663,1,-1.771875024,1,-8.746940613,1,0.037962336,1,-0.212946907,1,0.150254622,1,0.080989666,0,-0.550024986,0,-1.742592931,0
71.94172669,-4.791232586,1,-2.488782167,1,-8.825605392,1,0.058022033,1,-0.224382713,1,0.149710774,1,-0.191690102,0,-0.775902629,0,-0.919799685,0
71.94572449,-4.823981762,1,-3.312082291,1,-8.587203026,1,0.045479394,1,-0.229715973,1,0.153018713,1,-0.184650123,0,-0.781454444,0,-0.989064157,0
71.94972229,-4.995716572,1,-3.643008947,1,-8.340202332,1,0.033668272,1,-0.21827963,1,0.148513317,1,-0.185240299,0,-0.782224357,0,-0.987990439,0
71.95372009,-5.258227348,1,-3.219761848,1,-8.371543884,1,0.018873766,1,-0.217617363,1,0.153898716,1,-0.185890868,0,-0.782967806,0,-0.986931205,0
71.95772553,-5.417103767,1,-2.60213089,1,-8.454127312,1,0.022652768,1,-0.204604104,1,0.159485817,1,-0.186586171,0,-0.783665776,0,-0.98584801,0
71.96172333,-5.363650322,1,-2.282452583,1,-8.623131752,1,0.023653843,1,-0.20066224,1,0.158320621,1,-0.187272385,0,-0.784341455,0,-0.984740794,0
71.96572113,-5.136530399,1,-2.470214605,1,-8.427361488,1,0.029050725,1,-0.194903836,1,0.14751488,1,-0.187898234,0,-0.785006642,0,-0.983694375,0
71.96971893,-4.915280819,1,-2.826527834,1,-8.543358803,1,0.023090359,1,-0.200536996,1,0.12363223,1,-0.188475952,0,-0.785686374,0,-0.982735336,0
71.97371674,-4.841183186,1,-3.049825907,1,-8.56306839,1,0.012491262,1,-0.201550856,1,0.111032911,1,-0.188999549,0,-0.78639698,0,-0.98188448,0
71.97772217,-4.738368034,1,-3.07877183,1,-8.49456501,1,-0.002949215,1,-0.208310783,1,0.10910894,1,-0.189578816,0,-0.78710866,0,-0.981045842,0
71.98171997,-5.049615383,1,-3.16387248,1,-8.4190588,1,-0.021219511,1,-0.207738712,1,0.106163763,1,-0.190213665,0,-0.787841082,0,-0.980214119,0
71.98571777,-5.096141815,1,-3.067580462,1,-8.306465149,1,-0.024821887,1,-0.203976318,1,0.100367546,1,-0.190877244,0,-0.788564205,0,-0.979418635,0
71.98971558,-5.009597778,1,-2.974089622,1,-8.340779305,1,-0.033063538,1,-0.205342442,1,0.103144236,1,-0.191558674,0,-0.789287686,0,-0.978636563,0
71.99372101,-4.808982849,1,-2.925826788,1,-8.425880432,1,-0.038689986,1,-0.204761595,1,0.105523571,1,-0.192265585,0,-0.790016472,0,-0.977843046,0
71.99771881,-4.659458637,1,-2.952875137,1,-8.425757408,1,-0.042815018,1,-0.216359422,1,0.115359791,1,-0.193010956,0,-0.790760636,0,-0.977008283,0
72.00171661,-4.782378197,1,-3.019275427,1,-8.358391762,1,-0.040331367,1,-0.224681363,1,0.121007383,1,-0.193815425,0,-0.791537046,0,-0.976115406,0
72.00572205,-4.838561058,1,-2.958158255,1,-8.35521698,1,-0.046793215,1,-0.231361121,1,0.122087963,1,-0.19465515,0,-0.792333126,0,-0.975185454,0
72.00971985,-4.869651794,1,-2.790100574,1,-8.359165192,1,-0.044143721,1,-0.231228545,1,0.13154684,1,-0.195524305,0,-0.793140292,0,-0.974216759,0
72.01371765,-4.773535252,1,-2.57694006,1,-8.456501007,1,-0.049035434,1,-0.23824127,1,0.141901746,1,-0.196455434,0,-0.793957651,0,-0.973181963,0
72.01771545,-4.644826889,1,-2.613255501,1,-8.542458534,1,-0.0454311,1,-0.247000873,1,0.150211647,1,-0.197403252,0,-0.794795513,0,-0.972097933,0
72.02172089,-4.670344353,1,-2.583582878,1,-8.417662621,1,-0.043212995,1,-0.256297499,1,0.157913491,1,-0.198408902,0,-0.795667946,0,-0.970946372,0
72.02571869,-4.760992527,1,-2.734583616,1,-8.338027,1,-0.040330272,1,-0.257991821,1,0.161171883,1,-0.199416295,0,-0.796550214,0,-0.969756961,0
72.02972412,-4.711390972,1,-2.724192381,1,-8.307693481,1,-0.034034979,1,-0.258152664,1,0.169200256,1,-0.20041889,0,-0.797435164,0,-0.968544662,0
72.03372192,-4.785165787,1,-2.672757149,1,-8.225112915,1,-0.028645083,1,-0.265240461,1,0.17952536,1,-0.201465219,0,-0.798326373,0,-0.967259467,0
72.03771973,-4.818487167,1,-2.648733139,1,-8.191230774,1,-0.017126052,1,-0.264440477,1,0.186314911,1,-0.202507347,0,-0.799221873,0,-0.965930223,0
72.04172516,-4.787880421,1,-2.834298611,1,-8.201273918,1,-0.016602548,1,-0.259891927,1,0.189987615,1,-0.203559756,0,-0.800100684,0,-0.964563608,0
72.04572296,-4.796768665,1,-2.868656158,1,-8.121675491,1,-0.020465292,1,-0.271915972,1,0.201351777,1,-0.204655528,0,-0.800974369,0,-0.963151634,0
72.04972076,-5.009160519,1,-2.756417513,1,-7.950727463,1,-0.018347872,1,-0.260692447,1,0.202816948,1,-0.205771655,0,-0.801848948,0,-0.961717665,0
72.05371857,-5.080548763,1,-2.620757341,1,-7.943538666,1,-0.009409234,1,-0.249306411,1,0.204529881,1,-0.206862509,0,-0.802681506,0,-0.960266232,0
72.05771637,-5.011076927,1,-2.554884195,1,-8.064184189,1,-0.006297703,1,-0.247362912,1,0.202648014,1,-0.207931057,0,-0.803482056,0,-0.958815992,0
72.06171417,-4.812776566,1,-2.459642649,1,-8.183476448,1,-0.016399723,1,-0.266282469,1,0.203315079,1,-0.209027678,0,-0.804308414,0,-0.957364678,0
72.0657196,-4.911519051,1,-1.85723567,1,-8.160645485,1,-0.006221129,1,-0.268422037,1,0.198390588,1,-0.210135251,0,-0.805182815,0,-0.955903649,0
72.06971741,-4.99900341,1,-1.644968748,1,-8.180839539,1,0.020652577,1,-0.268175364,1,0.198401302,1,-0.211140841,0,-0.806069016,0,-0.954464555,0
72.07371521,-4.990543365,1,-1.690762043,1,-8.159026146,1,0.046396926,1,-0.276053876,1,0.187923715,1,-0.212024942,0,-0.806964397,0,-0.953056514,0
72.07772064,-4.976099491,1,-2.058011532,1,-8.198867798,1,0.041929744,1,-0.290185124,1,0.180906102,1,-0.212845117,0,-0.807916462,0,-0.951672494,0
72.08171845,-4.959884644,1,-2.014219522,1,-8.139629364,1,0.053896226,1,-0.297085196,1,0.16346626,1,-0.213627324,0,-0.808918178,0,-0.950339973,0
72.08571625,-4.794644833,1,-2.377407074,1,-8.254031181,1,0.061224192,1,-0.304345995,1,0.168318465,1,-0.214329764,0,-0.809952378,0,-0.949028492,0
72.08971405,-4.63009119,1,-2.355081797,1,-8.406193733,1,0.062336661,1,-0.328135133,1,0.162869364,1,-0.215055004,0,-0.811050415,0,-0.947710931,0
72.09371185,-4.758173943,1,-2.460593224,1,-8.305301666,1,0.071627311,1,-0.340563357,1,0.164541781,1,-0.215771899,0,-0.812228799,0,-0.946364403,0
72.09771729,-4.810155392,1,-2.587039948,1,-8.274506569,1,0.084686235,1,-0.349333882,1,0.174150184,1,-0.216469616,0,-0.813426554,0,-0.944970608,0
72.10171509,-4.784910202,1,-2.984891653,1,-8.2739048,1,0.082402959,1,-0.354902029,1,0.182440236,1,-0.217178553,0,-0.81464529,0,-0.943518579,0
72.10571289,-4.872560501,1,-3.106512308,1,-8.188434601,1,0.051409952,1,-0.37734127,1,0.182118252,1,-0.21800074,0,-0.815916896,0,-0.942015886,0
72.10971069,-4.915602207,1,-2.610814333,1,-8.101801872,1,0.045225523,1,-0.382562846,1,0.185917243,1,-0.2189226,0,-0.817235112,0,-0.940493226,0
72.11371613,-5.052206039,1,-2.307039499,1,-8.086756706,1,0.059298679,1,-0.390119076,1,0.181565672,1,-0.219828457,0,-0.818591833,0,-0.938958645,0
72.11771393,-5.059212208,1,-2.196712971,1,-8.141401291,1,0.071778983,1,-0.399643958,1,0.181119412,1,-0.220687613,0,-0.819963574,0,-0.937421203,0
72.12171173,-5.10768652,1,-2.246456623,1,-8.051973343,1,0.076205052,1,-0.40720734,1,0.170411885,1,-0.221501142,0,-0.821376085,0,-0.935898781,0
72.12570953,-5.139809132,1,-2.281333685,1,-8.087432861,1,0.087804735,1,-0.41032958,1,0.171184599,1,-0.222275004,0,-0.822818875,0,-0.934384108,0
72.12970734,-5.14666605,1,-2.56687808,1,-8.139401436,1,0.077136599,1,-0.419592828,1,0.173052311,1,-0.223069906,0,-0.824286103,0,-0.932853818,0
72.13371277,-4.967578411,1,-2.632654667,1,-8.092177391,1,0.057442363,1,-0.430358768,1,0.171703503,1,-0.223946854,0,-0.825784981,0,-0.931292057,0
72.13771057,-5.08597517,1,-2.613120079,1,-8.060107231,1,0.073291607,1,-0.439183682,1,0.17764093,1,-0.224862143,0,-0.827323437,0,-0.929699421,0
72.141716,-5.044334412,1,-2.609897137,1,-8.043007851,1,0.073271491,1,-0.445937276,1,0.183800757,1,-0.225766793,0,-0.828888535,0,-0.928077877,0
72.14571381,-5.02039814,1,-2.681148767,1,-7.981470585,1,0.068882033,1,-0.451370955,1,0.192128122,1,-0.226721555,0,-0.830463111,0,-0.926395655,0
72.14971924,-5.09946394,1,-2.564642668,1,-7.958589554,1,0.063916244,1,-0.461698413,1,0.190925807,1,-0.227730528,0,-0.832066655,0,-0.924664319,0
72.15371704,-5.124998569,1,-2.445994854,1,-7.941793442,1,0.07651937,1,-0.468327731,1,0.194116831,1,-0.228740007,0,-0.833695054,0,-0.922922909,0
72.15771484,-5.192025661,1,-2.40754199,1,-7.905282497,1,0.077817492,1,-0.470698178,1,0.200823739,1,-0.229744747,0,-0.835338116,0,-0.921151459,0
72.16171265,-5.193071842,1,-2.566701412,1,-7.983253002,1,0.081819564,1,-0.477219343,1,0.200546533,1,-0.230781674,0,-0.837002754,0,-0.919327974,0
72.16571045,-5.13385725,1,-2.618052959,1,-7.951710224,1,0.069122143,1,-0.489262193,1,0.202829182,1,-0.23184453,0,-0.838708222,0,-0.917494237,0
72.16971588,-5.169364929,1,-2.418138266,1,-7.983523846,1,0.068793826,1,-0.497528553,1,0.204054072,1,-0.232961848,0,-0.84043771,0,-0.915629506,0
72.17371368,-5.17796278,1,-2.220889091,1,-7.955599308,1,0.078817919,1,-0.509510815,1,0.204290524,1,-0.234084755,0,-0.842206538,0,-0.913728416,0
72.17771149,-5.189345837,1,-2.256117105,1,-8.052358627,1,0.092026129,1,-0.517135859,1,0.21246627,1,-0.235187203,0,-0.844003916,0,-0.911790252,0
72.18170929,-5.18530941,1,-2.333287954,1,-8.017901421,1,0.103495285,1,-0.534688294,1,0.211957812,1,-0.236286342,0,-0.845855832,0,-0.909796119,0
72.18571472,-5.204837799,1,-2.310163975,1,-8.085677147,1,0.11013294,1,-0.547100842,1,0.220495641,1,-0.237371787,0,-0.847750664,0,-0.907771707,0
72.18971252,-5.222165585,1,-2.229960203,1,-8.146870613,1,0.118689105,1,-0.568147779,1,0.221414313,1,-0.238498151,0,-0.849696219,0,-0.905658245,0
72.19371033,-5.179790974,1,-2.298692703,1,-8.186104774,1,0.129812852,1,-0.577530026,1,0.229148448,1,-0.003277955,0,-0.759544671,0,-1.421331048,0
72.19771576,-5.205416203,1,-2.421630144,1,-8.229598999,1,0.140754983,1,-0.597412288,1,0.240930006,1,-0.003625946,0,-0.76189661,0,-1.420034766,0
72.20171356,-5.193201065,1,-2.557395458,1,-8.213259697,1,0.147698075,1,-0.61932236,1,0.243011892,1,-0.003985361,0,-0.764327109,0,-1.418689013,0
72.20571137,-5.27154398,1,-2.791769028,1,-8.167726517,1,0.13714768,1,-0.639612615,1,0.259613454,1,-0.004396945,0,-0.766840816,0,-1.417273402,0
72.20970917,-5.223034382,1,-2.821705818,1,-8.173851013,1,0.128558218,1,-0.662233651,1,0.267245263,1,-0.004887463,0,-0.769440114,0,-1.415800095,0
72.21370697,-5.126356602,1,-2.734321594,1,-8.136805534,1,0.132493272,1,-0.687536359,1,0.27973786,1,-0.005455262,0,-0.772137046,0,-1.414242744,0
72.21770477,-5.176611423,1,-2.658052444,1,-8.231085777,1,0.146249726,1,-0.715980887,1,0.289869964,1,-0.006031122,0,-0.774937391,0,-1.412623525,0
72.22171021,-5.137708664,1,-2.615813971,1,-8.302167892,1,0.149942949,1,-0.743338287,1,0.310486168,1,-0.006647611,0,-0.77784282,0,-1.41090107,0
72.22570801,-5.280748844,1,-2.714571238,1,-8.366893768,1,0.160421357,1,-0.779078722,1,0.324322104,1,-0.007300374,0,-0.780880511,0,-1.409089088,0
72.22970581,-5.263517857,1,-2.901823997,1,-8.171426773,1,0.156217963,1,-0.82250452,1,0.341220468,1,-0.008010851,0,-0.784066439,0,-1.40717721,0
72.23371124,-5.396002293,1,-2.857905388,1,-8.073804855,1,0.164552763,1,-0.86147958,1,0.352963597,1,-0.00879032,0,-0.787426412,0,-1.405179739,0
72.23770905,-5.348291874,1,-2.723252058,1,-8.0991745,1,0.178370625,1,-0.893307388,1,0.371365517,1,-0.009600726,0,-0.790913701,0,-1.403071642,0
72.24170685,-5.218570709,1,-2.644915104,1,-8.191540718,1,0.196573243,1,-0.918764472,1,0.388498813,1,-0.010430878,0,-0.79451859,0,-1.400849819,0
72.24570465,-5.211625099,1,-2.617162943,1,-8.327961922,1,0.193769604,1,-0.959453881,1,0.402827889,1,-0.01130511,0,-0.798248649,0,-1.39853251,0
72.24970245,-5.21707058,1,-2.344653606,1,-8.338634491,1,0.191046283,1,-1.001003385,1,0.408434361,1,-0.012247507,0,-0.8021456,0,-1.396140695,0
72.25370789,-5.389713287,1,-2.339570761,1,-8.283247948,1,0.204806849,1,-1.047943234,1,0.40179646,1,-0.013193362,0,-0.806232512,0,-1.393723488,0
72.25770569,-5.401060581,1,-2.33328867,1,-8.390841484,1,0.216909245,1,-1.089761734,1,0.403462946,1,-0.014093271,0,-0.810485959,0,-1.391314268,0
72.26171112,-5.348553658,1,-2.456233025,1,-8.447943687,1,0.230966121,1,-1.139460683,1,0.405499846,1,-0.014976472,0,-0.814916968,0,-1.388873577,0
72.26570892,-5.3799119,1,-2.741630793,1,-8.634912491,1,0.235580027,1,-1.192966461,1,0.416411549,1,-0.015872644,0,-0.819553018,0,-1.386359215,0
72.26971436,-5.203473568,1,-2.997899771,1,-8.662412643,1,0.233672485,1,-1.255263686,1,0.435575038,1,-0.016848305,0,-0.824415088,0,-1.383743644,0
72.27371216,-5.190553665,1,-3.020827293,1,-8.631772995,1,0.233596534,1,-1.315098166,1,0.454807669,1,-0.017940963,0,-0.829526663,0,-1.380994201,0
72.27770996,-5.236300468,1,-2.933170557,1,-8.834406853,1,0.234804511,1,-1.376710534,1,0.474364728,1,-0.019162608,0,-0.83486712,0,-1.37807405,0
72.28170776,-5.23909235,1,-2.842956066,1,-9.003045082,1,0.249111384,1,-1.454724193,1,0.496509582,1,-0.020478088,0,-0.84049654,0,-1.375001907,0
72.28570557,-5.379792213,1,-2.705801725,1,-8.938623428,1,0.254193723,1,-1.531206608,1,0.520540476,1,-0.0218994,0,-0.846419275,0,-1.371755004,0
72.289711,-5.229387283,1,-2.853189945,1,-8.742911339,1,0.246611372,1,-1.630346775,1,0.544024885,1,-0.023466323,0,-0.852697551,0,-1.368316174,0
72.2937088,-5.401484489,1,-2.646982431,1,-8.676764488,1,0.255283892,1,-1.716592073,1,0.569217265,1,-0.025213268,0,-0.859336317,0,-1.364668489,0
72.2977066,-5.213867664,1,-2.514554024,1,-8.813704491,1,0.263048053,1,-1.799546361,1,0.591191351,1,-0.02708685,0,-0.86630857,0,-1.360832453,0
72.30170441,-5.227436543,1,-2.34472084,1,-8.882606506,1,0.279994458,1,-1.881284475,1,0.612920165,1,-0.029091327,0,-0.873597205,0,-1.356787324,0
72.30570984,-5.327363968,1,-2.360408783,1,-8.848880768,1,0.274302393,1,-1.965135694,1,0.634106398,1,-0.031261705,0,-0.881208956,0,-1.352530241,0
72.30970764,-5.552907944,1,-2.356361866,1,-8.858641624,1,0.270880878,1,-2.040101767,1,0.65011096,1,-0.033620372,0,-0.889132738,0,-1.348076105,0
72.31370544,-5.5402174,1,-2.363212109,1,-8.670888901,1,0.265921086,1,-2.121817589,1,0.66251117,1,-0.036176387,0,-0.897342741,0,-1.343429089,0
72.31771088,-5.499454021,1,-2.374457836,1,-8.786949158,1,0.270613581,1,-2.219594955,1,0.679086745,1,-0.038906407,0,-0.90592742,0,-1.338573217,0
72.32170868,-5.42804718,1,-2.463522673,1,-8.828683853,1,0.278948784,1,-2.31247139,1,0.707400203,1,-0.041833647,0,-0.914874196,0,-1.333474398,0
72.32570648,-5.470934391,1,-2.76629138,1,-9.052560806,1,0.283587962,1,-2.413438797,1,0.744445562,1,-0.045041736,0,-0.924191415,0,-1.328022718,0
72.32970429,-5.3609128,1,-2.937895775,1,-9.080499649,1,0.287979275,1,-2.524276733,1,0.775962532,1,-0.048591513,0,-0.933912516,0,-1.322181463,0
72.33370209,-5.411330223,1,-3.140608788,1,-9.205924034,1,0.296554804,1,-2.64708066,1,0.829760194,1,-0.052513413,0,-0.944069088,0,-1.315870166,0
72.33769989,-5.382977009,1,-3.519461155,1,-9.347254753,1,0.303744823,1,-2.76999402,1,0.885972083,1,-0.056920018,0,-0.954695523,0,-1.308974981,0
72.34170532,-4.979422092,1,-3.808938026,1,-9.460122108,1,0.313011855,1,-2.925990582,1,0.951039851,1,-0.061883699,0,-0.965830088,0,-1.301401377,0
72.34570313,-5.056536198,1,-3.857730389,1,-9.715904236,1,0.32077682,1,-3.099707127,1,1.013355851,1,-0.06749247,0,-0.977602005,0,-1.293084741,0
72.34970093,-4.965555191,1,-3.935523033,1,-10.09362984,1,0.33767879,1,-3.273495913,1,1.086416721,1,-0.073805213,0,-0.990024805,0,-1.283929825,0
72.35370636,-5.202384472,1,-4.240346432,1,-10.63807869,1,0.338398069,1,-3.479833841,1,1.167783141,1,-0.08100348,0,-1.003147125,0,-1.273748994,0
72.35770416,-5.815736294,1,-6.196153641,1,-10.37007427,1,0.187297255,1,-3.485660553,1,1.174480081,1,-0.089323036,0,-1.016789079,0,-1.262600303,0
72.36170197,-2.393497944,1,0.434229046,1,-12.87157917,1,0.688013017,1,-4.289061546,1,1.235431075,1,-0.097805969,0,-1.031767249,0,-1.250444174,0
72.36569977,-9.795514107,1,-2.965363741,1,-12.01746941,1,0.604752779,1,-4.156597614,1,1.453873277,1,-0.107212313,0,-1.047885656,0,-1.236640573,0
72.36969757,-5.323966503,1,-9.348258018,1,-11.86129379,1,0.404840767,1,-4.451657772,1,1.537329435,1,-0.119324088,0,-1.06431222,0,-1.220430136,0
72.373703,-2.069640875,1,-7.299841881,1,-12.47686958,1,0.442516685,1,-4.895607948,1,1.541924119,1,-0.13313219,0,-1.082078218,0,-1.202862978,0
72.37770081,-3.453407526,1,-4.554995537,1,-13.54797173,1,0.543617487,1,-5.191964626,1,1.793793678,1,-0.149302155,0,-1.101145744,0,-1.182406664,0
72.38171387,-4.755169868,1,-5.794902325,1,-13.75221157,1,0.608846962,1,-5.48134613,1,1.995717406,1,-0.168988556,0,-1.121003509,0,-1.157862186,0
72.38571167,-5.118709087,1,-7.802639961,1,-12.89893627,1,0.638948858,1,-5.823966503,1,2.140017509,1,-0.192423508,0,-1.141757131,0,-1.129203558,0
72.3897171,-5.567465305,1,-9.074783325,1,-13.07365131,1,0.61234647,1,-6.170474529,1,2.340526104,1,-0.220682517,0,-1.163395524,0,-1.095525265,0
72.39371491,-5.947432995,1,-9.18424511,1,-12.81434059,1,0.569800675,1,-6.462430477,1,2.577669144,1,-0.255447716,0,-1.185628176,0,-1.055300236,0
72.39771271,-7.248042583,1,-9.04019928,1,-13.23934937,1,0.570022166,1,-6.728756428,1,2.787238598,1,-0.297900438,0,-1.208120108,0,-1.007259011,0
72.40171051,-10.09462643,1,-9.096410751,1,-14.36701584,1,0.650125086,1,-6.872146606,1,2.941939116,1,-0.348749816,0,-1.230315447,0,-0.950520992,0
72.40570831,-12.19397926,1,-7.730350494,1,-14.27054405,1,0.703904927,1,-6.948282719,1,3.097456694,1,-0.408646107,0,-1.251554847,0,-0.884347677,0
72.40971375,-10.00973034,1,-7.285223961,1,-13.27152157,1,0.745371163,1,-7.087247372,1,3.263289213,1,-0.479432672,0,-1.271420479,0,-0.807024002,0
72.41371155,-11.09400082,1,-5.935269833,1,-13.20933914,1,0.86113143,1,-7.374750137,1,3.438811541,1,-0.563570797,0,-1.289813519,0,-0.715875626,0
72.41770935,-14.69233894,1,-5.762011051,1,-15.32849026,1,1.053720236,1,-7.421994686,1,3.496262789,1,-0.661209285,0,-1.306099176,0,-0.610538602,0
72.42170715,-20.5200882,1,-7.594100952,1,-17.45496178,1,1.156077266,1,-7.183490276,1,3.537417412,1,-0.769720793,0,-1.319005609,0,-0.493668318,0
72.42571259,-19.20813751,1,-7.590850353,1,-15.41271114,1,1.204750538,1,-6.913196564,1,3.648949862,1,-0.885297894,0,-1.327498436,0,-0.369631529,0
72.42971039,-17.94889259,1,-11.42280865,1,-14.58585167,1,1.125950575,1,-6.778948307,1,3.745353699,1,-1.006185055,0,-1.33149147,0,-0.240333587,0
72.43370819,-20.35300255,1,-11.9312439,1,-14.64584446,1,1.000031114,1,-6.550237179,1,3.81438303,1,-1.127614617,0,-1.331165552,0,-0.110898189,0
72.43771362,-19.48781776,1,-12.0541029,1,-12.31752014,1,0.717684925,1,-6.368952274,1,3.991577148,1,-1.244773865,0,-1.326369286,0,0.013304281,0
72.44171143,-19.21557426,1,-13.03159046,1,-12.3370285,1,0.377203822,1,-6.274108887,1,4.142980099,1,-1.355724573,0,-1.317418337,0,0.130034551,0
72.44570923,-21.51580238,1,-12.35829544,1,-12.74784279,1,0.084315687,1,-6.050251007,1,4.147654057,1,-1.464065671,0,-1.315349698,0,0.207076833,0
72.44970703,-21.66273499,1,-11.77919197,1,-11.39431,1,-0.209910005,1,-5.726795197,1,4.231249332,1,-1.555461526,0,-1.300034404,0,0.3014431,0
72.45370483,-21.5042038,1,-10.62913799,1,-11.9312191,1,-0.506231606,1,-5.390722275,1,4.157634258,1,-1.633068204,0,-1.282669783,0,0.380687773,0
72.45771027,-18.87067795,1,-9.471809387,1,-11.29575443,1,-0.684366047,1,-5.059060097,1,4.031979084,1,-1.698369741,0,-1.2644099,0,0.446468949,0
72.46170807,-13.11904526,1,-7.658390045,1,-10.19629192,1,-0.83073169,1,-4.729005337,1,3.961687565,1,-1.753025055,0,-1.245568752,0,0.500749111,0
72.46570587,-7.658910275,1,-5.762091637,1,-9.32566452,1,-0.881447315,1,-4.433674335,1,3.836885452,1,-1.798982024,0,-1.226565242,0,0.545755565,0
72.46970367,0.236236349,1,-4.506664753,1,-8.20177269,1,-0.868776202,1,-4.090265274,1,3.721894264,1,-1.837184072,0,-1.207751751,0,0.582720637,0
72.47370911,0.674603641,1,-3.273220778,1,-7.736599922,1,-0.77416718,1,-3.91063714,1,3.682601213,1,-1.869206071,0,-1.189080715,0,0.613553345,0
72.47770691,-4.342533112,1,-1.962298393,1,-9.310645103,1,-0.505870163,1,-3.74635148,1,3.580337286,1,-1.896362901,0,-1.170559287,0,0.640093803,0
72.48170471,-14.93082714,1,-0.208917156,1,-9.146379471,1,-0.052870803,1,-3.719150543,1,3.377396584,1,-1.919353366,0,-1.152437329,0,0.663864553,0
72.48570252,-32.07941437,1,2.222766876,1,-13.34847927,1,0.596640229,1,-3.24009943,1,2.849150896,1,-1.93783021,0,-1.135738134,0,0.685341656,0
72.48970032,-27.22558022,1,-1.317226052,1,-16.36667252,1,1.0361619,1,-2.178743362,1,2.241117716,1,-1.948021531,0,-1.122317195,0,0.700273037,0
72.49370575,-14.28345299,1,-2.945427895,1,-14.90785694,1,1.386058569,1,-1.305637956,1,1.759329915,1,-1.950292468,0,-1.112383127,0,0.708210766,0
72.49770355,-6.055888653,1,-4.199890137,1,-11.56849861,1,1.695583701,1,-0.860411704,1,1.454183817,1,-1.947314501,0,-1.10486865,0,0.711778164,0
72.50170898,-5.454068661,1,-5.785114765,1,-10.29580784,1,1.904081702,1,-0.583170593,1,1.229527354,1,-1.941456795,0,-1.098828316,0,0.713340878,0
72.50570679,-7.870956898,1,-6.948686123,1,-10.63191414,1,1.936913013,1,-0.266637295,1,0.995595694,1,-1.933772326,0,-1.094039679,0,0.713391542,0
72.50971222,-6.850166798,1,-7.500483036,1,-10.64216137,1,1.843682885,1,0.118895963,1,0.758604586,1,-1.924333334,0,-1.090664268,0,0.711290956,0
72.51371002,-4.377741814,1,-7.346277714,1,-9.565670967,1,1.743603468,1,0.400213242,1,0.556038618,1,-1.913527966,0,-1.08856988,0,0.707196653,0
72.51770783,-2.662449598,1,-6.871807575,1,-8.405180931,1,1.632633924,1,0.578679502,1,0.406351805,1,-1.901988149,0,-1.087419033,0,0.701798558,0
72.52170563,-0.91324234,1,-6.442727089,1,-7.488856792,1,1.501054883,1,0.750841439,1,0.250381887,1,-1.89012301,0,-1.087025523,0,0.695475757,0
72.52570343,0.451642573,1,-5.725382805,1,-6.982471466,1,1.386672139,1,0.892070711,1,0.097194813,1,-1.877971411,0,-1.087376118,0,0.688277483,0
72.52970886,1.42476356,1,-4.785441399,1,-6.448321342,1,1.318320274,1,1.012507915,1,-0.05695549,1,-1.86556685,0,-1.088433504,0,0.680362344,0
72.53370667,1.891361833,1,-4.087569714,1,-6.121015549,1,1.278820395,1,1.106942773,1,-0.207353398,1,-1.852880955,0,-1.090158701,0,0.671900868,0
72.53770447,2.290631294,1,-3.455447197,1,-5.903080463,1,1.268482924,1,1.200079203,1,-0.351712197,1,-1.839840651,0,-1.092488408,0,0.662931383,0
72.54170227,2.453363895,1,-2.958594561,1,-5.879401207,1,1.257673621,1,1.287564397,1,-0.482273132,1,-1.826323986,0,-1.095395327,0,0.653398335,0
72.5457077,2.689678907,1,-2.484664679,1,-5.74893856,1,1.269130349,1,1.369912148,1,-0.617514551,1,-1.812292099,0,-1.098840237,0,0.643303752,0
72.54970551,2.715632677,1,-2.134356976,1,-5.871063232,1,1.300962687,1,1.460418463,1,-0.736700118,1,-1.797563076,0,-1.102784991,0,0.632539272,0
72.55370331,2.591957331,1,-1.769351721,1,-5.923718929,1,1.341356754,1,1.562996507,1,-0.847447872,1,-1.781908631,0,-1.107191682,0,0.620923877,0
72.55770111,2.233777285,1,-1.455275536,1,-6.112782955,1,1.3856287,1,1.681885481,1,-0.945485175,1,-1.765120268,0,-1.112014055,0,0.608268976,0
72.56169891,1.855425954,1,-1.22263968,1,-6.316648006,1,1.427967906,1,1.812950134,1,-1.037008405,1,-1.746985793,0,-1.117212534,0,0.594341755,0
72.56570435,1.565313339,1,-0.973757207,1,-6.545371056,1,1.474459529,1,1.962705016,1,-1.118443608,1,-1.727266788,0,-1.122720242,0,0.578887641,0
72.56970215,1.301718354,1,-0.708476305,1,-6.705198288,1,1.519385934,1,2.13406682,1,-1.192007065,1,-1.705716133,0,-1.128483295,0,0.561643243,0
72.57369995,0.95750618,1,-0.308627546,1,-6.982753277,1,1.571062207,1,2.307967424,1,-1.257499576,1,-1.682086229,0,-1.134442568,0,0.542358696,0
72.57769775,0.729442537,1,-0.024197327,1,-7.258533001,1,1.62611258,1,2.487643719,1,-1.320919752,1,-1.656157017,0,-1.140522957,0,0.520835042,0
72.58170319,0.520817578,1,0.419223189,1,-7.351797581,1,1.686281681,1,2.663640261,1,-1.37230587,1,-1.627793431,0,-1.146630883,0,0.496940881,0
72.58570099,0.234059781,1,0.857704461,1,-7.556497574,1,1.762752771,1,2.841279507,1,-1.422199726,1,-1.596853375,0,-1.152678609,0,0.470597506,0
72.58969879,-0.15330632,1,1.151131868,1,-7.723334312,1,1.831954002,1,3.016688824,1,-1.466725707,1,-1.563187957,0,-1.158570766,0,0.441665411,0
72.59370422,-0.445145458,1,1.328913808,1,-7.82305336,1,1.905693412,1,3.193110704,1,-1.504596829,1,-1.526734233,0,-1.164198518,0,0.410075545,0
72.59770203,-0.748319149,1,1.382637024,1,-7.859392643,1,1.964009643,1,3.366191626,1,-1.543011785,1,-1.487462163,0,-1.169456363,0,0.375777364,0
72.60169983,-0.976461947,1,1.360159159,1,-7.915026188,1,2.007905245,1,3.529893875,1,-1.565647006,1,-1.445422411,0,-1.174212337,0,0.338778496,0
72.60569763,-1.010718465,1,1.344092488,1,-7.928082466,1,2.033457041,1,3.682118177,1,-1.592312932,1,-1.400818944,0,-1.178340435,0,0.299222648,0
72.60969544,-1.097028732,1,1.346205115,1,-7.989652157,1,2.042325974,1,3.823357582,1,-1.598917007,1,-1.353922963,0,-1.181714892,0,0.257326424,0
72.61370087,-1.122197509,1,1.399208426,1,-8.027955055,1,2.038501024,1,3.944429398,1,-1.594491243,1,-1.305075169,0,-1.184200764,0,0.213392675,0
72.61769867,-1.193172336,1,1.523496509,1,-8.081601143,1,2.031792402,1,4.062098026,1,-1.581653953,1,-1.254661441,0,-1.185700893,0,0.167766303,0
72.6217041,-1.308255196,1,1.775130272,1,-8.165145874,1,2.028033733,1,4.156915665,1,-1.564405918,1,-1.203047633,0,-1.186120987,0,0.120841525,0
72.6257019,-1.591686845,1,2.036103249,1,-8.329299927,1,2.035876989,1,4.261487007,1,-1.542207122,1,-1.150684595,0,-1.185394049,0,0.073102713,0
72.62970734,-2.007441282,1,2.247900724,1,-8.341763496,1,2.060974121,1,4.359955788,1,-1.518195271,1,-1.097774029,0,-1.183464527,0,0.024816427,0
72.63370514,-2.435857296,1,2.590480566,1,-8.449327469,1,2.104551315,1,4.468762875,1,-1.496190906,1,-1.044584155,0,-1.18030107,0,-0.023665225,0
72.63770294,-2.891194105,1,2.817326307,1,-8.587690353,1,2.161594868,1,4.579602242,1,-1.47363472,1,-0.991349876,0,-1.175854802,0,-0.072048806,0
72.64170075,-3.362576723,1,3.004487753,1,-8.686424255,1,2.229623318,1,4.687859058,1,-1.460883617,1,-0.938363492,0,-1.170134664,0,-0.119998954,0
72.64569855,-3.733680964,1,3.034533501,1,-8.841013908,1,2.310792923,1,4.810823917,1,-1.444295049,1,-0.885832191,0,-1.163101673,0,-0.167255744,0
72.64970398,-4.046507835,1,3.123787165,1,-8.872042656,1,2.3772614,1,4.921023846,1,-1.438230157,1,-0.834077299,0,-1.154778719,0,-0.213498294,0
72.65370178,-4.21437788,1,2.998132467,1,-8.927427292,1,2.444507837,1,5.031626225,1,-1.425885558,1,-0.783426642,0,-1.145170689,0,-0.258415937,0
72.65769959,-4.414059639,1,2.838023186,1,-8.944354057,1,2.510906458,1,5.131315708,1,-1.399628043,1,-0.734185219,0,-1.134315729,0,-0.301705062,0
72.66169739,-4.458188057,1,2.711559057,1,-8.961377144,1,2.567201614,1,5.22733736,1,-1.382418752,1,-0.686598301,0,-1.122232199,0,-0.343123972,0
72.66570282,-4.599455833,1,2.583329439,1,-9.014533043,1,2.621670485,1,5.318733692,1,-1.356976032,1,-0.640836775,0,-1.108992934,0,-0.382509172,0
72.66970062,-4.719032288,1,2.623011112,1,-9.079372406,1,2.670701981,1,5.393591881,1,-1.322180152,1,-0.597101212,0,-1.094657779,0,-0.419667602,0
72.67369843,-4.667275429,1,2.50246048,1,-9.112718582,1,2.713263988,1,5.461023331,1,-1.29150176,1,-0.555465281,0,-1.079308152,0,-0.454536766,0
72.67769623,-4.742636681,1,2.390397072,1,-9.196516037,1,2.744311333,1,5.506899834,1,-1.251684666,1,-0.515998363,0,-1.063045382,0,-0.487054348,0
72.68169403,-4.775522232,1,2.216187477,1,-9.225137711,1,2.783459187,1,5.553881168,1,-1.220413923,1,-0.47868228,0,-1.045970678,0,-0.517244458,0
72.68569946,-4.803507805,1,2.12578249,1,-9.276877403,1,2.813241482,1,5.57681036,1,-1.186426163,1,-0.443432212,0,-1.028181434,0,-0.545183837,0
72.68969727,-5.102218628,1,1.818635583,1,-9.478318214,1,2.825857639,1,5.596438408,1,-1.154651999,1,-0.410181463,0,-1.009772897,0,-0.570969045,0
72.69369507,-4.937417507,1,1.767784476,1,-9.55607605,1,2.853442192,1,5.603943825,1,-1.127486348,1,-0.397640526,0,-0.978061676,0,-0.626143634,0
72.69769287,-5.068853378,1,1.698638797,1,-9.745644569,1,2.876166105,1,5.611895084,1,-1.094253778,1,-0.367988586,0,-0.958918571,0,-0.648210883,0
72.7016983,-5.506410599,1,1.544982076,1,-9.948991776,1,2.911446333,1,5.605185509,1,-1.076966524,1,-0.339871943,0,-0.939379096,0,-0.668554425,0
72.70569611,-5.837737083,1,1.491934657,1,-10.13868332,1,2.947624207,1,5.614223957,1,-1.06765306,1,-0.313072294,0,-0.919506252,0,-0.687370956,0
72.70969391,-5.941141605,1,1.393209815,1,-10.19701004,1,2.991275787,1,5.616111279,1,-1.064179659,1,-0.287427068,0,-0.899305105,0,-0.704819262,0
72.71369934,-6.254201889,1,1.134353042,1,-10.4237709,1,3.048686028,1,5.615567207,1,-1.063753963,1,-0.262786001,0,-0.878833234,0,-0.720985532,0
72.71769714,-6.616541386,1,0.960326195,1,-10.65963173,1,3.098307133,1,5.613292694,1,-1.076744318,1,-0.239012271,0,-0.858130217,0,-0.736029148,0
72.72169495,-6.808105946,1,0.818916738,1,-10.80254555,1,3.151342154,1,5.590432167,1,-1.10593009,1,-0.215966254,0,-0.837285876,0,-0.750101388,0
72.72569275,-6.972907543,1,0.741413713,1,-11.14440727,1,3.200381279,1,5.560423374,1,-1.155053735,1,-0.193519562,0,-0.816369414,0,-0.763332844,0
72.72969055,-7.216268063,1,0.687366545,1,-11.54118347,1,3.259611368,1,5.515111446,1,-1.213969588,1,-0.17155233,0,-0.795449853,0,-0.775872767,0
72.73369598,-7.417361736,1,0.727542341,1,-11.89617538,1,3.321542025,1,5.469600677,1,-1.304969192,1,-0.149917081,0,-0.774565637,0,-0.787868381,0
72.73769379,-7.734300137,1,0.883725703,1,-12.38136578,1,3.395743132,1,5.415878773,1,-1.405257583,1,-0.128460526,0,-0.753751159,0,-0.799476504,0
72.74169922,-8.212759972,1,0.962785363,1,-12.88455868,1,3.476862192,1,5.3615942,1,-1.528962851,1,-0.107025705,0,-0.733031809,0,-0.810840845,0
72.74569702,-8.744503021,1,0.993475139,1,-13.54189777,1,3.554139853,1,5.316793919,1,-1.671818733,1,-0.085525498,0,-0.712390423,0,-0.822084665,0
72.74970245,-9.470834732,1,1.033638,1,-14.21096134,1,3.625139952,1,5.284289837,1,-1.832304478,1,-0.063913628,0,-0.691773355,0,-0.833309352,0
72.75370026,-10.39929485,1,0.973458171,1,-14.8074894,1,3.674404621,1,5.262968063,1,-2.000817537,1,-0.042202197,0,-0.671119094,0,-0.844608486,0
72.75769806,-11.37338829,1,1.099628806,1,-15.43305588,1,3.690920353,1,5.248552322,1,-2.180593967,1,-0.02046093,0,-0.650367975,0,-0.856021881,0
72.76169586,-12.20269012,1,1.227218628,1,-15.97268391,1,3.688344717,1,5.253569126,1,-2.355064631,1,0.001205511,0,-0.629450858,0,-0.867581725,0
72.76569367,-12.96626091,1,1.458211899,1,-16.44861221,1,3.673014879,1,5.257949352,1,-2.530386686,1,0.022713652,0,-0.608306646,0,-0.879269898,0
72.7696991,-13.90748978,1,1.705465317,1,-16.87878036,1,3.650353432,1,5.259696484,1,-2.704071999,1,0.044007782,0,-0.586920857,0,-0.89108181,0
72.7736969,-15.19151592,1,2.08821559,1,-17.43859291,1,3.598509073,1,5.262946606,1,-2.876760721,1,0.06499631,0,-0.565300584,0,-0.903000951,0
72.7776947,-16.65219307,1,2.885933399,1,-17.76007271,1,3.544195414,1,5.256031036,1,-3.05791831,1,0.08563105,0,-0.543427348,0,-0.915053308,0
72.78169251,-18.39626884,1,3.737295866,1,-18.03454781,1,3.477267027,1,5.255817413,1,-3.24005127,1,0.105865195,0,-0.521296918,0,-0.92727679,0
72.78569794,-20.4281311,1,4.730698109,1,-18.04024696,1,3.41028595,1,5.258572578,1,-3.427102089,1,0.125703275,0,-0.498877466,0,-0.939669669,0
72.78969574,-23.20157051,1,5.629268169,1,-17.51018524,1,3.353184938,1,5.282203674,1,-3.594010115,1,0.145093203,0,-0.47610575,0,-0.952200651,0
72.79369354,-25.99007607,1,6.011461735,1,-16.29536057,1,3.287973881,1,5.345571518,1,-3.693226576,1,0.163957715,0,-0.452858508,0,-0.964670002,0
72.79769898,-28.16417503,1,5.131009102,1,-14.79871464,1,3.19076252,1,5.450520039,1,-3.720676184,1,0.182084173,0,-0.429041296,0,-0.976741731,0
72.80169678,-29.39420891,1,4.291881561,1,-13.16097069,1,3.023609638,1,5.530876637,1,-3.673841715,1,0.199131712,0,-0.404673904,0,-0.9880898,0
72.80569458,-30.39227676,1,2.000295639,1,-10.96471786,1,2.753932476,1,5.592106819,1,-3.527622461,1,0.214678749,0,-0.379933268,0,-0.998419404,0
72.80969238,-30.13854218,1,0.08642479,1,-8.545910835,1,2.341503143,1,5.608083725,1,-3.292785168,1,0.228146881,0,-0.355050743,0,-1.007437706,0
72.81369019,-28.68576241,1,-0.05106825,1,-6.182052612,1,1.853752255,1,5.482901096,1,-2.967832327,1,0.239055812,0,-0.330532521,0,-1.014921904,0
72.81768799,-27.03458786,1,1.46133101,1,-3.944100142,1,1.428413033,1,5.229978561,1,-2.592769146,1,0.247463435,0,-0.307019532,0,-1.020861149,0
72.82169342,-25.7598362,1,4.401876926,1,-1.865109682,1,1.141152978,1,4.881034851,1,-2.214145184,1,0.253861755,0,-0.285015047,0,-1.025348783,0
72.82569122,-25.44061279,1,7.2787714,1,0.093143657,1,1.026088476,1,4.45511198,1,-1.813813925,1,0.259013951,0,-0.264905363,0,-1.028519511,0
72.82968903,-25.40722275,1,10.54202938,1,1.836509943,1,1.106155276,1,3.984107018,1,-1.390396714,1,0.263703257,0,-0.246940389,0,-1.030407667,0
72.83369446,-26.10648537,1,13.71851921,1,3.336309195,1,1.373498678,1,3.490320444,1,-0.970123768,1,0.268769562,0,-0.231276751,0,-1.031055093,0
72.83769226,-27.54265404,1,16.63677216,1,4.651313782,1,1.798568964,1,3.008764029,1,-0.56681484,1,0.274965405,0,-0.217938513,0,-1.030521989,0
72.84169006,-28.91230965,1,18.77326775,1,5.620742321,1,2.321507215,1,2.577996492,1,-0.189831316,1,0.282835364,0,-0.206795141,0,-1.028856039,0
72.84568787,-29.82600975,1,20.34485626,1,6.183884621,1,2.886338472,1,2.175246954,1,0.143533528,1,0.292711347,0,-0.197669074,0,-1.026182055,0
72.84968567,-30.19185638,1,20.98637199,1,6.484497547,1,3.394774199,1,1.798061252,1,0.389858097,1,0.304638475,0,-0.190401182,0,-1.022757173,0
72.8536911,-30.49566841,1,20.39132309,1,6.498545647,1,3.75274229,1,1.457233548,1,0.556419313,1,0.318249047,0,-0.18480368,0,-1.018872142,0
72.8576889,-30.82750893,1,17.89076233,1,6.292273521,1,3.857687712,1,1.157968521,1,0.650688827,1,0.332801223,0,-0.180639118,0,-1.01482451,0
72.86169434,-30.92189407,1,13.78065968,1,5.901446342,1,3.659740448,1,0.874207675,1,0.687839508,1,0.347225189,0,-0.177709669,0,-1.010874867,0
72.86569214,-30.26782417,1,8.89125824,1,5.276368141,1,3.111233473,1,0.591463149,1,0.720749736,1,0.360200942,0,-0.175914302,0,-1.007159114,0
72.86969757,-23.80983162,1,-3.827974558,1,-0.347903252,1,1.958982706,1,0.195878133,1,0.868359685,1,0.370106399,0,-0.175437853,0,-1.003641009,0
72.87369537,-17.35766411,1,-24.21206665,1,3.617609739,1,-1.386745572,1,-0.833472669,1,1.446901917,1,0.370660782,0,-0.178085923,0,-0.999798596,0
72.87769318,-41.83097458,1,2.750602245,1,4.74148941,1,-1.921370745,1,-2.003728867,1,2.541203499,1,0.361975074,0,-0.186601028,0,-0.994405508,0
72.88169098,-6.570795536,1,13.64626408,1,4.562098026,1,-1.725747466,1,-1.300878286,1,2.661714554,1,0.353635937,0,-0.196653813,0,-0.986625433,0
72.88568878,8.62840271,1,5.739792824,1,-4.834644318,1,-1.596098542,1,-1.241607428,1,2.621912718,1,0.345075369,0,-0.204771101,0,-0.978235662,0
72.88969421,-9.61674881,1,-8.89738369,1,-13.84328079,1,-1.476467371,1,-1.668668389,1,2.653230906,1,0.337483287,0,-0.213843927,0,-0.970077813,0
72.89369202,-13.22251987,1,-20.06071854,1,-16.56882286,1,-1.680586576,1,-1.010725379,1,2.59962225,1,0.329155147,0,-0.222728819,0,-0.961865127,0
72.89768982,2.457206726,1,-32.15629196,1,-18.18632126,1,-1.940942168,1,-0.285666585,1,2.556165695,1,0.320089042,0,-0.228245527,0,-0.952559352,0
72.90168762,10.92963028,1,-39.2769165,1,-15.92254353,1,-2.583897114,1,-0.336399227,1,2.562449694,1,0.308757484,0,-0.232440189,0,-0.94302845,0
72.90569305,8.611487389,1,-39.13660431,1,-7.985824108,1,-3.477406979,1,-0.646130919,1,2.717708826,1,0.294386476,0,-0.237499326,0,-0.933198214,0
72.90969086,9.10240078,1,-30.90998077,1,-5.609744549,1,-4.020530224,1,-0.959955931,1,2.700012922,1,0.277063429,0,-0.243561029,0,-0.923369646,0
72.91368866,8.776932716,1,-18.3229351,1,-1.49572742,1,-4.439768314,1,-1.631604195,1,2.700106382,1,0.257613152,0,-0.251302779,0,-0.914120018,0
72.91769409,6.679949284,1,-10.5599165,1,-2.056282997,1,-4.810355186,1,-2.359013557,1,2.780741692,1,0.236815006,0,-0.261775404,0,-0.90506047,0
72.9216919,3.097449303,1,-6.329712391,1,-3.807908535,1,-4.938447952,1,-3.018698692,1,2.755343199,1,0.214999586,0,-0.274757683,0,-0.896398544,0
72.9256897,0.363848895,1,-1.987798333,1,-7.402604103,1,-4.842964649,1,-3.7813797,1,2.828561783,1,0.193054408,0,-0.290418148,0,-0.887866199,0
72.9296875,-9.879040718,1,6.916367054,1,-12.01966095,1,-4.687657356,1,-3.866835594,1,2.575808048,1,0.171561107,0,-0.307598531,0,-0.879589975,0
72.9336853,-18.4563694,1,13.51599503,1,-15.766922,1,-4.401447773,1,-3.454102755,1,2.299079418,1,0.15095371,0,-0.323668748,0,-0.872011244,0
72.93769074,-21.37780952,1,19.96114349,1,-18.16231346,1,-3.989978075,1,-2.931445599,1,2.040980339,1,0.131840095,0,-0.337521076,0,-0.864824414,0
72.94168854,-19.52822304,1,22.97315407,1,-18.26925659,1,-3.181914091,1,-2.707655907,1,2.01135397,1,0.115058742,0,-0.349648714,0,-0.857744813,0
72.94568634,-18.51254845,1,20.17651749,1,-17.86919403,1,-2.559717894,1,-2.39976573,1,1.862167001,1,0.103489131,0,-0.362793803,0,-0.902616918,0
72.94968414,-14.91278934,1,16.65799332,1,-16.50253105,1,-2.002877235,1,-2.172372103,1,1.802547097,1,0.091915078,0,-0.372525156,0,-0.895728946,0
72.95368958,-13.6747427,1,11.34215546,1,-15.54449081,1,-1.516203165,1,-2.139870167,1,1.721861124,1,0.082473278,0,-0.381733775,0,-0.888985038,0
72.95768738,-12.11639881,1,3.107787371,1,-14.73996067,1,-1.253011107,1,-1.914985657,1,1.599587321,1,0.074532777,0,-0.390398175,0,-0.88252461,0
72.96168518,-9.117780685,1,-1.080762148,1,-13.00771713,1,-1.09905076,1,-1.766167045,1,1.511771441,1,0.067496739,0,-0.398122907,0,-0.876372218,0
72.96569061,-11.76856422,1,-5.674321175,1,-11.76884365,1,-1.134333134,1,-1.543701291,1,1.366644979,1,0.060749635,0,-0.405174315,0,-0.87054199,0
72.96968842,-10.78658867,1,-4.708724976,1,-10.40011787,1,-1.14232254,1,-1.297738075,1,1.215724111,1,0.054158457,0,-0.411118865,0,-0.865313232,0
72.97368622,-9.397473335,1,-3.9319067,1,-9.883062363,1,-1.075609565,1,-1.130037665,1,1.032611132,1,0.047807027,0,-0.416198313,0,-0.860677123,0
72.97768402,-9.166784286,1,-2.093576193,1,-9.11814785,1,-1.086199045,1,-0.918995738,1,0.97472477,1,0.041811571,0,-0.420478314,0,-0.85650295,0
72.98168945,-10.52405262,1,-1.076889515,1,-10.14098549,1,-1.08027029,1,-0.689475417,1,0.931076229,1,0.035805009,0,-0.423872977,0,-0.852467656,0
72.98568726,-11.71743298,1,0.987146556,1,-10.41245365,1,-0.979992449,1,-0.404311389,1,0.854713917,1,0.030050216,0,-0.426169813,0,-0.848601103,0
72.98969269,-9.915646553,1,0.564392686,1,-9.773648262,1,-0.821301162,1,-0.205644399,1,0.764509261,1,0.024981078,0,-0.427433699,0,-0.845078588,0
72.99369049,-7.922151566,1,-1.161428571,1,-8.415754318,1,-0.758580625,1,-0.119231917,1,0.686461389,1,0.020532364,0,-0.428126782,0,-0.841923833,0
72.99768829,-6.394789696,1,-3.076169968,1,-8.487597466,1,-0.67960161,1,-0.138721436,1,0.610444129,1,0.016470566,0,-0.428668857,0,-0.839076042,0
73.00169373,-6.925548553,1,-4.29974556,1,-8.744422913,1,-0.636113882,1,-0.112931997,1,0.527220249,1,0.012812788,0,-0.429236948,0,-0.836587369,0
73.00569153,-6.263812542,1,-4.621431351,1,-8.64820385,1,-0.631268501,1,-0.050220549,1,0.508602738,1,0.009338921,0,-0.429581702,0,-0.834332943,0
73.00968933,-6.203181267,1,-4.119630814,1,-8.591489792,1,-0.617837965,1,-0.005488052,1,0.491237372,1,0.005910108,0,-0.429700792,0,-0.832125783,0
73.01368713,-4.565354824,1,-4.340945244,1,-8.189462662,1,-0.628941238,1,-0.015069772,1,0.496539026,1,0.002530945,0,-0.429740995,0,-0.829962552,0
73.01768494,-4.883945942,1,-4.339751244,1,-8.384907722,1,-0.631170213,1,-0.022669571,1,0.491240442,1,-0.000895506,0,-0.429821908,0,-0.827794611,0
73.02168274,-4.920646191,1,-4.05759573,1,-8.472648621,1,-0.61514169,1,-0.036366984,1,0.475185573,1,-0.004270373,0,-0.429938793,0,-0.825672686,0
73.02568817,-4.740124226,1,-3.149883509,1,-8.525382996,1,-0.594893694,1,-0.063116141,1,0.465813786,1,-0.007571653,0,-0.430121899,0,-0.823595285,0
73.02968597,-4.511452198,1,-2.158588886,1,-8.710434914,1,-0.561808348,1,-0.06862881,1,0.464850694,1,-0.010747537,0,-0.430370957,0,-0.821540356,0
73.03368378,-4.469161987,1,-1.599727392,1,-8.788312912,1,-0.516208887,1,-0.088469781,1,0.455799162,1,-0.01374436,0,-0.430667222,0,-0.819517016,0
73.03768921,-4.918231487,1,-1.772614121,1,-8.678162575,1,-0.479570061,1,-0.095986709,1,0.433520168,1,-0.01655384,0,-0.431013167,0,-0.817547977,0
73.04168701,-5.430656433,1,-1.975249171,1,-8.697880745,1,-0.443116844,1,-0.093923211,1,0.407984465,1,-0.019177599,0,-0.431370676,0,-0.815684795,0
73.04568481,-5.278403759,1,-2.347747803,1,-8.690732956,1,-0.410177857,1,-0.073626593,1,0.393659085,1,-0.021612117,0,-0.43167311,0,-0.813926697,0
73.04968262,-5.012378216,1,-2.504458904,1,-8.665742874,1,-0.387934178,1,-0.071984701,1,0.374456882,1,-0.023907559,0,-0.431934685,0,-0.812238574,0
73.05368042,-4.529706001,1,-2.595671415,1,-8.747071266,1,-0.363795042,1,-0.084406383,1,0.355467737,1,-0.026085617,0,-0.432213962,0,-0.81062001,0
73.05768585,-4.868775368,1,-2.279253483,1,-8.719682693,1,-0.338484764,1,-0.101061799,1,0.338204443,1,-0.028148413,0,-0.432548106,0,-0.809067607,0
73.06168366,-4.906028271,1,-2.154758692,1,-8.595736504,1,-0.319272727,1,-0.106461719,1,0.329473853,1,-0.030084519,0,-0.432910919,0,-0.807576418,0
73.06568146,-4.841085434,1,-2.308160305,1,-8.604722977,1,-0.293330699,1,-0.115392722,1,0.313356072,1,-0.031921498,0,-0.433309942,0,-0.806131899,0
73.06967926,-4.739964962,1,-2.477015734,1,-8.722384453,1,-0.276807219,1,-0.12054076,1,0.301468074,1,-0.033630297,0,-0.433748662,0,-0.804762363,0
73.07369232,-4.561645985,1,-2.369933128,1,-8.706437111,1,-0.263365269,1,-0.135252953,1,0.28253442,1,-0.035266459,0,-0.43423003,0,-0.803461671,0
73.0776825,-4.719694614,1,-2.02872777,1,-8.794540405,1,-0.24404569,1,-0.157854378,1,0.27181524,1,-0.036807686,0,-0.43478021,0,-0.802213907,0
73.0816803,-4.862372875,1,-1.654426217,1,-8.741955757,1,-0.212854311,1,-0.171135604,1,0.257525533,1,-0.038237259,0,-0.435384572,0,-0.801016569,0
73.08569336,-4.876402855,1,-1.449282765,1,-8.762168884,1,-0.175672233,1,-0.182838812,1,0.234286726,1,-0.039485626,0,-0.436047137,0,-0.799908817,0
73.08969116,-4.662125587,1,-1.697729349,1,-8.85513401,1,-0.149056971,1,-0.193906158,1,0.209305644,1,-0.040548012,0,-0.43677032,0,-0.798906922,0
73.09368897,-4.593216419,1,-1.589592338,1,-8.985422134,1,-0.120836437,1,-0.217289135,1,0.185128525,1,-0.041470475,0,-0.437560618,0,-0.79800719,0
73.09767914,-4.574388027,1,-1.509159088,1,-8.917497635,1,-0.092908166,1,-0.237284079,1,0.162416086,1,-0.042232949,0,-0.438437074,0,-0.797208786,0
73.10167694,-4.716182709,1,-1.308575511,1,-8.854979515,1,-0.054769143,1,-0.253147811,1,0.131409898,1,-0.042833004,0,-0.439397544,0,-0.796512008,0
73.10569,-4.767118931,1,-1.280317783,1,-8.774622917,1,-0.022134224,1,-0.262318552,1,0.111677162,1,-0.043246787,0,-0.440404207,0,-0.795917213,0
73.10969544,-4.682513237,1,-1.499046803,1,-8.757926941,1,0.005755982,1,-0.276929766,1,0.096256614,1,-0.043494333,0,-0.441461921,0,-0.795413077,0
73.11369324,-4.572992325,1,-1.857974768,1,-8.724740028,1,0.027313448,1,-0.28899166,1,0.082605973,1,-0.043608177,0,-0.442567945,0,-0.794972539,0
73.11769104,-4.580850124,1,-2.168700933,1,-8.623288155,1,0.043274447,1,-0.297539651,1,0.079651453,1,-0.043643869,0,-0.443726838,0,-0.794559002,0
73.12169647,-4.55897522,1,-2.487071276,1,-8.581238747,1,0.049166176,1,-0.307731599,1,0.086140707,1,-0.043638948,0,-0.444919527,0,-0.794133067,0
73.12569428,-4.48527956,1,-2.613335133,1,-8.435180664,1,0.037286967,1,-0.316904336,1,0.102530822,1,-0.043673031,0,-0.446151763,0,-0.793654919,0
73.12969208,-4.808674335,1,-2.816476583,1,-8.277553558,1,0.044017248,1,-0.316973001,1,0.107766874,1,-0.043729067,0,-0.447405428,0,-0.793135107,0
73.13368988,-4.778618336,1,-2.958242178,1,-8.094947815,1,0.039160639,1,-0.313573033,1,0.125206858,1,-0.043811448,0,-0.448639274,0,-0.792553186,0
73.13768768,-4.843655109,1,-3.128350735,1,-7.993323326,1,0.035404757,1,-0.310066789,1,0.13981235,1,-0.043941807,0,-0.44985345,0,-0.791906774,0
73.14169312,-4.823764801,1,-3.163619518,1,-7.902462482,1,0.021041861,1,-0.303284764,1,0.150078878,1,-0.04413785,0,-0.45104754,0,-0.791211307,0
73.14569092,-4.950944424,1,-3.00834775,1,-7.883866787,1,0.029708784,1,-0.292001486,1,0.153076455,1,-0.044367533,0,-0.452209473,0,-0.790474176,0
73.14968872,-4.832635403,1,-2.963529348,1,-7.948596478,1,0.020122262,1,-0.277299404,1,0.176015764,1,-0.044609893,0,-0.453314334,0,-0.789683223,0
73.15368652,-4.88004303,1,-2.894468069,1,-7.934993744,1,0.009022137,1,-0.26675114,1,0.185101628,1,-0.044929128,0,-0.454364777,0,-0.788822055,0
73.15769196,-4.828873158,1,-2.820967197,1,-7.959643841,1,0.003206399,1,-0.263442934,1,0.195861712,1,-0.045297932,0,-0.45539555,0,-0.787930667,0
73.16168976,-4.786632538,1,-2.617304087,1,-8.071063042,1,0.003183438,1,-0.257479757,1,0.203091472,1,-0.045702275,0,-0.456394792,0,-0.786995411,0
73.16568756,-4.811121464,1,-2.376675844,1,-8.194282532,1,0.007031452,1,-0.251014739,1,0.206524089,1,-0.046099428,0,-0.457378298,0,-0.78603828,0
73.16968536,-4.692052841,1,-2.454844952,1,-8.231893539,1,0.004076617,1,-0.259954631,1,0.207312658,1,-0.046507917,0,-0.458356231,0,-0.785045803,0
73.1736908,-4.732233047,1,-2.175110817,1,-8.292922974,1,0.016360775,1,-0.260432512,1,0.210902393,1,-0.046916328,0,-0.459344864,0,-0.784052312,0
73.1776886,-4.784960747,1,-1.932633877,1,-8.34265995,1,0.023393394,1,-0.262053281,1,0.20874238,1,-0.047281094,0,-0.46034795,0,-0.783058047,0
73.1816864,-4.82617712,1,-1.807597995,1,-8.372546196,1,0.035372838,1,-0.262909293,1,0.199929997,1,-0.047585633,0,-0.461362988,0,-0.782094896,0
73.1856842,-4.667180538,1,-1.724415898,1,-8.419389725,1,0.037531402,1,-0.277079374,1,0.188788906,1,-0.047853667,0,-0.462401897,0,-0.781179667,0
73.18968964,-4.914307117,1,-1.755121112,1,-8.338263512,1,0.060838193,1,-0.281496853,1,0.178794309,1,-0.04804891,0,-0.463487089,0,-0.780307293,0
73.19368744,-4.850886822,1,-1.86776793,1,-8.317062378,1,0.079098813,1,-0.279511541,1,0.177500144,1,0.000592048,0,-0.546147704,0,-0.828536451,0
73.19768524,-4.82076025,1,-2.223866701,1,-8.302272797,1,0.089287944,1,-0.284388483,1,0.176636055,1,0.000504838,0,-0.547271907,0,-0.827708781,0
73.20168304,-4.769778728,1,-2.654568911,1,-8.321820259,1,0.070527218,1,-0.298238933,1,0.173538774,1,0.000409155,0,-0.548434734,0,-0.826889634,0
73.20568848,-4.712650299,1,-2.405952454,1,-8.254056931,1,0.041337162,1,-0.310275167,1,0.173122823,1,0.000206521,0,-0.54965359,0,-0.826076627,0
73.20968628,-4.96643734,1,-2.189138412,1,-8.190596581,1,0.058667537,1,-0.315355241,1,0.171484366,1,-5.54E-06,0,-0.550912321,0,-0.825285137,0
73.21368408,-4.843124866,1,-2.172694206,1,-8.118741989,1,0.062852636,1,-0.3140091,1,0.172973856,1,-0.000194012,0,-0.552171648,0,-0.824474931,0
73.21768189,-4.953423023,1,-2.280220032,1,-8.129520416,1,0.070651539,1,-0.321300715,1,0.180954769,1,-0.000356905,0,-0.55344373,0,-0.823649824,0
73.22168732,-4.972991467,1,-2.265696287,1,-8.117033005,1,0.075243153,1,-0.318810552,1,0.1746912,1,-0.000513817,0,-0.554725409,0,-0.822813094,0
73.22568512,-5.027441978,1,-2.183423281,1,-8.144317627,1,0.082050182,1,-0.317246974,1,0.182423249,1,-0.000643822,0,-0.556007981,0,-0.821969509,0
73.22969055,-4.939180374,1,-2.050223827,1,-8.173355103,1,0.083316818,1,-0.327388793,1,0.171618775,1,-0.000749369,0,-0.557294726,0,-0.821143627,0
73.23368835,-4.924364567,1,-1.98876524,1,-8.25131321,1,0.092264898,1,-0.333058208,1,0.172585234,1,-0.000817764,0,-0.558615804,0,-0.820333123,0
73.23768616,-4.995228291,1,-2.140820503,1,-8.246889114,1,0.081866048,1,-0.34165585,1,0.164322704,1,-0.000888787,0,-0.559966683,0,-0.819536746,0
73.24169159,-4.900798321,1,-2.114032269,1,-8.160889626,1,0.082952715,1,-0.351401985,1,0.161260799,1,-0.000972222,0,-0.561351955,0,-0.818765044,0
73.24568939,-5.02605772,1,-2.133274555,1,-8.205414772,1,0.095983788,1,-0.352903813,1,0.160076901,1,-0.001017962,0,-0.562766731,0,-0.818010092,0
73.2496872,-5.017764091,1,-2.175752878,1,-8.157018661,1,0.096614994,1,-0.358099669,1,0.1532543,1,-0.001026194,0,-0.56418699,0,-0.81726867,0
73.253685,-5.016312599,1,-2.212015867,1,-8.166654587,1,0.104300536,1,-0.368816048,1,0.153115034,1,-0.001023782,0,-0.565634787,0,-0.816524804,0
73.2576828,-5.046575069,1,-2.176187277,1,-8.16607666,1,0.105347998,1,-0.368087739,1,0.146404013,1,-0.000988484,0,-0.56709832,0,-0.815818727,0
73.26168823,-5.065634251,1,-2.058099747,1,-8.197301865,1,0.106642812,1,-0.375951856,1,0.145597234,1,-0.000955326,0,-0.568580866,0,-0.815118134,0
73.26568604,-5.082618713,1,-2.065413475,1,-8.213479996,1,0.112119883,1,-0.380154133,1,0.141904444,1,-0.000881451,0,-0.570098042,0,-0.81443429,0
73.26968384,-5.135558128,1,-2.228974104,1,-8.131980896,1,0.120774381,1,-0.387320697,1,0.142969742,1,-0.000781983,0,-0.571632087,0,-0.813757181,0
73.27368164,-5.145451069,1,-2.263466358,1,-8.102920532,1,0.118155487,1,-0.391813427,1,0.137471199,1,-0.00066284,0,-0.573191047,0,-0.813085556,0
73.27768707,-5.114684582,1,-2.295504332,1,-8.056171417,1,0.122338742,1,-0.390471458,1,0.143395647,1,-0.000539856,0,-0.574756384,0,-0.812419713,0
73.28168488,-5.109779358,1,-2.200229883,1,-8.087183952,1,0.128295869,1,-0.396877974,1,0.141862005,1,-0.000401698,0,-0.576330364,0,-0.811740339,0
73.28568268,-5.105455875,1,-2.198374987,1,-8.119114876,1,0.131784707,1,-0.406475842,1,0.144864514,1,-0.000257196,0,-0.577933073,0,-0.811048687,0
73.28968811,-5.144946575,1,-2.285672665,1,-8.094179153,1,0.125459895,1,-0.41170606,1,0.141942427,1,-0.000118273,0,-0.579571426,0,-0.810363054,0
73.29368591,-5.069383144,1,-2.252260923,1,-8.102202415,1,0.126976267,1,-0.424024314,1,0.14285554,1,7.81E-06,0,-0.581246436,0,-0.809675753,0
73.29768372,-5.18456459,1,-2.277747393,1,-8.126286507,1,0.133611411,1,-0.435312659,1,0.14940612,1,0.000144096,0,-0.582953155,0,-0.80898124,0
73.30168152,-5.102949619,1,-2.383062601,1,-8.133570671,1,0.132368788,1,-0.446374208,1,0.153756186,1,0.000276983,0,-0.584711969,0,-0.808257997,0
73.30567932,-5.04434824,1,-2.474468231,1,-8.157600403,1,0.139838636,1,-0.457856148,1,0.162148654,1,0.000397168,0,-0.58651489,0,-0.80750066,0
73.30968475,-5.028347969,1,-2.488951683,1,-8.217038155,1,0.141924426,1,-0.474022448,1,0.172638729,1,0.000505841,0,-0.588381648,0,-0.806690514,0
73.31368256,-4.986257076,1,-2.542206049,1,-8.216339111,1,0.151034757,1,-0.488962024,1,0.188441962,1,0.000612087,0,-0.590310693,0,-0.80581826,0
73.31768036,-5.035099506,1,-2.594297409,1,-8.236824989,1,0.162873566,1,-0.505438447,1,0.202980056,1,0.000707092,0,-0.592304707,0,-0.804867446,0
73.32167816,-5.038084507,1,-2.712133169,1,-8.242537498,1,0.165370286,1,-0.529962122,1,0.225363553,1,0.000793925,0,-0.594372511,0,-0.803845227,0
73.32568359,-5.019987106,1,-2.801626205,1,-8.279409409,1,0.169362277,1,-0.54667443,1,0.240958497,1,0.000837073,0,-0.596531332,0,-0.802723885,0
73.3296814,-4.934862614,1,-2.686224937,1,-8.460952759,1,0.175632089,1,-0.571605444,1,0.255125076,1,0.000857113,0,-0.59877342,0,-0.801524818,0
73.3336792,-5.046403408,1,-2.777254581,1,-8.566662788,1,0.180318937,1,-0.602928042,1,0.268929332,1,0.000859795,0,-0.601127684,0,-0.800267041,0
73.33768463,-4.95609808,1,-2.831626415,1,-8.444325447,1,0.174004376,1,-0.644849658,1,0.2797755,1,0.000816668,0,-0.603611827,0,-0.798937261,0
73.34168243,-5.035015106,1,-2.841222525,1,-8.379663467,1,0.171616182,1,-0.676646471,1,0.303797126,1,0.000704946,0,-0.606264889,0,-0.797516465,0
73.34568787,-5.090520859,1,-2.849979401,1,-8.347070694,1,0.174399331,1,-0.705600202,1,0.324131727,1,0.00052795,0,-0.609026134,0,-0.795989394,0
73.34968567,-4.887901783,1,-2.717623472,1,-8.440340996,1,0.171948045,1,-0.739845216,1,0.336801648,1,0.000289961,0,-0.611923933,0,-0.794375777,0
73.35368347,-5.049610138,1,-2.456031084,1,-8.496923447,1,0.169587702,1,-0.775143325,1,0.347356826,1,6.95E-06,0,-0.614950299,0,-0.792696357,0
73.35768127,-4.987149715,1,-2.037902355,1,-8.443261147,1,0.169235304,1,-0.81832844,1,0.344532162,1,-0.00030182,0,-0.618126214,0,-0.790992856,0
73.36168671,-5.190877438,1,-1.871363878,1,-8.449221611,1,0.181616023,1,-0.856928885,1,0.336886197,1,-0.00057981,0,-0.621471643,0,-0.789309561,0
73.36568451,-5.217198849,1,-1.807182789,1,-8.468357086,1,0.188607648,1,-0.886121869,1,0.321859032,1,-0.000790326,0,-0.62496084,0,-0.787684262,0
73.36968231,-5.157383442,1,-1.817476392,1,-8.51467514,1,0.189161658,1,-0.935094357,1,0.307684213,1,-0.000953885,0,-0.628599107,0,-0.786123037,0
73.37368774,-5.089537621,1,-2.137443304,1,-8.611885071,1,0.185058162,1,-0.978408873,1,0.302182823,1,-0.001096765,0,-0.632416725,0,-0.784602761,0
73.37768555,-5.05167532,1,-2.442409515,1,-8.669775009,1,0.186051354,1,-1.027290344,1,0.304600209,1,-0.001259477,0,-0.636420846,0,-0.78308332,0
73.38168335,-5.024103642,1,-2.841217041,1,-8.791726112,1,0.169034183,1,-1.07997179,1,0.310715318,1,-0.001463207,0,-0.640632629,0,-0.78153801,0
73.38568115,-4.913032055,1,-3.048074722,1,-8.79994297,1,0.151753873,1,-1.13709414,1,0.32992819,1,-0.001792958,0,-0.645060062,0,-0.779926181,0
73.38967896,-4.840704918,1,-3.073423862,1,-8.824040413,1,0.147000849,1,-1.203740954,1,0.356368333,1,-0.002238638,0,-0.6497311,0,-0.778185606,0
73.39368439,-4.907603741,1,-3.074774742,1,-8.935081482,1,0.136106238,1,-1.263179779,1,0.375896782,1,-0.00278747,0,-0.654662132,0,-0.776332617,0
73.39768219,-5.183867455,1,-3.169887304,1,-8.869003296,1,0.126521617,1,-1.330605984,1,0.404331774,1,-0.00347994,0,-0.65984112,0,-0.774333715,0
73.40167999,-5.342503071,1,-3.340899229,1,-8.913607597,1,0.092553705,1,-1.39545095,1,0.440969974,1,-0.004377,0,-0.665295899,0,-0.772161603,0
73.4056778,-5.145469666,1,-3.21118331,1,-8.76682663,1,0.065302573,1,-1.462221384,1,0.477242291,1,-0.00552853,0,-0.671006203,0,-0.769793928,0
73.40968323,-5.189904213,1,-3.172809601,1,-8.933105469,1,0.053016175,1,-1.529388428,1,0.508796632,1,-0.006886636,0,-0.676979482,0,-0.767234802,0
73.41368103,-5.20499897,1,-3.248262167,1,-9.045022011,1,0.032154154,1,-1.599192739,1,0.546266556,1,-0.008454128,0,-0.683221042,0,-0.764461756,0
73.41767883,-5.281999588,1,-3.647493839,1,-9.085705757,1,-0.009033935,1,-1.676231861,1,0.584873378,1,-0.010308702,0,-0.689747512,0,-0.761453867,0
73.42168427,-5.444334984,1,-3.297334194,1,-9.328406334,1,-0.028488068,1,-1.748307586,1,0.608892322,1,-0.012427375,0,-0.696587384,0,-0.758254588,0
73.42568207,-4.861998558,1,-3.114741087,1,-9.039912224,1,-0.044232216,1,-1.848491192,1,0.656338573,1,-0.014791964,0,-0.703734875,0,-0.754815578,0
73.42967987,-5.042002678,1,-2.964103222,1,-9.296222687,1,-0.039830904,1,-1.930703044,1,0.691724718,1,-0.01735951,0,-0.711249232,0,-0.751124144,0
73.43367767,-5.047148228,1,-3.018666744,1,-9.229569435,1,-0.044096831,1,-2.041450977,1,0.734099984,1,-0.020161474,0,-0.719133735,0,-0.747133136,0
73.43767548,-5.109950066,1,-3.102877378,1,-9.192858696,1,-0.047339194,1,-2.143234968,1,0.783774018,1,-0.023181822,0,-0.727419615,0,-0.742845774,0
73.44168091,-5.053373337,1,-3.118489742,1,-9.323976517,1,-0.056361083,1,-2.260084867,1,0.825820029,1,-0.026474476,0,-0.736140013,0,-0.738215625,0
73.44567871,-5.181292057,1,-3.136186361,1,-9.53258419,1,-0.065051265,1,-2.373464108,1,0.88357383,1,-0.024727298,0,-0.743893743,0,-0.775548875,0
73.44967651,-5.178711891,1,-3.176576138,1,-9.598160744,1,-0.081848353,1,-2.49777174,1,0.92957437,1,-0.028640831,0,-0.753509521,0,-0.770242453,0
73.45367432,-4.81910038,1,-3.233437061,1,-9.624458313,1,-0.099188894,1,-2.637928963,1,0.979581535,1,-0.032925524,0,-0.763651192,0,-0.764545798,0
73.45767975,-4.639671803,1,-3.143411636,1,-9.68005085,1,-0.091307439,1,-2.798867464,1,1.029196262,1,-0.037563499,0,-0.774378419,0,-0.758431852,0
73.46167755,-4.84872818,1,-3.19500494,1,-9.936066628,1,-0.086866789,1,-2.949783325,1,1.098431349,1,-0.042577837,0,-0.785695136,0,-0.751814842,0
73.46568298,-4.518188477,1,-3.273592949,1,-10.070714,1,-0.075124629,1,-3.106272936,1,1.157783628,1,-0.048027109,0,-0.797582924,0,-0.744612038,0
73.46968079,-4.353246212,1,-3.392672539,1,-10.50000668,1,-0.053878129,1,-3.31691432,1,1.226619363,1,-0.0539103,0,-0.810161471,0,-0.736792684,0
73.47367859,-4.386815548,1,-3.711721182,1,-11.00583649,1,-0.052528095,1,-3.530899525,1,1.294425845,1,-0.060320191,0,-0.823540211,0,-0.728295743,0
73.47768402,-4.356932163,1,-4.083634377,1,-11.24089432,1,-0.069223836,1,-3.762815952,1,1.382685065,1,-0.06743858,0,-0.837739468,0,-0.719002366,0
73.48168182,-4.009916782,1,-4.701421261,1,-11.65947628,1,-0.105119362,1,-4.023610592,1,1.487602949,1,-0.075482503,0,-0.852859795,0,-0.708711803,0
73.48567963,-3.872284651,1,-5.40681076,1,-11.79039955,1,-0.139076918,1,-4.300726891,1,1.61002171,1,-0.084697135,0,-0.868955731,0,-0.69721055,0
73.48967743,-3.729245424,1,-5.993447781,1,-12.07096958,1,-0.183960438,1,-4.604497433,1,1.770995021,1,-0.095371664,0,-0.886056483,0,-0.684181809,0
73.49368286,-3.937662363,1,-6.376082897,1,-12.46386337,1,-0.207894638,1,-4.931996346,1,1.937327147,1,-0.107773669,0,-0.904283702,0,-0.669289947,0
73.49768066,-5.600945473,1,-9.18287468,1,-14.27669239,1,-0.384200513,1,-5.106490135,1,2.050764561,1,-0.12217088,0,-0.923463702,0,-0.652439535,0
73.50167847,-0.271564633,1,-2.773542643,1,-13.03024864,1,-0.030165907,1,-5.826046944,1,2.340372086,1,-0.138428226,0,-0.943583369,0,-0.633279502,0
73.5056839,-9.133124352,1,-7.439486504,1,-13.80221653,1,-0.158317998,1,-5.792367935,1,2.496101141,1,-0.157234505,0,-0.965256929,0,-0.610811591,0
73.5096817,-7.053092957,1,-13.12966061,1,-12.28123188,1,-0.422938257,1,-6.016608715,1,2.848289013,1,-0.179792106,0,-0.986758649,0,-0.584875345,0
73.5136795,-2.985445023,1,-13.64670467,1,-11.53175545,1,-0.596658468,1,-6.358800888,1,2.959154367,1,-0.206871256,0,-1.008759975,0,-0.555149257,0
73.51767731,-4.400552273,1,-10.33697319,1,-12.34096718,1,-0.670214713,1,-6.656068802,1,3.260840178,1,-0.238540024,0,-1.031484127,0,-0.520960927,0
73.52167511,-9.023429871,1,-10.66635609,1,-13.38303566,1,-0.757957995,1,-6.712686062,1,3.510241032,1,-0.275632203,0,-1.05394578,0,-0.48134762,0
73.52567291,-9.858551979,1,-9.854201317,1,-13.3835268,1,-0.830010295,1,-6.842757225,1,3.757698536,1,-0.318108737,0,-1.075575829,0,-0.436345577,0
73.52967835,-12.28792381,1,-8.151249886,1,-13.87635517,1,-0.841547668,1,-6.882181168,1,3.812041044,1,-0.366135627,0,-1.096397519,0,-0.385902584,0
73.53367615,-13.85726738,1,-5.880948544,1,-14.30080318,1,-0.815739572,1,-6.887372017,1,3.957937002,1,-0.419066638,0,-1.115910411,0,-0.330394894,0
73.53767395,-15.10388756,1,-5.417271137,1,-14.47905159,1,-0.815831661,1,-6.822933674,1,4.123948097,1,-0.477656186,0,-1.133612037,0,-0.269070745,0
73.54167938,-15.26426029,1,-5.922354698,1,-14.80127239,1,-0.82095623,1,-6.803739548,1,4.234921932,1,-0.541916907,0,-1.149238229,0,-0.202004552,0
73.54567719,-17.80972481,1,-5.915881157,1,-15.45238018,1,-0.74366796,1,-6.683071136,1,4.19447422,1,-0.610665321,0,-1.162680745,0,-0.130351499,0
73.54967499,-18.01463318,1,-7.318273544,1,-15.07082272,1,-0.678093076,1,-6.451440811,1,4.194176674,1,-0.681970835,0,-1.173588634,0,-0.055902168,0
73.55367279,-16.97837448,1,-8.463622093,1,-14.77404213,1,-0.753950357,1,-6.338792801,1,4.241325855,1,-0.756168187,0,-1.181686401,0,0.021294627,0
73.55767059,-18.20506287,1,-8.513225555,1,-14.96027088,1,-0.774061382,1,-6.148178577,1,4.155091286,1,-0.831968129,0,-1.187223315,0,0.099826127,0
73.56167603,-15.9579916,1,-8.92869854,1,-13.55599308,1,-0.830738902,1,-6.012476444,1,4.139776707,1,-0.907922149,0,-1.190242052,0,0.178232148,0
73.56567383,-16.13869476,1,-10.16306782,1,-12.73822212,1,-1.032668352,1,-5.977303028,1,4.331436157,1,-0.985021293,0,-1.190544605,0,0.257307172,0
73.56967163,-16.35225677,1,-9.159054756,1,-12.10717106,1,-1.294112325,1,-5.931337357,1,4.411917686,1,-1.063171744,0,-1.187925935,0,0.336470366,0
73.57366943,-16.86440468,1,-8.204338074,1,-11.91968346,1,-1.378130317,1,-5.791721821,1,4.242176056,1,-1.139465928,0,-1.183083296,0,0.412961781,0
73.57767487,-17.07339859,1,-8.481175423,1,-10.02213097,1,-1.413983107,1,-5.602468491,1,4.23408699,1,-1.211889982,0,-1.176262856,0,0.48529011,0
73.58167267,-18.06007385,1,-8.172216415,1,-10.16515064,1,-1.551023483,1,-5.271399021,1,4.234062195,1,-1.279678345,0,-1.167111278,0,0.552405357,0
73.5856781,-15.98440266,1,-6.959246635,1,-9.593974113,1,-1.594995975,1,-4.808543682,1,4.077608109,1,-1.340870023,0,-1.156235456,0,0.612178922,0
73.5896759,-10.21595764,1,-5.113625526,1,-8.620388031,1,-1.576318979,1,-4.258887768,1,3.957621813,1,-1.394226313,0,-1.144162416,0,0.663675666,0
73.59367371,-4.454336643,1,-3.753165245,1,-8.755064011,1,-1.504430652,1,-3.765574932,1,3.783133268,1,-1.439714074,0,-1.131293058,0,0.706995904,0
73.59767914,-4.031188011,1,-1.363156199,1,-9.433866501,1,-1.346157074,1,-3.475894213,1,3.588019371,1,-1.478902817,0,-1.118266821,0,0.744053364,0
73.60167694,-5.330036163,1,0.681313932,1,-11.19524097,1,-0.779937863,1,-3.115071297,1,3.461894512,1,-1.511999488,0,-1.105224967,0,0.776121378,0
73.60567474,-13.40781403,1,0.505645037,1,-11.86788845,1,-0.191385314,1,-2.93134737,1,3.305239201,1,-1.538772106,0,-1.092169523,0,0.804066837,0
73.60967255,-31.30806923,1,1.504107237,1,-15.10117149,1,0.465752274,1,-2.409914017,1,2.742069483,1,-1.559425116,0,-1.080248356,0,0.827979922,0
73.61367798,-28.41262627,1,-1.564594388,1,-17.97800255,1,0.85807693,1,-1.259884119,1,2.284487009,1,-1.570348978,0,-1.070297241,0,0.84354198,0
73.61767578,-15.32083321,1,-6.085850239,1,-16.51110268,1,0.999238014,1,-0.352963954,1,1.938723207,1,-1.572272182,0,-1.061848521,0,0.850019634,0
73.62167358,-6.087457657,1,-8.191737175,1,-12.89403152,1,1.052309394,1,0.167137906,1,1.597007632,1,-1.56867528,0,-1.054796219,0,0.850605369,0
73.62567902,-3.546385765,1,-9.501402855,1,-10.71327972,1,1.101124167,1,0.43374458,1,1.331043839,1,-1.562220693,0,-1.048959136,0,0.848156214,0
73.62967682,-6.223077297,1,-10.12704372,1,-10.45466805,1,0.983314633,1,0.664682209,1,1.125790238,1,-1.554368019,0,-1.044029713,0,0.843959272,0
73.63367462,-6.860468864,1,-10.14266777,1,-11.04138756,1,0.693182349,1,1.007327199,1,0.931821823,1,-1.545449495,0,-1.039851904,0,0.837545156,0
73.63767242,-4.225498199,1,-9.822063446,1,-10.15196609,1,0.393393308,1,1.28084743,1,0.711177528,1,-1.53565836,0,-1.036423564,0,0.828677475,0
73.64167023,-1.765083313,1,-9.210391998,1,-8.680226326,1,0.17286393,1,1.410610914,1,0.525406122,1,-1.525598645,0,-1.033735275,0,0.818277419,0
73.64567566,-0.587273479,1,-8.363167763,1,-7.715994835,1,0.013438428,1,1.4969666,1,0.338140011,1,-1.515660405,0,-1.031716466,0,0.807123959,0
73.64967346,0.451059103,1,-7.468871117,1,-7.270574093,1,-0.132803082,1,1.587063432,1,0.158824831,1,-1.505720496,0,-1.030355453,0,0.7952528,0
73.65367127,1.411132574,1,-6.398718357,1,-6.912227154,1,-0.240708262,1,1.664709926,1,-0.018361039,1,-1.495697498,0,-1.029622078,0,0.782679081,0
73.65766907,1.785577655,1,-5.358627319,1,-6.653138638,1,-0.271576941,1,1.708986282,1,-0.198728859,1,-1.485481501,0,-1.02950871,0,0.76954627,0
73.6616745,1.706528306,1,-4.509569168,1,-6.522404671,1,-0.251916111,1,1.745310068,1,-0.383828133,1,-1.474917889,0,-1.030047536,0,0.755988538,0
73.6656723,1.687395811,1,-4.040960789,1,-6.379034519,1,-0.206532016,1,1.788450956,1,-0.559312105,1,-1.463787556,0,-1.031203389,0,0.74193871,0
73.66967011,1.841823936,1,-3.556426764,1,-6.171160221,1,-0.141311005,1,1.850648403,1,-0.716821253,1,-1.451901674,0,-1.032923937,0,0.727263033,0
73.67367554,1.936585546,1,-3.332774401,1,-6.061133385,1,-0.057868563,1,1.914654613,1,-0.867928684,1,-1.43908453,0,-1.035123229,0,0.711873889,0
73.67767334,1.708584547,1,-3.196130991,1,-5.989284515,1,0.031269714,1,1.989176512,1,-1.001704812,1,-1.425213456,0,-1.037744641,0,0.695690453,0
73.68167114,1.370110631,1,-3.378504753,1,-5.928970337,1,0.105899699,1,2.075663567,1,-1.122137904,1,-1.410170674,0,-1.040705085,0,0.678554118,0
73.68566895,1.112040401,1,-3.538479567,1,-5.935859203,1,0.159184843,1,2.180895805,1,-1.23372674,1,-1.393892765,0,-1.043932319,0,0.660327911,0
73.68966675,0.96723479,1,-3.73619318,1,-5.839526176,1,0.190917388,1,2.289908171,1,-1.326781273,1,-1.376380324,0,-1.047314048,0,0.640897036,0
73.69367218,0.649468601,1,-3.832371473,1,-5.880092621,1,0.201149672,1,2.40775156,1,-1.40139544,1,-1.36102128,0,-1.056772113,0,0.601837039,0
73.69766998,0.319054902,1,-3.871422291,1,-5.873438835,1,0.191590801,1,2.537286758,1,-1.472513199,1,-1.340833783,0,-1.060224414,0,0.579588473,0
73.70166779,0.12605013,1,-3.826006889,1,-5.887755394,1,0.189095438,1,2.668516874,1,-1.538316369,1,-1.319363475,0,-1.063592792,0,0.555881321,0
73.70567322,-0.228552461,1,-3.66481638,1,-5.989430904,1,0.183594719,1,2.806595802,1,-1.584229827,1,-1.296607733,0,-1.066772819,0,0.530715525,0
73.70968628,-0.593226373,1,-3.48530364,1,-6.039624691,1,0.180359289,1,2.947636127,1,-1.641579986,1,-1.272487402,0,-1.069719076,0,0.504017234,0
73.71368408,-0.975464761,1,-3.269386053,1,-6.100737572,1,0.20113337,1,3.089690208,1,-1.695863843,1,-1.246936798,0,-1.072367549,0,0.475767791,0
73.71768189,-1.282536507,1,-3.015993595,1,-6.140069008,1,0.226137295,1,3.240250826,1,-1.751978159,1,-1.219875455,0,-1.074672818,0,0.445928693,0
73.72167206,-1.603089094,1,-2.731205463,1,-6.221272469,1,0.261791289,1,3.386277914,1,-1.808860898,1,-1.191280723,0,-1.076585531,0,0.414539307,0
73.72566986,-1.902929783,1,-2.550070524,1,-6.25889492,1,0.315294683,1,3.53019166,1,-1.863458395,1,-1.161144853,0,-1.078038573,0,0.381627917,0
73.72966766,-2.158952236,1,-2.419706345,1,-6.293745518,1,0.368227601,1,3.667908192,1,-1.917524457,1,-1.129505992,0,-1.078989625,0,0.347272158,0
73.73368073,-2.422581434,1,-2.405584574,1,-6.307209015,1,0.426650167,1,3.799435139,1,-1.977537394,1,-1.096454501,0,-1.079376459,0,0.311585665,0
73.73767853,-2.692950726,1,-2.457781792,1,-6.310248375,1,0.484027177,1,3.930122614,1,-2.030839443,1,-1.062102795,0,-1.079146028,0,0.274687827,0
73.7416687,-3.097219229,1,-2.513920307,1,-6.354418755,1,0.542292297,1,4.058939934,1,-2.088500023,1,-1.026549101,0,-1.078233957,0,0.236677036,0
73.74568176,-3.548561811,1,-2.548550367,1,-6.429526806,1,0.595833182,1,4.192112446,1,-2.146677256,1,-0.989927292,0,-1.076594591,0,0.197685525,0
73.74967957,-3.961066008,1,-2.634646416,1,-6.477411747,1,0.639503419,1,4.328396797,1,-2.205465078,1,-0.952335894,0,-1.074161172,0,0.157765761,0
73.75367737,-4.326894283,1,-2.666241407,1,-6.527972221,1,0.678379714,1,4.472343445,1,-2.271621704,1,-0.913899064,0,-1.070878744,0,0.117021888,0
73.75767517,-4.583298683,1,-2.741158962,1,-6.586302757,1,0.706913769,1,4.606688976,1,-2.334052563,1,-0.874854088,0,-1.066696286,0,0.075632788,0
73.76166534,-4.66460228,1,-2.769833088,1,-6.688653946,1,0.732604563,1,4.727147102,1,-2.401204824,1,-0.835379064,0,-1.061595798,0,0.033782523,0
73.76567841,-4.765360355,1,-2.830457211,1,-6.765860558,1,0.758102179,1,4.850327492,1,-2.459246397,1,-0.795740008,0,-1.055532336,0,-0.008261884,0
73.76967621,-4.989949226,1,-2.856984138,1,-6.774343967,1,0.779217422,1,4.955430031,1,-2.515044212,1,-0.756172359,0,-1.048501968,0,-0.050286435,0
73.77367401,-5.186569214,1,-2.861045599,1,-6.827631474,1,0.799475372,1,5.06076622,1,-2.567935705,1,-0.716885149,0,-1.04049027,0,-0.092072032,0
73.77767181,-5.308385372,1,-2.917996168,1,-6.901102066,1,0.821098804,1,5.145841122,1,-2.61618042,1,-0.678105354,0,-1.031508565,0,-0.133376926,0
73.78167725,-5.517791271,1,-2.955024004,1,-6.923537731,1,0.846051097,1,5.226345062,1,-2.651031017,1,-0.640034497,0,-1.021559,0,-0.173988551,0
73.78567505,-5.645740509,1,-3.028069019,1,-6.980872154,1,0.868973732,1,5.299570084,1,-2.687734604,1,-0.602807403,0,-1.010662198,0,-0.213741422,0
73.78967285,-5.779590607,1,-3.005802393,1,-7.028082848,1,0.895902455,1,5.356071949,1,-2.707539082,1,-0.566600144,0,-0.998847783,0,-0.252456695,0
73.79367828,-5.88877964,1,-3.028584957,1,-7.105425358,1,0.928414583,1,5.397274494,1,-2.730583906,1,-0.531534612,0,-0.986167192,0,-0.289972246,0
73.79767609,-6.078371048,1,-2.98725009,1,-7.22596693,1,0.967644811,1,5.438142776,1,-2.741164446,1,-0.497676671,0,-0.972683847,0,-0.326188087,0
73.80167389,-6.471180916,1,-2.957033157,1,-7.398721695,1,1.013506174,1,5.467673779,1,-2.752092838,1,-0.465018719,0,-0.958447218,0,-0.361068964,0
73.80567169,-6.772556782,1,-2.975951433,1,-7.512329578,1,1.077080846,1,5.486963272,1,-2.763412476,1,-0.43358326,0,-0.943497121,0,-0.394551843,0
73.8096695,-7.133687973,1,-2.984896421,1,-7.705767632,1,1.138605237,1,5.520236969,1,-2.76181531,1,-0.403323144,0,-0.927869678,0,-0.426642179,0
73.81367493,-7.46175766,1,-3.011987925,1,-7.844977856,1,1.217751265,1,5.548508644,1,-2.762897968,1,-0.374162078,0,-0.911568999,0,-0.457377285,0
73.81767273,-7.829749584,1,-3.126739502,1,-8.038097382,1,1.300986409,1,5.574862003,1,-2.771032095,1,-0.346030056,0,-0.894633591,0,-0.486777455,0
73.82167053,-8.290075302,1,-3.212086916,1,-8.29093647,1,1.394145012,1,5.615462303,1,-2.776452065,1,-0.31885767,0,-0.877090335,0,-0.514904141,0
73.82567596,-8.705740929,1,-3.399316549,1,-8.525793076,1,1.492308974,1,5.64507246,1,-2.793977261,1,-0.292525232,0,-0.85895735,0,-0.541840374,0
73.8296814,-9.12567234,1,-3.637417078,1,-8.825605392,1,1.586396933,1,5.682231426,1,-2.812147379,1,-0.266989648,0,-0.840275645,0,-0.567637563,0
73.8336792,-9.557292938,1,-3.930639744,1,-9.017383575,1,1.674950242,1,5.713950634,1,-2.843729019,1,-0.242199913,0,-0.821059465,0,-0.592373133,0
73.837677,-9.95975399,1,-4.316539288,1,-9.1456604,1,1.755152702,1,5.74256897,1,-2.881021976,1,-0.218108892,0,-0.80135119,0,-0.616136134,0
73.84167481,-10.36044788,1,-4.956688404,1,-9.404129028,1,1.815879941,1,5.776322365,1,-2.929365873,1,-0.194689676,0,-0.781182587,0,-0.639019549,0
73.84567261,-10.82716465,1,-5.556767941,1,-9.51892662,1,1.864242911,1,5.781312466,1,-2.979387045,1,-0.171949357,0,-0.760611773,0,-0.661088645,0
73.84967804,-11.32209682,1,-6.142949581,1,-9.60870266,1,1.890988827,1,5.771546364,1,-3.035692453,1,-0.149918541,0,-0.739722192,0,-0.682373881,0
73.85367584,-11.9024353,1,-6.735805035,1,-9.883683205,1,1.901161551,1,5.737163067,1,-3.10652709,1,-0.128609896,0,-0.718621492,0,-0.70296973,0
73.85767365,-12.5976429,1,-7.347431183,1,-10.1466713,1,1.885351658,1,5.697253704,1,-3.19130826,1,-0.108021788,0,-0.697389901,0,-0.722980678,0
73.86167145,-13.29466438,1,-7.99637413,1,-10.39378071,1,1.845869899,1,5.633067608,1,-3.293763399,1,-0.088149838,0,-0.676107168,0,-0.742536485,0
73.86567688,-14.08141327,1,-8.623410225,1,-10.76538467,1,1.790357947,1,5.545193672,1,-3.411557674,1,-0.069007233,0,-0.654866278,0,-0.761751354,0
73.86967468,-15.17980957,1,-9.126250267,1,-11.00358105,1,1.711397767,1,5.445615292,1,-3.54291749,1,-0.050587218,0,-0.633752227,0,-0.780750751,0
73.87367249,-16.53590584,1,-9.14125061,1,-11.11808491,1,1.630152225,1,5.331546307,1,-3.718885422,1,-0.032839891,0,-0.612833202,0,-0.799713194,0
73.87767029,-17.72006035,1,-6.933935642,1,-11.01225948,1,1.547932863,1,5.199732304,1,-3.967427015,1,-0.015602596,0,-0.592132211,0,-0.818943024,0
73.88166809,-18.06608772,1,-3.676933765,1,-12.04320621,1,1.565900326,1,5.00277853,1,-4.303515434,1,0.001590255,0,-0.571851432,0,-0.838921845,0
73.88567352,-21.00043106,1,-5.465121269,1,-11.89339733,1,1.60618937,1,4.896119118,1,-4.642354965,1,0.019052966,0,-0.551897049,0,-0.859816968,0
73.88967133,-23.97391891,1,-5.515518188,1,-11.58865738,1,1.676023126,1,4.83883667,1,-4.963048935,1,0.036859348,0,-0.531881332,0,-0.8816064,0
73.89366913,-26.84872437,1,-4.786073208,1,-11.711092,1,1.710611939,1,4.743008614,1,-5.274435043,1,0.054902386,0,-0.511793196,0,-0.904174566,0
73.89766693,-28.80298233,1,-2.899950504,1,-11.95313549,1,1.73900032,1,4.634712219,1,-5.603640556,1,0.073054083,0,-0.491681755,0,-0.92756021,0
73.90167236,-30.42426682,1,-0.684064031,1,-11.78917313,1,1.807182312,1,4.527429581,1,-5.912558556,1,0.091360167,0,-0.471534431,0,-0.951792061,0
73.90567017,-31.74656487,1,1.130731702,1,-10.63785362,1,1.962326407,1,4.458289623,1,-6.191299915,1,0.109951824,0,-0.45123449,0,-0.9766801,0
73.90966797,-32.52211761,1,2.327889204,1,-8.772958755,1,2.181149006,1,4.394835472,1,-6.430815697,1,0.12906827,0,-0.430644482,0,-1.002064347,0
73.9136734,-33.1113472,1,2.372436762,1,-6.790385246,1,2.346832514,1,4.317219734,1,-6.617832184,1,0.148624673,0,-0.409762591,0,-1.027739406,0
73.9176712,-32.70790863,1,2.09205699,1,-4.679767609,1,2.390268087,1,4.182215691,1,-6.740088463,1,0.168136001,0,-0.388736695,0,-1.053495049,0
73.92166901,-32.00246429,1,1.848544836,1,-2.797914028,1,2.32531333,1,3.969461679,1,-6.770806789,1,0.187014833,0,-0.367882788,0,-1.07903564,0
73.92566681,-30.78649139,1,1.705236316,1,-0.855751991,1,2.19692111,1,3.686014652,1,-6.702533722,1,0.204856291,0,-0.347591519,0,-1.104099989,0
73.92966461,-29.8358593,1,2.065079689,1,0.828946054,1,2.047522783,1,3.339444637,1,-6.516905308,1,0.221384078,0,-0.328246891,0,-1.128361821,0
73.93367004,-28.67783737,1,3.539850473,1,2.426078081,1,1.922572613,1,2.949820995,1,-6.246940136,1,0.236585975,0,-0.310189307,0,-1.15155673,0
73.93766785,-26.70922661,1,6.41929388,1,3.632781506,1,1.890609503,1,2.49672699,1,-5.911393166,1,0.250728935,0,-0.293729037,0,-1.173535824,0
73.94166565,-25.52291107,1,10.09321117,1,4.598660469,1,1.984534502,1,1.977824807,1,-5.530628204,1,0.264293045,0,-0.279251039,0,-1.194245934,0
73.94567108,-26.10710335,1,12.89851761,1,5.444047451,1,2.194907665,1,1.492239594,1,-5.122909069,1,0.272826076,0,-0.262528509,0,-1.243230104,0
73.94967651,-27.40541458,1,14.16931057,1,6.064570427,1,2.434833288,1,1.075677633,1,-4.666196823,1,0.286678344,0,-0.252200425,0,-1.261232257,0
73.95367432,-28.62983704,1,13.88828182,1,6.40215826,1,2.637170315,1,0.728678405,1,-4.14636755,1,0.300851107,0,-0.243660584,0,-1.277572155,0
73.95767212,-29.2468071,1,12.41161633,1,6.878834724,1,2.728564024,1,0.417042047,1,-3.566998005,1,0.315046072,0,-0.236809134,0,-1.292008638,0
73.96166992,-30.04204941,1,11.11781693,1,7.07609272,1,2.714289904,1,0.146559477,1,-2.956637383,1,0.328832746,0,-0.231628284,0,-1.30437541,0
73.96566773,-30.76173782,1,10.24716377,1,6.86089468,1,2.569547176,1,-0.067350611,1,-2.347509861,1,0.341754019,0,-0.227995366,0,-1.314605832,0
73.96967316,-31.2042141,1,9.574788094,1,6.28606987,1,2.319082737,1,-0.223958284,1,-1.764580369,1,0.353392661,0,-0.225759313,0,-1.322742701,0
73.97367096,-31.51395416,1,9.123122215,1,5.728003502,1,1.940992117,1,-0.33381176,1,-1.24349463,1,0.363309503,0,-0.224701047,0,-1.32892108,0
73.97766876,-28.41849709,1,4.897791862,1,2.527414322,1,1.366708398,1,-0.459854186,1,-0.685878456,1,0.371018738,0,-0.224724665,0,-1.333225369,0
73.98166657,-16.82802391,1,-8.703308105,1,3.792246342,1,-0.417077869,1,-1.213098407,1,0.299175829,1,0.373346806,0,-0.22726877,0,-1.335216522,0
73.985672,-42.46833801,1,0.860477328,1,6.405585289,1,-1.505428433,1,-2.248472452,1,1.379904389,1,0.369253725,0,-0.235268965,0,-1.334529638,0
73.9896698,-31.9955101,1,6.152403831,1,11.95950603,1,-2.343610764,1,-2.315474987,1,2.014428377,1,0.360712051,0,-0.246315747,0,-1.331365824,0
73.9936676,-0.811912417,1,11.25620079,1,8.896885872,1,-2.268885851,1,-2.222914934,1,2.568780184,1,0.349921525,0,-0.257974714,0,-1.32573843,0
73.99766541,11.15658092,1,7.35342741,1,-0.886395872,1,-2.272628069,1,-2.644219875,1,3.106435776,1,0.338975787,0,-0.270819992,0,-1.318000078,0
74.00166321,-7.558502197,1,2.279381275,1,-13.17426014,1,-2.542397261,1,-3.044645786,1,3.368000269,1,0.32680136,0,-0.286027908,0,-1.309134007,0
74.00566864,-10.74154186,1,-3.807985067,1,-22.0428791,1,-2.341189861,1,-2.703373432,1,3.293052912,1,0.314151198,0,-0.301306069,0,-1.299653769,0
74.00966644,1.616511464,1,-12.46362972,1,-27.23752213,1,-1.922524929,1,-2.111815929,1,3.058660746,1,0.302754432,0,-0.314172328,0,-1.289938688,0
74.01366425,3.416615009,1,-20.53130913,1,-24.39799309,1,-1.928007841,1,-2.075048923,1,2.719040632,1,0.292295456,0,-0.325515896,0,-1.280854464,0
74.01766205,2.548257589,1,-18.81737709,1,-15.57484436,1,-2.010686159,1,-2.034024477,1,2.460573435,1,0.281774074,0,-0.336346805,0,-1.27286756,0
74.02166748,3.22742486,1,-12.36931133,1,-10.76273346,1,-2.042582035,1,-2.35041523,1,2.376048803,1,0.27129963,0,-0.347240746,0,-1.265491366,0
74.02566528,2.660302162,1,-4.065453053,1,-6.67607975,1,-2.040848494,1,-3.003566742,1,2.455981493,1,0.260721684,0,-0.360262513,0,-1.258719206,0
74.02966309,3.008118153,1,-0.481117129,1,-7.578995228,1,-2.049466372,1,-3.791463852,1,2.584358931,1,0.250093371,0,-0.375816464,0,-1.25186801,0
74.03366852,-1.640395522,1,-2.165386915,1,-10.66719341,1,-2.127419472,1,-4.451899529,1,2.7092731,1,0.239256755,0,-0.394539952,0,-1.245144606,0
74.03766632,-10.81584358,1,-3.442317724,1,-12.7779808,1,-2.328180075,1,-4.537635326,1,2.668219566,1,0.227706045,0,-0.414730668,0,-1.238223672,0
74.04166412,-18.47729111,1,-1.574202657,1,-12.87651062,1,-2.489048243,1,-4.431527138,1,2.80850482,1,0.21515277,0,-0.434641123,0,-1.230956793,0
74.04566193,-26.27604294,1,-2.316417933,1,-15.71415138,1,-2.731271505,1,-3.757846832,1,2.858228922,1,0.200835288,0,-0.453102082,0,-1.222391129,0
74.04965973,-30.25974655,1,-0.477157831,1,-17.05638885,1,-2.570393562,1,-3.021245956,1,2.852767229,1,0.185914367,0,-0.468647599,0,-1.212799311,0
74.05366516,-28.05397987,1,1.876271129,1,-13.57923698,1,-2.274930716,1,-2.340487957,1,2.623800278,1,0.171653807,0,-0.481107742,0,-1.20274961,0
74.05766296,-11.64241409,1,-0.760177672,1,-9.604088783,1,-2.158918858,1,-1.914676547,1,2.303701878,1,0.158499852,0,-0.491010457,0,-1.193369389,0
74.06166077,-5.959746361,1,5.771458626,1,-9.910793304,1,-2.071121693,1,-2.009596586,1,2.262811422,1,0.14573209,0,-0.500026107,0,-1.18443203,0
74.06565857,-10.91110134,1,3.855151892,1,-7.961611748,1,-1.908074379,1,-2.223552227,1,2.096495867,1,0.133723781,0,-0.509709477,0,-1.17595315,0
74.06967163,-11.80784225,1,1.03377974,1,-10.63074398,1,-1.82272172,1,-1.976418138,1,1.886384606,1,0.122327738,0,-0.519096732,0,-1.16807735,0
74.07366943,-16.00453949,1,1.068906188,1,-12.73770237,1,-1.691641212,1,-1.638213038,1,1.565643668,1,0.111739069,0,-0.527128696,0,-1.161028504,0
74.07767487,-17.51608276,1,-1.730699062,1,-13.54568863,1,-1.426142573,1,-1.089372039,1,1.203619361,1,0.102710843,0,-0.533180654,0,-1.155430198,0
74.08167267,-15.71982861,1,0.958844841,1,-11.49877834,1,-1.140848756,1,-0.663361788,1,0.958039761,1,0.095162697,0,-0.537014186,0,-1.150801182,0
74.08567047,-12.26834393,1,1.884081125,1,-9.77695179,1,-0.886636794,1,-0.405251533,1,0.721770763,1,0.089295723,0,-0.539429009,0,-1.147164583,0
74.0896759,-8.356871605,1,1.129612207,1,-9.310284615,1,-0.780086696,1,-0.32804361,1,0.567011535,1,0.08447592,0,-0.541052341,0,-1.14430809,0
74.09367371,-8.064761162,1,0.143872336,1,-10.51845646,1,-0.584146857,1,-0.319988966,1,0.387822777,1,0.080690473,0,-0.542512894,0,-1.142220259,0
74.09767151,-10.31090069,1,-1.451766491,1,-10.55120087,1,-0.460844755,1,-0.201974034,1,0.255863577,1,0.077891752,0,-0.543668926,0,-1.140839577,0
74.10166931,-7.081023216,1,-1.604240775,1,-8.198359489,1,-0.373758346,1,-0.157345966,1,0.213547751,1,0.075733818,0,-0.544409037,0,-1.139828563,0
74.10567474,-5.25941515,1,-2.631837606,1,-8.417708397,1,-0.365412444,1,-0.196555868,1,0.21981056,1,0.073755652,0,-0.545179605,0,-1.138866305,0
74.10967255,-6.8289361,1,-2.843319178,1,-9.580147743,1,-0.279974937,1,-0.161205113,1,0.187289387,1,0.071985051,0,-0.545955896,0,-1.137980223,0
74.11367035,-4.688423634,1,-2.978529215,1,-9.028544426,1,-0.250594974,1,-0.163382336,1,0.192192122,1,0.070512727,0,-0.546628118,0,-1.137156963,0
74.11767578,-3.97965765,1,-3.492751598,1,-9.390820503,1,-0.243025482,1,-0.215857461,1,0.231445789,1,0.069031268,0,-0.547456443,0,-1.136220336,0
74.12167358,-4.194972515,1,-3.691638708,1,-9.640258789,1,-0.238831446,1,-0.247247711,1,0.266338468,1,0.067511238,0,-0.548444688,0,-1.135128021,0
74.12567139,-4.057216167,1,-3.795168161,1,-9.093846321,1,-0.251719683,1,-0.298357666,1,0.299916178,1,0.065887898,0,-0.549602211,0,-1.133882046,0
74.12966919,-4.559666157,1,-3.994691849,1,-8.608409882,1,-0.262535214,1,-0.334728271,1,0.319282591,1,0.064141519,0,-0.550951898,0,-1.132524133,0
74.13366699,-5.11138773,1,-3.602330923,1,-8.327544212,1,-0.255740017,1,-0.325231582,1,0.332085222,1,0.062354337,0,-0.552345693,0,-1.13108623,0
74.1376648,-5.620099068,1,-2.643065214,1,-8.495070457,1,-0.247198924,1,-0.314500958,1,0.322790831,1,0.060578279,0,-0.553719044,0,-1.129642606,0
74.14167023,-5.047936916,1,-1.88832128,1,-8.751882553,1,-0.213409752,1,-0.305227697,1,0.294703573,1,0.058948804,0,-0.555014431,0,-1.128277779,0
74.14566803,-4.871926308,1,-1.74634552,1,-9.165707588,1,-0.170264751,1,-0.310632229,1,0.265345126,1,0.057522021,0,-0.55630219,0,-1.127039433,0
74.14966583,-4.864483356,1,-1.893314481,1,-9.077233315,1,-0.142373279,1,-0.317112327,1,0.244017929,1,0.05631559,0,-0.557618022,0,-1.125930429,0
74.15367127,-4.818027973,1,-2.226367235,1,-8.817752838,1,-0.118168943,1,-0.34531799,1,0.23145622,1,0.055264253,0,-0.558994591,0,-1.124922514,0
74.15766907,-5.567598343,1,-2.651099443,1,-8.527583122,1,-0.106536634,1,-0.340655655,1,0.217249587,1,0.054308549,0,-0.560421765,0,-1.123967409,0
74.16166687,-5.323166847,1,-2.790574074,1,-8.374180794,1,-0.100731716,1,-0.332138151,1,0.218974218,1,0.053397503,0,-0.561812043,0,-1.123020053,0
74.16566467,-5.2339468,1,-3.130711794,1,-8.302127838,1,-0.110015176,1,-0.317630053,1,0.215409711,1,0.052476499,0,-0.563163042,0,-1.122076631,0
74.16966248,-5.054293633,1,-3.428262711,1,-8.208457947,1,-0.133505851,1,-0.305929303,1,0.226876855,1,0.051479336,0,-0.564456463,0,-1.121109486,0
74.17366791,-4.95579052,1,-3.666107178,1,-8.241187096,1,-0.163710028,1,-0.304723233,1,0.229061037,1,0.050341249,0,-0.565720081,0,-1.120092273,0
74.17766571,-5.014427185,1,-3.487650156,1,-8.203192711,1,-0.191807315,1,-0.296491265,1,0.231570229,1,0.04907484,0,-0.566971421,0,-1.119068503,0
74.18166351,-4.995951176,1,-2.881706476,1,-8.322618484,1,-0.196992397,1,-0.30128023,1,0.222001672,1,0.047751509,0,-0.568201005,0,-1.118057966,0
74.18566132,-5.049651146,1,-1.896448851,1,-8.608651161,1,-0.17413868,1,-0.303688437,1,0.205321893,1,0.046494711,0,-0.569446087,0,-1.117117524,0
74.18967438,-5.118096352,1,-1.131245971,1,-8.851602554,1,-0.132103309,1,-0.307633936,1,0.181138024,1,0.045423809,0,-0.570712984,0,-1.116279721,0
74.19367218,-4.775961399,1,-1.21299541,1,-8.975688934,1,-0.084081635,1,-0.331124187,1,0.146207377,1,-0.02934503,0,-0.744976997,0,-0.969397724,0
74.19767761,-4.499812126,1,-1.484736919,1,-9.034910202,1,-0.04393737,1,-0.364384323,1,0.122776873,1,-0.030136811,0,-0.746353388,0,-0.968608499,0
74.20167542,-4.789829254,1,-1.609248042,1,-9.004814148,1,-0.007917259,1,-0.397015631,1,0.102684543,1,-0.030713197,0,-0.747867763,0,-0.967924237,0
74.20567322,-4.91788435,1,-1.779885411,1,-8.86763382,1,0.030408625,1,-0.414964885,1,0.086590007,1,-0.031070264,0,-0.749482691,0,-0.967333317,0
74.20967102,-4.762822151,1,-1.945770383,1,-9.005656242,1,0.056641959,1,-0.443316489,1,0.072038181,1,-0.031242028,0,-0.751192987,0,-0.966818213,0
74.21367645,-4.903408527,1,-1.808465838,1,-8.975274086,1,0.092336699,1,-0.467756808,1,0.065023609,1,-0.031262144,0,-0.753006876,0,-0.966360927,0
74.21767426,-4.598659515,1,-1.904563785,1,-8.986848831,1,0.122864306,1,-0.482854933,1,0.058503028,1,-0.031100098,0,-0.754898667,0,-0.965943396,0
74.22167206,-4.783865929,1,-1.969158053,1,-8.853308678,1,0.160696596,1,-0.502604067,1,0.059382096,1,-0.030813819,0,-0.756862998,0,-0.965530038,0
74.22567749,-4.94367981,1,-2.071540356,1,-8.62342453,1,0.19122766,1,-0.513178945,1,0.070570938,1,-0.030407375,0,-0.758889675,0,-0.96509558,0
74.22967529,-4.966738701,1,-2.399298191,1,-8.383793831,1,0.221242234,1,-0.50549382,1,0.087614492,1,-0.029938798,0,-0.760920823,0,-0.964583755,0
74.2336731,-5.016201019,1,-3.237390041,1,-8.116717339,1,0.215941638,1,-0.49143371,1,0.10630542,1,-0.029476665,0,-0.762897253,0,-0.963965654,0
74.2376709,-5.018505573,1,-3.749734163,1,-7.885854244,1,0.206983253,1,-0.477521002,1,0.13345626,1,-0.029152092,0,-0.764823437,0,-0.963214397,0
74.2416687,-5.153651714,1,-4.045332432,1,-7.740401745,1,0.180877194,1,-0.469261348,1,0.164781958,1,-0.028998384,0,-0.766689718,0,-0.962307155,0
74.24567413,-5.329848766,1,-3.366055727,1,-7.636305809,1,0.167926684,1,-0.445508212,1,0.191347405,1,-0.029062496,0,-0.768499911,0,-0.961241901,0
74.24967194,-5.17973423,1,-3.139411688,1,-7.672227859,1,0.189027086,1,-0.418835431,1,0.208519638,1,-0.029162327,0,-0.770203173,0,-0.960069656,0
74.25366974,-4.916357517,1,-3.003313303,1,-7.952621937,1,0.1864364,1,-0.418444932,1,0.227542132,1,-0.029314036,0,-0.771847904,0,-0.958777308,0
74.25766754,-5.111720085,1,-2.528494358,1,-8.231729507,1,0.219826564,1,-0.427922606,1,0.23630996,1,-0.029455302,0,-0.773494244,0,-0.957412899,0
74.26167297,-4.843291759,1,-2.939816475,1,-8.299066544,1,0.165531576,1,-0.454494387,1,0.243635371,1,-0.029663229,0,-0.775223255,0,-0.95598346,0
74.26567078,-5.285092831,1,-1.873707891,1,-8.282716751,1,0.165267095,1,-0.483467877,1,0.230026603,1,-0.030022034,0,-0.77707243,0,-0.954573989,0
74.26966858,-5.180005074,1,-1.939526677,1,-8.375203133,1,0.197516471,1,-0.491445035,1,0.225250021,1,-0.030240659,0,-0.778985858,0,-0.9532215,0
74.27367401,-4.858446121,1,-2.330041885,1,-8.398406982,1,0.172672063,1,-0.510677636,1,0.211954936,1,-0.030438978,0,-0.780970275,0,-0.951896667,0
74.27767181,-4.941892624,1,-2.095495462,1,-8.246134758,1,0.18933259,1,-0.542629063,1,0.189380452,1,-0.030585369,0,-0.783066094,0,-0.950668037,0
74.28166962,-5.087422371,1,-1.844387531,1,-8.237535477,1,0.216114849,1,-0.54704541,1,0.183900267,1,-0.030581936,0,-0.785220981,0,-0.949518085,0
74.28566742,-5.096094131,1,-1.786844254,1,-8.199300766,1,0.239461154,1,-0.564408779,1,0.166646615,1,-0.030438837,0,-0.787415087,0,-0.948435605,0
74.28966522,-5.11375618,1,-1.719968319,1,-8.148663521,1,0.268544883,1,-0.574403465,1,0.145786256,1,-0.030129099,0,-0.789666295,0,-0.947447419,0
74.29367065,-5.228746891,1,-1.642694116,1,-8.086243629,1,0.295782208,1,-0.579087555,1,0.130680755,1,-0.029633109,0,-0.791954696,0,-0.946565509,0
74.29766846,-5.191823483,1,-1.786157489,1,-8.074433327,1,0.32243523,1,-0.586359739,1,0.118680105,1,-0.028956614,0,-0.794269681,0,-0.945765495,0
74.30166626,-5.212581635,1,-2.004680634,1,-7.987754822,1,0.336335361,1,-0.596207857,1,0.102534458,1,-0.02815501,0,-0.796623707,0,-0.945043743,0
74.30566406,-5.335412502,1,-2.169867992,1,-7.876240253,1,0.345304877,1,-0.590572119,1,0.091075748,1,-0.027256938,0,-0.798984885,0,-0.944391549,0
74.30968475,-5.368327141,1,-2.382820368,1,-7.746626377,1,0.347935021,1,-0.597184479,1,0.082519852,1,-0.026290724,0,-0.80135411,0,-0.943804562,0
74.31368256,-5.504784107,1,-2.927523613,1,-7.68708849,1,0.324264139,1,-0.589338303,1,0.08679416,1,-0.025346711,0,-0.803720832,0,-0.943232536,0
74.31768799,-5.387878418,1,-3.08050251,1,-7.498690605,1,0.28011021,1,-0.59048605,1,0.088222466,1,-0.024570867,0,-0.80608356,0,-0.942638636,0
74.32168579,-5.469260693,1,-2.960752964,1,-7.393307209,1,0.268903762,1,-0.585021913,1,0.091593653,1,-0.023918929,0,-0.808428466,0,-0.942035139,0
74.32568359,-5.526354313,1,-2.928400278,1,-7.366147995,1,0.263225496,1,-0.563313603,1,0.101801477,1,-0.023322208,0,-0.810712993,0,-0.94138515,0
74.3296814,-5.528307438,1,-3.103611231,1,-7.280182362,1,0.247593313,1,-0.549383283,1,0.113668524,1,-0.022807727,0,-0.812936187,0,-0.94067055,0
74.33368683,-5.535299778,1,-3.038718224,1,-7.221351147,1,0.230662987,1,-0.535470307,1,0.119985595,1,-0.022390116,0,-0.815090477,0,-0.939918935,0
74.33768463,-5.637293339,1,-2.998454571,1,-7.180487633,1,0.219934419,1,-0.517646194,1,0.126221627,1,-0.022064541,0,-0.81718713,0,-0.939136207,0
74.34168243,-5.674303055,1,-2.930000782,1,-7.20619297,1,0.213251948,1,-0.498667687,1,0.135651395,1,-0.021805523,0,-0.819205046,0,-0.938305259,0
74.34568024,-5.658429623,1,-2.988816738,1,-7.263052464,1,0.205769539,1,-0.479705274,1,0.137494013,1,-0.021581419,0,-0.821147621,0,-0.937448502,0
74.34967804,-5.691915512,1,-3.030944347,1,-7.260527134,1,0.193832114,1,-0.462842643,1,0.144006506,1,-0.021431731,0,-0.823021889,0,-0.936562359,0
74.35368347,-5.757255554,1,-3.048629522,1,-7.231947422,1,0.177446231,1,-0.442959011,1,0.143050864,1,-0.021347774,0,-0.824828744,0,-0.935663164,0
74.35768127,-5.705940247,1,-3.124550819,1,-7.252173424,1,0.161901623,1,-0.427406162,1,0.147743821,1,-0.021349521,0,-0.826559186,0,-0.934734941,0
74.36167908,-5.66217041,1,-3.117835522,1,-7.328816891,1,0.143247589,1,-0.415775448,1,0.154127061,1,-0.021430049,0,-0.828228951,0,-0.933786809,0
74.36567688,-5.552735329,1,-3.020827055,1,-7.397209167,1,0.13382934,1,-0.405709654,1,0.156606913,1,-0.02160413,0,-0.829863966,0,-0.932812691,0
74.36968231,-5.583211899,1,-2.781898975,1,-7.520720959,1,0.127133548,1,-0.395835251,1,0.152064383,1,-0.021810865,0,-0.831450522,0,-0.931842923,0
74.37368012,-5.611731529,1,-2.719385624,1,-7.508705139,1,0.126228333,1,-0.39004305,1,0.154897839,1,-0.022014247,0,-0.83301425,0,-0.930880427,0
74.37767792,-5.692703247,1,-2.682367563,1,-7.522915363,1,0.123257354,1,-0.382857025,1,0.151701614,1,-0.022232966,0,-0.83454299,0,-0.929912329,0
74.38168335,-5.693258762,1,-2.662147999,1,-7.515565872,1,0.124273837,1,-0.380430758,1,0.154961348,1,-0.02244899,0,-0.836050749,0,-0.928959966,0
74.38568115,-5.638870239,1,-2.83836937,1,-7.458001614,1,0.114514835,1,-0.374431252,1,0.151709974,1,-0.022693356,0,-0.837548435,0,-0.927983701,0
74.38967896,-5.621988773,1,-2.918846846,1,-7.500471592,1,0.105873041,1,-0.369819969,1,0.157833278,1,-0.022985131,0,-0.83902216,0,-0.926993728,0
74.39367676,-5.52858448,1,-2.987783432,1,-7.533360958,1,0.09277346,1,-0.361817092,1,0.165385783,1,-0.023352252,0,-0.840472519,0,-0.925974965,0
74.39767456,-5.566082001,1,-2.869162321,1,-7.502842903,1,0.083461739,1,-0.373884916,1,0.168656394,1,-0.023797762,0,-0.841918886,0,-0.924905896,0
74.40167999,-5.556186676,1,-2.961634636,1,-7.588348389,1,0.069177374,1,-0.371277601,1,0.181709424,1,-0.024309214,0,-0.843399704,0,-0.923800588,0
74.4056778,-5.58113718,1,-3.108379841,1,-7.406133175,1,0.050010841,1,-0.380575746,1,0.186029345,1,-0.024937693,0,-0.844888508,0,-0.922629237,0
74.4096756,-5.644194126,1,-3.16961503,1,-7.502549171,1,0.032414127,1,-0.377598017,1,0.196322799,1,-0.025678191,0,-0.846385598,0,-0.921420574,0
74.4136734,-5.57341671,1,-3.078468561,1,-7.514949799,1,0.026095752,1,-0.382761836,1,0.216267407,1,-0.026537538,0,-0.847872734,0,-0.920114458,0
74.41767883,-5.566845894,1,-3.077599525,1,-7.501573086,1,0.018358273,1,-0.375796705,1,0.23006314,1,-0.027502475,0,-0.849365056,0,-0.918704629,0
74.42167664,-5.591962814,1,-3.10428381,1,-7.497237206,1,0.009210861,1,-0.384095162,1,0.243498057,1,-0.028570075,0,-0.850855768,0,-0.917195678,0
74.42567444,-5.612748146,1,-3.150336027,1,-7.521324158,1,0.005243751,1,-0.386727661,1,0.257348686,1,-0.029741134,0,-0.852355242,0,-0.915602922,0
74.42967987,-5.620639801,1,-3.142166138,1,-7.586402416,1,-0.009091892,1,-0.389826208,1,0.276147664,1,-0.031009361,0,-0.853872895,0,-0.913919687,0
74.4336853,-5.651298523,1,-3.170341253,1,-7.586381435,1,-0.027367204,1,-0.397639483,1,0.288333118,1,-0.032434709,0,-0.855412662,0,-0.912127733,0
74.43768311,-5.549781322,1,-3.041465521,1,-7.640217304,1,-0.035166156,1,-0.408072412,1,0.298852116,1,-0.033975124,0,-0.856984854,0,-0.910262346,0
74.44168854,-5.548178673,1,-3.130675316,1,-7.643498898,1,-0.041765466,1,-0.417060375,1,0.313799322,1,0.119406968,0,-0.775354683,0,-1.378291011,0
74.44568634,-5.544559002,1,-3.201502562,1,-7.698580742,1,-0.052114021,1,-0.431355596,1,0.328826964,1,0.117715985,0,-0.775883555,0,-1.396684408,0
74.44968414,-5.497951031,1,-3.371866941,1,-7.74213028,1,-0.072374903,1,-0.458161026,1,0.352576345,1,0.116335198,0,-0.777805209,0,-1.395079136,0
74.45368958,-5.479441643,1,-3.527760029,1,-7.715953827,1,-0.095283017,1,-0.479019105,1,0.36535871,1,0.114800595,0,-0.779828668,0,-1.393373609,0
74.45768738,-5.471018314,1,-3.535242081,1,-7.715071201,1,-0.120415211,1,-0.499733657,1,0.391352892,1,0.113092288,0,-0.781942248,0,-1.391566634,0
74.46168518,-5.483286381,1,-3.43845439,1,-7.690966129,1,-0.133428738,1,-0.519855917,1,0.412338942,1,0.111212723,0,-0.784159064,0,-1.389632225,0
74.46568298,-5.514964104,1,-3.31970787,1,-7.649097919,1,-0.156212777,1,-0.538856626,1,0.438841671,1,0.109175004,0,-0.786452413,0,-1.387569666,0
74.46968079,-5.524470329,1,-3.19513917,1,-7.60346508,1,-0.171312034,1,-0.559179306,1,0.44881767,1,0.106978036,0,-0.788814902,0,-1.385410786,0
74.47368622,-5.650670528,1,-3.024796724,1,-7.619999409,1,-0.196090847,1,-0.582201779,1,0.459914386,1,0.104648739,0,-0.791269779,0,-1.383180618,0
74.47768402,-5.659213543,1,-2.82790184,1,-7.636556149,1,-0.20712094,1,-0.59927088,1,0.464184254,1,0.102235675,0,-0.793808341,0,-1.380913854,0
74.48168182,-5.656722069,1,-2.814442873,1,-7.85865593,1,-0.224154308,1,-0.623937428,1,0.46454075,1,0.099740773,0,-0.796431422,0,-1.37862134,0
74.48567963,-5.597556591,1,-2.971631527,1,-8.27472496,1,-0.240681842,1,-0.652110457,1,0.469152659,1,0.097166277,0,-0.799148202,0,-1.376314878,0
74.48968506,-5.515825272,1,-2.765377045,1,-8.435497284,1,-0.26918155,1,-0.695921659,1,0.480992615,1,0.094462439,0,-0.802009463,0,-1.373976946,0
74.49368286,-5.551207066,1,-2.980659008,1,-8.620110512,1,-0.286407471,1,-0.739881992,1,0.486063838,1,0.091617301,0,-0.805046141,0,-1.371578455,0
74.49768066,-5.295464516,1,-2.953443766,1,-8.576553345,1,-0.298933148,1,-0.799499989,1,0.496336728,1,0.088689029,0,-0.808291912,0,-1.369144797,0
74.5016861,-5.534343243,1,-3.038777113,1,-8.74579525,1,-0.30049777,1,-0.861623585,1,0.521335363,1,0.085659184,0,-0.811785519,0,-1.366615772,0
74.5056839,-5.326655865,1,-3.176948547,1,-8.801813126,1,-0.311468005,1,-0.925801635,1,0.540851593,1,0.082505316,0,-0.815520942,0,-1.363969445,0
74.5096817,-5.303593159,1,-3.165488005,1,-8.898654938,1,-0.323679537,1,-1.000115633,1,0.570246875,1,0.079204112,0,-0.819534302,0,-1.361186743,0
74.5136795,-5.372218609,1,-3.103974104,1,-9.050429344,1,-0.334430397,1,-1.072757125,1,0.59249562,1,0.075744279,0,-0.823847175,0,-1.358264446,0
74.51767731,-5.317290306,1,-2.981709003,1,-9.087647438,1,-0.353028834,1,-1.154595017,1,0.615314603,1,0.072109848,0,-0.828464389,0,-1.355188131,0
74.52168274,-5.45959568,1,-2.799655914,1,-9.226521492,1,-0.364010215,1,-1.235895276,1,0.641757429,1,0.068301991,0,-0.833415866,0,-1.351960063,0
74.52568054,-5.505853653,1,-2.998198271,1,-9.304709435,1,-0.396634579,1,-1.318593025,1,0.670507312,1,0.064239383,0,-0.838695168,0,-1.348545194,0
74.52967835,-5.114168167,1,-2.871991396,1,-9.199741364,1,-0.424103349,1,-1.41724062,1,0.695122004,1,0.059933033,0,-0.844318748,0,-1.344971418,0
74.53367615,-5.249870777,1,-2.804464817,1,-9.285002708,1,-0.444283634,1,-1.521475554,1,0.715995669,1,0.055393945,0,-0.850350618,0,-1.341228724,0
74.53768158,-5.171913624,1,-2.695287943,1,-9.399664879,1,-0.452485412,1,-1.628529787,1,0.744278312,1,0.050635405,0,-0.856798828,0,-1.337300658,0
74.54167938,-5.219007969,1,-2.743944645,1,-9.54087162,1,-0.460957944,1,-1.740145445,1,0.775630713,1,0.045655649,0,-0.86367017,0,-1.333149195,0
74.54567719,-5.355863571,1,-2.909131289,1,-9.581925392,1,-0.472315192,1,-1.859753966,1,0.817050099,1,0.040407572,0,-0.87100023,0,-1.328710556,0
74.54968262,-5.118830681,1,-2.935028315,1,-9.522583008,1,-0.486363351,1,-1.981455564,1,0.860840201,1,0.034798365,0,-0.878801167,0,-1.323908806,0
74.55368805,-5.06842041,1,-3.080212593,1,-9.604207039,1,-0.490515947,1,-2.1224792,1,0.915879309,1,0.028828721,0,-0.887110293,0,-1.318718076,0
74.55768585,-5.010723591,1,-3.247215748,1,-9.80053997,1,-0.482222378,1,-2.257214069,1,0.966440201,1,0.022506831,0,-0.895956099,0,-1.313091397,0
74.56169128,-4.621081352,1,-3.370287418,1,-10.14820671,1,-0.483784407,1,-2.411990404,1,1.027907968,1,0.015752485,0,-0.905365407,0,-1.30694294,0
74.56568909,-4.544458866,1,-3.355785847,1,-10.5220499,1,-0.47568953,1,-2.58719039,1,1.097909331,1,0.008537503,0,-0.915415406,0,-1.3002249,0
74.56968689,-4.570056915,1,-3.508319616,1,-10.89115906,1,-0.479746968,1,-2.783080339,1,1.178781867,1,0.000720089,0,-0.926172733,0,-1.292798638,0
74.57369232,-4.862683296,1,-3.948028088,1,-11.27667236,1,-0.484324247,1,-2.979310274,1,1.270386338,1,-0.0078583,0,-0.937670052,0,-1.284520864,0
74.57769013,-4.536186695,1,-4.395155907,1,-11.44314098,1,-0.479360878,1,-3.203022242,1,1.382847786,1,-0.017320536,0,-0.94997108,0,-1.275215626,0
74.58168793,-4.175014496,1,-5.13743782,1,-11.53154564,1,-0.467824817,1,-3.476141691,1,1.51981163,1,-0.02786658,0,-0.963197768,0,-1.26463747,0
74.58568573,-3.951787233,1,-6.137996674,1,-11.60171413,1,-0.471075535,1,-3.752722025,1,1.689826131,1,-0.039793279,0,-0.977428675,0,-1.252433181,0
74.58968353,-4.007696152,1,-7.675242901,1,-11.84053898,1,-0.505645454,1,-4.051121235,1,1.889533043,1,-0.053610031,0,-0.992678761,0,-1.238180637,0
74.59368897,-4.687631607,1,-9.625139236,1,-11.92828941,1,-0.588834941,1,-4.316726685,1,2.139159918,1,-0.069957204,0,-1.008892179,0,-1.221362472,0
74.59768677,-5.004552841,1,-11.01137447,1,-12.10541534,1,-0.679598153,1,-4.560866833,1,2.369244814,1,-0.089276724,0,-1.025878668,0,-1.20162642,0
74.60168457,-4.684902668,1,-11.70942497,1,-12.18739128,1,-0.834974647,1,-4.813303947,1,2.658714533,1,-0.112276964,0,-1.043517351,0,-1.178377628,0
74.60568237,-5.091273785,1,-11.09124756,1,-11.72271919,1,-0.988080084,1,-5.074777603,1,2.946380615,1,-0.139782056,0,-1.061720729,0,-1.150920391,0
74.60968781,-6.122427464,1,-12.34370136,1,-11.70506001,1,-1.174131155,1,-5.305167675,1,3.221533775,1,-0.172349736,0,-1.080324292,0,-1.118753433,0
74.61368561,-6.597414017,1,-12.2218256,1,-11.72934723,1,-1.358228564,1,-5.511612415,1,3.535589933,1,-0.21069172,0,-1.099010944,0,-1.081202388,0
74.61768341,-7.434891701,1,-13.57315063,1,-12.23424816,1,-1.598181129,1,-5.667054653,1,3.863790274,1,-0.255834788,0,-1.117349267,0,-1.037359715,0
74.62168121,-8.91079998,1,-14.40810966,1,-12.92933178,1,-1.868778467,1,-5.720896721,1,4.155965805,1,-0.308399379,0,-1.134765506,0,-0.986803532,0
74.62567902,-8.676673889,1,-12.93081474,1,-13.43973732,1,-2.086690664,1,-5.807309628,1,4.420960903,1,-0.368601203,0,-1.150812268,0,-0.929347575,0
74.62968445,-8.8499403,1,-9.774888992,1,-14.61785412,1,-2.221202612,1,-5.935838223,1,4.642708778,1,-0.436400712,0,-1.165299296,0,-0.864776373,0
74.63368225,-13.56773663,1,-6.855003834,1,-15.71154499,1,-2.199354172,1,-5.977648258,1,4.735927582,1,-0.510733426,0,-1.177999139,0,-0.793732405,0
74.63768005,-15.31512165,1,-5.521568298,1,-15.58832836,1,-2.16844058,1,-5.878847599,1,4.875573635,1,-0.589929521,0,-1.188180923,0,-0.717609823,0
74.64168549,-14.94625854,1,-6.910476685,1,-15.49767494,1,-2.237444878,1,-5.834647655,1,4.996402264,1,-0.673534989,0,-1.195418596,0,-0.637088537,0
74.64568329,-16.66135788,1,-6.873364925,1,-15.35711956,1,-2.284381628,1,-5.723443985,1,4.983550072,1,-0.759983242,0,-1.199710011,0,-0.554002762,0
74.64968109,-18.7679882,1,-7.94367075,1,-14.8824358,1,-2.304191828,1,-5.524413109,1,4.876803875,1,-0.846116662,0,-1.201200366,0,-0.471413195,0
74.65367889,-17.41831398,1,-7.960663795,1,-13.8571434,1,-2.359393835,1,-5.434818745,1,4.821139336,1,-0.9306916,0,-1.199912786,0,-0.390692711,0
74.65768433,-18.5370636,1,-6.925970078,1,-14.55272198,1,-2.351242781,1,-5.285441399,1,4.68853569,1,-1.012917519,0,-1.196299314,0,-0.312551558,0
74.66168213,-19.57988739,1,-7.177514553,1,-14.36166,1,-2.269957542,1,-5.088624477,1,4.541657448,1,-1.090757608,0,-1.190584064,0,-0.238774598,0
74.66567993,-18.73431969,1,-7.717627525,1,-13.52840233,1,-2.254092455,1,-4.893435001,1,4.538174629,1,-1.163686752,0,-1.182736397,0,-0.169855878,0
74.66968536,-16.4264164,1,-8.597934723,1,-11.95450115,1,-2.239293337,1,-4.753942013,1,4.486162186,1,-1.231847644,0,-1.172950387,0,-0.105804682,0
74.6736908,-16.39446259,1,-8.345320702,1,-12.2302599,1,-2.294095039,1,-4.61802721,1,4.351019382,1,-1.29531157,0,-1.161711812,0,-0.046642836,0
74.6776886,-15.36638546,1,-8.069800377,1,-10.0165081,1,-2.348441124,1,-4.482365131,1,4.23129797,1,-1.354149938,0,-1.149576545,0,0.007516289,0
74.68169403,-12.5955267,1,-8.743039131,1,-9.136734009,1,-2.525077581,1,-4.236397266,1,4.304307461,1,-1.408556223,0,-1.136095762,0,0.056625795,0
74.68569183,-9.841126442,1,-8.162264824,1,-7.718636036,1,-2.699994087,1,-3.946280241,1,4.231706619,1,-1.45821178,0,-1.121403575,0,0.100004904,0
74.68968964,-6.633476257,1,-7.11641264,1,-7.801008701,1,-2.897344351,1,-3.631772757,1,4.07809639,1,-1.503192544,0,-1.106195569,0,0.137637183,0
74.69368744,-5.977035046,1,-6.715788364,1,-7.683438778,1,-3.041896343,1,-3.328252316,1,3.923781872,1,-1.543771744,0,-1.090892196,0,0.169847041,0
74.69768524,-6.166436672,1,-5.400850773,1,-8.528800964,1,-3.114274025,1,-3.020588636,1,3.791249037,1,-1.578055739,0,-1.075684786,0,0.162068948,0
74.70169067,-9.312107086,1,-3.89171958,1,-8.137521744,1,-2.964629889,1,-2.81217432,1,3.421349525,1,-1.610714912,0,-1.060937166,0,0.185399696,0
74.70568848,-22.4177494,1,-1.918832541,1,-11.06729698,1,-2.504389524,1,-2.437750578,1,2.730730057,1,-1.63926816,0,-1.048003793,0,0.205527961,0
74.70968628,-34.49424362,1,-1.260747671,1,-16.15261269,1,-1.87388432,1,-1.568774343,1,2.028457165,1,-1.660631061,0,-1.037905335,0,0.220171958,0
74.71368408,-26.43811226,1,-4.905952454,1,-17.09945107,1,-1.602612734,1,-0.521927297,1,1.38726747,1,-1.673325062,0,-1.030726552,0,0.226946533,0
74.71768951,-13.47826481,1,-6.690741062,1,-14.23181057,1,-1.488485456,1,0.205936372,1,0.883575499,1,-1.679561496,0,-1.026178479,0,0.227042556,0
74.72168732,-6.889054775,1,-9.09373188,1,-11.32241154,1,-1.402859807,1,0.58118093,1,0.447956771,1,-1.682211637,0,-1.023731828,0,0.223362699,0
74.72568512,-6.479070663,1,-10.08798981,1,-10.36764812,1,-1.34402132,1,0.858884096,1,0.062995486,1,-1.682791471,0,-1.023063064,0,0.217636466,0
74.72969055,-7.128774166,1,-10.31050873,1,-10.36267662,1,-1.405259252,1,1.12551868,1,-0.232326418,1,-1.681864977,0,-1.023857832,0,0.210142359,0
74.73368835,-6.031301498,1,-9.836351395,1,-9.988823891,1,-1.560520887,1,1.357025862,1,-0.457318515,1,-1.679894686,0,-1.02579689,0,0.200907648,0
74.73768616,-3.864452839,1,-9.208713531,1,-8.969985008,1,-1.727046847,1,1.502402425,1,-0.622324944,1,-1.677411079,0,-1.028571606,0,0.190319374,0
74.74168396,-2.182588577,1,-8.355985641,1,-7.784742832,1,-1.824979067,1,1.565072775,1,-0.759239793,1,-1.67483592,0,-1.03197217,0,0.179005891,0
74.74568176,-0.911777556,1,-7.586462975,1,-6.895749092,1,-1.862565994,1,1.614268541,1,-0.872659564,1,-1.672157764,0,-1.035878897,0,0.16730319,0
74.7496872,0.227675319,1,-6.703372955,1,-6.375500679,1,-1.867055893,1,1.651067734,1,-0.966398776,1,-1.669206738,0,-1.040191174,0,0.155217454,0
74.753685,0.83296144,1,-5.634386063,1,-6.206442833,1,-1.832761288,1,1.671805024,1,-1.055036902,1,-1.665927052,0,-1.04486239,0,0.14284496,0
74.7576828,0.854195952,1,-4.96417141,1,-6.099620342,1,-1.77799499,1,1.679390311,1,-1.130700231,1,-1.662295699,0,-1.049838424,0,0.130311117,0
74.7616806,0.851588964,1,-4.50326395,1,-5.955448151,1,-1.686697364,1,1.704103351,1,-1.202381015,1,-1.658147454,0,-1.055086136,0,0.117559321,0
74.76568604,1.079986691,1,-4.230125904,1,-5.698174953,1,-1.581314206,1,1.74164331,1,-1.268526793,1,-1.653226376,0,-1.060584903,0,0.104406625,0
74.76968384,1.199012518,1,-4.099802494,1,-5.50520134,1,-1.472586751,1,1.793947101,1,-1.314080596,1,-1.647388458,0,-1.066289663,0,0.090740658,0
74.77368164,1.206361651,1,-4.088314533,1,-5.435174465,1,-1.369470119,1,1.857879043,1,-1.359901428,1,-1.640511155,0,-1.07215786,0,0.076412871,0
74.77768707,0.983652234,1,-4.175542355,1,-5.454236507,1,-1.273108244,1,1.943668365,1,-1.401770353,1,-1.632415652,0,-1.078167081,0,0.061206538,0
74.78168488,0.790583074,1,-4.276765823,1,-5.407158852,1,-1.180873036,1,2.050119877,1,-1.439379692,1,-1.622962117,0,-1.084295988,0,0.044928238,0
74.78568268,0.398849428,1,-4.393248558,1,-5.424109936,1,-1.118212581,1,2.169752836,1,-1.466150641,1,-1.612007141,0,-1.090497851,0,0.027368871,0
74.78968811,0.178345188,1,-4.501259327,1,-5.377058029,1,-1.062058926,1,2.313958168,1,-1.507603884,1,-1.59944725,0,-1.096765041,0,0.008327671,0
74.79369354,-0.245266587,1,-4.505880833,1,-5.435114861,1,-1.017990708,1,2.468025684,1,-1.536808729,1,-1.585095882,0,-1.103046417,0,-0.012444049,0
74.79769135,-0.491807967,1,-4.461779594,1,-5.415965557,1,-0.970135033,1,2.62854743,1,-1.575731754,1,-1.568816066,0,-1.109335184,0,-0.035096388,0
74.80168915,-0.670695841,1,-4.312947273,1,-5.493941307,1,-0.926027954,1,2.803057194,1,-1.620111704,1,-1.550440788,0,-1.115608811,0,-0.059822112,0
74.80568695,-0.799163282,1,-4.21064806,1,-5.462982178,1,-0.871281683,1,2.980813026,1,-1.668265224,1,-1.529804945,0,-1.121830821,0,-0.086746916,0
74.80970001,-0.962896228,1,-4.054769516,1,-5.58699131,1,-0.812145948,1,3.144798279,1,-1.719476819,1,-1.506811857,0,-1.12795341,0,-0.115961745,0
74.81369019,-1.235924959,1,-3.960079908,1,-5.621888161,1,-0.740267098,1,3.319274426,1,-1.777508736,1,-1.481394053,0,-1.133931041,0,-0.147490248,0
74.81768799,-1.514558792,1,-3.902920961,1,-5.673155785,1,-0.668967783,1,3.489569426,1,-1.829827905,1,-1.453369379,0,-1.139696836,0,-0.181481019,0
74.82168579,-1.682984591,1,-3.788158178,1,-5.702638149,1,-0.583568513,1,3.640473366,1,-1.889956474,1,-1.422750235,0,-1.145183206,0,-0.217890427,0
74.82569885,-1.895275354,1,-3.726858616,1,-5.749753475,1,-0.493314445,1,3.795352459,1,-1.950835466,1,-1.389516711,0,-1.150322914,0,-0.256698906,0
74.82969666,-2.027087212,1,-3.680864811,1,-5.766625404,1,-0.409366101,1,3.936038017,1,-2.010733604,1,-1.353672624,0,-1.155038834,0,-0.297900587,0
74.83368683,-2.275062323,1,-3.671239138,1,-5.851153374,1,-0.32046625,1,4.068806648,1,-2.087460041,1,-1.315312028,0,-1.159255266,0,-0.341380835,0
74.83769989,-2.482835293,1,-3.700725555,1,-5.892438889,1,-0.229131088,1,4.199662685,1,-2.15161705,1,-1.274444938,0,-1.162909508,0,-0.387137622,0
74.84169769,-2.780008078,1,-3.761532784,1,-5.91300106,1,-0.145789504,1,4.32240963,1,-2.223047733,1,-1.231238365,0,-1.165895581,0,-0.434991479,0
74.8456955,-3.114447832,1,-3.860035658,1,-6.016406059,1,-0.065462686,1,4.450606346,1,-2.290123701,1,-1.185765982,0,-1.168118358,0,-0.4848876,0
74.8496933,-3.561981201,1,-3.863506079,1,-6.06030941,1,0.021680925,1,4.576190472,1,-2.357996464,1,-1.138207078,0,-1.169482827,0,-0.536662281,0
74.8536911,-3.921089888,1,-3.834568262,1,-6.108624458,1,0.09796086,1,4.704179764,1,-2.4304564,1,-1.088703513,0,-1.169883966,0,-0.590179026,0
74.85769653,-4.079849243,1,-3.786832333,1,-6.195537567,1,0.180368602,1,4.826659679,1,-2.508923292,1,-1.037542343,0,-1.169249296,0,-0.645143807,0
74.86169434,-4.241007805,1,-3.694429636,1,-6.229279995,1,0.254145324,1,4.934312344,1,-2.581518888,1,-0.985102415,0,-1.167508364,0,-0.701188624,0
74.86569214,-4.440719604,1,-3.647192478,1,-6.219316959,1,0.334530205,1,5.038595676,1,-2.663145542,1,-0.931740046,0,-1.164631605,0,-0.757964551,0
74.86968994,-4.571345806,1,-3.629981995,1,-6.211389542,1,0.403757095,1,5.126827717,1,-2.732172728,1,-0.877887726,0,-1.160550833,0,-0.815023661,0
74.87369537,-4.727296829,1,-3.566065311,1,-6.204558372,1,0.482818633,1,5.202312469,1,-2.800441504,1,-0.823983192,0,-1.155261159,0,-0.87193048,0
74.87769318,-4.824578285,1,-3.573834181,1,-6.191264153,1,0.556286633,1,5.278235912,1,-2.864669085,1,-0.770430565,0,-1.148711681,0,-0.928279817,0
74.88169098,-4.854712009,1,-3.607686758,1,-6.203757763,1,0.620093822,1,5.332921982,1,-2.921876669,1,-0.717608392,0,-1.14093709,0,-0.98370707,0
74.88569641,-4.843826294,1,-3.68726325,1,-6.191367626,1,0.684446633,1,5.382996559,1,-2.979938984,1,-0.665909111,0,-1.131964445,0,-1.037820458,0
74.88969421,-4.897695065,1,-3.754011393,1,-6.216611385,1,0.738976359,1,5.408225536,1,-3.019120455,1,-0.615696132,0,-1.12183404,0,-1.090264201,0
74.89369202,-5.014242649,1,-3.856509209,1,-6.235093117,1,0.795463026,1,5.428771019,1,-3.053097486,1,-0.567254543,0,-1.110615611,0,-1.140759706,0
74.89768982,-5.119591713,1,-3.88908577,1,-6.30296278,1,0.849651933,1,5.438554764,1,-3.081042528,1,-0.520749211,0,-1.098366022,0,-1.189147234,0
74.90168762,-5.235843182,1,-3.877930403,1,-6.35725069,1,0.904369473,1,5.443213463,1,-3.101258278,1,-0.476314127,0,-1.085163951,0,-1.235276461,0
74.90569305,-5.417901993,1,-3.904885054,1,-6.426545143,1,0.955254972,1,5.436870575,1,-3.113894224,1,-0.433974743,0,-1.071073532,0,-1.279110074,0
74.90969849,-5.54264307,1,-3.922502279,1,-6.493401527,1,1.01306653,1,5.426342487,1,-3.12394309,1,-0.393754512,0,-1.056193113,0,-1.320612907,0
74.91370392,-5.730973721,1,-3.929631233,1,-6.669756413,1,1.075212836,1,5.403712273,1,-3.129939318,1,-0.355586439,0,-1.040616155,0,-1.359835029,0
74.91770172,-5.868416786,1,-3.939437866,1,-6.802958965,1,1.135887504,1,5.376223087,1,-3.131875038,1,-0.31942305,0,-1.02442205,0,-1.396811008,0
74.92169952,-6.086255074,1,-3.941897154,1,-6.977080822,1,1.207086682,1,5.339276314,1,-3.133485794,1,-0.285120666,0,-1.007693768,0,-1.431648135,0
74.92569733,-6.375478268,1,-4.018147469,1,-7.252840996,1,1.280448794,1,5.309751034,1,-3.133725643,1,-0.252565742,0,-0.990483582,0,-1.464439869,0
74.92970276,-6.683810234,1,-4.129817009,1,-7.501083851,1,1.360214114,1,5.270384789,1,-3.136410952,1,-0.221616983,0,-0.972861707,0,-1.495320916,0
74.93370056,-6.972373486,1,-4.313838482,1,-7.734358311,1,1.433482885,1,5.231328964,1,-3.138892651,1,-0.192114502,0,-0.95488441,0,-1.524431109,0
74.93769836,-7.311265469,1,-4.518529415,1,-8.044906616,1,1.504198313,1,5.188817978,1,-3.145336628,1,-0.163981169,0,-0.936590254,0,-1.551872253,0
74.94169617,-7.622860432,1,-4.736307144,1,-8.315324783,1,1.565013289,1,5.145608425,1,-3.154701948,1,-0.137095839,0,-0.918046594,0,-1.577805758,0
74.9457016,-7.951665401,1,-5.158983231,1,-8.715091705,1,1.620658398,1,5.101651669,1,-3.169461727,1,-0.116452612,0,-0.89625901,0,-1.617298365,0
74.9496994,-8.468736649,1,-5.500891685,1,-9.051808357,1,1.666056275,1,5.060534477,1,-3.188406706,1,-0.091791734,0,-0.877365112,0,-1.640640855,0
74.95369721,-9.068598747,1,-5.903036594,1,-9.400493622,1,1.720719695,1,5.023216724,1,-3.211836576,1,-0.068049967,0,-0.858275771,0,-1.662878156,0
74.95770264,-9.873714447,1,-6.380682945,1,-9.877206802,1,1.767728806,1,4.986143589,1,-3.250816584,1,-0.045134861,0,-0.839014828,0,-1.684108734,0
74.96170044,-11.02267265,1,-7.003704548,1,-10.4001894,1,1.812059402,1,4.967162132,1,-3.300827742,1,-0.022924699,0,-0.819562316,0,-1.704503298,0
74.96569824,-12.27127457,1,-7.713418007,1,-10.90227032,1,1.856395125,1,4.962715149,1,-3.371828079,1,-0.001322351,0,-0.799854636,0,-1.724199057,0
74.96969605,-13.68599987,1,-8.329883575,1,-11.5349865,1,1.876395106,1,4.96600008,1,-3.466410637,1,0.019752057,0,-0.779864788,0,-1.743366838,0
74.97369385,-15.12815666,1,-8.964765549,1,-12.17302036,1,1.876308918,1,4.976138115,1,-3.598095417,1,0.0403683,0,-0.759569466,0,-1.762196064,0
74.97769165,-16.58734131,1,-9.552103043,1,-12.79815769,1,1.862635016,1,4.986581326,1,-3.765870333,1,0.060586523,0,-0.738929987,0,-1.780897617,0
74.98169708,-18.04983711,1,-9.886042595,1,-13.35050011,1,1.841781855,1,4.994565964,1,-3.964607954,1,0.08049538,0,-0.717921734,0,-1.79966414,0
74.98569489,-19.7595787,1,-9.957249641,1,-13.73230362,1,1.81976366,1,5.004395008,1,-4.205275536,1,0.10017176,0,-0.696534872,0,-1.818678856,0
74.98969269,-21.5349884,1,-8.919951439,1,-13.6458807,1,1.807479143,1,5.009277344,1,-4.505186081,1,0.119766474,0,-0.67472297,0,-1.838182926,0
74.99369812,-21.77730179,1,-4.605902195,1,-14.218997,1,1.848656297,1,4.950145721,1,-4.900996208,1,0.139603734,0,-0.652510762,0,-1.858562112,0
74.99769592,-22.70046806,1,-4.761361122,1,-14.10737991,1,1.92335248,1,4.872590542,1,-5.286222935,1,0.159997612,0,-0.630060077,0,-1.880039215,0
75.00169373,-24.91610336,1,-5.607191086,1,-13.22834969,1,2.000968218,1,4.854361057,1,-5.643484116,1,0.180855364,0,-0.607164383,0,-1.90245831,0
75.00569153,-26.08413887,1,-3.927598476,1,-12.86286449,1,2.076644182,1,4.743768215,1,-5.929267883,1,0.201940358,0,-0.5838781,0,-1.92549932,0
75.00968933,-26.94339371,1,-2.223163128,1,-12.71583748,1,2.141470909,1,4.548388004,1,-6.166674137,1,0.223081812,0,-0.56060338,0,-1.948983431,0
75.01369476,-28.27554703,1,-0.842242837,1,-11.44106483,1,2.251493692,1,4.3774786,1,-6.363152027,1,0.244239837,0,-0.537440121,0,-1.972727656,0
75.01769257,-30.03528595,1,0.136250451,1,-9.451778412,1,2.405495644,1,4.22620821,1,-6.508863449,1,0.265513062,0,-0.514304698,0,-1.996536732,0
75.02169037,-31.44036484,1,-0.038196065,1,-7.455982685,1,2.511899948,1,4.056300163,1,-6.578698158,1,0.286737919,0,-0.491214931,0,-2.020133257,0
75.02568817,-31.96546364,1,-0.413424015,1,-5.437917233,1,2.5162673,1,3.853131771,1,-6.579170704,1,0.307512999,0,-0.468356371,0,-2.043287039,0
75.02970123,-32.08238983,1,-0.953257799,1,-3.38522315,1,2.416924238,1,3.584383965,1,-6.479168892,1,0.3273229,0,-0.446042478,0,-2.065768957,0
75.03369904,-31.6015625,1,-1.286346674,1,-1.430135369,1,2.248797894,1,3.2603755,1,-6.272834778,1,0.345766366,0,-0.424674779,0,-2.087351799,0
75.03770447,-31.23992538,1,-0.449088514,1,0.170186386,1,2.07183075,1,2.895713091,1,-5.985838413,1,0.36265561,0,-0.404617488,0,-2.107837439,0
75.04170227,-30.54395485,1,1.362510085,1,1.691295385,1,1.939887285,1,2.518510818,1,-5.636030674,1,0.378072202,0,-0.38609165,0,-2.127080202,0
75.04570007,-29.98733902,1,4.945000172,1,2.804105759,1,1.922029495,1,2.106232643,1,-5.262050629,1,0.392400682,0,-0.369330138,0,-2.145068884,0
75.04969788,-30.3884449,1,8.945817947,1,3.678715706,1,2.038472414,1,1.717670679,1,-4.891665459,1,0.406242251,0,-0.354403079,0,-2.161890507,0
75.05370331,-31.51313019,1,12.59100723,1,4.469410896,1,2.309428692,1,1.366435647,1,-4.536146641,1,0.420279205,0,-0.341189682,0,-2.17762661,0
75.05770111,-32.50538254,1,15.04982853,1,5.085138321,1,2.669883728,1,1.059849024,1,-4.186094284,1,0.435065627,0,-0.329542309,0,-2.192315817,0
75.06169891,-32.76985931,1,16.34451866,1,5.55880928,1,3.04581666,1,0.771844506,1,-3.826999187,1,0.450852841,0,-0.319367349,0,-2.205941677,0
75.06570435,-32.18177032,1,16.38694572,1,5.902074337,1,3.346923351,1,0.483943611,1,-3.43155694,1,0.467541754,0,-0.310673028,0,-2.218473911,0
75.06970215,-31.19971085,1,15.16444778,1,6.088634968,1,3.510401011,1,0.193071932,1,-3.016165972,1,0.484722733,0,-0.303547114,0,-2.229854345,0
75.07369995,-30.94802856,1,13.25298786,1,6.280988216,1,3.510696411,1,-0.064490408,1,-2.584993839,1,0.501832187,0,-0.298017114,0,-2.240070105,0
75.07769775,-30.85639572,1,10.354743,1,6.325018406,1,3.284197569,1,-0.274758518,1,-2.153185606,1,0.518115282,0,-0.294000506,0,-2.249074221,0
75.08169556,-29.92827415,1,6.522853374,1,6.174854279,1,2.766106129,1,-0.483067632,1,-1.677848339,1,0.532502294,0,-0.291462332,0,-2.256804466,0
75.08569336,-29.07240105,1,3.301244497,1,6.033411026,1,2.042375565,1,-0.668993473,1,-1.170641065,1,0.543991566,0,-0.290518224,0,-2.263168573,0
75.08969879,-27.43206978,1,0.277786732,1,5.060863972,1,1.207127333,1,-0.829947829,1,-0.613554895,1,0.551897705,0,-0.291202605,0,-2.267969608,0
75.09369659,-4.227478504,1,-18.00402451,1,0.637055278,1,-0.698854268,1,-1.595017076,1,0.395858288,1,0.554115236,0,-0.294799805,0,-2.271014929,0
75.0976944,-41.71004486,1,2.799879313,1,5.513936996,1,-1.516304612,1,-3.058788061,1,1.798601747,1,0.549590945,0,-0.305393577,0,-2.272281885,0
75.10169983,-14.62848091,1,8.55216217,1,6.333291531,1,-1.663108826,1,-2.305280685,1,2.020310402,1,0.543144047,0,-0.318845272,0,-2.271226168,0
75.10569763,20.62409973,1,-0.497704625,1,-1.112502694,1,-1.875161171,1,-2.297843456,1,2.230726719,1,0.53502357,0,-0.330687225,0,-2.26845336,0
75.10969544,1.482948661,1,-4.514273643,1,-12.09509373,1,-2.10325861,1,-2.987934113,1,2.652520895,1,0.526127756,0,-0.344828427,0,-2.265230656,0
75.11369324,-9.123927116,1,-10.67514133,1,-18.00058365,1,-2.377071857,1,-2.665424585,1,2.717052698,1,0.51564765,0,-0.360346496,0,-2.261414528,0
75.11769104,7.118031502,1,-14.91882896,1,-22.22357178,1,-2.060257435,1,-2.046643496,1,2.721427679,1,0.504881918,0,-0.37369895,0,-2.256061316,0
75.12169647,8.119754791,1,-18.79441261,1,-20.77156448,1,-2.145771742,1,-2.161505222,1,2.593065262,1,0.494343251,0,-0.38612321,0,-2.250280142,0
75.12569428,8.456228256,1,-16.48539162,1,-13.16777515,1,-2.236353397,1,-2.34297967,1,2.377646685,1,0.483690321,0,-0.398729265,0,-2.245346785,0
75.12969208,9.465195656,1,-8.921613693,1,-8.498692513,1,-2.31145072,1,-2.963431835,1,2.308064222,1,0.473087698,0,-0.412303925,0,-2.241595984,0
75.13369751,8.052033424,1,-1.523029208,1,-5.58684063,1,-2.292905331,1,-3.797618628,1,2.468049288,1,0.462860197,0,-0.42867136,0,-2.239005327,0
75.13769531,6.418355942,1,1.664981127,1,-6.452023506,1,-2.14561367,1,-4.772651196,1,2.658534527,1,0.45310545,0,-0.448575318,0,-2.237214565,0
75.14169312,0.481827706,1,1.554914594,1,-11.54764175,1,-1.979832768,1,-5.601005077,1,2.654053688,1,0.444649756,0,-0.471948117,0,-2.236522913,0
75.14569092,-10.93177319,1,3.928041458,1,-13.85864162,1,-1.915507078,1,-5.822332382,1,2.50577569,1,0.437067568,0,-0.497214437,0,-2.237058163,0
75.14969635,-16.37594414,1,3.660857916,1,-16.80237198,1,-1.905942321,1,-5.631908417,1,2.435878038,1,0.429913849,0,-0.522121489,0,-2.237889767,0
75.15369415,-20.53928757,1,3.531205893,1,-19.65886307,1,-1.879602909,1,-5.220534801,1,2.625242233,1,0.422280818,0,-0.546102464,0,-2.237676144,0
75.15769959,-24.55173111,1,2.41087985,1,-18.37911415,1,-1.901842594,1,-4.637443542,1,2.97529459,1,0.413387716,0,-0.568731904,0,-2.235118151,0
75.16169739,-26.20532417,1,3.511193752,1,-17.03243828,1,-1.762741208,1,-3.917156458,1,3.308243036,1,0.402926803,0,-0.589428186,0,-2.229437113,0
75.16569519,-25.87074852,1,2.465393782,1,-13.80781364,1,-1.617892742,1,-3.196101427,1,3.43147707,1,0.391351283,0,-0.607796252,0,-2.220947981,0
75.16969299,-20.80289078,1,-2.298505068,1,-10.98696995,1,-1.60019052,1,-2.630675554,1,3.387225866,1,0.379161894,0,-0.62361753,0,-2.210836887,0
75.17369843,-15.92983246,1,-7.005009651,1,-7.226928711,1,-1.785195947,1,-2.269195795,1,3.168603897,1,0.366011739,0,-0.637473285,0,-2.199984789,0
75.17769623,-9.524131775,1,-11.94035435,1,-5.944913864,1,-2.135150671,1,-2.165007114,1,2.783076286,1,0.352195859,0,-0.649942219,0,-2.18996954,0
75.18169403,-14.74977112,1,-11.87519741,1,-6.341714859,1,-2.344866991,1,-2.078607798,1,2.289976358,1,0.337995827,0,-0.661383629,0,-2.181502819,0
75.18569946,-21.83988571,1,-12.06348228,1,-8.931511879,1,-2.540238619,1,-1.716707945,1,1.710915089,1,0.324228883,0,-0.67126298,0,-2.175018787,0
75.18969727,-23.74164009,1,-5.315119743,1,-11.56999302,1,-2.37095499,1,-1.14785707,1,1.190704107,1,0.311332226,0,-0.678537786,0,-2.170329809,0
75.19369507,-23.22791862,1,3.909586191,1,-14.34457779,1,-1.929286957,1,-0.491931736,1,0.871010482,1,0.301627815,0,-0.684115231,0,-2.182774782,0
75.19769287,-13.03658962,1,12.1177063,1,-13.44892311,1,-1.606354952,1,-0.013187231,1,0.889615774,1,0.292060316,0,-0.685977042,0,-2.178841114,0
75.20169067,-6.814981461,1,11.37673092,1,-13.43914032,1,-1.199994206,1,-0.012569395,1,0.841422081,1,0.283685744,0,-0.686996341,0,-2.174474478,0
75.20569611,-7.877334595,1,2.256144762,1,-12.83540726,1,-0.861678779,1,-0.033405397,1,0.569475889,1,0.277344078,0,-0.687871337,0,-2.170954466,0
75.20969391,-7.428815842,1,-3.386574984,1,-9.04432869,1,-0.659122586,1,-0.090156712,1,0.343925774,1,0.272998452,0,-0.688591778,0,-2.168815374,0
75.21369171,-5.008519173,1,-5.874206066,1,-7.490876198,1,-0.66756916,1,-0.157294363,1,0.354069322,1,0.269399196,0,-0.689439058,0,-2.167303562,0
75.21768951,-6.364338398,1,-6.337543011,1,-8.478233337,1,-0.688539207,1,-0.132257521,1,0.421709687,1,0.265586019,0,-0.69041425,0,-2.165572166,0
75.22169495,-6.091520786,1,-5.347672462,1,-8.581977844,1,-0.689116478,1,-0.06562759,1,0.474139929,1,0.261478335,0,-0.691245198,0,-2.163457394,0
75.22569275,-4.441185474,1,-4.379858017,1,-8.323056221,1,-0.731487453,1,-0.084775396,1,0.513103306,1,0.257100493,0,-0.692035079,0,-2.161052465,0
75.22969055,-5.099401951,1,-3.510346889,1,-8.922271729,1,-0.730429888,1,-0.095323861,1,0.533100426,1,0.252554297,0,-0.692929983,0,-2.15854001,0
75.23369598,-4.521203518,1,-3.057707548,1,-9.00653553,1,-0.711812317,1,-0.10260725,1,0.543871284,1,0.248017982,0,-0.693836927,0,-2.155954123,0
75.23769379,-3.958691597,1,-3.243705988,1,-8.816947937,1,-0.709253848,1,-0.146223053,1,0.556512952,1,0.243495956,0,-0.694850802,0,-2.153323412,0
75.24169159,-4.240499496,1,-3.090818167,1,-8.833138466,1,-0.683210015,1,-0.166961119,1,0.547738314,1,0.239040703,0,-0.695992887,0,-2.150727034,0
75.24568939,-4.83549881,1,-2.221776247,1,-8.768278122,1,-0.635045469,1,-0.185692519,1,0.533048689,1,0.234775066,0,-0.697191834,0,-2.148203373,0
75.2496872,-5.410609722,1,-1.577681422,1,-8.695487976,1,-0.574396551,1,-0.179745123,1,0.507207453,1,0.230811357,0,-0.698396981,0,-2.145774841,0
75.25369263,-5.762870789,1,-1.29842329,1,-8.922492027,1,-0.519555211,1,-0.18080698,1,0.472932875,1,0.227153659,0,-0.699545443,0,-2.143501759,0
75.25769043,-5.42932415,1,-1.413896561,1,-8.851433754,1,-0.472594291,1,-0.17369844,1,0.4395096,1,0.223813027,0,-0.700643063,0,-2.14138341,0
75.26168823,-4.343829155,1,-2.085125685,1,-8.957710266,1,-0.45238778,1,-0.183666483,1,0.413117886,1,0.220701307,0,-0.701707244,0,-2.139420033,0
75.26568604,-4.346336365,1,-2.285620213,1,-9.141803741,1,-0.43483004,1,-0.211650819,1,0.40000093,1,0.217726901,0,-0.70282805,0,-2.137561083,0
75.26969147,-4.663365841,1,-2.334670782,1,-8.646116257,1,-0.415694833,1,-0.232080042,1,0.393754601,1,0.214867011,0,-0.704036593,0,-2.135772705,0
75.2736969,-5.194860935,1,-2.600462914,1,-8.26368618,1,-0.407425672,1,-0.227058664,1,0.385969788,1,0.212092757,0,-0.705269277,0,-2.134021759,0
75.2776947,-5.191333771,1,-3.093289852,1,-8.162453651,1,-0.414815038,1,-0.216078341,1,0.376154274,1,0.209345117,0,-0.706453562,0,-2.132300138,0
75.28169251,-5.091219902,1,-3.405599594,1,-8.16558075,1,-0.442843974,1,-0.197415814,1,0.36767295,1,0.206529036,0,-0.707568288,0,-2.130609751,0
75.28569031,-5.075147152,1,-2.851088762,1,-8.193949699,1,-0.459841579,1,-0.196399271,1,0.357993424,1,0.203625664,0,-0.708632827,0,-2.128941298,0
75.28968811,-5.37957716,1,-1.685517907,1,-8.296521187,1,-0.449393749,1,-0.189111844,1,0.331847548,1,0.200767532,0,-0.709661603,0,-2.127360821,0
75.29369354,-5.654209614,1,-0.358455658,1,-8.387320518,1,-0.40972501,1,-0.181210473,1,0.289333642,1,0.198125482,0,-0.710632682,0,-2.125948906,0
75.29769135,-5.495975971,1,0.248452023,1,-8.605827332,1,-0.345621794,1,-0.163838208,1,0.242963269,1,0.195830211,0,-0.711520612,0,-2.124745131,0
75.30168915,-5.002252579,1,-0.193958789,1,-8.724932671,1,-0.289912432,1,-0.168901592,1,0.188501939,1,0.193943694,0,-0.71234107,0,-2.123805046,0
75.30569458,-4.67233181,1,-0.997564256,1,-8.747048378,1,-0.245075002,1,-0.183175161,1,0.152741179,1,0.192408323,0,-0.713162422,0,-2.123097897,0
75.30969238,-4.713625908,1,-1.396398783,1,-8.815814972,1,-0.218722746,1,-0.203926548,1,0.132190496,1,0.191129819,0,-0.714033484,0,-2.122556448,0
75.31369019,-4.879855156,1,-1.601096869,1,-8.722229004,1,-0.179380238,1,-0.218818396,1,0.117985345,1,0.190048173,0,-0.714958608,0,-2.122117996,0
75.31768799,-4.720066547,1,-1.775921822,1,-8.871305466,1,-0.15910466,1,-0.2329759,1,0.108217835,1,0.189149022,0,-0.715923905,0,-2.121760845,0
75.32168579,-4.407509804,1,-1.754073143,1,-8.944929123,1,-0.139545619,1,-0.260035336,1,0.103787154,1,0.188355848,0,-0.716965914,0,-2.121463776,0
75.32569122,-4.345836163,1,-1.758368134,1,-9.009911537,1,-0.116221555,1,-0.27713114,1,0.09006197,1,0.187690794,0,-0.718094289,0,-2.121233463,0
75.32968903,-4.40873909,1,-1.682976961,1,-9.029702187,1,-0.096200213,1,-0.302519083,1,0.090546742,1,0.187143028,0,-0.719300389,0,-2.121042728,0
75.33368683,-4.557137966,1,-1.794668078,1,-8.819627762,1,-0.070076309,1,-0.315277159,1,0.098022036,1,0.186697751,0,-0.720585346,0,-2.120860815,0
75.33768463,-4.832972527,1,-2.196718216,1,-8.56883049,1,-0.056114309,1,-0.327411294,1,0.10787458,1,0.186302289,0,-0.721930861,0,-2.120631933,0
75.34169006,-4.917919159,1,-2.721642971,1,-8.24418354,1,-0.053612851,1,-0.321535081,1,0.123674147,1,0.185904607,0,-0.723291874,0,-2.120351315,0
75.34568787,-4.822367668,1,-3.021463394,1,-8.017043114,1,-0.062616721,1,-0.319103986,1,0.139893889,1,0.185408711,0,-0.724654436,0,-2.119960785,0
75.34968567,-4.910041809,1,-3.102610826,1,-7.925312519,1,-0.074259482,1,-0.303875446,1,0.156907678,1,0.184806496,0,-0.725984931,0,-2.119474888,0
75.3536911,-4.96829319,1,-2.973216534,1,-7.895432949,1,-0.081277303,1,-0.283468425,1,0.175729215,1,0.184095055,0,-0.727262855,0,-2.118885279,0
75.3576889,-5.015559673,1,-2.653524876,1,-7.915282249,1,-0.083833069,1,-0.263926506,1,0.191011608,1,0.183288381,0,-0.728480995,0,-2.118186712,0
75.36168671,-4.941383839,1,-2.553073645,1,-8.039299965,1,-0.092670813,1,-0.257021815,1,0.20353891,1,0.182399467,0,-0.72964716,0,-2.117389441,0
75.36568451,-4.885104179,1,-2.222492695,1,-8.091462135,1,-0.093808264,1,-0.250886858,1,0.20774968,1,0.181448102,0,-0.730792344,0,-2.116536856,0
75.36968231,-4.998394966,1,-1.71760571,1,-8.160342216,1,-0.071442351,1,-0.246087551,1,0.219709352,1,0.180511221,0,-0.731931627,0,-2.115642071,0
75.37368774,-5.007992744,1,-1.66982758,1,-8.196640968,1,-0.0519359,1,-0.240221173,1,0.217605397,1,0.179641545,0,-0.733028531,0,-2.114716053,0
75.37768555,-5.084250927,1,-1.706648231,1,-8.114578247,1,-0.030236166,1,-0.239260659,1,0.21405372,1,0.178857312,0,-0.734126151,0,-2.113801479,0
75.38168335,-5.026604652,1,-1.926860809,1,-8.088402748,1,-0.003418563,1,-0.235604465,1,0.212802634,1,0.178192794,0,-0.735213757,0,-2.112902164,0
75.38568115,-4.810969353,1,-2.069690466,1,-8.256455421,1,0.008024423,1,-0.239069238,1,0.214459792,1,0.177597046,0,-0.736307502,0,-2.111997843,0
75.38968658,-4.785141945,1,-2.271997929,1,-8.318182945,1,-0.002088442,1,-0.261106998,1,0.215880439,1,0.17700097,0,-0.737446249,0,-2.111077309,0
75.39368439,-4.83325386,1,-2.15315032,1,-8.449035645,1,-0.002117756,1,-0.280566275,1,0.215271637,1,0.176395595,0,-0.738659382,0,-2.110186815,0
75.39768982,-4.77340126,1,-2.009838343,1,-8.415822029,1,-0.001263734,1,-0.29483071,1,0.211976022,1,0.175798789,0,-0.739938974,0,-2.109312057,0
75.40168762,-4.859240055,1,-1.833262801,1,-8.405390739,1,0.012099743,1,-0.314968169,1,0.215114683,1,0.175230294,0,-0.741285563,0,-2.108446836,0
75.40568543,-4.881157875,1,-1.792046309,1,-8.500069618,1,0.033399496,1,-0.324260503,1,0.210066468,1,0.17475535,0,-0.742687106,0,-2.107608795,0
75.40968323,-4.804974079,1,-1.661517262,1,-8.440937042,1,0.038528092,1,-0.343614966,1,0.206084445,1,0.17435658,0,-0.744155049,0,-2.106812954,0
75.41368866,-4.960630417,1,-1.443076372,1,-8.467077255,1,0.063153617,1,-0.354160219,1,0.191213906,1,0.174052998,0,-0.745670676,0,-2.106076956,0
75.41768646,-5.062074184,1,-1.841378212,1,-8.443686485,1,0.060424607,1,-0.370451182,1,0.187025517,1,0.173847899,0,-0.747232258,0,-2.105405807,0
75.42168427,-5.016165733,1,-1.863076687,1,-8.291400909,1,0.056302886,1,-0.382895827,1,0.181973353,1,0.173659027,0,-0.748831213,0,-2.104777813,0
75.42569733,-5.170086384,1,-1.754015684,1,-8.257931709,1,0.065782756,1,-0.387469828,1,0.172459364,1,0.173514798,0,-0.750471711,0,-2.104205132,0
75.42969513,-5.05819416,1,-1.795633316,1,-8.222581863,1,0.08011961,1,-0.39007017,1,0.16594933,1,0.173425153,0,-0.752118289,0,-2.10364747,0
75.4336853,-5.203402519,1,-1.82519412,1,-8.131777763,1,0.086017787,1,-0.395027936,1,0.15985781,1,0.173409492,0,-0.753784478,0,-2.103152275,0
75.43768311,-5.264919758,1,-2.026944637,1,-8.047385216,1,0.094809763,1,-0.39293173,1,0.155957118,1,0.173442855,0,-0.755451441,0,-2.102669239,0
75.44168091,-5.252556324,1,-2.15045929,1,-7.954896927,1,0.093230255,1,-0.390270591,1,0.155482754,1,0.155326292,0,-0.686559021,0,-2.223235607,0
75.44569397,-5.196033955,1,-2.145116806,1,-7.952667236,1,0.084890842,1,-0.383970469,1,0.155188724,1,0.154047221,0,-0.688615799,0,-2.227169275,0
75.44969177,-5.215389252,1,-2.150924444,1,-7.923585892,1,0.083372645,1,-0.383068651,1,0.155345306,1,0.154077217,0,-0.690227926,0,-2.22668314,0
75.45368195,-5.265692234,1,-2.229034424,1,-7.89431715,1,0.074755765,1,-0.375277221,1,0.153995767,1,0.154086649,0,-0.69182694,0,-2.226195574,0
75.45767975,-5.313348293,1,-2.188906908,1,-7.822104454,1,0.063752435,1,-0.372526288,1,0.150449947,1,0.154050365,0,-0.693396509,0,-2.225713968,0
75.46169281,-5.337255001,1,-2.164355755,1,-7.865979671,1,0.059943616,1,-0.361684978,1,0.150582418,1,0.15399164,0,-0.694948196,0,-2.225237608,0
75.46569061,-5.258827209,1,-2.136489868,1,-7.834137917,1,0.055313677,1,-0.35448575,1,0.14680326,1,0.153925523,0,-0.696454227,0,-2.224756241,0
75.46968842,-5.179938793,1,-2.104407787,1,-7.967317104,1,0.056517091,1,-0.353148311,1,0.146684945,1,0.153849617,0,-0.697926998,0,-2.22428894,0
75.47369385,-5.191856861,1,-1.980175614,1,-8.049936295,1,0.050904937,1,-0.348657161,1,0.146143511,1,0.153764814,0,-0.699405909,0,-2.223825455,0
75.47769165,-5.176604271,1,-1.873966098,1,-8.098256111,1,0.055772908,1,-0.349729985,1,0.137658298,1,0.153684586,0,-0.700870633,0,-2.223366737,0
75.48168945,-5.254663467,1,-1.882517815,1,-8.093553543,1,0.055076733,1,-0.348896563,1,0.13344799,1,0.153623194,0,-0.702338099,0,-2.222929955,0
75.48568726,-5.313946247,1,-1.91710043,1,-8.050891876,1,0.063050926,1,-0.348686367,1,0.133390129,1,0.153607324,0,-0.703800142,0,-2.222536087,0
75.48968506,-5.376694202,1,-2.064728975,1,-8.05880928,1,0.063279487,1,-0.34968695,1,0.130300239,1,0.15359804,0,-0.705264807,0,-2.22213459,0
75.49369049,-5.321290016,1,-2.182725191,1,-8.03311348,1,0.068970203,1,-0.346780121,1,0.132715449,1,0.153586775,0,-0.706715405,0,-2.221721411,0
75.49768829,-5.316435814,1,-2.362768412,1,-8.02074337,1,0.063725792,1,-0.347427249,1,0.144845799,1,0.153566033,0,-0.708174706,0,-2.221290588,0
75.5016861,-5.291299343,1,-2.369570494,1,-7.973935127,1,0.061653428,1,-0.349693716,1,0.156044185,1,0.153491244,0,-0.709643841,0,-2.220796347,0
75.5056839,-5.207949162,1,-2.31283927,1,-7.949319363,1,0.057759147,1,-0.350426883,1,0.168710664,1,0.153358534,0,-0.711133838,0,-2.220229864,0
75.50968933,-5.246920109,1,-2.187955379,1,-8.069343567,1,0.062213406,1,-0.359139234,1,0.183455691,1,0.153196245,0,-0.712643445,0,-2.219612598,0
75.51368713,-5.220694542,1,-2.22071147,1,-8.110013962,1,0.053694006,1,-0.367752194,1,0.192122594,1,0.152977794,0,-0.714196086,0,-2.218928814,0
75.51769257,-5.18005991,1,-2.164432526,1,-8.120815277,1,0.035316087,1,-0.381210893,1,0.203179032,1,0.152685642,0,-0.715780437,0,-2.218202114,0
75.52169037,-5.209422112,1,-2.058921337,1,-8.152050018,1,0.03798826,1,-0.392150074,1,0.204439297,1,0.152341455,0,-0.717428207,0,-2.21745348,0
75.52568817,-5.224982738,1,-2.030759096,1,-8.116892815,1,0.036660668,1,-0.400306523,1,0.213800535,1,0.151975036,0,-0.719126403,0,-2.216671228,0
75.52968597,-5.276777267,1,-2.167821407,1,-8.104067802,1,0.034387901,1,-0.415273041,1,0.220468938,1,0.151593104,0,-0.720871985,0,-2.215860605,0
75.53369141,-5.222080231,1,-2.265966892,1,-8.114104271,1,0.025593292,1,-0.420477659,1,0.223481581,1,0.151174858,0,-0.722657979,0,-2.21503973,0
75.53768921,-5.151986122,1,-2.315876007,1,-8.154261589,1,0.02112611,1,-0.435853064,1,0.235218033,1,0.150698394,0,-0.724499702,0,-2.214167356,0
75.54168701,-5.140077114,1,-2.387935638,1,-8.19634819,1,0.017620921,1,-0.456398726,1,0.244613498,1,0.15017046,0,-0.726403296,0,-2.213254452,0
75.54569244,-5.151654243,1,-2.410140991,1,-8.219376564,1,0.010157763,1,-0.462297976,1,0.260644555,1,0.14958173,0,-0.728369653,0,-2.212291956,0
75.54969025,-5.177825928,1,-2.458391428,1,-8.178339958,1,-0.001741606,1,-0.488508284,1,0.265576571,1,0.148930863,0,-0.73040694,0,-2.211284876,0
75.55368805,-5.075058937,1,-2.676665306,1,-8.352199554,1,-0.021520305,1,-0.50593853,1,0.273959965,1,0.148191765,0,-0.732531965,0,-2.210237503,0
75.55768585,-5.065253735,1,-2.402236938,1,-8.376332283,1,-0.030271884,1,-0.535462141,1,0.289857775,1,0.147358537,0,-0.734743059,0,-2.209146261,0
75.56168366,-5.156918049,1,-2.584331751,1,-8.387657166,1,-0.043317407,1,-0.555591166,1,0.300551832,1,0.146438897,0,-0.737072647,0,-2.207992792,0
75.56568909,-5.110449314,1,-2.770441294,1,-8.41438961,1,-0.068530016,1,-0.585951209,1,0.309773892,1,0.145427987,0,-0.73951292,0,-2.20681572,0
75.56968689,-5.120118141,1,-2.97740078,1,-8.437588692,1,-0.101391964,1,-0.611595929,1,0.326034129,1,0.144257709,0,-0.742062449,0,-2.20557642,0
75.57368469,-5.013937473,1,-2.88558054,1,-8.415883064,1,-0.127148062,1,-0.648354888,1,0.347361416,1,0.142902061,0,-0.74474144,0,-2.204262018,0
75.5776825,-5.212553024,1,-2.786519527,1,-8.377660751,1,-0.155562744,1,-0.680148244,1,0.365921378,1,0.141368717,0,-0.747582853,0,-2.202846289,0
75.58168793,-5.228817463,1,-2.740467787,1,-8.488134384,1,-0.18274492,1,-0.714062393,1,0.382495224,1,0.139692649,0,-0.750551701,0,-2.201369762,0
75.58568573,-5.197029591,1,-2.749482632,1,-8.624004364,1,-0.212968662,1,-0.743386269,1,0.398338646,1,0.13783358,0,-0.753649771,0,-2.199803591,0
75.58968353,-5.073610306,1,-2.897093773,1,-8.686285973,1,-0.247553587,1,-0.781916142,1,0.417314768,1,0.135782123,0,-0.756898284,0,-2.198158264,0
75.59368897,-5.129743576,1,-2.920924664,1,-8.859292984,1,-0.279797465,1,-0.830806434,1,0.436200917,1,0.133534893,0,-0.760333538,0,-2.196426153,0
75.59768677,-5.238769531,1,-2.944847107,1,-8.854496002,1,-0.314264506,1,-0.874103248,1,0.464390069,1,0.131069213,0,-0.763959289,0,-2.194578409,0
75.60168457,-5.382924557,1,-3.050327539,1,-8.95208168,1,-0.348287046,1,-0.934115946,1,0.492459059,1,0.128372774,0,-0.767793298,0,-2.192597628,0
75.60568237,-5.109866619,1,-2.849996328,1,-8.96368885,1,-0.384550214,1,-0.988953531,1,0.513703942,1,0.12544021,0,-0.771861374,0,-2.190500021,0
75.60968018,-4.999522686,1,-2.721232414,1,-9.081410408,1,-0.404994965,1,-1.059830189,1,0.542141557,1,0.122304462,0,-0.776191235,0,-2.188266277,0
75.61368561,-5.122634411,1,-2.51829505,1,-9.164745331,1,-0.421314418,1,-1.12458086,1,0.564583778,1,0.11899934,0,-0.780790806,0,-2.185913086,0
75.61768341,-5.19163084,1,-2.360880136,1,-9.274949074,1,-0.435485154,1,-1.190096974,1,0.58866924,1,0.115538076,0,-0.78566277,0,-2.183440208,0
75.62168121,-5.120763302,1,-2.258335114,1,-9.476898193,1,-0.449599683,1,-1.270321012,1,0.602511883,1,0.111945741,0,-0.790819645,0,-2.180873156,0
75.62567902,-4.934309959,1,-2.188440561,1,-9.398638725,1,-0.460772008,1,-1.3431952,1,0.621253073,1,0.108242966,0,-0.796280146,0,-2.178224564,0
75.62968445,-5.144367695,1,-2.107409477,1,-9.459308624,1,-0.473432779,1,-1.426258087,1,0.642686844,1,0.104401283,0,-0.802057028,0,-2.175466776,0
75.63368225,-5.296405792,1,-2.179475307,1,-9.422954559,1,-0.493524253,1,-1.501471639,1,0.664683521,1,0.100380175,0,-0.808152556,0,-2.172569752,0
75.63768768,-4.901355267,1,-2.147128105,1,-9.269946098,1,-0.51024878,1,-1.584424496,1,0.679582894,1,0.09620785,0,-0.814552426,0,-2.169570923,0
75.64168549,-5.055690289,1,-2.018763065,1,-9.482542038,1,-0.511918426,1,-1.678985953,1,0.701838017,1,0.091863722,0,-0.821302533,0,-2.166429043,0
75.64568329,-5.095492363,1,-2.226572752,1,-9.543787956,1,-0.533452809,1,-1.767787576,1,0.733620644,1,0.08734262,0,-0.828413069,0,-2.163117409,0
75.64968109,-5.170460701,1,-2.624895334,1,-9.617465019,1,-0.563140929,1,-1.862596273,1,0.778503478,1,0.082526736,0,-0.835908115,0,-2.159558535,0
75.65368652,-5.139598846,1,-2.785517454,1,-9.527921677,1,-0.606110156,1,-1.963139534,1,0.81746453,1,0.077312879,0,-0.843782961,0,-2.155709267,0
75.65768433,-4.967674255,1,-2.863288641,1,-9.524943352,1,-0.642550111,1,-2.081704617,1,0.869002938,1,0.071678028,0,-0.852084041,0,-2.151521921,0
75.66168213,-4.905661583,1,-2.843776464,1,-9.696469307,1,-0.665328383,1,-2.199158907,1,0.931378067,1,0.065589063,0,-0.860878646,0,-2.146929979,0
75.66568756,-4.824958801,1,-2.883047342,1,-10.0956955,1,-0.677522719,1,-2.33598876,1,1.001300335,1,0.059039019,0,-0.87017107,0,-2.141859055,0
75.66968536,-4.819392204,1,-3.096405268,1,-10.51301098,1,-0.69759196,1,-2.470266819,1,1.059457898,1,0.052000817,0,-0.879994154,0,-2.136271954,0
75.67368317,-4.471831799,1,-3.350896597,1,-10.99864388,1,-0.717071056,1,-2.635769129,1,1.126660109,1,0.044427626,0,-0.890388548,0,-2.130144358,0
75.67768097,-4.306375504,1,-3.766638279,1,-11.23186874,1,-0.750581801,1,-2.832895994,1,1.223229289,1,0.036192715,0,-0.901497245,0,-2.12334013,0
75.68167877,-5.341328144,1,-5.892018318,1,-13.00891495,1,-0.872623146,1,-2.928623199,1,1.270589828,1,0.027066864,0,-0.913269758,0,-2.11577034,0
75.6856842,1.385237455,1,1.027904868,1,-10.48575306,1,-0.539475441,1,-3.544859409,1,1.507706404,1,0.017512299,0,-0.925786912,0,-2.107447386,0
75.68968201,-8.178170204,1,-4.923108578,1,-12.63055897,1,-0.660404921,1,-3.489491463,1,1.619650245,1,0.006903731,0,-0.940089703,0,-2.097317696,0
75.69367981,-5.436472416,1,-10.80823135,1,-11.17746925,1,-0.801521301,1,-3.753826618,1,1.863258123,1,-0.007553858,0,-0.954804122,0,-2.089514732,0
75.69767761,-3.267748117,1,-10.06956577,1,-11.81391621,1,-1.007594228,1,-4.032507896,1,1.99348557,1,-0.022636924,0,-0.97022891,0,-2.075662136,0
75.70168304,-3.307093859,1,-7.967873096,1,-11.66117573,1,-1.050846577,1,-4.29604578,1,2.279246569,1,-0.040191706,0,-0.986639261,0,-2.059449196,0
75.70568085,-4.891242027,1,-9.454275131,1,-11.84388256,1,-1.109893799,1,-4.496576786,1,2.558784485,1,-0.060776412,0,-1.003734112,0,-2.040036201,0
75.70967865,-5.418969154,1,-10.06907463,1,-12.19288826,1,-1.206638575,1,-4.706428528,1,2.776278734,1,-0.084604658,0,-1.021320701,0,-2.017411232,0
75.71368408,-5.210567951,1,-9.442760468,1,-12.53577232,1,-1.341363668,1,-4.929905891,1,3.002361536,1,-0.111918084,0,-1.039343834,0,-1.991465807,0
75.71768189,-6.795351028,1,-10.20318413,1,-12.9074707,1,-1.558062434,1,-5.134740829,1,3.274834633,1,-0.143821299,0,-1.057743907,0,-1.961326122,0
75.72167969,-9.318452835,1,-11.23574734,1,-13.50646973,1,-1.828712106,1,-5.249307632,1,3.49126339,1,-0.180947974,0,-1.076088548,0,-1.926679254,0
75.72567749,-8.761341095,1,-11.88449955,1,-11.80781174,1,-2.066218138,1,-5.286438465,1,3.643023729,1,-0.223293185,0,-1.093850493,0,-1.887661576,0
75.72967529,-6.021101475,1,-11.38319683,1,-12.60438347,1,-2.390991449,1,-5.540201664,1,4.013875961,1,-0.271963954,0,-1.111117363,0,-1.843060136,0
75.73368073,-7.650937557,1,-10.08941746,1,-14.04720497,1,-2.570544481,1,-5.630788326,1,4.236076355,1,-0.328187913,0,-1.127592087,0,-1.791693687,0
75.73767853,-12.14122772,1,-8.463295937,1,-15.22913742,1,-2.627518892,1,-5.645447731,1,4.369145393,1,-0.390312135,0,-1.1426934,0,-1.734656334,0
75.74167633,-13.62766171,1,-6.037380219,1,-15.15657902,1,-2.600293398,1,-5.581552505,1,4.440779686,1,-0.457235366,0,-1.155935884,0,-1.67278111,0
75.74567413,-13.09161949,1,-5.746639729,1,-14.88578796,1,-2.605733395,1,-5.565481663,1,4.509651184,1,-0.528299272,0,-1.167108178,0,-1.606676102,0
75.74967957,-14.81403542,1,-5.27509594,1,-15.15324593,1,-2.68192625,1,-5.522794247,1,4.5947299,1,-0.603521824,0,-1.176104188,0,-1.536492705,0
75.75367737,-15.18857384,1,-4.511486053,1,-14.4222784,1,-2.739112854,1,-5.424228668,1,4.534337997,1,-0.681723416,0,-1.182642698,0,-1.463672876,0
75.7576828,-16.08390236,1,-4.723163128,1,-13.70794487,1,-2.705364466,1,-5.40469265,1,4.359972477,1,-0.760760069,0,-1.187172532,0,-1.390129566,0
75.7616806,-18.80225754,1,-5.220836639,1,-13.93373775,1,-2.665494204,1,-5.288340092,1,4.21278429,1,-0.839438081,0,-1.189835787,0,-1.316895008,0
75.76567841,-19.47726631,1,-5.376764774,1,-13.70680904,1,-2.688740015,1,-5.109337807,1,4.096006393,1,-0.916696906,0,-1.190280437,0,-1.245235205,0
75.76967621,-18.74773026,1,-5.063219547,1,-13.6009798,1,-2.583913803,1,-4.888875484,1,3.92714572,1,-0.991111696,0,-1.188799262,0,-1.176451445,0
75.77368164,-18.4612236,1,-6.094468117,1,-12.7721796,1,-2.536720991,1,-4.715481281,1,3.878725052,1,-1.062004566,0,-1.185407162,0,-1.111011386,0
75.77767944,-16.05830574,1,-7.468556881,1,-11.05639553,1,-2.624700546,1,-4.550387859,1,3.885844707,1,-1.129932404,0,-1.180033445,0,-1.048754692,0
75.78167725,-15.97082138,1,-7.465825558,1,-10.56285763,1,-2.713052273,1,-4.328233719,1,3.827977419,1,-1.194657803,0,-1.172953725,0,-0.99023658,0
75.78568268,-13.02001476,1,-6.706695557,1,-8.539532661,1,-2.860846758,1,-4.012917519,1,3.775527239,1,-1.25474906,0,-1.164276481,0,-0.937023222,0
75.78968048,-10.22339344,1,-5.761590481,1,-7.371662617,1,-3.049956799,1,-3.732384205,1,3.702397346,1,-1.310408354,0,-1.154355407,0,-0.889189303,0
75.79367828,-8.044001579,1,-5.137392998,1,-5.998502254,1,-3.306051254,1,-3.483968973,1,3.638583899,1,-1.361881614,0,-1.14343071,0,-0.846696615,0
75.79767609,-9.789921761,1,-2.796854734,1,-5.892152309,1,-3.512722015,1,-3.287598133,1,3.598826408,1,-1.410158038,0,-1.131683588,0,-0.808557749,0
75.80167389,-11.70916748,1,-1.342811704,1,-8.652525902,1,-3.501785278,1,-2.933540106,1,3.270969391,1,-1.454217196,0,-1.119693637,0,-0.775389671,0
75.80567932,-12.85443974,1,-1.222981334,1,-10.17820072,1,-3.184675694,1,-2.508665323,1,2.74148035,1,-1.492034316,0,-1.108807087,0,-0.748209417,0
75.80967712,-19.26012802,1,-0.045977201,1,-10.88839149,1,-2.751553297,1,-2.147437096,1,2.270242214,1,-1.52367568,0,-1.099364161,0,-0.726097345,0
75.81367493,-30.75209427,1,0.91933316,1,-13.76973534,1,-2.129067659,1,-1.563632011,1,1.688882232,1,-1.548593163,0,-1.09173131,0,-0.709064603,0
75.81767273,-25.72758293,1,-2.854874611,1,-15.06947708,1,-1.881905317,1,-0.638965607,1,1.247718692,1,-1.565068245,0,-1.08595407,0,-0.699372768,0
75.82167816,-13.89043808,1,-6.862811089,1,-12.89644241,1,-1.903899074,1,0.063208997,1,0.909972668,1,-1.574635863,0,-1.081636667,0,-0.697085679,0
75.82567596,-7.548799992,1,-9.130362511,1,-10.12900829,1,-1.922127604,1,0.47799924,1,0.561921716,1,-1.580124736,0,-1.078717113,0,-0.699566841,0
75.82967377,-6.910738468,1,-9.192270279,1,-8.980406761,1,-1.901413441,1,0.72551167,1,0.305681646,1,-1.583222866,0,-1.077047706,0,-0.70470643,0
75.83367157,-8.555841446,1,-8.407970428,1,-9.369051933,1,-1.98288846,1,0.951927483,1,0.159541249,1,-1.584732175,0,-1.076176286,0,-0.711788774,0
75.83766937,-8.070744514,1,-7.830612183,1,-9.658490181,1,-2.140500307,1,1.207477927,1,0.051219571,1,-1.584959865,0,-1.075816512,0,-0.720900655,0
75.84167481,-5.540055275,1,-7.383708954,1,-8.772846222,1,-2.247602224,1,1.388277888,1,-0.057622794,1,-1.584104061,0,-1.075898051,0,-0.731877804,0
75.84567261,-3.526058435,1,-6.875554085,1,-7.682058334,1,-2.240513086,1,1.485698342,1,-0.172919497,1,-1.58242321,0,-1.076432824,0,-0.744010091,0
75.84967041,-2.532155991,1,-6.386990547,1,-7.061697006,1,-2.18632412,1,1.563967466,1,-0.261351734,1,-1.579987288,0,-1.077375531,0,-0.756836712,0
75.85366821,-1.871232033,1,-6.104168892,1,-6.855303764,1,-2.131539822,1,1.654308319,1,-0.335365057,1,-1.576671958,0,-1.07861948,0,-0.770404875,0
75.85767365,-1.434684157,1,-5.905245304,1,-6.725332737,1,-2.064438581,1,1.730539441,1,-0.402405709,1,-1.572434187,0,-1.08012867,0,-0.78473258,0
75.86167145,-1.238332152,1,-5.918302536,1,-6.566870213,1,-1.993729711,1,1.799638152,1,-0.473234177,1,-1.567316532,0,-1.081873298,0,-0.799735665,0
75.86566925,-1.174970269,1,-5.996657848,1,-6.4047966,1,-1.910900593,1,1.874579787,1,-0.553004384,1,-1.561280727,0,-1.083872914,0,-0.815418959,0
75.86967468,-0.675330639,1,-6.235681057,1,-6.145735741,1,-1.838021636,1,1.95223105,1,-0.617995262,1,-1.554219842,0,-1.086116195,0,-0.831874251,0
75.87367249,-0.350389332,1,-6.408708096,1,-5.904240608,1,-1.773543239,1,2.033868551,1,-0.68318665,1,-1.546165586,0,-1.088559508,0,-0.849125266,0
75.87767792,-0.099307664,1,-6.573661327,1,-5.742016315,1,-1.726084113,1,2.1200068,1,-0.741621077,1,-1.537092209,0,-1.091164708,0,-0.867256522,0
75.88167572,0.014782425,1,-6.810417175,1,-5.609270096,1,-1.692346573,1,2.204610109,1,-0.79561305,1,-1.52702713,0,-1.093898296,0,-0.886288643,0
75.88567352,-0.113294818,1,-7.038324356,1,-5.48247385,1,-1.668704152,1,2.297410488,1,-0.857011139,1,-1.515950799,0,-1.096755385,0,-0.90629667,0
75.88967133,-0.117052443,1,-7.22124052,1,-5.38147068,1,-1.656160593,1,2.395337582,1,-0.921806633,1,-1.503849745,0,-1.099735379,0,-0.9273597,0
75.89367676,-0.05743099,1,-7.282193661,1,-5.220367908,1,-1.654482603,1,2.4941535,1,-0.986878812,1,-1.490689635,0,-1.102826834,0,-0.949546039,0
75.89767456,-0.09264487,1,-7.301112652,1,-5.114080429,1,-1.650488853,1,2.586143017,1,-1.055296659,1,-1.476488352,0,-1.10602057,0,-0.972837329,0
75.90167236,-0.18002975,1,-7.2502985,1,-5.050806522,1,-1.643986225,1,2.687552214,1,-1.11722827,1,-1.461197376,0,-1.109263301,0,-0.997302055,0
75.90567017,-0.386672884,1,-7.133381844,1,-4.983403206,1,-1.628945112,1,2.779989958,1,-1.188884377,1,-1.444705367,0,-1.112561703,0,-1.023005843,0
75.90966797,-0.830233514,1,-7.054145336,1,-4.944663048,1,-1.593247414,1,2.894436836,1,-1.2694906,1,-1.426938057,0,-1.115902781,0,-1.0499897,0
75.9136734,-1.092819571,1,-6.888881207,1,-4.882818222,1,-1.54437995,1,3.016690254,1,-1.348481655,1,-1.407575488,0,-1.119265318,0,-1.078520179,0
75.9176712,-1.431040645,1,-6.702652454,1,-4.919333458,1,-1.483290315,1,3.146332502,1,-1.442054629,1,-1.386494398,0,-1.122638226,0,-1.108653426,0
75.92166901,-1.693822384,1,-6.606912136,1,-4.860483646,1,-1.402534723,1,3.276809931,1,-1.543934345,1,-1.363533735,0,-1.125986218,0,-1.140502095,0
75.92566681,-1.801140428,1,-6.474703789,1,-4.825223923,1,-1.313126206,1,3.40952754,1,-1.644347787,1,-1.338515878,0,-1.129293084,0,-1.174203634,0
75.92967224,-1.969034195,1,-6.483502388,1,-4.783912182,1,-1.216083884,1,3.538192749,1,-1.762728214,1,-1.31141746,0,-1.132515192,0,-1.209740877,0
75.93367004,-2.150271654,1,-6.5147686,1,-4.791841507,1,-1.114263296,1,3.663322449,1,-1.871710896,1,-1.282164693,0,-1.135603547,0,-1.247157454,0
75.93766785,-2.297587156,1,-6.580355167,1,-4.759446144,1,-1.014886618,1,3.782675982,1,-1.986778975,1,-1.250739098,0,-1.138507128,0,-1.286477685,0
75.94167328,-2.499591827,1,-6.615082741,1,-4.705678463,1,-0.919109583,1,3.89508152,1,-2.105325699,1,-1.217206001,0,-1.141154885,0,-1.327634335,0
75.94567108,-2.653517962,1,-6.716432095,1,-4.698299408,1,-0.834884286,1,3.995777607,1,-2.229278803,1,-1.185138583,0,-1.144426107,0,-1.358759165,0
75.94966888,-2.892735004,1,-6.767239094,1,-4.653401852,1,-0.755883276,1,4.100508213,1,-2.350315332,1,-1.14746356,0,-1.146474957,0,-1.403602481,0
75.95366669,-3.084460974,1,-6.845350742,1,-4.649884701,1,-0.675907075,1,4.18963623,1,-2.466097116,1,-1.1079458,0,-1.148060799,0,-1.450088382,0
75.95766449,-3.226547718,1,-6.972504139,1,-4.563966274,1,-0.611890972,1,4.270267487,1,-2.573569775,1,-1.066744447,0,-1.149122357,0,-1.498084784,0
75.96166992,-3.414418697,1,-7.045273304,1,-4.518079758,1,-0.556098938,1,4.338881493,1,-2.67885375,1,-1.024101496,0,-1.14957273,0,-1.547371268,0
75.96566773,-3.575746298,1,-7.115807533,1,-4.518906116,1,-0.495456487,1,4.399912357,1,-2.771069765,1,-0.980255067,0,-1.149346232,0,-1.59771955,0
75.96966553,-3.814522982,1,-7.055315018,1,-4.495323658,1,-0.437990099,1,4.450149059,1,-2.854460001,1,-0.935444891,0,-1.148370981,0,-1.648876071,0
75.97366333,-4.096227169,1,-7.081463337,1,-4.504212379,1,-0.369925708,1,4.490640163,1,-2.934070826,1,-0.889932275,0,-1.146594644,0,-1.700562239,0
75.97766876,-4.447338581,1,-6.977980614,1,-4.565895081,1,-0.295933574,1,4.533403873,1,-3.004707336,1,-0.843946338,0,-1.143975019,0,-1.752524257,0
75.98166657,-4.959512234,1,-6.91327858,1,-4.632838726,1,-0.211404964,1,4.573632717,1,-3.071993351,1,-0.797654629,0,-1.140456676,0,-1.804531455,0
75.98566437,-5.414480686,1,-6.951320648,1,-4.671381474,1,-0.11672157,1,4.619996548,1,-3.129641056,1,-0.751259089,0,-1.135983348,0,-1.856363177,0
75.98966217,-5.932599068,1,-6.9741745,1,-4.848408699,1,-0.027052755,1,4.672482967,1,-3.1868608,1,-0.704938114,0,-1.130520582,0,-1.907821059,0
75.9936676,-6.416712761,1,-7.020061493,1,-4.984413147,1,0.077126779,1,4.730066299,1,-3.234876394,1,-0.658919632,0,-1.124017,0,-1.958660007,0
75.99766541,-6.835057735,1,-6.973600864,1,-5.144384861,1,0.17968303,1,4.784051895,1,-3.278310299,1,-0.61337328,0,-1.116448998,0,-2.008682251,0
76.00167084,-7.380520344,1,-6.953691483,1,-5.332800388,1,0.302325726,1,4.84531498,1,-3.323572397,1,-0.568462491,0,-1.107805014,0,-2.057698488,0
76.00566864,-7.790949821,1,-6.895367622,1,-5.460785389,1,0.415487081,1,4.913497448,1,-3.368305206,1,-0.524327457,0,-1.098079085,0,-2.105536938,0
76.00966644,-8.253025055,1,-6.919956684,1,-5.549669743,1,0.539212048,1,4.989005566,1,-3.407444477,1,-0.48110193,0,-1.087247849,0,-2.152072191,0
76.01367188,-8.63384819,1,-6.960394382,1,-5.661894798,1,0.661260009,1,5.059533119,1,-3.449089766,1,-0.43887955,0,-1.075332642,0,-2.197194338,0
76.01766968,-8.932491302,1,-7.00979948,1,-5.832781315,1,0.786683917,1,5.12379694,1,-3.48750782,1,-0.397790313,0,-1.06234467,0,-2.24075532,0
76.02166748,-9.11738205,1,-7.109364033,1,-5.898088932,1,0.91381371,1,5.187096119,1,-3.518719196,1,-0.357945025,0,-1.048349977,0,-2.282637119,0
76.02566528,-9.213624954,1,-7.177812576,1,-6.024005413,1,1.035774112,1,5.222545147,1,-3.544852018,1,-0.319457322,0,-1.03340888,0,-2.322714329,0
76.02966309,-9.311230659,1,-7.285005569,1,-6.11410284,1,1.156948805,1,5.244367123,1,-3.563949108,1,-0.282450169,0,-1.017623544,0,-2.360867262,0
76.03366852,-9.486154556,1,-7.349533558,1,-6.282122612,1,1.281414747,1,5.249024868,1,-3.576150179,1,-0.246935099,0,-1.001091957,0,-2.397052765,0
76.03766632,-9.714963913,1,-7.459653854,1,-6.466441631,1,1.407423973,1,5.233233929,1,-3.577873707,1,-0.212884694,0,-0.98393327,0,-2.431287766,0
76.04166412,-10.02892685,1,-7.554178715,1,-6.620461464,1,1.535746813,1,5.209765434,1,-3.585565567,1,-0.180247173,0,-0.966243684,0,-2.463597536,0
76.04566193,-10.31790161,1,-7.605944633,1,-6.740910053,1,1.664640188,1,5.172268867,1,-3.588922977,1,-0.148895949,0,-0.948111773,0,-2.4941082,0
76.04966736,-10.67311668,1,-7.667455196,1,-6.939423084,1,1.783975005,1,5.123672962,1,-3.595480204,1,-0.11879427,0,-0.929624796,0,-2.522867441,0
76.05366516,-11.02387619,1,-7.884646416,1,-7.142122269,1,1.900735378,1,5.065117359,1,-3.604180336,1,-0.089823864,0,-0.910845757,0,-2.550007582,0
76.05766296,-11.37863159,1,-8.165621758,1,-7.39074564,1,2.014575481,1,5.005277157,1,-3.60551548,1,-0.06188203,0,-0.891857445,0,-2.575643778,0
76.0616684,-11.86823082,1,-8.477895737,1,-7.707176685,1,2.130982876,1,4.937158108,1,-3.604798079,1,-0.034912538,0,-0.872692585,0,-2.599836588,0
76.0656662,-12.60260201,1,-8.737879753,1,-8.082700729,1,2.243166447,1,4.880471706,1,-3.614630938,1,-0.008788543,0,-0.853373587,0,-2.622697592,0
76.069664,-13.55420685,1,-9.048713684,1,-8.506832123,1,2.363776207,1,4.835336685,1,-3.626592398,1,0.01659774,0,-0.833884358,0,-2.644348145,0
76.0736618,-14.62072277,1,-9.410329819,1,-9.053796768,1,2.482377291,1,4.802892208,1,-3.659156799,1,0.041427679,0,-0.814202964,0,-2.664971828,0
76.07765961,-15.7598381,1,-9.728469849,1,-9.699990273,1,2.601057291,1,4.771958351,1,-3.706150532,1,0.065804221,0,-0.794293761,0,-2.684698105,0
76.08166504,-16.79063034,1,-9.929004669,1,-10.52657509,1,2.706518173,1,4.740108013,1,-3.772627592,1,0.089815639,0,-0.774165571,0,-2.703673601,0
76.08566284,-17.97302628,1,-9.884078979,1,-11.35390568,1,2.817097425,1,4.706348419,1,-3.863161802,1,0.113582559,0,-0.75381887,0,-2.722052097,0
76.08966065,-19.38028145,1,-9.492078781,1,-11.97515297,1,2.941881895,1,4.673521519,1,-3.972161531,1,0.137227863,0,-0.733248889,0,-2.739973783,0
76.09365845,-20.98950577,1,-8.771409988,1,-12.26351833,1,3.099565268,1,4.657151222,1,-4.116029263,1,0.160971567,0,-0.71240139,0,-2.757619143,0
76.09766388,-22.74873543,1,-7.969452858,1,-12.30821323,1,3.284031868,1,4.649526119,1,-4.282690048,1,0.185000107,0,-0.691172659,0,-2.775070429,0
76.10166168,-24.35955048,1,-7.424800873,1,-11.98699474,1,3.49215889,1,4.647772789,1,-4.468448639,1,0.2094924,0,-0.669519365,0,-2.792458534,0
76.10565949,-25.74219704,1,-7.228999138,1,-11.57769966,1,3.689054966,1,4.623012066,1,-4.658190727,1,0.234474391,0,-0.647406101,0,-2.809804916,0
76.10966492,-26.77858734,1,-7.087491989,1,-11.04029465,1,3.844323397,1,4.577009678,1,-4.842646122,1,0.259830326,0,-0.624897242,0,-2.827106476,0
76.11366272,-27.42376709,1,-7.045454025,1,-10.39432716,1,3.962939978,1,4.479478836,1,-5.010356903,1,0.285376698,0,-0.602151215,0,-2.844343901,0
76.11766815,-28.01517296,1,-6.958066463,1,-9.782712936,1,4.042218685,1,4.32339716,1,-5.146134853,1,0.310931146,0,-0.579338133,0,-2.861494064,0
76.12166596,-28.64204979,1,-6.688173294,1,-8.924048424,1,4.077914715,1,4.113379002,1,-5.253073215,1,0.336340785,0,-0.55671525,0,-2.878521442,0
76.12566376,-29.44848061,1,-5.600721359,1,-7.361437798,1,4.088160515,1,3.877856493,1,-5.341683388,1,0.361448884,0,-0.534450054,0,-2.895416737,0
76.12966156,-26.16497993,1,5.713963032,1,-8.481978416,1,4.211462498,1,3.431669235,1,-5.603878021,1,0.386572897,0,-0.512723207,0,-2.912661314,0
76.13367462,-19.74818802,1,12.96931458,1,-10.47046757,1,4.48690033,1,2.829484701,1,-5.792744637,1,0.412829518,0,-0.492267877,0,-2.931077957,0
76.1376648,-20.34649849,1,11.69380951,1,-6.91920042,1,4.803463459,1,2.412393093,1,-6.06342411,1,0.440403998,0,-0.472964704,0,-2.950550556,0
76.1416626,-24.07772827,1,10.77001286,1,-5.859506607,1,5.110380173,1,2.082770586,1,-6.219643593,1,0.469336689,0,-0.454080582,0,-2.970860481,0
76.14567566,-26.24848175,1,8.600237846,1,-4.375084877,1,5.239300251,1,1.773883462,1,-6.207061768,1,0.49887085,0,-0.435692281,0,-2.99128437,0
76.14967346,-28.04875374,1,6.786733627,1,-3.394126892,1,5.171798706,1,1.519901633,1,-6.028161049,1,0.52798754,0,-0.417927444,0,-3.011194229,0
76.15367127,-30.45547676,1,5.508401871,1,-2.955741882,1,4.877354622,1,1.316142678,1,-5.732409954,1,0.555627286,0,-0.400940239,0,-3.029993296,0
76.15766907,-32.87878036,1,4.782270908,1,-2.33304143,1,4.436294079,1,1.19615972,1,-5.453072548,1,0.580988526,0,-0.384698868,0,-3.047474146,0
76.16165924,-34.58591461,1,4.603111744,1,-1.325387716,1,3.858213425,1,1.126691818,1,-5.201462746,1,0.603583038,0,-0.368943989,0,-3.063684225,0
76.1656723,-35.44369507,1,5.354076385,1,0.627231896,1,3.163120985,1,1.055820346,1,-4.955324173,1,0.622969508,0,-0.353676081,0,-3.078746557,0
76.16967011,-35.58108521,1,6.920513153,1,2.664152861,1,2.433986425,1,0.937019527,1,-4.687950611,1,0.638932288,0,-0.339063704,0,-3.092797041,0
76.17366791,-35.22744751,1,9.155227661,1,4.323493004,1,1.761876702,1,0.786584079,1,-4.378354073,1,0.651581287,0,-0.325380325,0,-3.105928659,0
76.17766571,-34.12802124,1,11.85691166,1,5.525527954,1,1.235994697,1,0.590876043,1,-4.008900166,1,0.661376894,0,-0.312931001,0,-3.118149519,0
76.18167114,-32.19005966,1,14.67538357,1,6.338534832,1,0.889922082,1,0.302394241,1,-3.579461098,1,0.669017076,0,-0.302120447,0,-3.129523039,0
76.18566895,-30.67055702,1,17.14712334,1,6.928014755,1,0.725080013,1,-0.03177572,1,-3.090991497,1,0.675308704,0,-0.293368489,0,-3.140094995,0
76.18966675,-29.28462219,1,18.41387558,1,7.159628868,1,0.711898565,1,-0.379550695,1,-2.555385113,1,0.680941463,0,-0.286919832,0,3.133358002,0
76.19366455,-28.06837463,1,17.60482597,1,7.030432701,1,0.765090048,1,-0.713654041,1,-1.975724459,1,0.689082444,0,-0.286038816,0,3.129378319,0
76.19766998,-10.2789793,1,-4.982425213,1,1.402365565,1,-0.353560269,1,-1.257188797,1,-1.254163742,1,0.692839265,0,-0.284850389,0,3.121630907,0
76.20166779,-24.90651131,1,-11.79497814,1,9.023888588,1,-2.735495329,1,-2.661587477,1,-0.20348765,1,0.688698292,0,-0.288861871,0,3.114137888,0
76.20566559,-37.30197525,1,-10.97817707,1,12.97603989,1,-4.939959526,1,-3.28382206,1,0.533472478,1,0.675527096,0,-0.298869252,0,3.106770515,0
76.20966339,-14.75278568,1,2.602208376,1,10.57591152,1,-6.020288944,1,-3.39324379,1,1.022541404,1,0.654659986,0,-0.311214805,0,3.100529671,0
76.21366882,11.86375332,1,13.64272881,1,1.039116621,1,-5.364292622,1,-3.824349165,1,1.75793314,1,0.633336544,0,-0.326099932,0,3.096358061,0
76.21766663,3.986700296,1,8.581245422,1,-9.463949203,1,-5.710818291,1,-4.343430042,1,2.013001204,1,0.612457395,0,-0.343797714,0,3.09284544,0
76.22166443,-12.71669388,1,8.732550621,1,-19.52389145,1,-5.63414669,1,-4.264119148,1,1.980323195,1,0.590884328,0,-0.362817407,0,3.089350224,0
76.22566223,-2.634366989,1,8.399230957,1,-30.39349365,1,-4.512915611,1,-3.517814875,1,1.594469309,1,0.571308434,0,-0.3798123,0,3.08656764,0
76.22966766,3.237927198,1,-1.60488236,1,-32.01992035,1,-4.072841644,1,-3.20896244,1,1.38506031,1,0.555270255,0,-0.394187868,0,3.084351778,0
76.23366547,-0.036467556,1,1.355674863,1,-24.63868141,1,-3.757011414,1,-2.956173182,1,1.36561358,1,0.540287316,0,-0.407658756,0,3.082365036,0
76.2376709,6.827212334,1,13.63943195,1,-19.60400772,1,-2.73318696,1,-2.843037605,1,1.629315376,1,0.527755797,0,-0.420498282,0,3.081548929,0
76.2416687,-3.700238943,1,16.49280548,1,-16.6500206,1,-2.606691837,1,-3.452196836,1,2.126161575,1,0.517054617,0,-0.435213774,0,3.081598759,0
76.2456665,-2.069863558,1,21.32464981,1,-15.2381773,1,-2.125092983,1,-3.612015724,1,2.777261734,1,0.506676912,0,-0.452272713,0,3.083551168,0
76.24966431,-2.855432034,1,20.29336929,1,-17.07530212,1,-1.764038324,1,-4.064284325,1,3.365949392,1,0.497306138,0,-0.471678913,0,3.087287426,0
76.25366974,-12.62522984,1,17.38564873,1,-18.67136765,1,-1.464118123,1,-4.062813282,1,3.581824303,1,0.488464296,0,-0.492763013,0,3.092500925,0
76.25766754,-18.66132164,1,13.79506302,1,-20.53780746,1,-1.220633864,1,-3.729924917,1,3.531608343,1,0.480138391,0,-0.5132218,0,3.098581314,0
76.26166534,-29.33915329,1,5.167229652,1,-21.01301956,1,-1.120370746,1,-3.439744711,1,3.453090429,1,0.472111583,0,-0.532329917,0,3.105349064,0
76.26567078,-37.67155838,1,-4.089766979,1,-18.56802559,1,-1.037523031,1,-2.740522861,1,2.935062408,1,0.464272141,0,-0.549357891,0,3.112178087,0
76.26966858,-34.86260986,1,-9.029409409,1,-13.21369743,1,-0.733054101,1,-1.919893742,1,2.204926491,1,0.457549453,0,-0.56226182,0,3.11822176,0
76.27366638,-23.77851486,1,-11.36873436,1,-7.299880028,1,-0.480605811,1,-1.613024354,1,1.501797915,1,0.452886879,0,-0.571742177,0,3.122448206,0
76.27766419,-8.703162193,1,-15.35309887,1,-3.61220479,1,-0.627838433,1,-1.573703408,1,1.000472188,1,0.449789107,0,-0.579617381,0,3.124442816,0
76.28166199,-6.059090614,1,-8.809474945,1,-7.902842522,1,-1.074130654,1,-1.772316694,1,0.868794143,1,0.445995748,0,-0.587136269,0,3.124969482,0
76.28566742,-8.572112083,1,-6.693469048,1,-7.450682163,1,-1.189947963,1,-1.831620693,1,0.790845513,1,0.441543549,0,-0.59516114,0,3.124709606,0
76.28966522,-8.90927887,1,-1.308595181,1,-13.24058819,1,-1.250663757,1,-1.571931243,1,0.949774742,1,0.436497033,0,-0.602843583,0,3.125034094,0
76.29366303,-9.702552795,1,1.880698919,1,-15.18388557,1,-1.067734718,1,-1.101177216,1,0.935093701,1,0.430999726,0,-0.609302223,0,3.126439571,0
76.29766083,-10.57396412,1,4.423187256,1,-13.20700359,1,-0.879536271,1,-0.643365085,1,0.929646313,1,0.425724685,0,-0.614025593,0,3.12886095,0
76.30166626,-8.240927696,1,4.812766552,1,-9.066038132,1,-0.654462814,1,-0.438408315,1,0.858895421,1,0.420939088,0,-0.617410839,0,3.131839752,0
76.30566406,-8.243152618,1,0.081288449,1,-7.335622787,1,-0.560247302,1,-0.429971129,1,0.659358025,1,0.417056531,0,-0.620233178,0,3.13441205,0
76.30966187,-9.774065018,1,-4.692086697,1,-7.813883781,1,-0.512604237,1,-0.352738559,1,0.405530363,1,0.41396755,0,-0.622543693,0,3.136005163,0
76.3136673,-10.27575207,1,-5.548250675,1,-8.729496002,1,-0.476150215,1,-0.217673719,1,0.271254003,1,0.411465973,0,-0.624133468,0,3.136912107,0
76.3176651,-7.351429939,1,-4.653960705,1,-8.38317585,1,-0.489540637,1,-0.115454048,1,0.327603251,1,0.408970505,0,-0.625176787,0,3.137905359,0
76.3216629,-5.759111404,1,-5.638481617,1,-8.252214432,1,-0.553370178,1,-0.059172984,1,0.441628188,1,0.405957609,0,-0.626099586,0,3.139487028,0
76.32566071,-5.338389874,1,-6.638982773,1,-8.519088745,1,-0.641998827,1,-0.029847391,1,0.482465029,1,0.402358025,0,-0.626986861,0,3.141536951,0
76.32965851,-5.627062798,1,-6.450968742,1,-8.566796303,1,-0.692642212,1,-0.031784039,1,0.489231229,1,0.398421645,0,-0.627863586,0,-3.139493942,0
76.33366394,-5.050891876,1,-4.343232632,1,-8.490757942,1,-0.702573538,1,-0.025769349,1,0.517229438,1,0.394317806,0,-0.628741086,0,-3.13727212,0
76.33766174,-4.502371311,1,-2.483525991,1,-9.004563332,1,-0.698551297,1,-0.036652185,1,0.562940836,1,0.390083909,0,-0.629679739,0,-3.134858847,0
76.34165955,-4.757185936,1,-1.635727048,1,-9.330757141,1,-0.666312635,1,-0.050724424,1,0.56958586,1,0.385850281,0,-0.630693018,0,-3.13231039,0
76.34565735,-4.656170845,1,-1.62325561,1,-8.80635643,1,-0.630894721,1,-0.067793578,1,0.552422523,1,0.381783903,0,-0.631758809,0,-3.129832983,0
76.34966278,-5.103574753,1,-1.587984085,1,-8.680571556,1,-0.573854148,1,-0.081545725,1,0.516509354,1,0.378011316,0,-0.632842958,0,-3.127521038,0
76.35366058,-5.423630714,1,-1.037587404,1,-8.854327202,1,-0.509330273,1,-0.095167086,1,0.473350495,1,0.374589682,0,-0.633897662,0,-3.125397921,0
76.35766602,-5.291064739,1,-0.526872218,1,-9.114981651,1,-0.429987669,1,-0.08844319,1,0.427001297,1,0.371586472,0,-0.634898663,0,-3.123494387,0
76.36166382,-4.750015259,1,-0.846888542,1,-9.372649193,1,-0.358735561,1,-0.096079662,1,0.392250061,1,0.368992388,0,-0.635839999,0,-3.121767521,0
76.36566162,-4.073446751,1,-1.513038516,1,-9.575764656,1,-0.305167675,1,-0.135883018,1,0.363829941,1,0.366744459,0,-0.636805236,0,-3.120211601,0
76.36966705,-3.909002781,1,-1.847144246,1,-9.622197151,1,-0.252627701,1,-0.192780435,1,0.337830544,1,0.364835709,0,-0.637917697,0,-3.118875742,0
76.37366486,-4.488128185,1,-1.976511121,1,-9.288599014,1,-0.213021636,1,-0.237411126,1,0.33234489,1,0.363201767,0,-0.639208019,0,-3.117692947,0
76.37766266,-4.919126034,1,-1.931874394,1,-8.929450035,1,-0.180022374,1,-0.254768431,1,0.340609699,1,0.361744702,0,-0.640608311,0,-3.116559744,0
76.38166046,-4.764315128,1,-2.279089451,1,-8.698919296,1,-0.170235932,1,-0.263641894,1,0.337097913,1,0.360366404,0,-0.642044365,0,-3.115415096,0
76.38566589,-4.76612711,1,-2.49505949,1,-8.76231575,1,-0.161461443,1,-0.274752706,1,0.317020774,1,0.359067023,0,-0.643513441,0,-3.11435771,0
76.3896637,-4.705110073,1,-2.185370207,1,-8.763812065,1,-0.152112931,1,-0.286029637,1,0.285588771,1,0.357888997,0,-0.644981265,0,-3.113442183,0
76.3936615,-5.112222672,1,-1.679570079,1,-8.737342834,1,-0.135998502,1,-0.297153652,1,0.248305604,1,0.3568663,0,-0.646454334,0,-3.112705946,0
76.39766693,-5.202711582,1,-1.315770507,1,-8.723139763,1,-0.110183194,1,-0.304020047,1,0.194432303,1,0.356051147,0,-0.647893846,0,-3.112195015,0
76.40166473,-5.037343502,1,-1.226757884,1,-8.713503838,1,-0.083141744,1,-0.313984364,1,0.145975038,1,0.355505317,0,-0.649284422,0,-3.111934662,0
76.40566254,-4.824217796,1,-1.154904485,1,-8.866939545,1,-0.054354616,1,-0.325405002,1,0.105540961,1,0.355213702,0,-0.650663733,0,-3.111898661,0
76.40966034,-4.729424,1,-1.368912101,1,-8.926963806,1,-0.033677489,1,-0.345961273,1,0.07705377,1,0.355139971,0,-0.652044773,0,-3.112050533,0
76.41365814,-4.954031944,1,-1.645583272,1,-8.884299278,1,-0.00542879,1,-0.365397841,1,0.051308706,1,0.355259329,0,-0.653465033,0,-3.112369061,0
76.41766357,-4.849776268,1,-2.263998508,1,-8.759607315,1,-0.00264599,1,-0.380585551,1,0.037656073,1,0.355516791,0,-0.654923797,0,-3.112808466,0
76.42166138,-4.826491833,1,-2.769709349,1,-8.777332306,1,0.006694915,1,-0.393298507,1,0.038816217,1,0.355828196,0,-0.65643537,0,-3.113317728,0
76.42565918,-4.555940628,1,-3.19782877,1,-8.771458626,1,-0.004153327,1,-0.405902296,1,0.044561181,1,0.356140018,0,-0.657990098,0,-3.11383009,0
76.42965698,-4.529232025,1,-3.376910686,1,-8.614265442,1,-0.006634474,1,-0.416474879,1,0.067496613,1,0.356399953,0,-0.659610152,0,-3.114294052,0
76.43366242,-4.636972427,1,-3.381923676,1,-8.407675743,1,-0.009355398,1,-0.414128453,1,0.097755313,1,0.356580883,0,-0.661278725,0,-3.114648104,0
76.43766022,-4.942835331,1,-3.581380367,1,-8.233083725,1,-0.022616116,1,-0.410420567,1,0.127808958,1,0.356642008,0,-0.662991345,0,-3.114855766,0
76.44165802,-4.75400877,1,-4.070655346,1,-8.124016762,1,-0.049053535,1,-0.409752607,1,0.15927799,1,0.205166712,0,-0.73374033,0,2.95792675,0
76.44566345,-4.848450184,1,-3.883037806,1,-7.93894434,1,-0.069103852,1,-0.405545413,1,0.193945199,1,0.205224559,0,-0.735506177,0,2.973453522,0
76.44966126,-5.025808334,1,-3.880307436,1,-7.743949413,1,-0.093079776,1,-0.387668282,1,0.223798349,1,0.20445852,0,-0.737228394,0,2.974129677,0
76.45365906,-5.10271883,1,-3.650617599,1,-7.619382858,1,-0.102101184,1,-0.365221262,1,0.247994229,1,0.203503683,0,-0.73888886,0,2.974962473,0
76.45765686,-5.197411537,1,-3.107824802,1,-7.757635117,1,-0.110765323,1,-0.335642934,1,0.252172083,1,0.202424347,0,-0.740471244,0,2.975921154,0
76.46165466,-4.617282867,1,-2.700272083,1,-8.253938675,1,-0.124328576,1,-0.344716907,1,0.268446296,1,0.201265946,0,-0.742003322,0,2.976939201,0
76.4656601,-4.545177937,1,-1.489449859,1,-8.496141434,1,-0.105485819,1,-0.357187122,1,0.261814535,1,0.200076342,0,-0.743591249,0,2.97797966,0
76.4696579,-4.82690382,1,-0.815597236,1,-8.542085648,1,-0.036409616,1,-0.358149946,1,0.24954854,1,0.199130654,0,-0.745197356,0,2.978951454,0
76.4736557,-4.725600243,1,-1.25995028,1,-8.660030365,1,0.011546268,1,-0.373589009,1,0.241602853,1,0.19846423,0,-0.746816337,0,2.979865074,0
76.47766113,-4.582183838,1,-2.318007231,1,-8.677070618,1,0.018418632,1,-0.405182958,1,0.233432665,1,0.197957277,0,-0.748524904,0,2.980714083,0
76.48166657,-4.382846355,1,-3.006776094,1,-8.649860382,1,-0.005873134,1,-0.448567569,1,0.24056673,1,0.197434738,0,-0.750382781,0,2.981517792,0
76.48566437,-4.555490971,1,-2.374387741,1,-8.69391346,1,0.01039419,1,-0.477129132,1,0.241724953,1,0.196869239,0,-0.752386153,0,2.98232317,0
76.48966217,-4.445785999,1,-2.362944603,1,-8.805438995,1,0.036648303,1,-0.506845474,1,0.26655218,1,0.196393549,0,-0.75452131,0,2.983173847,0
76.49365997,-4.659449577,1,-2.293637514,1,-8.686671257,1,0.046332493,1,-0.532150507,1,0.273121536,1,0.195940316,0,-0.756757855,0,2.984069824,0
76.49765778,-4.76859951,1,-2.700619221,1,-8.72099781,1,0.068422899,1,-0.558028936,1,0.281172782,1,0.195556641,0,-0.759101987,0,2.984981298,0
76.50166321,-4.514748096,1,-3.517317533,1,-8.826361656,1,0.023541624,1,-0.598616719,1,0.303488463,1,0.195106328,0,-0.761595607,0,2.98593092,0
76.50566101,-4.593975544,1,-3.299649715,1,-8.706933022,1,-0.011752684,1,-0.643528342,1,0.308287799,1,0.194424406,0,-0.764279664,0,2.986927509,0
76.50965881,-4.592299938,1,-2.405771494,1,-8.696811676,1,0.001046649,1,-0.664589643,1,0.319181144,1,0.193686187,0,-0.767096341,0,2.987934113,0
76.51365662,-4.79097414,1,-2.159094572,1,-8.76445961,1,0.018428545,1,-0.692742527,1,0.330369651,1,0.193000719,0,-0.770011723,0,2.988977432,0
76.51766205,-4.901207924,1,-2.22516346,1,-8.572725296,1,0.026853701,1,-0.710164368,1,0.327145189,1,0.192359462,0,-0.773012221,0,2.990026474,0
76.52165985,-5.066795826,1,-2.305283785,1,-8.522328377,1,0.020674512,1,-0.732962251,1,0.327931076,1,0.191723973,0,-0.77610445,0,2.991059065,0
76.52565765,-4.994069576,1,-2.089262486,1,-8.399580002,1,0.027562832,1,-0.752181947,1,0.32998845,1,0.191100448,0,-0.779272676,0,2.992068291,0
76.52966309,-5.090869427,1,-1.987374306,1,-8.262703896,1,0.040574387,1,-0.761495292,1,0.333227128,1,0.190527618,0,-0.782496095,0,2.993082762,0
76.53366089,-5.183897018,1,-2.013324976,1,-8.163300514,1,0.05504442,1,-0.772465348,1,0.324615508,1,0.190020293,0,-0.785758376,0,2.994080305,0
76.53765869,-5.371571064,1,-2.152118921,1,-8.051743507,1,0.05337527,1,-0.781445563,1,0.321505129,1,0.189560726,0,-0.789044261,0,2.995044231,0
76.54165649,-5.77721405,1,-2.381888628,1,-8.022821426,1,0.037753891,1,-0.7823807,1,0.319534302,1,0.189072341,0,-0.792350829,0,2.995989799,0
76.5456543,-5.318978786,1,-2.421708345,1,-7.842537403,1,0.02716068,1,-0.783549428,1,0.314342469,1,0.188543081,0,-0.795675278,0,2.996917725,0
76.5496521,-5.257148743,1,-2.433453798,1,-7.827459335,1,0.016736422,1,-0.789319932,1,0.320782304,1,0.187953949,0,-0.798999369,0,2.997864008,0
76.55365753,-5.321405888,1,-2.333851099,1,-7.755349159,1,0.020194244,1,-0.787128508,1,0.319746524,1,0.187352344,0,-0.802333236,0,2.998816729,0
76.55765533,-5.370764256,1,-2.483279467,1,-7.674934387,1,0.01330663,1,-0.783017635,1,0.326360852,1,0.186717868,0,-0.805651128,0,2.99980402,0
76.56165314,-5.493629456,1,-2.564143419,1,-7.577456474,1,0.00027745,1,-0.777911603,1,0.327348679,1,0.186013326,0,-0.808960855,0,3.000819683,0
76.56565857,-5.665865421,1,-2.584023952,1,-7.656046391,1,-0.013776466,1,-0.770267963,1,0.331967652,1,0.18523182,0,-0.812254369,0,3.001864672,0
76.56965637,-5.462461472,1,-2.546734095,1,-7.56403923,1,-0.02921978,1,-0.767980218,1,0.330974758,1,0.184360981,0,-0.815519392,0,3.002935648,0
76.57365418,-5.560310841,1,-2.416274548,1,-7.570335388,1,-0.0339422,1,-0.761463821,1,0.333356857,1,0.183440298,0,-0.818774998,0,3.004027605,0
76.57765198,-5.65018034,1,-2.35877037,1,-7.587372303,1,-0.047333006,1,-0.763106465,1,0.338463634,1,0.182448909,0,-0.822019279,0,3.005159378,0
76.58164978,-5.722385406,1,-2.440653563,1,-7.552589893,1,-0.04875879,1,-0.75058192,1,0.340657413,1,0.181408465,0,-0.825236559,0,3.006324053,0
76.58565521,-5.681708813,1,-2.604571581,1,-7.54225111,1,-0.063677534,1,-0.743543208,1,0.346776426,1,0.180291682,0,-0.828427196,0,3.007522106,0
76.58965302,-5.680946827,1,-2.620653868,1,-7.495029449,1,-0.071014456,1,-0.739019454,1,0.353525549,1,0.179096907,0,-0.831594169,0,3.008769274,0
76.59365082,-5.835296154,1,-2.745725155,1,-7.60312748,1,-0.08213862,1,-0.730568349,1,0.363549829,1,0.177808776,0,-0.834743917,0,3.010095835,0
76.59765625,-5.627987385,1,-2.859936237,1,-7.4734478,1,-0.100917958,1,-0.730753243,1,0.374192446,1,0.176398337,0,-0.837871611,0,3.011499166,0
76.60166168,-5.687002659,1,-2.821417093,1,-7.457159996,1,-0.119764201,1,-0.723017156,1,0.387776613,1,0.174845889,0,-0.841008246,0,3.012984753,0
76.60565949,-5.819337368,1,-2.761935711,1,-7.418020725,1,-0.131049633,1,-0.719077826,1,0.396703005,1,0.173167512,0,-0.844129324,0,3.01456213,0
76.60965729,-5.736619473,1,-2.689903736,1,-7.436803818,1,-0.148955166,1,-0.717706203,1,0.414235443,1,0.171355501,0,-0.847246647,0,3.016228437,0
76.61366272,-5.71833992,1,-2.598275185,1,-7.433433533,1,-0.156331182,1,-0.71549809,1,0.425093055,1,0.169418976,0,-0.850354314,0,3.017989397,0
76.61766052,-5.755936146,1,-2.589627743,1,-7.458063126,1,-0.165712029,1,-0.716048181,1,0.443928301,1,0.16736415,0,-0.853473008,0,3.019867659,0
76.62165833,-5.781763554,1,-2.53971386,1,-7.491362572,1,-0.16671145,1,-0.719587326,1,0.456075072,1,0.165194318,0,-0.856599927,0,3.021859646,0
76.62565613,-5.657293797,1,-2.480940819,1,-7.562769413,1,-0.173700273,1,-0.718981981,1,0.468430579,1,0.162930533,0,-0.859736502,0,3.023933411,0
76.62965393,-5.679152012,1,-2.284267664,1,-7.60588932,1,-0.181253076,1,-0.725174725,1,0.477472693,1,0.160583809,0,-0.862899005,0,3.026087999,0
76.63365173,-5.788497925,1,-2.15354991,1,-7.739542007,1,-0.18002966,1,-0.738338947,1,0.481239378,1,0.158178523,0,-0.86609149,0,3.028306007,0
76.63765717,-5.777957916,1,-2.102380991,1,-7.698454857,1,-0.179697305,1,-0.747114539,1,0.488251299,1,0.15575093,0,-0.869327188,0,3.030553102,0
76.64165497,-5.670145035,1,-2.088639498,1,-7.73109293,1,-0.183488369,1,-0.760928988,1,0.486539125,1,0.15328832,0,-0.872601748,0,3.032815218,0
76.64565277,-5.774175644,1,-2.053868771,1,-7.739002228,1,-0.185622454,1,-0.775412261,1,0.491059989,1,0.150790498,0,-0.875943661,0,3.035103083,0
76.6496582,-5.748946667,1,-2.02237606,1,-7.789598942,1,-0.18627587,1,-0.789283633,1,0.491111398,1,0.148262635,0,-0.879330456,0,3.037421465,0
76.65365601,-5.828211784,1,-1.948897839,1,-7.839418411,1,-0.186138272,1,-0.805688381,1,0.493741333,1,0.145719185,0,-0.882772148,0,3.039758444,0
76.65765381,-5.809486389,1,-1.817216396,1,-7.78207922,1,-0.182723731,1,-0.818132579,1,0.496346414,1,0.143152878,0,-0.886269569,0,3.042113543,0
76.66165161,-5.726698399,1,-1.804197073,1,-7.805011272,1,-0.180593073,1,-0.835734487,1,0.497688234,1,0.140586615,0,-0.889829814,0,3.044484377,0
76.66564941,-5.80738163,1,-1.827843904,1,-7.839276314,1,-0.176716506,1,-0.862489283,1,0.495753467,1,0.138021022,0,-0.893476844,0,3.046865225,0
76.66965485,-5.853791237,1,-1.740850568,1,-7.820122719,1,-0.171225369,1,-0.883293986,1,0.497594535,1,0.135452598,0,-0.897202373,0,3.049259186,0
76.67365265,-5.912633419,1,-1.714280367,1,-7.740891457,1,-0.161939591,1,-0.905632675,1,0.49759692,1,0.132907987,0,-0.901000261,0,3.051655769,0
76.67765045,-6.027765274,1,-1.776482821,1,-7.67641592,1,-0.160096109,1,-0.927021861,1,0.498954296,1,0.130371749,0,-0.904894769,0,3.054063559,0
76.68164825,-6.0654459,1,-1.938366652,1,-7.636350155,1,-0.16397664,1,-0.945815682,1,0.50022155,1,0.127809256,0,-0.908860385,0,3.056493282,0
76.68565369,-6.009688854,1,-1.968741298,1,-7.555438519,1,-0.166523427,1,-0.967482805,1,0.506950855,1,0.125202492,0,-0.912917674,0,3.058957815,0
76.68965149,-5.978291512,1,-1.927999735,1,-7.506873608,1,-0.167270184,1,-0.989557564,1,0.513639688,1,0.122529455,0,-0.917044818,0,3.061494112,0
76.69364929,-6.009239197,1,-2.042570591,1,-7.4576087,1,-0.170960233,1,-1.00104177,1,0.524653554,1,0.193759277,0,-0.846235275,0,-3.100377083,0
76.69765472,-6.046585083,1,-2.130688667,1,-7.462229252,1,-0.172559515,1,-1.013487339,1,0.532406986,1,0.191594616,0,-0.850582898,0,-3.098400354,0
76.70165253,-6.122849941,1,-2.157593012,1,-7.496452332,1,-0.195379958,1,-1.033623099,1,0.543687105,1,0.189314768,0,-0.855013609,0,-3.096356153,0
76.70565033,-6.140703201,1,-2.255307674,1,-7.546139717,1,-0.211847052,1,-1.052481651,1,0.549343288,1,0.186912283,0,-0.859518588,0,-3.09425354,0
76.70964813,-6.100170612,1,-2.307100296,1,-7.69177866,1,-0.233018458,1,-1.07707417,1,0.556605399,1,0.184411585,0,-0.864112079,0,-3.092130423,0
76.71364594,-6.054175854,1,-2.369821548,1,-7.833376884,1,-0.253940344,1,-1.110057235,1,0.573142231,1,0.181760386,0,-0.868823171,0,-3.089924812,0
76.71765137,-6.083467007,1,-2.530308008,1,-7.933686256,1,-0.274879009,1,-1.1476717,1,0.5905779,1,0.178949505,0,-0.873678088,0,-3.087631702,0
76.7216568,-6.044579029,1,-2.642690182,1,-8.032376289,1,-0.289605021,1,-1.197152138,1,0.620368242,1,0.175955787,0,-0.878719091,0,-3.08520174,0
76.7256546,-5.929025173,1,-2.701031446,1,-8.098711014,1,-0.312074423,1,-1.244528651,1,0.64726305,1,0.172751278,0,-0.88396436,0,-3.082619667,0
76.72965241,-5.819595814,1,-2.671704292,1,-8.277975082,1,-0.318657011,1,-1.314022541,1,0.682370007,1,0.169322222,0,-0.889460325,0,-3.079829454,0
76.73365784,-5.779800892,1,-2.571341276,1,-8.358595848,1,-0.335543245,1,-1.379004002,1,0.719534814,1,0.165695637,0,-0.895243406,0,-3.076852083,0
76.73765564,-5.904613018,1,-2.420568705,1,-8.400177956,1,-0.347491741,1,-1.464439988,1,0.749803007,1,0.161841705,0,-0.90132606,0,-3.073679447,0
76.74165344,-5.833997726,1,-2.302083492,1,-8.455911636,1,-0.366917759,1,-1.525276184,1,0.77647686,1,0.157784835,0,-0.907705128,0,-3.070341349,0
76.74565125,-5.993313313,1,-2.090684652,1,-8.566679001,1,-0.384813398,1,-1.605754852,1,0.797599912,1,0.15351288,0,-0.914387047,0,-3.066833973,0
76.74964905,-5.87285614,1,-2.110867023,1,-8.621846199,1,-0.402176499,1,-1.685546756,1,0.824872911,1,0.149049386,0,-0.921377957,0,-3.063180685,0
76.75365448,-5.77806282,1,-1.955723524,1,-8.73281002,1,-0.425541759,1,-1.774195313,1,0.846870422,1,0.144355208,0,-0.928711951,0,-3.059370756,0
76.75765228,-5.749892712,1,-1.912602782,1,-8.862814903,1,-0.440430075,1,-1.862519503,1,0.869988143,1,0.139423057,0,-0.936395526,0,-3.055381775,0
76.76165009,-5.71068573,1,-1.941059947,1,-8.892210007,1,-0.449920923,1,-1.964610696,1,0.904600978,1,0.13424781,0,-0.94446671,0,-3.051172256,0
76.76564789,-5.738810062,1,-1.928755641,1,-9.011090279,1,-0.453519404,1,-2.076415777,1,0.9363029,1,0.128833249,0,-0.95294708,0,-3.046734571,0
76.76965332,-5.637635231,1,-2.099307537,1,-9.133572578,1,-0.457998842,1,-2.187314034,1,0.973242104,1,0.123137154,0,-0.961886466,0,-3.042000055,0
76.77365112,-5.644947052,1,-2.177382231,1,-9.223067284,1,-0.471587867,1,-2.317319632,1,1.019876838,1,0.117114574,0,-0.971304953,0,-3.03693819,0
76.77764893,-5.487942696,1,-2.299036741,1,-9.383558273,1,-0.472381145,1,-2.446121693,1,1.062242985,1,0.110715181,0,-0.981233597,0,-3.031485558,0
76.78165436,-5.450088024,1,-2.538303614,1,-9.680835724,1,-0.487618685,1,-2.591794014,1,1.10059464,1,0.10392224,0,-0.991715372,0,-3.025635958,0
76.78565216,-5.359848022,1,-2.19465971,1,-9.687552452,1,-0.494087696,1,-2.765326738,1,1.180025578,1,0.096649677,0,-1.002809644,0,-3.019289494,0
76.78964996,-5.393293858,1,-2.667011738,1,-10.29723358,1,-0.512438774,1,-2.928891182,1,1.239373207,1,0.088655375,0,-1.014598012,0,-3.012226343,0
76.79364777,-5.169154644,1,-2.734609127,1,-10.62232304,1,-0.520045638,1,-3.118688583,1,1.311962128,1,0.079948194,0,-1.027073503,0,-3.004448414,0
76.79764557,-4.937630653,1,-3.212900877,1,-11.05125332,1,-0.553739905,1,-3.355645657,1,1.383862734,1,0.07040856,0,-1.040384889,0,-2.99584198,0
76.801651,-5.97156477,1,-6.204226971,1,-13.81242752,1,-0.729563296,1,-3.491374254,1,1.435317278,1,0.059677809,0,-1.054511309,0,-2.98627758,0
76.8056488,0.411043674,1,1.101476431,1,-10.8224926,1,-0.397092938,1,-4.122565269,1,1.618542194,1,0.048208453,0,-1.069582105,0,-2.97578764,0
76.80964661,-9.719725609,1,-3.079272747,1,-12.63500023,1,-0.465382278,1,-4.166967869,1,1.691803455,1,0.035524525,0,-1.086505651,0,-2.963386297,0
76.81364441,-7.884024143,1,-8.945372581,1,-11.72238922,1,-0.660209358,1,-4.339539528,1,1.89538455,1,0.020292725,0,-1.103693724,0,-2.948721647,0
76.81765747,-4.819021225,1,-9.171031952,1,-11.72920895,1,-0.825247109,1,-4.699995041,1,1.991224408,1,0.001958364,0,-1.121832609,0,-2.931681156,0
76.82164764,-4.497178555,1,-6.993558407,1,-12.43083191,1,-0.892175972,1,-4.998765945,1,2.235146761,1,-0.019793449,0,-1.141185999,0,-2.91142869,0
76.82564545,-6.543321133,1,-7.530154705,1,-13.13530064,1,-0.904840291,1,-5.226415634,1,2.471698284,1,-0.04599018,0,-1.16132617,0,-2.886679411,0
76.82965851,-8.740099907,1,-8.427631378,1,-12.87173748,1,-0.956097662,1,-5.387633801,1,2.654957294,1,-0.077040635,0,-1.181893706,0,-2.857026339,0
76.83365631,-9.56628418,1,-9.943968773,1,-12.45606804,1,-1.069568396,1,-5.5463624,1,2.868347406,1,-0.113960505,0,-1.202618361,0,-2.821620703,0
76.83766174,-9.607867241,1,-11.37239933,1,-11.97137928,1,-1.267969966,1,-5.675312042,1,3.115916967,1,-0.158416405,0,-1.223249793,0,-2.779129982,0
76.84165955,-10.21991062,1,-11.50500202,1,-12.46539593,1,-1.495319128,1,-5.824126244,1,3.394715071,1,-0.212495878,0,-1.243446589,0,-2.727694273,0
76.84565735,-13.47661591,1,-10.75998402,1,-13.91108036,1,-1.633085847,1,-5.862566471,1,3.618392944,1,-0.277568996,0,-1.262765408,0,-2.665822268,0
76.84965515,-18.19788551,1,-9.503922462,1,-14.69145393,1,-1.687391281,1,-5.707895279,1,3.749206066,1,-0.352949113,0,-1.280284762,0,-2.593903542,0
76.85366058,-14.73905849,1,-8.653393745,1,-13.73244476,1,-1.783902407,1,-5.581519604,1,3.965829372,1,-0.438599288,0,-1.29511857,0,-2.511942387,0
76.85765839,-14.30500507,1,-9.048727989,1,-13.78380489,1,-1.920143366,1,-5.642482758,1,4.169043064,1,-0.53613323,0,-1.30732131,0,-2.418447971,0
76.86165619,-18.58045959,1,-8.267284393,1,-15.65740013,1,-1.990340948,1,-5.543096542,1,4.210992813,1,-0.643933773,0,-1.316618323,0,-2.315058947,0
76.86566162,-20.0414753,1,-6.941721916,1,-14.24978161,1,-2.003027439,1,-5.31631422,1,4.193253994,1,-0.75643611,0,-1.322407484,0,-2.207171679,0
76.86965942,-18.88772202,1,-8.218745232,1,-14.01353073,1,-2.029503107,1,-5.278827667,1,4.215328693,1,-0.871402502,0,-1.324704885,0,-2.096923113,0
76.87365723,-22.25849342,1,-8.001022339,1,-14.46458817,1,-2.006520987,1,-5.119960785,1,4.139505863,1,-0.985604346,0,-1.323822975,0,-1.987499237,0
76.87765503,-23.87176323,1,-8.203349113,1,-14.23881912,1,-2.022253036,1,-4.801493645,1,4.120487213,1,-1.093814731,0,-1.319632769,0,-1.884152889,0
76.88165283,-21.52228165,1,-9.501567841,1,-12.75634098,1,-2.109192848,1,-4.621728897,1,4.175829411,1,-1.194217443,0,-1.312320828,0,-1.788920164,0
76.88565826,-20.00174141,1,-10.00846195,1,-12.48027802,1,-2.304635525,1,-4.50382328,1,4.225080967,1,-1.287324309,0,-1.302312613,0,-1.701609135,0
76.88965607,-21.11920357,1,-9.302783966,1,-12.8519907,1,-2.489954233,1,-4.373194695,1,3.988776684,1,-1.372258067,0,-1.290537238,0,-1.623388052,0
76.89365387,-19.22994041,1,-9.204325676,1,-11.62293911,1,-2.586477995,1,-4.100936413,1,3.870498657,1,-1.447756529,0,-1.277783036,0,-1.55524385,0
76.89765167,-15.54882145,1,-8.59912014,1,-10.55117321,1,-2.761403084,1,-3.824980736,1,3.79275775,1,-1.513899088,0,-1.263930202,0,-1.49719584,0
76.9016571,-10.74026108,1,-6.533069134,1,-9.130638123,1,-2.925945282,1,-3.582814693,1,3.708845377,1,-1.572217941,0,-1.249323845,0,-1.447861314,0
76.90565491,-6.614268303,1,-4.27636385,1,-9.202803612,1,-3.010839939,1,-3.309323549,1,3.494752884,1,-1.623397231,0,-1.234521627,0,-1.406345367,0
76.90965271,-5.457745075,1,-3.38485074,1,-8.669136047,1,-2.966126442,1,-3.05631566,1,3.294609547,1,-1.667976737,0,-1.220035791,0,-1.371747971,0
76.91365814,-5.753293037,1,-4.184030056,1,-8.383655548,1,-2.867723703,1,-2.894111872,1,3.03199172,1,-1.70724988,0,-1.20603919,0,-1.342273474,0
76.91765595,-8.386971474,1,-2.245301008,1,-7.908425808,1,-2.611325741,1,-2.910541058,1,2.665976524,1,-1.743118644,0,-1.192962766,0,-1.315641761,0
76.92165375,-24.3328743,1,2.05733633,1,-10.79390335,1,-1.792912722,1,-2.889007092,1,2.079870224,1,-1.776186705,0,-1.18139112,0,-1.289590836,0
76.92565155,-28.76254845,1,0.441901445,1,-15.58325386,1,-1.213355184,1,-2.0348351,1,1.579550266,1,-1.801549673,0,-1.172141194,0,-1.268464208,0
76.92964935,-17.81525612,1,-3.940546274,1,-14.73402405,1,-0.964785635,1,-1.225084186,1,1.199715853,1,-1.817519426,0,-1.165235162,0,-1.255820274,0
76.93364716,-7.63744688,1,-6.481440544,1,-11.15120602,1,-0.757784247,1,-0.82464081,1,0.875283897,1,-1.827525854,0,-1.160243869,0,-1.248679757,0
76.93765259,-5.013707638,1,-8.146204948,1,-8.632032394,1,-0.569420099,1,-0.657915413,1,0.635976553,1,-1.834916234,0,-1.156591654,0,-1.243487716,0
76.94165039,-7.142770767,1,-8.662275314,1,-9.112838745,1,-0.546095312,1,-0.464015335,1,0.484383315,1,-1.840753913,0,-1.153865099,0,-1.239496946,0
76.94564819,-7.698440075,1,-8.327691078,1,-10.13278866,1,-0.658950269,1,-0.159044579,1,0.340944052,1,-1.847047567,0,-1.151625991,0,-1.235182881,0
76.94965363,-5.865320683,1,-7.893267632,1,-9.674546242,1,-0.771323502,1,0.094498426,1,0.242242932,1,-1.849408627,0,-1.150486231,0,-1.235738993,0
76.95365143,-4.332210541,1,-7.227341175,1,-8.679192543,1,-0.799249291,1,0.25141257,1,0.155623898,1,-1.850534201,0,-1.149926066,0,-1.23797071,0
76.95765686,-3.328171253,1,-6.6323843,1,-8.017080307,1,-0.793389022,1,0.397341549,1,0.089492351,1,-1.850659966,0,-1.149804831,0,-1.241326332,0
76.96165466,-2.070762157,1,-5.987656116,1,-7.554265976,1,-0.779410779,1,0.558623135,1,0.02461401,1,-1.849588275,0,-1.150108814,0,-1.245954037,0
76.96565247,-0.634168625,1,-5.239626884,1,-7.124607086,1,-0.727071285,1,0.703767717,1,-0.046677325,1,-1.847186089,0,-1.150847673,0,-1.25188899,0
76.96965027,0.085410185,1,-4.697072029,1,-6.776289463,1,-0.627603948,1,0.822590709,1,-0.108808495,1,-1.843498945,0,-1.151978135,0,-1.258901,0
76.9736557,0.263531983,1,-4.376333237,1,-6.651691914,1,-0.508627415,1,0.941748142,1,-0.177741617,1,-1.838458657,0,-1.153469563,0,-1.266902804,0
76.9776535,0.531740129,1,-4.131073952,1,-6.506127834,1,-0.382625014,1,1.058711052,1,-0.242230207,1,-1.832000732,0,-1.155318499,0,-1.275915623,0
76.98165131,0.727276504,1,-3.919413567,1,-6.800143719,1,-0.27420029,1,1.200362325,1,-0.327091932,1,-1.824032426,0,-1.157555103,0,-1.286030889,0
76.98565674,0.880458176,1,-3.910880804,1,-5.685951233,1,-0.132835537,1,1.362761617,1,-0.435174853,1,-1.814290166,0,-1.16036737,0,-1.29763341,0
76.98965454,2.707480669,1,-3.348869085,1,-5.380265236,1,0.041945741,1,1.381402612,1,-0.468869656,1,-1.80311203,0,-1.163405657,0,-1.310030341,0
76.99365234,1.865019798,1,-3.896013975,1,-5.798890591,1,0.18510595,1,1.468553782,1,-0.497782081,1,-1.790758967,0,-1.166570306,0,-1.322948217,0
76.99765015,1.355058193,1,-4.298348427,1,-6.01109457,1,0.280079484,1,1.608384848,1,-0.562368572,1,-1.776778698,0,-1.169929504,0,-1.337116838,0
77.00164795,1.219750166,1,-4.383468628,1,-5.894488811,1,0.343444824,1,1.739006162,1,-0.632683218,1,-1.761090159,0,-1.173595071,0,-1.35279119,0
77.00565338,1.125319958,1,-4.387761593,1,-5.76861763,1,0.409901768,1,1.870268106,1,-0.70653069,1,-1.743737817,0,-1.177540421,0,-1.369964957,0
77.00965118,0.927822411,1,-4.499056816,1,-5.767944336,1,0.461207628,1,2.009318829,1,-0.773809791,1,-1.724624515,0,-1.181727529,0,-1.388750553,0
77.01364899,0.658950806,1,-4.530872345,1,-5.839496613,1,0.49532032,1,2.164198637,1,-0.843850493,1,-1.703574896,0,-1.186114788,0,-1.409401059,0
77.01764679,0.334225655,1,-4.527143478,1,-5.834132671,1,0.52213496,1,2.322788,1,-0.916243851,1,-1.680467367,0,-1.190696239,0,-1.432109356,0
77.02165222,0.139826983,1,-4.418000698,1,-5.830421448,1,0.551380157,1,2.492053509,1,-1.002810359,1,-1.655120611,0,-1.195441246,0,-1.457069755,0
77.02565002,-0.063931309,1,-4.164527416,1,-5.917412758,1,0.589009047,1,2.658128023,1,-1.095868945,1,-1.627350807,0,-1.200360417,0,-1.484451532,0
77.02964783,-0.377809584,1,-3.908456087,1,-5.992041588,1,0.632207394,1,2.828247309,1,-1.195109367,1,-1.596980333,0,-1.205392599,0,-1.514385819,0
77.03365326,-0.561115503,1,-3.594491482,1,-6.079639435,1,0.693795979,1,2.988446236,1,-1.305069208,1,-1.563804865,0,-1.210512161,0,-1.547037125,0
77.03765106,-0.787119329,1,-3.349425316,1,-6.152307034,1,0.761859059,1,3.154820204,1,-1.421125293,1,-1.52763772,0,-1.215661526,0,-1.582538962,0
77.04164887,-1.010058045,1,-3.088799238,1,-6.203505993,1,0.840856194,1,3.306376219,1,-1.543149114,1,-1.488350868,0,-1.220772743,0,-1.620977402,0
77.04564667,-1.290689945,1,-2.840885878,1,-6.314155102,1,0.930467606,1,3.457323313,1,-1.66800189,1,-1.445819139,0,-1.225764751,0,-1.662445426,0
77.04964447,-1.610454082,1,-2.735888004,1,-6.313594341,1,1.019236684,1,3.604202509,1,-1.7921772,1,-1.399883628,0,-1.230531096,0,-1.707083583,0
77.0536499,-1.833624601,1,-2.554203033,1,-6.398055077,1,1.105648637,1,3.746517897,1,-1.916547656,1,-1.350491762,0,-1.234952211,0,-1.754930019,0
77.05764771,-2.114340067,1,-2.572274923,1,-6.458612919,1,1.188764572,1,3.879449844,1,-2.041688919,1,-1.297656894,0,-1.238911986,0,-1.805996299,0
77.06164551,-2.415437698,1,-2.566051483,1,-6.47203207,1,1.25803268,1,4.007115364,1,-2.163568258,1,-1.24153161,0,-1.242263675,0,-1.860151649,0
77.06564331,-2.708348751,1,-2.600669861,1,-6.538294315,1,1.312239289,1,4.131196022,1,-2.26607728,1,-1.182335496,0,-1.244854331,0,-1.917230725,0
77.06964874,-2.849246264,1,-2.729638577,1,-6.481803894,1,1.352687359,1,4.251233101,1,-2.368733406,1,-1.120345235,0,-1.246494651,0,-1.977023482,0
77.07364655,-2.984716177,1,-2.76414156,1,-6.521709919,1,1.382840395,1,4.355993748,1,-2.455325603,1,-1.056125164,0,-1.2470541,0,-2.038986444,0
77.07765198,-3.157365799,1,-2.754031897,1,-6.558067322,1,1.406749606,1,4.451080322,1,-2.537866831,1,-0.990275562,0,-1.246410489,0,-2.102565527,0
77.08164978,-3.286407709,1,-2.685533762,1,-6.650681019,1,1.42578578,1,4.534805775,1,-2.611790657,1,-0.923449457,0,-1.244478703,0,-2.167106628,0
77.08564758,-3.493454456,1,-2.631018162,1,-6.799176693,1,1.445968509,1,4.605197906,1,-2.676205635,1,-0.856387734,0,-1.241193295,0,-2.231880426,0
77.08965302,-3.695128918,1,-2.515606642,1,-6.944871426,1,1.471674323,1,4.669945717,1,-2.733370066,1,-0.789732933,0,-1.236510515,0,-2.296216249,0
77.09365082,-4.089374065,1,-2.387031078,1,-7.108240604,1,1.502197504,1,4.727709293,1,-2.784910917,1,-0.724112749,0,-1.230424523,0,-2.3594594,0
77.09764862,-4.474308014,1,-2.197351694,1,-7.153430462,1,1.541484356,1,4.78902483,1,-2.838167429,1,-0.659960806,0,-1.222943306,0,-2.42113328,0
77.10164642,-4.878983498,1,-2.013013601,1,-7.266151905,1,1.595225334,1,4.85634613,1,-2.885917425,1,-0.597620308,0,-1.214068174,0,-2.480866671,0
77.10565186,-5.288383007,1,-1.930392504,1,-7.36158371,1,1.652726173,1,4.917570114,1,-2.935162544,1,-0.53741014,0,-1.20384264,0,-2.538303852,0
77.10964966,-5.777528286,1,-1.944927216,1,-7.578407288,1,1.703697324,1,4.985935211,1,-2.977080584,1,-0.479612768,0,-1.192292452,0,-2.593155622,0
77.11364746,-6.200415134,1,-2.024819613,1,-7.760260582,1,1.758736372,1,5.065291405,1,-3.016639233,1,-0.424405575,0,-1.179450512,0,-2.645242453,0
77.11765289,-6.483153343,1,-2.136722326,1,-7.896854401,1,1.814384341,1,5.145031452,1,-3.051492691,1,-0.371867895,0,-1.165326238,0,-2.694487333,0
77.1216507,-6.734713078,1,-2.184818029,1,-8.052776337,1,1.859793663,1,5.218853474,1,-3.076624393,1,-0.322115242,0,-1.149999142,0,-2.740785122,0
77.1256485,-6.894593716,1,-2.279162645,1,-8.15195179,1,1.896532297,1,5.291475296,1,-3.098267317,1,-0.275257021,0,-1.133543253,0,-2.784040689,0
77.1296463,-6.935769081,1,-2.315599918,1,-8.297239304,1,1.939097881,1,5.355685711,1,-3.110063314,1,-0.231286064,0,-1.116031528,0,-2.824272156,0
77.1336441,-7.002081871,1,-2.298514605,1,-8.427871704,1,1.986194134,1,5.402319431,1,-3.113012552,1,-0.190131485,0,-1.097584963,0,-2.861523867,0
77.13764191,-7.116082668,1,-2.318083286,1,-8.654816628,1,2.033154488,1,5.450551987,1,-3.115326166,1,-0.151630223,0,-1.078305244,0,-2.895915508,0
77.14164734,-7.166481495,1,-2.265712738,1,-8.747818947,1,2.098205805,1,5.490068436,1,-3.104090691,1,-0.115617506,0,-1.058265328,0,-2.927579165,0
77.14564514,-7.127432823,1,-2.213814259,1,-8.839365005,1,2.177522659,1,5.493793964,1,-3.090758324,1,-0.081878848,0,-1.037620068,0,-2.956643343,0
77.14964294,-7.387909889,1,-2.18464613,1,-9.082324982,1,2.258863449,1,5.507727623,1,-3.077522039,1,-0.050242055,0,-1.016474128,0,-2.983253717,0
77.15364838,-7.624229431,1,-2.356394291,1,-9.28119278,1,2.353596926,1,5.50592041,1,-3.063597202,1,-0.020424331,0,-0.994888902,0,-3.007635117,0
77.15764618,-7.945837021,1,-2.527648926,1,-9.447823524,1,2.445822954,1,5.512662888,1,-3.05591774,1,0.007779923,0,-0.97292763,0,-3.029983759,0
77.16164398,-8.152222633,1,-2.705194235,1,-9.692592621,1,2.538758516,1,5.503636837,1,-3.049946308,1,0.034583293,0,-0.950647473,0,-3.050505638,0
77.16564179,-8.52641964,1,-3.015641928,1,-9.956115723,1,2.637389421,1,5.488293171,1,-3.050322294,1,0.060170721,0,-0.928124368,0,-3.069378614,0
77.16963959,-8.865952492,1,-3.355602503,1,-10.18751621,1,2.724971294,1,5.467486382,1,-3.056834698,1,0.084706247,0,-0.905390143,0,-3.086779833,0
77.17364502,-9.182170868,1,-3.679466248,1,-10.56099796,1,2.813381672,1,5.43707037,1,-3.068027496,1,0.108332232,0,-0.882508814,0,-3.102871418,0
77.17764282,-9.6867342,1,-4.029479027,1,-11.00849247,1,2.892222881,1,5.395390511,1,-3.103621244,1,0.131229848,0,-0.859524071,0,-3.117871761,0
77.18164063,-10.30156422,1,-4.3715868,1,-11.48327827,1,2.968287468,1,5.348923683,1,-3.159688234,1,0.153547645,0,-0.836469531,0,-3.13199234,0
77.18563843,-11.00088692,1,-4.709352016,1,-12.11937904,1,3.033302069,1,5.292759895,1,-3.239905357,1,0.175444931,0,-0.813375235,0,3.137734413,0
77.18964386,-11.70794773,1,-4.970106125,1,-12.80048561,1,3.082036495,1,5.232060909,1,-3.343859434,1,0.19701232,0,-0.790252686,0,3.124747753,0
77.19364166,-12.33777332,1,-5.013068199,1,-13.61738682,1,3.122380257,1,5.157894135,1,-3.472187281,1,0.223741397,0,-0.769845724,0,3.116744518,0
77.19763947,-12.98755646,1,-4.737202168,1,-14.48961163,1,3.157229424,1,5.071149349,1,-3.629098892,1,0.244893536,0,-0.746649861,0,3.104269743,0
77.2016449,-13.84168816,1,-4.348127365,1,-15.24024582,1,3.208233595,1,4.97601223,1,-3.80429554,1,0.266038358,0,-0.723448634,0,3.091725826,0
77.20565033,-14.96716404,1,-3.95280838,1,-15.74989319,1,3.275219917,1,4.893941879,1,-3.992754221,1,0.287282407,0,-0.700207829,0,3.079041719,0
77.20964813,-16.31405449,1,-3.557130098,1,-16.1312027,1,3.340042114,1,4.799270153,1,-4.182952881,1,0.30870837,0,-0.676877558,0,3.066151857,0
77.21365356,-17.75900269,1,-3.219169378,1,-16.36906052,1,3.407179117,1,4.705119133,1,-4.381389141,1,0.330285966,0,-0.653451145,0,3.053073168,0
77.21765137,-19.08382988,1,-2.38602829,1,-16.63977242,1,3.450462103,1,4.585910797,1,-4.578990936,1,0.351962984,0,-0.629931748,0,3.039758682,0
77.22164917,-20.44762611,1,-0.60676682,1,-17.20310974,1,3.485325575,1,4.439483166,1,-4.77325058,1,0.373715281,0,-0.606407285,0,3.026162148,0
77.2256546,-22.19431496,1,1.654128075,1,-17.70624352,1,3.550515652,1,4.289600849,1,-4.970155716,1,0.395557255,0,-0.582911551,0,3.012256622,0
77.22965241,-24.17072296,1,3.131994247,1,-17.35482216,1,3.66717577,1,4.183641911,1,-5.120439053,1,0.417579859,0,-0.559383273,0,2.998177528,0
77.23365021,-26.06280136,1,4.437136173,1,-16.36257935,1,3.815402031,1,4.139527798,1,-5.251074791,1,0.43985194,0,-0.535626531,0,2.984153032,0
77.23764801,-28.17166901,1,3.840531349,1,-14.64627934,1,3.921963453,1,4.146549702,1,-5.330625057,1,0.462189525,0,-0.511495709,0,2.970482349,0
77.24164581,-29.99510193,1,2.399911165,1,-12.77729607,1,3.92479229,1,4.191092014,1,-5.344851494,1,0.484136343,0,-0.486901492,0,2.9574821,0
77.24565125,-31.07213974,1,1.236582756,1,-10.7971611,1,3.777040482,1,4.205055237,1,-5.243605137,1,0.505061448,0,-0.462046415,0,2.945477724,0
77.24964905,-31.76675606,1,0.422355622,1,-8.568615913,1,3.508209467,1,4.16463995,1,-5.030313015,1,0.524333298,0,-0.437349051,0,2.93474865,0
77.25364685,-31.75377274,1,0.75353092,1,-6.499211311,1,3.183712006,1,4.061191559,1,-4.756907463,1,0.541562617,0,-0.413204938,0,2.925423622,0
77.25764465,-31.33929062,1,2.870023966,1,-4.449719429,1,2.873364687,1,3.869630814,1,-4.451185226,1,0.556823313,0,-0.39004007,0,2.917357922,0
77.26165009,-30.76651382,1,5.852505684,1,-2.135951757,1,2.641034365,1,3.604538202,1,-4.105536938,1,0.570408821,0,-0.368237674,0,2.910381794,0
77.26564789,-30.14190674,1,9.502276421,1,0.112099655,1,2.539684057,1,3.273066282,1,-3.746377707,1,0.582849681,0,-0.348128259,0,2.904342175,0
77.26964569,-29.79169655,1,13.74261379,1,1.883139014,1,2.59909296,1,2.892920494,1,-3.366674423,1,0.594843924,0,-0.329965293,0,2.899055004,0
77.27365112,-30.08785439,1,18.04883003,1,3.378177881,1,2.825637817,1,2.485391855,1,-3.000848293,1,0.607123673,0,-0.313890427,0,2.894388914,0
77.27764893,-30.58863831,1,21.81201363,1,4.54268074,1,3.206137657,1,2.072668314,1,-2.640843868,1,0.620405912,0,-0.299946964,0,2.890229702,0
77.28164673,-31.05632782,1,24.77614021,1,5.250789642,1,3.674691677,1,1.672701001,1,-2.300402641,1,0.635239661,0,-0.288076162,0,2.886470795,0
77.28564453,-30.91416359,1,25.78804016,1,5.692644596,1,4.127223015,1,1.292554855,1,-1.978343248,1,0.651828647,0,-0.278190434,0,2.883043766,0
77.28964233,-30.94924927,1,23.86257362,1,6.244452,1,4.40886116,1,0.970030308,1,-1.641280651,1,0.669792056,0,-0.270178378,0,2.879968882,0
77.29364777,-31.09361076,1,20.0430603,1,6.547123432,1,4.432490826,1,0.651703954,1,-1.284124732,1,0.68823874,0,-0.263964385,0,2.877346277,0
77.29764557,-31.34283638,1,14.46022034,1,6.667836189,1,4.109902859,1,0.376360506,1,-0.865115464,1,0.705937266,0,-0.259629577,0,2.875293255,0
77.30164337,-31.18269348,1,8.232048035,1,6.721438408,1,3.403482676,1,0.130564436,1,-0.381524593,1,0.721381068,0,-0.257224023,0,2.874006271,0
77.30564117,-30.34627724,1,3.363233089,1,6.223851681,1,2.411904335,1,-0.077647693,1,0.140077084,1,0.733151197,0,-0.256818861,0,2.873699427,0
77.30964661,-29.15989685,1,0.819209754,1,5.622429371,1,1.269846678,1,-0.281498402,1,0.686113358,1,0.74033469,0,-0.258461326,0,2.874460697,0
77.31364441,-27.27845955,1,0.173959255,1,4.839254379,1,0.142560616,1,-0.485717893,1,1.230182409,1,0.742660284,0,-0.262179583,0,2.876309395,0
77.31764221,-25.69820786,1,1.162228942,1,3.613510132,1,-0.821884811,1,-0.700142086,1,1.758954406,1,0.740493178,0,-0.267973602,0,2.87921977,0
77.32164764,-5.163162708,1,-16.95161819,1,-5.114780426,1,-2.676800966,1,-1.237560272,1,2.389506102,1,0.732884288,0,-0.276344419,0,2.882973909,0
77.32565308,-13.09135056,1,4.006290436,1,-4.834604263,1,-2.814977169,1,-1.789825678,1,3.457849503,1,0.719942331,0,-0.288692355,0,2.887745142,0
77.32965088,-5.984919071,1,-0.254966587,1,-10.21092129,1,-3.117725849,1,-1.642141581,1,3.537667513,1,0.706462264,0,-0.303329021,0,2.894258738,0
77.33365631,0.727875054,1,-12.80515862,1,-14.73754311,1,-3.415698528,1,-1.17033422,1,3.204345226,1,0.691036224,0,-0.316306114,0,2.901218891,0
77.33765411,4.007231236,1,-25.48596191,1,-17.15662193,1,-3.435236216,1,-0.944803476,1,3.215715408,1,0.675030768,0,-0.327565074,0,2.908946514,0
77.34165192,2.520148754,1,-32.26166534,1,-15.73763561,1,-3.925831556,1,-0.777115524,1,3.227629423,1,0.65753299,0,-0.338327885,0,2.917341709,0
77.34564972,7.775576115,1,-32.25148773,1,-12.97948074,1,-4.141928673,1,-0.409640729,1,3.134554386,1,0.638296723,0,-0.347819149,0,2.926689148,0
77.34964752,11.57315731,1,-30.47332191,1,-10.26812744,1,-4.582080364,1,-0.721636057,1,2.979888916,1,0.617604375,0,-0.356734514,0,2.935896397,0
77.35365295,11.43622589,1,-22.58392525,1,-5.845574856,1,-4.702189922,1,-1.408088088,1,2.806316853,1,0.596415401,0,-0.366791189,0,2.94350028,0
77.35765076,12.44574738,1,-12.61249733,1,-4.509793758,1,-5.089391708,1,-2.041924238,1,2.760291576,1,0.574545026,0,-0.378684491,0,2.949306965,0
77.36164856,9.828530312,1,-3.849937439,1,-4.925625324,1,-5.14495945,1,-2.939602613,1,2.71199131,1,0.552531481,0,-0.392908216,0,2.953652143,0
77.36564636,2.26560092,1,3.149386883,1,-5.916389465,1,-4.926066399,1,-3.845503092,1,2.594970703,1,0.531615138,0,-0.410075605,0,2.955807209,0
77.36965179,-0.627901912,1,9.942065239,1,-9.441998482,1,-4.438017368,1,-4.340061188,1,2.621380091,1,0.512326956,0,-0.429524302,0,2.956682205,0
77.3736496,-8.884987831,1,11.56636524,1,-13.92764664,1,-4.120972633,1,-4.623945236,1,2.568720579,1,0.495076925,0,-0.450361013,0,2.957186222,0
77.3776474,-20.76807404,1,14.52712727,1,-20.25752831,1,-3.847133636,1,-4.127035618,1,2.443969965,1,0.478902459,0,-0.470655322,0,2.957808256,0
77.38165283,-25.95478058,1,18.18494415,1,-22.29790306,1,-3.488804817,1,-3.322823048,1,2.437482357,1,0.463135213,0,-0.488369167,0,2.959976673,0
77.38565064,-27.47440338,1,17.78718185,1,-21.09928703,1,-3.074698925,1,-2.621848822,1,2.392513514,1,0.448044658,0,-0.503286719,0,2.963923454,0
77.38964844,-24.93712807,1,19.19817352,1,-20.37978363,1,-2.377887249,1,-2.133167267,1,2.240060806,1,0.434605628,0,-0.515772045,0,2.968953609,0
77.39364624,-22.3740387,1,15.07308102,1,-17.43897247,1,-1.649407268,1,-1.875282764,1,1.887119055,1,0.424181044,0,-0.526497006,0,2.973815441,0
77.39764404,-17.78911591,1,6.43076849,1,-14.58397293,1,-1.175414681,1,-1.659770012,1,1.521489978,1,0.416665256,0,-0.535722673,0,2.977685213,0
77.40164948,-12.16084385,1,-0.328928351,1,-11.46216965,1,-0.929681599,1,-1.631114483,1,1.148882151,1,0.411122948,0,-0.543853462,0,2.980328798,0
77.40564728,-8.012732506,1,-4.499220371,1,-9.943640709,1,-0.809825838,1,-1.636770368,1,0.856975496,1,0.40705961,0,-0.551436901,0,2.981548071,0
77.40964508,-7.077338696,1,-5.478618622,1,-9.661310196,1,-0.866804004,1,-1.577991247,1,0.69418484,1,0.403517336,0,-0.558569252,0,2.981902838,0
77.41364288,-4.76640749,1,-4.860654354,1,-9.564152718,1,-0.885541379,1,-1.53620851,1,0.649091125,1,0.400038421,0,-0.56533879,0,2.981887341,0
77.41765595,-4.151888847,1,-3.581423283,1,-9.461332321,1,-0.952180386,1,-1.456415296,1,0.718809843,1,0.396221489,0,-0.571920097,0,2.982129097,0
77.42164612,-5.42365694,1,-1.660914898,1,-9.439143181,1,-0.973776877,1,-1.366274357,1,0.806820929,1,0.391966522,0,-0.578336477,0,2.982895851,0
77.42564392,-8.031833649,1,-0.670659244,1,-8.773429871,1,-0.970653176,1,-1.190127492,1,0.857873201,1,0.387328386,0,-0.58435452,0,2.984249353,0
77.42965698,-9.352566719,1,0.142278418,1,-8.785011292,1,-0.974820435,1,-0.95071286,1,0.896321774,1,0.382347047,0,-0.589655638,0,2.986225128,0
77.43365479,-11.89127445,1,-0.895315468,1,-9.017970085,1,-0.946847498,1,-0.697118461,1,0.841508925,1,0.377139986,0,-0.594021738,0,2.988664389,0
77.43765259,-10.40094948,1,-1.469252944,1,-9.210824966,1,-0.894088626,1,-0.451479167,1,0.733168721,1,0.372021317,0,-0.597282171,0,2.99119997,0
77.44165802,-10.75157547,1,-3.172285795,1,-9.378730774,1,-0.830408037,1,-0.300429702,1,0.601504505,1,0.367246687,0,-0.5996508,0,2.993554354,0
77.44566345,-9.681762695,1,-3.64824152,1,-9.263175964,1,-0.774836481,1,-0.167744324,1,0.485512286,1,0.363273859,0,-0.602520943,0,3.000211716,0
77.44966126,-7.216683388,1,-3.546547413,1,-9.232089043,1,-0.72489059,1,-0.117148884,1,0.374928474,1,0.359309942,0,-0.603644729,0,3.001926899,0
77.45366669,-5.509587765,1,-3.459617138,1,-9.098958969,1,-0.691717327,1,-0.130908802,1,0.33172214,1,0.355695158,0,-0.604608536,0,3.003308773,0
77.45766449,-4.861761093,1,-2.52924037,1,-9.874279022,1,-0.647768557,1,-0.148025557,1,0.32272926,1,0.352294505,0,-0.605584502,0,3.004575968,0
77.46166229,-4.744510651,1,-2.255964279,1,-9.965754509,1,-0.588215351,1,-0.138902098,1,0.331993639,1,0.349115074,0,-0.606568336,0,3.005821705,0
77.4656601,-4.524171829,1,-2.545029163,1,-9.273073196,1,-0.5602566,1,-0.161175564,1,0.349009067,1,0.346057326,0,-0.607604623,0,3.007139206,0
77.4696579,-5.161390781,1,-3.083435059,1,-9.308027267,1,-0.518732369,1,-0.17479673,1,0.338169366,1,0.343137085,0,-0.608719766,0,3.008462667,0
77.4736557,-4.990141392,1,-3.360766172,1,-8.955320358,1,-0.496498764,1,-0.172332317,1,0.322853923,1,0.340410948,0,-0.609802485,0,3.009692907,0
77.47766113,-4.341690063,1,-3.339838028,1,-8.869486809,1,-0.472710729,1,-0.194830224,1,0.333220869,1,0.337783337,0,-0.610926509,0,3.010894299,0
77.48165894,-3.926137686,1,-3.205724478,1,-9.121208191,1,-0.456865758,1,-0.207018316,1,0.351242185,1,0.335191905,0,-0.612129807,0,3.012156963,0
77.48565674,-4.074162483,1,-2.568659067,1,-9.198913574,1,-0.435460895,1,-0.227980465,1,0.360525697,1,0.332652152,0,-0.613415539,0,3.013457537,0
77.48966217,-4.87356472,1,-1.895801306,1,-9.117829323,1,-0.392300785,1,-0.228763565,1,0.358502537,1,0.330231398,0,-0.614760756,0,3.014763355,0
77.49365997,-5.941298485,1,-1.458824158,1,-8.981785774,1,-0.332714438,1,-0.217500091,1,0.329059452,1,0.328047216,0,-0.616047144,0,3.016022205,0
77.49765778,-5.944334507,1,-1.425047278,1,-8.605649948,1,-0.266509175,1,-0.202879533,1,0.285248905,1,0.326214164,0,-0.617234409,0,3.017123222,0
77.50165558,-5.05897522,1,-1.628524184,1,-8.822463989,1,-0.199299157,1,-0.211842313,1,0.231022537,1,0.32479009,0,-0.618332088,0,3.017988443,0
77.50565338,-4.66502285,1,-1.958129406,1,-9.091299057,1,-0.151395023,1,-0.216567695,1,0.205012649,1,0.323692083,0,-0.619432926,0,3.018667221,0
77.50965881,-4.255393028,1,-2.304032803,1,-9.074798584,1,-0.121513806,1,-0.244447336,1,0.198839396,1,0.322820783,0,-0.620573759,0,3.019240141,0
77.51365662,-4.484069824,1,-2.622324944,1,-8.873810768,1,-0.099467002,1,-0.258146495,1,0.204429403,1,0.322060466,0,-0.621793628,0,3.019783974,0
77.51765442,-4.705652237,1,-3.135564566,1,-8.54033947,1,-0.089882314,1,-0.27243042,1,0.205046296,1,0.321372926,0,-0.62306577,0,3.020322561,0
77.52165222,-4.988569736,1,-3.347810745,1,-8.505984306,1,-0.082364731,1,-0.283449858,1,0.187671587,1,0.320751041,0,-0.624369383,0,3.020815849,0
77.52565765,-4.730453968,1,-3.252258539,1,-8.530849457,1,-0.078192517,1,-0.284185499,1,0.179963112,1,0.320182681,0,-0.625669301,0,3.021234512,0
77.52965546,-4.523700714,1,-3.135707617,1,-8.637433052,1,-0.08425431,1,-0.292093754,1,0.183387339,1,0.319627345,0,-0.626982987,0,3.021636963,0
77.53365326,-4.479231358,1,-3.029632568,1,-8.678105354,1,-0.088087276,1,-0.310473591,1,0.171106592,1,0.319064558,0,-0.628352404,0,3.022007942,0
77.53765869,-4.661680222,1,-2.681770802,1,-8.662049294,1,-0.086810932,1,-0.320856631,1,0.167264536,1,0.318520695,0,-0.629764438,0,3.022330999,0
77.54165649,-5.056583405,1,-2.321781635,1,-8.636608124,1,-0.076494932,1,-0.330792964,1,0.142167434,1,0.318058491,0,-0.631202459,0,3.022554159,0
77.5456543,-5.099111557,1,-2.091042042,1,-8.676401138,1,-0.055737622,1,-0.335147321,1,0.112246849,1,0.317742437,0,-0.632630408,0,3.022644758,0
77.5496521,-4.866857052,1,-2.022479534,1,-8.752898216,1,-0.040244918,1,-0.343834758,1,0.085868567,1,0.317585707,0,-0.634028673,0,3.022582293,0
77.5536499,-4.717538357,1,-1.96381557,1,-8.781093597,1,-0.012270696,1,-0.351554632,1,0.0563052,1,0.317587852,0,-0.635429502,0,3.022391081,0
77.55765533,-4.781810284,1,-1.790686965,1,-8.782860756,1,0.015448839,1,-0.36215204,1,0.03095527,1,0.317798615,0,-0.636840224,0,3.022039175,0
77.56166077,-4.75883913,1,-1.600172043,1,-8.726155281,1,0.050495509,1,-0.377193809,1,0.000498034,1,0.318230033,0,-0.638264,0,3.021534204,0
77.5656662,-4.92734623,1,-1.31201458,1,-8.659302711,1,0.095291547,1,-0.388676614,1,-0.025705593,1,0.318905503,0,-0.639699042,0,3.020884275,0
77.569664,-4.941877842,1,-1.276082635,1,-8.652267456,1,0.144625515,1,-0.395427257,1,-0.061527845,1,0.319875062,0,-0.641131759,0,3.02006793,0
77.5736618,-4.851359367,1,-1.246246696,1,-8.560876846,1,0.199773967,1,-0.403312266,1,-0.08442986,1,0.321145594,0,-0.642562151,0,3.019084215,0
77.57766724,-4.79012394,1,-1.423472762,1,-8.537438393,1,0.248843193,1,-0.403588593,1,-0.106366262,1,0.322698712,0,-0.643968463,0,3.017993212,0
77.58166504,-4.756532669,1,-1.86728549,1,-8.35863781,1,0.288107157,1,-0.409736663,1,-0.11744725,1,0.324495137,0,-0.645369112,0,3.016802788,0
77.58566284,-4.790852547,1,-2.394192457,1,-8.296974182,1,0.312344283,1,-0.401437342,1,-0.126924157,1,0.326451123,0,-0.646752715,0,3.015573502,0
77.58966065,-4.85074234,1,-2.971380472,1,-8.048342705,1,0.318045795,1,-0.397598207,1,-0.120443776,1,0.328470945,0,-0.648105204,0,3.014338017,0
77.59365845,-4.759613514,1,-3.382194996,1,-7.898555756,1,0.310180247,1,-0.391850024,1,-0.096854396,1,0.330440611,0,-0.649452984,0,3.013177872,0
77.59766388,-4.747474194,1,-3.604670286,1,-7.807212353,1,0.291735381,1,-0.381766289,1,-0.068591535,1,0.332267821,0,-0.650807202,0,3.012151957,0
77.60166168,-4.86862421,1,-3.769185781,1,-7.597044945,1,0.276529402,1,-0.36384359,1,-0.038196512,1,0.333931029,0,-0.652145147,0,3.011289597,0
77.60565949,-4.843654156,1,-3.929957151,1,-7.593344688,1,0.24787572,1,-0.346248865,1,-0.003328062,1,0.335400879,0,-0.653457344,0,3.010595322,0
77.60966492,-4.9708848,1,-3.96077466,1,-7.613399506,1,0.221554041,1,-0.331071913,1,0.019865301,1,0.336663008,0,-0.654752195,0,3.010062456,0
77.61366272,-4.852314949,1,-4.03128624,1,-7.693445206,1,0.191311195,1,-0.316674203,1,0.040509395,1,0.337739408,0,-0.656013489,0,3.009667635,0
77.61766052,-4.766526699,1,-3.749171257,1,-7.780282497,1,0.157985076,1,-0.313913316,1,0.051010281,1,0.338616073,0,-0.657257438,0,3.009365559,0
77.62165833,-4.803945065,1,-3.446417332,1,-7.821424484,1,0.147466138,1,-0.3018637,1,0.067872368,1,0.339379489,0,-0.658501863,0,3.009129047,0
77.62565613,-4.782929897,1,-3.110690117,1,-7.927991867,1,0.144509465,1,-0.299505115,1,0.068610981,1,0.340069234,0,-0.659726262,0,3.008952141,0
77.62966156,-4.649407387,1,-2.860858679,1,-8.088611603,1,0.15354228,1,-0.297994852,1,0.070650458,1,0.340776742,0,-0.660939693,0,3.008779526,0
77.63365936,-4.632987499,1,-2.832187891,1,-8.144983292,1,0.167267486,1,-0.308815628,1,0.064278118,1,0.341523945,0,-0.66217339,0,3.008597374,0
77.63765717,-4.643713474,1,-2.674832582,1,-8.161588669,1,0.179805472,1,-0.31562537,1,0.067489251,1,0.342364848,0,-0.663438439,0,3.008366823,0
77.64165497,-4.61128664,1,-2.631148815,1,-8.21081543,1,0.190053403,1,-0.321095467,1,0.069415815,1,0.343228281,0,-0.66472882,0,3.008170128,0
77.6456604,-4.638921261,1,-2.6605618,1,-8.193448067,1,0.2084281,1,-0.327862442,1,0.070896678,1,0.344157994,0,-0.666044295,0,3.007945538,0
77.6496582,-4.718979359,1,-2.71736145,1,-8.205141068,1,0.217018142,1,-0.330165476,1,0.073084287,1,0.345148444,0,-0.667383611,0,3.007717371,0
77.65365601,-4.588265896,1,-2.837361097,1,-8.171767235,1,0.22539416,1,-0.337308466,1,0.080535993,1,0.346166968,0,-0.668750644,0,3.007507563,0
77.65766144,-4.685355186,1,-2.684344053,1,-8.100229263,1,0.230081797,1,-0.345956892,1,0.085013762,1,0.347199917,0,-0.670146227,0,3.007305145,0
77.66165924,-4.766695023,1,-2.708583832,1,-8.04835701,1,0.243119419,1,-0.346529573,1,0.088561177,1,0.348257124,0,-0.671567023,0,3.007117271,0
77.66565704,-4.886631012,1,-2.883310556,1,-7.981538296,1,0.244226202,1,-0.346376181,1,0.100476019,1,0.349322379,0,-0.673000991,0,3.006966591,0
77.66965485,-4.670702457,1,-3.35561347,1,-7.966004848,1,0.216055781,1,-0.354297757,1,0.111271843,1,0.350320041,0,-0.674452186,0,3.00686121,0
77.67365265,-4.711779118,1,-3.23359108,1,-8.007174492,1,0.209941164,1,-0.361948699,1,0.123747215,1,0.351201832,0,-0.67596221,0,3.006799698,0
77.67765808,-4.723031998,1,-3.09064436,1,-7.966296196,1,0.212830171,1,-0.356010973,1,0.145513982,1,0.352042615,0,-0.677495003,0,3.006807566,0
77.68166351,-4.727694988,1,-3.113269091,1,-7.987219334,1,0.220323712,1,-0.354593724,1,0.161741868,1,0.352827728,0,-0.679040194,0,3.00692606,0
77.68566132,-4.815765858,1,-3.344717741,1,-7.947844028,1,0.21734637,1,-0.356470317,1,0.175445482,1,0.353589267,0,-0.680617511,0,3.007109642,0
77.68966675,-4.875075817,1,-3.448004723,1,-7.961102486,1,0.207469001,1,-0.357486576,1,0.184761599,1,0.354291022,0,-0.682208359,0,3.007332325,0
77.69366455,-4.879498959,1,-3.397842884,1,-7.980214119,1,0.203136399,1,-0.361238688,1,0.191061944,1,0.334492445,0,-0.636716247,0,2.938228846,0
77.69766235,-4.678107262,1,-3.438798189,1,-8.106442451,1,0.187464595,1,-0.369891077,1,0.215159655,1,0.335067868,0,-0.638359368,0,2.938590527,0
77.70166016,-5.027106762,1,-3.359870672,1,-8.069211006,1,0.184680581,1,-0.373631626,1,0.209777996,1,0.335559309,0,-0.640064299,0,2.938977718,0
77.70566559,-4.937737465,1,-3.205720901,1,-8.004733086,1,0.189340204,1,-0.379788756,1,0.21802184,1,0.336070478,0,-0.64174962,0,2.939373493,0
77.70966339,-4.969364643,1,-3.207135201,1,-8.086900711,1,0.174702033,1,-0.386639953,1,0.21938239,1,0.336556852,0,-0.643491626,0,2.939773321,0
77.71366119,-4.963448524,1,-3.055546045,1,-8.149998665,1,0.186920002,1,-0.400715411,1,0.22021015,1,0.337039471,0,-0.645263672,0,2.940162897,0
77.71766663,-4.909434319,1,-3.138593197,1,-8.119506836,1,0.16357699,1,-0.417586654,1,0.2268105,1,0.337508023,0,-0.647109091,0,2.940543652,0
77.72166443,-4.909694672,1,-3.104746342,1,-8.085916519,1,0.173094913,1,-0.426651061,1,0.232234403,1,0.337945104,0,-0.649007142,0,2.940930843,0
77.72566223,-4.979400635,1,-3.171006203,1,-8.08402729,1,0.180881709,1,-0.434317291,1,0.247154608,1,0.338410318,0,-0.650949895,0,2.941339254,0
77.72966003,-4.872609615,1,-3.278782368,1,-8.031599998,1,0.160633162,1,-0.44613564,1,0.260257035,1,0.33882609,0,-0.652947187,0,2.941801786,0
77.73365784,-4.920134068,1,-3.42888999,1,-7.971892834,1,0.157083705,1,-0.452455342,1,0.274747074,1,0.339146048,0,-0.654995322,0,2.942331076,0
77.73766327,-4.924861431,1,-3.637034655,1,-7.86882782,1,0.143732816,1,-0.453925222,1,0.292253733,1,0.339388371,0,-0.657078147,0,2.942913532,0
77.74166107,-4.883988857,1,-3.845053196,1,-7.864962101,1,0.124801569,1,-0.454521388,1,0.319349349,1,0.339490235,0,-0.659192324,0,2.943604231,0
77.74565888,-4.93636179,1,-4.05405283,1,-7.870451927,1,0.098031566,1,-0.459123641,1,0.338070273,1,0.339448988,0,-0.661350489,0,2.944392681,0
77.74965668,-4.953917027,1,-4.233901024,1,-7.882946491,1,0.05765041,1,-0.472756237,1,0.361665428,1,0.339224815,0,-0.663566172,0,2.945278883,0
77.75366211,-4.856597424,1,-3.903100729,1,-7.891059399,1,0.020079793,1,-0.48673737,1,0.382652074,1,0.338760495,0,-0.66586417,0,2.946253538,0
77.75765991,-5.523897648,1,-3.439642668,1,-7.901057243,1,0.024330089,1,-0.507234752,1,0.399772167,1,0.338191271,0,-0.668256879,0,2.947293282,0
77.76165772,-5.161621094,1,-3.286478043,1,-7.857935905,1,0.030781657,1,-0.506292224,1,0.421204627,1,0.337619066,0,-0.67070961,0,2.948408604,0
77.76566315,-5.363066673,1,-3.099241018,1,-8.203907013,1,0.043879617,1,-0.533211768,1,0.426975965,1,0.337043047,0,-0.67323643,0,2.949579954,0
77.76966095,-5.069145679,1,-3.123248577,1,-8.30279541,1,0.043473169,1,-0.564030051,1,0.439145893,1,0.336486518,0,-0.675876558,0,2.950749397,0
77.77365875,-5.03783989,1,-3.527947664,1,-8.270944595,1,0.007445335,1,-0.607320607,1,0.456839085,1,0.335858673,0,-0.678691208,0,2.951925993,0
77.77765656,-5.015311241,1,-3.123617649,1,-8.183094025,1,0.009105548,1,-0.648756921,1,0.458825827,1,0.335146368,0,-0.681665838,0,2.953083038,0
77.78165436,-4.98744297,1,-3.028158665,1,-8.267725945,1,0.030170359,1,-0.67361021,1,0.477992892,1,0.334503263,0,-0.684774041,0,2.954242706,0
77.78565979,-4.943469524,1,-3.08219862,1,-8.264389038,1,0.040941205,1,-0.702093244,1,0.499402016,1,0.333884239,0,-0.688004911,0,2.955467224,0
77.78965759,-5.035467148,1,-3.08729291,1,-8.173518181,1,0.042669792,1,-0.730919361,1,0.501791,1,0.333264828,0,-0.691375673,0,2.956707954,0
77.7936554,-5.142110825,1,-2.818867922,1,-8.138118744,1,0.04544637,1,-0.76669687,1,0.505995989,1,0.332673997,0,-0.694868863,0,2.957911491,0
77.7976532,-5.1703825,1,-2.802915812,1,-8.258385658,1,0.036081128,1,-0.797098935,1,0.506492615,1,0.332093894,0,-0.698485136,0,2.959080219,0
77.80166626,-5.053864002,1,-2.399947166,1,-8.228397369,1,0.038463097,1,-0.836362779,1,0.493350148,1,0.331528306,0,-0.702214718,0,2.960171461,0
77.80566406,-5.188512802,1,-2.190040112,1,-8.363991737,1,0.066704556,1,-0.872876465,1,0.481917083,1,0.331115842,0,-0.706089497,0,2.961130142,0
77.8096695,-5.16531086,1,-2.373502254,1,-8.53011322,1,0.072745383,1,-0.913750768,1,0.471768707,1,0.330844164,0,-0.71008563,0,2.961979389,0
77.8136673,-5.097062111,1,-2.589365959,1,-8.582470894,1,0.070311651,1,-0.957132816,1,0.464896142,1,0.330647081,0,-0.714230061,0,2.962715149,0
77.8176651,-5.11744976,1,-2.806743622,1,-8.737519264,1,0.066395797,1,-1.016865134,1,0.460958958,1,0.330507159,0,-0.718566537,0,2.96333003,0
77.8216629,-5.124711514,1,-3.085046291,1,-8.744361877,1,0.060827877,1,-1.073879719,1,0.461495906,1,0.33042717,0,-0.723118484,0,2.963839769,0
77.82566834,-5.065508842,1,-3.146250725,1,-8.811086655,1,0.061929829,1,-1.141902089,1,0.477789253,1,0.330388725,0,-0.727923095,0,2.964281321,0
77.82966614,-4.866438866,1,-3.310949564,1,-8.788490295,1,0.072301798,1,-1.216163635,1,0.502231956,1,0.330376297,0,-0.733016193,0,2.964715719,0
77.83366394,-4.861973286,1,-3.4912498,1,-8.924254417,1,0.073767461,1,-1.288154602,1,0.521514118,1,0.330386758,0,-0.738410711,0,2.965125799,0
77.83766937,-4.860032558,1,-3.490358353,1,-8.992665291,1,0.058788285,1,-1.364191413,1,0.54647249,1,0.330381125,0,-0.744119585,0,2.965530157,0
77.84166718,-5.080415249,1,-3.333313942,1,-8.878135681,1,0.055778526,1,-1.446815133,1,0.572735369,1,0.330337226,0,-0.750163078,0,2.965928316,0
77.84566498,-4.937625408,1,-3.396183491,1,-8.853344917,1,0.053184338,1,-1.533801436,1,0.593311131,1,0.330316424,0,-0.756563306,0,2.966294527,0
77.84966278,-5.314961433,1,-3.578720093,1,-9.136763573,1,0.022897538,1,-1.610111356,1,0.618278861,1,0.330228329,0,-0.763305843,0,2.966646433,0
77.85366058,-5.18516016,1,-3.259557009,1,-9.290204048,1,-0.016634004,1,-1.694773674,1,0.654241204,1,0.329980254,0,-0.770380199,0,2.967017889,0
77.85766602,-5.358097076,1,-3.14117527,1,-9.475709915,1,-0.035364792,1,-1.773555398,1,0.690323353,1,0.32957077,0,-0.777817667,0,2.96745038,0
77.86166382,-4.599947453,1,-2.89916563,1,-9.029679298,1,-0.02385141,1,-1.881776571,1,0.718292534,1,0.329152286,0,-0.785633624,0,2.967875719,0
77.86566162,-5.16580677,1,-3.152342796,1,-9.233819008,1,-0.00526516,1,-1.980412722,1,0.752432644,1,0.328810036,0,-0.793896794,0,2.968286753,0
77.86965942,-5.090813637,1,-3.330408812,1,-9.120595932,1,-0.000468126,1,-2.075008392,1,0.803408504,1,0.328472257,0,-0.8025828,0,2.968759537,0
77.87366486,-5.09809494,1,-3.576378584,1,-9.218651772,1,-0.000844555,1,-2.171362877,1,0.844017684,1,0.328081787,0,-0.811691523,0,2.969300032,0
77.87766266,-5.297260284,1,-3.826816082,1,-9.406935692,1,-0.025946895,1,-2.285801888,1,0.899840891,1,0.327572048,0,-0.821257651,0,2.969929695,0
77.88166046,-4.893852711,1,-3.581442833,1,-9.299949646,1,-0.041137036,1,-2.408061981,1,0.955088198,1,0.326894879,0,-0.831332386,0,2.970668793,0
77.88566589,-4.803152561,1,-3.460941076,1,-9.51723671,1,-0.029675307,1,-2.55056262,1,1.006381154,1,0.326171041,0,-0.841994405,0,2.971450806,0
77.8896637,-4.829031467,1,-3.196615458,1,-9.722053528,1,-0.004255339,1,-2.687732697,1,1.062753677,1,0.32545507,0,-0.853243768,0,2.972315788,0
77.8936615,-4.786952972,1,-3.365673304,1,-9.91905117,1,0.021657091,1,-2.844138145,1,1.127612591,1,0.32477659,0,-0.865129292,0,2.973263264,0
77.8976593,-4.803277016,1,-3.638713837,1,-10.0616293,1,0.041772142,1,-3.006804228,1,1.196640849,1,0.324104369,0,-0.87768358,0,2.974310875,0
77.9016571,-4.685027122,1,-3.563368082,1,-10.24011612,1,0.061201695,1,-3.19382143,1,1.262426972,1,0.323446482,0,-0.891013026,0,2.975437164,0
77.90566254,-4.479052544,1,-3.805105209,1,-10.61513996,1,0.086400025,1,-3.389738321,1,1.337816954,1,0.322817087,0,-0.90514338,0,2.97663784,0
77.90966034,-4.254563332,1,-4.149366379,1,-10.85803986,1,0.094434783,1,-3.61683321,1,1.427308321,1,0.322137058,0,-0.920175493,0,2.977954865,0
77.91365814,-4.258464813,1,-4.800065517,1,-11.22495937,1,0.09193179,1,-3.850959301,1,1.510100245,1,0.321397126,0,-0.936193526,0,2.979349613,0
77.91765595,-4.714248657,1,-5.579455853,1,-11.7361517,1,0.07087931,1,-4.102012634,1,1.626102567,1,0.320460677,0,-0.95326519,0,2.980912685,0
77.92167664,-4.685053349,1,-6.38510561,1,-11.87467289,1,0.043532327,1,-4.352036476,1,1.756884575,1,0.319086164,0,-0.9714517,0,2.982855797,0
77.92567444,-3.872034073,1,-6.691120148,1,-11.93468094,1,0.020545494,1,-4.640791416,1,1.900481343,1,0.317253053,0,-0.990800321,0,2.985213995,0
77.92967987,-3.435715675,1,-6.764962196,1,-12.06021786,1,0.017279498,1,-4.981929779,1,2.069206476,1,0.314887404,0,-1.011561275,0,2.988107204,0
77.93367767,-3.68797493,1,-7.535369396,1,-12.07651424,1,0.023519995,1,-5.320244789,1,2.271381378,1,0.311883152,0,-1.033826113,0,2.991751194,0
77.93767548,-4.33914423,1,-8.761287689,1,-12.18915749,1,-0.003349423,1,-5.626773834,1,2.470149517,1,0.307847023,0,-1.05758822,0,2.996449232,0
77.94167328,-4.92179966,1,-9.465135574,1,-11.95842743,1,-0.048293296,1,-5.900140762,1,2.70690155,1,0.302414119,0,-1.082676411,0,3.002542973,0
77.94567871,-5.781202316,1,-10.62856579,1,-11.75514507,1,-0.134860188,1,-6.113871574,1,2.970471144,1,0.294151872,0,-1.110112309,0,3.019916534,0
77.94967651,-5.246319294,1,-11.55546665,1,-11.65075874,1,-0.225895584,1,-6.354149342,1,3.227485657,1,0.283452749,0,-1.137510419,0,3.030989647,0
77.95367432,-5.751373768,1,-10.95909023,1,-12.03806496,1,-0.312028646,1,-6.619184971,1,3.499381065,1,0.269189507,0,-1.166186333,0,3.045413494,0
77.95767975,-8.204977989,1,-9.737442017,1,-13.46849728,1,-0.321946084,1,-6.733605862,1,3.679497004,1,0.250782698,0,-1.195725679,0,3.063901424,0
77.96167755,-12.18527985,1,-7.874093533,1,-14.49882889,1,-0.283566892,1,-6.735426903,1,3.806788683,1,0.227931499,0,-1.225474834,0,3.087044477,0
77.96567535,-11.81327724,1,-7.591269493,1,-13.73982525,1,-0.292827308,1,-6.757173061,1,3.943188906,1,0.199314311,0,-1.255116343,0,3.116095543,0
77.96967316,-11.77549267,1,-6.895049572,1,-13.04726791,1,-0.321176529,1,-6.920133114,1,4.07644558,1,0.163108215,0,-1.284897685,0,-3.130467176,0
77.97367096,-14.57784557,1,-6.837916851,1,-14.3785162,1,-0.294007421,1,-6.945382595,1,4.103009701,1,0.11741814,0,-1.314683676,0,-3.084361076,0
77.97767639,-19.5236721,1,-6.431206226,1,-15.69313622,1,-0.18022953,1,-6.828859806,1,4.071599483,1,0.060228497,0,-1.343690038,0,-3.026485205,0
77.98167419,-20.37909889,1,-6.301420212,1,-15.17088699,1,-0.031526066,1,-6.470388412,1,4.060819626,1,-0.012076902,0,-1.370618939,0,-2.952964306,0
77.985672,-17.10466003,1,-8.037218094,1,-13.71610832,1,-0.044899072,1,-6.432768822,1,4.145028114,1,-0.106535211,0,-1.395416141,0,-2.856927395,0
77.9896698,-20.75219536,1,-9.052772522,1,-14.76540089,1,-0.083223984,1,-6.19616127,1,4.110199928,1,-0.231033653,0,-1.417653799,0,-2.731035709,0
77.99367523,-21.26120377,1,-10.38316822,1,-13.51943874,1,-0.195600048,1,-5.87922287,1,4.162971973,1,-0.390628636,0,-1.435646892,0,-2.570280075,0
77.99767304,-19.93065453,1,-11.34747601,1,-12.73354626,1,-0.439746052,1,-5.63885498,1,4.254339218,1,-0.590713799,0,-1.448069811,0,-2.369817972,0
78.00167084,-21.67599678,1,-11.52789021,1,-13.17142773,1,-0.648385406,1,-5.346562386,1,4.182413578,1,-0.818622291,0,-1.453948975,0,-2.142486811,0
78.00567627,-21.98613548,1,-11.49815178,1,-12.04665661,1,-0.894556642,1,-4.95839262,1,4.193388462,1,-1.046938419,0,-1.452771306,0,-1.915677428,0
78.00967407,-19.62143707,1,-10.32271194,1,-12.16301632,1,-1.211924314,1,-4.630759716,1,4.114693165,1,-1.250252366,0,-1.445371866,0,-1.715104818,0
78.01367188,-17.58026123,1,-9.092452049,1,-11.73552799,1,-1.363053679,1,-4.26566124,1,3.872214794,1,-1.415568113,0,-1.434044838,0,-1.55361414,0
78.01766968,-12.06019783,1,-7.230792999,1,-9.745783806,1,-1.465274692,1,-3.917623281,1,3.788526773,1,-1.543403625,0,-1.420262456,0,-1.430169344,0
78.02166748,-5.711181164,1,-5.469203949,1,-9.006690979,1,-1.574941039,1,-3.60453248,1,3.629325867,1,-1.641902924,0,-1.405043006,0,-1.336610198,0
78.02567291,-1.700254798,1,-3.388994217,1,-8.904578209,1,-1.600811005,1,-3.262407064,1,3.445923567,1,-1.717220783,0,-1.389513016,0,-1.266637087,0
78.02967072,0.828220546,1,0.315943897,1,-10.22364998,1,-1.245207787,1,-3.000220537,1,3.388734102,1,-1.775081635,0,-1.373903275,0,-1.213653207,0
78.03366852,-5.529323101,1,1.198109984,1,-10.70437431,1,-0.735202074,1,-2.876493931,1,3.381597519,1,-1.819298029,0,-1.358044982,0,-1.172504306,0
78.03766632,-17.06085396,1,1.949300408,1,-11.58150291,1,-0.223832324,1,-2.76585269,1,3.101804495,1,-1.8546983,0,-1.342477441,0,-1.138244271,0
78.04167938,-29.20014,1,3.103257895,1,-16.05111885,1,0.46108821,1,-2.083844185,1,2.584108353,1,-1.87994051,0,-1.328680873,0,-1.111762762,0
78.04567719,-21.58566856,1,-0.77857691,1,-17.78909874,1,0.901220441,1,-1.109870911,1,2.109110832,1,-1.889651418,0,-1.317824364,0,-1.098883867,0
78.04967499,-9.951741219,1,-4.090233326,1,-14.63080311,1,1.198060632,1,-0.381308585,1,1.744394302,1,-1.886753678,0,-1.309627533,0,-1.097495794,0
78.05368042,-2.876187801,1,-5.851009369,1,-11.3590107,1,1.399622917,1,-0.056603689,1,1.502692819,1,-1.877067327,0,-1.303222537,0,-1.102132201,0
78.05767822,-3.223417044,1,-7.360667229,1,-10.13118649,1,1.468141079,1,0.139677048,1,1.335779905,1,-1.864603996,0,-1.297854662,0,-1.109070897,0
78.06167603,-5.616944313,1,-7.795206547,1,-10.87560272,1,1.360023737,1,0.404050112,1,1.1642313,1,-1.850298166,0,-1.293343902,0,-1.118020892,0
78.06568146,-4.947761536,1,-7.859242916,1,-10.76541901,1,1.156424999,1,0.737789154,1,0.956003666,1,-1.833586693,0,-1.289870501,0,-1.130173922,0
78.06967926,-2.328701496,1,-7.520384789,1,-9.364045143,1,0.988543034,1,0.969759464,1,0.784990251,1,-1.814790249,0,-1.287377,0,-1.145283222,0
78.07367706,-0.608096778,1,-6.962923527,1,-8.146456718,1,0.855606973,1,1.100545287,1,0.64002049,1,-1.795022368,0,-1.285569072,0,-1.162039638,0
78.07767487,0.482401878,1,-6.398597717,1,-7.569052696,1,0.714864254,1,1.214159369,1,0.505389333,1,-1.774859071,0,-1.284314275,0,-1.179775357,0
78.08167267,1.653700829,1,-5.747692108,1,-7.179651737,1,0.588897049,1,1.333241224,1,0.359472215,1,-1.754148841,0,-1.283598542,0,-1.198655844,0
78.0856781,2.285923243,1,-4.968809605,1,-6.809923649,1,0.503930092,1,1.425858021,1,0.225241482,1,-1.732868075,0,-1.283396006,0,-1.218572617,0
78.0896759,2.456859827,1,-4.2202425,1,-6.613652706,1,0.467939585,1,1.505689263,1,0.097037584,1,-1.710974693,0,-1.283646584,0,-1.239392042,0
78.09367371,2.503739595,1,-3.582596064,1,-6.546734333,1,0.456501573,1,1.577893019,1,-0.043130778,1,-1.688346744,0,-1.284335375,0,-1.261056304,0
78.09767151,2.493054867,1,-3.180186987,1,-6.429969311,1,0.46203512,1,1.671722174,1,-0.16591239,1,-1.664689898,0,-1.285427094,0,-1.283807397,0
78.10167694,2.622937202,1,-2.802092075,1,-6.360280037,1,0.49496603,1,1.775975704,1,-0.28920579,1,-1.639547467,0,-1.286893368,0,-1.308016419,0
78.10567474,2.472613811,1,-2.617182255,1,-6.32895422,1,0.542243361,1,1.899405599,1,-0.407737225,1,-1.612548232,0,-1.288694382,0,-1.333970904,0
78.10967255,2.20457387,1,-2.446507454,1,-6.47728157,1,0.594034314,1,2.029878378,1,-0.516508281,1,-1.583248138,0,-1.290754795,0,-1.362099886,0
78.11367798,1.935344338,1,-2.299479961,1,-6.592945099,1,0.641111076,1,2.18619132,1,-0.625970483,1,-1.551283121,0,-1.29301548,0,-1.39277029,0
78.11767578,1.834184289,1,-2.014149189,1,-6.703307152,1,0.698294938,1,2.345035791,1,-0.721605301,1,-1.516348124,0,-1.295374274,0,-1.426292062,0
78.12167358,1.621636748,1,-1.733800292,1,-6.85227108,1,0.75695926,1,2.500640154,1,-0.813267648,1,-1.478313923,0,-1.297734499,0,-1.462792397,0
78.12567139,1.317609072,1,-1.462248445,1,-6.974775791,1,0.818739533,1,2.674673319,1,-0.903562963,1,-1.436874628,0,-1.299977183,0,-1.502546787,0
78.12966919,0.885687709,1,-1.201331258,1,-7.021641731,1,0.88222754,1,2.856623888,1,-0.995189786,1,-1.391813517,0,-1.302004457,0,-1.54576993,0
78.13367462,0.474493384,1,-1.040926099,1,-7.160563469,1,0.959644735,1,3.042009115,1,-1.080886483,1,-1.342985153,0,-1.303689599,0,-1.592578888,0
78.13767242,0.203654066,1,-0.966376185,1,-7.060282707,1,1.020843625,1,3.22939539,1,-1.163056612,1,-1.290394545,0,-1.304879308,0,-1.642990589,0
78.14167023,-0.049801223,1,-0.874884188,1,-7.117647171,1,1.085587621,1,3.401050568,1,-1.243200064,1,-1.234367609,0,-1.305431485,0,-1.696684003,0
78.14566803,-0.295653671,1,-0.840671301,1,-7.150690556,1,1.130325794,1,3.571807384,1,-1.313108921,1,-1.175315857,0,-1.305218816,0,-1.753286481,0
78.14967346,-0.434295505,1,-0.800719261,1,-7.178577423,1,1.163042903,1,3.730961323,1,-1.388624668,1,-1.113690853,0,-1.304107189,0,-1.812398195,0
78.15367127,-0.527022243,1,-0.804391265,1,-7.144257069,1,1.182980776,1,3.875125408,1,-1.460482359,1,-1.050245166,0,-1.301991224,0,-1.873316646,0
78.15766907,-0.633782566,1,-0.795927465,1,-7.080891609,1,1.186587572,1,4.007885456,1,-1.519063234,1,-0.985780597,0,-1.298783064,0,-1.9352808,0
78.1616745,-0.607204497,1,-0.833333373,1,-7.027381897,1,1.19066608,1,4.11233902,1,-1.573752046,1,-0.921135187,0,-1.294425607,0,-1.997491598,0
78.1656723,-0.780220985,1,-0.834783852,1,-7.002827644,1,1.183199048,1,4.216299057,1,-1.622983336,1,-0.85714972,0,-1.2888906,0,-2.059116364,0
78.16967773,-1.024481297,1,-0.799075723,1,-7.025939465,1,1.168037653,1,4.306355953,1,-1.661031604,1,-0.794513106,0,-1.28215313,0,-2.119481802,0
78.17367554,-1.342828751,1,-0.739059329,1,-7.091238976,1,1.164228559,1,4.385082245,1,-1.691785932,1,-0.733838618,0,-1.274240375,0,-2.177973986,0
78.17767334,-1.72222662,1,-0.621718526,1,-7.193291664,1,1.161658287,1,4.466417789,1,-1.711668491,1,-0.675526738,0,-1.265161157,0,-2.234155655,0
78.18167114,-2.242659569,1,-0.447685182,1,-7.348519325,1,1.183932781,1,4.554791927,1,-1.732542038,1,-0.619837582,0,-1.254922152,0,-2.287717342,0
78.18567658,-2.853876352,1,-0.286680788,1,-7.474729538,1,1.211182714,1,4.647277355,1,-1.735247612,1,-0.566872358,0,-1.243547797,0,-2.338499308,0
78.18967438,-3.197793245,1,-0.008308677,1,-7.59815979,1,1.261498809,1,4.739693642,1,-1.739024758,1,-0.516790152,0,-1.231036544,0,-2.386272192,0
78.19367218,-3.671604395,1,0.275049061,1,-7.674477577,1,1.320701599,1,4.83994627,1,-1.735589623,1,-0.468975484,0,-1.220045328,0,-2.424635887,0
78.19767761,-4.009733677,1,0.470450521,1,-7.711746693,1,1.404054642,1,4.944531918,1,-1.729442477,1,-0.424217552,0,-1.205378413,0,-2.466600418,0
78.20167542,-4.241424084,1,0.641723454,1,-7.770404339,1,1.511669278,1,5.042034149,1,-1.711304307,1,-0.382194459,0,-1.189703941,0,-2.50546217,0
78.20567322,-4.445318222,1,0.843977809,1,-7.775986195,1,1.626819372,1,5.137385845,1,-1.693975449,1,-0.342831016,0,-1.173075557,0,-2.541224957,0
78.20967102,-4.558520794,1,0.935324788,1,-7.820536137,1,1.752683878,1,5.222542286,1,-1.667877197,1,-0.30591011,0,-1.155580759,0,-2.57405591,0
78.21366882,-4.872292519,1,0.962576389,1,-7.788339615,1,1.884213805,1,5.309459209,1,-1.648775101,1,-0.271280974,0,-1.137277484,0,-2.604065418,0
78.21767426,-4.978136539,1,0.881026506,1,-7.801740646,1,2.01035285,1,5.392584324,1,-1.62408638,1,-0.238744676,0,-1.118211389,0,-2.63144207,0
78.22167206,-4.961674213,1,0.755540848,1,-7.70056963,1,2.131443262,1,5.462752819,1,-1.600045085,1,-0.208186954,0,-1.098466396,0,-2.65632534,0
78.22566986,-4.749482632,1,0.583116889,1,-7.627485275,1,2.239580154,1,5.524686337,1,-1.571741223,1,-0.179473832,0,-1.078119874,0,-2.678863287,0
78.22966766,-4.741232872,1,0.455599308,1,-7.613963127,1,2.339296103,1,5.557309151,1,-1.539868951,1,-0.152501464,0,-1.05728054,0,-2.699190378,0
78.2336731,-4.693345547,1,0.402959704,1,-7.54595232,1,2.435625553,1,5.586144447,1,-1.500030637,1,-0.127153769,0,-1.036046505,0,-2.717431545,0
78.2376709,-4.51558733,1,0.270084143,1,-7.611039639,1,2.536220551,1,5.597005844,1,-1.459663749,1,-0.10326504,0,-1.014502525,0,-2.73372674,0
78.2416687,-4.522996902,1,0.209162205,1,-7.688334465,1,2.629705906,1,5.594278812,1,-1.414522886,1,-0.080717541,0,-0.992738187,0,-2.748202324,0
78.2456665,-4.464601994,1,0.114442222,1,-7.78023386,1,2.734143734,1,5.572445393,1,-1.368597388,1,-0.059334911,0,-0.97084862,0,-2.761017799,0
78.24967194,-4.557672977,1,0.043163974,1,-7.913745403,1,2.843259096,1,5.536080837,1,-1.320166469,1,-0.038951173,0,-0.948924124,0,-2.772285938,0
78.25366974,-4.646687031,1,0.011101207,1,-8.179824829,1,2.946710587,1,5.492806435,1,-1.27009809,1,-0.01944688,0,-0.927026093,0,-2.782124758,0
78.25766754,-4.736646175,1,-0.149780408,1,-8.395308495,1,3.050403833,1,5.441990852,1,-1.215289235,1,-0.000683751,0,-0.905220509,0,-2.790642262,0
78.26166534,-4.994590282,1,-0.215503052,1,-8.776427269,1,3.146282196,1,5.378912449,1,-1.167769432,1,0.017414987,0,-0.883523345,0,-2.797962666,0
78.26566315,-5.220059395,1,-0.413592547,1,-9.150810242,1,3.246810198,1,5.325429916,1,-1.131888986,1,0.03501603,0,-0.86200273,0,-2.804240704,0
78.26966858,-5.56611824,1,-0.443117261,1,-9.611248016,1,3.340585947,1,5.269042492,1,-1.098871946,1,0.052224163,0,-0.840641499,0,-2.809601068,0
78.27366638,-5.959950447,1,-0.361830205,1,-10.08102989,1,3.43348217,1,5.228500843,1,-1.081688762,1,0.069137342,0,-0.819421053,0,-2.814156532,0
78.27766419,-6.621915817,1,-0.351703376,1,-10.4627409,1,3.534098625,1,5.20382452,1,-1.076424837,1,0.085895784,0,-0.798292696,0,-2.818049192,0
78.28166962,-7.331192017,1,-0.465304285,1,-10.82887936,1,3.644000053,1,5.191744328,1,-1.103463054,1,0.102645554,0,-0.777184606,0,-2.821418762,0
78.28566742,-7.932327271,1,-0.549178243,1,-11.29685783,1,3.749254227,1,5.18421936,1,-1.161552548,1,0.119551711,0,-0.756071806,0,-2.824465752,0
78.28967285,-8.476430893,1,-0.723737538,1,-11.81542873,1,3.839635372,1,5.175282001,1,-1.247722268,1,0.136685178,0,-0.734907269,0,-2.827355385,0
78.29367065,-8.747413635,1,-0.807984233,1,-12.31561852,1,3.91059041,1,5.15841341,1,-1.36996913,1,0.154116407,0,-0.713691056,0,-2.830264568,0
78.29766846,-8.784473419,1,-0.697163343,1,-12.77745152,1,3.963835716,1,5.116588593,1,-1.517216086,1,0.171869636,0,-0.692471683,0,-2.833358765,0
78.30166626,-8.974129677,1,-0.554561615,1,-13.26578236,1,4.011044979,1,5.054821491,1,-1.687431097,1,0.189964041,0,-0.671309352,0,-2.836766481,0
78.30567169,-9.390201569,1,-0.271614879,1,-13.73757553,1,4.053847313,1,4.97632885,1,-1.869895458,1,0.208430693,0,-0.650241971,0,-2.840568781,0
78.3096695,-9.863268852,1,-0.002750168,1,-14.26419353,1,4.094150066,1,4.880250454,1,-2.051215887,1,0.227244765,0,-0.629287243,0,-2.844796658,0
78.3136673,-10.70821762,1,0.148724154,1,-14.79138851,1,4.121598721,1,4.794770241,1,-2.230389118,1,0.246375561,0,-0.608469546,0,-2.84944582,0
78.31767273,-11.74487019,1,0.189964771,1,-15.14333248,1,4.146805286,1,4.707653999,1,-2.393063307,1,0.265735298,0,-0.587746263,0,-2.854458094,0
78.32167053,-13.06132984,1,0.235789165,1,-15.62111187,1,4.156864643,1,4.625832081,1,-2.552445412,1,0.285243869,0,-0.567084074,0,-2.859770775,0
78.32566834,-14.67275333,1,0.37960425,1,-16.04367638,1,4.147491455,1,4.56007719,1,-2.690688848,1,0.304794014,0,-0.546448648,0,-2.865298033,0
78.32966614,-16.36411667,1,1.117131233,1,-16.52910614,1,4.132461071,1,4.489629745,1,-2.833803415,1,0.324275017,0,-0.525822341,0,-2.871005774,0
78.33366394,-18.14355659,1,2.476505518,1,-16.93670464,1,4.11616087,1,4.406490803,1,-2.968211651,1,0.343676627,0,-0.505204499,0,-2.876904964,0
78.33766937,-20.16302109,1,4.523180962,1,-17.11464119,1,4.136057854,1,4.337376595,1,-3.09477973,1,0.363049388,0,-0.484591842,0,-2.882964849,0
78.34166718,-22.78132439,1,6.43842268,1,-16.83880997,1,4.209527969,1,4.307132244,1,-3.200551033,1,0.382519543,0,-0.463910043,0,-2.889077902,0
78.34566498,-25.37675667,1,7.478189945,1,-15.89225006,1,4.344425678,1,4.339481354,1,-3.286674023,1,0.402250946,0,-0.442980319,0,-2.895074129,0
78.34966278,-27.79301262,1,7.116544247,1,-14.23695087,1,4.484846115,1,4.422595024,1,-3.335294724,1,0.422304571,0,-0.421617657,0,-2.900731564,0
78.35366821,-30.09522057,1,5.415604115,1,-12.21875381,1,4.493451595,1,4.525257587,1,-3.362636328,1,0.442356825,0,-0.399751455,0,-2.905841589,0
78.35766602,-31.38791275,1,2.695251942,1,-9.910233498,1,4.299682617,1,4.608078003,1,-3.324656963,1,0.461654633,0,-0.377456427,0,-2.910217762,0
78.36166382,-30.96308708,1,0.534834206,1,-8.947286606,1,3.859500408,1,4.628109932,1,-3.288042068,1,0.479358077,0,-0.355006158,0,-2.913825035,0
78.36566925,-29.81354904,1,1.649297118,1,-4.578709602,1,3.479864836,1,4.49699831,1,-3.098906517,1,0.495038599,0,-0.332764745,0,-2.916754246,0
78.36966705,-28.90295792,1,2.304403543,1,-2.11942935,1,3.04816556,1,4.124147892,1,-2.821527719,1,0.508776248,0,-0.311966121,0,-2.918942213,0
78.37366486,-28.61338043,1,4.004248142,1,-0.665678024,1,2.720187664,1,3.763308048,1,-2.545525551,1,0.520780027,0,-0.292945266,0,-2.92059803,0
78.37766266,-27.26429367,1,7.08358717,1,1.272246718,1,2.463532448,1,3.344224215,1,-2.219193935,1,0.531455874,0,-0.275842249,0,-2.92174983,0
78.38166046,-27.10510635,1,10.87440681,1,2.925703049,1,2.370177031,1,2.847676516,1,-1.873795509,1,0.54126507,0,-0.261015624,0,-2.922473669,0
78.38566589,-27.65290833,1,13.72362041,1,4.04471159,1,2.461677313,1,2.33859086,1,-1.507983446,1,0.550994098,0,-0.248642236,0,-2.922887325,0
78.3896637,-28.42066193,1,15.28805542,1,4.853822231,1,2.623725176,1,1.840027094,1,-1.14921701,1,0.561179817,0,-0.238741904,0,-2.922986984,0
78.3936615,-28.77451134,1,15.76450062,1,5.267230034,1,2.783564568,1,1.360730529,1,-0.817748725,1,0.571988702,0,-0.231229484,0,-2.922851086,0
78.3976593,-28.84761238,1,15.25016594,1,5.359572887,1,2.846076727,1,0.908492267,1,-0.514285445,1,0.583223462,0,-0.225993335,0,-2.922595501,0
78.40166473,-28.84586906,1,14.03645229,1,5.345548153,1,2.791978359,1,0.493886083,1,-0.233105436,1,0.594467223,0,-0.222838461,0,-2.922286987,0
78.40567017,-28.95158195,1,12.07778168,1,5.013169289,1,2.577551842,1,0.113994144,1,0.016410464,1,0.605175018,0,-0.221607551,0,-2.921951532,0
78.40966797,-21.59550667,1,-0.50242877,1,-1.225135803,1,1.744520426,1,-0.356596023,1,0.302320451,1,0.61420244,0,-0.22225526,0,-2.921692848,0
78.41366577,-20.9292469,1,-14.30743313,1,3.729374886,1,-0.891327798,1,-1.30933857,1,0.771933198,1,0.616053522,0,-0.226051584,0,-2.921862841,0
78.41766357,-37.86437225,1,-12.91008282,1,7.346015453,1,-3.477069139,1,-2.170258522,1,1.288523555,1,0.607455194,0,-0.234350815,0,-2.922546387,0
78.42166901,-26.89355469,1,4.00956583,1,8.423609734,1,-4.763439655,1,-2.451457977,1,1.645551324,1,0.590133607,0,-0.245257914,0,-2.923055887,0
78.42566681,2.014950275,1,20.28892136,1,3.236518145,1,-3.644126177,1,-2.477758408,1,2.212797165,1,0.573209167,0,-0.257847458,0,-2.921807289,0
78.42966461,-2.021093845,1,12.34100246,1,-5.849645615,1,-3.846256971,1,-2.651736975,1,2.374507427,1,0.557811975,0,-0.271411449,0,-2.919455528,0
78.43366242,-15.30562592,1,4.34248209,1,-16.63122368,1,-3.616907597,1,-2.401375771,1,2.463908434,1,0.541833639,0,-0.285313606,0,-2.916447401,0
78.43766785,-5.618750572,1,-6.784030914,1,-23.56393433,1,-3.141385555,1,-1.65530777,1,2.366765022,1,0.527120829,0,-0.297257185,0,-2.912094831,0
78.44166565,8.778689384,1,-20.60874557,1,-26.15037727,1,-3.122355461,1,-1.222300053,1,2.325248718,1,0.513098776,0,-0.306815565,0,-2.90656209,0
78.44566345,12.09717941,1,-26.90012741,1,-20.63000107,1,-3.444714546,1,-1.272047639,1,2.408133745,1,0.501467884,0,-0.319272846,0,-2.89294219,0
78.44966126,11.27762699,1,-22.18603325,1,-16.02201271,1,-3.772396088,1,-1.489125609,1,2.567083836,1,0.484994709,0,-0.328808784,0,-2.886474133,0
78.45365906,6.512425423,1,-11.18975925,1,-11.8769455,1,-3.97435379,1,-1.893809676,1,2.839716911,1,0.467170596,0,-0.339781463,0,-2.879616261,0
78.45766449,4.841830254,1,3.774454117,1,-10.43360519,1,-3.741523504,1,-2.407309771,1,2.988004923,1,0.44911921,0,-0.352581143,0,-2.872484207,0
78.46166229,0.057281937,1,5.952414036,1,-7.83106184,1,-3.56366539,1,-2.935298443,1,3.227447987,1,0.432072908,0,-0.3675448,0,-2.865286827,0
78.4656601,-3.665781021,1,6.357527733,1,-9.857935905,1,-3.548022747,1,-3.449995041,1,3.210789204,1,0.415273935,0,-0.384636849,0,-2.858347416,0
78.4696579,-7.593219757,1,5.506439686,1,-12.51387882,1,-3.400425911,1,-3.632143974,1,3.045962095,1,0.398856223,0,-0.402583897,0,-2.851866961,0
78.47366333,-17.84581757,1,9.028191566,1,-16.15096092,1,-3.124963999,1,-3.645117998,1,2.566071749,1,0.383696407,0,-0.420482039,0,-2.846564293,0
78.47766113,-24.37560463,1,10.35673904,1,-19.75336647,1,-2.784374475,1,-3.295114756,1,1.995967388,1,0.370296121,0,-0.436718673,0,-2.842929125,0
78.48165894,-27.08371735,1,8.85731411,1,-18.11482239,1,-2.339212894,1,-2.912837744,1,1.58082974,1,0.359037161,0,-0.450844914,0,-2.840451479,0
78.48566437,-24.30555153,1,6.08398056,1,-16.03083801,1,-1.892402291,1,-2.464296579,1,1.244351745,1,0.34978503,0,-0.462893814,0,-2.838761568,0
78.48966217,-19.71522903,1,4.612091064,1,-14.50615788,1,-1.536672592,1,-2.201305628,1,1.150426626,1,0.342326671,0,-0.473228484,0,-2.837296963,0
78.49365997,-15.47803402,1,2.730338335,1,-14.08092022,1,-1.301981926,1,-1.945828557,1,1.089031935,1,0.335885614,0,-0.482531101,0,-2.835650206,0
78.49765778,-9.637253761,1,-0.401058853,1,-12.70874405,1,-1.193043828,1,-1.727761865,1,1.006722808,1,0.330069393,0,-0.490873486,0,-2.833857775,0
78.50165558,-4.311849117,1,-1.522510529,1,-11.98820782,1,-1.201626658,1,-1.56454885,1,1.026433587,1,0.324391246,0,-0.498328984,0,-2.831931829,0
78.50566101,-5.298973083,1,-1.092028975,1,-10.11008072,1,-1.143505812,1,-1.610638738,1,1.050728798,1,0.318603814,0,-0.505679727,0,-2.829693556,0
78.50965881,-6.829009056,1,-1.837973595,1,-9.787499428,1,-1.149415135,1,-1.511764526,1,1.12301743,1,0.31285435,0,-0.512996137,0,-2.827187061,0
78.51365662,-7.863939285,1,-3.321591377,1,-9.196237564,1,-1.157690406,1,-1.325119257,1,1.065143943,1,0.306815565,0,-0.519764185,0,-2.824362755,0
78.51765442,-9.56867218,1,-2.399279594,1,-8.766684532,1,-1.112840414,1,-1.171483874,1,0.983553886,1,0.300917327,0,-0.525733888,0,-2.821597576,0
78.52165985,-10.59042931,1,-2.503810883,1,-8.941164017,1,-1.099679351,1,-0.879823148,1,0.867397487,1,0.29512167,0,-0.530755639,0,-2.818923473,0
78.52567291,-8.949217796,1,-0.997266889,1,-8.305477142,1,-1.09130621,1,-0.700778067,1,0.852511466,1,0.28935045,0,-0.534733653,0,-2.816165209,0
78.52967072,-9.368444443,1,-1.49132359,1,-9.356589317,1,-1.042155743,1,-0.557666838,1,0.809583545,1,0.283575177,0,-0.538104236,0,-2.813277721,0
78.53366852,-9.197951317,1,-1.462963104,1,-10.21816063,1,-0.973288536,1,-0.353511691,1,0.750761986,1,0.278059274,0,-0.540742815,0,-2.810368299,0
78.53765869,-9.075573921,1,-1.550030231,1,-9.750958443,1,-0.902852297,1,-0.212922618,1,0.674715519,1,0.272819757,0,-0.542596161,0,-2.80751133,0
78.54167175,-7.308909893,1,-2.231642485,1,-9.051320076,1,-0.803782463,1,-0.104298361,1,0.590375006,1,0.268066764,0,-0.543859065,0,-2.804876089,0
78.54566956,-5.330822945,1,-2.655067205,1,-8.870879173,1,-0.742319107,1,-0.128026232,1,0.541698158,1,0.263716996,0,-0.544893324,0,-2.802464962,0
78.54966736,-5.033532619,1,-2.691174746,1,-9.278966904,1,-0.67809397,1,-0.136057392,1,0.496316433,1,0.259765983,0,-0.545957804,0,-2.800300598,0
78.55366516,-4.793838024,1,-2.464876175,1,-9.549534798,1,-0.629631937,1,-0.129607528,1,0.49354592,1,0.256055027,0,-0.546972513,0,-2.798226833,0
78.55767059,-4.7196908,1,-2.582213163,1,-9.430992126,1,-0.592056274,1,-0.13384892,1,0.515385807,1,0.252522081,0,-0.547982991,0,-2.796100855,0
78.5616684,-5.188429356,1,-2.748739243,1,-9.238160133,1,-0.575814962,1,-0.135469109,1,0.522928834,1,0.249039903,0,-0.549023151,0,-2.793889284,0
78.5656662,-6.064840317,1,-2.78639698,1,-9.268893242,1,-0.543753386,1,-0.122207016,1,0.514137685,1,0.24562417,0,-0.550033391,0,-2.791666746,0
78.56967163,-6.225951195,1,-2.396126747,1,-8.891618729,1,-0.49815461,1,-0.092040554,1,0.4887532,1,0.242427096,0,-0.550923526,0,-2.789509535,0
78.57366943,-4.724853516,1,-1.986271143,1,-8.711281776,1,-0.459407508,1,-0.114686877,1,0.474932313,1,0.239400998,0,-0.551770389,0,-2.787433863,0
78.57766724,-5.047911167,1,-1.312042117,1,-9.011219025,1,-0.413255513,1,-0.118843853,1,0.452003539,1,0.236608222,0,-0.552651703,0,-2.785448551,0
78.58166504,-5.07382679,1,-0.802675724,1,-9.036383629,1,-0.364110857,1,-0.11654567,1,0.438935369,1,0.234048843,0,-0.553520739,0,-2.783535719,0
78.58566284,-5.243740559,1,-0.687642455,1,-8.879919052,1,-0.321128756,1,-0.117326118,1,0.416906685,1,0.231725991,0,-0.5543769,0,-2.781705618,0
78.58966827,-5.418685913,1,-1.291870952,1,-8.772118568,1,-0.285827667,1,-0.112412483,1,0.409440815,1,0.229587883,0,-0.555198371,0,-2.779935598,0
78.59366608,-4.698221684,1,-2.048317432,1,-8.698361397,1,-0.262673736,1,-0.105774067,1,0.39112103,1,0.227580547,0,-0.555968285,0,-2.778221369,0
78.59766388,-4.178263187,1,-3.090157986,1,-8.489877701,1,-0.260097325,1,-0.120595768,1,0.394037932,1,0.225654349,0,-0.556759357,0,-2.776541471,0
78.60166168,-3.706087589,1,-3.857040167,1,-8.460500717,1,-0.27804935,1,-0.148765072,1,0.411930174,1,0.223683342,0,-0.557642102,0,-2.774831772,0
78.60566711,-3.850668192,1,-4.160366535,1,-8.656990051,1,-0.295564771,1,-0.176322222,1,0.425681055,1,0.221588954,0,-0.558647275,0,-2.77306509,0
78.60966492,-4.275590897,1,-4.225849152,1,-8.772159576,1,-0.317107081,1,-0.198890731,1,0.431557864,1,0.219413429,0,-0.559753478,0,-2.771281242,0
78.61366272,-4.85251236,1,-3.485949993,1,-8.841188431,1,-0.321819365,1,-0.202426091,1,0.429829359,1,0.217182934,0,-0.56092298,0,-2.769502401,0
78.61766815,-4.92791748,1,-2.917536974,1,-8.752590179,1,-0.326158196,1,-0.212123036,1,0.418099493,1,0.21495302,0,-0.562085986,0,-2.767758846,0
78.62166596,-4.90977335,1,-2.325749397,1,-8.786955833,1,-0.299961269,1,-0.223415583,1,0.376969874,1,0.212840378,0,-0.563279629,0,-2.766143322,0
78.62566376,-4.777842045,1,-1.960392952,1,-8.892825127,1,-0.279675931,1,-0.244215295,1,0.331690371,1,0.210941374,0,-0.564494193,0,-2.764752626,0
78.62966156,-4.612658024,1,-1.782477498,1,-9.060239792,1,-0.252544969,1,-0.270300448,1,0.297996551,1,0.209231481,0,-0.565762699,0,-2.763558149,0
78.63365936,-4.790708065,1,-1.423333049,1,-9.090359688,1,-0.228179589,1,-0.287703335,1,0.256860018,1,0.207711637,0,-0.567091048,0,-2.762536049,0
78.6376648,-4.843175411,1,-0.976839185,1,-9.054443359,1,-0.187961519,1,-0.303119361,1,0.217503354,1,0.206440568,0,-0.56843394,0,-2.761711836,0
78.6416626,-4.846150398,1,-0.60946238,1,-9.128367424,1,-0.136695608,1,-0.31738919,1,0.181122243,1,0.205467314,0,-0.569808841,0,-2.761091471,0
78.64566803,-4.735444546,1,-0.558429122,1,-9.089913368,1,-0.076543741,1,-0.328475058,1,0.137766346,1,0.204819933,0,-0.571202159,0,-2.760664463,0
78.64966583,-4.816452026,1,-0.53210324,1,-9.06614399,1,-0.028343357,1,-0.347026944,1,0.100168049,1,0.204473972,0,-0.57262373,0,-2.760424137,0
78.65367127,-4.827925682,1,-0.786480784,1,-8.876070023,1,0.02273383,1,-0.363592565,1,0.079094976,1,0.204441354,0,-0.574076772,0,-2.760350704,0
78.65766907,-4.856945038,1,-1.267495632,1,-8.665538788,1,0.067649998,1,-0.36736846,1,0.066521153,1,0.204641312,0,-0.575557828,0,-2.760368347,0
78.66166687,-4.93121624,1,-1.839715958,1,-8.447278023,1,0.097229585,1,-0.366522729,1,0.068808459,1,0.205001578,0,-0.577054799,0,-2.76041317,0
78.66566467,-4.743967533,1,-2.418675661,1,-8.321617126,1,0.106814086,1,-0.366602898,1,0.074653454,1,0.205421209,0,-0.578554749,0,-2.760438204,0
78.66966248,-4.513914108,1,-3.349208355,1,-8.256047249,1,0.074914001,1,-0.367705703,1,0.10806331,1,0.205770612,0,-0.580069304,0,-2.760370016,0
78.67366791,-4.701239109,1,-3.581957817,1,-7.995048046,1,0.039675266,1,-0.370247662,1,0.147439525,1,0.205852032,0,-0.581623733,0,-2.7601192,0
78.67766571,-4.743704796,1,-4.080188274,1,-7.809549809,1,0.009856345,1,-0.34985429,1,0.186626032,1,0.205720901,0,-0.583178878,0,-2.759685993,0
78.68166351,-4.705017567,1,-4.395051003,1,-7.754566669,1,-0.029495656,1,-0.343155801,1,0.23248668,1,0.205325961,0,-0.584706485,0,-2.759047985,0
78.68566132,-4.665606499,1,-4.419890404,1,-7.822989941,1,-0.064517841,1,-0.332767487,1,0.248671025,1,0.204690948,0,-0.586227775,0,-2.7582376,0
78.68966675,-4.614136219,1,-3.766184092,1,-7.922375202,1,-0.06881468,1,-0.32608676,1,0.269973695,1,0.20396173,0,-0.58772099,0,-2.757364035,0
78.69366455,-4.904020786,1,-3.037815332,1,-8.021277428,1,-0.08645311,1,-0.315231651,1,0.290971428,1,0.146639362,0,-0.590874076,0,-2.801960468,0
78.69766235,-4.888259411,1,-2.205873966,1,-8.173928261,1,-0.063267827,1,-0.302242309,1,0.297227919,1,0.145673543,0,-0.592262924,0,-2.800761223,0
78.70166779,-4.915785789,1,-1.688136458,1,-8.352842331,1,-0.036206964,1,-0.303351671,1,0.286339045,1,0.144818544,0,-0.593633771,0,-2.799575329,0
78.70566559,-4.64803791,1,-1.510770082,1,-8.515810966,1,-0.011835102,1,-0.310647368,1,0.27029416,1,0.144102842,0,-0.595007122,0,-2.798460007,0
78.70966339,-4.704210281,1,-1.307682633,1,-8.638872147,1,0.030803574,1,-0.319775403,1,0.24441047,1,0.143563777,0,-0.596404731,0,-2.797454357,0
78.71366119,-4.623017788,1,-1.30083859,1,-8.688022614,1,0.057133339,1,-0.338552266,1,0.239776969,1,0.143212333,0,-0.597857296,0,-2.796515942,0
78.717659,-4.603764057,1,-1.618095756,1,-8.597094536,1,0.087287135,1,-0.354106575,1,0.237820342,1,0.142993718,0,-0.59936893,0,-2.795612097,0
78.72166443,-4.540399551,1,-2.019726753,1,-8.714133263,1,0.097966336,1,-0.382135987,1,0.234525546,1,0.142869502,0,-0.600966096,0,-2.794733524,0
78.72566223,-4.679987907,1,-1.99083674,1,-8.545436859,1,0.133430406,1,-0.397453994,1,0.241439685,1,0.142826796,0,-0.602643013,0,-2.793852806,0
78.72966003,-4.562292576,1,-2.581855774,1,-8.60618782,1,0.165653571,1,-0.412713915,1,0.253398001,1,0.142916352,0,-0.604383171,0,-2.792950153,0
78.73365784,-4.281869888,1,-3.203820944,1,-8.742735863,1,0.110017292,1,-0.456595451,1,0.268398672,1,0.142928436,0,-0.60626632,0,-2.791983604,0
78.73766327,-4.608820438,1,-2.11468792,1,-8.586176872,1,0.112582192,1,-0.488672256,1,0.266776174,1,0.142786533,0,-0.608292758,0,-2.791018009,0
78.74166107,-4.753263474,1,-1.978374004,1,-8.622673035,1,0.159234762,1,-0.50206852,1,0.273633122,1,0.142806709,0,-0.610412478,0,-2.790076017,0
78.74565888,-4.529126167,1,-1.902669311,1,-8.708704948,1,0.155467182,1,-0.528849781,1,0.275817692,1,0.142882377,0,-0.612609625,0,-2.789097071,0
78.74966431,-4.5902071,1,-1.668960333,1,-8.718344688,1,0.162449777,1,-0.561270535,1,0.257351369,1,0.142987937,0,-0.614917099,0,-2.788172245,0
78.75366211,-4.710011005,1,-0.995245159,1,-8.729231834,1,0.1881385,1,-0.591604471,1,0.241386726,1,0.14321512,0,-0.61734426,0,-2.787363291,0
78.75765991,-4.904568195,1,-0.517686427,1,-8.577386856,1,0.221430674,1,-0.609166384,1,0.221106842,1,0.143611625,0,-0.619856536,0,-2.786644459,0
78.76165772,-5.181516171,1,-0.641044557,1,-8.597214699,1,0.264902979,1,-0.634089112,1,0.194865987,1,0.144255057,0,-0.622437656,0,-2.786072254,0
78.76566315,-5.002959251,1,-1.090583801,1,-8.399917603,1,0.280811995,1,-0.651913166,1,0.165228248,1,0.145112842,0,-0.625085473,0,-2.785654783,0
78.76966095,-5.06879282,1,-1.158704042,1,-8.332167625,1,0.299537569,1,-0.666006148,1,0.139066696,1,0.146103144,0,-0.62778008,0,-2.785377026,0
78.77366638,-5.083995819,1,-1.387295723,1,-8.422589302,1,0.321936637,1,-0.677439153,1,0.115997419,1,0.147266373,0,-0.630504489,0,-2.785242558,0
78.77766419,-5.003473759,1,-1.773225665,1,-8.316082954,1,0.322189361,1,-0.697680473,1,0.098040164,1,0.148540109,0,-0.633282661,0,-2.785219431,0
78.78166199,-5.024932861,1,-1.830179214,1,-8.25711441,1,0.328642994,1,-0.710139453,1,0.079786286,1,0.149880275,0,-0.636122167,0,-2.785294056,0
78.78565979,-5.095597744,1,-1.787318349,1,-8.220628738,1,0.347609907,1,-0.723539114,1,0.072703831,1,0.151331484,0,-0.639005125,0,-2.785457134,0
78.78966522,-5.028151035,1,-1.829640746,1,-8.166784286,1,0.368324995,1,-0.727088094,1,0.064657718,1,0.152889282,0,-0.641914248,0,-2.785665274,0
78.79366303,-5.047151566,1,-1.878415942,1,-8.100894928,1,0.379800916,1,-0.743370056,1,0.056195892,1,0.154537737,0,-0.644869268,0,-2.785927296,0
78.79766083,-5.136807442,1,-1.811052561,1,-8.101373672,1,0.391137093,1,-0.751240253,1,0.042627435,1,0.156278804,0,-0.64785707,0,-2.786262989,0
78.80165863,-5.248256683,1,-1.755440593,1,-8.026744843,1,0.396357298,1,-0.762258708,1,0.036000878,1,0.15809229,0,-0.650874794,0,-2.786662817,0
78.80565643,-5.406114578,1,-1.94882834,1,-7.947073936,1,0.414118767,1,-0.773101747,1,0.024940301,1,0.159996569,0,-0.653931201,0,-2.787123203,0
78.80966187,-5.391795635,1,-2.258418322,1,-7.898240089,1,0.405145794,1,-0.775494576,1,0.018036932,1,0.161943018,0,-0.657002628,0,-2.787634134,0
78.81365967,-5.275218964,1,-2.421900749,1,-7.866916656,1,0.392240733,1,-0.772894025,1,0.026035374,1,0.163863018,0,-0.660075366,0,-2.788163424,0
78.81765747,-5.344066143,1,-2.605440617,1,-7.909348965,1,0.376602083,1,-0.782605886,1,0.030185221,1,0.165710032,0,-0.663166761,0,-2.788671255,0
78.8216629,-5.259453773,1,-2.887150049,1,-7.867233276,1,0.364267498,1,-0.788290262,1,0.04930513,1,0.167483091,0,-0.666296482,0,-2.789131403,0
78.82566071,-5.235643864,1,-3.152275562,1,-7.815205097,1,0.350143105,1,-0.802760839,1,0.058440756,1,0.169169828,0,-0.669476748,0,-2.789556503,0
78.82965851,-5.347920895,1,-4.983822823,1,-8.034062386,1,0.318383157,1,-0.806550741,1,0.076461658,1,0.170737252,0,-0.672691584,0,-2.789912462,0
78.83365631,-5.301024437,1,-2.716467619,1,-7.368902683,1,0.277869403,1,-0.845739722,1,0.107210368,1,0.172081143,0,-0.676003218,0,-2.790183544,0
78.83765411,-5.489499569,1,-2.302764416,1,-8.260554314,1,0.295823127,1,-0.8378281,1,0.149251953,1,0.173281983,0,-0.679435015,0,-2.790258408,0
78.84165955,-4.773532391,1,-2.675999165,1,-8.338130951,1,0.277849942,1,-0.843137264,1,0.137480065,1,0.174446464,0,-0.682822406,0,-2.790266514,0
78.84565735,-5.164144993,1,-3.022574663,1,-8.265987396,1,0.273219466,1,-0.887679935,1,0.153748542,1,0.175569296,0,-0.686332166,0,-2.790310621,0
78.84965515,-5.588121414,1,-2.948511362,1,-7.791625977,1,0.287061214,1,-0.910095394,1,0.175547153,1,0.176673204,0,-0.689989686,0,-2.79028511,0
78.85365295,-5.63267374,1,-3.373711109,1,-7.737400532,1,0.302687526,1,-0.918211281,1,0.196258634,1,0.177781805,0,-0.693720758,0,-2.790163755,0
78.85765839,-5.365205288,1,-3.199350357,1,-7.868581295,1,0.29300195,1,-0.93814832,1,0.224088147,1,0.178846642,0,-0.697524548,0,-2.789948702,0
78.86165619,-5.408526897,1,-2.865984678,1,-7.996393204,1,0.287360907,1,-0.963635802,1,0.241690338,1,0.179798335,0,-0.701435208,0,-2.789635181,0
78.86565399,-5.364109993,1,-2.741109848,1,-8.011797905,1,0.290860265,1,-0.999432802,1,0.259537518,1,0.180716529,0,-0.705470324,0,-2.789269924,0
78.86965942,-5.599833488,1,-2.876766682,1,-8.087081909,1,0.294840515,1,-1.019173503,1,0.271871358,1,0.181627065,0,-0.709629178,0,-2.788857937,0
78.87365723,-5.628245354,1,-2.996480465,1,-7.961315632,1,0.28823787,1,-1.051802278,1,0.282474965,1,0.182508066,0,-0.713912606,0,-2.788416624,0
78.87765503,-5.623122692,1,-2.744991064,1,-7.978194237,1,0.273469537,1,-1.079686761,1,0.301024437,1,0.183306858,0,-0.718322694,0,-2.787926674,0
78.88165283,-5.615401268,1,-2.357735634,1,-7.820590019,1,0.272615999,1,-1.101041198,1,0.31738773,1,0.184020564,0,-0.722835839,0,-2.787360191,0
78.88565826,-5.642904282,1,-2.219335318,1,-7.777957916,1,0.294534981,1,-1.117034793,1,0.323182493,1,0.184752449,0,-0.727428913,0,-2.786753416,0
78.88965607,-5.619273663,1,-2.162814856,1,-7.907941341,1,0.305293053,1,-1.137509465,1,0.325332999,1,0.185560733,0,-0.732100964,0,-2.786159992,0
78.8936615,-5.615242481,1,-2.185591936,1,-7.983697414,1,0.306071311,1,-1.164688706,1,0.331767708,1,0.186365008,0,-0.73686856,0,-2.785551786,0
78.8976593,-5.833966732,1,-2.378801823,1,-8.140164375,1,0.292164266,1,-1.188726425,1,0.338327318,1,0.187162697,0,-0.741727829,0,-2.784966707,0
78.9016571,-5.811453342,1,-2.357291222,1,-8.261302948,1,0.279095948,1,-1.222968936,1,0.339669168,1,0.187900513,0,-0.746729076,0,-2.784371614,0
78.90566254,-5.445681095,1,-2.45497179,1,-8.224324226,1,0.278585106,1,-1.268301368,1,0.345899552,1,0.188638702,0,-0.751878262,0,-2.783812046,0
78.90966034,-5.607182503,1,-2.737000465,1,-8.307218552,1,0.280669123,1,-1.321619272,1,0.365298718,1,0.189345703,0,-0.757230699,0,-2.783221245,0
78.91365814,-5.538603783,1,-3.141750336,1,-8.331601143,1,0.270660222,1,-1.372575164,1,0.386488765,1,0.19002904,0,-0.762802303,0,-2.782593012,0
78.91765595,-5.346043587,1,-3.623400211,1,-8.30477047,1,0.258570969,1,-1.428798914,1,0.418745756,1,0.190592378,0,-0.768600583,0,-2.781876087,0
78.92165375,-5.511887074,1,-3.822887659,1,-8.384860039,1,0.248086497,1,-1.488066673,1,0.459989756,1,0.191008911,0,-0.774658501,0,-2.781010151,0
78.92565918,-5.47841835,1,-3.887599468,1,-8.379507065,1,0.231740698,1,-1.55918026,1,0.513103187,1,0.191231832,0,-0.781011462,0,-2.779958487,0
78.92965698,-5.450863361,1,-4.009719849,1,-8.391052246,1,0.218656182,1,-1.621373057,1,0.566115737,1,0.191214278,0,-0.787664354,0,-2.778670311,0
78.93365479,-5.613027096,1,-4.25484705,1,-8.558903694,1,0.197833642,1,-1.693819642,1,0.618159831,1,0.190978855,0,-0.794625282,0,-2.777161598,0
78.93765259,-5.848759651,1,-4.637096882,1,-9.00613308,1,0.139573649,1,-1.710831881,1,0.680474579,1,0.19040145,0,-0.801836491,0,-2.775366306,0
78.94165802,-0.907404125,1,-1.3409549,1,-5.842827797,1,0.355710924,1,-1.947153449,1,0.699788272,1,0.189644352,0,-0.809093952,0,-2.773336172,0
78.94565582,-9.723398209,1,-2.307548046,1,-10.5712347,1,0.286240906,1,-1.831957698,1,0.804540634,1,0.188763976,0,-0.818549633,0,-2.76366353,0
78.94965363,-4.555496693,1,-6.209640026,1,-6.676430225,1,0.174329445,1,-2.002899647,1,0.880253792,1,0.187688604,0,-0.826695979,0,-2.760854721,0
78.95365906,-5.048531055,1,-6.275075436,1,-9.000031471,1,0.131422281,1,-2.13763237,1,0.833565593,1,0.186210424,0,-0.835482478,0,-2.758146763,0
78.95765686,-4.822822094,1,-2.049018145,1,-8.894742966,1,0.167461291,1,-2.196748495,1,0.990837812,1,0.184637874,0,-0.844662428,0,-2.75521636,0
78.96165466,-5.91505003,1,-3.531083584,1,-8.524188995,1,0.198910609,1,-2.279881954,1,1.062974811,1,0.182612479,0,-0.854217291,0,-2.751526833,0
78.96565247,-5.903671741,1,-4.386287212,1,-8.515926361,1,0.181160122,1,-2.396408796,1,1.075937271,1,0.180452064,0,-0.864174008,0,-2.747666836,0
78.96965027,-5.449568748,1,-3.564617157,1,-8.742650986,1,0.151489004,1,-2.511595249,1,1.121490955,1,0.178080454,0,-0.874620318,0,-2.743701696,0
78.9736557,-5.471552849,1,-3.196329117,1,-9.039645195,1,0.143111885,1,-2.632508278,1,1.180057764,1,0.1753584,0,-0.885545194,0,-2.739411354,0
78.9776535,-5.197647572,1,-2.531309843,1,-9.229063988,1,0.192662939,1,-2.779517174,1,1.221168041,1,0.172461748,0,-0.897020578,0,-2.734866381,0
78.98165131,-5.576673031,1,-2.913437843,1,-9.197604179,1,0.232451901,1,-2.907951355,1,1.268069148,1,0.169579104,0,-0.909084201,0,-2.730085373,0
78.98564911,-5.704823971,1,-3.518226862,1,-9.124160767,1,0.249042019,1,-3.078411818,1,1.318663955,1,0.166522235,0,-0.921750367,0,-2.724999428,0
78.98965454,-5.679060459,1,-4.103838921,1,-9.377186775,1,0.236256212,1,-3.236293316,1,1.376694798,1,0.163157582,0,-0.935089171,0,-2.719592094,0
78.99365234,-5.805740833,1,-3.853421688,1,-9.597133636,1,0.231957957,1,-3.394015074,1,1.43425107,1,0.159387842,0,-0.949097991,0,-2.713789225,0
78.99765015,-5.246656418,1,-3.84663868,1,-9.728183746,1,0.242649585,1,-3.585993767,1,1.499815583,1,0.155237094,0,-0.963802695,0,-2.70755434,0
79.00165558,-5.248218536,1,-3.71529007,1,-10.19487762,1,0.259097159,1,-3.783212662,1,1.550147295,1,0.150699213,0,-0.97929132,0,-2.700857162,0
79.00565338,-5.062617779,1,-3.864972353,1,-10.54756832,1,0.251975179,1,-4.009022236,1,1.616833687,1,0.145737693,0,-0.99562782,0,-2.69367528,0
79.00965881,-4.979404449,1,-4.128901958,1,-11.07377148,1,0.236222073,1,-4.251301765,1,1.685503602,1,0.140132084,0,-1.012924671,0,-2.685869217,0
79.01365662,-5.000365257,1,-4.304389,1,-11.4002409,1,0.226254225,1,-4.515842438,1,1.770310998,1,0.13375096,0,-1.03123033,0,-2.677322626,0
79.01765442,-5.177381039,1,-4.548608303,1,-11.99787998,1,0.228499502,1,-4.810534477,1,1.858887076,1,0.126503289,0,-1.050651312,0,-2.667883396,0
79.02165222,-5.800844193,1,-5.085030556,1,-12.41359043,1,0.21748516,1,-5.07877636,1,1.967967629,1,0.118127719,0,-1.071221709,0,-2.657269955,0
79.02565765,-5.436108589,1,-5.670977592,1,-12.42939091,1,0.208898202,1,-5.369943142,1,2.069303513,1,0.108346477,0,-1.092876554,0,-2.645230055,0
79.02965546,-5.812265396,1,-5.966752529,1,-12.65920925,1,0.209830776,1,-5.687119961,1,2.175809622,1,0.096897185,0,-1.115758181,0,-2.631489754,0
79.03365326,-7.177210808,1,-5.985163212,1,-13.1469698,1,0.249330282,1,-5.940880775,1,2.266711235,1,0.08357241,0,-1.139718175,0,-2.6157372,0
79.03765869,-9.529567719,1,-6.216704369,1,-14.32979012,1,0.267376214,1,-6.128592968,1,2.351380825,1,0.067984544,0,-1.164536834,0,-2.597543716,0
79.04165649,-11.32553864,1,-5.284260273,1,-13.92497253,1,0.343704671,1,-6.285240173,1,2.45753932,1,0.04971445,0,-1.189878225,0,-2.576402187,0
79.0456543,-11.65274143,1,-5.925431252,1,-13.41705227,1,0.375338018,1,-6.389397621,1,2.565790653,1,0.027609229,0,-1.215610266,0,-2.551184416,0
79.0496521,-11.44808483,1,-5.242356777,1,-12.41044617,1,0.479522228,1,-6.572639465,1,2.656423807,1,0.001021266,0,-1.241639018,0,-2.521147013,0
79.0536499,-13.02020645,1,-4.267037868,1,-11.8858223,1,0.699860156,1,-6.613418579,1,2.697188377,1,-0.030566981,0,-1.267848849,0,-2.485557556,0
79.05765533,-17.80730438,1,-7.602417469,1,-14.81854153,1,0.816820264,1,-6.622324467,1,2.856626987,1,-0.069323502,0,-1.293868423,0,-2.441914558,0
79.06165314,-19.97757721,1,-8.342077255,1,-15.75711155,1,0.885454714,1,-6.312284946,1,2.961344481,1,-0.117501497,0,-1.318565607,0,-2.388445616,0
79.06565094,-17.53258324,1,-10.10664177,1,-14.53850651,1,0.83399713,1,-6.165258884,1,3.099660873,1,-0.177777082,0,-1.341419935,0,-2.322823286,0
79.06964874,-17.35474396,1,-13.6203289,1,-13.5939045,1,0.640563071,1,-6.147274971,1,3.320898294,1,-0.254923552,0,-1.362730622,0,-2.24072504,0
79.07365418,-20.69954681,1,-14.84167004,1,-13.11106682,1,0.256533653,1,-6.019300938,1,3.609696865,1,-0.354999423,0,-1.381836176,0,-2.136759043,0
79.07765198,-20.23390007,1,-14.67111111,1,-11.92633247,1,-0.296750367,1,-5.863021374,1,3.928739786,1,-0.483272403,0,-1.397378683,0,-2.006444216,0
79.08164978,-21.11547279,1,-14.65652275,1,-12.3412056,1,-0.756897867,1,-5.801774502,1,4.099813938,1,-0.639289677,0,-1.408641815,0,-1.850363135,0
79.08565521,-23.34342003,1,-13.37421989,1,-12.05586433,1,-1.162109733,1,-5.608992577,1,4.159210205,1,-0.814852774,0,-1.414732456,0,-1.676488757,0
79.08965302,-21.68467522,1,-11.87618256,1,-10.98006248,1,-1.625207663,1,-5.426698685,1,4.305042744,1,-0.997512519,0,-1.414981127,0,-1.497221589,0
79.09365082,-21.0147686,1,-9.814980507,1,-11.12016392,1,-1.957667828,1,-5.23812294,1,4.198436737,1,-1.173135042,0,-1.409835696,0,-1.326721549,0
79.09764862,-17.79149437,1,-7.45124054,1,-9.880233765,1,-2.117682219,1,-4.922206879,1,4.094367504,1,-1.328021049,0,-1.400495529,0,-1.177955985,0
79.10165405,-11.06284523,1,-4.45844841,1,-8.545080185,1,-2.141858101,1,-4.658684254,1,3.961519957,1,-1.45842576,0,-1.387976289,0,-1.054164052,0
79.10565186,-4.440889835,1,-2.084772587,1,-8.869485855,1,-1.95644784,1,-4.302775383,1,3.785292149,1,-1.564640999,0,-1.373565316,0,-0.954423487,0
79.10964966,-3.158888102,1,-0.683522344,1,-8.959176064,1,-1.624436378,1,-4.07834816,1,3.676025152,1,-1.649479985,0,-1.35803926,0,-0.875113845,0
79.11364746,-8.217459679,1,1.170782566,1,-11.03078651,1,-1.196841002,1,-3.920285463,1,3.528128386,1,-1.718958497,0,-1.341859579,0,-0.809720874,0
79.11764526,-12.24176884,1,1.596865416,1,-10.91347599,1,-0.646440864,1,-3.746555567,1,3.30527544,1,-1.775074959,0,-1.325745702,0,-0.755797863,0
79.1216507,-21.30578423,1,4.117861748,1,-9.733329773,1,0.046477474,1,-3.749381304,1,3.105867386,1,-1.821569681,0,-1.309814095,0,-0.709079266,0
79.12565613,-30.60394478,1,2.642562866,1,-14.35475349,1,0.683493376,1,-2.943150997,1,2.598032236,1,-1.856702328,0,-1.295211434,0,-0.671030819,0
79.12965393,-19.62593651,1,-2.015524864,1,-15.17318439,1,1.028943062,1,-2.014693737,1,2.115944862,1,-1.876334548,0,-1.28334868,0,-0.647009194,0
79.13365173,-9.759654999,1,-4.019999504,1,-12.13921642,1,1.318621874,1,-1.373999476,1,1.769405961,1,-1.884958863,0,-1.273957372,0,-0.633068919,0
79.13764954,-6.939101219,1,-5.135820389,1,-10.10688114,1,1.546137333,1,-1.076780677,1,1.576990604,1,-1.887458682,0,-1.266117573,0,-0.624428272,0
79.14165497,-10.09564209,1,-6.216246605,1,-9.947310448,1,1.588289142,1,-0.808522761,1,1.433730364,1,-1.886545777,0,-1.259212494,0,-0.618756592,0
79.14565277,-11.51757336,1,-6.748875618,1,-10.73927689,1,1.451306939,1,-0.380088806,1,1.262061238,1,-1.882359266,0,-1.253335595,0,-0.616727054,0
79.14965057,-8.390850067,1,-6.472875595,1,-10.13076401,1,1.293607354,1,0.019290632,1,1.094466448,1,-1.874556899,0,-1.248656869,0,-0.619173706,0
79.15364838,-5.722895622,1,-5.715563297,1,-8.820187569,1,1.195803523,1,0.26808992,1,0.972179651,1,-1.864228725,0,-1.244888544,0,-0.624823689,0
79.15765381,-4.524080753,1,-4.899347305,1,-8.136047363,1,1.113756776,1,0.465816408,1,0.883623362,1,-1.85238111,0,-1.241743565,0,-0.632458687,0
79.16165161,-3.688933849,1,-4.15144968,1,-7.777971745,1,1.033429623,1,0.668360233,1,0.818084896,1,-1.839023471,0,-1.239070058,0,-0.642040074,0
79.16564941,-2.533032656,1,-3.295717955,1,-7.340769291,1,0.980412006,1,0.839295089,1,0.747310698,1,-1.824222922,0,-1.236826062,0,-0.653457224,0
79.16966248,-1.732391834,1,-2.362205982,1,-6.861595631,1,0.973107338,1,0.96524018,1,0.693271637,1,-1.808218241,0,-1.234912634,0,-0.666272044,0
79.17366028,-1.343953252,1,-1.664729714,1,-6.356042862,1,0.994679272,1,1.077613473,1,0.643385828,1,-1.791174769,0,-1.233237982,0,-0.680162191,0
79.17765808,-0.843120754,1,-1.236394167,1,-5.857243061,1,1.025067925,1,1.173620343,1,0.601484656,1,-1.773131132,0,-1.231745362,0,-0.695009649,0
79.18164825,-0.018430416,1,-1.219443321,1,-5.456202984,1,1.03467977,1,1.251947045,1,0.572686791,1,-1.754278898,0,-1.23037672,0,-0.710634172,0
79.18564606,0.618754268,1,-1.396778345,1,-5.047953129,1,1.030397415,1,1.317844272,1,0.547073901,1,-1.734793782,0,-1.229063392,0,-0.726919889,0
79.18965912,1.162165642,1,-1.46754384,1,-4.767224789,1,1.00208509,1,1.3797791,1,0.528108716,1,-1.714835167,0,-1.227768779,0,-0.74379909,0
79.19365692,1.512207389,1,-1.62138474,1,-4.680454254,1,0.963162363,1,1.443182349,1,0.505480111,1,-1.694653869,0,-1.225071192,0,-0.756544411,0
79.19765472,1.854407191,1,-1.644456506,1,-4.607378483,1,0.912621617,1,1.51286304,1,0.486535907,1,-1.673975229,0,-1.223765969,0,-0.774534047,0
79.2016449,1.996633053,1,-1.683934569,1,-4.641441822,1,0.834184885,1,1.586641192,1,0.4627527,1,-1.652995348,0,-1.222447515,0,-0.793143928,0
79.20565796,2.028217316,1,-1.660864115,1,-4.654150009,1,0.761042237,1,1.669151068,1,0.440339357,1,-1.631608009,0,-1.221112728,0,-0.812504053,0
79.20965576,1.938208103,1,-1.555486679,1,-4.734735489,1,0.69299835,1,1.786645293,1,0.417667806,1,-1.609563947,0,-1.219740868,0,-0.83288002,0
79.21365356,2.04262805,1,-1.372534037,1,-4.79186964,1,0.636891544,1,1.917599082,1,0.391036451,1,-1.586609602,0,-1.218316555,0,-0.854493678,0
79.217659,2.013730764,1,-1.127816319,1,-4.969863415,1,0.613568544,1,2.052431822,1,0.36146751,1,-1.562578678,0,-1.21684289,0,-0.87744993,0
79.2216568,2.011139154,1,-0.670202911,1,-5.179152489,1,0.619657159,1,2.195888996,1,0.323419154,1,-1.537278771,0,-1.215280056,0,-0.901813447,0
79.2256546,1.948318481,1,-0.155080587,1,-5.508324623,1,0.656877279,1,2.344816208,1,0.285634816,1,-1.510553122,0,-1.213626146,0,-0.927616835,0
79.22965241,1.815239191,1,0.318888813,1,-5.8129282,1,0.743488193,1,2.486027479,1,0.24409014,1,-1.48224473,0,-1.211847186,0,-0.954865575,0
79.23365021,1.619200468,1,0.763303399,1,-6.084967613,1,0.856393933,1,2.637470484,1,0.193202972,1,-1.452224851,0,-1.209911585,0,-0.983530879,0
79.23765564,1.252525806,1,0.918075442,1,-6.27641964,1,1.001524329,1,2.792096376,1,0.142300174,1,-1.420348167,0,-1.207788229,0,-1.013646722,0
79.24165344,1.086253524,1,0.904776931,1,-6.499415874,1,1.165462136,1,2.949412107,1,0.086096272,1,-1.386516333,0,-1.205422521,0,-1.045220375,0
79.24565125,0.662640095,1,0.822953165,1,-6.673620224,1,1.324760795,1,3.107815742,1,0.028931428,1,-1.350747705,0,-1.202764392,0,-1.078193307,0
79.24965668,0.273993552,1,0.611690342,1,-6.894149303,1,1.48700881,1,3.288574696,1,-0.036930203,1,-1.313016653,0,-1.199756145,0,-1.112617135,0
79.25366211,0.040974416,1,0.406565368,1,-7.108046055,1,1.638935328,1,3.472363234,1,-0.106155857,1,-1.273314834,0,-1.196332335,0,-1.148533106,0
79.25765991,-0.044464525,1,0.240865484,1,-7.277598858,1,1.769048691,1,3.659331083,1,-0.17641145,1,-1.231789231,0,-1.192413449,0,-1.185848832,0
79.26165772,-0.100951679,1,0.187233135,1,-7.330611706,1,1.889955282,1,3.834595919,1,-0.263510466,1,-1.188630819,0,-1.18795526,0,-1.224441648,0
79.26565552,-0.220412537,1,0.191883326,1,-7.541769028,1,2.007576704,1,4.026423454,1,-0.35331592,1,-1.144001484,0,-1.182902813,0,-1.264179707,0
79.26965332,-0.188031241,1,0.153629094,1,-7.637141228,1,2.115572929,1,4.210436344,1,-0.460691452,1,-1.097996473,0,-1.177208543,0,-1.305006027,0
79.27365875,-0.22674869,1,0.218977988,1,-7.733542919,1,2.217321157,1,4.385989189,1,-0.573718488,1,-1.05088973,0,-1.170829058,0,-1.346680164,0
79.27765656,-0.291044414,1,0.293656915,1,-7.804270267,1,2.303654194,1,4.561132431,1,-0.682921648,1,-1.002924919,0,-1.163713574,0,-1.389002919,0
79.28165436,-0.028508559,1,0.326393694,1,-7.801883221,1,2.36600852,1,4.707558632,1,-0.793266892,1,-0.954495072,0,-1.155818105,0,-1.431649446,0
79.28565216,0.082429685,1,0.31941393,1,-7.656638145,1,2.431264639,1,4.83981514,1,-0.896719992,1,-0.905997574,0,-1.147111535,0,-1.474236727,0
79.28965759,0.30168891,1,0.24202624,1,-7.564434528,1,2.485593557,1,4.94618988,1,-0.991131127,1,-0.857807934,0,-1.137586594,0,-1.516396523,0
79.2936554,0.280404449,1,0.26438266,1,-7.387854099,1,2.522491693,1,5.02773428,1,-1.077495575,1,-0.810344458,0,-1.127232909,0,-1.557760715,0
79.2976532,0.347195148,1,0.149526864,1,-7.348149776,1,2.549145937,1,5.084121227,1,-1.139438748,1,-0.763968945,0,-1.116096377,0,-1.597983122,0
79.30165863,0.410426289,1,0.183945611,1,-7.316671371,1,2.579473495,1,5.120435715,1,-1.209302664,1,-0.718919098,0,-1.10422349,0,-1.63681519,0
79.30565643,0.389616698,1,0.073899291,1,-7.259987831,1,2.595845699,1,5.143439293,1,-1.254627466,1,-0.67539835,0,-1.091647506,0,-1.674064517,0
79.30965424,0.322335899,1,0.088889576,1,-7.270905018,1,2.611816406,1,5.142860889,1,-1.296826243,1,-0.633586884,0,-1.078431606,0,-1.709566951,0
79.31365204,0.175788686,1,0.080708303,1,-7.415269852,1,2.627917051,1,5.132528782,1,-1.325256228,1,-0.59352839,0,-1.064628124,0,-1.743262768,0
79.31764984,-0.019920219,1,0.059023928,1,-7.580338001,1,2.63384223,1,5.120737553,1,-1.349473,1,-0.555262446,0,-1.050311208,0,-1.775114059,0
79.32165527,-0.295173019,1,0.166164637,1,-7.820281982,1,2.652425289,1,5.098926067,1,-1.364782572,1,-0.518751144,0,-1.035525322,0,-1.805143714,0
79.32565308,-0.764318466,1,0.163269609,1,-8.010368347,1,2.676496267,1,5.083301544,1,-1.376474857,1,-0.483905822,0,-1.020304561,0,-1.833398581,0
79.32965088,-1.421023846,1,0.248346731,1,-8.445127487,1,2.706296444,1,5.088339329,1,-1.379057884,1,-0.450593024,0,-1.004624367,0,-1.859987736,0
79.33364868,-2.02052927,1,0.358570725,1,-8.751393318,1,2.761586666,1,5.106804371,1,-1.3926301,1,-0.418616116,0,-0.988471925,0,-1.885053039,0
79.33765411,-2.573385,1,0.529461622,1,-9.068511009,1,2.826261759,1,5.142382145,1,-1.397168159,1,-0.387800843,0,-0.971810937,0,-1.908703566,0
79.34165192,-3.112618446,1,0.55070442,1,-9.463602066,1,2.904348373,1,5.192388535,1,-1.406121969,1,-0.35799709,0,-0.954605818,0,-1.931047082,0
79.34564972,-3.554706335,1,0.783202052,1,-9.918761253,1,3.003724337,1,5.249339104,1,-1.413131714,1,-0.329077363,0,-0.936850846,0,-1.952150941,0
79.34965515,-3.964273453,1,0.950481534,1,-10.22125435,1,3.111974239,1,5.313613892,1,-1.42697227,1,-0.300908327,0,-0.918519318,0,-1.972063184,0
79.35365295,-4.441352844,1,0.968010783,1,-10.52348042,1,3.236227036,1,5.384285927,1,-1.443479896,1,-0.273370385,0,-0.899621248,0,-1.990876794,0
79.35765076,-4.919361591,1,0.906830549,1,-10.78329277,1,3.368189096,1,5.465148926,1,-1.44886148,1,-0.246373191,0,-0.880134284,0,-2.00861907,0
79.36164856,-5.085479736,1,0.718523145,1,-10.80896378,1,3.501868725,1,5.53438282,1,-1.463862538,1,-0.219882473,0,-0.860061526,0,-2.025297642,0
79.36564636,-5.568073273,1,0.401240677,1,-10.99894047,1,3.633209705,1,5.609383583,1,-1.468976259,1,-0.193876892,0,-0.839456081,0,-2.040920258,0
79.36965179,-5.863327026,1,0.222483575,1,-11.2985487,1,3.748746395,1,5.658704758,1,-1.489817262,1,-0.168328509,0,-0.818359435,0,-2.055537701,0
79.37365723,-5.99398613,1,0.026931744,1,-11.3030405,1,3.854125261,1,5.685263634,1,-1.51155591,1,-0.143246785,0,-0.796869874,0,-2.069207191,0
79.37765503,-6.203383923,1,-0.278767765,1,-11.47406578,1,3.949098587,1,5.69831562,1,-1.545824051,1,-0.118588895,0,-0.775085092,0,-2.081986904,0
79.38165283,-6.538224697,1,-0.653654814,1,-11.71302223,1,4.033830643,1,5.683652878,1,-1.578850508,1,-0.09435863,0,-0.753113627,0,-2.093936205,0
79.38565826,-6.763736248,1,-0.81043756,1,-12.01330471,1,4.096491814,1,5.65122509,1,-1.633730173,1,-0.070509493,0,-0.73103404,0,-2.105159521,0
79.38965607,-7.032099247,1,-0.974146068,1,-12.27354431,1,4.142228127,1,5.594676018,1,-1.704993844,1,-0.047024805,0,-0.708971024,0,-2.1157763,0
79.39365387,-7.437614918,1,-1.136648178,1,-12.76612186,1,4.164137363,1,5.521906376,1,-1.787642479,1,-0.023890989,0,-0.686993241,0,-2.125910997,0
79.39765167,-7.933076859,1,-1.117021561,1,-13.25352764,1,4.181130409,1,5.434820175,1,-1.896432877,1,-0.001071012,0,-0.665162444,0,-2.135698795,0
79.40164948,-8.659460068,1,-0.788038969,1,-13.83103848,1,4.208245277,1,5.341383934,1,-2.009798765,1,0.021521941,0,-0.643540919,0,-2.14526248,0
79.40564728,-9.627531052,1,-0.41976887,1,-14.42237282,1,4.231093884,1,5.24764967,1,-2.144474983,1,0.043982845,0,-0.622113287,0,-2.15470624,0
79.40965271,-10.67657757,1,0.071423352,1,-15.0570507,1,4.260723591,1,5.160623074,1,-2.294602633,1,0.066370562,0,-0.60083586,0,-2.16412735,0
79.41365051,-11.97994614,1,0.401985526,1,-15.67779446,1,4.294938564,1,5.080110073,1,-2.4545331,1,0.088755354,0,-0.579682648,0,-2.173599958,0
79.41764832,-13.7258625,1,0.69348979,1,-16.26008797,1,4.324844837,1,5.014459133,1,-2.615764141,1,0.111167043,0,-0.558588088,0,-2.183181763,0
79.42165375,-15.52068901,1,0.655575633,1,-16.67316818,1,4.326796055,1,4.967120171,1,-2.782286882,1,0.133534461,0,-0.537463307,0,-2.19289279,0
79.42565155,-17.53878784,1,0.219873056,1,-18.25708199,1,4.257578373,1,4.955200672,1,-3.012439251,1,0.155719787,0,-0.51619041,0,-2.202775955,0
79.42964935,-18.87919617,1,1.651607633,1,-17.11248589,1,4.232406139,1,4.948533535,1,-3.152123213,1,0.177648664,0,-0.494545072,0,-2.212948322,0
79.43364716,-21.4714756,1,1.692458868,1,-16.82219505,1,4.195136547,1,4.849405289,1,-3.266142607,1,0.199210688,0,-0.472910762,0,-2.223040342,0
79.43764496,-24.22050858,1,2.256605148,1,-16.84209442,1,4.106212616,1,4.813399792,1,-3.395220041,1,0.2203179,0,-0.451252729,0,-2.233106613,0
79.44165039,-25.81287766,1,4.374382973,1,-16.62478256,1,3.976168871,1,4.788519382,1,-3.550128698,1,0.240773916,0,-0.429386258,0,-2.243207932,0
79.44564819,-27.03735733,1,8.012074471,1,-15.74368095,1,3.944145918,1,4.734220982,1,-3.643301249,1,0.256914943,0,-0.406634599,0,-2.255348921,0
79.449646,-28.1452198,1,10.60094261,1,-14.07280064,1,4.036156178,1,4.678773403,1,-3.668776751,1,0.276667893,0,-0.384625763,0,-2.265268087,0
79.4536438,-29.85936165,1,11.16586494,1,-12.03162956,1,4.152467728,1,4.640482903,1,-3.649957895,1,0.296495587,0,-0.362615049,0,-2.274708033,0
79.45764923,-31.39742279,1,10.73005676,1,-9.662327766,1,4.206747055,1,4.635481834,1,-3.572434664,1,0.316237748,0,-0.34055686,0,-2.283439398,0
79.46164703,-31.72846031,1,9.029902458,1,-7.19068861,1,4.131716728,1,4.5317173,1,-3.381305695,1,0.335460663,0,-0.318714499,0,-2.291173697,0
79.46564484,-32.43642807,1,7.07248354,1,-5.121076584,1,3.906280518,1,4.369784355,1,-3.118800163,1,0.353558481,0,-0.297557294,0,-2.297723293,0
79.46965027,-32.76369858,1,5.786795616,1,-2.927332878,1,3.570645571,1,4.170283794,1,-2.77280736,1,0.370011896,0,-0.277414948,0,-2.30291748,0
79.47364807,-33.1844368,1,6.25372076,1,-0.838399529,1,3.227332115,1,3.917094946,1,-2.372469664,1,0.384576619,0,-0.258565426,0,-2.306669474,0
79.47764587,-32.81699753,1,8.316649437,1,1.176435471,1,2.983951092,1,3.615043402,1,-1.959712386,1,0.397549689,0,-0.241315275,0,-2.309012413,0
79.48164368,-32.39624786,1,11.1668129,1,2.577608109,1,2.878997326,1,3.240149021,1,-1.535102487,1,0.409488767,0,-0.225949958,0,-2.310081244,0
79.48564148,-32.38589859,1,14.14899254,1,3.783889055,1,2.908634663,1,2.836646557,1,-1.121830225,1,0.421019793,0,-0.212695226,0,-2.310047626,0
79.48964691,-32.28458023,1,16.24453354,1,4.707983017,1,3.027275085,1,2.430996656,1,-0.732046485,1,0.432668477,0,-0.201572254,0,-2.309028864,0
79.49365234,-31.91915321,1,17.14480782,1,5.25023365,1,3.181613922,1,2.042993784,1,-0.369056046,1,0.444723964,0,-0.192543849,0,-2.307174921,0
79.49765015,-31.14276695,1,16.37927818,1,5.549266815,1,3.264212608,1,1.655681372,1,-0.036368713,1,0.457165718,0,-0.185536757,0,-2.30463028,0
79.50164795,-30.35042,1,14.28607082,1,5.4381814,1,3.189306021,1,1.276560545,1,0.268442452,1,0.469551176,0,-0.180500314,0,-2.301532269,0
79.50565338,-13.19819927,1,-10.16988373,1,-1.484576702,1,1.631113052,1,0.629465997,1,0.666381836,1,0.479484409,0,-0.177826181,0,-2.298026562,0
79.50965118,-29.03734398,1,-17.5459938,1,8.102815628,1,-1.414357305,1,-0.663602054,1,1.412734628,1,0.479064107,0,-0.179637268,0,-2.29435277,0
79.51364899,-37.34113693,1,-14.75104046,1,11.86459732,1,-4.008325577,1,-1.324198246,1,1.841540813,1,0.467497349,0,-0.186475396,0,-2.290269375,0
79.51764679,-19.12108231,1,-2.109857082,1,12.66204834,1,-5.919355869,1,-1.763783932,1,2.040919065,1,0.446009666,0,-0.195328504,0,-2.286026478,0
79.52164459,5.728283882,1,24.40026283,1,2.303784132,1,-4.594925404,1,-2.149898291,1,2.931409359,1,0.423767477,0,-0.206708282,0,-2.280032873,0
79.52565002,-0.539111853,1,19.653265,1,-8.64316082,1,-4.396879196,1,-2.46833396,1,3.180305004,1,0.404364645,0,-0.220106453,0,-2.272296906,0
79.52964783,-14.7009306,1,12.96701717,1,-21.04706383,1,-3.786125898,1,-2.239623785,1,2.940759182,1,0.386035293,0,-0.233737379,0,-2.264361382,0
79.53364563,-0.490558475,1,1.242723823,1,-29.54681969,1,-2.934583187,1,-1.597016454,1,2.459094524,1,0.370956808,0,-0.244785339,0,-2.256977081,0
79.53764343,7.458595753,1,-17.73612404,1,-28.53667641,1,-3.086483717,1,-1.325418591,1,2.125850916,1,0.357520729,0,-0.253426194,0,-2.250288725,0
79.54164887,9.397955894,1,-19.1616993,1,-21.64383507,1,-3.223330021,1,-1.355915308,1,2.186031103,1,0.343098402,0,-0.26128155,0,-2.243878841,0
79.54564667,7.237555027,1,-12.03465748,1,-15.22416401,1,-3.201839924,1,-1.742888927,1,2.440835238,1,0.328683496,0,-0.270066738,0,-2.23689127,0
79.54964447,-0.314669013,1,-3.407872438,1,-11.41959286,1,-3.448891163,1,-2.222843885,1,2.668501616,1,0.313245982,0,-0.280960739,0,-2.229510069,0
79.5536499,4.463244438,1,1.982327223,1,-9.224128723,1,-3.446301699,1,-2.645391464,1,3.069266558,1,0.297093749,0,-0.293538332,0,-2.221127272,0
79.55764771,1.676594615,1,3.150645971,1,-8.726215363,1,-3.413545609,1,-3.469134331,1,3.265259981,1,0.280602276,0,-0.308925271,0,-2.211916447,0
79.56164551,-8.487486839,1,3.123370409,1,-12.57626629,1,-3.140477896,1,-3.84377861,1,2.833711863,1,0.264814824,0,-0.326374829,0,-2.203516722,0
79.56564331,-18.56423187,1,7.405544281,1,-16.48185921,1,-2.784477234,1,-3.962834597,1,2.035900831,1,0.251042962,0,-0.344068289,0,-2.197784662,0
79.56964111,-27.10982323,1,7.543715,1,-19.59087563,1,-2.416895866,1,-3.616788626,1,1.287589788,1,0.239791527,0,-0.360432684,0,-2.194886208,0
79.57364655,-29.59670258,1,3.641184092,1,-18.67151642,1,-2.165380001,1,-3.061455965,1,0.855657041,1,0.230259746,0,-0.374482334,0,-2.19386363,0
79.57764435,-28.15617943,1,6.624398232,1,-17.09436226,1,-1.766217947,1,-2.496173143,1,0.705266535,1,0.222187176,0,-0.385963082,0,-2.193323374,0
79.58164215,-23.01854706,1,8.386631012,1,-16.59712982,1,-1.390704751,1,-1.914735675,1,0.718968034,1,0.21551688,0,-0.39522481,0,-2.192428589,0
79.58563995,-13.90080452,1,6.825793743,1,-14.29849148,1,-1.17224133,1,-1.478960395,1,0.850264847,1,0.209762111,0,-0.40244472,0,-2.190646887,0
79.58964539,-6.073123455,1,4.13419199,1,-13.27674961,1,-1.050432324,1,-1.199139237,1,0.983751833,1,0.204280838,0,-0.408369064,0,-2.187968493,0
79.59364319,-2.988883018,1,1.08279264,1,-10.14684391,1,-0.905642629,1,-1.246887326,1,1.062778354,1,0.198988482,0,-0.413939267,0,-2.184604168,0
79.59764099,-2.373853683,1,-2.41262579,1,-9.039338112,1,-0.886654079,1,-1.303136826,1,1.148211956,1,0.194005385,0,-0.419834763,0,-2.180979729,0
79.60164642,-3.731862783,1,-5.330368042,1,-8.132971764,1,-0.946494758,1,-1.296857834,1,1.090223551,1,0.18873933,0,-0.425803453,0,-2.177193403,0
79.60564423,-5.641226768,1,-5.957886219,1,-7.502661228,1,-0.982393205,1,-1.251854897,1,0.976690054,1,0.183453292,0,-0.431597471,0,-2.173741579,0
79.60964966,-8.817942619,1,-6.266167164,1,-7.466751099,1,-1.082119823,1,-1.074832082,1,0.84756881,1,0.178073242,0,-0.436867684,0,-2.170734882,0
79.61364746,-11.09465218,1,-3.470839977,1,-7.772759914,1,-1.158362389,1,-0.828548908,1,0.737855732,1,0.17240268,0,-0.441162616,0,-2.168020725,0
79.61764526,-11.0640173,1,-1.292062163,1,-9.159219742,1,-1.093291283,1,-0.517237961,1,0.652285814,1,0.166785359,0,-0.444288611,0,-2.165491343,0
79.62164307,-10.10824013,1,0.43722859,1,-9.275186539,1,-1.060173988,1,-0.287983239,1,0.685740769,1,0.161355242,0,-0.446298987,0,-2.162873983,0
79.6256485,-8.335700989,1,0.870501161,1,-9.704574585,1,-0.978803813,1,-0.104409799,1,0.703132629,1,0.156002119,0,-0.447493762,0,-2.159944296,0
79.6296463,-8.044122696,1,0.057128955,1,-9.949048042,1,-0.859719932,1,-0.026528683,1,0.652505815,1,0.1510337,0,-0.44816643,0,-2.156993628,0
79.6336441,-6.014055252,1,-1.357847214,1,-9.175880432,1,-0.753366113,1,0.028003385,1,0.582388461,1,0.146651909,0,-0.44850266,0,-2.154282331,0
79.63764954,-4.617779255,1,-2.264949083,1,-8.996527672,1,-0.680665851,1,-0.039043128,1,0.518773019,1,0.142734677,0,-0.448842943,0,-2.151875734,0
79.64164734,-4.693389893,1,-2.577762365,1,-9.500276566,1,-0.627485216,1,-0.063664801,1,0.48307699,1,0.139190555,0,-0.449341595,0,-2.149708271,0
79.64564514,-4.401420116,1,-2.15739274,1,-9.914395332,1,-0.603803158,1,-0.061821148,1,0.487833917,1,0.135807797,0,-0.449838638,0,-2.147614717,0
79.64964294,-5.708285332,1,-1.484038472,1,-10.11009502,1,-0.520889461,1,-0.042138554,1,0.505000651,1,0.132611513,0,-0.45032984,0,-2.145463943,0
79.65364075,-4.889913559,1,-1.473088264,1,-9.148990631,1,-0.480501324,1,-0.033585761,1,0.539676249,1,0.129630357,0,-0.450732827,0,-2.143169641,0
79.65764618,-4.211281776,1,-2.369816542,1,-8.639814377,1,-0.449973106,1,-0.085270137,1,0.540382981,1,0.126738012,0,-0.451260954,0,-2.140805244,0
79.66164398,-4.369440556,1,-2.826599121,1,-9.060344696,1,-0.417257845,1,-0.09406051,1,0.509098232,1,0.124019511,0,-0.451886922,0,-2.138536453,0
79.66564179,-4.02577877,1,-2.341528177,1,-8.932764053,1,-0.406456023,1,-0.117726937,1,0.498184621,1,0.121427894,0,-0.452549338,0,-2.136371374,0
79.66963959,-4.094925404,1,-1.438794374,1,-8.889972687,1,-0.363663107,1,-0.140971839,1,0.483110309,1,0.118956216,0,-0.453311414,0,-2.134268284,0
79.67364502,-4.540346146,1,-0.721780002,1,-9.058930397,1,-0.314185321,1,-0.164574444,1,0.457854062,1,0.116723448,0,-0.454134881,0,-2.132269621,0
79.67764282,-4.907958984,1,-0.488642186,1,-9.257418633,1,-0.245128959,1,-0.174307883,1,0.424010903,1,0.114782467,0,-0.455017298,0,-2.130408049,0
79.68164063,-4.829596043,1,-1.04812789,1,-9.292370796,1,-0.19175747,1,-0.181465983,1,0.392258674,1,0.113159016,0,-0.455912292,0,-2.128690004,0
79.68564606,-4.402723312,1,-2.098726749,1,-8.905684471,1,-0.156714201,1,-0.208668441,1,0.364706486,1,0.111765936,0,-0.456855237,0,-2.127113819,0
79.68964386,-4.226916313,1,-2.905494928,1,-8.917693138,1,-0.152832165,1,-0.235776901,1,0.358532965,1,0.110495508,0,-0.457889706,0,-2.12563467,0
79.69364166,-4.656497955,1,-3.021372318,1,-8.756444931,1,-0.15429917,1,-0.243559062,1,0.364170432,1,0.108061053,0,-0.460181266,0,-2.11810112,0
79.69763947,-4.621240139,1,-2.906478882,1,-8.715481758,1,-0.161768407,1,-0.246779442,1,0.363498837,1,0.106765963,0,-0.461320519,0,-2.116601229,0
79.70163727,-4.912124634,1,-2.577893019,1,-8.787793159,1,-0.165166095,1,-0.241544336,1,0.357603282,1,0.105464853,0,-0.462444156,0,-2.115115643,0
79.7056427,-5.284844875,1,-2.253184319,1,-8.710502625,1,-0.1696022,1,-0.227723226,1,0.34041214,1,0.104145475,0,-0.463521808,0,-2.113668203,0
79.7096405,-5.089587212,1,-2.276575089,1,-8.709318161,1,-0.170898721,1,-0.221809611,1,0.313459188,1,0.102856904,0,-0.464543998,0,-2.112317324,0
79.71363831,-5.11366415,1,-2.209183216,1,-8.762829781,1,-0.187086791,1,-0.218349412,1,0.284283042,1,0.101589225,0,-0.465546042,0,-2.111086607,0
79.71763611,-4.977921486,1,-2.057322741,1,-8.812038422,1,-0.187084898,1,-0.212954566,1,0.248061016,1,0.100355186,0,-0.466505885,0,-2.110001564,0
79.72164154,-5.085748196,1,-1.621003747,1,-8.889062881,1,-0.173059314,1,-0.209991634,1,0.21340245,1,0.099206991,0,-0.467444837,0,-2.109067917,0
79.72563934,-5.05612278,1,-1.232772946,1,-8.872449875,1,-0.147671819,1,-0.204408437,1,0.181886375,1,0.098203398,0,-0.468357295,0,-2.108278513,0
79.72964478,-4.890563011,1,-1.022696853,1,-8.849473953,1,-0.111788124,1,-0.20671618,1,0.148664981,1,0.097398035,0,-0.469241232,0,-2.107626915,0
79.73364258,-4.773647785,1,-1.036812425,1,-8.856375694,1,-0.067728773,1,-0.2191194,1,0.117417194,1,0.096809216,0,-0.470140755,0,-2.107125759,0
79.73764801,-4.591407776,1,-1.205910802,1,-8.859384537,1,-0.037620656,1,-0.222824469,1,0.085894592,1,0.096436188,0,-0.471055806,0,-2.106772184,0
79.74164581,-4.499441624,1,-1.400575638,1,-8.847490311,1,-0.004703028,1,-0.240367502,1,0.061044883,1,0.09624368,0,-0.472010642,0,-2.106538773,0
79.74564362,-4.314984798,1,-1.491226792,1,-8.876607895,1,0.034409534,1,-0.268554151,1,0.041129425,1,0.09625183,0,-0.473041505,0,-2.106428146,0
79.74964142,-4.352847099,1,-1.570239186,1,-8.907958984,1,0.06829007,1,-0.290212154,1,0.023527768,1,0.096457615,0,-0.474159449,0,-2.106412172,0
79.75363922,-4.355770111,1,-1.635125875,1,-8.921034813,1,0.102825612,1,-0.303581595,1,0.005789525,1,0.09683504,0,-0.47535494,0,-2.106474161,0
79.75764465,-4.53499651,1,-1.611145735,1,-8.896434784,1,0.128958866,1,-0.325036585,1,-0.001748148,1,0.097352847,0,-0.476617128,0,-2.106594324,0
79.76164246,-4.501758099,1,-1.934329271,1,-8.693427086,1,0.151518404,1,-0.335723877,1,-0.007267477,1,0.097993284,0,-0.477930456,0,-2.10675621,0
79.76564026,-4.549017906,1,-2.424717426,1,-8.628123283,1,0.152220204,1,-0.344814569,1,0.001805581,1,0.098681696,0,-0.479282647,0,-2.106922388,0
79.76964569,-4.647399902,1,-2.795464993,1,-8.33442688,1,0.141617477,1,-0.344244301,1,0.01869408,1,0.099325046,0,-0.480657876,0,-2.107036352,0
79.77364349,-4.554867744,1,-3.532411814,1,-8.225235939,1,0.119772337,1,-0.345001638,1,0.040100325,1,0.099868946,0,-0.482036173,0,-2.107055426,0
79.7776413,-4.803514481,1,-3.348880291,1,-8.158664703,1,0.087631963,1,-0.33727929,1,0.069804527,1,0.100214869,0,-0.483416438,0,-2.106944323,0
79.7816391,-4.822943211,1,-3.230272055,1,-8.01517868,1,0.073368788,1,-0.316170543,1,0.09122134,1,0.100428164,0,-0.484757185,0,-2.106726885,0
79.7856369,-4.834137917,1,-2.846137762,1,-8.114084244,1,0.060981497,1,-0.307162702,1,0.108098939,1,0.100536272,0,-0.486031473,0,-2.10640955,0
79.78964233,-4.771139145,1,-2.520861149,1,-8.220324516,1,0.064748123,1,-0.293622404,1,0.114776745,1,0.100619078,0,-0.487258315,0,-2.106052876,0
79.79364014,-4.751804829,1,-2.24497366,1,-8.356837273,1,0.073206812,1,-0.291444689,1,0.107105158,1,0.100715138,0,-0.488472015,0,-2.105690002,0
79.79763794,-4.721528053,1,-1.893068433,1,-8.375231743,1,0.082461305,1,-0.300980836,1,0.100969709,1,0.100860789,0,-0.489694715,0,-2.105346203,0
79.80163574,-4.762029171,1,-1.530754685,1,-8.404015541,1,0.106766008,1,-0.300017059,1,0.087136604,1,0.101099379,0,-0.490930021,0,-2.105062723,0
79.80564117,-4.714292526,1,-1.367746949,1,-8.526651382,1,0.136406019,1,-0.312180996,1,0.066439465,1,0.101490542,0,-0.492182761,0,-2.104862928,0
79.80963898,-4.641235352,1,-1.406774402,1,-8.688475609,1,0.160436198,1,-0.33113271,1,0.049332522,1,0.102022551,0,-0.49348411,0,-2.104746819,0
79.81363678,-4.587348461,1,-1.367327571,1,-8.742471695,1,0.188464001,1,-0.349738926,1,0.029466625,1,0.102702595,0,-0.494863987,0,-2.104726076,0
79.81764984,-4.560361862,1,-1.32273376,1,-8.815532684,1,0.226435378,1,-0.370910704,1,0.00817713,1,0.103568606,0,-0.496304661,0,-2.104811668,0
79.82164002,-4.489459515,1,-1.416736603,1,-8.78345871,1,0.269011885,1,-0.382520407,1,0.006982066,1,0.104623638,0,-0.497805864,0,-2.104952097,0
79.82563782,-4.588130474,1,-1.736991525,1,-8.703447342,1,0.301423252,1,-0.394088775,1,0.000892096,1,0.105842061,0,-0.499343187,0,-2.105123758,0
79.82963562,-4.556162357,1,-2.081747055,1,-8.663815498,1,0.309437782,1,-0.41034314,1,0.013244572,1,0.107147187,0,-0.500943542,0,-2.10529089,0
79.83363342,-4.480921745,1,-2.313634872,1,-8.766884804,1,0.292674363,1,-0.424808651,1,0.034856647,1,0.108400777,0,-0.502612889,0,-2.105396986,0
79.83764648,-4.437914848,1,-2.188657999,1,-8.683681488,1,0.296931505,1,-0.452885509,1,0.051211324,1,0.109585062,0,-0.504384518,0,-2.105419874,0
79.84163666,-4.643877983,1,-2.127889633,1,-8.580553055,1,0.299187392,1,-0.464646459,1,0.073533297,1,0.110752314,0,-0.506240845,0,-2.105367661,0
79.84563446,-4.411576271,1,-2.496158123,1,-8.840778351,1,0.285478979,1,-0.496990591,1,0.086352959,1,0.111889221,0,-0.508176029,0,-2.105257034,0
79.84964752,-4.50269413,1,-2.118588209,1,-8.669103622,1,0.270650834,1,-0.526080489,1,0.090255976,1,0.112913594,0,-0.510251462,0,-2.105114222,0
79.85365295,-4.62986517,1,-1.989105821,1,-8.608383179,1,0.305882275,1,-0.535313785,1,0.09796717,1,0.113995828,0,-0.512410522,0,-2.10497117,0
79.85765076,-4.545262814,1,-2.17015028,1,-8.723119736,1,0.320887297,1,-0.548706353,1,0.102181248,1,0.115176342,0,-0.514610708,0,-2.104798079,0
79.86164856,-4.557789803,1,-2.148752213,1,-8.836291313,1,0.322208941,1,-0.583672583,1,0.103370659,1,0.116374798,0,-0.516906857,0,-2.104626179,0
79.86564636,-4.674244404,1,-2.253454924,1,-8.712090492,1,0.317834049,1,-0.609845281,1,0.105801024,1,0.117583349,0,-0.519338369,0,-2.104465485,0
79.86964417,-4.684355259,1,-1.775423765,1,-8.588652611,1,0.311643332,1,-0.629412115,1,0.101732492,1,0.118749961,0,-0.521851242,0,-2.104326963,0
79.8736496,-4.851099968,1,-1.72780025,1,-8.522090912,1,0.342976093,1,-0.640771031,1,0.097792499,1,0.12000607,0,-0.524421692,0,-2.104221582,0
79.8776474,-4.884294987,1,-1.939186692,1,-8.399512291,1,0.353622139,1,-0.653952718,1,0.092366628,1,0.121376999,0,-0.527040601,0,-2.10414505,0
79.8816452,-4.952920437,1,-2.089754343,1,-8.226980209,1,0.352720171,1,-0.661595702,1,0.087672085,1,0.122765705,0,-0.529694617,0,-2.104099035,0
79.88564301,-5.062096119,1,-2.091668129,1,-8.310028076,1,0.353219301,1,-0.672603369,1,0.081427224,1,0.124181882,0,-0.532386005,0,-2.104090929,0
79.88964844,-4.94067955,1,-2.047882557,1,-8.241272926,1,0.350048155,1,-0.685571611,1,0.081919566,1,0.125600144,0,-0.535134435,0,-2.104113102,0
79.89364624,-5.046009064,1,-2.204565287,1,-8.243998528,1,0.340215981,1,-0.69624114,1,0.080008842,1,0.127002686,0,-0.537913978,0,-2.104152679,0
79.89764404,-5.000618458,1,-2.549274921,1,-8.144203186,1,0.336695731,1,-0.701915562,1,0.071770199,1,0.128393725,0,-0.540726483,0,-2.104216337,0
79.90164948,-4.994997978,1,-2.719217062,1,-8.086874008,1,0.306595832,1,-0.705870748,1,0.082122512,1,0.129722312,0,-0.543562472,0,-2.104282141,0
79.90564728,-5.064686775,1,-2.65971446,1,-8.016674995,1,0.299501151,1,-0.71366024,1,0.091887139,1,0.13094379,0,-0.546429873,0,-2.104317665,0
79.90964508,-5.057656765,1,-2.619421244,1,-8.018164635,1,0.297172248,1,-0.719566405,1,0.09715876,1,0.13213174,0,-0.549321771,0,-2.10431385,0
79.91364288,-5.133622646,1,-2.60637784,1,-8.015731812,1,0.296827316,1,-0.729452491,1,0.112919934,1,0.133290082,0,-0.552238762,0,-2.104265928,0
79.91764069,-5.082228184,1,-2.629334927,1,-8.044728279,1,0.293326586,1,-0.730002999,1,0.126121879,1,0.13441743,0,-0.555194199,0,-2.104165316,0
79.92164612,-5.139741898,1,-2.802076578,1,-7.998364449,1,0.287874222,1,-0.745637059,1,0.144350991,1,0.135497719,0,-0.558192849,0,-2.10400486,0
79.92564392,-5.219391823,1,-2.773964167,1,-7.987646103,1,0.281485796,1,-0.754473507,1,0.16080752,1,0.136524275,0,-0.561243594,0,-2.103784561,0
79.92964172,-5.307925224,1,-2.74862957,1,-8.031412125,1,0.27688399,1,-0.756753266,1,0.176721334,1,0.137471348,0,-0.564328611,0,-2.103482008,0
79.93363953,-5.193341732,1,-2.843317747,1,-8.166998863,1,0.269310683,1,-0.772358596,1,0.197736964,1,0.138362527,0,-0.567466259,0,-2.103108644,0
79.93764496,-5.144820213,1,-3.088563204,1,-8.296874046,1,0.253030777,1,-0.793438077,1,0.222540826,1,0.139144734,0,-0.570682526,0,-2.102632284,0
79.94164276,-4.948579311,1,-3.076869488,1,-8.241134644,1,0.249827921,1,-0.814957082,1,0.243418366,1,0.178235069,0,-0.577587426,0,-2.082708836,0
79.94564056,-5.108249664,1,-2.889741182,1,-8.14855957,1,0.2597408,1,-0.837736905,1,0.275313616,1,0.177681699,0,-0.58182317,0,-2.079419374,0
79.949646,-5.068475246,1,-3.139233351,1,-8.059584618,1,0.257158637,1,-0.852558792,1,0.30178687,1,0.178355932,0,-0.585363209,0,-2.078763723,0
79.9536438,-5.1176157,1,-4.590319157,1,-7.937344551,1,0.257637113,1,-0.871342063,1,0.328109473,1,0.178965643,0,-0.588980317,0,-2.078005075,0
79.9576416,-5.38940239,1,-0.774159014,1,-7.356969357,1,0.283166736,1,-0.922002017,1,0.349011987,1,0.179564312,0,-0.592740715,0,-2.077194452,0
79.9616394,-5.478102207,1,-0.957256079,1,-8.526035309,1,0.342193574,1,-0.903033197,1,0.384228975,1,0.180296957,0,-0.596618235,0,-2.076215029,0
79.96563721,-4.702403545,1,-2.290331841,1,-8.526277542,1,0.29710263,1,-0.906221747,1,0.343320221,1,0.181065395,0,-0.600409925,0,-2.075263262,0
79.96964264,-5.155119419,1,-2.497472763,1,-8.286178589,1,0.249182358,1,-0.972525299,1,0.321568757,1,0.181702524,0,-0.60436213,0,-2.074502468,0
79.97364807,-5.565232754,1,-1.991755724,1,-7.75290966,1,0.257733792,1,-0.996363044,1,0.309161037,1,0.182349637,0,-0.608460307,0,-2.073873997,0
79.97764587,-5.773298264,1,-2.067489147,1,-7.792058468,1,0.279334575,1,-0.994718552,1,0.309960544,1,0.183087498,0,-0.612609208,0,-2.07327342,0
79.98164368,-5.393495083,1,-1.9737432,1,-8.003417969,1,0.275669813,1,-1.013578415,1,0.300448745,1,0.183893099,0,-0.616773367,0,-2.07271719,0
79.98564911,-5.423408508,1,-1.926756024,1,-7.98225832,1,0.276756465,1,-1.042345166,1,0.290461302,1,0.184706941,0,-0.621038258,0,-2.072222233,0
79.98964691,-5.511918068,1,-2.301790237,1,-7.921725273,1,0.282850355,1,-1.068328857,1,0.282530248,1,0.185570166,0,-0.625400066,0,-2.071798086,0
79.99364471,-5.537472725,1,-2.792789221,1,-7.904223919,1,0.276141584,1,-1.081298113,1,0.285670459,1,0.186457768,0,-0.629831791,0,-2.071403742,0
79.99764252,-5.385567188,1,-3.188746452,1,-7.950750828,1,0.264156193,1,-1.105237365,1,0.301242113,1,0.187289864,0,-0.634350181,0,-2.070981026,0
80.00164032,-5.495999336,1,-3.22100687,1,-8.040228844,1,0.238139763,1,-1.128847837,1,0.321134478,1,0.18800512,0,-0.638976753,0,-2.070497036,0
80.00564575,-5.557238579,1,-3.329435825,1,-8.055952072,1,0.219122112,1,-1.161976457,1,0.350275278,1,0.188572258,0,-0.643733859,0,-2.069914818,0
80.00964356,-5.547251225,1,-3.404733896,1,-8.139562607,1,0.205028176,1,-1.204944968,1,0.375679731,1,0.189014718,0,-0.648656607,0,-2.069247246,0
80.01364136,-5.588994503,1,-3.414720774,1,-8.138979912,1,0.189167947,1,-1.230452657,1,0.402315438,1,0.189340696,0,-0.65373373,0,-2.068478823,0
80.01763916,-5.353805542,1,-3.459531307,1,-8.120844841,1,0.184213132,1,-1.283263803,1,0.439280689,1,0.189553306,0,-0.658988476,0,-2.067593575,0
80.02164459,-5.399576664,1,-3.53934741,1,-8.139240265,1,0.172052279,1,-1.333909035,1,0.46833998,1,0.189650118,0,-0.66447103,0,-2.066600084,0
80.0256424,-5.473370075,1,-3.654986143,1,-8.156590462,1,0.156780049,1,-1.392941594,1,0.509435296,1,0.18960309,0,-0.670202732,0,-2.065462589,0
80.0296402,-5.647035122,1,-3.893692732,1,-8.179235458,1,0.121783614,1,-1.443702221,1,0.545485616,1,0.189355254,0,-0.676169991,0,-2.064174175,0
80.03364563,-5.321880817,1,-3.763381958,1,-8.208191872,1,0.101888709,1,-1.495954514,1,0.57838732,1,0.1888991,0,-0.682366729,0,-2.062756062,0
80.03764343,-5.295300484,1,-3.751921654,1,-8.388723373,1,0.077878788,1,-1.566073298,1,0.616774201,1,0.188268781,0,-0.688832402,0,-2.061203957,0
80.04164124,-5.384371281,1,-3.635178089,1,-8.489969254,1,0.064429395,1,-1.627805591,1,0.650560081,1,0.187469363,0,-0.695579529,0,-2.059505463,0
80.04563904,-5.363360882,1,-3.472110748,1,-8.484149933,1,0.057576362,1,-1.700462461,1,0.693205476,1,0.186540931,0,-0.702606916,0,-2.057677984,0
80.04963684,-5.342704296,1,-3.231133461,1,-8.593260765,1,0.056179266,1,-1.785740972,1,0.734225869,1,0.185473695,0,-0.710002542,0,-2.055680275,0
80.05364227,-5.377049446,1,-2.993463278,1,-8.770776749,1,0.055735447,1,-1.877502918,1,0.76519841,1,0.184308961,0,-0.717760265,0,-2.053560019,0
80.05764008,-5.331041813,1,-2.813859224,1,-8.846446037,1,0.068385929,1,-1.966198921,1,0.801453888,1,0.183086947,0,-0.725893974,0,-2.051323414,0
80.06163788,-5.463929653,1,-2.835085869,1,-8.951470375,1,0.077467121,1,-2.063753843,1,0.837564826,1,0.181784377,0,-0.734418392,0,-2.048949242,0
80.06563568,-5.504477978,1,-2.776041269,1,-8.924934387,1,0.082786359,1,-2.163766623,1,0.869939864,1,0.180413246,0,-0.743338585,0,-2.046453714,0
80.06964111,-5.290933609,1,-2.766782284,1,-8.972238541,1,0.099476084,1,-2.273647547,1,0.910799205,1,0.179005623,0,-0.75271374,0,-2.043837547,0
80.07363892,-5.335528374,1,-2.677032471,1,-9.133586884,1,0.122461341,1,-2.39818573,1,0.951197743,1,0.177549809,0,-0.762567818,0,-2.041078091,0
80.07763672,-5.175329208,1,-2.575786829,1,-9.161187172,1,0.143624187,1,-2.530761719,1,1.00182128,1,0.176066443,0,-0.772957861,0,-2.038155556,0
80.08164215,-5.219382763,1,-2.680852413,1,-9.378159523,1,0.178834721,1,-2.679320097,1,1.051247954,1,0.17452094,0,-0.783928275,0,-2.035031319,0
80.08563995,-5.194311619,1,-2.85994935,1,-9.619285583,1,0.197109208,1,-2.818493843,1,1.097730756,1,0.172918901,0,-0.795502841,0,-2.031716347,0
80.08964539,-4.91270113,1,-2.898961306,1,-9.848451614,1,0.216829568,1,-2.99306488,1,1.143337131,1,0.171263725,0,-0.807721078,0,-2.028247356,0
80.09364319,-4.940578461,1,-3.228488922,1,-10.24395561,1,0.222900361,1,-3.190128088,1,1.19857657,1,0.169479251,0,-0.820696056,0,-2.024570704,0
80.09764099,-5.107653141,1,-3.569574833,1,-10.63819313,1,0.215981796,1,-3.395257235,1,1.259633064,1,0.167480901,0,-0.83449918,0,-2.020674706,0
80.10163879,-4.663302898,1,-4.08621788,1,-10.85919285,1,0.199359298,1,-3.614596605,1,1.323674679,1,0.165211558,0,-0.849163711,0,-2.016510963,0
80.10564423,-4.628812313,1,-5.774855614,1,-9.316637993,1,0.097018272,1,-3.698360205,1,1.356140137,1,0.162426874,0,-0.864582241,0,-2.012070179,0
80.10964203,-3.450379848,1,-1.918930411,1,-13.40421867,1,0.41274339,1,-4.34693861,1,1.479352117,1,0.160018012,0,-0.881481826,0,-2.007377863,0
80.11363983,-8.134298325,1,-4.934267998,1,-12.00687218,1,0.291736126,1,-4.344165802,1,1.69248116,1,0.15710485,0,-0.899557948,0,-2.00182724,0
80.11764526,-4.698465824,1,-9.483982086,1,-11.38591957,1,0.090578519,1,-4.666891098,1,1.832006812,1,0.152381152,0,-0.918429673,0,-1.994868398,0
80.12164307,-2.801573992,1,-7.95138216,1,-12.02268028,1,0.088811204,1,-5.05096674,1,1.883782983,1,0.146822229,0,-0.938768446,0,-1.987539291,0
80.12564087,-3.868535042,1,-5.586218357,1,-12.88719368,1,0.162599504,1,-5.337082386,1,2.140351057,1,0.140394077,0,-0.960493088,0,-1.979008079,0
80.12963867,-6.312223911,1,-7.026643276,1,-13.01203156,1,0.180095091,1,-5.572617531,1,2.374878883,1,0.132286638,0,-0.983347118,0,-1.96834898,0
80.13363648,-5.806267738,1,-7.961267948,1,-12.04312992,1,0.18118979,1,-5.837171078,1,2.516366959,1,0.122528404,0,-1.007177711,0,-1.955848455,0
80.13764191,-4.77406168,1,-8.560613632,1,-11.92788982,1,0.174140915,1,-6.172288895,1,2.717984915,1,0.110912353,0,-1.032255411,0,-1.941365004,0
80.14163971,-5.8042593,1,-8.053530693,1,-12.44590473,1,0.18391113,1,-6.508113861,1,2.911221981,1,0.096794821,0,-1.058659911,0,-1.924241662,0
80.14563751,-8.043487549,1,-6.952530384,1,-13.30437374,1,0.247331381,1,-6.76857233,1,3.061024904,1,0.080111273,0,-1.08622396,0,-1.904270649,0
80.14963532,-11.32454395,1,-6.236731529,1,-14.27330017,1,0.348487198,1,-6.912925243,1,3.173177481,1,0.060606703,0,-1.114419818,0,-1.88105619,0
80.15364075,-13.39908123,1,-5.878651142,1,-13.91033459,1,0.439601988,1,-6.911677837,1,3.248855829,1,0.037986707,0,-1.14268434,0,-1.854290366,0
80.15763855,-12.3978529,1,-4.850914478,1,-12.49002171,1,0.538790047,1,-7.010502338,1,3.362698793,1,0.011366351,0,-1.170830011,0,-1.823122978,0
80.16163635,-13.888484,1,-4.685381889,1,-12.87433338,1,0.710389674,1,-7.15928793,1,3.49001956,1,-0.020205226,0,-1.199148059,0,-1.786344886,0
80.16564179,-17.1506424,1,-5.518052101,1,-14.12456799,1,0.925848782,1,-7.108345985,1,3.539443254,1,-0.057516631,0,-1.227143407,0,-1.743025184,0
80.16963959,-22.24853325,1,-6.311552048,1,-14.93095589,1,1.096236229,1,-6.750427723,1,3.513150215,1,-0.100938022,0,-1.253780723,0,-1.692824125,0
80.17363739,-19.75342369,1,-8.054987907,1,-14.52037811,1,1.120839596,1,-6.465530872,1,3.643020868,1,-0.151996985,0,-1.278135061,0,-1.634582281,0
80.17763519,-19.15810585,1,-10.64268875,1,-14.05887699,1,1.004157066,1,-6.273028851,1,3.696388721,1,-0.213675961,0,-1.300544739,0,-1.565950632,0
80.181633,-21.46974564,1,-11.69494915,1,-13.66460228,1,0.76578486,1,-6.000022888,1,3.794214487,1,-0.287529737,0,-1.320625186,0,-1.485845447,0
80.18563843,-19.55426216,1,-12.59865475,1,-12.15964317,1,0.377883017,1,-5.775979042,1,3.996412992,1,-0.375936389,0,-1.337816715,0,-1.392393947,0
80.18963623,-18.62633324,1,-12.13082409,1,-11.83659935,1,-0.041004691,1,-5.632522583,1,4.089531422,1,-0.48075211,0,-1.351830602,0,-1.284193635,0
80.19363403,-20.68899727,1,-11.25805092,1,-12.23776913,1,-0.341447204,1,-5.407628536,1,4.054398537,1,-0.604284942,0,-1.361671925,0,-1.157807589,0
80.19763184,-19.98434067,1,-9.951051712,1,-11.15648746,1,-0.655992866,1,-5.10308218,1,4.110423088,1,-0.729916453,0,-1.368110418,0,-1.031483293,0
80.20163727,-17.91058922,1,-7.567068577,1,-11.94011593,1,-0.985684931,1,-4.882446289,1,4.029510975,1,-0.859150887,0,-1.370428085,0,-0.902990639,0
80.20563507,-15.44107342,1,-5.379892826,1,-10.67906857,1,-1.023112297,1,-4.607098579,1,3.846278191,1,-0.984241307,0,-1.36940372,0,-0.77950871,0
80.20963287,-10.0836916,1,-3.747344494,1,-9.405438423,1,-1.056674123,1,-4.23737669,1,3.823496103,1,-1.09999609,0,-1.365062237,0,-0.665566027,0
80.21363831,-5.622596264,1,-1.256135225,1,-9.140558243,1,-0.920742154,1,-3.923432589,1,3.701315165,1,-1.203124404,0,-1.357945323,0,-0.564241469,0
80.21764374,-1.861847281,1,0.988524854,1,-9.722226143,1,-0.609539926,1,-3.616753101,1,3.537371397,1,-1.291754842,0,-1.348984599,0,-0.4766545,0
80.22164154,-3.546758652,1,2.062408209,1,-10.11197567,1,-0.122894883,1,-3.438668489,1,3.524158001,1,-1.367241859,0,-1.338698149,0,-0.400756121,0
80.22564697,-8.04827404,1,2.444658041,1,-10.98091125,1,0.481983215,1,-3.203984499,1,3.537344933,1,-1.430215478,0,-1.327010393,0,-0.335219055,0
80.22964478,-15.00857162,1,3.297103167,1,-9.756729126,1,1.079644084,1,-3.191830873,1,3.324357748,1,-1.482968211,0,-1.314760089,0,-0.277589738,0
80.23364258,-28.8971405,1,3.506719112,1,-14.30536938,1,1.683120728,1,-2.659045696,1,2.937470198,1,-1.525191069,0,-1.303058267,0,-0.228070781,0
80.23764801,-21.38160515,1,-1.085116267,1,-16.30875587,1,1.963111162,1,-1.654479861,1,2.530915022,1,-1.549842238,0,-1.292426348,0,-0.194866091,0
80.24164581,-9.416822433,1,-3.84644556,1,-13.53996754,1,2.203188181,1,-0.97790581,1,2.243668556,1,-1.559750795,0,-1.282985806,0,-0.175862715,0
80.24564362,-4.852195263,1,-5.390388012,1,-10.65831566,1,2.368273973,1,-0.675859034,1,2.06422925,1,-1.561689854,0,-1.274425864,0,-0.164263099,0
80.24964142,-6.883944988,1,-6.503902435,1,-10.35941601,1,2.373247862,1,-0.429923177,1,1.916925669,1,-1.559627056,0,-1.266473532,0,-0.156457692,0
80.25363922,-8.821410179,1,-7.199985504,1,-11.36841393,1,2.192685127,1,-0.057151686,1,1.732827783,1,-1.55395925,0,-1.259179473,0,-0.152774245,0
80.25764465,-6.013289452,1,-7.205649376,1,-10.64753819,1,1.964900613,1,0.330097377,1,1.519710064,1,-1.544310212,0,-1.252665043,0,-0.154202983,0
80.26164246,-3.518757343,1,-6.623624802,1,-9.441765785,1,1.80948925,1,0.551836491,1,1.339771628,1,-1.531989217,0,-1.246894836,0,-0.159251392,0
80.26564026,-2.309364557,1,-6.059286594,1,-8.746361732,1,1.669775128,1,0.721844077,1,1.169183969,1,-1.518193364,0,-1.241762161,0,-0.166471094,0
80.26963806,-0.84443152,1,-5.463425159,1,-8.273670197,1,1.527420044,1,0.901338577,1,0.994888365,1,-1.503160834,0,-1.23724401,0,-0.175614104,0
80.27364349,0.630407989,1,-4.570295811,1,-7.769211292,1,1.42197752,1,1.040949941,1,0.819275379,1,-1.486912608,0,-1.233327031,0,-0.186594486,0
80.2776413,1.595191479,1,-3.719128132,1,-7.324428082,1,1.375028968,1,1.150248528,1,0.645316362,1,-1.469713092,0,-1.230012894,0,-0.198921651,0
80.2816391,2.090432405,1,-3.156695604,1,-7.102725983,1,1.362912297,1,1.240401983,1,0.468484282,1,-1.451605558,0,-1.227274895,0,-0.212341264,0
80.28564453,2.330961943,1,-2.711500406,1,-7.037770271,1,1.378451228,1,1.326662064,1,0.283516735,1,-1.432496667,0,-1.225125313,0,-0.22682257,0
80.28964233,2.667845964,1,-2.525692701,1,-6.97270155,1,1.390151262,1,1.407767653,1,0.106792234,1,-1.412284255,0,-1.223550558,0,-0.242428944,0
80.29364014,2.948681355,1,-2.463281155,1,-6.83339262,1,1.404314995,1,1.485596061,1,-0.067640491,1,-1.390969038,0,-1.222498298,0,-0.259149104,0
80.29763794,3.175502539,1,-2.399164915,1,-6.855443001,1,1.422368407,1,1.568039536,1,-0.230070651,1,-1.368502617,0,-1.22192049,0,-0.277036846,0
80.30163574,3.228010654,1,-2.373268366,1,-6.954604149,1,1.430834174,1,1.649991274,1,-0.380562931,1,-1.344776988,0,-1.221745133,0,-0.296211839,0
80.30564117,3.189918518,1,-2.276692867,1,-7.148433685,1,1.434005499,1,1.744083405,1,-0.541629851,1,-1.319708347,0,-1.221935153,0,-0.316791058,0
80.30963898,3.051131964,1,-2.226624727,1,-7.255151272,1,1.421547294,1,1.851656675,1,-0.686175764,1,-1.293149471,0,-1.222429752,0,-0.338979214,0
80.31363678,2.909518719,1,-2.065052271,1,-7.385066032,1,1.413947701,1,1.962553382,1,-0.822872341,1,-1.264962316,0,-1.223137975,0,-0.362930298,0
80.31763458,2.703692198,1,-1.759053111,1,-7.668644428,1,1.415175438,1,2.079457283,1,-0.962488651,1,-1.234989047,0,-1.223976135,0,-0.388787091,0
80.32164002,2.300403357,1,-1.396074057,1,-7.946018696,1,1.423666239,1,2.214445353,1,-1.095935106,1,-1.203052878,0,-1.224888802,0,-0.416704297,0
80.32563782,1.795999885,1,-1.013574481,1,-8.239990234,1,1.455130339,1,2.359907627,1,-1.223500729,1,-1.16891253,0,-1.225763559,0,-0.446877003,0
80.32963562,1.257067084,1,-0.660068214,1,-8.519717216,1,1.492159367,1,2.529805183,1,-1.348623395,1,-1.132295132,0,-1.226485014,0,-0.479527116,0
80.33364105,0.79316318,1,-0.307505578,1,-8.893806458,1,1.535225034,1,2.713392019,1,-1.473114848,1,-1.093019962,0,-1.226913333,0,-0.514813781,0
80.33764648,0.405589849,1,-0.072170474,1,-9.099829674,1,1.597678185,1,2.912827015,1,-1.58806181,1,-1.050975323,0,-1.226899743,0,-0.552822113,0
80.34164429,0.175387189,1,0.133256912,1,-9.192296982,1,1.66411674,1,3.108034372,1,-1.680867076,1,-1.006271362,0,-1.226289868,0,-0.593381703,0
80.34564972,0.033034023,1,0.443110466,1,-9.407561302,1,1.734618664,1,3.290664196,1,-1.772464991,1,-0.959197402,0,-1.224929929,0,-0.636180103,0
80.34964752,-0.304399997,1,0.698699772,1,-9.562815666,1,1.818536878,1,3.478528738,1,-1.848605394,1,-0.910060406,0,-1.222713709,0,-0.680866659,0
80.35364533,-0.502914548,1,0.927428186,1,-9.63560009,1,1.896305323,1,3.660083055,1,-1.917052507,1,-0.859250188,0,-1.219492435,0,-0.72704488,0
80.35765076,-0.706641376,1,1.064984202,1,-9.654390335,1,1.973024368,1,3.832372427,1,-1.968229055,1,-0.807298541,0,-1.215170026,0,-0.774176598,0
80.36164856,-0.934452236,1,1.146983743,1,-9.742465019,1,2.044203758,1,3.989796162,1,-2.01489687,1,-0.754726052,0,-1.209674716,0,-0.821734846,0
80.36564636,-1.030597329,1,1.292873502,1,-9.780863762,1,2.108716011,1,4.142271996,1,-2.063909769,1,-0.702054203,0,-1.20295155,0,-0.869209409,0
80.36964417,-1.124836326,1,1.47821784,1,-9.759018898,1,2.181953192,1,4.280774593,1,-2.093033791,1,-0.649800479,0,-1.195003152,0,-0.916073263,0
80.37364197,-1.345891953,1,1.622518063,1,-9.777417183,1,2.243548632,1,4.412513733,1,-2.117725372,1,-0.598444581,0,-1.185814977,0,-0.961854458,0
80.3776474,-1.503082871,1,1.782381773,1,-9.816957474,1,2.308776855,1,4.527895451,1,-2.139222622,1,-0.548344672,0,-1.175405622,0,-1.006188512,0
80.3816452,-1.825917721,1,1.786460638,1,-9.727252007,1,2.367304087,1,4.643235683,1,-2.150469065,1,-0.499810964,0,-1.163809657,0,-1.048739195,0
80.38564301,-2.18055582,1,1.813887954,1,-9.699234009,1,2.425748348,1,4.758707523,1,-2.142888069,1,-0.453162491,0,-1.151038408,0,-1.089206576,0
80.38964081,-2.499010324,1,1.807583213,1,-9.678152084,1,2.472558022,1,4.866368294,1,-2.134118795,1,-0.408566952,0,-1.137124896,0,-1.127419233,0
80.39365387,-2.660734177,1,1.661509395,1,-9.700315475,1,2.514411449,1,4.968789577,1,-2.099195719,1,-0.366225541,0,-1.122101903,0,-1.163206816,0
80.39765167,-2.935895443,1,1.695487976,1,-9.706392288,1,2.551350355,1,5.062376499,1,-2.061979771,1,-0.326299995,0,-1.106042385,0,-1.196410894,0
80.40164185,-3.060990334,1,1.771261454,1,-9.680950165,1,2.58090806,1,5.155148506,1,-2.010266542,1,-0.288803071,0,-1.08902657,0,-1.227009535,0
80.40565491,-3.302313089,1,1.785531163,1,-9.742405891,1,2.612686157,1,5.23335743,1,-1.947809339,1,-0.25372535,0,-1.071127653,0,-1.255004048,0
80.40965271,-3.443408251,1,1.864744425,1,-9.785398483,1,2.647510052,1,5.318687916,1,-1.88677597,1,-0.220941097,0,-1.052412033,0,-1.280495048,0
80.41365051,-3.613646746,1,1.993890524,1,-9.868360519,1,2.69199872,1,5.387720108,1,-1.819174767,1,-0.190333307,0,-1.032965183,0,-1.303570151,0
80.41764832,-3.641921043,1,2.097377539,1,-9.952941895,1,2.743186712,1,5.444274902,1,-1.754190564,1,-0.161708593,0,-1.012880206,0,-1.32436955,0
80.42163849,-3.693996906,1,2.071651936,1,-9.976366043,1,2.79589653,1,5.496820927,1,-1.683044076,1,-0.134921297,0,-0.992251396,0,-1.343018293,0
80.42565155,-3.887438774,1,1.988498807,1,-10.11153126,1,2.854321003,1,5.537106991,1,-1.617217779,1,-0.109776355,0,-0.971150935,0,-1.359657168,0
80.42964935,-4.311187744,1,1.897426128,1,-10.34918594,1,2.921001196,1,5.5683074,1,-1.55438447,1,-0.08610291,0,-0.949659944,0,-1.374450326,0
80.43364716,-4.50774765,1,1.686905503,1,-10.57933712,1,2.987285852,1,5.616272926,1,-1.503843188,1,-0.063657112,0,-0.927808523,0,-1.387619972,0
80.43764496,-4.792048454,1,1.461448073,1,-10.73805904,1,3.056318521,1,5.639229298,1,-1.464346766,1,-0.042287592,0,-0.905641913,0,-1.399316669,0
80.44165039,-5.053391933,1,1.05946672,1,-11.00177765,1,3.10777545,1,5.668656349,1,-1.433649421,1,-0.021856735,0,-0.883218288,0,-1.409712315,0
80.44564819,-5.324344635,1,0.579845607,1,-11.23619652,1,3.142236233,1,5.685008526,1,-1.418475389,1,-0.004766809,0,-0.860498786,0,-1.414234042,0
80.449646,-5.541624546,1,0.116106637,1,-11.51852512,1,3.158806562,1,5.690532207,1,-1.413913965,1,0.014157342,0,-0.837722123,0,-1.422654867,0
80.45365143,-5.764704227,1,-0.079068094,1,-11.85856438,1,3.161868334,1,5.674043179,1,-1.431900024,1,0.032396466,0,-0.814862967,0,-1.430271149,0
80.45765686,-6.05715847,1,-0.298424423,1,-12.29394436,1,3.160717249,1,5.649224758,1,-1.466819882,1,0.050074983,0,-0.791985989,0,-1.437267184,0
80.46165466,-6.52513361,1,-0.339185506,1,-12.67847252,1,3.16617775,1,5.633947372,1,-1.516126394,1,0.067314565,0,-0.76910603,0,-1.443781972,0
80.4656601,-6.797441006,1,-0.399978727,1,-12.9674263,1,3.180457354,1,5.607150078,1,-1.580369234,1,0.084237278,0,-0.746225059,0,-1.449949145,0
80.4696579,-7.284496784,1,-0.396095216,1,-13.28211117,1,3.199164152,1,5.572624207,1,-1.668385267,1,0.100960784,0,-0.723359168,0,-1.455872774,0
80.4736557,-7.818065166,1,-0.285901576,1,-13.66632938,1,3.229539156,1,5.539033413,1,-1.772095203,1,0.117622651,0,-0.700514734,0,-1.461696029,0
80.47766113,-8.428851128,1,-0.21128808,1,-13.98396873,1,3.274167776,1,5.494616032,1,-1.902160645,1,0.134349287,0,-0.67769742,0,-1.467536688,0
80.48165894,-9.233543396,1,-0.195270568,1,-14.42018127,1,3.316196203,1,5.444875717,1,-2.05935359,1,0.151255563,0,-0.654905975,0,-1.473540783,0
80.48565674,-9.960158348,1,-0.386192173,1,-14.82444763,1,3.341319799,1,5.38169384,1,-2.252080679,1,0.168374151,0,-0.632149637,0,-1.479871273,0
80.48965454,-10.99941063,1,-0.691789925,1,-15.20186615,1,3.331509352,1,5.313874245,1,-2.468076706,1,0.185676843,0,-0.609429717,0,-1.486658096,0
80.49365234,-12.05080223,1,-1.105174184,1,-15.60197449,1,3.270222902,1,5.238923073,1,-2.712077618,1,0.203032717,0,-0.586713254,0,-1.494016647,0
80.49765778,-13.14341354,1,-1.383510947,1,-16.20563507,1,3.164692402,1,5.150717735,1,-2.976205587,1,0.220288008,0,-0.564009011,0,-1.502050638,0
80.50165558,-14.25754452,1,-1.632227421,1,-16.92134094,1,3.014778376,1,5.051221371,1,-3.263003826,1,0.23729822,0,-0.541309595,0,-1.510884762,0
80.50565338,-15.4901762,1,-1.829826474,1,-17.69070244,1,2.819873095,1,4.93364048,1,-3.560719252,1,0.253895313,0,-0.518620074,0,-1.520600438,0
80.50965118,-17.13156891,1,-1.684628844,1,-18.42886925,1,2.584702969,1,4.809511185,1,-3.859207869,1,0.269882262,0,-0.495949656,0,-1.531222463,0
80.51365662,-19.39597321,1,-0.880589902,1,-18.7425499,1,2.323991776,1,4.699770451,1,-4.157418728,1,0.285071194,0,-0.473263592,0,-1.542754412,0
80.51765442,-22.41828346,1,-0.077903166,1,-18.67455864,1,2.054429531,1,4.617530823,1,-4.431926727,1,0.299342692,0,-0.450484425,0,-1.555145264,0
80.52165222,-26.63138771,1,0.769938827,1,-17.61571121,1,1.801472306,1,4.622732162,1,-4.664079666,1,0.312589347,0,-0.427395254,0,-1.568185091,0
80.52565765,-31.46824837,1,1.513979077,1,-15.84505558,1,1.578873515,1,4.716014385,1,-4.842985153,1,0.324727893,0,-0.403709263,0,-1.58155632,0
80.52965546,-35.07769775,1,2.235906839,1,-13.80332851,1,1.393504858,1,4.876680374,1,-4.940838814,1,0.33574307,0,-0.37921679,0,-1.594869614,0
80.53365326,-36.49214554,1,4.442359924,1,-11.0530653,1,1.265339375,1,5.042099476,1,-4.964670658,1,0.345670581,0,-0.353881598,0,-1.607789755,0
80.53765106,-37.05189514,1,5.213981152,1,-8.230848312,1,1.207633853,1,5.151351929,1,-4.889787197,1,0.354694664,0,-0.327954352,0,-1.620043159,0
80.54164887,-36.5157814,1,5.282207966,1,-5.396594048,1,1.180511475,1,5.204785824,1,-4.699357986,1,0.362949342,0,-0.301800728,0,-1.631296873,0
80.54564667,-34.64487076,1,5.95679903,1,-2.663674116,1,1.119771957,1,5.135506153,1,-4.402359486,1,0.370410204,0,-0.275917649,0,-1.641310811,0
80.5496521,-32.75723267,1,6.665730953,1,0.164371654,1,1.052876115,1,4.895929813,1,-3.989738226,1,0.376990438,0,-0.251086801,0,-1.64991641,0
80.5536499,-31.20015335,1,7.553721905,1,2.932580709,1,1.047437906,1,4.562705994,1,-3.495816708,1,0.382864237,0,-0.227937192,0,-1.657014608,0
80.55764771,-30.03158951,1,9.528308868,1,5.306350231,1,1.157645106,1,4.161711693,1,-2.956443071,1,0.388427377,0,-0.206899047,0,-1.662537336,0
80.56165314,-28.9717865,1,12.00666237,1,7.438587666,1,1.39480412,1,3.700541735,1,-2.397845984,1,0.394264162,0,-0.188265249,0,-1.666505456,0
80.56565094,-28.36825371,1,15.07552433,1,8.847081184,1,1.763686776,1,3.182867765,1,-1.848605871,1,0.401013106,0,-0.172279745,0,-1.669040084,0
80.56964874,-28.16769791,1,17.10144806,1,9.568974495,1,2.214049578,1,2.658666849,1,-1.338771224,1,0.409163535,0,-0.159030318,0,-1.670304537,0
80.57365418,-28.67291832,1,18.05434418,1,9.901932716,1,2.703045368,1,2.189253092,1,-0.878111422,1,0.419036537,0,-0.14838618,0,-1.670452833,0
80.57765961,-28.6040802,1,18.70541763,1,9.286478996,1,3.151164532,1,1.736647248,1,-0.515261292,1,0.430662811,0,-0.140091062,0,-1.669751883,0
80.58165741,-29.00644875,1,17.45863342,1,8.696974754,1,3.469156504,1,1.327349305,1,-0.214768574,1,0.443765581,0,-0.133952886,0,-1.668448091,0
80.58566284,-29.22476959,1,16.08899117,1,7.784619808,1,3.59841156,1,0.964295506,1,-0.014471127,1,0.457742333,0,-0.129644364,0,-1.666837096,0
80.58966065,-29.47024536,1,14.43082428,1,6.525254726,1,3.520345211,1,0.646625638,1,0.094545759,1,0.47182703,0,-0.126859784,0,-1.665222764,0
80.59365845,-29.37233734,1,11.81757355,1,5.436932564,1,3.226487637,1,0.384549528,1,0.127403304,1,0.485209197,0,-0.125256911,0,-1.6638726,0
80.59766388,-28.83021355,1,8.908815384,1,4.197287083,1,2.701021194,1,0.151921421,1,0.13241896,1,0.496999115,0,-0.124553882,0,-1.662895322,0
80.60166168,-10.36998272,1,-17.42743492,1,-2.096135616,1,0.533468068,1,-0.51565963,1,0.55288893,1,0.504133701,0,-0.12562643,0,-1.662096262,0
80.60565949,-39.45302582,1,-5.497436523,1,5.881709099,1,-1.066687822,1,-1.960087776,1,1.48469007,1,0.502167821,0,-0.131838128,0,-1.660975337,0
80.60965729,-35.09638596,1,14.56482601,1,8.471632957,1,-0.857305706,1,-2.050627232,1,2.111556292,1,0.497976929,0,-0.142867625,0,-1.65845418,0
80.61365509,7.414029598,1,12.38652897,1,6.866918087,1,-1.028786659,1,-1.509241462,1,2.255986452,1,0.493585199,0,-0.153109744,0,-1.654117703,0
80.61766052,5.295868397,1,3.300472736,1,-4.488379478,1,-0.961860418,1,-1.869389772,1,2.755202055,1,0.488627613,0,-0.163617939,0,-1.648316264,0
80.62165833,-15.83748055,1,-5.944307804,1,-13.22930622,1,-1.050042152,1,-2.099416256,1,3.055049419,1,0.483639479,0,-0.17637457,0,-1.641712427,0
80.62565613,-7.897945881,1,-19.53503418,1,-18.09185982,1,-1.115842938,1,-1.165140033,1,3.09179616,1,0.477659792,0,-0.187933281,0,-1.633792758,0
80.62965393,7.310645103,1,-31.53188705,1,-20.20418549,1,-1.316717744,1,-0.795781136,1,3.202132225,1,0.471257806,0,-0.19692646,0,-1.623987556,0
80.63365936,8.609931946,1,-36.35155487,1,-15.70076466,1,-2.113876104,1,-0.863220155,1,3.245079279,1,0.462265491,0,-0.205675304,0,-1.613848805,0
80.63765717,7.165462017,1,-34.11020279,1,-8.852583885,1,-2.869156122,1,-1.071627855,1,3.322468281,1,0.450060308,0,-0.214930996,0,-1.603394985,0
80.64165497,5.121426105,1,-27.08981705,1,-3.228831053,1,-3.284368753,1,-1.382725,1,3.343666077,1,0.435591698,0,-0.225141406,0,-1.593266964,0
80.64565277,4.099305153,1,-15.61511326,1,-2.355114222,1,-3.655545235,1,-2.109592438,1,3.176058054,1,0.41926375,0,-0.236720443,0,-1.583983302,0
80.64965057,5.154515743,1,-12.89758778,1,-1.927493215,1,-4.051762581,1,-2.891886473,1,3.343177319,1,0.402035743,0,-0.25098449,0,-1.575689912,0
80.65365601,-0.197144628,1,-9.027292252,1,-5.690750599,1,-4.305912971,1,-3.696823597,1,3.429704428,1,0.383201987,0,-0.268547326,0,-1.567996621,0
80.65765381,-9.374630928,1,-2.754635334,1,-11.20153809,1,-4.406184196,1,-4.034824848,1,3.154302597,1,0.36387527,0,-0.287831903,0,-1.561077952,0
80.66165161,-20.10650826,1,5.034406662,1,-15.67803669,1,-4.326815605,1,-3.897561312,1,2.722388983,1,0.344605923,0,-0.306904733,0,-1.555330753,0
80.66564941,-27.44711876,1,11.55562782,1,-16.21040916,1,-4.051613808,1,-3.508486032,1,2.255020857,1,0.326387525,0,-0.324248493,0,-1.550553322,0
80.66965485,-26.5436058,1,16.97933769,1,-17.77342796,1,-3.471843004,1,-2.936487198,1,1.902586341,1,0.309953004,0,-0.339050233,0,-1.546532631,0
80.67365265,-23.03660583,1,21.97378922,1,-17.62467384,1,-2.763215542,1,-2.551091671,1,1.661086082,1,0.296211898,0,-0.351593614,0,-1.542764187,0
80.67765045,-18.74379349,1,20.13169861,1,-18.63367271,1,-2.091587543,1,-2.167611122,1,1.444473147,1,0.28532511,0,-0.362492859,0,-1.539335728,0
80.68165588,-12.11995125,1,15.99462414,1,-17.35810471,1,-1.568297148,1,-1.78278327,1,1.422007442,1,0.276781082,0,-0.371590644,0,-1.535824299,0
80.68565369,-11.75886154,1,11.22466183,1,-16.90493202,1,-1.187441826,1,-1.638834715,1,1.484413624,1,0.269811958,0,-0.379731804,0,-1.531775951,0
80.68965149,-12.99498081,1,1.954968452,1,-15.06631756,1,-0.948417783,1,-1.259774923,1,1.36059463,1,0.263958246,0,-0.386884153,0,-1.527471662,0
80.69365692,-8.626727104,1,-3.630702972,1,-11.75721741,1,-0.752032816,1,-1.020406842,1,1.133876204,1,0.256667584,0,-0.392181993,0,-1.518226862,0
80.69766235,-7.09519577,1,-6.578323841,1,-8.093176842,1,-0.6521523,1,-0.969172418,1,0.874369323,1,0.252708703,0,-0.397028834,0,-1.515138865,0
80.70166016,-7.230367661,1,-6.866972446,1,-7.617311478,1,-0.736870527,1,-0.936313212,1,0.728077829,1,0.249057621,0,-0.401525348,0,-1.51279664,0
80.70566559,-9.633206367,1,-5.727000713,1,-8.184652328,1,-0.811087489,1,-0.787760794,1,0.579636514,1,0.245233878,0,-0.405559063,0,-1.510974407,0
80.70966339,-11.02795506,1,-2.269131422,1,-8.987804413,1,-0.780724525,1,-0.606894433,1,0.44204098,1,0.241429016,0,-0.408752799,0,-1.509553194,0
80.71366119,-12.67895508,1,1.22292006,1,-9.863705635,1,-0.605074704,1,-0.337297261,1,0.339862972,1,0.238206118,0,-0.410986423,0,-1.508423805,0
80.717659,-7.87673378,1,2.391789198,1,-8.586495399,1,-0.470406264,1,-0.205316484,1,0.347178489,1,0.235582784,0,-0.412287503,0,-1.507243276,0
80.7216568,-6.307970047,1,0.591246068,1,-8.761827469,1,-0.349551618,1,-0.197261721,1,0.307865232,1,0.233451486,0,-0.413399577,0,-1.506027699,0
80.72566223,-6.32773304,1,-1.828174949,1,-9.290334702,1,-0.261598289,1,-0.150211141,1,0.219459981,1,0.231858462,0,-0.414332032,0,-1.505081892,0
80.72966003,-5.797996998,1,-3.480084419,1,-8.472745895,1,-0.219965518,1,-0.115554422,1,0.184246257,1,0.230640739,0,-0.415012479,0,-1.50437963,0
80.73365784,-5.850111008,1,-4.204727173,1,-8.118339539,1,-0.210127607,1,-0.097181112,1,0.188586608,1,0.229512542,0,-0.415587425,0,-1.503701925,0
80.73765564,-6.176605225,1,-4.324228764,1,-8.394863129,1,-0.215049624,1,-0.054311171,1,0.192321405,1,0.228362635,0,-0.416063011,0,-1.502969861,0
80.74166107,-5.904407501,1,-3.955446005,1,-8.676490784,1,-0.221312001,1,-0.025939144,1,0.209629118,1,0.22715874,0,-0.416388363,0,-1.502153754,0
80.74565888,-5.11124897,1,-3.739883661,1,-8.640111923,1,-0.234260142,1,-0.00645974,1,0.229064956,1,0.225863442,0,-0.416633815,0,-1.501226187,0
80.74965668,-4.990825653,1,-3.702525139,1,-8.585698128,1,-0.249016508,1,-0.001393971,1,0.246148616,1,0.224481136,0,-0.416865408,0,-1.500213623,0
80.75366211,-4.768894196,1,-3.438927174,1,-8.568694115,1,-0.262187243,1,0.0023941,1,0.247636899,1,0.223025113,0,-0.417078465,0,-1.49915874,0
80.75765991,-4.573252678,1,-3.052731514,1,-8.682621002,1,-0.261543214,1,-0.014547169,1,0.256142348,1,0.221535802,0,-0.417313784,0,-1.498087168,0
80.76165772,-4.582660675,1,-2.516186953,1,-8.771214485,1,-0.248205855,1,-0.027391281,1,0.252037793,1,0.220088094,0,-0.417610437,0,-1.497027397,0
80.76565552,-4.867527962,1,-1.913962126,1,-8.818804741,1,-0.223463058,1,-0.033945546,1,0.247443691,1,0.218710527,0,-0.417954266,0,-1.4959867,0
80.76965332,-4.93521595,1,-1.89987433,1,-8.598263741,1,-0.195134729,1,-0.042159662,1,0.235066175,1,0.217465162,0,-0.418309271,0,-1.494994283,0
80.77365875,-5.113097191,1,-2.117848873,1,-8.599511147,1,-0.16920729,1,-0.033723187,1,0.208120152,1,0.216359705,0,-0.418642521,0,-1.49406898,0
80.77765656,-5.034674168,1,-2.239006519,1,-8.647181511,1,-0.146395147,1,-0.031424694,1,0.192805111,1,0.215386569,0,-0.418930143,0,-1.49323976,0
80.78165436,-4.860928535,1,-2.169509888,1,-8.678602219,1,-0.120796241,1,-0.033729944,1,0.16826281,1,0.214549929,0,-0.419210583,0,-1.492503285,0
80.78565216,-4.709041595,1,-2.262075424,1,-8.724087715,1,-0.099691495,1,-0.047680017,1,0.156393006,1,0.213836312,0,-0.419504225,0,-1.491855741,0
80.78965759,-4.681420803,1,-2.444228411,1,-8.807418823,1,-0.08012294,1,-0.061241478,1,0.144987285,1,0.21323958,0,-0.419838309,0,-1.491266966,0
80.7936554,-4.506543636,1,-2.611093044,1,-8.793610573,1,-0.060051575,1,-0.075475954,1,0.136349797,1,0.212746188,0,-0.420225173,0,-1.490726471,0
80.7976532,-4.64056921,1,-2.587180138,1,-8.74603653,1,-0.053342029,1,-0.092021056,1,0.136784837,1,0.21231024,0,-0.420670152,0,-1.490226388,0
80.80165863,-4.688977718,1,-2.580343723,1,-8.703400612,1,-0.045662463,1,-0.102651447,1,0.13342987,1,0.211918995,0,-0.421173304,0,-1.489749432,0
80.80565643,-4.756705761,1,-2.730995655,1,-8.634512901,1,-0.044551939,1,-0.119103685,1,0.128589109,1,0.211541697,0,-0.421714664,0,-1.489279866,0
80.80965424,-4.80889225,1,-2.776104927,1,-8.5936203,1,-0.048427492,1,-0.122760266,1,0.120075673,1,0.211175278,0,-0.422288835,0,-1.488845706,0
80.81365967,-4.783939838,1,-2.651430845,1,-8.556551933,1,-0.050226055,1,-0.131420314,1,0.111397766,1,0.210821584,0,-0.422887713,0,-1.488456011,0
80.8176651,-4.661201954,1,-2.566679955,1,-8.549333572,1,-0.043345496,1,-0.14145796,1,0.102829605,1,0.210503861,0,-0.423509181,0,-1.488130569,0
80.8216629,-4.616817474,1,-2.325840473,1,-8.605369568,1,-0.037092626,1,-0.15320541,1,0.091366209,1,0.210212141,0,-0.424160272,0,-1.487836957,0
80.82566834,-4.565140247,1,-2.148074865,1,-8.659640312,1,-0.020238994,1,-0.170932949,1,0.079076849,1,0.210005447,0,-0.424868762,0,-1.487617373,0
80.82966614,-4.610094547,1,-1.937894464,1,-8.754728317,1,0.001860941,1,-0.193913385,1,0.067033641,1,0.209898591,0,-0.425647229,0,-1.487465858,0
80.83366394,-4.444543839,1,-1.852001309,1,-8.732429504,1,0.031110754,1,-0.219045475,1,0.049012762,1,0.209942788,0,-0.42648986,0,-1.487409592,0
80.83766174,-4.365922451,1,-1.869011283,1,-8.706270218,1,0.064268351,1,-0.240780771,1,0.042053007,1,0.210129559,0,-0.427434415,0,-1.487419486,0
80.84166718,-4.449731827,1,-2.049752951,1,-8.686481476,1,0.091864929,1,-0.262881547,1,0.035936434,1,0.210463792,0,-0.428456604,0,-1.487481833,0
80.84566498,-4.454727173,1,-2.111820459,1,-8.567129135,1,0.12097156,1,-0.282602847,1,0.023942482,1,0.210940376,0,-0.429552078,0,-1.487603545,0
80.84966278,-4.483520508,1,-2.196389437,1,-8.479631424,1,0.146711022,1,-0.298367053,1,0.019306676,1,0.211550295,0,-0.430710644,0,-1.487780452,0
80.85366058,-4.467480659,1,-2.19955039,1,-8.428905487,1,0.175068006,1,-0.30848664,1,0.005872332,1,0.212282389,0,-0.431909055,0,-1.488012552,0
80.85765839,-4.439319134,1,-2.171361446,1,-8.470221519,1,0.197530881,1,-0.322786808,1,0.001612555,1,0.213138193,0,-0.433146536,0,-1.488295555,0
80.86166382,-4.508763313,1,-2.280502081,1,-8.330088615,1,0.210968122,1,-0.327555746,1,-0.009973275,1,0.214083478,0,-0.434416831,0,-1.488611937,0
80.86566162,-4.642626762,1,-2.368513823,1,-8.28976059,1,0.234423444,1,-0.334726036,1,-0.012757556,1,0.215128377,0,-0.435710609,0,-1.488965511,0
80.86965942,-4.67231369,1,-2.520736217,1,-8.197006226,1,0.239185408,1,-0.331544131,1,-0.011320184,1,0.216237456,0,-0.437005311,0,-1.489340305,0
80.87366486,-4.775883198,1,-2.658421755,1,-8.138413429,1,0.250554413,1,-0.331481874,1,-0.011899063,1,0.217361912,0,-0.438299894,0,-1.489703178,0
80.87766266,-4.651285648,1,-2.726836681,1,-8.140069008,1,0.256135583,1,-0.334545165,1,-0.000767939,1,0.218534961,0,-0.439596385,0,-1.490055323,0
80.88166046,-4.707134247,1,-2.796465874,1,-8.204627037,1,0.261040062,1,-0.326873422,1,0.009286951,1,0.219684854,0,-0.440893173,0,-1.490348458,0
80.88565826,-4.616679192,1,-2.74510479,1,-8.139886856,1,0.260977894,1,-0.32633546,1,0.027410511,1,0.220831797,0,-0.442187607,0,-1.490584493,0
80.88965607,-4.715182781,1,-2.861429214,1,-8.035214424,1,0.266189784,1,-0.326858342,1,0.047741182,1,0.221960783,0,-0.443494231,0,-1.490737557,0
80.8936615,-4.755076885,1,-3.069480896,1,-8.008523941,1,0.266179115,1,-0.324239761,1,0.060113821,1,0.223061159,0,-0.444813192,0,-1.490827799,0
80.8976593,-4.741189003,1,-3.326906919,1,-7.920565605,1,0.2531991,1,-0.32178995,1,0.078160331,1,0.224109948,0,-0.44613722,0,-1.49084568,0
80.9016571,-4.549222946,1,-3.431763172,1,-8.022115707,1,0.243527055,1,-0.322821021,1,0.094596408,1,0.225083247,0,-0.447464049,0,-1.490788221,0
80.90565491,-4.512617111,1,-3.424659729,1,-8.015529633,1,0.226754174,1,-0.323719829,1,0.112671502,1,0.225957379,0,-0.448812902,0,-1.490658283,0
80.90966797,-4.539300442,1,-3.445369482,1,-8.06110096,1,0.213647977,1,-0.32277292,1,0.124739714,1,0.226755559,0,-0.450169414,0,-1.490473509,0
80.91365814,-4.5947752,1,-3.483412981,1,-8.056846619,1,0.193214983,1,-0.32744208,1,0.135610089,1,0.227464914,0,-0.451551408,0,-1.490235925,0
80.91765595,-4.562817574,1,-3.15136385,1,-8.120814323,1,0.183854401,1,-0.332154632,1,0.143681034,1,0.228089422,0,-0.45295909,0,-1.489960551,0
80.92166901,-4.661941528,1,-2.921408892,1,-8.155964851,1,0.179215059,1,-0.338837802,1,0.151799098,1,0.228686899,0,-0.454397708,0,-1.489658475,0
80.92566681,-4.511802197,1,-2.610811234,1,-8.33172226,1,0.19332543,1,-0.344559163,1,0.160923913,1,0.229283169,0,-0.455865145,0,-1.489328146,0
80.92966461,-4.53476572,1,-2.527421474,1,-8.375267029,1,0.199043423,1,-0.354816228,1,0.162887856,1,0.229917496,0,-0.45737201,0,-1.48898983,0
80.93367004,-4.666178226,1,-2.389730453,1,-8.351995468,1,0.220600352,1,-0.36073795,1,0.168001473,1,0.23059316,0,-0.458917826,0,-1.488638639,0
80.93767548,-4.944720268,1,-2.413451672,1,-8.229805946,1,0.228248686,1,-0.368948042,1,0.169032797,1,0.231331185,0,-0.460499644,0,-1.48827219,0
80.94167328,-4.905168056,1,-2.475102901,1,-8.068365097,1,0.248595148,1,-0.363269717,1,0.171676457,1,0.264282495,0,-0.519526541,0,-1.402306914,0
80.94567871,-4.967918873,1,-2.648084879,1,-8.087291718,1,0.255431384,1,-0.360729456,1,0.175912082,1,0.263830066,0,-0.520714164,0,-1.405214071,0
80.94967651,-4.901766777,1,-2.771536589,1,-8.006127357,1,0.25917238,1,-0.356941015,1,0.18038927,1,0.264679104,0,-0.522285044,0,-1.404855728,0
80.95367432,-4.923925877,1,-2.858648062,1,-7.952163696,1,0.256255388,1,-0.35494715,1,0.182832435,1,0.265512258,0,-0.523860574,0,-1.404470086,0
80.95767212,-4.961544991,1,-2.889662027,1,-7.871538162,1,0.255138725,1,-0.35581407,1,0.186237395,1,0.266335398,0,-0.525424361,0,-1.404078126,0
80.96166992,-5.040466785,1,-2.889596462,1,-7.789511681,1,0.243400156,1,-0.354416132,1,0.198425665,1,0.26711002,0,-0.52699548,0,-1.403643012,0
80.96567535,-5.091058254,1,-3.066431999,1,-7.851156235,1,0.225480929,1,-0.351320922,1,0.202642217,1,0.267810792,0,-0.528568029,0,-1.403180242,0
80.96967316,-5.086479664,1,-2.823826313,1,-7.888216019,1,0.236102685,1,-0.355549514,1,0.210300922,1,0.268495321,0,-0.530153811,0,-1.402705312,0
80.97367096,-5.038049221,1,-2.619670153,1,-7.986866474,1,0.256034791,1,-0.354671717,1,0.222267643,1,0.269207895,0,-0.531750202,0,-1.402178645,0
80.97767639,-4.911566257,1,-2.625322342,1,-8.092417717,1,0.268929303,1,-0.350642681,1,0.2256708,1,0.269975513,0,-0.533339024,0,-1.401613355,0
80.98167419,-4.795766354,1,-2.72177887,1,-8.138831139,1,0.276772827,1,-0.368061393,1,0.227433726,1,0.270779908,0,-0.534966469,0,-1.40104413,0
80.985672,-4.919445038,1,-2.7520051,1,-8.204925537,1,0.281373113,1,-0.37578854,1,0.237728864,1,0.271605462,0,-0.536648273,0,-1.400471687,0
80.9896698,-4.81121254,1,-2.91981864,1,-8.225867271,1,0.268969864,1,-0.381361246,1,0.248954356,1,0.272390485,0,-0.538373768,0,-1.399845839,0
80.99367523,-4.811346531,1,-3.274533987,1,-8.27953434,1,0.247297809,1,-0.401726693,1,0.265580952,1,0.273096055,0,-0.540158629,0,-1.399182677,0
80.99767304,-4.779301167,1,-3.186935663,1,-8.202116013,1,0.213584498,1,-0.412291586,1,0.282791793,1,0.273638844,0,-0.542022049,0,-1.398463249,0
81.00167084,-4.960820675,1,-3.065719604,1,-8.014186859,1,0.223464236,1,-0.422782779,1,0.29386279,1,0.274113774,0,-0.543947697,0,-1.39770937,0
81.00566864,-4.945896626,1,-3.154200792,1,-8.017477036,1,0.222111762,1,-0.417934477,1,0.315672398,1,0.274562061,0,-0.545891047,0,-1.396862626,0
81.00967407,-5.030076504,1,-3.128589869,1,-8.042060852,1,0.215839595,1,-0.428002596,1,0.333939344,1,0.274960697,0,-0.547869921,0,-1.395944953,0
81.01367188,-5.043044567,1,-3.29728651,1,-7.992439747,1,0.200406596,1,-0.431969583,1,0.352661908,1,0.275273323,0,-0.549899876,0,-1.394952893,0
81.01766968,-5.041161537,1,-3.326097965,1,-7.92131424,1,0.17979376,1,-0.441148162,1,0.361901015,1,0.275475919,0,-0.551968455,0,-1.393893361,0
81.02166748,-5.081690788,1,-3.284597874,1,-7.901725769,1,0.172042981,1,-0.446062922,1,0.379846156,1,0.275586963,0,-0.554084122,0,-1.392778873,0
81.02566528,-5.029914856,1,-3.249788284,1,-7.945298672,1,0.169309393,1,-0.451224148,1,0.400645792,1,0.275648296,0,-0.556233168,0,-1.391594648,0
81.02967072,-5.190035343,1,-3.497743607,1,-8.041872025,1,0.152182087,1,-0.472031564,1,0.417819053,1,0.275624514,0,-0.558457434,0,-1.390333652,0
81.03366852,-5.072937965,1,-3.488148689,1,-7.929877758,1,0.121016502,1,-0.491611511,1,0.422419369,1,0.275491595,0,-0.560778499,0,-1.389047265,0
81.03766632,-5.215668201,1,-2.990451574,1,-8.156005859,1,0.129487574,1,-0.511602283,1,0.436475784,1,0.275301486,0,-0.563181221,0,-1.387754679,0
81.04167175,-5.26447916,1,-2.699860096,1,-8.161341667,1,0.147381902,1,-0.519166648,1,0.458463907,1,0.27511704,0,-0.565659344,0,-1.386371374,0
81.04566956,-5.089908123,1,-2.890784025,1,-8.150488853,1,0.166279823,1,-0.545814812,1,0.472730547,1,0.274972618,0,-0.568207622,0,-1.384931207,0
81.04966736,-5.024904728,1,-3.212249517,1,-8.211511612,1,0.170348078,1,-0.575863063,1,0.479332924,1,0.274868399,0,-0.570881665,0,-1.383483529,0
81.05367279,-5.055615425,1,-3.592064142,1,-8.350476265,1,0.147027388,1,-0.608250558,1,0.499613822,1,0.274716258,0,-0.57369715,0,-1.382011294,0
81.05767822,-4.884664059,1,-3.502945423,1,-8.367929459,1,0.103705503,1,-0.650551498,1,0.520127296,1,0.27437526,0,-0.576670349,0,-1.380487204,0
81.06167603,-4.95152235,1,-3.194737434,1,-8.411470413,1,0.097699866,1,-0.68647629,1,0.526052058,1,0.273927569,0,-0.579815567,0,-1.378949523,0
81.06568146,-4.775922298,1,-3.335812807,1,-8.436353683,1,0.09589608,1,-0.717597663,1,0.543204784,1,0.273456454,0,-0.583095789,0,-1.377382874,0
81.06967926,-4.809088707,1,-3.051309586,1,-8.339065552,1,0.092114568,1,-0.764504075,1,0.563583314,1,0.27294603,0,-0.586541176,0,-1.375778913,0
81.07367706,-4.990142345,1,-3.255439281,1,-8.435889244,1,0.086891457,1,-0.793518126,1,0.577256978,1,0.27239427,0,-0.590149164,0,-1.374137163,0
81.07767487,-4.934967041,1,-3.347445965,1,-8.369398117,1,0.060350195,1,-0.836197853,1,0.585141838,1,0.271777153,0,-0.593903363,0,-1.372500777,0
81.08167267,-4.943196297,1,-3.471699953,1,-8.509880066,1,0.008227048,1,-0.873685718,1,0.587959349,1,0.271013319,0,-0.59783572,0,-1.370871067,0
81.0856781,-4.784412861,1,-3.125492096,1,-8.505777359,1,-0.020036781,1,-0.932244539,1,0.597186029,1,0.270086348,0,-0.601949573,0,-1.36926949,0
81.0896759,-5.005540848,1,-2.963299513,1,-8.713481903,1,-0.02479721,1,-0.973675251,1,0.594358802,1,0.269099861,0,-0.606262147,0,-1.367696524,0
81.09367371,-4.902783871,1,-2.808274508,1,-8.721072197,1,-0.026490256,1,-1.022777319,1,0.602131307,1,0.268135339,0,-0.610747993,0,-1.366172791,0
81.09767151,-5.109306335,1,-2.807371855,1,-8.808080673,1,-0.028144045,1,-1.087124586,1,0.60393697,1,0.267179221,0,-0.615452588,0,-1.36469698,0
81.10167694,-5.245092869,1,-3.276099682,1,-9.058475494,1,-0.045118488,1,-1.150590658,1,0.613633156,1,0.266206086,0,-0.620411038,0,-1.363267422,0
81.10567474,-4.914540291,1,-3.174400091,1,-8.858673096,1,-0.077987835,1,-1.228764415,1,0.628775299,1,0.265120745,0,-0.625654936,0,-1.361850739,0
81.10967255,-4.993736744,1,-2.911971569,1,-8.990199089,1,-0.059956826,1,-1.30444479,1,0.645539582,1,0.264031678,0,-0.63121891,0,-1.36045742,0
81.11367798,-5.116649628,1,-2.787635088,1,-8.853754044,1,-0.046586018,1,-1.382463574,1,0.672781885,1,0.262984097,0,-0.637089372,0,-1.35904038,0
81.11767578,-5.296500206,1,-3.08918643,1,-8.995980263,1,-0.049328126,1,-1.462189555,1,0.672341526,1,0.261963069,0,-0.643280625,0,-1.357642412,0
81.12167358,-5.087403774,1,-3.119041443,1,-9.129476547,1,-0.068990886,1,-1.544051528,1,0.699325204,1,0.260904133,0,-0.649792075,0,-1.356260896,0
81.12567139,-5.170021057,1,-3.400069714,1,-9.357402802,1,-0.113426633,1,-1.628484607,1,0.728084743,1,0.259686738,0,-0.656661272,0,-1.354846358,0
81.12966919,-5.11415863,1,-3.222965002,1,-9.638244629,1,-0.163502902,1,-1.717211604,1,0.752402127,1,0.258233488,0,-0.66388154,0,-1.353389502,0
81.13367462,-4.788469315,1,-3.031581879,1,-9.531599998,1,-0.202264696,1,-1.813859224,1,0.775483191,1,0.256575704,0,-0.671486795,0,-1.351905823,0
81.13767242,-4.710373878,1,-2.725194693,1,-9.459055901,1,-0.190819934,1,-1.941285372,1,0.797278643,1,0.254877001,0,-0.679551661,0,-1.350438118,0
81.14167023,-5.087496758,1,-2.689988613,1,-9.606799126,1,-0.177943692,1,-2.051856041,1,0.836123466,1,0.253190398,0,-0.688118041,0,-1.348940969,0
81.14566803,-4.986376762,1,-2.917308807,1,-9.682898521,1,-0.178662926,1,-2.164390802,1,0.869648039,1,0.251487732,0,-0.697125494,0,-1.347389817,0
81.14967346,-4.964501858,1,-3.263317108,1,-9.816299438,1,-0.207074463,1,-2.284575462,1,0.911178768,1,0.24963735,0,-0.706627607,0,-1.345738173,0
81.15367127,-4.450590134,1,-2.784142733,1,-9.818415642,1,-0.206296638,1,-2.431759119,1,0.949512124,1,0.247699276,0,-0.71668154,0,-1.344044805,0
81.15766907,-4.561526775,1,-2.448245049,1,-10.11282635,1,-0.184314102,1,-2.586987257,1,0.993231177,1,0.245754555,0,-0.727358758,0,-1.342283845,0
81.1616745,-4.426994324,1,-2.293779373,1,-10.18535709,1,-0.152785718,1,-2.740597486,1,1.026305914,1,0.243862674,0,-0.738668323,0,-1.340482235,0
81.1656723,-4.443919659,1,-2.38873291,1,-10.45746326,1,-0.123143084,1,-2.923655033,1,1.075101137,1,0.242079407,0,-0.750666857,0,-1.338649988,0
81.16967011,-4.351348877,1,-2.509516954,1,-10.91507912,1,-0.102351658,1,-3.104051352,1,1.120538116,1,0.240328163,0,-0.763418436,0,-1.336754084,0
81.17367554,-4.082227707,1,-2.645913363,1,-11.27219677,1,-0.078036688,1,-3.327194214,1,1.170373082,1,0.23861514,0,-0.776986957,0,-1.334802866,0
81.17768097,-3.981380939,1,-3.057420015,1,-11.79029846,1,-0.080044359,1,-3.564150333,1,1.225645065,1,0.236892492,0,-0.791509688,0,-1.332818985,0
81.18167877,-3.614474535,1,-3.594698668,1,-12.04132366,1,-0.083794825,1,-3.825520039,1,1.288649797,1,0.235101879,0,-0.807048619,0,-1.330772281,0
81.18567658,-3.860500097,1,-4.50440836,1,-12.53479671,1,-0.091917954,1,-4.105908871,1,1.37835753,1,0.23314175,0,-0.823696494,0,-1.328562975,0
81.18968201,-3.95766592,1,-5.698986053,1,-12.75875187,1,-0.136543825,1,-4.38558054,1,1.50049293,1,0.230813473,0,-0.841565967,0,-1.326030731,0
81.19367981,-3.542356014,1,-6.352526665,1,-12.86202335,1,-0.164807379,1,-4.721654892,1,1.642392755,1,0.226355642,0,-0.86038065,0,-1.322984934,0
81.19767761,-3.987712622,1,-7.31004715,1,-13.24908161,1,-0.202020094,1,-5.055850029,1,1.804057002,1,0.22281158,0,-0.880986869,0,-1.31931591,0
81.20167542,-3.705873251,1,-8.774170876,1,-13.01165771,1,-0.256642371,1,-5.361577988,1,2.006805182,1,0.218347967,0,-0.902983189,0,-1.314746499,0
81.20567322,-3.375455379,1,-10.04518414,1,-12.89952564,1,-0.356356084,1,-5.704442978,1,2.226817131,1,0.212528452,0,-0.926415026,0,-1.308953643,0
81.20967865,-3.906141996,1,-11.3849287,1,-12.79657173,1,-0.492505729,1,-6.030175209,1,2.4834342,1,0.204904512,0,-0.951340795,0,-1.301589251,0
81.21367645,-5.154495239,1,-12.88628101,1,-12.55085373,1,-0.679324985,1,-6.304927826,1,2.788417578,1,0.194745883,0,-0.977642059,0,-1.292063832,0
81.21767426,-5.229329109,1,-13.51459026,1,-12.3795023,1,-0.858532965,1,-6.552120209,1,3.112415075,1,0.181341171,0,-1.005100012,0,-1.279696107,0
81.22167969,-6.207121372,1,-14.22782993,1,-12.90818596,1,-1.102772593,1,-6.78451395,1,3.417259216,1,0.163961783,0,-1.033649802,0,-1.263905287,0
81.22567749,-8.075977325,1,-13.57305431,1,-13.61855125,1,-1.322797656,1,-6.932474136,1,3.727825403,1,0.1418695,0,-1.062941551,0,-1.24398458,0
81.22967529,-10.46044922,1,-11.69023037,1,-15.24453831,1,-1.489439964,1,-6.973734856,1,3.936105251,1,0.114448592,0,-1.092521429,0,-1.219312429,0
81.2336731,-12.37157154,1,-8.742165565,1,-15.32184124,1,-1.522357345,1,-6.938789845,1,4.066545486,1,0.082061656,0,-1.121810079,0,-1.189849615,0
81.2376709,-12.48521996,1,-8.244660378,1,-14.66778851,1,-1.5763129,1,-6.920931339,1,4.234099388,1,0.043919127,0,-1.15048182,0,-1.154696226,0
81.24167633,-14.30657387,1,-8.047402382,1,-15.46446228,1,-1.711154699,1,-6.963247776,1,4.464631557,1,-0.00178635,0,-1.178711653,0,-1.11206162,0
81.24567413,-17.05131721,1,-8.60144043,1,-16.18493843,1,-1.76618576,1,-6.857953072,1,4.452807903,1,-0.055725846,0,-1.205830097,0,-1.061531305,0
81.24967194,-19.56732941,1,-7.409135342,1,-15.33724022,1,-1.774951339,1,-6.572241306,1,4.443336487,1,-0.117251001,0,-1.231100559,0,-1.003516912,0
81.25366974,-16.84783363,1,-8.592988968,1,-13.8210125,1,-1.805497527,1,-6.449523449,1,4.476885319,1,-0.187798604,0,-1.254095793,0,-0.936543107,0
81.25767517,-19.59671402,1,-8.965717316,1,-14.37877655,1,-1.838324189,1,-6.335521221,1,4.388780117,1,-0.268151194,0,-1.275055051,0,-0.859925389,0
81.26167297,-20.47170448,1,-7.824905872,1,-13.53291607,1,-1.860901713,1,-6.036211014,1,4.305951118,1,-0.35737583,0,-1.293248653,0,-0.774615645,0
81.26567078,-17.10761833,1,-9.414751053,1,-11.90891552,1,-1.932469368,1,-5.96276474,1,4.37054491,1,-0.456750542,0,-1.308433294,0,-0.679362774,0
81.26967621,-19.38252831,1,-9.135848045,1,-12.3803091,1,-2.122236729,1,-5.855755806,1,4.420221806,1,-0.56793046,0,-1.3204391,0,-0.572817564,0
81.27367401,-20.23910332,1,-8.057056427,1,-12.28587627,1,-2.163732767,1,-5.55610466,1,4.225679874,1,-0.685599923,0,-1.328811169,0,-0.460385472,0
81.27767181,-17.32843399,1,-8.146386147,1,-10.06923103,1,-2.231673002,1,-5.315500259,1,4.152871132,1,-0.805017352,0,-1.333430648,0,-0.346483707,0
81.28166962,-17.03940392,1,-7.937636852,1,-10.09728909,1,-2.353081942,1,-5.037567616,1,4.0797019,1,-0.924024105,0,-1.334361672,0,-0.23351559,0
81.28566742,-13.74940395,1,-6.713057041,1,-9.250047684,1,-2.399383068,1,-4.636595249,1,3.929386616,1,-1.036780953,0,-1.331831217,0,-0.127301246,0
81.28967285,-6.387719154,1,-5.448675632,1,-8.795428276,1,-2.46343708,1,-4.239571571,1,3.789083719,1,-1.139398575,0,-1.326397061,0,-0.031632736,0
81.29367065,-1.51102972,1,-4.15740633,1,-8.748682022,1,-2.484687328,1,-3.903742313,1,3.628255367,1,-1.230764508,0,-1.318745017,0,0.052382842,0
81.29767609,-2.676145792,1,-2.212232113,1,-9.401176453,1,-2.336158514,1,-3.714730978,1,3.528558969,1,-1.311973453,0,-1.309574246,0,0.126316234,0
81.30167389,-5.564357758,1,-1.268208981,1,-9.335130692,1,-1.995790124,1,-3.580774784,1,3.481577635,1,-1.384001732,0,-1.299111724,0,0.191956878,0
81.30567932,-15.4415493,1,0.089746647,1,-10.11852646,1,-1.568550229,1,-3.485600233,1,3.260426044,1,-1.447770238,0,-1.287864923,0,0.250790775,0
81.30967712,-31.78328514,1,2.517726421,1,-15.15964794,1,-0.889558375,1,-2.858266354,1,2.691636801,1,-1.499965072,0,-1.277243018,0,0.300114512,0
81.31367493,-26.37751389,1,-0.739147484,1,-17.53855324,1,-0.476402193,1,-1.723734975,1,2.152510643,1,-1.53410244,0,-1.268090844,0,0.333025485,0
81.31767273,-14.31538868,1,-3.716300488,1,-15.79206753,1,-0.182518467,1,-0.885255158,1,1.759390831,1,-1.552268147,0,-1.260438561,0,0.350728095,0
81.32167053,-6.377295971,1,-5.950227261,1,-12.30013561,1,0.021767382,1,-0.432370335,1,1.452115417,1,-1.560738802,0,-1.254076242,0,0.359299481,0
81.32567596,-5.132968903,1,-7.917946815,1,-10.96432781,1,0.138348952,1,-0.128209993,1,1.230656862,1,-1.56382215,0,-1.248744249,0,0.362928152,0
81.32967377,-7.540541649,1,-8.76203537,1,-11.20618916,1,0.076986507,1,0.178313151,1,1.023365736,1,-1.563233256,0,-1.244227767,0,0.362807035,0
81.33367157,-7.469023228,1,-9.173111916,1,-11.37111378,1,-0.106215581,1,0.566276073,1,0.811508,1,-1.558998704,0,-1.24054873,0,0.358293653,0
81.33766937,-4.967357635,1,-9.003098488,1,-10.37524986,1,-0.318366945,1,0.873702407,1,0.645040333,1,-1.551499367,0,-1.237589359,0,0.349454224,0
81.34167481,-2.787000656,1,-8.564155579,1,-9.145064354,1,-0.491075099,1,1.050113916,1,0.51361537,1,-1.542142153,0,-1.235184193,0,0.337826848,0
81.34567261,-1.598473907,1,-8.054574013,1,-8.3777771,1,-0.639895678,1,1.189789891,1,0.397065431,1,-1.531778455,0,-1.233216047,0,0.324449211,0
81.34967041,-0.312456995,1,-7.43368578,1,-7.82170105,1,-0.777724802,1,1.32082963,1,0.27479282,1,-1.520518064,0,-1.231648803,0,0.309498012,0
81.35367584,0.879704833,1,-6.580751896,1,-7.344748974,1,-0.87528646,1,1.42406404,1,0.155454516,1,-1.50843513,0,-1.230477214,0,0.293161571,0
81.35767365,1.348840714,1,-5.781142712,1,-7.04138279,1,-0.924706221,1,1.497118711,1,0.050485104,1,-1.495683074,0,-1.229662776,0,0.275786757,0
81.36167145,1.388647318,1,-5.148544312,1,-6.873530388,1,-0.929287314,1,1.551995158,1,-0.053967029,1,-1.482316852,0,-1.229173183,0,0.25765726,0
81.36566925,1.409102201,1,-4.763812065,1,-6.71637392,1,-0.913565457,1,1.618224144,1,-0.160103485,1,-1.468173027,0,-1.229000568,0,0.238728479,0
81.36966705,1.672959208,1,-4.467925072,1,-6.445804596,1,-0.869823039,1,1.676634431,1,-0.25985229,1,-1.453086972,0,-1.229107022,0,0.218920141,0
81.37367249,1.540861011,1,-4.296072006,1,-6.292912006,1,-0.818542719,1,1.752875805,1,-0.346801281,1,-1.43689394,0,-1.229457021,0,0.198148146,0
81.37767029,1.288045049,1,-4.386970043,1,-6.16468811,1,-0.765372753,1,1.857573867,1,-0.428609729,1,-1.419305325,0,-1.229961872,0,0.17612274,0
81.38166809,0.805861771,1,-4.53689909,1,-6.158118725,1,-0.704826951,1,1.973069668,1,-0.504989564,1,-1.400065899,0,-1.230580568,0,0.152602643,0
81.38566589,0.418388337,1,-4.691856861,1,-6.16577816,1,-0.656587243,1,2.124725103,1,-0.582257748,1,-1.378879309,0,-1.231241226,0,0.127243221,0
81.38967133,-0.027736504,1,-4.79335928,1,-6.16287899,1,-0.62039721,1,2.284213781,1,-0.65724808,1,-1.355539799,0,-1.231890559,0,0.099794075,0
81.39366913,-0.382976919,1,-4.85995388,1,-6.132777214,1,-0.589656472,1,2.465334177,1,-0.727109849,1,-1.329904675,0,-1.232430339,0,0.070060439,0
81.39766693,-0.698101461,1,-4.886899948,1,-6.151998997,1,-0.56176734,1,2.651106358,1,-0.796283066,1,-1.301881671,0,-1.232798338,0,0.037910536,0
81.40166473,-0.922692001,1,-4.856426716,1,-6.09478569,1,-0.541864872,1,2.847913742,1,-0.867710412,1,-1.271400928,0,-1.23290658,0,0.003261567,0
81.40567017,-1.115802526,1,-4.750166416,1,-6.047389507,1,-0.517307758,1,3.047271967,1,-0.936618268,1,-1.23845005,0,-1.232682943,0,-0.033916127,0
81.40966797,-1.33595717,1,-4.685577393,1,-6.056943893,1,-0.487244964,1,3.24104023,1,-1.007654309,1,-1.203099608,0,-1.232024193,0,-0.073513567,0
81.41366577,-1.440951467,1,-4.585409164,1,-5.954615116,1,-0.450445384,1,3.427767992,1,-1.075479507,1,-1.165553093,0,-1.230852365,0,-0.115317158,0
81.4176712,-1.313214183,1,-4.544584751,1,-5.830254078,1,-0.414971262,1,3.599610567,1,-1.135699272,1,-1.126034498,0,-1.229088068,0,-0.159081832,0
81.42166901,-1.290861845,1,-4.4453969,1,-5.731167793,1,-0.374776751,1,3.746047497,1,-1.197244525,1,-1.084949017,0,-1.226666927,0,-0.204382047,0
81.42568207,-1.407742977,1,-4.327109337,1,-5.654049873,1,-0.330065787,1,3.88075161,1,-1.248656034,1,-1.042693973,0,-1.223533154,0,-0.250795066,0
81.42967224,-1.577937484,1,-4.24571991,1,-5.574249744,1,-0.276350051,1,4.008318424,1,-1.306475043,1,-0.999604762,0,-1.219641447,0,-0.297936559,0
81.43367004,-1.814541578,1,-4.201556206,1,-5.535027027,1,-0.212701097,1,4.127811432,1,-1.355691314,1,-0.955947936,0,-1.214966416,0,-0.345508933,0
81.43766785,-2.08616662,1,-4.193852425,1,-5.519452572,1,-0.149678364,1,4.235089302,1,-1.413891435,1,-0.912018895,0,-1.209471822,0,-0.393201649,0
81.44166565,-2.334185362,1,-4.168658733,1,-5.540272713,1,-0.086276151,1,4.340775013,1,-1.46478188,1,-0.868021965,0,-1.203145981,0,-0.440794587,0
81.44567871,-2.698008299,1,-4.173481941,1,-5.556627274,1,-0.017432066,1,4.43774271,1,-1.523214936,1,-0.82613802,0,-1.194636583,0,-0.486824989,0
81.44967651,-3.146333933,1,-4.194422722,1,-5.620752811,1,0.052245993,1,4.550524712,1,-1.582416534,1,-0.782873273,0,-1.186648011,0,-0.533348143,0
81.45366669,-3.717144012,1,-4.226766109,1,-5.650607586,1,0.120855689,1,4.657769203,1,-1.649177432,1,-0.740059793,0,-1.177786469,0,-0.579224944,0
81.45767975,-4.310015678,1,-4.259245396,1,-5.838766098,1,0.205230355,1,4.784245491,1,-1.727388263,1,-0.697731435,0,-1.168025017,0,-0.624431491,0
81.46167755,-4.816705227,1,-4.23739624,1,-5.984416485,1,0.279510766,1,4.915026665,1,-1.812965274,1,-0.655921519,0,-1.157331467,0,-0.668933451,0
81.46567535,-5.351403236,1,-4.193781376,1,-6.144587994,1,0.356535614,1,5.046360016,1,-1.90706706,1,-0.614695072,0,-1.14569962,0,-0.712680817,0
81.46967316,-5.754397392,1,-4.115681648,1,-6.258498669,1,0.439662039,1,5.197956085,1,-2.006275415,1,-0.574099541,0,-1.133100033,0,-0.755620897,0
81.47367859,-5.99243927,1,-4.145961761,1,-6.3139081,1,0.513052881,1,5.338757515,1,-2.104558706,1,-0.534229159,0,-1.119500279,0,-0.797682047,0
81.47767639,-6.129636288,1,-4.149394989,1,-6.339587688,1,0.589350939,1,5.47485733,1,-2.206032991,1,-0.49525252,0,-1.104915619,0,-0.838683903,0
81.48167419,-6.166053772,1,-4.204814434,1,-6.272185326,1,0.65407151,1,5.592348576,1,-2.304539442,1,-0.45730558,0,-1.089377522,0,-0.878531516,0
81.485672,-6.010483265,1,-4.209584713,1,-6.143674374,1,0.710472465,1,5.687860489,1,-2.389862776,1,-0.420611024,0,-1.072937727,0,-0.917010665,0
81.4896698,-5.863695621,1,-4.269274235,1,-6.144324303,1,0.766001701,1,5.762715816,1,-2.460838556,1,-0.385350287,0,-1.055666327,0,-0.95394969,0
81.49367523,-5.788782597,1,-4.253875256,1,-6.141599655,1,0.813558936,1,5.812376022,1,-2.530250788,1,-0.351628304,0,-1.037664533,0,-0.989238501,0
81.49767304,-5.702596188,1,-4.278571129,1,-6.10830164,1,0.871019304,1,5.836099625,1,-2.590905428,1,-0.319468498,0,-1.01904428,0,-1.022851229,0
81.50167084,-5.770008087,1,-4.324751377,1,-6.153182983,1,0.915270388,1,5.842448711,1,-2.629466534,1,-0.288926601,0,-0.999887705,0,-1.054707527,0
81.50566864,-6.030715942,1,-4.263978481,1,-6.213410854,1,0.966695964,1,5.841516495,1,-2.67138195,1,-0.259938717,0,-0.980261326,0,-1.084869266,0
81.50967407,-6.175989151,1,-4.23548317,1,-6.240659714,1,1.019823313,1,5.830028534,1,-2.697844267,1,-0.232448325,0,-0.960239828,0,-1.113370299,0
81.51367188,-6.281003475,1,-4.187177658,1,-6.322986126,1,1.077091575,1,5.809350491,1,-2.723893881,1,-0.2063701,0,-0.939880133,0,-1.140271187,0
81.51766968,-6.406635284,1,-4.247640133,1,-6.455677509,1,1.13833189,1,5.782626629,1,-2.732918501,1,-0.181599021,0,-0.919236541,0,-1.16565609,0
81.52167511,-6.639879704,1,-4.32235384,1,-6.651343822,1,1.203927994,1,5.751873493,1,-2.744704962,1,-0.158041537,0,-0.898344576,0,-1.189574718,0
81.52567291,-6.953871727,1,-4.450221539,1,-6.943008423,1,1.276898146,1,5.717664719,1,-2.748087645,1,-0.135600775,0,-0.87724638,0,-1.212110043,0
81.52967072,-7.362074852,1,-4.521611214,1,-7.272715569,1,1.355443001,1,5.689753056,1,-2.751069307,1,-0.114140905,0,-0.855979979,0,-1.233360648,0
81.53366852,-7.977049351,1,-4.648938656,1,-7.588502884,1,1.447205544,1,5.674808025,1,-2.76433301,1,-0.093509257,0,-0.834517479,0,-1.2534585,0
81.53767395,-8.696138382,1,-4.788734913,1,-7.941651821,1,1.534047365,1,5.681669235,1,-2.780800343,1,-0.073577829,0,-0.812817156,0,-1.272505403,0
81.54167175,-9.318205833,1,-4.976294041,1,-8.286273956,1,1.638584137,1,5.695608616,1,-2.81152463,1,-0.054205682,0,-0.790827751,0,-1.290632844,0
81.54567719,-9.864886284,1,-5.065029621,1,-8.652244568,1,1.745296717,1,5.732110977,1,-2.851501942,1,-0.035251468,0,-0.768504679,0,-1.307964325,0
81.54967499,-10.3758831,1,-5.272138596,1,-9.017963409,1,1.844021201,1,5.756598949,1,-2.907495975,1,-0.016632676,0,-0.745847106,0,-1.324623704,0
81.55367279,-10.75852394,1,-5.52581501,1,-9.366657257,1,1.93672359,1,5.785897732,1,-2.974789858,1,0.001700104,0,-0.722853541,0,-1.340708375,0
81.55767822,-11.05040646,1,-5.868598461,1,-9.64090538,1,2.022972107,1,5.809749126,1,-3.04988575,1,0.019790038,0,-0.699525952,0,-1.356281281,0
81.56167603,-11.38502979,1,-6.289551735,1,-9.915133476,1,2.102893829,1,5.823008537,1,-3.135284901,1,0.037644714,0,-0.675915956,0,-1.371414542,0
81.56567383,-11.80041218,1,-6.718479633,1,-10.22496033,1,2.173185587,1,5.825386524,1,-3.223237038,1,0.055289075,0,-0.652048171,0,-1.386159182,0
81.56967163,-12.35952568,1,-7.12780571,1,-10.57954788,1,2.234719276,1,5.807000637,1,-3.333088636,1,0.072736435,0,-0.6279881,0,-1.400611162,0
81.57366943,-12.99544048,1,-7.594635963,1,-10.95845318,1,2.274149656,1,5.786792755,1,-3.460664749,1,0.089996375,0,-0.6037727,0,-1.414887905,0
81.57767487,-13.68534279,1,-8.182172775,1,-11.43319893,1,2.287803173,1,5.738381386,1,-3.610582352,1,0.107059292,0,-0.579449832,0,-1.429103136,0
81.58167267,-14.50558662,1,-8.835120201,1,-11.83561611,1,2.283862352,1,5.678226471,1,-3.774093866,1,0.123882957,0,-0.555060446,0,-1.443378806,0
81.58567047,-15.46803951,1,-9.533714294,1,-12.22676754,1,2.246820927,1,5.597627163,1,-3.955086708,1,0.140394241,0,-0.530657232,0,-1.457787514,0
81.58966827,-16.82027626,1,-10.18460751,1,-12.60354805,1,2.186128855,1,5.510369301,1,-4.150515556,1,0.156557769,0,-0.506281793,0,-1.472471714,0
81.59367371,-18.41513443,1,-10.35653496,1,-12.78000069,1,2.11278677,1,5.406201363,1,-4.367301941,1,0.172274321,0,-0.481947243,0,-1.48748672,0
81.59767151,-19.93577003,1,-8.767430305,1,-12.40641785,1,2.052699089,1,5.29360199,1,-4.631632328,1,0.187630609,0,-0.457661271,0,-1.503018379,0
81.60166931,-19.80227089,1,-4.03782177,1,-13.46174717,1,2.064067364,1,5.091601372,1,-4.995396614,1,0.20293355,0,-0.433540165,0,-1.519464493,0
81.60567474,-21.77490997,1,-5.196836472,1,-14.18005848,1,2.060325623,1,4.941090584,1,-5.387201786,1,0.218425214,0,-0.409626305,0,-1.537080884,0
81.60967255,-23.51990318,1,-4.905539513,1,-12.37922096,1,2.191181183,1,4.765116215,1,-5.638124943,1,0.234164253,0,-0.385686845,0,-1.555717349,0
81.61367035,-25.33129692,1,-2.239070892,1,-12.81362438,1,2.247691154,1,4.522643089,1,-5.909700871,1,0.250086218,0,-0.362116754,0,-1.575013399,0
81.61766815,-26.78666878,1,-0.774918318,1,-12.43160343,1,2.349496841,1,4.263774872,1,-6.121271133,1,0.26614207,0,-0.338973105,0,-1.595018387,0
81.62166596,-28.55116081,1,0.708282292,1,-11.3021946,1,2.501473665,1,4.05103159,1,-6.332427025,1,0.282461405,0,-0.316237628,0,-1.615596294,0
81.62567139,-30.40846825,1,1.40110743,1,-9.415724754,1,2.663659334,1,3.892991543,1,-6.496563435,1,0.299103856,0,-0.293669999,0,-1.636610627,0
81.62966919,-31.58073425,1,1.030601621,1,-7.6920681,1,2.733584881,1,3.714047432,1,-6.614057064,1,0.315827966,0,-0.271217048,0,-1.6578511,0
81.63366699,-32.08415222,1,0.448861301,1,-5.650056362,1,2.688502312,1,3.510760546,1,-6.651436806,1,0.332183182,0,-0.249039233,0,-1.67913425,0
81.6376648,-32.49888229,1,0.204180643,1,-3.691025734,1,2.538408518,1,3.242220879,1,-6.569182396,1,0.347618669,0,-0.227471083,0,-1.700175285,0
81.64167023,-32.1302948,1,0.432181954,1,-1.716575503,1,2.308294535,1,2.951031446,1,-6.375741005,1,0.361720383,0,-0.206839904,0,-1.720644474,0
81.64566803,-31.38602829,1,2.508468628,1,0.085070275,1,2.120367527,1,2.59308672,1,-6.105729103,1,0.374417543,0,-0.187497422,0,-1.740339994,0
81.64966583,-30.32588005,1,5.567514896,1,1.71464324,1,2.016685247,1,2.198049068,1,-5.755198479,1,0.385999382,0,-0.169783413,0,-1.759128094,0
81.65366364,-29.90013123,1,8.918403625,1,3.256210804,1,2.048389673,1,1.792981744,1,-5.351088524,1,0.39694947,0,-0.153934017,0,-1.77685535,0
81.65766907,-29.87833405,1,11.81786919,1,4.187884808,1,2.175729513,1,1.378567696,1,-4.920483112,1,0.407817543,0,-0.140048653,0,-1.793462276,0
81.6616745,-30.39848518,1,13.51341343,1,5.178256989,1,2.342031002,1,0.982964993,1,-4.471297741,1,0.418920279,0,-0.128179058,0,-1.808915019,0
81.6656723,-30.70552254,1,13.88848877,1,5.869971752,1,2.467130661,1,0.595851421,1,-3.990860701,1,0.430309474,0,-0.118321255,0,-1.82315731,0
81.66967011,-30.92152214,1,13.7057066,1,6.417042732,1,2.542013407,1,0.223867223,1,-3.484721661,1,0.44181639,0,-0.110528775,0,-1.836106539,0
81.67366791,-31.08203125,1,13.07819462,1,6.432478905,1,2.550042629,1,-0.106148697,1,-2.968112707,1,0.453263044,0,-0.104752332,0,-1.847720861,0
81.67767334,-31.30195427,1,11.80831146,1,6.13628149,1,2.435975552,1,-0.373180568,1,-2.438245535,1,0.464308441,0,-0.100831799,0,-1.857891798,0
81.68167114,-31.67882729,1,10.16220379,1,5.544755936,1,2.216028214,1,-0.553138018,1,-1.934001088,1,0.474510312,0,-0.098551676,0,-1.866571784,0
81.68566895,-31.94522667,1,8.810065269,1,4.323036194,1,1.881417036,1,-0.672854006,1,-1.477084994,1,0.483438373,0,-0.097602643,0,-1.873764753,0
81.68967438,-31.44662666,1,7.478654861,1,3.831618786,1,1.450544834,1,-0.73510313,1,-1.034621358,1,0.490669966,0,-0.097742699,0,-1.879554868,0
81.69367218,-30.8025341,1,6.337322712,1,2.923998833,1,0.945783496,1,-0.769242465,1,-0.614353299,1,0.492786705,0,-0.098873988,0,-1.888060927,0
81.69766998,-29.10238266,1,5.460580826,1,1.768294573,1,0.457119167,1,-0.77481705,1,-0.214156047,1,0.495884031,0,-0.100798257,0,-1.891000748,0
81.70166779,-3.999654531,1,-12.80037594,1,-4.485819817,1,-0.97114867,1,-1.315433145,1,0.573682666,1,0.495447904,0,-0.104520872,0,-1.892385244,0
81.70566559,-38.15514374,1,2.34604311,1,1.516144991,1,-1.768302917,1,-2.742554665,1,1.728913307,1,0.489502877,0,-0.114007168,0,-1.892202139,0
81.70966339,-15.35907269,1,11.23750687,1,4.129860878,1,-1.794420362,1,-2.076788187,1,1.980123758,1,0.482273042,0,-0.126460418,0,-1.890137672,0
81.71366882,23.5155468,1,0.825260639,1,-1.19427228,1,-1.890824199,1,-1.963167548,1,2.226225615,1,0.47429955,0,-0.137001365,0,-1.886227131,0
81.71766663,-0.659236848,1,-7.173900127,1,-11.33545685,1,-2.114099979,1,-2.770967484,1,2.675029516,1,0.465793788,0,-0.149953678,0,-1.881810308,0
81.72166443,-3.409607887,1,-8.729705811,1,-16.27611923,1,-2.422799826,1,-2.501641989,1,2.98509264,1,0.455681205,0,-0.164733395,0,-1.876356006,0
81.72566986,13.81230736,1,-8.676359177,1,-22.40433884,1,-2.022268057,1,-2.259734392,1,3.145327091,1,0.445563704,0,-0.178482071,0,-1.869198203,0
81.72966766,5.589738369,1,-15.16601944,1,-20.42498398,1,-2.161806822,1,-2.44596386,1,2.824326277,1,0.43598032,0,-0.192134961,0,-1.86228168,0
81.73366547,5.977156162,1,-13.94198322,1,-12.48522282,1,-2.195940971,1,-2.51241374,1,2.624360085,1,0.426114529,0,-0.205609098,0,-1.856426597,0
81.73766327,8.211502075,1,-2.120694399,1,-10.51518536,1,-1.925941825,1,-3.020187378,1,2.638211012,1,0.416569829,0,-0.219863549,0,-1.851280689,0
81.74166107,1.842324138,1,0.791870952,1,-7.43739748,1,-1.80641973,1,-3.816387892,1,2.683114529,1,0.408343971,0,-0.23663494,0,-1.846737504,0
81.7456665,0.45377484,1,-0.492142737,1,-9.087932587,1,-1.975321293,1,-4.653540611,1,2.647471428,1,0.399883866,0,-0.256438255,0,-1.843613148,0
81.74966431,-1.813008904,1,-0.776866913,1,-11.33100605,1,-1.951156259,1,-5.160603046,1,2.857806683,1,0.391390085,0,-0.278853893,0,-1.840886235,0
81.75366211,-13.92767429,1,-1.663036108,1,-14.68120193,1,-2.103118658,1,-5.379237175,1,2.787299395,1,0.382522076,0,-0.302796602,0,-1.838295341,0
81.75765991,-20.35935402,1,0.910696805,1,-17.88034248,1,-2.164725542,1,-5.074764252,1,2.653010845,1,0.373262256,0,-0.326274037,0,-1.835812807,0
81.76166534,-22.13786507,1,4.865526676,1,-19.87892723,1,-2.018442631,1,-4.628389359,1,2.647978306,1,0.363808751,0,-0.348230958,0,-1.832758188,0
81.76566315,-26.46275139,1,4.54341507,1,-19.43314743,1,-1.939924002,1,-4.28498888,1,2.737656593,1,0.354569495,0,-0.368692189,0,-1.828693151,0
81.76966095,-24.69531822,1,4.062994957,1,-18.01446915,1,-1.822329402,1,-3.716240883,1,2.785254717,1,0.345038533,0,-0.387556732,0,-1.823408127,0
81.77366638,-23.36716461,1,4.308580399,1,-14.27805519,1,-1.609465122,1,-3.291331291,1,2.864226818,1,0.33570981,0,-0.404513717,0,-1.816898108,0
81.77766419,-19.13690186,1,0.499461114,1,-11.71134377,1,-1.45230031,1,-2.885987043,1,2.588912249,1,0.326699317,0,-0.419789582,0,-1.809936285,0
81.78166962,-15.79631615,1,-3.222290039,1,-9.928495407,1,-1.325731158,1,-2.581314325,1,2.306422234,1,0.318630576,0,-0.433204591,0,-1.803584218,0
81.78566742,-19.85136604,1,-6.291998386,1,-10.20603943,1,-1.506856799,1,-2.13368845,1,1.878674388,1,0.310474873,0,-0.444860011,0,-1.797922969,0
81.78966522,-19.59896278,1,-3.638848305,1,-9.844583511,1,-1.375123739,1,-1.756463766,1,1.401853204,1,0.302893877,0,-0.454226315,0,-1.793625712,0
81.79366303,-18.00108337,1,-5.037945747,1,-10.94970512,1,-1.273763418,1,-1.280417919,1,1.029566288,1,0.296234012,0,-0.461459756,0,-1.790518641,0
81.79766846,-16.31612587,1,-2.261037827,1,-11.1736021,1,-1.180960298,1,-0.826988757,1,0.797393203,1,0.290127456,0,-0.46650821,0,-1.787976503,0
81.80166626,-12.08324718,1,0.301705748,1,-11.34796047,1,-0.945961833,1,-0.542955339,1,0.669966757,1,0.284899771,0,-0.469962448,0,-1.785734534,0
81.80566406,-7.332078457,1,0.192783862,1,-9.984064102,1,-0.889452934,1,-0.344905347,1,0.664244235,1,0.280183971,0,-0.472350627,0,-1.783407211,0
81.8096695,-5.457223892,1,-1.599710584,1,-9.665554047,1,-0.784235835,1,-0.37084341,1,0.589696288,1,0.275761843,0,-0.474413812,0,-1.781106234,0
81.8136673,-7.43531847,1,-3.688076735,1,-9.815242767,1,-0.69330287,1,-0.329400986,1,0.463109165,1,0.271958739,0,-0.476349562,0,-1.779260993,0
81.8176651,-8.043337822,1,-3.806638002,1,-8.740506172,1,-0.632732511,1,-0.268223673,1,0.391451478,1,0.268650472,0,-0.477944791,0,-1.777796745,0
81.8216629,-8.601830482,1,-3.86077857,1,-8.413865089,1,-0.612704515,1,-0.197512358,1,0.370685726,1,0.265523493,0,-0.479251623,0,-1.776422024,0
81.82566071,-6.382843971,1,-3.220958948,1,-8.187849998,1,-0.596758187,1,-0.127144828,1,0.371571094,1,0.262445211,0,-0.480249763,0,-1.775007129,0
81.82966614,-4.398349762,1,-3.034577608,1,-8.96570015,1,-0.582842648,1,-0.11502254,1,0.409481227,1,0.259365678,0,-0.481103748,0,-1.773454309,0
81.83366394,-3.941829681,1,-3.295227766,1,-9.437986374,1,-0.56302464,1,-0.149436042,1,0.442546457,1,0.256287217,0,-0.482041091,0,-1.771750212,0
81.83766174,-4.732073307,1,-3.571807623,1,-9.178777695,1,-0.548103571,1,-0.14748624,1,0.492893338,1,0.25318265,0,-0.483100593,0,-1.769868851,0
81.84165955,-4.507647514,1,-4.084880829,1,-8.628546715,1,-0.55431515,1,-0.157385692,1,0.531898856,1,0.2500121,0,-0.484198928,0,-1.767790794,0
81.84566498,-4.524933338,1,-3.696696281,1,-8.691700935,1,-0.543824136,1,-0.179462507,1,0.521794379,1,0.246817559,0,-0.485369444,0,-1.765653729,0
81.84966278,-4.477451324,1,-2.298904181,1,-8.855739594,1,-0.509822249,1,-0.214723051,1,0.491584539,1,0.243772611,0,-0.486628503,0,-1.763647437,0
81.85366058,-4.773685455,1,-1.05502069,1,-9.077723503,1,-0.463304818,1,-0.230452508,1,0.463647962,1,0.240960941,0,-0.487957358,0,-1.761795521,0
81.85765839,-4.966898441,1,-0.579372227,1,-9.128741264,1,-0.393170297,1,-0.238750383,1,0.420171738,1,0.238448396,0,-0.489288747,0,-1.760089755,0
81.86165619,-4.766810894,1,-1.309592843,1,-9.225319862,1,-0.333395779,1,-0.246802881,1,0.366279691,1,0.236312389,0,-0.490593016,0,-1.758622885,0
81.86566162,-4.527862072,1,-2.259359598,1,-9.142825127,1,-0.296554983,1,-0.265855014,1,0.324422508,1,0.234468028,0,-0.491911739,0,-1.757374883,0
81.86965942,-4.821439743,1,-2.597607851,1,-8.958961487,1,-0.273765504,1,-0.276280612,1,0.320746154,1,0.232785076,0,-0.493266821,0,-1.756226182,0
81.87365723,-5.235852242,1,-2.415368557,1,-8.619757652,1,-0.248166576,1,-0.265761912,1,0.320605695,1,0.231193677,0,-0.494625241,0,-1.755087018,0
81.87765503,-5.314106464,1,-2.346706152,1,-8.459251404,1,-0.232905328,1,-0.266868383,1,0.332030356,1,0.229670614,0,-0.495972663,0,-1.753922224,0
81.88166046,-5.27983284,1,-2.202383757,1,-8.49864006,1,-0.215761751,1,-0.266872793,1,0.325150847,1,0.228213862,0,-0.497305214,0,-1.752732515,0
81.88565826,-4.991280556,1,-2.144448519,1,-8.550265312,1,-0.197003067,1,-0.265044868,1,0.322592974,1,0.226831287,0,-0.49863261,0,-1.751572371,0
81.88965607,-4.542734623,1,-2.391305685,1,-8.741398811,1,-0.180650875,1,-0.279198676,1,0.321173221,1,0.225519046,0,-0.499987364,0,-1.750414371,0
81.8936615,-4.517680645,1,-2.943722248,1,-8.863617897,1,-0.184866175,1,-0.287530005,1,0.31220299,1,0.224247187,0,-0.501368821,0,-1.7492944,0
81.8976593,-4.481295586,1,-3.060613871,1,-8.856302261,1,-0.194230735,1,-0.312609226,1,0.284882873,1,0.222992256,0,-0.502821386,0,-1.748266339,0
81.90166473,-4.755632401,1,-2.244405031,1,-9.114329338,1,-0.184604585,1,-0.345707655,1,0.258592814,1,0.221807197,0,-0.504349113,0,-1.747381449,0
81.90566254,-5.040327072,1,-1.11617136,1,-9.210777283,1,-0.150837645,1,-0.372474253,1,0.220415846,1,0.220773116,0,-0.50595212,0,-1.746661186,0
81.90966034,-4.898616791,1,-0.705616772,1,-9.103113174,1,-0.110523365,1,-0.398233742,1,0.173997045,1,0.220018402,0,-0.507626593,0,-1.746165991,0
81.91365814,-4.859089375,1,-0.886308134,1,-8.979356766,1,-0.059112266,1,-0.406381816,1,0.12209212,1,0.219549865,0,-0.509328902,0,-1.745897412,0
81.91766357,-4.873832226,1,-1.332858801,1,-8.794201851,1,-0.028890181,1,-0.423066199,1,0.074062757,1,0.219366997,0,-0.511032224,0,-1.745870113,0
81.92166138,-4.949601173,1,-1.440947294,1,-8.710702896,1,0.009703934,1,-0.434043556,1,0.038214415,1,0.219421059,0,-0.512743771,0,-1.746050477,0
81.92565918,-4.67876482,1,-1.297274113,1,-8.901788712,1,0.044242449,1,-0.448868871,1,0.007025315,1,0.219693974,0,-0.51448673,0,-1.746387243,0
81.92966461,-4.761932373,1,-0.910360575,1,-9.052402496,1,0.097353019,1,-0.46505487,1,-0.022154763,1,0.220212772,0,-0.516260147,0,-1.746884704,0
81.93366242,-4.69188118,1,-0.884210944,1,-9.015660286,1,0.148988619,1,-0.496076941,1,-0.052868441,1,0.221029311,0,-0.518096983,0,-1.747541904,0
81.93766022,-4.832692146,1,-1.259072661,1,-8.954045296,1,0.186295524,1,-0.512624264,1,-0.080201179,1,0.22209093,0,-0.520007193,0,-1.748349786,0
81.94165802,-4.620385647,1,-1.63247025,1,-8.883478165,1,0.231177717,1,-0.525528431,1,-0.098963,1,0.170832887,0,-0.624898732,0,-1.678995132,0
81.94565582,-4.462342262,1,-2.076824188,1,-8.841025352,1,0.261461973,1,-0.532981694,1,-0.090125009,1,0.170580983,0,-0.627133489,0,-1.685880899,0
81.94966126,-4.757464409,1,-2.51484108,1,-8.606797218,1,0.285571039,1,-0.526672065,1,-0.068034954,1,0.172173068,0,-0.629175186,0,-1.686724544,0
81.95365906,-4.921131611,1,-3.264228106,1,-8.192483902,1,0.290800095,1,-0.513940215,1,-0.043459512,1,0.173755556,0,-0.631192029,0,-1.687445521,0
81.95765686,-5.307254314,1,-3.734339237,1,-7.895283222,1,0.28334862,1,-0.494345754,1,-0.016528724,1,0.175250188,0,-0.633163154,0,-1.688028455,0
81.96165466,-5.324093819,1,-3.796578646,1,-7.64928484,1,0.266714692,1,-0.471872747,1,0.017930809,1,0.176598147,0,-0.635059357,0,-1.688451171,0
81.9656601,-5.117266178,1,-3.621732473,1,-7.599763393,1,0.243379131,1,-0.454617649,1,0.057562411,1,0.177736789,0,-0.636919618,0,-1.688667417,0
81.9696579,-5.164643764,1,-3.349226475,1,-7.74063921,1,0.217651606,1,-0.444725186,1,0.084998071,1,0.178693235,0,-0.63874805,0,-1.688709021,0
81.9736557,-5.136116505,1,-2.907847881,1,-7.812712669,1,0.230581939,1,-0.429857314,1,0.102520846,1,0.179533467,0,-0.640530288,0,-1.688634515,0
81.97766113,-4.962955475,1,-2.604099989,1,-8.00972271,1,0.255249918,1,-0.417541713,1,0.122772247,1,0.18039903,0,-0.642272413,0,-1.688472033,0
81.98165894,-5.00048542,1,-2.336009979,1,-8.153306961,1,0.290337116,1,-0.419387162,1,0.14069508,1,0.181333631,0,-0.644012272,0,-1.688204288,0
81.98565674,-4.777539253,1,-2.933062553,1,-8.386937141,1,0.278795838,1,-0.442686945,1,0.158756152,1,0.182285354,0,-0.645811379,0,-1.687855244,0
81.98965454,-4.642790318,1,-2.474137306,1,-8.446754456,1,0.246775374,1,-0.48731041,1,0.163990483,1,0.183081582,0,-0.647752523,0,-1.687470794,0
81.99365234,-4.90102005,1,-1.60476625,1,-8.686358452,1,0.315205365,1,-0.507181704,1,0.161365524,1,0.18400085,0,-0.649837375,0,-1.687133908,0
81.99765778,-4.640189171,1,-1.849274158,1,-8.795966148,1,0.346673608,1,-0.531912982,1,0.170056984,1,0.185132161,0,-0.651995063,0,-1.686789513,0
82.00165558,-4.796363354,1,-2.087180376,1,-8.718928337,1,0.375959545,1,-0.568064928,1,0.161337227,1,0.186382115,0,-0.654276729,0,-1.686463356,0
82.00565338,-4.80921936,1,-2.315196276,1,-8.689752579,1,0.405492783,1,-0.594234228,1,0.154332101,1,0.187814996,0,-0.656677961,0,-1.686230779,0
82.00965118,-4.642136097,1,-2.650974989,1,-8.584179878,1,0.388896435,1,-0.628265142,1,0.160053849,1,0.189280748,0,-0.659193993,0,-1.686020255,0
82.01365662,-4.705203533,1,-2.195551395,1,-8.652627945,1,0.406870425,1,-0.661584258,1,0.159320384,1,0.19075416,0,-0.661852539,0,-1.685850024,0
82.01766205,-4.80613184,1,-2.220650196,1,-8.486309052,1,0.431342244,1,-0.687668562,1,0.153961062,1,0.192347303,0,-0.664616346,0,-1.685723901,0
82.02165985,-4.893832207,1,-2.513741493,1,-8.378626823,1,0.4366754,1,-0.701636612,1,0.161374092,1,0.194023401,0,-0.667459369,0,-1.685618162,0
82.02565765,-4.903929234,1,-3.173131466,1,-8.316332817,1,0.403824329,1,-0.722153783,1,0.164319336,1,0.19565624,0,-0.670382321,0,-1.685506344,0
82.02965546,-4.900113583,1,-2.641943693,1,-8.050918579,1,0.383289814,1,-0.749077916,1,0.16568917,1,0.197155401,0,-0.673393369,0,-1.685415626,0
82.03366089,-5.208786011,1,-2.29596591,1,-7.990545273,1,0.400831759,1,-0.748197436,1,0.164872274,1,0.198684782,0,-0.676476419,0,-1.685349822,0
82.03765869,-5.276080132,1,-2.336719513,1,-7.890057564,1,0.41045028,1,-0.753059804,1,0.167066723,1,0.20026657,0,-0.67953968,0,-1.685274363,0
82.04165649,-5.42991972,1,-2.528800964,1,-7.766444206,1,0.405079722,1,-0.749936461,1,0.157844141,1,0.201871574,0,-0.682632029,0,-1.685225606,0
82.0456543,-5.446124554,1,-2.517815828,1,-7.57297802,1,0.389523089,1,-0.752312422,1,0.151405111,1,0.203456327,0,-0.68570447,0,-1.685224652,0
82.04965973,-5.636471748,1,-2.585414648,1,-7.485827446,1,0.361174703,1,-0.740262151,1,0.142851576,1,0.204984024,0,-0.688750207,0,-1.685261726,0
82.05365753,-5.61133337,1,-2.509793282,1,-7.294454575,1,0.342506379,1,-0.723419309,1,0.136498854,1,0.206427947,0,-0.691735983,0,-1.685322165,0
82.05765533,-5.661143303,1,-2.60337925,1,-7.265869617,1,0.333565444,1,-0.717044652,1,0.132897705,1,0.207828864,0,-0.694663644,0,-1.685400009,0
82.06166077,-5.619606972,1,-2.805145741,1,-7.170582294,1,0.320313394,1,-0.699021041,1,0.130165711,1,0.209195986,0,-0.697541535,0,-1.685494184,0
82.06565857,-5.647004128,1,-3.126561165,1,-7.097233295,1,0.293590307,1,-0.680877328,1,0.135236472,1,0.210465774,0,-0.700359106,0,-1.685553074,0
82.06965637,-5.647127151,1,-3.344389915,1,-7.131429195,1,0.272743613,1,-0.661211133,1,0.144132182,1,0.21161823,0,-0.703107595,0,-1.68557775,0
82.07365418,-5.535303593,1,-3.366073132,1,-7.109257698,1,0.253792435,1,-0.642418265,1,0.160769209,1,0.212635189,0,-0.705790818,0,-1.685516119,0
82.07765198,-5.541622639,1,-3.328223467,1,-7.109535694,1,0.231185406,1,-0.627776206,1,0.174412519,1,0.21350044,0,-0.708406806,0,-1.685358763,0
82.08165741,-5.65260601,1,-3.372297049,1,-7.125014782,1,0.214778349,1,-0.611836374,1,0.185892269,1,0.214252383,0,-0.710987568,0,-1.685127974,0
82.08565521,-5.664702892,1,-3.450918198,1,-7.258250237,1,0.195330128,1,-0.596056461,1,0.19886823,1,0.214852586,0,-0.713507712,0,-1.684803605,0
82.08965302,-5.704937458,1,-3.440897226,1,-7.246676445,1,0.159792721,1,-0.574879348,1,0.216637775,1,0.215287358,0,-0.715964258,0,-1.684393883,0
82.09365082,-5.681433678,1,-3.194727898,1,-7.242800236,1,0.131275609,1,-0.567082822,1,0.219807118,1,0.215548426,0,-0.718389571,0,-1.683912396,0
82.09765625,-5.74743557,1,-3.103574991,1,-7.241210938,1,0.119901828,1,-0.557114124,1,0.235719249,1,0.215693071,0,-0.720784128,0,-1.68337512,0
82.10165405,-5.792222977,1,-3.161903143,1,-7.237921715,1,0.102859527,1,-0.542822599,1,0.245432794,1,0.215727627,0,-0.72313714,0,-1.682762861,0
82.10565186,-5.774569988,1,-3.261324167,1,-7.194540024,1,0.081238747,1,-0.533571362,1,0.252629995,1,0.215638191,0,-0.725459218,0,-1.682073236,0
82.10966492,-5.752997875,1,-3.303159237,1,-7.210770607,1,0.054515027,1,-0.532137752,1,0.270064771,1,0.215403631,0,-0.727759421,0,-1.681315422,0
82.11365509,-5.721944332,1,-3.242321491,1,-7.291121006,1,0.038870957,1,-0.51840055,1,0.280577481,1,0.215021148,0,-0.730046332,0,-1.680478573,0
82.11765289,-5.708398819,1,-2.992470026,1,-7.331641674,1,0.021777773,1,-0.515575707,1,0.288409948,1,0.214525044,0,-0.732305408,0,-1.679563761,0
82.1216507,-5.785432339,1,-2.883751631,1,-7.319245338,1,0.018414523,1,-0.50677526,1,0.300482959,1,0.213964388,0,-0.734567225,0,-1.67860353,0
82.1256485,-5.8352952,1,-2.801189423,1,-7.330355644,1,0.010587146,1,-0.506159246,1,0.30425185,1,0.213342801,0,-0.736806273,0,-1.677588463,0
82.12966156,-5.867772102,1,-2.66262579,1,-7.399293423,1,0.010516711,1,-0.50355351,1,0.307220548,1,0.212682143,0,-0.739035428,0,-1.676549911,0
82.13365936,-5.8484025,1,-2.53263545,1,-7.42810297,1,0.018434096,1,-0.506825626,1,0.309154928,1,0.21202074,0,-0.741262317,0,-1.675496817,0
82.1376648,-5.885365009,1,-2.662319422,1,-7.490915298,1,0.018052161,1,-0.50661546,1,0.313634932,1,0.2113778,0,-0.743501365,0,-1.674427748,0
82.1416626,-5.870698929,1,-2.781335354,1,-7.544291019,1,0.012064321,1,-0.511474133,1,0.313111842,1,0.210698962,0,-0.745745003,0,-1.673344254,0
82.1456604,-5.644093513,1,-2.756824255,1,-7.55489254,1,0.007678328,1,-0.51809442,1,0.315243244,1,0.209984645,0,-0.748021603,0,-1.672242403,0
82.14966583,-5.753806591,1,-2.76253891,1,-7.64260006,1,0.010151299,1,-0.531853437,1,0.322558463,1,0.209266648,0,-0.750342786,0,-1.671140909,0
82.15366364,-5.605478764,1,-2.944476366,1,-7.613745213,1,0.017416906,1,-0.541163445,1,0.335202694,1,0.208535522,0,-0.752713621,0,-1.669985652,0
82.15766144,-5.688572884,1,-3.251451731,1,-7.726873875,1,-0.004844139,1,-0.558154166,1,0.350832164,1,0.207724571,0,-0.755148113,0,-1.668763518,0
82.16165924,-5.629030704,1,-3.209408522,1,-7.690186501,1,-0.023412187,1,-0.568722486,1,0.357762516,1,0.20679605,0,-0.757645667,0,-1.667490602,0
82.16565704,-5.608269215,1,-2.997499704,1,-7.671638966,1,-0.036534637,1,-0.590507865,1,0.369930655,1,0.205759823,0,-0.760218918,0,-1.666171074,0
82.16966248,-5.658052444,1,-2.891521454,1,-7.664505959,1,-0.042408399,1,-0.606329381,1,0.384608477,1,0.204651371,0,-0.762864649,0,-1.664805174,0
82.17366028,-5.704482555,1,-2.94123435,1,-7.542447567,1,-0.05896328,1,-0.61915791,1,0.397184581,1,0.203465864,0,-0.765577435,0,-1.663378716,0
82.17765808,-5.690425396,1,-3.057650328,1,-7.538255692,1,-0.078176707,1,-0.635686934,1,0.405465245,1,0.202181354,0,-0.768362761,0,-1.661905289,0
82.18166351,-5.650777817,1,-3.025341272,1,-7.571341038,1,-0.099033847,1,-0.649554908,1,0.416932166,1,0.200750157,0,-0.771207809,0,-1.660372972,0
82.18566132,-5.628697872,1,-2.787382364,1,-7.566521168,1,-0.121503629,1,-0.664327681,1,0.425324887,1,0.199207187,0,-0.774122953,0,-1.658798933,0
82.18965912,-5.702411652,1,-2.676504135,1,-7.610216618,1,-0.134918556,1,-0.685311913,1,0.432574391,1,0.197570682,0,-0.777105093,0,-1.657186985,0
82.19365692,-5.72466135,1,-2.648104906,1,-7.660689831,1,-0.152340725,1,-0.708830059,1,0.436707884,1,0.255184621,0,-0.739485383,0,-1.813990712,0
82.19765472,-5.697741985,1,-2.800941706,1,-7.802845001,1,-0.170933113,1,-0.734596968,1,0.440975517,1,0.253636003,0,-0.74271965,0,-1.812666893,0
82.20166016,-5.635145664,1,-2.89891839,1,-8.014849663,1,-0.194602445,1,-0.769120395,1,0.4526124,1,0.252008438,0,-0.74607414,0,-1.81134522,0
82.20565796,-5.577413082,1,-3.134997368,1,-8.150186539,1,-0.216863915,1,-0.808917284,1,0.465790957,1,0.250258714,0,-0.74958539,0,-1.809992433,0
82.20965576,-5.495595455,1,-3.484218836,1,-8.373960495,1,-0.241487354,1,-0.855195463,1,0.487251192,1,0.248387605,0,-0.753278971,0,-1.808576822,0
82.21365356,-5.589528084,1,-3.689992189,1,-8.386454582,1,-0.277929425,1,-0.906215727,1,0.524669647,1,0.246315658,0,-0.757187486,0,-1.807065368,0
82.217659,-5.357962132,1,-3.605644226,1,-8.367471695,1,-0.304581672,1,-0.970249534,1,0.559011877,1,0.244021907,0,-0.761358202,0,-1.805422783,0
82.2216568,-5.470042706,1,-3.487515211,1,-8.503853798,1,-0.322365463,1,-1.035778761,1,0.591490507,1,0.241547436,0,-0.765806139,0,-1.803659081,0
82.2256546,-5.459811687,1,-3.238990068,1,-8.663976669,1,-0.341173083,1,-1.101243258,1,0.624652803,1,0.23891677,0,-0.770538211,0,-1.801783681,0
82.22966003,-5.409218788,1,-3.09742713,1,-8.820101738,1,-0.35374403,1,-1.184372544,1,0.650188804,1,0.236165106,0,-0.775582075,0,-1.799823523,0
82.23365784,-5.348871708,1,-2.882834196,1,-8.992402077,1,-0.366610616,1,-1.268189907,1,0.670574069,1,0.233308434,0,-0.780962408,0,-1.797796965,0
82.23765564,-5.348555088,1,-2.687310696,1,-9.170674324,1,-0.379483104,1,-1.361580372,1,0.692641258,1,0.230363667,0,-0.786716223,0,-1.795747042,0
82.24165344,-5.446440697,1,-2.615320444,1,-9.336087227,1,-0.392167866,1,-1.459482312,1,0.714631259,1,0.227333143,0,-0.792844057,0,-1.793661118,0
82.24565125,-5.242934227,1,-2.427638531,1,-9.372485161,1,-0.400751233,1,-1.568485141,1,0.74014771,1,0.224219918,0,-0.799401522,0,-1.791533113,0
82.24965668,-5.328267574,1,-2.358292818,1,-9.472524643,1,-0.403661311,1,-1.685405731,1,0.766713023,1,0.221057087,0,-0.806410432,0,-1.789374232,0
82.25365448,-5.070609093,1,-2.529105425,1,-9.529226303,1,-0.40292874,1,-1.806542516,1,0.800801694,1,0.217828125,0,-0.813906074,0,-1.787145734,0
82.25765228,-5.010302544,1,-2.721706629,1,-9.568902016,1,-0.403179675,1,-1.937883735,1,0.830463469,1,0.214543045,0,-0.82191813,0,-1.784845471,0
82.26165772,-4.965788364,1,-2.783709764,1,-9.781769753,1,-0.394742996,1,-2.076246977,1,0.867093563,1,0.211170137,0,-0.830481291,0,-1.78243494,0
82.26566315,-4.835443497,1,-2.814341307,1,-9.777482033,1,-0.390304834,1,-2.221843719,1,0.909332514,1,0.207733825,0,-0.839633346,0,-1.779916167,0
82.26966095,-4.763744831,1,-2.74647665,1,-9.878585815,1,-0.374471933,1,-2.39015913,1,0.967193246,1,0.204195574,0,-0.849420786,0,-1.777236462,0
82.27365875,-4.848072529,1,-2.815926313,1,-10.20399189,1,-0.348389357,1,-2.562862873,1,1.012904644,1,0.20057413,0,-0.85991323,0,-1.774359584,0
82.27765656,-4.770759583,1,-2.958044291,1,-10.50518608,1,-0.308512926,1,-2.743349075,1,1.076883316,1,0.196914136,0,-0.871149421,0,-1.771277428,0
82.28165436,-4.500442982,1,-3.044013262,1,-10.97930908,1,-0.27515468,1,-2.952413559,1,1.143778563,1,0.193145066,0,-0.883182049,0,-1.767907858,0
82.28565979,-4.281454563,1,-3.596042156,1,-11.44120502,1,-0.248991325,1,-3.194698095,1,1.225150585,1,0.189245075,0,-0.896139085,0,-1.764230251,0
82.28965759,-4.267940521,1,-4.588733673,1,-11.97738647,1,-0.277317733,1,-3.453064203,1,1.318313837,1,0.185027912,0,-0.910135746,0,-1.760177374,0
82.2936554,-4.306423187,1,-5.639465809,1,-12.32924366,1,-0.316871792,1,-3.734562874,1,1.428990602,1,0.180196837,0,-0.925277054,0,-1.755576491,0
82.2976532,-4.570461273,1,-6.761857986,1,-12.5147419,1,-0.38657105,1,-4.028372288,1,1.563753247,1,0.174556911,0,-0.941609502,0,-1.750304103,0
82.30165863,-4.231409073,1,-8.179191589,1,-12.44540787,1,-0.467309564,1,-4.323672771,1,1.746991038,1,0.167708501,0,-0.959183633,0,-1.74397707,0
82.30565643,-3.896846056,1,-9.488812447,1,-12.4517231,1,-0.570319295,1,-4.656061649,1,1.959285736,1,0.15926002,0,-0.978099346,0,-1.73624599,0
82.30965424,-4.418808937,1,-10.37121773,1,-12.63359547,1,-0.665571868,1,-4.970108032,1,2.219402075,1,0.148754954,0,-0.998406768,0,-1.726610422,0
82.31365967,-4.879428387,1,-10.64899063,1,-12.83002663,1,-0.779390693,1,-5.269556999,1,2.480936527,1,0.135646269,0,-1.020039439,0,-1.714548111,0
82.31765747,-5.371374607,1,-11.23817062,1,-12.12517834,1,-0.864812374,1,-5.551590443,1,2.752014637,1,0.11970327,0,-1.042810798,0,-1.699796677,0
82.32165527,-5.809915543,1,-12.38682842,1,-12.2488308,1,-1.06524682,1,-5.820667267,1,3.072312832,1,0.099769421,0,-1.066721082,0,-1.681342483,0
82.32565308,-6.0852108,1,-13.02816868,1,-12.221982,1,-1.255923271,1,-6.010189533,1,3.409421682,1,0.074909747,0,-1.091440678,0,-1.658387899,0
82.32965088,-6.636715889,1,-13.33670712,1,-13.1088419,1,-1.456108689,1,-6.204642296,1,3.696882725,1,0.04420048,0,-1.116661429,0,-1.630088806,0
82.33365631,-8.154241562,1,-11.50082779,1,-14.02125359,1,-1.607264757,1,-6.340910435,1,3.965074539,1,0.006963146,0,-1.142160177,0,-1.595706463,0
82.33765411,-9.303173065,1,-8.94824791,1,-15.2794714,1,-1.640582323,1,-6.49074316,1,4.17941618,1,-0.037346151,0,-1.167567611,0,-1.554377079,0
82.34165192,-12.82534218,1,-7.111132622,1,-15.33533669,1,-1.64174521,1,-6.534265041,1,4.322988033,1,-0.089116417,0,-1.192505717,0,-1.505506396,0
82.34564972,-13.81166458,1,-7.638733387,1,-15.3767395,1,-1.729120493,1,-6.534875393,1,4.518130779,1,-0.149739489,0,-1.216367483,0,-1.447770953,0
82.34965515,-14.29504871,1,-7.564054012,1,-15.04177475,1,-1.889749885,1,-6.519976139,1,4.658556461,1,-0.220964015,0,-1.23864913,0,-1.379835367,0
82.35365295,-17.70605087,1,-9.383043289,1,-15.15247059,1,-2.040828228,1,-6.422207832,1,4.670144558,1,-0.303036779,0,-1.258850574,0,-1.301599503,0
82.35765076,-19.65947914,1,-7.36244154,1,-14.44636154,1,-2.131135225,1,-6.147417545,1,4.638170719,1,-0.394774556,0,-1.276185632,0,-1.214229703,0
82.36165619,-18.31987953,1,-7.32510519,1,-14.38803387,1,-2.219134331,1,-5.942914486,1,4.65852499,1,-0.495427877,0,-1.289968491,0,-1.1183424,0
82.36565399,-20.81614876,1,-7.804295063,1,-14.67374611,1,-2.205542803,1,-5.685702801,1,4.502179623,1,-0.602629364,0,-1.300308704,0,-1.016162992,0
82.36965179,-21.09250832,1,-7.073471546,1,-13.90710831,1,-2.191711903,1,-5.316034794,1,4.368304253,1,-0.711901367,0,-1.306889296,0,-0.912009597,0
82.3736496,-17.81299591,1,-8.995428085,1,-12.7081995,1,-2.232535839,1,-5.140054226,1,4.336371899,1,-0.821238399,0,-1.309900045,0,-0.807915628,0
82.3776474,-18.77416801,1,-8.889115334,1,-12.32777405,1,-2.42624259,1,-4.971152306,1,4.370327473,1,-0.930571377,0,-1.309434772,0,-0.704405427,0
82.38165283,-19.00191498,1,-7.808537483,1,-11.80282593,1,-2.451874733,1,-4.648807049,1,4.055681705,1,-1.034675598,0,-1.306016445,0,-0.606831729,0
82.38565826,-16.28744125,1,-7.478751183,1,-9.61239624,1,-2.427800655,1,-4.548611641,1,3.894759178,1,-1.130876541,0,-1.300677776,0,-0.517130911,0
82.38965607,-15.37699223,1,-7.930158138,1,-9.357707977,1,-2.519691229,1,-4.254767418,1,3.817770481,1,-1.219935536,0,-1.293201804,0,-0.434883714,0
82.39365387,-12.77440834,1,-7.670266151,1,-8.376419067,1,-2.624484301,1,-3.846749783,1,3.580322266,1,-1.299101114,0,-1.28406167,0,-0.363154709,0
82.3976593,-7.133760929,1,-6.024028301,1,-6.74495697,1,-2.847404242,1,-3.48063159,1,3.445451021,1,-1.368390799,0,-1.273874521,0,-0.302232683,0
82.4016571,-4.245687962,1,-5.296338558,1,-4.748305798,1,-3.107796907,1,-3.312464237,1,3.404191494,1,-1.430460453,0,-1.262692928,0,-0.249672338,0
82.40565491,-4.279738426,1,-2.850550652,1,-7.012905598,1,-3.218762636,1,-3.101731777,1,3.294933796,1,-1.487339497,0,-1.250748277,0,-0.203236267,0
82.40965271,-8.695482254,1,-2.401376009,1,-10.39417648,1,-2.981458426,1,-2.80075264,1,2.872599363,1,-1.536811829,0,-1.239064217,0,-0.164180189,0
82.41365051,-19.24856377,1,-2.549290419,1,-11.96478653,1,-2.719281912,1,-2.316075325,1,2.415260553,1,-1.578150034,0,-1.228595018,0,-0.132443026,0
82.41765595,-29.86649513,1,-0.393138647,1,-14.8216238,1,-2.27630353,1,-1.64098525,1,1.792986631,1,-1.6095258,0,-1.220003605,0,-0.109795667,0
82.42165375,-29.76775169,1,-1.229830265,1,-16.92836189,1,-1.85618794,1,-0.683597863,1,1.300463319,1,-1.629584908,0,-1.213630438,0,-0.097109437,0
82.42565155,-17.18592262,1,-4.45670414,1,-15.0906601,1,-1.73207438,1,0.156688094,1,0.946915329,1,-1.638587952,0,-1.209106922,0,-0.095129475,0
82.42964935,-7.504137516,1,-7.576361179,1,-11.95024204,1,-1.668251038,1,0.671403527,1,0.598078966,1,-1.640295148,0,-1.206147552,0,-0.100581914,0
82.43365479,-3.206583977,1,-9.138051033,1,-9.827466965,1,-1.5948807,1,0.927577674,1,0.321249485,1,-1.638030887,0,-1.204552531,0,-0.109984294,0
82.43765259,-3.704021215,1,-9.224256516,1,-9.229439735,1,-1.624751568,1,1.088106632,1,0.153880015,1,-1.63375771,0,-1.203895807,0,-0.121424623,0
82.44165039,-5.039314747,1,-8.356812477,1,-9.553120613,1,-1.766090393,1,1.240029454,1,0.084733456,1,-1.628375173,0,-1.203721046,0,-0.134435758,0
82.44565582,-4.504295826,1,-7.931725502,1,-9.434303284,1,-1.945058346,1,1.406365991,1,0.033210743,1,-1.622599363,0,-1.202447176,0,-0.147162274,0
82.44965363,-2.597736835,1,-7.573728561,1,-8.300789833,1,-2.069517851,1,1.496765494,1,-0.01820644,1,-1.615531564,0,-1.202704906,0,-0.163353682,0
82.45365143,-1.16011548,1,-7.283586979,1,-7.201107979,1,-2.118965864,1,1.537557244,1,-0.068078354,1,-1.608201742,0,-1.20313096,0,-0.180201083,0
82.45764923,-0.187983796,1,-6.833836555,1,-6.477823734,1,-2.143393517,1,1.5680058,1,-0.120350763,1,-1.600644469,0,-1.203720331,0,-0.197433248,0
82.46164703,0.428995997,1,-6.338657379,1,-6.098202705,1,-2.165735006,1,1.621257901,1,-0.158498853,1,-1.592710137,0,-1.204432487,0,-0.21516417,0
82.46565247,0.794096649,1,-5.817578316,1,-5.928227901,1,-2.17210269,1,1.669217229,1,-0.201019838,1,-1.584272981,0,-1.205261707,0,-0.233505964,0
82.46965027,0.655263007,1,-5.580629826,1,-5.841694355,1,-2.158028603,1,1.727141976,1,-0.239422828,1,-1.575202823,0,-1.2062006,0,-0.25249964,0
82.47364807,0.472763658,1,-5.390386105,1,-5.662045956,1,-2.110124826,1,1.805879712,1,-0.290127426,1,-1.565205216,0,-1.207257271,0,-0.272335231,0
82.47764587,0.294681072,1,-5.312720299,1,-5.599484921,1,-2.034837723,1,1.897732854,1,-0.348619759,1,-1.553989768,0,-1.208456993,0,-0.293210268,0
82.48165131,0.266341776,1,-5.299849033,1,-5.473613739,1,-1.968441248,1,2.019920349,1,-0.403793573,1,-1.541216493,0,-1.209782362,0,-0.315430492,0
82.48564911,0.19620572,1,-5.264571667,1,-5.369130135,1,-1.88344264,1,2.155237436,1,-0.477899402,1,-1.526625395,0,-1.211235285,0,-0.339255154,0
82.48964691,0.072363019,1,-5.400220394,1,-5.282409668,1,-1.80583322,1,2.302519798,1,-0.539678156,1,-1.509993076,0,-1.212801218,0,-0.364890426,0
82.49365234,-0.279013783,1,-5.587062359,1,-5.360177517,1,-1.740318179,1,2.464931488,1,-0.614940822,1,-1.491171598,0,-1.214438915,0,-0.39254266,0
82.49765015,-0.517440915,1,-5.798210621,1,-5.387199879,1,-1.681694269,1,2.647999763,1,-0.690743029,1,-1.469967365,0,-1.216114044,0,-0.422456503,0
82.50165558,-0.722033858,1,-5.899499416,1,-5.316535473,1,-1.626473665,1,2.828257322,1,-0.758194268,1,-1.446251512,0,-1.217761636,0,-0.454794049,0
82.50565338,-0.791751981,1,-5.965324402,1,-5.246223927,1,-1.579751492,1,3.006256819,1,-0.838642955,1,-1.420015097,0,-1.219324946,0,-0.489574671,0
82.50965118,-0.900883734,1,-6.047682762,1,-5.16585207,1,-1.532856226,1,3.179432631,1,-0.903669655,1,-1.391298413,0,-1.22072494,0,-0.52677089,0
82.51364899,-0.877450466,1,-6.073981285,1,-5.035456657,1,-1.484911323,1,3.339604139,1,-0.970096767,1,-1.360222936,0,-1.221874356,0,-0.566266119,0
82.51765442,-0.879705846,1,-6.080441952,1,-4.920800686,1,-1.439909339,1,3.502557278,1,-1.04345727,1,-1.326891899,0,-1.222717404,0,-0.607956111,0
82.52165222,-0.885652363,1,-5.948283672,1,-4.824548244,1,-1.381628513,1,3.640218258,1,-1.10714972,1,-1.291398525,0,-1.223176003,0,-0.651707947,0
82.52565002,-0.986717224,1,-5.879178047,1,-4.740634441,1,-1.324295759,1,3.766250372,1,-1.182622075,1,-1.254027247,0,-1.223206043,0,-0.697211027,0
82.52964783,-1.022990823,1,-5.726289749,1,-4.687597275,1,-1.25443387,1,3.878686428,1,-1.250429988,1,-1.214950323,0,-1.222756624,0,-0.744270384,0
82.53364563,-1.11953485,1,-5.968622208,1,-4.599837303,1,-1.18436861,1,3.97348237,1,-1.324930906,1,-1.174420953,0,-1.221790433,0,-0.79258889,0
82.53765106,-1.479997635,1,-6.14323473,1,-4.549844742,1,-1.115185976,1,4.058921814,1,-1.403650522,1,-1.132698298,0,-1.220277548,0,-0.841903031,0
82.54164887,-1.851716399,1,-6.215452671,1,-4.570716381,1,-1.052761078,1,4.136633396,1,-1.481829882,1,-1.089998603,0,-1.218180776,0,-0.892007709,0
82.54564667,-2.280511379,1,-6.288299084,1,-4.539843082,1,-0.999697387,1,4.21438694,1,-1.56616497,1,-1.04654789,0,-1.2154814,0,-0.94271189,0
82.54964447,-2.602603674,1,-6.387491703,1,-4.507843971,1,-0.951458454,1,4.28677845,1,-1.656145573,1,-1.002530813,0,-1.212154388,0,-0.993849039,0
82.5536499,-3.052680969,1,-6.470517635,1,-4.531261921,1,-0.906817496,1,4.361404419,1,-1.749228954,1,-0.95810163,0,-1.208179116,0,-1.045308232,0
82.55764771,-3.493338585,1,-6.621333599,1,-4.569823265,1,-0.860939085,1,4.435020447,1,-1.84353447,1,-0.913382232,0,-1.203524113,0,-1.096963406,0
82.56164551,-4.120277882,1,-6.709860802,1,-4.679270267,1,-0.816568792,1,4.518574238,1,-1.939170003,1,-0.868576229,0,-1.198141098,0,-1.148625016,0
82.56565094,-4.826361179,1,-6.835111618,1,-4.802269459,1,-0.77000922,1,4.611733437,1,-2.030026913,1,-0.82372719,0,-1.191987395,0,-1.200250626,0
82.56964874,-5.565169334,1,-6.878715515,1,-4.879222393,1,-0.723139048,1,4.726725578,1,-2.137286425,1,-0.778921127,0,-1.184969187,0,-1.251762748,0
82.57364655,-6.30243969,1,-6.950357437,1,-5.009257317,1,-0.667058647,1,4.863693714,1,-2.246393919,1,-0.734127402,0,-1.177026987,0,-1.303194523,0
82.57764435,-6.787449837,1,-6.915908337,1,-5.086701393,1,-0.614312112,1,4.998803139,1,-2.357390404,1,-0.689499855,0,-1.16810596,0,-1.354391694,0
82.58164215,-7.141280651,1,-6.877624512,1,-5.135903835,1,-0.564734101,1,5.136554718,1,-2.478756428,1,-0.645199597,0,-1.158161283,0,-1.405214071,0
82.58564758,-7.325111389,1,-6.966371059,1,-5.19130373,1,-0.506913364,1,5.274132252,1,-2.579248905,1,-0.601502955,0,-1.147156835,0,-1.455374599,0
82.58964539,-7.342811584,1,-6.987210274,1,-5.135316372,1,-0.458878785,1,5.383912563,1,-2.681151867,1,-0.558710396,0,-1.1350981,0,-1.504564881,0
82.59364319,-7.300575256,1,-7.050073147,1,-5.041465282,1,-0.405485541,1,5.487940311,1,-2.769464254,1,-0.517115414,0,-1.122003675,0,-1.552493572,0
82.59764099,-7.246086597,1,-7.086835384,1,-5.024214268,1,-0.351397663,1,5.554459572,1,-2.842257023,1,-0.477021098,0,-1.107937455,0,-1.598832488,0
82.60164642,-7.206758976,1,-7.094287872,1,-4.930922031,1,-0.298512101,1,5.615114212,1,-2.905359983,1,-0.438598871,0,-1.092965126,0,-1.643387318,0
82.60564423,-7.150410175,1,-7.03689146,1,-4.865415096,1,-0.23205182,1,5.646296978,1,-2.946741581,1,-0.402004123,0,-1.07718122,0,-1.685957432,0
82.60964203,-7.1654706,1,-6.951356888,1,-4.840569973,1,-0.160905749,1,5.651360989,1,-2.982334375,1,-0.367308885,0,-1.060674548,0,-1.726429939,0
82.61364746,-7.300261021,1,-6.882933617,1,-4.869624615,1,-0.074174643,1,5.643219471,1,-2.993769884,1,-0.334492087,0,-1.043566465,0,-1.764752388,0
82.61764526,-7.442517757,1,-6.856122971,1,-4.866446495,1,0.021593574,1,5.624553204,1,-3.014298916,1,-0.303474814,0,-1.025926709,0,-1.800963402,0
82.6216507,-7.639998436,1,-6.766406536,1,-4.952027798,1,0.132866591,1,5.596972942,1,-3.018557787,1,-0.274132609,0,-1.007843137,0,-1.835107088,0
82.6256485,-7.853680134,1,-6.695506573,1,-5.006939411,1,0.249815226,1,5.563615322,1,-3.0228827,1,-0.246311128,0,-0.989381969,0,-1.867290378,0
82.6296463,-8.128929138,1,-6.68897438,1,-5.143580437,1,0.382055938,1,5.517550945,1,-3.02850771,1,-0.219859079,0,-0.970614195,0,-1.897612453,0
82.6336441,-8.381138802,1,-6.754444599,1,-5.302828312,1,0.517881274,1,5.471508503,1,-3.025517941,1,-0.194634214,0,-0.951593399,0,-1.926195621,0
82.63764954,-8.754992485,1,-6.792702675,1,-5.510906696,1,0.657706559,1,5.422549725,1,-3.034041166,1,-0.170447677,0,-0.932364583,0,-1.953193426,0
82.64164734,-9.174173355,1,-6.93830061,1,-5.78021574,1,0.805469155,1,5.375835419,1,-3.04456234,1,-0.147157967,0,-0.912967205,0,-1.978728652,0
82.64564514,-9.633924484,1,-7.173874855,1,-6.019362926,1,0.951768517,1,5.326069355,1,-3.055909395,1,-0.1246337,0,-0.893420219,0,-2.002932072,0
82.64965057,-10.13775444,1,-7.450088024,1,-6.240417004,1,1.094216704,1,5.287806511,1,-3.077497482,1,-0.102760479,0,-0.873715699,0,-2.025939465,0
82.65364838,-10.73627377,1,-7.750641346,1,-6.460925579,1,1.224435925,1,5.249761105,1,-3.103740931,1,-0.081459552,0,-0.853877068,0,-2.04786849,0
82.65764618,-11.48030281,1,-8.164522171,1,-6.690109253,1,1.33904469,1,5.220047474,1,-3.145659447,1,-0.060643155,0,-0.833880961,0,-2.06887269,0
82.66164398,-12.16623974,1,-8.593997955,1,-6.899670601,1,1.446694374,1,5.210772991,1,-3.200427532,1,-0.040242292,0,-0.81367451,0,-2.08907342,0
82.66564179,-12.65668964,1,-9.060210228,1,-7.074518204,1,1.533527613,1,5.197014332,1,-3.254659176,1,-0.020251578,0,-0.793260574,0,-2.108556747,0
82.66964722,-13.12330914,1,-9.515117645,1,-7.30810833,1,1.604439974,1,5.173323631,1,-3.317762136,1,-0.000679822,0,-0.772659302,0,-2.127401352,0
82.67364502,-13.68559742,1,-9.940338135,1,-7.61009407,1,1.656618595,1,5.147654533,1,-3.390639067,1,0.018473314,0,-0.751907945,0,-2.14569211,0
82.67764282,-14.32850456,1,-10.22454262,1,-7.98470211,1,1.703559875,1,5.101029873,1,-3.481077671,1,0.037243664,0,-0.731036842,0,-2.163529634,0
82.68164063,-14.99180889,1,-10.45755386,1,-8.381034851,1,1.744043827,1,5.060472965,1,-3.582830191,1,0.055687528,0,-0.710068703,0,-2.181043148,0
82.68564606,-15.72853088,1,-10.63183308,1,-8.783513069,1,1.786280394,1,5.005124092,1,-3.70091939,1,0.073883131,0,-0.689038634,0,-2.198336124,0
82.68964386,-16.5518856,1,-10.76731396,1,-9.208921432,1,1.825691938,1,4.938233376,1,-3.840660334,1,0.091886781,0,-0.667975485,0,-2.215518475,0
82.69364166,-17.64906502,1,-10.68837452,1,-9.654076576,1,1.862490296,1,4.852583885,1,-3.999799728,1,0.110326298,0,-0.6486485,0,-2.226569653,0
82.6976471,-18.86115265,1,-10.23391628,1,-10.00216389,1,1.920570135,1,4.765398979,1,-4.174200535,1,0.128219232,0,-0.627598882,0,-2.243909597,0
82.7016449,-20.35348701,1,-9.751673698,1,-10.12819099,1,2.005277157,1,4.670590878,1,-4.366060734,1,0.146238908,0,-0.606573522,0,-2.261485577,0
82.7056427,-22.05019569,1,-9.205456734,1,-10.14279747,1,2.123366594,1,4.579590321,1,-4.572918892,1,0.164534941,0,-0.585531652,0,-2.279371977,0
82.7096405,-23.75535583,1,-8.825612068,1,-9.962817192,1,2.264966011,1,4.495051861,1,-4.785810471,1,0.18321909,0,-0.56441927,0,-2.297603846,0
82.71363831,-25.47494507,1,-8.717733383,1,-9.664139748,1,2.403368711,1,4.410796165,1,-4.986000061,1,0.202310145,0,-0.543197691,0,-2.316148281,0
82.71764374,-26.99403572,1,-8.715344429,1,-9.107040405,1,2.524595022,1,4.311635494,1,-5.177845478,1,0.221725538,0,-0.52185601,0,-2.334962368,0
82.72164154,-28.24510384,1,-8.849046707,1,-8.437461853,1,2.613752127,1,4.205120564,1,-5.347367764,1,0.241325319,0,-0.500433564,0,-2.353977919,0
82.72563934,-29.24053001,1,-8.966070175,1,-7.679657459,1,2.664661646,1,4.063774586,1,-5.497459888,1,0.260908633,0,-0.479022741,0,-2.373136759,0
82.72963715,-30.05634499,1,-7.649542332,1,-6.159850597,1,2.700126886,1,3.912831545,1,-5.650918484,1,0.280345619,0,-0.457696855,0,-2.392421007,0
82.73364258,-26.49504852,1,3.385902166,1,-7.703146458,1,2.824212313,1,3.539945602,1,-5.950809479,1,0.299921691,0,-0.436711103,0,-2.412305832,0
82.73764038,-22.30169868,1,6.421773911,1,-8.555060387,1,3.056262255,1,3.054869413,1,-6.190027714,1,0.320328593,0,-0.416736454,0,-2.433277607,0
82.74164581,-22.39907455,1,6.403455257,1,-5.839326382,1,3.455751419,1,2.681421995,1,-6.45975399,1,0.342030644,0,-0.397676408,0,-2.455295801,0
82.74564362,-25.26941872,1,6.235699654,1,-4.730643272,1,3.825980186,1,2.358194828,1,-6.65273571,1,0.365271986,0,-0.379124165,0,-2.478143454,0
82.74964142,-26.73450851,1,4.030150414,1,-3.574513912,1,3.987522602,1,2.074346304,1,-6.7480793,1,0.389359713,0,-0.361020207,0,-2.50137949,0
82.75363922,-27.69948578,1,1.540537596,1,-2.271204233,1,3.913903236,1,1.821336865,1,-6.720029831,1,0.413229108,0,-0.343318045,0,-2.524592876,0
82.75764465,-28.32575607,1,0.25454098,1,-1.487494707,1,3.63409543,1,1.543965459,1,-6.590319157,1,0.435845852,0,-0.326204777,0,-2.547346115,0
82.76164246,-28.53565025,1,0.849302292,1,-1.033627033,1,3.275930405,1,1.26682961,1,-6.401916504,1,0.456593752,0,-0.309918642,0,-2.569473505,0
82.76564026,-28.84680176,1,2.134836435,1,-0.339757234,1,2.863833427,1,1.004457474,1,-6.201180935,1,0.47528407,0,-0.294543952,0,-2.590932131,0
82.76965332,-30.04080963,1,3.622484207,1,0.743830383,1,2.411672592,1,0.777191937,1,-5.96682024,1,0.491729468,0,-0.280075192,0,-2.611683369,0
82.77365112,-31.37850952,1,5.200128555,1,2.110103369,1,1.927237034,1,0.594690859,1,-5.682746887,1,0.505777538,0,-0.266519517,0,-2.631584883,0
82.7776413,-32.41550446,1,7.148976803,1,3.589872837,1,1.482902527,1,0.426917702,1,-5.330421448,1,0.517429054,0,-0.253940403,0,-2.650443316,0
82.7816391,-32.72315598,1,9.732111931,1,4.793813229,1,1.148989558,1,0.258861303,1,-4.911762238,1,0.526981831,0,-0.242522612,0,-2.668064833,0
82.78565216,-32.5419693,1,12.6334362,1,5.608320713,1,0.9712075,1,0.087898158,1,-4.411561966,1,0.534990907,0,-0.232481033,0,-2.68426919,0
82.78964996,-32.28360367,1,15.16579342,1,6.148149014,1,0.943075597,1,-0.078722343,1,-3.844918013,1,0.542063475,0,-0.223995775,0,-2.698816776,0
82.79364777,-31.86868286,1,16.50670433,1,6.525062084,1,1.039650202,1,-0.215689749,1,-3.218962908,1,0.548787832,0,-0.217167318,0,-2.711524725,0
82.79763794,-30.95574188,1,16.40340805,1,6.563138008,1,1.184344769,1,-0.349792719,1,-2.542378664,1,0.555499017,0,-0.212074444,0,-2.722192049,0
82.80163574,-29.40071297,1,14.46758842,1,6.527781963,1,1.272972584,1,-0.480993897,1,-1.822042465,1,0.562213242,0,-0.208836406,0,-2.730672598,0
82.8056488,-27.5780983,1,11.51627731,1,6.272852898,1,1.260028601,1,-0.611351192,1,-1.066715121,1,0.568591356,0,-0.207578212,0,-2.736862183,0
82.80964661,-25.25310898,1,7.633353233,1,4.757079124,1,1.077976346,1,-0.764791667,1,-0.300552249,1,0.574134767,0,-0.208391815,0,-2.740737677,0
82.81364441,0.868097603,1,-24.09702873,1,0.356462568,1,-1.352139354,1,-1.553967357,1,0.574026465,1,0.574862182,0,-0.212376758,0,-2.742645264,0
82.81764984,-37.89701462,1,-11.09048462,1,6.031361103,1,-3.625988722,1,-3.136190891,1,1.687968612,1,0.564471185,0,-0.222925901,0,-2.744067907,0
82.82164764,-10.16778088,1,11.2508831,1,1.253004789,1,-3.19148922,1,-2.461358547,1,2.214840889,1,0.550625026,0,-0.236976236,0,-2.743377209,0
82.82564545,21.56875229,1,3.392214537,1,-4.461236,1,-3.274218082,1,-2.609213591,1,2.325233936,1,0.53714174,0,-0.249941528,0,-2.740603447,0
82.82964325,1.121348619,1,3.085053444,1,-15.08417034,1,-3.541211128,1,-3.42648387,1,2.48830843,1,0.522917509,0,-0.265372008,0,-2.738414049,0
82.83364105,-6.755846024,1,5.259374619,1,-22.57600212,1,-3.207227945,1,-3.118917704,1,2.35916853,1,0.508525252,0,-0.281799138,0,-2.736410379,0
82.83764648,3.149106741,1,1.263213873,1,-26.968853,1,-2.33305335,1,-2.585154772,1,2.136392832,1,0.496958613,0,-0.296031952,0,-2.733838797,0
82.84164429,2.832959414,1,-6.582066059,1,-23.78152466,1,-2.151086569,1,-2.639041901,1,1.859491825,1,0.487390578,0,-0.308937758,0,-2.731640816,0
82.84564209,4.960224628,1,-7.360712051,1,-16.02112198,1,-2.082088709,1,-2.775029421,1,1.728693008,1,0.478500903,0,-0.321798563,0,-2.730242252,0
82.84963989,6.167555809,1,5.412551403,1,-12.5613451,1,-1.511055589,1,-3.276735306,1,2.005507708,1,0.470998704,0,-0.335865319,0,-2.729165077,0
82.85364533,-0.624897897,1,8.635455132,1,-10.95529652,1,-1.419877768,1,-4.028254032,1,2.231651068,1,0.464750886,0,-0.352758914,0,-2.728129625,0
82.85764313,-0.146934167,1,9.12306118,1,-12.7336359,1,-1.136306405,1,-4.571844578,1,2.505804062,1,0.459225565,0,-0.372431338,0,-2.727283478,0
82.86164856,-5.340867043,1,6.966560841,1,-14.72057152,1,-0.907377005,1,-4.878561974,1,2.731508255,1,0.454824537,0,-0.394113004,0,-2.726100445,0
82.86564636,-16.51817131,1,3.446846724,1,-16.54483795,1,-0.946543932,1,-4.859861851,1,2.771278858,1,0.450537801,0,-0.416564763,0,-2.72464323,0
82.86964417,-24.45264816,1,1.231812239,1,-18.84941101,1,-0.986809254,1,-4.358529091,1,2.735887289,1,0.445825487,0,-0.438001186,0,-2.722559929,0
82.8736496,-27.59740639,1,-1.54768765,1,-19.37820244,1,-0.905463219,1,-3.620009422,1,2.608094454,1,0.440695345,0,-0.457052052,0,-2.719414234,0
82.8776474,-31.54442596,1,-3.1132164,1,-17.51650047,1,-0.851918161,1,-2.967676878,1,2.529468775,1,0.435345024,0,-0.47334224,0,-2.715266705,0
82.8816452,-31.31709862,1,-5.592165947,1,-14.60840988,1,-0.794866621,1,-2.213217497,1,2.210196018,1,0.429801583,0,-0.486733884,0,-2.710395813,0
82.88564301,-23.48369789,1,-6.960186481,1,-10.01834011,1,-0.679000676,1,-1.568221331,1,1.823836684,1,0.42462346,0,-0.496924162,0,-2.705619574,0
82.88964844,-13.79339314,1,-6.391070843,1,-6.686819077,1,-0.675483048,1,-1.397562385,1,1.605052948,1,0.419849008,0,-0.504974663,0,-2.701238871,0
82.89364624,-10.73807335,1,-6.463537216,1,-5.504348755,1,-0.857918501,1,-1.470571637,1,1.529153943,1,0.414908588,0,-0.512778401,0,-2.697336197,0
82.89764404,-6.69990778,1,-6.081875324,1,-6.480988979,1,-1.02886796,1,-1.484069109,1,1.363075137,1,0.409432232,0,-0.520486414,0,-2.693947077,0
82.90164948,-5.509047508,1,-6.254755497,1,-7.590583324,1,-1.163871288,1,-1.511344552,1,1.208507895,1,0.403713971,0,-0.528048098,0,-2.691256046,0
82.90564728,-6.03220129,1,-3.83127284,1,-10.20906734,1,-1.225019336,1,-1.410005808,1,1.086942196,1,0.397752345,0,-0.535219371,0,-2.689015865,0
82.90964508,-6.602436066,1,-1.761761904,1,-9.762507439,1,-1.16411531,1,-1.282237768,1,1.066431522,1,0.391874075,0,-0.541852534,0,-2.686855078,0
82.91364288,-10.78183842,1,-0.437935501,1,-10.51666069,1,-1.174224973,1,-0.999331653,1,1.066872478,1,0.385839939,0,-0.547726631,0,-2.684262514,0
82.91764069,-11.5315752,1,0.055217411,1,-9.891916275,1,-1.07921505,1,-0.629038215,1,0.977344334,1,0.379717171,0,-0.552258372,0,-2.681203842,0
82.92164612,-12.54441357,1,-0.922159672,1,-9.739186287,1,-0.982974052,1,-0.388786614,1,0.806732833,1,0.373989105,0,-0.555468738,0,-2.678150654,0
82.92564392,-11.47204399,1,-1.889598966,1,-9.238390923,1,-0.891994536,1,-0.215724155,1,0.586794436,1,0.368898988,0,-0.557580113,0,-2.675594807,0
82.92964172,-8.40887928,1,-3.038098097,1,-9.237942696,1,-0.78540653,1,-0.185880855,1,0.415230304,1,0.364551365,0,-0.559017181,0,-2.673726559,0
82.93363953,-6.403578281,1,-3.140286922,1,-9.764511108,1,-0.716042995,1,-0.186094016,1,0.337056696,1,0.36085248,0,-0.560233355,0,-2.672409058,0
82.93764496,-5.538432121,1,-2.703327656,1,-10.21242428,1,-0.649509251,1,-0.195391119,1,0.333791584,1,0.357503474,0,-0.561410546,0,-2.67125082,0
82.94164276,-5.136665821,1,-2.504066944,1,-10.00990582,1,-0.600841165,1,-0.190405041,1,0.365187019,1,0.354348898,0,-0.562617481,0,-2.670020103,0
82.94564056,-5.850798607,1,-3.105279446,1,-9.551527977,1,-0.574043512,1,-0.183486953,1,0.368195802,1,0.355002761,0,-0.568573117,0,-2.710315943,0
82.949646,-6.075241566,1,-3.255132198,1,-9.019467354,1,-0.533338487,1,-0.173706055,1,0.346503496,1,0.352069378,0,-0.569721162,0,-2.708999634,0
82.9536438,-5.913463116,1,-2.560694218,1,-8.637449265,1,-0.48168844,1,-0.174047515,1,0.310647517,1,0.34940666,0,-0.57082963,0,-2.707824469,0
82.9576416,-4.877379894,1,-2.557218552,1,-8.563220978,1,-0.455967873,1,-0.161045626,1,0.331373245,1,0.346909404,0,-0.571896493,0,-2.706668377,0
82.9616394,-4.186452389,1,-2.773667812,1,-8.651783943,1,-0.427105039,1,-0.147398397,1,0.359390289,1,0.344444573,0,-0.57294476,0,-2.705370188,0
82.96563721,-4.134168625,1,-3.310656548,1,-8.418282509,1,-0.426400483,1,-0.150793478,1,0.375713527,1,0.341967821,0,-0.574009418,0,-2.703949928,0
82.96964264,-4.665953159,1,-3.615050793,1,-8.276595116,1,-0.435208946,1,-0.151853755,1,0.396255046,1,0.339439273,0,-0.575104713,0,-2.702464581,0
82.97364044,-5.234800816,1,-3.161230326,1,-8.336195946,1,-0.425835162,1,-0.136458531,1,0.39473924,1,0.336875141,0,-0.57617408,0,-2.70091033,0
82.97763825,-5.632000446,1,-2.404284,1,-8.783648491,1,-0.413049579,1,-0.120516993,1,0.388049334,1,0.334327519,0,-0.577189505,0,-2.699350357,0
82.98164368,-5.042239189,1,-1.993133068,1,-8.912668228,1,-0.390629172,1,-0.119797073,1,0.374851018,1,0.331882119,0,-0.578128815,0,-2.69780159,0
82.98564911,-4.435305119,1,-2.490155697,1,-8.95843792,1,-0.373964727,1,-0.138351366,1,0.362599105,1,0.329551756,0,-0.579099,0,-2.696333647,0
82.98964691,-4.286211014,1,-3.004285097,1,-9.022966385,1,-0.365776598,1,-0.17017597,1,0.349154413,1,0.327311486,0,-0.580142498,0,-2.694967747,0
82.99364471,-4.333774567,1,-2.898471355,1,-8.861031532,1,-0.355266809,1,-0.197503224,1,0.346995831,1,0.325164318,0,-0.581282437,0,-2.693673611,0
82.99764252,-4.730193615,1,-2.66970396,1,-8.720591545,1,-0.335619688,1,-0.217380121,1,0.347031236,1,0.323079675,0,-0.582515419,0,-2.692406416,0
83.00164032,-4.902952194,1,-2.420673609,1,-8.778604507,1,-0.320832312,1,-0.225548342,1,0.347269058,1,0.321075201,0,-0.583793819,0,-2.69115901,0
83.00564575,-4.941962242,1,-2.319249868,1,-8.703720093,1,-0.31197536,1,-0.228674427,1,0.338983357,1,0.319143623,0,-0.585088253,0,-2.689944983,0
83.00964356,-4.725019455,1,-2.251178503,1,-8.667117119,1,-0.298923939,1,-0.244447321,1,0.324919879,1,0.317286223,0,-0.586405277,0,-2.688785315,0
83.01364136,-4.780528545,1,-2.018445253,1,-8.796648979,1,-0.27893129,1,-0.254211277,1,0.30462727,1,0.315535486,0,-0.587738037,0,-2.687722683,0
83.01763916,-4.847157478,1,-2.010685444,1,-8.734130859,1,-0.265276045,1,-0.263362288,1,0.271097839,1,0.313926637,0,-0.589080095,0,-2.686784267,0
83.02164459,-5.156497478,1,-2.03797102,1,-8.685655594,1,-0.244963005,1,-0.272901982,1,0.236436069,1,0.31248337,0,-0.59041816,0,-2.686017036,0
83.0256424,-4.992053986,1,-2.17804718,1,-8.631990433,1,-0.233594343,1,-0.277331024,1,0.197477311,1,0.311195403,0,-0.591728687,0,-2.685429335,0
83.0296402,-5.117624283,1,-2.173426867,1,-8.71241951,1,-0.228299931,1,-0.287702173,1,0.167945221,1,0.310035855,0,-0.59303093,0,-2.685010195,0
83.033638,-5.02660656,1,-1.895775557,1,-8.626513481,1,-0.212653294,1,-0.289813757,1,0.139685839,1,0.308999777,0,-0.594321251,0,-2.684735537,0
83.0376358,-5.223155975,1,-1.464741468,1,-8.693734169,1,-0.1831505,1,-0.292618573,1,0.115486786,1,0.308110893,0,-0.595598161,0,-2.684571743,0
83.04164124,-5.133609295,1,-0.97364217,1,-8.653580666,1,-0.14691031,1,-0.297933906,1,0.08441814,1,0.307436973,0,-0.596838653,0,-2.684538126,0
83.04563904,-5.116694927,1,-0.640078127,1,-8.784375191,1,-0.094823033,1,-0.301403731,1,0.056481455,1,0.307020873,0,-0.598062277,0,-2.684637785,0
83.04963684,-4.916791916,1,-0.806465924,1,-8.766792297,1,-0.045687705,1,-0.314062387,1,0.037448425,1,0.30688107,0,-0.599278748,0,-2.68489027,0
83.05363464,-4.929625988,1,-1.223227739,1,-8.661556244,1,-0.000691114,1,-0.321464568,1,0.01016652,1,0.306998789,0,-0.600506246,0,-2.685250044,0
83.05764008,-4.671247959,1,-1.532037377,1,-8.58697319,1,0.030727649,1,-0.332595587,1,-0.005837258,1,0.307322919,0,-0.601754904,0,-2.685722351,0
83.06163788,-4.453398228,1,-2.037724972,1,-8.585282326,1,0.061272673,1,-0.343017757,1,-0.005514724,1,0.307802826,0,-0.603041649,0,-2.686240435,0
83.06563568,-4.422206879,1,-2.511111975,1,-8.535089493,1,0.08179681,1,-0.345960975,1,0.007734054,1,0.308376253,0,-0.60435009,0,-2.686748981,0
83.06964111,-4.443789005,1,-3.101997852,1,-8.488693237,1,0.085246883,1,-0.349886566,1,0.029475739,1,0.308964849,0,-0.605704308,0,-2.687192678,0
83.07363892,-4.647688866,1,-3.729138374,1,-8.242337227,1,0.069797859,1,-0.357410103,1,0.063009039,1,0.309453309,0,-0.607114315,0,-2.687498569,0
83.07763672,-4.519652843,1,-4.471289635,1,-8.068473816,1,0.037028454,1,-0.356313288,1,0.112666644,1,0.309751838,0,-0.608584762,0,-2.687625885,0
83.08163452,-4.6279459,1,-4.638542175,1,-7.935434341,1,0.002117851,1,-0.346515477,1,0.154064074,1,0.309774458,0,-0.610094428,0,-2.687526703,0
83.08563232,-4.674746037,1,-4.485136032,1,-7.90003109,1,-0.041661225,1,-0.328718156,1,0.207175836,1,0.309505522,0,-0.611602545,0,-2.687195301,0
83.08963776,-4.964532852,1,-4.148759842,1,-7.76214838,1,-0.076978512,1,-0.309795797,1,0.246243283,1,0.308943003,0,-0.613103151,0,-2.686622858,0
83.09363556,-5.090767384,1,-3.948304176,1,-7.681901455,1,-0.114419155,1,-0.284314007,1,0.270381093,1,0.308119178,0,-0.614548087,0,-2.68585062,0
83.09763336,-4.822764397,1,-3.806316614,1,-7.796951771,1,-0.136277288,1,-0.259510189,1,0.294903159,1,0.307093203,0,-0.615927875,0,-2.684933901,0
83.10163879,-4.553578854,1,-3.508432388,1,-8.11463356,1,-0.150095984,1,-0.253049254,1,0.323820978,1,0.305912316,0,-0.617281199,0,-2.683871984,0
83.10564423,-4.389232635,1,-2.91058588,1,-8.401345253,1,-0.147118017,1,-0.263227791,1,0.344339103,1,0.304624736,0,-0.618659139,0,-2.682685614,0
83.10964203,-4.414120197,1,-2.567384243,1,-8.640351295,1,-0.149675086,1,-0.286372244,1,0.3601951,1,0.303314716,0,-0.620120406,0,-2.681436539,0
83.11363983,-4.634241581,1,-1.702942133,1,-8.674344063,1,-0.11199116,1,-0.304653227,1,0.360663474,1,0.302037716,0,-0.621680677,0,-2.680174112,0
83.11763763,-4.837004662,1,-1.9223423,1,-8.635887146,1,-0.060265474,1,-0.320869833,1,0.365854651,1,0.300979793,0,-0.623306692,0,-2.678927422,0
83.12163544,-4.612066746,1,-2.32511282,1,-8.625885963,1,-0.036709793,1,-0.340094358,1,0.367040068,1,0.300061941,0,-0.624993205,0,-2.67769289,0
83.12564087,-4.685712337,1,-2.615600586,1,-8.636948586,1,-0.016754007,1,-0.368275374,1,0.369389534,1,0.299242616,0,-0.626779735,0,-2.676471949,0
83.12963867,-4.455489159,1,-2.667561531,1,-8.597791672,1,-0.025840739,1,-0.402666062,1,0.368305415,1,0.298449874,0,-0.628689051,0,-2.675275564,0
83.13363648,-4.745891571,1,-2.174096584,1,-8.711871147,1,-0.011077588,1,-0.435353488,1,0.373752058,1,0.297691792,0,-0.630721688,0,-2.674125671,0
83.13764191,-5.043080807,1,-1.890712976,1,-8.552033424,1,0.011632138,1,-0.460789949,1,0.36918956,1,0.297047794,0,-0.632874608,0,-2.673013687,0
83.14163971,-5.031116486,1,-2.233923912,1,-8.785409927,1,0.004218147,1,-0.494301438,1,0.368162096,1,0.296468139,0,-0.635123074,0,-2.671955109,0
83.14563751,-4.856228828,1,-1.778882265,1,-8.577811241,1,-0.008328055,1,-0.52518034,1,0.347774476,1,0.295858264,0,-0.637494266,0,-2.670991659,0
83.14963532,-5.201259613,1,-1.087157488,1,-8.519886017,1,0.034754857,1,-0.545041442,1,0.336961955,1,0.295405805,0,-0.639951706,0,-2.670142889,0
83.15364075,-5.040361404,1,-1.408684134,1,-8.473498344,1,0.082663134,1,-0.556636453,1,0.333257198,1,0.295180917,0,-0.642441511,0,-2.669346809,0
83.15763855,-5.019142628,1,-2.864002705,1,-8.472060204,1,0.036269389,1,-0.582009733,1,0.32347554,1,0.29500109,0,-0.645008564,0,-2.668605804,0
83.16163635,-4.932016373,1,-2.430021048,1,-8.15389061,1,-0.008685295,1,-0.608519912,1,0.30428946,1,0.294651449,0,-0.647651434,0,-2.667982817,0
83.16564179,-5.118768215,1,-1.797516108,1,-8.128092766,1,0.010635757,1,-0.610205829,1,0.299911529,1,0.294309199,0,-0.650346041,0,-2.667429686,0
83.16963959,-5.119841099,1,-1.9277004,1,-8.110702515,1,0.030394116,1,-0.609301388,1,0.299102038,1,0.294056356,0,-0.653027117,0,-2.666868687,0
83.17363739,-5.197608948,1,-2.541476488,1,-7.990531445,1,0.010826372,1,-0.618133903,1,0.294641107,1,0.293826491,0,-0.655729055,0,-2.666333437,0
83.17763519,-5.273444176,1,-2.349055052,1,-7.782625198,1,-0.013991557,1,-0.622661471,1,0.28469345,1,0.293525219,0,-0.658439159,0,-2.665847778,0
83.181633,-5.436598778,1,-2.083744049,1,-7.77620697,1,-0.011215364,1,-0.61660558,1,0.278360367,1,0.293199241,0,-0.661143184,0,-2.665393353,0
83.1856308,-5.396770954,1,-2.057917595,1,-7.770680428,1,-0.002864044,1,-0.609316528,1,0.274895549,1,0.292903185,0,-0.66380769,0,-2.664948702,0
83.18963623,-5.426166534,1,-2.233565331,1,-7.776071072,1,-0.004578353,1,-0.604067028,1,0.264969736,1,0.29262951,0,-0.666446924,0,-2.664525747,0
83.19363403,-5.490930557,1,-2.396975994,1,-7.798594475,1,-0.023605507,1,-0.601398826,1,0.257912219,1,0.276263326,0,-0.630215526,0,-2.71462512,0
83.19763184,-5.431922436,1,-2.378682613,1,-7.82967329,1,-0.043744862,1,-0.599883974,1,0.258293837,1,0.275882959,0,-0.63279897,0,-2.714206696,0
83.20163727,-5.356024265,1,-2.230264187,1,-7.796408653,1,-0.057034716,1,-0.593043745,1,0.254681081,1,0.275414795,0,-0.635381162,0,-2.713780165,0
83.20563507,-5.424508095,1,-2.185107946,1,-7.762503624,1,-0.058131695,1,-0.587968051,1,0.257663995,1,0.274931192,0,-0.637944281,0,-2.713355303,0
83.20963287,-5.473861217,1,-2.312602043,1,-7.75441885,1,-0.053910673,1,-0.582803667,1,0.260511875,1,0.274451852,0,-0.640471816,0,-2.71290946,0
83.21363068,-5.478838444,1,-2.371171713,1,-7.688587666,1,-0.054550149,1,-0.57344842,1,0.259713411,1,0.273953676,0,-0.642978072,0,-2.712438345,0
83.21762848,-5.507448673,1,-2.431978941,1,-7.778884411,1,-0.057817571,1,-0.573552012,1,0.265822113,1,0.273436546,0,-0.645472586,0,-2.711952448,0
83.22163391,-5.418489456,1,-2.34221077,1,-7.754415035,1,-0.056901447,1,-0.56697762,1,0.278271526,1,0.272881031,0,-0.647961676,0,-2.711411953,0
83.22563934,-5.508032322,1,-2.421364784,1,-7.760519028,1,-0.058248349,1,-0.570200264,1,0.28449744,1,0.272289634,0,-0.65045929,0,-2.710825443,0
83.22963715,-5.458410263,1,-2.412170887,1,-7.759374619,1,-0.059403859,1,-0.573631048,1,0.296466589,1,0.271670818,0,-0.652975202,0,-2.710193634,0
83.23363495,-5.522449493,1,-2.405348539,1,-7.905155182,1,-0.070470393,1,-0.580135524,1,0.304451436,1,0.270991415,0,-0.655526578,0,-2.709517002,0
83.23764038,-5.423553467,1,-2.353963852,1,-7.972526073,1,-0.065784097,1,-0.589685857,1,0.311185092,1,0.270291567,0,-0.658102989,0,-2.70881629,0
83.24163818,-5.431936741,1,-2.246248484,1,-7.958578587,1,-0.064464591,1,-0.598137379,1,0.323347807,1,0.269575208,0,-0.660732865,0,-2.708081245,0
83.24563599,-5.535032749,1,-2.182314157,1,-8.032928467,1,-0.059453562,1,-0.613946676,1,0.328950018,1,0.268846959,0,-0.663421631,0,-2.707307577,0
83.24963379,-5.565397263,1,-2.25157547,1,-7.990653992,1,-0.06183511,1,-0.6280846,1,0.345648974,1,0.268092692,0,-0.666171432,0,-2.706492901,0
83.25363159,-5.484636784,1,-2.34013772,1,-7.94411993,1,-0.064950831,1,-0.642551422,1,0.351430476,1,0.267307341,0,-0.668989778,0,-2.705640793,0
83.25763702,-5.469902992,1,-2.344799042,1,-8.01881218,1,-0.063190795,1,-0.662976265,1,0.370072067,1,0.266497076,0,-0.671883821,0,-2.704746008,0
83.26163483,-5.523141861,1,-2.390060425,1,-8.025842667,1,-0.065709941,1,-0.677005053,1,0.379230291,1,0.265652269,0,-0.674861908,0,-2.703799009,0
83.26563263,-5.447995186,1,-2.353736877,1,-8.043920517,1,-0.073206022,1,-0.703447461,1,0.393780053,1,0.264744014,0,-0.677926421,0,-2.702805758,0
83.26963043,-5.579576492,1,-2.331694126,1,-8.087498665,1,-0.078028746,1,-0.726869285,1,0.407230347,1,0.263787746,0,-0.681101978,0,-2.701775551,0
83.27363586,-5.622349262,1,-2.391591311,1,-8.117603302,1,-0.079943888,1,-0.743899524,1,0.421913981,1,0.262789398,0,-0.684371293,0,-2.700699568,0
83.27763367,-5.491928101,1,-2.444318533,1,-8.04763031,1,-0.093546532,1,-0.769040704,1,0.432014763,1,0.261727929,0,-0.687729239,0,-2.699586391,0
83.28163147,-5.546953201,1,-2.290555477,1,-8.124261856,1,-0.098151989,1,-0.792056918,1,0.445313752,1,0.260603368,0,-0.691194296,0,-2.69842577,0
83.2856369,-5.487448692,1,-2.194244146,1,-8.047420502,1,-0.096821062,1,-0.808510959,1,0.456708163,1,0.259451479,0,-0.694753647,0,-2.697234154,0
83.28963471,-5.389725208,1,-2.283256531,1,-7.999652386,1,-0.110588431,1,-0.833035529,1,0.467256904,1,0.258244872,0,-0.698406219,0,-2.695987225,0
83.29363251,-5.601001263,1,-2.233439922,1,-8.042982101,1,-0.124460056,1,-0.864870071,1,0.468392134,1,0.256983817,0,-0.702164531,0,-2.694753885,0
83.29763031,-5.54994297,1,-2.079961538,1,-8.05129528,1,-0.140423596,1,-0.880731106,1,0.48063758,1,0.25563544,0,-0.706013799,0,-2.693499327,0
83.30162811,-5.575550079,1,-1.902932882,1,-8.138046265,1,-0.153379321,1,-0.908284068,1,0.483160615,1,0.254238784,0,-0.709965885,0,-2.692256212,0
83.30563355,-5.529267788,1,-1.923304439,1,-8.267133713,1,-0.157822222,1,-0.936416507,1,0.478147537,1,0.252806872,0,-0.714012086,0,-2.691028357,0
83.30963135,-6.543984413,1,-2.854509592,1,-9.050092697,1,-0.237152562,1,-0.823307991,1,0.442157239,1,0.251298845,0,-0.718027115,0,-2.689842224,0
83.31362915,-3.26714325,1,1.172899604,1,-8.661971092,1,0.008022028,1,-1.175455689,1,0.440222532,1,0.250138462,0,-0.722062111,0,-2.688841105,0
83.31762695,-7.626599312,1,-1.001201868,1,-9.419404984,1,-0.045642685,1,-0.979559362,1,0.475862265,1,0.249413043,0,-0.726688087,0,-2.687836885,0
83.32163239,-4.199531078,1,-5.392721653,1,-6.885703564,1,-0.174193352,1,-1.144765019,1,0.432441354,1,0.248352855,0,-0.731256127,0,-2.686892271,0
83.32563019,-5.969228745,1,-3.842633247,1,-9.612772942,1,-0.248798117,1,-1.183146358,1,0.455267191,1,0.246981889,0,-0.736218333,0,-2.686171055,0
83.32962799,-4.683895588,1,-1.496346831,1,-8.566409111,1,-0.219909832,1,-1.225818634,1,0.537076235,1,0.245341599,0,-0.74136591,0,-2.685132504,0
83.33363342,-5.486167908,1,-3.047415495,1,-8.635775566,1,-0.194222301,1,-1.292438865,1,0.564336419,1,0.243664473,0,-0.746793211,0,-2.683858633,0
83.33763123,-5.93280077,1,-3.635392666,1,-8.694677353,1,-0.252438337,1,-1.350793004,1,0.580283403,1,0.241905123,0,-0.752462506,0,-2.682568789,0
83.34162903,-5.40089798,1,-3.160013199,1,-8.795589447,1,-0.313549489,1,-1.414048791,1,0.62173748,1,0.239815176,0,-0.758415043,0,-2.681169271,0
83.34563446,-5.35923624,1,-3.087584734,1,-8.871099472,1,-0.352341771,1,-1.490651369,1,0.662886143,1,0.237398252,0,-0.764654636,0,-2.67960763,0
83.34963989,-5.31354475,1,-2.850758314,1,-8.925940514,1,-0.376556635,1,-1.57349968,1,0.697874904,1,0.234756649,0,-0.77124083,0,-2.677911758,0
83.3536377,-5.647881985,1,-2.925736666,1,-8.917333603,1,-0.406200826,1,-1.65454936,1,0.73709321,1,0.231924042,0,-0.778180957,0,-2.676087856,0
83.35764313,-5.507639885,1,-3.112772942,1,-8.932868958,1,-0.440606117,1,-1.726310492,1,0.779734015,1,0.228820667,0,-0.785449862,0,-2.674101591,0
83.36164093,-5.267939091,1,-3.010455132,1,-9.082957268,1,-0.482399434,1,-1.819355249,1,0.82232374,1,0.225442216,0,-0.793076038,0,-2.67193675,0
83.36563873,-5.29201746,1,-2.862366676,1,-9.154557228,1,-0.511983991,1,-1.931414247,1,0.870010316,1,0.221769184,0,-0.80114615,0,-2.669588804,0
83.36963654,-5.440805435,1,-2.676062107,1,-9.297915459,1,-0.527594149,1,-2.034902573,1,0.916433334,1,0.217842862,0,-0.809660316,0,-2.667037725,0
83.37363434,-5.220473766,1,-2.676900148,1,-9.435129166,1,-0.534445882,1,-2.141780138,1,0.968874574,1,0.213731945,0,-0.818615794,0,-2.664304972,0
83.37763977,-5.173101425,1,-2.834262609,1,-9.565357208,1,-0.543768108,1,-2.268758297,1,1.018918395,1,0.209377289,0,-0.828080416,0,-2.661308289,0
83.38163757,-5.046030045,1,-2.904095888,1,-9.673858643,1,-0.552022219,1,-2.404624224,1,1.075222135,1,0.204784483,0,-0.838095427,0,-2.658083916,0
83.38563538,-5.031186104,1,-2.996936321,1,-10.05114651,1,-0.560383916,1,-2.558189869,1,1.137672067,1,0.199926138,0,-0.848702192,0,-2.654563189,0
83.38963318,-4.797235489,1,-3.30295682,1,-10.46720028,1,-0.573072851,1,-2.714256763,1,1.190417409,1,0.194791526,0,-0.859958351,0,-2.650752068,0
83.39364624,-4.542420387,1,-3.313987732,1,-10.73825169,1,-0.578371763,1,-2.916346312,1,1.288848877,1,0.189306661,0,-0.871952415,0,-2.646555185,0
83.39763641,-4.565173626,1,-3.857634544,1,-11.30672169,1,-0.613002419,1,-3.122755766,1,1.363811135,1,0.183344856,0,-0.88480103,0,-2.641901016,0
83.40163422,-4.588745594,1,-4.416520596,1,-11.60417271,1,-0.663591385,1,-3.353943586,1,1.481204867,1,0.176753342,0,-0.898556352,0,-2.636700869,0
83.40564728,-5.40652895,1,-5.29928112,1,-12.10307121,1,-0.738806069,1,-3.57503891,1,1.610801935,1,0.169238016,0,-0.913274348,0,-2.630705357,0
83.40964508,-5.309392452,1,-6.031674385,1,-12.1830864,1,-0.79848814,1,-3.790875912,1,1.744890094,1,0.160638243,0,-0.92889452,0,-2.623769999,0
83.41364288,-4.83976984,1,-6.911619663,1,-12.20003605,1,-0.86903882,1,-4.050706387,1,1.912169576,1,0.150794715,0,-0.94551003,0,-2.615694284,0
83.41763306,-4.671369076,1,-8.267505646,1,-12.20815945,1,-0.951670706,1,-4.30914402,1,2.117714882,1,0.13931331,0,-0.963218629,0,-2.60607481,0
83.42163086,-4.799146652,1,-9.288115501,1,-12.19839096,1,-1.056303501,1,-4.581201077,1,2.352756739,1,0.125761688,0,-0.982021093,0,-2.594527721,0
83.42564392,-5.098421097,1,-10.16255856,1,-12.68723488,1,-1.173587203,1,-4.837674618,1,2.593767643,1,0.109669469,0,-1.001899242,0,-2.580619574,0
83.42964172,-6.765098572,1,-10.53861237,1,-13.21589756,1,-1.325954914,1,-5.063203335,1,2.857117653,1,0.09050817,0,-1.022698879,0,-2.563902378,0
83.43363953,-8.866242409,1,-11.35137177,1,-13.74347496,1,-1.536085129,1,-5.191587925,1,3.098946095,1,0.067557566,0,-1.04411459,0,-2.543832064,0
83.43763733,-9.418375969,1,-12.41294384,1,-13.4104414,1,-1.818651319,1,-5.291590214,1,3.327506065,1,0.040247276,0,-1.065726519,0,-2.520131111,0
83.44164276,-8.342068672,1,-12.96926498,1,-13.24254799,1,-2.190935135,1,-5.434522152,1,3.617609024,1,0.007430875,0,-1.087522149,0,-2.491945744,0
83.44564056,-9.594875336,1,-12.31248951,1,-14.07679844,1,-2.517782211,1,-5.54536438,1,3.888930082,1,-0.032568138,0,-1.110963702,0,-2.487367153,0
83.44963837,-15.3598423,1,-11.06294727,1,-16.21699142,1,-2.716813564,1,-5.503429413,1,4.02899456,1,-0.078508139,0,-1.132232904,0,-2.448031187,0
83.4536438,-15.81760979,1,-9.374344826,1,-15.85456085,1,-2.837465286,1,-5.28672266,1,4.164557457,1,-0.130124792,0,-1.151956677,0,-2.40350461,0
83.4576416,-11.7630291,1,-9.0300951,1,-14.92727375,1,-2.984540939,1,-5.28318119,1,4.359830856,1,-0.18817845,0,-1.170095921,0,-2.352903366,0
83.4616394,-12.05335617,1,-8.690423965,1,-15.16088772,1,-3.139994144,1,-5.407824516,1,4.474614143,1,-0.253536701,0,-1.187078118,0,-2.295421839,0
83.46564484,-16.48852348,1,-7.250172138,1,-15.73831844,1,-3.230604887,1,-5.399155617,1,4.423865795,1,-0.325312853,0,-1.202793121,0,-2.231986523,0
83.46965027,-17.01856232,1,-5.770650387,1,-15.31817245,1,-3.195612669,1,-5.307008266,1,4.288313389,1,-0.401533842,0,-1.21660471,0,-2.164291143,0
83.47364807,-18.8641777,1,-6.064403534,1,-14.17122173,1,-2.995820045,1,-5.271344662,1,4.107516766,1,-0.480528116,0,-1.228528976,0,-2.093412638,0
83.4776535,-21.66613579,1,-5.565215111,1,-15.27807999,1,-2.863823414,1,-5.12451458,1,4.046041012,1,-0.562194049,0,-1.238513947,0,-2.019285917,0
83.48165131,-20.91589165,1,-6.816667557,1,-13.88669109,1,-2.721018553,1,-4.867971897,1,3.979277611,1,-0.645384431,0,-1.24583149,0,-1.943214059,0
83.48564911,-18.24793243,1,-8.320732117,1,-12.20173645,1,-2.66015029,1,-4.730339527,1,3.972953558,1,-0.7292068,0,-1.250577807,0,-1.866110921,0
83.48964691,-17.90305328,1,-7.963337421,1,-12.13312912,1,-2.746029377,1,-4.591615677,1,3.894480228,1,-0.813737869,0,-1.252936125,0,-1.788499951,0
83.49364471,-16.89195061,1,-8.35932827,1,-10.41565418,1,-2.758165836,1,-4.352550983,1,3.829826355,1,-0.896572471,0,-1.253103256,0,-1.712875962,0
83.49765015,-12.30998802,1,-8.491695404,1,-9.146596909,1,-2.934434175,1,-4.077124119,1,3.838339567,1,-0.976557434,0,-1.250677466,0,-1.640563965,0
83.50164795,-8.604807854,1,-8.179493904,1,-8.065132141,1,-3.204708815,1,-3.846561432,1,3.745630026,1,-1.053201795,0,-1.246188641,0,-1.57269752,0
83.50564575,-8.101102829,1,-7.635186195,1,-6.646746159,1,-3.520205736,1,-3.576592922,1,3.671625376,1,-1.125386834,0,-1.239875793,0,-1.510651588,0
83.50964356,-10.07820415,1,-6.359325886,1,-7.797175884,1,-3.723709583,1,-3.398584127,1,3.508775711,1,-1.19332993,0,-1.232267737,0,-1.454130054,0
83.51364899,-10.35445213,1,-5.111255646,1,-10.26373386,1,-3.718780279,1,-3.017943621,1,3.081990242,1,-1.254919529,0,-1.224155664,0,-1.40461266,0
83.51764679,-13.87549877,1,-3.353980064,1,-11.04439354,1,-3.468112469,1,-2.753002644,1,2.535136223,1,-1.308241487,0,-1.216663241,0,-1.36321938,0
83.52164459,-24.16690254,1,0.610588968,1,-13.48702812,1,-2.804949045,1,-2.388753891,1,1.937321424,1,-1.353478432,0,-1.210444927,0,-1.328445911,0
83.52565002,-28.64544106,1,0.84367162,1,-15.60435867,1,-2.13125515,1,-1.639335871,1,1.463536024,1,-1.387879372,0,-1.205444336,0,-1.302091122,0
83.52964783,-17.90220642,1,-3.012231112,1,-15.10157013,1,-1.814793587,1,-0.887685657,1,1.157222629,1,-1.410843372,0,-1.201154947,0,-1.285881758,0
83.53364563,-9.042915344,1,-6.650143147,1,-12.45516968,1,-1.57708025,1,-0.408284843,1,0.788906217,1,-1.425569892,0,-1.197661638,0,-1.277364254,0
83.53764343,-5.937826633,1,-8.346039772,1,-10.31888962,1,-1.321789861,1,-0.129029348,1,0.455638438,1,-1.434835196,0,-1.195367217,0,-1.273634911,0
83.54164124,-6.349115372,1,-8.26586628,1,-9.895124435,1,-1.185728192,1,0.08869914,1,0.232064813,1,-1.44045186,0,-1.19403851,0,-1.272940159,0
83.54563904,-6.975543022,1,-7.799376011,1,-10.24028015,1,-1.18441987,1,0.308721483,1,0.111127205,1,-1.443401933,0,-1.193279028,0,-1.274827719,0
83.54964447,-5.599383831,1,-7.85103941,1,-9.769538879,1,-1.269452929,1,0.518451571,1,0.039793536,1,-1.44421339,0,-1.192777395,0,-1.279221654,0
83.55364227,-3.320899487,1,-7.800610065,1,-8.704156876,1,-1.352652907,1,0.652233243,1,-0.034198731,1,-1.443583488,0,-1.192459941,0,-1.285556078,0
83.55764008,-1.850748658,1,-7.577953815,1,-7.696794987,1,-1.379217386,1,0.734255314,1,-0.100427359,1,-1.442019105,0,-1.192370415,0,-1.293123484,0
83.56164551,-0.93152833,1,-7.212873936,1,-7.047375679,1,-1.39930594,1,0.81823653,1,-0.147943437,1,-1.439624071,0,-1.192459106,0,-1.301671386,0
83.56564331,-0.21378547,1,-6.70809412,1,-6.708556652,1,-1.421637177,1,0.890497863,1,-0.180916369,1,-1.436510801,0,-1.192661047,0,-1.311095715,0
83.56964111,0.15386194,1,-6.22380352,1,-6.557483196,1,-1.433718443,1,0.957427263,1,-0.209034473,1,-1.432709813,0,-1.192933679,0,-1.321323752,0
83.57363892,0.274152249,1,-5.757069111,1,-6.397266388,1,-1.416940928,1,1.020449638,1,-0.246459678,1,-1.428241968,0,-1.193272591,0,-1.332273006,0
83.57763672,0.224211723,1,-5.499385357,1,-6.270961285,1,-1.382762432,1,1.084389329,1,-0.29128781,1,-1.422950268,0,-1.193722248,0,-1.343994498,0
83.58164215,0.335698277,1,-5.253890514,1,-6.106647491,1,-1.31813705,1,1.163360953,1,-0.345277488,1,-1.416632652,0,-1.194308758,0,-1.356608033,0
83.58564758,0.487279445,1,-5.044499874,1,-5.888627529,1,-1.256437182,1,1.24152863,1,-0.401323766,1,-1.409172416,0,-1.195034981,0,-1.370165467,0
83.58965302,0.525531471,1,-4.857326508,1,-5.822662354,1,-1.178065538,1,1.340094805,1,-0.467317641,1,-1.400409818,0,-1.195893764,0,-1.384822488,0
83.59365082,0.290934026,1,-4.830113888,1,-5.755929947,1,-1.110508561,1,1.447890043,1,-0.537119806,1,-1.390176654,0,-1.196893334,0,-1.400738835,0
83.59764862,0.107867166,1,-5.003820419,1,-5.699243069,1,-1.04268384,1,1.568816423,1,-0.607422233,1,-1.378252029,0,-1.198027015,0,-1.418170333,0
83.60164642,-0.051868267,1,-5.124230862,1,-5.65804863,1,-0.984707832,1,1.702294588,1,-0.687138438,1,-1.364586115,0,-1.199266672,0,-1.437187672,0
83.60565186,-0.229192421,1,-5.254630089,1,-5.551328182,1,-0.938138902,1,1.846161842,1,-0.765910745,1,-1.349027514,0,-1.200600743,0,-1.458002448,0
83.60964966,-0.331551522,1,-5.35022831,1,-5.505369186,1,-0.896416068,1,1.995607615,1,-0.84614563,1,-1.331493258,0,-1.201975942,0,-1.480735779,0
83.61364746,-0.584673584,1,-5.385745049,1,-5.492584229,1,-0.858247221,1,2.149629831,1,-0.926470637,1,-1.311937928,0,-1.203361273,0,-1.505460739,0
83.61764526,-0.728538632,1,-5.250518799,1,-5.463862419,1,-0.816720784,1,2.306459904,1,-1.010932207,1,-1.290226579,0,-1.204724312,0,-1.532307506,0
83.6216507,-0.956585467,1,-5.181453228,1,-5.444924831,1,-0.765161097,1,2.468814611,1,-1.110954523,1,-1.266277552,0,-1.206037045,0,-1.56133759,0
83.6256485,-1.093259096,1,-5.00671339,1,-5.414891243,1,-0.707680345,1,2.62864542,1,-1.214565039,1,-1.240000963,0,-1.207268596,0,-1.592614055,0
83.6296463,-1.151192307,1,-4.857002258,1,-5.4390378,1,-0.646725833,1,2.786496878,1,-1.324897766,1,-1.211353779,0,-1.208387494,0,-1.626162052,0
83.63365173,-1.296288133,1,-4.703373432,1,-5.381855488,1,-0.57506752,1,2.931654215,1,-1.4402529,1,-1.180376291,0,-1.209339619,0,-1.661900043,0
83.63764954,-1.234022975,1,-4.658782959,1,-5.400869846,1,-0.501797915,1,3.073077917,1,-1.550018191,1,-1.147042394,0,-1.2100811,0,-1.699831247,0
83.64164734,-1.335810304,1,-4.563410759,1,-5.376597881,1,-0.421654761,1,3.203599691,1,-1.665561676,1,-1.111473441,0,-1.210531235,0,-1.739816546,0
83.64564514,-1.498196483,1,-4.541499138,1,-5.370283127,1,-0.343213856,1,3.337146759,1,-1.775788546,1,-1.07378006,0,-1.210626841,0,-1.781735301,0
83.64964294,-1.623620391,1,-4.536705971,1,-5.407432556,1,-0.270249784,1,3.445793629,1,-1.892027617,1,-1.034089923,0,-1.210300446,0,-1.825465798,0
83.65364838,-1.865463734,1,-4.559638023,1,-5.395620346,1,-0.211348206,1,3.564976454,1,-1.999900579,1,-0.992603421,0,-1.209492087,0,-1.870836496,0
83.65764618,-2.166234493,1,-4.665913105,1,-5.415476799,1,-0.142683327,1,3.676384211,1,-2.105424166,1,-0.949474335,0,-1.208105564,0,-1.9177109,0
83.66164398,-2.473620415,1,-4.627045155,1,-5.419756413,1,-0.092649169,1,3.790378094,1,-2.209486723,1,-0.904964149,0,-1.2060467,0,-1.965842962,0
83.66564179,-2.726770401,1,-4.615728378,1,-5.452409744,1,-0.052494735,1,3.90042305,1,-2.300727367,1,-0.859296799,0,-1.203240514,0,-2.015064955,0
83.66964722,-2.982448101,1,-4.599587917,1,-5.454274178,1,-0.006683526,1,4.008728981,1,-2.40207696,1,-0.812806666,0,-1.199623585,0,-2.065044641,0
83.67364502,-3.223114014,1,-4.609685421,1,-5.493312359,1,0.034266673,1,4.113634109,1,-2.486522198,1,-0.765747547,0,-1.19512105,0,-2.11552906,0
83.67764282,-3.662019491,1,-4.550256729,1,-5.628097534,1,0.079120532,1,4.224021912,1,-2.563062429,1,-0.718462408,0,-1.18964994,0,-2.166174412,0
83.68164825,-4.067080021,1,-4.400370121,1,-5.768185616,1,0.13452208,1,4.344762802,1,-2.637980938,1,-0.671149731,0,-1.183147192,0,-2.216743708,0
83.68564606,-4.451394081,1,-4.299076557,1,-5.910059929,1,0.193289816,1,4.467126369,1,-2.712521791,1,-0.624093831,0,-1.175552964,0,-2.266940355,0
83.68964386,-4.800958157,1,-4.094676971,1,-6.021701813,1,0.265201598,1,4.590672016,1,-2.78254652,1,-0.577471733,0,-1.166816473,0,-2.316554308,0
83.69364166,-5.205457687,1,-3.943338394,1,-6.146678448,1,0.342500687,1,4.722931385,1,-2.851890087,1,-0.533506274,0,-1.158483505,0,-2.360943317,0
83.69763947,-5.511022091,1,-3.796922445,1,-6.230865955,1,0.424941242,1,4.843481064,1,-2.923763037,1,-0.488205731,0,-1.14745152,0,-2.408836842,0
83.7016449,-5.618737698,1,-3.776943207,1,-6.380606174,1,0.511549234,1,4.965199471,1,-2.986738205,1,-0.444013983,0,-1.135238647,0,-2.455379248,0
83.70565033,-5.735267639,1,-3.74167347,1,-6.44464016,1,0.59903717,1,5.074320793,1,-3.045124769,1,-0.401143074,0,-1.121878505,0,-2.500350714,0
83.70965576,-5.73790884,1,-3.709245205,1,-6.55602932,1,0.685065091,1,5.164141178,1,-3.094497919,1,-0.359828711,0,-1.107422352,0,-2.543503046,0
83.71365356,-5.788090229,1,-3.713582277,1,-6.611485004,1,0.771465898,1,5.248329639,1,-3.126502514,1,-0.320240676,0,-1.091935158,0,-2.584667206,0
83.71765137,-5.789228439,1,-3.707086325,1,-6.650305271,1,0.848810136,1,5.315046787,1,-3.158200741,1,-0.282485127,0,-1.075489759,0,-2.623717308,0
83.72164917,-5.840700626,1,-3.717713118,1,-6.671220779,1,0.935725093,1,5.368965149,1,-3.173480272,1,-0.246607766,0,-1.058173895,0,-2.660595655,0
83.7256546,-5.89160347,1,-3.706268311,1,-6.790598869,1,1.023899913,1,5.41079092,1,-3.178178549,1,-0.212620497,0,-1.040060997,0,-2.695277929,0
83.72965241,-6.065209389,1,-3.747945786,1,-6.863888264,1,1.110509992,1,5.446153164,1,-3.178202391,1,-0.180502146,0,-1.021258831,0,-2.727751017,0
83.73365021,-6.273588181,1,-3.751317739,1,-6.972058773,1,1.20316112,1,5.465867996,1,-3.158939838,1,-0.15016982,0,-1.001823187,0,-2.758081436,0
83.73764801,-6.541191101,1,-3.771159649,1,-7.155258179,1,1.30583334,1,5.488813877,1,-3.13917017,1,-0.121499695,0,-0.981819868,0,-2.786332846,0
83.74165344,-6.945399761,1,-3.835078716,1,-7.328050137,1,1.408182621,1,5.509016514,1,-3.111726761,1,-0.094395265,0,-0.961299121,0,-2.81257844,0
83.74565125,-7.333302975,1,-3.870441675,1,-7.577812195,1,1.522019029,1,5.529648781,1,-3.082686663,1,-0.068698615,0,-0.940303147,0,-2.83693862,0
83.74964905,-7.653042316,1,-3.990973234,1,-7.761444092,1,1.641652226,1,5.544642448,1,-3.068925381,1,-0.044233102,0,-0.918877363,0,-2.85956192,0
83.75365448,-7.9567976,1,-4.181804657,1,-7.959547043,1,1.761186719,1,5.564743042,1,-3.043104649,1,-0.020845065,0,-0.897063792,0,-2.880594015,0
83.75765228,-8.330098152,1,-4.512292385,1,-8.188552856,1,1.868969202,1,5.569271564,1,-3.031391859,1,0.001553185,0,-0.874907911,0,-2.90013504,0
83.76165009,-8.638114929,1,-4.761247158,1,-8.412784576,1,1.97187984,1,5.574913502,1,-3.021972179,1,0.023086164,0,-0.852464437,0,-2.918341875,0
83.76564789,-9.008011818,1,-5.073730946,1,-8.695181847,1,2.072057724,1,5.563881397,1,-3.027523756,1,0.043858662,0,-0.829788327,0,-2.935352564,0
83.76964569,-9.579338074,1,-5.428314209,1,-8.940345764,1,2.159271955,1,5.555193424,1,-3.045987844,1,0.063995719,0,-0.806926131,0,-2.951333046,0
83.77365112,-10.17704868,1,-5.939840317,1,-9.191182137,1,2.250555277,1,5.556980133,1,-3.073123455,1,0.083597898,0,-0.783867836,0,-2.966418743,0
83.77764893,-10.88182926,1,-6.406268597,1,-9.448076248,1,2.333654881,1,5.549528122,1,-3.127524614,1,0.102790244,0,-0.760604262,0,-2.980780363,0
83.78164673,-11.57941628,1,-6.908281803,1,-9.820397377,1,2.399029732,1,5.532369137,1,-3.193415165,1,0.121626064,0,-0.737163305,0,-2.994528294,0
83.78564453,-12.29396439,1,-7.431927204,1,-10.13553238,1,2.451456547,1,5.5027318,1,-3.27499342,1,0.14015083,0,-0.71359098,0,-3.007813215,0
83.78964996,-13.08388233,1,-8.081939697,1,-10.49747372,1,2.472922564,1,5.452588558,1,-3.378854275,1,0.158370137,0,-0.68995434,0,-3.020769596,0
83.79364777,-13.93811703,1,-8.76245594,1,-10.94963264,1,2.474303961,1,5.382049561,1,-3.501239061,1,0.176280424,0,-0.666293502,0,-3.033543587,0
83.79764557,-14.82921505,1,-9.311807632,1,-11.43620491,1,2.451608419,1,5.293751717,1,-3.642469883,1,0.193887368,0,-0.642672002,0,-3.046276331,0
83.801651,-15.90718842,1,-9.695307732,1,-11.91739941,1,2.409034491,1,5.182821274,1,-3.810531855,1,0.211193129,0,-0.619140267,0,-3.0591259,0
83.8056488,-17.49101448,1,-9.815415382,1,-12.22586346,1,2.364685297,1,5.061453819,1,-3.99925971,1,0.228224695,0,-0.595737875,0,-3.072238445,0
83.80964661,-19.30805588,1,-9.607028961,1,-12.30835438,1,2.32890892,1,4.935788155,1,-4.214227676,1,0.245049477,0,-0.572451115,0,-3.085752249,0
83.81364441,-21.30698776,1,-8.882489204,1,-12.17422867,1,2.322913647,1,4.809273243,1,-4.44810009,1,0.261812389,0,-0.549244761,0,-3.099778891,0
83.81764221,-22.8153019,1,-6.761173248,1,-11.87450504,1,2.354415417,1,4.672167778,1,-4.742312431,1,0.278676271,0,-0.526061296,0,-3.114483833,0
83.82164764,-23.5941658,1,-3.979445219,1,-12.13131905,1,2.429789543,1,4.485844135,1,-5.101752758,1,0.295963317,0,-0.502906859,0,-3.130204439,0
83.82565308,-25.411726,1,-5.166059494,1,-11.96131802,1,2.482088089,1,4.313640118,1,-5.438847542,1,0.313740462,0,-0.479798466,0,3.136146545,0
83.82965851,-27.2137928,1,-4.770711422,1,-11.24201488,1,2.509329796,1,4.13923502,1,-5.72513628,1,0.331734776,0,-0.45667702,0,3.118412018,0
83.83365631,-28.38956833,1,-2.501219034,1,-11.29210949,1,2.538372993,1,3.894614697,1,-5.957113743,1,0.349773943,0,-0.433703184,0,3.099955797,0
83.83765411,-29.43845367,1,-0.429530829,1,-10.81217003,1,2.602300644,1,3.643614054,1,-6.1386199,1,0.367841154,0,-0.411096632,0,3.080916882,0
83.84165192,-30.94353867,1,1.274800181,1,-9.373318672,1,2.700556278,1,3.436598539,1,-6.279530048,1,0.386006773,0,-0.388787776,0,3.061480045,0
83.84565735,-32.27260971,1,2.381044388,1,-7.68145752,1,2.795401573,1,3.246412277,1,-6.357806206,1,0.404230535,0,-0.366723567,0,3.041902542,0
83.84965515,-32.83133316,1,3.084397316,1,-6.101822376,1,2.810198069,1,3.056988955,1,-6.378612518,1,0.422253132,0,-0.344936788,0,3.022390604,0
83.85365295,-32.78748703,1,3.816529512,1,-4.35940218,1,2.741128445,1,2.850016356,1,-6.324532032,1,0.439680338,0,-0.323575318,0,3.003144503,0
83.85765076,-32.56262207,1,4.817509651,1,-2.610721588,1,2.619649172,1,2.620823145,1,-6.165197849,1,0.456166565,0,-0.302875936,0,2.984446287,0
83.86165619,-32.25471878,1,6.636625767,1,-1.066809177,1,2.540103674,1,2.38493681,1,-5.920509338,1,0.471628666,0,-0.283096462,0,2.966537476,0
83.86565399,-31.57372665,1,9.077371597,1,0.412443042,1,2.54918766,1,2.121669769,1,-5.596746922,1,0.486362606,0,-0.264463305,0,2.949605465,0
83.86965179,-31.61478233,1,11.8133955,1,1.369135499,1,2.666547775,1,1.839718461,1,-5.222758293,1,0.500784993,0,-0.247241989,0,2.933777332,0
83.87365723,-31.82362938,1,14.06434917,1,2.332886219,1,2.844143867,1,1.560007095,1,-4.803977966,1,0.515264153,0,-0.23155041,0,2.919145584,0
83.87765503,-32.17073441,1,15.81825066,1,3.459463835,1,3.021178722,1,1.257300615,1,-4.386519909,1,0.530002117,0,-0.217503637,0,2.905683756,0
83.88165283,-32.10081863,1,16.15692902,1,4.59523201,1,3.132051945,1,0.957050681,1,-3.946149588,1,0.544926643,0,-0.205154672,0,2.893353939,0
83.88565064,-31.81436539,1,15.72063637,1,5.548283577,1,3.136239767,1,0.654078305,1,-3.487488508,1,0.559708595,0,-0.194613814,0,2.882151842,0
83.88964844,-31.22781944,1,14.9731226,1,6.128077984,1,3.02866745,1,0.35631752,1,-3.008414745,1,0.573969901,0,-0.185924143,0,2.872087479,0
83.89365387,-30.41492462,1,13.72332382,1,6.276880264,1,2.806794882,1,0.090296887,1,-2.498754978,1,0.587268353,0,-0.179132178,0,2.863203287,0
83.89765167,-30.03288651,1,12.37169647,1,6.116029739,1,2.476498127,1,-0.138936058,1,-1.959035754,1,0.599181592,0,-0.174236953,0,2.855630398,0
83.90164948,-29.81487846,1,10.52762508,1,5.767427921,1,2.049662352,1,-0.299542636,1,-1.391526818,1,0.609308839,0,-0.171156704,0,2.849511147,0
83.90564728,-13.77108288,1,-7.572349548,1,-1.111967444,1,0.79559499,1,-0.669517994,1,-0.645461142,1,0.616386116,0,-0.170217484,0,2.845010519,0
83.90966034,-29.77173233,1,-9.190617561,1,8.208122253,1,-1.513399363,1,-1.892417789,1,0.508449733,1,0.615245938,0,-0.173983887,0,2.841780424,0
83.91365051,-43.72441483,1,-0.42029649,1,10.7530489,1,-3.100984335,1,-2.329866648,1,1.417880297,1,0.6062482,0,-0.183487415,0,2.840007067,0
83.91764832,-22.4710331,1,4.708638191,1,12.84069252,1,-4.125313282,1,-2.420923233,1,2.080831766,1,0.591357827,0,-0.19520475,0,2.840452194,0
83.92164612,6.163375854,1,16.00584412,1,6.360530376,1,-3.535334349,1,-2.602996826,1,2.82355094,1,0.575381756,0,-0.209026307,0,2.843182325,0
83.92565918,6.455927849,1,11.95269203,1,-4.18742609,1,-3.757825613,1,-3.00957799,1,3.265756607,1,0.559986234,0,-0.225062624,0,2.847608089,0
83.92965698,-11.34898281,1,12.23297977,1,-19.20776367,1,-3.630068302,1,-3.140871525,1,3.392929077,1,0.543791115,0,-0.242694438,0,2.852664232,0
83.93364716,-6.801316261,1,4.171516418,1,-29.38281631,1,-2.778462172,1,-2.637450695,1,3.0483253,1,0.529620528,0,-0.259311259,0,2.858019114,0
83.93764496,-0.064288765,1,-11.14344215,1,-31.104105,1,-2.50091958,1,-2.293518543,1,2.644701719,1,0.517920792,0,-0.273450613,0,2.863166571,0
83.94165802,2.474385977,1,-14.10750961,1,-25.69178009,1,-2.393262148,1,-2.127067804,1,2.375291348,1,0.506742179,0,-0.286019385,0,2.867762566,0
83.94566345,2.653543234,1,-8.587331772,1,-17.84023666,1,-1.878134847,1,-2.200833082,1,2.344491243,1,0.505731821,0,-0.303586245,0,2.896596193,0
83.94966888,-4.309475422,1,-3.588045597,1,-13.94926929,1,-1.966381669,1,-2.77398324,1,2.274467707,1,0.496974498,0,-0.316672027,0,2.900066137,0
83.95366669,-2.048895836,1,3.377540588,1,-11.06593037,1,-1.895785689,1,-3.166412115,1,2.456695557,1,0.488362134,0,-0.331598878,0,2.902889729,0
83.95766449,-2.704286098,1,4.774157047,1,-10.43265724,1,-1.82040751,1,-3.703515053,1,2.716660976,1,0.479965627,0,-0.348575532,0,2.905793905,0
83.96166229,-7.288097858,1,2.80947423,1,-13.15087318,1,-1.802154779,1,-4.037159443,1,2.80040288,1,0.471667588,0,-0.367496967,0,2.908699512,0
83.96566773,-16.05071068,1,1.37481916,1,-14.98978138,1,-1.912170053,1,-4.049206734,1,2.749241114,1,0.463181138,0,-0.387062609,0,2.911502361,0
83.96966553,-24.10634804,1,-0.064047568,1,-17.87075043,1,-1.867818236,1,-3.64651227,1,2.493343592,1,0.454498768,0,-0.405555755,0,2.914309502,0
83.97366333,-30.89956474,1,-0.7412166,1,-18.09756851,1,-1.733602762,1,-3.076674223,1,2.168171167,1,0.446199059,0,-0.421725273,0,2.917083263,0
83.97766113,-28.81964493,1,-2.277953863,1,-16.90632439,1,-1.529315472,1,-2.429030657,1,1.696679711,1,0.438592017,0,-0.435011059,0,2.919587612,0
83.98166657,-22.17583466,1,-1.070706487,1,-13.11020565,1,-1.267388105,1,-1.918778062,1,1.38493979,1,0.432134509,0,-0.445430279,0,2.921697855,0
83.98566437,-12.07970428,1,0.365114152,1,-10.26978874,1,-1.072930813,1,-1.726093173,1,1.166634083,1,0.426692218,0,-0.454099119,0,2.92349124,0
83.98966217,-5.757802486,1,2.047036171,1,-8.782197952,1,-0.956564665,1,-1.796662092,1,1.111312032,1,0.422070354,0,-0.462354749,0,2.924860716,0
83.9936676,-3.384982824,1,1.85789597,1,-8.731271744,1,-0.874314606,1,-1.873745918,1,1.117254376,1,0.417851329,0,-0.470883548,0,2.926066399,0
83.99766541,-4.164726734,1,-0.134374753,1,-9.262155533,1,-0.830901206,1,-1.85061872,1,1.165326595,1,0.413873911,0,-0.479559869,0,2.927351952,0
84.00166321,-6.430591583,1,-2.541865349,1,-9.156704903,1,-0.831710875,1,-1.682111144,1,1.150477767,1,0.409819901,0,-0.487921208,0,2.928935766,0
84.00566101,-9.352737427,1,-4.307272911,1,-8.414758682,1,-0.878996253,1,-1.394603491,1,1.072597146,1,0.405499756,0,-0.495356411,0,2.93082881,0
84.00965881,-8.767920494,1,-3.89873147,1,-8.107310295,1,-0.909849882,1,-1.128366947,1,0.993843853,1,0.400964618,0,-0.501600325,0,2.932890415,0
84.01366425,-11.44843483,1,-3.594593048,1,-7.638354301,1,-0.968440413,1,-0.908167124,1,0.846279323,1,0.39614588,0,-0.506780744,0,2.935000181,0
84.01766205,-10.99512672,1,-3.130011082,1,-8.102941513,1,-0.973552883,1,-0.664088428,1,0.70779562,1,0.391385615,0,-0.510865629,0,2.936877966,0
84.02165985,-12.41107273,1,-2.90612483,1,-8.643166542,1,-1.000020146,1,-0.400257707,1,0.554256678,1,0.386499196,0,-0.513780057,0,2.938653231,0
84.02565765,-10.70728016,1,-1.817577362,1,-9.653673172,1,-0.890067756,1,-0.190477178,1,0.409951925,1,0.38199091,0,-0.51557982,0,2.940174103,0
84.02966309,-8.070652008,1,-1.264621496,1,-9.85684967,1,-0.837557077,1,-0.072631605,1,0.371110827,1,0.377819508,0,-0.516611397,0,2.941619396,0
84.03366089,-5.326246262,1,-1.444259286,1,-9.637613297,1,-0.779253185,1,-0.071785867,1,0.387919158,1,0.373834789,0,-0.517419577,0,2.943135023,0
84.03765869,-4.512671947,1,-2.907058954,1,-10.07422543,1,-0.715036333,1,-0.129684195,1,0.384245276,1,0.370125592,0,-0.518360913,0,2.944620609,0
84.04166412,-4.816955566,1,-3.77302146,1,-9.713440895,1,-0.70343858,1,-0.148184165,1,0.386523634,1,0.366584092,0,-0.519428551,0,2.946041346,0
84.04566193,-5.976481915,1,-3.679312468,1,-9.610354424,1,-0.684302509,1,-0.127884924,1,0.375850976,1,0.363081425,0,-0.520527959,0,2.947449207,0
84.04965973,-6.092489719,1,-2.997560978,1,-9.169476509,1,-0.66258657,1,-0.081235483,1,0.394703656,1,0.35966599,0,-0.521448433,0,2.948934078,0
84.05365753,-5.150792599,1,-2.506758213,1,-8.821167946,1,-0.636888921,1,-0.073078178,1,0.422114432,1,0.356243849,0,-0.522307158,0,2.950573921,0
84.05765533,-4.050869942,1,-2.735610962,1,-8.915968895,1,-0.60968405,1,-0.091539875,1,0.438911468,1,0.352878809,0,-0.523209572,0,2.952321053,0
84.06166077,-3.52159524,1,-3.069585323,1,-9.004217148,1,-0.598441482,1,-0.110928789,1,0.44730404,1,0.349582404,0,-0.524196863,0,2.95408082,0
84.0656662,-4.084332943,1,-2.84599185,1,-8.945634842,1,-0.582696795,1,-0.141949624,1,0.460196227,1,0.346334398,0,-0.525308907,0,2.955860853,0
84.06967163,-5.181250572,1,-1.932299614,1,-8.837601662,1,-0.5545398,1,-0.141852751,1,0.444684625,1,0.343168497,0,-0.526463628,0,2.957618952,0
84.07366943,-5.743861675,1,-1.057760835,1,-8.781902313,1,-0.517953694,1,-0.128529012,1,0.41481939,1,0.340178549,0,-0.527545452,0,2.95928812,0
84.07766724,-6.431040764,1,-0.331819355,1,-9.133124352,1,-0.45609647,1,-0.10349305,1,0.377390325,1,0.337447584,0,-0.528517246,0,2.960837841,0
84.08167267,-4.760425091,1,-0.354838312,1,-9.113175392,1,-0.38488099,1,-0.101129755,1,0.351717472,1,0.335051179,0,-0.529357016,0,2.962281942,0
84.08567047,-3.804303885,1,-1.308113813,1,-9.605419159,1,-0.329810351,1,-0.142756701,1,0.343981892,1,0.332955807,0,-0.530262113,0,2.96360755,0
84.08966827,-3.820935249,1,-2.019399643,1,-9.716402054,1,-0.292550504,1,-0.178742528,1,0.331365585,1,0.331082821,0,-0.531305969,0,2.964846849,0
84.09366608,-4.176141262,1,-2.523024321,1,-9.343276024,1,-0.26747939,1,-0.221881106,1,0.338657916,1,0.329376429,0,-0.532503128,0,2.966011047,0
84.09766388,-4.753788471,1,-2.681466341,1,-8.964725494,1,-0.246518508,1,-0.246179894,1,0.33119157,1,0.327773452,0,-0.533816874,0,2.967126131,0
84.10166931,-4.991858006,1,-2.672734022,1,-8.784632683,1,-0.240032226,1,-0.2521725,1,0.329108655,1,0.326240301,0,-0.535186887,0,2.968217611,0
84.10566711,-4.849398136,1,-2.524715185,1,-8.630482674,1,-0.241581514,1,-0.257088453,1,0.331395686,1,0.324738145,0,-0.536581695,0,2.969287872,0
84.10966492,-4.698405743,1,-2.37557888,1,-8.681307793,1,-0.243663222,1,-0.262441903,1,0.322832197,1,0.323226213,0,-0.537980556,0,2.970345736,0
84.11367035,-4.727665901,1,-2.295262337,1,-8.676849365,1,-0.251038194,1,-0.258038044,1,0.300481766,1,0.321719319,0,-0.539366066,0,2.971344709,0
84.11766815,-5.099234104,1,-2.133821249,1,-8.537037849,1,-0.24995406,1,-0.256518751,1,0.261284918,1,0.320276618,0,-0.540705621,0,2.972219706,0
84.12166596,-5.546813011,1,-2.044322968,1,-8.604576111,1,-0.243830591,1,-0.24648346,1,0.217866957,1,0.318923593,0,-0.541951597,0,2.972913265,0
84.12566376,-5.470354557,1,-1.810869098,1,-8.572851181,1,-0.238447115,1,-0.232038692,1,0.17445612,1,0.317683935,0,-0.543105066,0,2.973439455,0
84.12966156,-5.082816601,1,-1.426286578,1,-8.642652512,1,-0.217811584,1,-0.225756362,1,0.143372118,1,0.316571087,0,-0.5441733,0,2.973816633,0
84.13366699,-5.242538929,1,-0.808922052,1,-8.706735611,1,-0.18273145,1,-0.226962045,1,0.112839498,1,0.315640628,0,-0.545198858,0,2.974054337,0
84.1376648,-5.209495068,1,-0.506509483,1,-8.724555016,1,-0.135445997,1,-0.224536642,1,0.07902889,1,0.31495285,0,-0.546177745,0,2.974157095,0
84.1416626,-5.028691292,1,-0.748596311,1,-8.605402946,1,-0.085492492,1,-0.225893706,1,0.039744306,1,0.314532399,0,-0.547103763,0,2.974103212,0
84.1456604,-4.895097733,1,-1.27978456,1,-8.726793289,1,-0.038144112,1,-0.236281559,1,0.01029795,1,0.314407527,0,-0.548003435,0,2.973878622,0
84.14966583,-4.813302994,1,-1.751478434,1,-8.706684113,1,-0.01690365,1,-0.247384802,1,-0.012440891,1,0.314485669,0,-0.548923075,0,2.973519802,0
84.15366364,-4.691046238,1,-2.094378948,1,-8.720531464,1,0.002889765,1,-0.265082628,1,-0.019374276,1,0.314687252,0,-0.549874127,0,2.973088264,0
84.15766144,-4.543400288,1,-2.125924826,1,-8.738777161,1,0.01572598,1,-0.271626979,1,-0.018555455,1,0.314972073,0,-0.550872386,0,2.972603798,0
84.16166687,-4.403002739,1,-2.234951973,1,-8.811078072,1,0.031596545,1,-0.289660424,1,-0.012442729,1,0.315315485,0,-0.551918089,0,2.972133636,0
84.16566467,-4.431121826,1,-2.397406578,1,-8.697630882,1,0.039817836,1,-0.297308445,1,0.016075276,1,0.315681338,0,-0.553037107,0,2.971717358,0
84.16966248,-4.528220177,1,-3.073795795,1,-8.454285622,1,0.038753815,1,-0.307381481,1,0.046071634,1,0.316010892,0,-0.554215908,0,2.971408606,0
84.17366028,-4.513749123,1,-3.843129635,1,-8.310329437,1,0.008928163,1,-0.312391877,1,0.089462996,1,0.316198528,0,-0.555474699,0,2.971257925,0
84.17765808,-4.593708038,1,-4.241878033,1,-8.049134254,1,-0.023788165,1,-0.310516566,1,0.131830126,1,0.31613785,0,-0.556804419,0,2.971303701,0
84.18166351,-4.595046997,1,-4.370942593,1,-7.90493536,1,-0.055576682,1,-0.29619807,1,0.171896949,1,0.315858483,0,-0.558145702,0,2.971537352,0
84.18566895,-4.776255131,1,-4.103570461,1,-7.836162567,1,-0.092373349,1,-0.283492625,1,0.211467505,1,0.315327346,0,-0.559481025,0,2.971981764,0
84.18967438,-4.930381298,1,-3.690861464,1,-7.856194496,1,-0.127345383,1,-0.262856841,1,0.23637715,1,0.314557433,0,-0.56079632,0,2.972590685,0
84.19367218,-4.895683289,1,-3.161601067,1,-7.969973087,1,-0.145296544,1,-0.247912496,1,0.25278905,1,0.22676006,0,-0.621320844,0,2.839989662,0
84.19766998,-4.756264687,1,-2.529879093,1,-8.130446434,1,-0.151826859,1,-0.24351874,1,0.254216969,1,0.225604564,0,-0.622501969,0,2.840950727,0
84.20166779,-4.768629074,1,-2.097439528,1,-8.260908127,1,-0.135741517,1,-0.239711866,1,0.24609746,1,0.224480823,0,-0.623663187,0,2.841891289,0
84.20567322,-4.719246864,1,-1.641115189,1,-8.43586731,1,-0.118924834,1,-0.244019032,1,0.243576467,1,0.223432258,0,-0.624818683,0,2.842810631,0
84.20967102,-4.81771946,1,-1.506718993,1,-8.545398712,1,-0.100257233,1,-0.252707273,1,0.236239344,1,0.222476304,0,-0.62599808,0,2.843697309,0
84.21366882,-4.65460968,1,-1.313083768,1,-8.60124588,1,-0.077781603,1,-0.268612504,1,0.225092292,1,0.221621126,0,-0.627213001,0,2.844526768,0
84.21766663,-4.651305676,1,-1.269935727,1,-8.637601852,1,-0.043449335,1,-0.283295065,1,0.206811622,1,0.220948666,0,-0.628482103,0,2.845262289,0
84.22167206,-4.595955849,1,-1.340599895,1,-8.681292534,1,-0.012539854,1,-0.301012963,1,0.197123557,1,0.220456421,0,-0.629795313,0,2.845927238,0
84.22566986,-4.624927044,1,-1.564979076,1,-8.562755585,1,0.014013289,1,-0.313231051,1,0.18996641,1,0.220104977,0,-0.631162047,0,2.846530437,0
84.22966766,-4.780610561,1,-1.678221226,1,-8.464499474,1,0.044233989,1,-0.322186381,1,0.185529545,1,0.219879135,0,-0.632571161,0,2.84710288,0
84.2336731,-4.760110855,1,-2.010131598,1,-8.467026711,1,0.052530807,1,-0.335962325,1,0.193576157,1,0.21974808,0,-0.63402158,0,2.847657681,0
84.2376709,-4.74281168,1,-2.061756611,1,-8.431640625,1,0.046369765,1,-0.354014963,1,0.19696933,1,0.219595164,0,-0.635547638,0,2.848232508,0
84.2416687,-4.935364723,1,-2.437151432,1,-8.299900055,1,0.060127232,1,-0.366046071,1,0.207376942,1,0.219472796,0,-0.637128592,0,2.848815203,0
84.2456665,-4.758012772,1,-2.651380301,1,-8.291747093,1,0.034604765,1,-0.381061286,1,0.223541588,1,0.219260275,0,-0.638765216,0,2.849472046,0
84.24966431,-4.833465576,1,-2.683868408,1,-8.237019539,1,0.037510663,1,-0.394823968,1,0.236758217,1,0.218994617,0,-0.640475333,0,2.850167751,0
84.25366974,-4.85203743,1,-2.552206278,1,-8.268973351,1,0.024081536,1,-0.395042151,1,0.241609454,1,0.218683615,0,-0.642234445,0,2.850904226,0
84.25766754,-4.941282749,1,-2.386530161,1,-8.214362144,1,0.037537433,1,-0.402322739,1,0.260257334,1,0.218325526,0,-0.644014895,0,2.851693153,0
84.26166534,-4.853978634,1,-2.9809196,1,-8.269720078,1,0.023762107,1,-0.406101555,1,0.275482029,1,0.217944562,0,-0.645824194,0,2.852555275,0
84.26566315,-4.792953491,1,-2.901031017,1,-8.23904705,1,-0.007912435,1,-0.427653015,1,0.288317084,1,0.217396662,0,-0.647701561,0,2.85349822,0
84.26966858,-4.977402687,1,-2.615586042,1,-8.191960335,1,-0.013013829,1,-0.436368763,1,0.300143868,1,0.216778308,0,-0.64964211,0,2.85446763,0
84.27366638,-4.966644764,1,-2.168685436,1,-8.205884933,1,-0.00838632,1,-0.43688482,1,0.305879623,1,0.216110602,0,-0.651609421,0,2.855487108,0
84.27766419,-5.022061348,1,-2.029211044,1,-8.248566628,1,-0.001692418,1,-0.444755226,1,0.302496552,1,0.215465307,0,-0.653590083,0,2.856517315,0
84.28166199,-5.146751404,1,-1.908767819,1,-8.257901192,1,0.008163339,1,-0.458778799,1,0.297549754,1,0.214881942,0,-0.655609012,0,2.857511044,0
84.28565979,-5.105570793,1,-1.980117202,1,-8.268585205,1,0.003116366,1,-0.459349692,1,0.289809048,1,0.214312211,0,-0.657657743,0,2.858478546,0
84.28966522,-5.04912281,1,-1.755799174,1,-8.231554985,1,-0.010133049,1,-0.474302918,1,0.278008103,1,0.213742331,0,-0.659724593,0,2.859381914,0
84.29366303,-5.067745686,1,-1.418507576,1,-8.276675224,1,0.010277488,1,-0.480236113,1,0.262158304,1,0.213246495,0,-0.661813319,0,2.860193491,0
84.29766083,-5.039958,1,-1.330330729,1,-8.278225899,1,0.035860009,1,-0.483483225,1,0.24271059,1,0.212879762,0,-0.663917065,0,2.860931396,0
84.30165863,-5.120191574,1,-1.454238415,1,-8.280622482,1,0.054947834,1,-0.495447278,1,0.222686425,1,0.212663606,0,-0.666035712,0,2.861569643,0
84.30566406,-5.154783249,1,-1.54425323,1,-8.208930016,1,0.062810235,1,-0.503925741,1,0.209478304,1,0.212562457,0,-0.668171823,0,2.862123489,0
84.3096695,-5.179625511,1,-1.594933033,1,-8.221025467,1,0.07798586,1,-0.511532724,1,0.206328213,1,0.212538451,0,-0.670331001,0,2.862611055,0
84.3136673,-5.19555521,1,-1.669017196,1,-8.25949192,1,0.088030204,1,-0.514664471,1,0.195674181,1,0.212598145,0,-0.672503471,0,2.863055706,0
84.3176651,-5.179320335,1,-1.797371745,1,-8.277878761,1,0.099691823,1,-0.522492766,1,0.187408313,1,0.212721825,0,-0.674701154,0,2.86345911,0
84.3216629,-5.185747623,1,-2.10019207,1,-8.233117104,1,0.093971223,1,-0.536620736,1,0.190721527,1,0.212867364,0,-0.676926851,0,2.863839626,0
84.32566834,-5.133738518,1,-2.232321262,1,-8.205335617,1,0.078987658,1,-0.548692524,1,0.189712837,1,0.212987319,0,-0.679202557,0,2.864204168,0
84.32966614,-5.102332115,1,-2.210133076,1,-8.233156204,1,0.073703051,1,-0.558971286,1,0.198046699,1,0.213051096,0,-0.681532085,0,2.864579678,0
84.33366394,-5.144281387,1,-2.25628686,1,-8.220508575,1,0.068397745,1,-0.573819339,1,0.208031446,1,0.213084668,0,-0.683921635,0,2.864980936,0
84.33766174,-5.101220608,1,-2.325623989,1,-8.294755936,1,0.06700962,1,-0.593542814,1,0.217374057,1,0.213080272,0,-0.686380267,0,2.865409136,0
84.34166718,-5.08501339,1,-2.33921361,1,-8.260390282,1,0.060222387,1,-0.603802025,1,0.220844805,1,0.213051945,0,-0.688903332,0,2.86585784,0
84.34566498,-5.048487186,1,-2.244240046,1,-8.250102997,1,0.055359319,1,-0.621816397,1,0.229876488,1,0.212983847,0,-0.691488445,0,2.866325378,0
84.34966278,-5.056047916,1,-2.18842864,1,-8.330414772,1,0.06205494,1,-0.638760686,1,0.237716585,1,0.21290876,0,-0.694142163,0,2.866807699,0
84.35366821,-5.10602951,1,-2.095547676,1,-8.342082024,1,0.063157879,1,-0.653015494,1,0.237505063,1,0.212835997,0,-0.696864069,0,2.867306709,0
84.35766602,-5.158341885,1,-2.063483715,1,-8.3390131,1,0.066512972,1,-0.671328187,1,0.235431105,1,0.212781325,0,-0.699660301,0,2.867799044,0
84.36166382,-5.32952404,1,-2.101695299,1,-8.297724724,1,0.067602307,1,-0.690373659,1,0.244054839,1,0.212750003,0,-0.702519476,0,2.868280411,0
84.36566162,-5.213895321,1,-2.150233269,1,-8.216270447,1,0.068018474,1,-0.703855395,1,0.24615337,1,0.212704912,0,-0.705449581,0,2.868770838,0
84.36965942,-5.314861298,1,-2.241500378,1,-8.238101006,1,0.069269627,1,-0.719152391,1,0.253320307,1,0.212662011,0,-0.708447337,0,2.869270325,0
84.37366486,-5.253572941,1,-2.346582174,1,-8.240232468,1,0.068682373,1,-0.738091171,1,0.264511794,1,0.212599963,0,-0.71152097,0,2.869793653,0
84.37766266,-5.24505806,1,-2.408052921,1,-8.175035477,1,0.064293742,1,-0.76196301,1,0.280399829,1,0.212499872,0,-0.714688897,0,2.870365381,0
84.38166046,-5.430119514,1,-2.483590841,1,-8.151053429,1,0.052747153,1,-0.779548645,1,0.295043945,1,0.212324202,0,-0.717937469,0,2.870995522,0
84.38565826,-5.408981323,1,-2.530459881,1,-8.152617455,1,0.039407004,1,-0.799401045,1,0.314455867,1,0.212049603,0,-0.721277118,0,2.871697426,0
84.3896637,-5.381528378,1,-2.543373585,1,-8.148686409,1,0.036613107,1,-0.822318673,1,0.332530737,1,0.211691871,0,-0.724729419,0,2.872460604,0
84.3936615,-5.394328117,1,-2.528606653,1,-8.151201248,1,0.023945235,1,-0.84388268,1,0.354149848,1,0.211246148,0,-0.728278041,0,2.873311281,0
84.3976593,-5.515693188,1,-2.510929823,1,-8.128441811,1,0.022857804,1,-0.871065021,1,0.373507619,1,0.210709497,0,-0.731947422,0,2.87424922,0
84.40166473,-5.52520752,1,-2.490516186,1,-7.993608475,1,0.01011518,1,-0.893201232,1,0.39374724,1,0.210087448,0,-0.735717535,0,2.875271797,0
84.40566254,-5.473520756,1,-2.449761868,1,-7.920401573,1,-0.000964325,1,-0.915052235,1,0.405367166,1,0.209372923,0,-0.73959136,0,2.876366615,0
84.40966034,-5.416341305,1,-2.330012083,1,-7.993831635,1,-0.014841525,1,-0.936246037,1,0.416517198,1,0.208568081,0,-0.743550181,0,2.877515554,0
84.41365814,-5.410568714,1,-2.192568302,1,-8.053387642,1,-0.031770319,1,-0.957880318,1,0.423526525,1,0.207679898,0,-0.747607768,0,2.878692865,0
84.41765595,-5.459168434,1,-2.22265625,1,-8.081399918,1,-0.039018713,1,-0.990588903,1,0.422905773,1,0.206736103,0,-0.751761854,0,2.8798666,0
84.42166138,-5.635345459,1,-2.221064806,1,-8.212460518,1,-0.06303779,1,-1.019822478,1,0.426374227,1,0.205745712,0,-0.7560426,0,2.881017685,0
84.42565918,-5.53513813,1,-2.230589867,1,-8.330071449,1,-0.076176614,1,-1.052968502,1,0.430053055,1,0.204669163,0,-0.76045388,0,2.882169485,0
84.42966461,-5.614880562,1,-2.288174629,1,-8.580483437,1,-0.09389849,1,-1.086614013,1,0.438125074,1,0.203530252,0,-0.764994979,0,2.883317947,0
84.43366242,-5.388699055,1,-2.581925154,1,-8.555361748,1,-0.112541392,1,-1.137901187,1,0.45883888,1,0.202286005,0,-0.769708633,0,2.88452673,0
84.43766022,-5.358246803,1,-2.990798712,1,-8.57267189,1,-0.136815354,1,-1.185034037,1,0.48708123,1,0.200903758,0,-0.774642169,0,2.885807514,0
84.44167328,-5.352816105,1,-3.220164776,1,-8.595980644,1,-0.166712239,1,-1.240141749,1,0.527731776,1,0.199287564,0,-0.779797435,0,2.887244225,0
84.44567108,-5.380856991,1,-3.140334368,1,-8.569372177,1,-0.191554278,1,-1.295884013,1,0.569260061,1,0.198471874,0,-0.785941839,0,2.910141706,0
84.44966126,-5.373235703,1,-3.010621309,1,-8.653297424,1,-0.211139798,1,-1.350833416,1,0.608174503,1,0.196390763,0,-0.791594267,0,2.911949158,0
84.45365906,-5.593463421,1,-2.938426018,1,-8.815988541,1,-0.240624353,1,-1.399931908,1,0.649579048,1,0.194068223,0,-0.797476411,0,2.913961411,0
84.45767212,-5.354943275,1,-2.719872713,1,-8.778459549,1,-0.264876157,1,-1.466043115,1,0.678902388,1,0.191524073,0,-0.803605378,0,2.916110039,0
84.46166992,-5.343824387,1,-2.660773277,1,-8.922308922,1,-0.299186021,1,-1.530002475,1,0.7113989,1,0.188736722,0,-0.810014606,0,2.918414831,0
84.46566773,-5.402397633,1,-2.552892923,1,-8.947896957,1,-0.334571779,1,-1.604014397,1,0.739936411,1,0.185696915,0,-0.816708028,0,2.920856476,0
84.4696579,-6.674413681,1,-3.671282291,1,-9.318238258,1,-0.44143346,1,-1.486121416,1,0.715653658,1,0.18236044,0,-0.823504806,0,2.923404694,0
84.47367096,-3.151310444,1,1.377844691,1,-9.356410027,1,-0.179451704,1,-1.973588228,1,0.773562253,1,0.179289103,0,-0.830638289,0,2.925924063,0
84.47766876,-8.891339302,1,-1.044770479,1,-9.248661041,1,-0.242588013,1,-1.761701465,1,0.855636358,1,0.176379889,0,-0.838496327,0,2.928710938,0
84.48166657,-4.223962307,1,-6.645763397,1,-7.927512169,1,-0.407881021,1,-1.952153802,1,0.841213107,1,0.172778621,0,-0.846421599,0,2.931824923,0
84.485672,-4.672865391,1,-4.086986542,1,-9.84465313,1,-0.496664643,1,-2.078189373,1,0.84072715,1,0.168740749,0,-0.854927301,0,2.934678555,0
84.4896698,-4.747804642,1,-1.246157527,1,-9.558899879,1,-0.469126612,1,-2.173025131,1,0.987108529,1,0.164255708,0,-0.863938928,0,2.938062668,0
84.4936676,-5.324394703,1,-2.972485065,1,-9.525950432,1,-0.432272255,1,-2.281928062,1,1.034857273,1,0.159399599,0,-0.873393357,0,2.942068577,0
84.49766541,-5.379964828,1,-3.250154495,1,-9.868779182,1,-0.460581809,1,-2.42203927,1,1.06865263,1,0.154412374,0,-0.883325458,0,2.946245193,0
84.50166321,-5.090193748,1,-3.101460218,1,-10.20730972,1,-0.496057689,1,-2.565095663,1,1.147162437,1,0.148953676,0,-0.893854201,0,2.950817108,0
84.50566101,-4.862729549,1,-3.179034948,1,-10.77034855,1,-0.52887094,1,-2.741921186,1,1.205916047,1,0.142967999,0,-0.90502876,0,2.955816746,0
84.50966644,-4.431241035,1,-3.058772564,1,-10.92912579,1,-0.528881252,1,-2.944085121,1,1.301661015,1,0.136501238,0,-0.916979551,0,2.961330891,0
84.51366425,-4.551017284,1,-3.776973486,1,-11.08547878,1,-0.530183971,1,-3.165173531,1,1.399947047,1,0.129458219,0,-0.929798245,0,2.967521191,0
84.51766205,-4.531081676,1,-4.698428631,1,-11.21679592,1,-0.548300147,1,-3.382267952,1,1.50469768,1,0.121699519,0,-0.943510294,0,2.974467993,0
84.52166748,-4.604709148,1,-5.781147003,1,-11.1225071,1,-0.607131422,1,-3.634599686,1,1.655814171,1,0.112916954,0,-0.958194137,0,2.982429743,0
84.52566528,-5.701347828,1,-7.287139893,1,-11.42905807,1,-0.679300666,1,-3.84860611,1,1.820184946,1,0.102680847,0,-0.973841965,0,2.991751909,0
84.52966309,-5.688864708,1,-7.806550503,1,-11.10181236,1,-0.747918487,1,-4.010750294,1,1.994712353,1,0.090734489,0,-0.990192652,0,3.002641439,0
84.53366852,-4.745431423,1,-9.191688538,1,-11.57347584,1,-0.874951959,1,-4.266852856,1,2.236284256,1,0.076502487,0,-1.007415056,0,3.015704632,0
84.53766632,-4.1152668,1,-8.861589432,1,-11.8504076,1,-0.970291555,1,-4.515804291,1,2.47120142,1,0.05962041,0,-1.025564194,0,3.031233072,0
84.54166412,-4.627379894,1,-8.704532623,1,-12.10651302,1,-1.061648488,1,-4.765787125,1,2.698626995,1,0.039673213,0,-1.044638515,0,3.049690247,0
84.54566193,-5.508690357,1,-9.08617878,1,-12.15112019,1,-1.177048087,1,-5.013756275,1,2.93686223,1,0.016338177,0,-1.064520478,0,3.071388483,0
84.54966736,-7.168406487,1,-10.48951054,1,-12.48834038,1,-1.360822082,1,-5.235162735,1,3.193539143,1,-0.011272063,0,-1.085049748,0,3.097038746,0
84.55366516,-9.557097435,1,-12.51002789,1,-13.06070709,1,-1.630753517,1,-5.371739388,1,3.483464479,1,-0.044371031,0,-1.105926633,0,3.127532721,0
84.55767059,-9.530340195,1,-12.29096413,1,-12.94982338,1,-1.877107978,1,-5.4611063,1,3.741317034,1,-0.083744757,0,-1.126603365,0,-3.119636059,0
84.5616684,-7.764571667,1,-12.02226734,1,-13.32226467,1,-2.142537594,1,-5.607024193,1,4.04410553,1,-0.13025929,0,-1.146955132,0,-3.077219486,0
84.5656662,-9.119613647,1,-10.91566658,1,-14.30940819,1,-2.367028236,1,-5.755495071,1,4.278854847,1,-0.184893519,0,-1.166813731,0,-3.027440071,0
84.56967163,-12.40850067,1,-8.551038742,1,-16.13503838,1,-2.474877596,1,-5.790963173,1,4.423054695,1,-0.24744378,0,-1.185679913,0,-2.970188379,0
84.57366943,-12.95626068,1,-6.597109318,1,-16.11689377,1,-2.504694223,1,-5.776096821,1,4.510671616,1,-0.317089319,0,-1.202911854,0,-2.90601778,0
84.57766724,-11.05879211,1,-6.012123585,1,-15.44585228,1,-2.554914951,1,-5.914066315,1,4.659143925,1,-0.39443022,0,-1.21839416,0,-2.834180593,0
84.58166504,-14.83851528,1,-4.93432188,1,-14.46628475,1,-2.484313488,1,-6.016291618,1,4.698692322,1,-0.479863763,0,-1.232135177,0,-2.754140377,0
84.58566284,-17.82158089,1,-4.96503067,1,-14.41962528,1,-2.377186775,1,-5.944802761,1,4.701835632,1,-0.571380496,0,-1.243436337,0,-2.66759634,0
84.58966065,-18.04144287,1,-4.036812782,1,-13.87616444,1,-2.283056498,1,-5.914241314,1,4.697375298,1,-0.667574525,0,-1.251800895,0,-2.576009989,0
84.59366608,-18.90246582,1,-4.103442669,1,-13.10669231,1,-2.155448198,1,-5.860831261,1,4.686162949,1,-0.766977847,0,-1.257243395,0,-2.480775833,0
84.59766388,-21.20933723,1,-4.226573467,1,-13.67241669,1,-2.029185534,1,-5.723155022,1,4.662543297,1,-0.867404222,0,-1.259459972,0,-2.384036064,0
84.60166168,-21.72663498,1,-5.960133076,1,-12.79484081,1,-1.904180169,1,-5.537980556,1,4.667387009,1,-0.965916038,0,-1.258399129,0,-2.288777351,0
84.60566711,-20.99402618,1,-7.979619026,1,-11.59113216,1,-1.939199448,1,-5.418535233,1,4.771696091,1,-1.061332583,0,-1.253965497,0,-2.196477413,0
84.60966492,-21.17380333,1,-8.8582201,1,-11.84648418,1,-2.163910389,1,-5.222144604,1,4.826929569,1,-1.15290761,0,-1.246256232,0,-2.108612776,0
84.61366272,-20.83498573,1,-8.698834419,1,-10.41040039,1,-2.297200203,1,-4.94528532,1,4.72762537,1,-1.237740636,0,-1.235975504,0,-2.0284338,0
84.61766052,-15.7978487,1,-8.201594353,1,-8.565914154,1,-2.462725163,1,-4.547945023,1,4.725292683,1,-1.313914776,0,-1.223377109,0,-1.957659841,0
84.62165833,-10.30417824,1,-7.882937431,1,-7.595058441,1,-2.704262495,1,-4.126836777,1,4.593458176,1,-1.381188631,0,-1.209042907,0,-1.896944642,0
84.62566376,-5.954331875,1,-6.832544804,1,-8.01099205,1,-2.926185846,1,-3.571993113,1,4.388767719,1,-1.439081192,0,-1.193732023,0,-1.846955538,0
84.62966156,-9.795571327,1,-4.37411356,1,-9.648823738,1,-3.020379782,1,-3.249337912,1,4.112701416,1,-1.488987207,0,-1.178272843,0,-1.806017995,0
84.63365936,-15.08547878,1,-3.776008129,1,-11.32194138,1,-2.858457327,1,-2.857916355,1,3.660734177,1,-1.531930327,0,-1.163407087,0,-1.772216439,0
84.6376648,-16.36063576,1,-2.623219252,1,-11.48844719,1,-2.552823305,1,-2.446918964,1,3.096992731,1,-1.567538142,0,-1.150131464,0,-1.745204806,0
84.6416626,-25.32089424,1,2.272865772,1,-12.62869358,1,-1.781480193,1,-2.22960186,1,2.43952179,1,-1.596660137,0,-1.138926506,0,-1.722909331,0
84.6456604,-29.94869232,1,2.405298948,1,-15.63789272,1,-1.066972256,1,-1.466399074,1,1.899976373,1,-1.61769855,0,-1.13003099,0,-1.705792189,0
84.6496582,-17.18327332,1,-2.617320538,1,-14.48625851,1,-0.8106637,1,-0.619735301,1,1.54377389,1,-1.629203558,0,-1.122959375,0,-1.69718051,0
84.65366364,-8.32824707,1,-6.431053638,1,-11.66137218,1,-0.608411193,1,-0.141550735,1,1.136035919,1,-1.634347916,0,-1.117507696,0,-1.694612145,0
84.65766144,-6.567979336,1,-7.931019783,1,-8.875824928,1,-0.338009715,1,0.16637373,1,0.708639205,1,-1.635581017,0,-1.113938451,0,-1.695422888,0
84.66165924,-5.408092499,1,-6.959635258,1,-8.251571655,1,-0.190850034,1,0.222371355,1,0.536304593,1,-1.634629011,0,-1.111524582,0,-1.697602272,0
84.66565704,-7.894889832,1,-7.676312447,1,-9.274811745,1,-0.289985329,1,0.412941754,1,0.42361477,1,-1.632822394,0,-1.109691501,0,-1.700642467,0
84.66966248,-6.578064442,1,-8.081530571,1,-9.141377449,1,-0.498590887,1,0.647508204,1,0.306571811,1,-1.629925489,0,-1.108350635,0,-1.705632806,0
84.67366028,-3.449483156,1,-8.040640831,1,-7.630024433,1,-0.648878455,1,0.737914324,1,0.181537822,1,-1.626545787,0,-1.107535839,0,-1.712005734,0
84.67766571,-2.037027359,1,-7.402815342,1,-6.586173058,1,-0.712738454,1,0.771365643,1,0.073098704,1,-1.623185515,0,-1.107200742,0,-1.71880877,0
84.68166351,-1.464035034,1,-6.514230251,1,-6.302636147,1,-0.771383822,1,0.817755163,1,-0.000428221,1,-1.619791746,0,-1.107226729,0,-1.725911856,0
84.68566132,-0.970504165,1,-5.654098988,1,-6.328926086,1,-0.834909976,1,0.881455481,1,-0.058387831,1,-1.616225481,0,-1.107500792,0,-1.733502626,0
84.68966675,-0.587263882,1,-5.00883007,1,-6.210769176,1,-0.849226713,1,0.938134432,1,-0.136912644,1,-1.612364531,0,-1.108036757,0,-1.741593003,0
84.69366455,-0.554946661,1,-4.5105443,1,-6.077571392,1,-0.802214265,1,0.987144887,1,-0.226672828,1,-1.606102943,0,-1.107723475,0,-1.736234784,0
84.69766235,-0.346160114,1,-4.105005741,1,-5.887283325,1,-0.723055184,1,1.051327586,1,-0.32052812,1,-1.601066589,0,-1.108953238,0,-1.74527967,0
84.70166016,-0.006847803,1,-3.684544086,1,-5.671541691,1,-0.621932447,1,1.136735797,1,-0.417586625,1,-1.595021963,0,-1.110542774,0,-1.7550385,0
84.70565796,0.204346955,1,-3.501343489,1,-5.573200703,1,-0.516085565,1,1.221571445,1,-0.510084331,1,-1.58785212,0,-1.112485051,0,-1.76557827,0
84.70966339,0.269089669,1,-3.508130789,1,-5.476117611,1,-0.412664682,1,1.32928586,1,-0.606083035,1,-1.579414368,0,-1.114787579,0,-1.777064919,0
84.71366119,0.14695546,1,-3.611375332,1,-5.454017639,1,-0.309607357,1,1.444981337,1,-0.713955283,1,-1.569535255,0,-1.117448092,0,-1.789667845,0
84.717659,0.012053099,1,-3.797916174,1,-5.303139687,1,-0.218210906,1,1.579717755,1,-0.817893088,1,-1.558064699,0,-1.12045753,0,-1.803586245,0
84.7216568,0.083057351,1,-3.919024706,1,-5.236598969,1,-0.139508083,1,1.716848612,1,-0.931439757,1,-1.544921875,0,-1.123828053,0,-1.818949103,0
84.72566223,0.388473421,1,-3.961406469,1,-5.135765553,1,-0.073564701,1,1.849302053,1,-1.043427229,1,-1.53011322,0,-1.127535462,0,-1.835826397,0
84.72966003,0.58807683,1,-3.939274073,1,-5.067245483,1,-0.01907349,1,1.978858709,1,-1.149643898,1,-1.513660073,0,-1.131534457,0,-1.854230046,0
84.73365784,0.692665815,1,-3.823754072,1,-5.004166603,1,0.031597212,1,2.092277288,1,-1.26721549,1,-1.495555878,0,-1.135819435,0,-1.874180794,0
84.73766327,0.601537466,1,-3.735965014,1,-5.000530243,1,0.082681589,1,2.208959818,1,-1.378573775,1,-1.475792408,0,-1.140360355,0,-1.895694733,0
84.74166107,0.683556139,1,-3.500392914,1,-4.938131332,1,0.139564961,1,2.327314854,1,-1.496640801,1,-1.454241037,0,-1.145117521,0,-1.918886185,0
84.74565888,0.61781919,1,-3.336760044,1,-4.909967422,1,0.202632993,1,2.437334776,1,-1.612929344,1,-1.430823088,0,-1.150073767,0,-1.943823576,0
84.74965668,0.505133867,1,-3.140211582,1,-4.942873955,1,0.269796252,1,2.541675091,1,-1.732395291,1,-1.405430317,0,-1.155172586,0,-1.970591426,0
84.75365448,0.322918236,1,-3.033949614,1,-4.982872963,1,0.343693942,1,2.65736866,1,-1.85210526,1,-1.377928257,0,-1.160375953,0,-1.999279857,0
84.75765991,0.13307853,1,-2.940404892,1,-5.035522938,1,0.411014467,1,2.77411437,1,-1.962518096,1,-1.348182797,0,-1.165602565,0,-2.030050755,0
84.76165772,-0.08557158,1,-2.986909628,1,-5.105638504,1,0.478982836,1,2.889708757,1,-2.067368269,1,-1.316096783,0,-1.170758724,0,-2.06298995,0
84.76565552,-0.294654071,1,-2.905743361,1,-5.234514713,1,0.543439448,1,3.004138947,1,-2.168115139,1,-1.281571507,0,-1.175751328,0,-2.098214149,0
84.76965332,-0.599833786,1,-2.805412292,1,-5.351554871,1,0.605482221,1,3.118290663,1,-2.268074274,1,-1.244600773,0,-1.180499792,0,-2.135740519,0
84.77365875,-0.871942461,1,-2.711556911,1,-5.492502213,1,0.661663175,1,3.229827881,1,-2.360135794,1,-1.20519805,0,-1.184908509,0,-2.175577879,0
84.77765656,-1.085765004,1,-2.532286882,1,-5.556291103,1,0.716413617,1,3.331575871,1,-2.449190855,1,-1.163368344,0,-1.188862681,0,-2.217729807,0
84.78165436,-1.343433857,1,-2.40341115,1,-5.599239349,1,0.767341316,1,3.429846764,1,-2.524023056,1,-1.119278669,0,-1.192275047,0,-2.262024164,0
84.78565979,-1.638807893,1,-2.438579321,1,-5.790119648,1,0.820140004,1,3.512766123,1,-2.591421843,1,-1.073140383,0,-1.195031762,0,-2.308234215,0
84.78965759,-2.074696302,1,-2.341133595,1,-5.928700447,1,0.86163944,1,3.602428675,1,-2.657612562,1,-1.025109529,0,-1.197041631,0,-2.356233358,0
84.79366303,-2.5350945,1,-2.270694017,1,-5.997537136,1,0.89853555,1,3.703095436,1,-2.716398478,1,-0.975367725,0,-1.198200345,0,-2.405869007,0
84.79766083,-2.992301464,1,-2.168565989,1,-6.019032955,1,0.937986732,1,3.802041531,1,-2.772616386,1,-0.924111366,0,-1.198400378,0,-2.45694828,0
84.80165863,-3.254955292,1,-2.300728559,1,-6.168144703,1,0.977492154,1,3.907461405,1,-2.824882984,1,-0.871570289,0,-1.197554827,0,-2.509250164,0
84.80565643,-3.544466496,1,-2.292009115,1,-6.154432297,1,1.008821964,1,4.011561871,1,-2.870690823,1,-0.81817317,0,-1.195554495,0,-2.562346697,0
84.80966187,-3.794549465,1,-2.200434923,1,-6.35284853,1,1.045846581,1,4.112402439,1,-2.917144537,1,-0.764289379,0,-1.192366481,0,-2.615879536,0
84.81365967,-4.136201859,1,-2.139432669,1,-6.448047638,1,1.075172067,1,4.217456341,1,-2.954637766,1,-0.710322261,0,-1.187931418,0,-2.669441223,0
84.81765747,-4.34253931,1,-1.997977853,1,-6.565090656,1,1.109419823,1,4.309337616,1,-2.992696524,1,-0.65669167,0,-1.182220936,0,-2.722602606,0
84.82165527,-4.46784687,1,-1.892602563,1,-6.740967751,1,1.14272964,1,4.397788525,1,-3.025661707,1,-0.603834093,0,-1.175244093,0,-2.774926901,0
84.82566071,-4.632716179,1,-1.807002783,1,-6.829555988,1,1.185224891,1,4.479513645,1,-3.058485031,1,-0.552073359,0,-1.167015672,0,-2.826052904,0
84.82965851,-4.864459515,1,-1.691211343,1,-6.909831047,1,1.23916316,1,4.560017109,1,-3.078104734,1,-0.501734257,0,-1.157556057,0,-2.87563467,0
84.83365631,-5.127343178,1,-1.603068233,1,-7.022710323,1,1.286464095,1,4.636706352,1,-3.10365057,1,-0.453018665,0,-1.146889329,0,-2.923425913,0
84.83765411,-5.2465415,1,-1.535357714,1,-7.075119972,1,1.343934178,1,4.712720394,1,-3.114904881,1,-0.406091809,0,-1.135064244,0,-2.969256639,0
84.84165192,-5.489044666,1,-1.46991539,1,-7.209592342,1,1.405444145,1,4.7797575,1,-3.128407001,1,-0.361124456,0,-1.12212944,0,-3.012920856,0
84.84565735,-5.807501316,1,-1.484415054,1,-7.353383541,1,1.473259091,1,4.844165802,1,-3.130260944,1,-0.318181276,0,-1.108147383,0,-3.054326773,0
84.84965515,-6.093535423,1,-1.479113817,1,-7.545331478,1,1.549594641,1,4.918940544,1,-3.132696629,1,-0.277278423,0,-1.09314692,0,-3.093422413,0
84.85365295,-6.317080021,1,-1.455495954,1,-7.65904808,1,1.628018141,1,4.989936352,1,-3.127920151,1,-0.238396972,0,-1.077175617,0,-3.130196095,0
84.85765839,-6.400605679,1,-1.391834021,1,-7.888296127,1,1.709427595,1,5.047187328,1,-3.11631465,1,-0.201520368,0,-1.06031239,0,3.11854434,0
84.86165619,-6.484988689,1,-1.338453293,1,-8.047575951,1,1.799060941,1,5.101801872,1,-3.108161449,1,-0.166570768,0,-1.042620659,0,3.086380243,0
84.86565399,-6.458767414,1,-1.259111762,1,-8.159899712,1,1.895460725,1,5.140711308,1,-3.083288431,1,-0.133510381,0,-1.024205089,0,3.056480646,0
84.86965179,-6.56489706,1,-1.210927486,1,-8.29738903,1,2.002366304,1,5.177547455,1,-3.058077812,1,-0.102176018,0,-1.005161762,0,3.0287714,0
84.8736496,-6.620540142,1,-1.224246621,1,-8.473974228,1,2.119950771,1,5.194410801,1,-3.025571108,1,-0.072439,0,-0.985559523,0,3.003160477,0
84.87765503,-6.726454258,1,-1.280604839,1,-8.635937691,1,2.248522758,1,5.2084198,1,-2.994663,1,-0.044141807,0,-0.965490103,0,2.979540825,0
84.88165283,-6.937773705,1,-1.417343855,1,-8.825415611,1,2.374545336,1,5.214569092,1,-2.970962524,1,-0.017124249,0,-0.945017338,0,2.957779884,0
84.88565064,-7.150986671,1,-1.737431169,1,-9.061390877,1,2.496956587,1,5.20625639,1,-2.948002815,1,0.00875354,0,-0.924224377,0,2.937725544,0
84.88964844,-7.397360802,1,-1.971321821,1,-9.284477234,1,2.613583803,1,5.199081898,1,-2.930976629,1,0.033644214,0,-0.903169155,0,2.919206142,0
84.89365387,-7.579727173,1,-2.252817154,1,-9.582615852,1,2.709280491,1,5.163522243,1,-2.926542521,1,0.057649571,0,-0.881930947,0,2.902067184,0
84.89765167,-7.792354584,1,-2.57074976,1,-9.951403618,1,2.787614346,1,5.120059967,1,-2.922007799,1,0.080821,0,-0.860602438,0,2.886156321,0
84.90164948,-8.119632721,1,-2.880317211,1,-10.47410011,1,2.847467422,1,5.07473278,1,-2.937650681,1,0.103234939,0,-0.839219809,0,2.871313572,0
84.90565491,-8.525416374,1,-2.894263983,1,-11.0395813,1,2.909061432,1,5.027427673,1,-2.958953619,1,0.125013694,0,-0.817803025,0,2.857385397,0
84.90965271,-9.082014084,1,-2.658784866,1,-11.59429169,1,2.979516268,1,4.976957321,1,-2.989588499,1,0.146260321,0,-0.796373606,0,2.844266415,0
84.91365814,-9.797516823,1,-2.305972576,1,-12.08659267,1,3.062413216,1,4.933808327,1,-3.033807993,1,0.167144641,0,-0.774914503,0,2.831813574,0
84.91765595,-10.74019623,1,-1.976404071,1,-12.67558098,1,3.163963318,1,4.900007248,1,-3.085522413,1,0.187809885,0,-0.753400564,0,2.819933891,0
84.92165375,-11.77849674,1,-1.749069571,1,-13.15376282,1,3.278017759,1,4.869375706,1,-3.162359476,1,0.208405897,0,-0.731788099,0,2.808518171,0
84.92565155,-12.77857876,1,-1.662249684,1,-13.64165306,1,3.390127659,1,4.837964058,1,-3.238144875,1,0.229013801,0,-0.710065484,0,2.797503233,0
84.92965698,-14.01174164,1,-1.682904363,1,-14.05401611,1,3.492882729,1,4.814136505,1,-3.321048737,1,0.249646157,0,-0.68820411,0,2.786834955,0
84.93365479,-15.34505272,1,-1.799498677,1,-14.56011486,1,3.574717045,1,4.784089088,1,-3.414322138,1,0.270286947,0,-0.666192293,0,2.776461124,0
84.93765259,-16.81329536,1,-1.973991632,1,-14.92428398,1,3.625576973,1,4.754922867,1,-3.513374329,1,0.290871263,0,-0.644023716,0,2.766335011,0
84.94165802,-18.29943275,1,-2.012934446,1,-15.33887196,1,3.647385359,1,4.716934681,1,-3.62550807,1,0.311307043,0,-0.621699631,0,2.756398439,0
84.94565582,-19.99936485,1,-1.501779199,1,-15.69261742,1,3.649581432,1,4.670401096,1,-3.742233515,1,0.346838474,0,-0.605900288,0,2.763495922,0
84.94965363,-21.77194595,1,-0.616788983,1,-16.0226078,1,3.639008284,1,4.604529381,1,-3.87221241,1,0.366687804,0,-0.583193123,0,2.754096985,0
84.95365143,-23.35927582,1,1.39490664,1,-16.30764198,1,3.639791489,1,4.5242033,1,-4.012640476,1,0.386360586,0,-0.560403705,0,2.744626045,0
84.95764923,-25.12117577,1,3.896498442,1,-16.11167526,1,3.677776337,1,4.439449787,1,-4.142850399,1,0.405968606,0,-0.537566602,0,2.735074043,0
84.96165466,-26.76931953,1,6.110908508,1,-15.34890747,1,3.793162584,1,4.383825779,1,-4.244712353,1,0.425676107,0,-0.514642,0,2.72556138,0
84.96565247,-28.37356186,1,7.692944527,1,-13.64162827,1,3.943830013,1,4.366409302,1,-4.310606003,1,0.445634931,0,-0.491565257,0,2.716271639,0
84.96965027,-30.03593254,1,7.474727631,1,-11.45147896,1,4.085673332,1,4.372144222,1,-4.32803154,1,0.465796828,0,-0.468269318,0,2.707424879,0
84.97364807,-31.36864471,1,6.401791096,1,-9.418636322,1,4.131626606,1,4.355734825,1,-4.267942905,1,0.485840917,0,-0.444850624,0,2.699296951,0
84.9776535,-31.55281639,1,5.073070049,1,-7.249104977,1,4.006491661,1,4.280795574,1,-4.113398075,1,0.505181789,0,-0.421660781,0,2.692079306,0
84.98165131,-31.10474205,1,4.272255421,1,-5.301096439,1,3.762696028,1,4.121182442,1,-3.878783941,1,0.523207605,0,-0.399141699,0,2.685909986,0
84.98564911,-30.45817184,1,4.423036098,1,-3.265972614,1,3.441933155,1,3.892052889,1,-3.578362703,1,0.539558768,0,-0.377751052,0,2.680795193,0
84.98965454,-29.16592216,1,6.12130928,1,-1.418829441,1,3.131448746,1,3.577549458,1,-3.23304987,1,0.554196298,0,-0.357879132,0,2.676653147,0
84.99365234,-28.00529289,1,9.250756264,1,0.325350493,1,2.907348394,1,3.180280447,1,-2.862930536,1,0.567388415,0,-0.339921355,0,2.673313379,0
84.99765015,-27.87937355,1,12.67282391,1,2.049338341,1,2.799676895,1,2.747173071,1,-2.473484278,1,0.57964015,0,-0.32417956,0,2.670628071,0
85.00164795,-28.43132973,1,15.24149609,1,3.471560955,1,2.801305532,1,2.320545435,1,-2.065783501,1,0.591469467,0,-0.310706258,0,2.668555975,0
85.00564575,-29.36244965,1,16.92731285,1,4.506272793,1,2.877610683,1,1.912066817,1,-1.65450263,1,0.603248298,0,-0.299523085,0,2.667099476,0
85.00965118,-29.64176941,1,17.85960579,1,5.199382782,1,2.956232548,1,1.505449533,1,-1.237432599,1,0.615166545,0,-0.290612519,0,2.666229725,0
85.01364899,-29.47527504,1,17.74058723,1,5.561491489,1,2.973015547,1,1.106616378,1,-0.833811343,1,0.627138138,0,-0.283958912,0,2.665895462,0
85.01764679,-28.99234009,1,16.80817604,1,5.599962711,1,2.879564047,1,0.720887065,1,-0.442046314,1,0.63885051,0,-0.279511273,0,2.666002035,0
85.02164459,-28.56304741,1,15.34418297,1,5.322432041,1,2.658185244,1,0.370964438,1,-0.085392311,1,0.649822712,0,-0.277146369,0,2.666484118,0
85.02565002,-28.3439846,1,13.43019772,1,4.802028656,1,2.299021482,1,0.044502478,1,0.250330776,1,0.659553409,0,-0.276699543,0,2.667279243,0
85.02964783,-28.49410248,1,11.84048462,1,4.001909256,1,1.830480576,1,-0.2351069,1,0.538250685,1,0.667545795,0,-0.277981043,0,2.668328524,0
85.03365326,-28.62888718,1,10.33076286,1,3.042382479,1,1.269710064,1,-0.467464656,1,0.789832413,1,0.673411727,0,-0.280748814,0,2.669595957,0
85.03765106,-13.58573723,1,-11.32538795,1,-4.190125942,1,-0.434535801,1,-0.92445153,1,1.183357596,1,0.675441384,0,-0.285262346,0,2.671048403,0
85.04164887,-25.73449898,1,-15.04069805,1,3.850462675,1,-3.36213541,1,-2.000221729,1,1.989632607,1,0.667104483,0,-0.293525904,0,2.672460556,0
85.04564667,-31.34844971,1,12.59278679,1,0.828250766,1,-2.940243721,1,-2.190474033,1,2.848257065,1,0.653271377,0,-0.306719661,0,2.674818277,0
85.0496521,5.098649502,1,9.194197655,1,-1.739117265,1,-3.062819242,1,-1.574328661,1,2.78916502,1,0.639947832,0,-0.319320023,0,2.679698229,0
85.0536499,3.360001087,1,1.019270658,1,-11.02129173,1,-2.985569954,1,-1.773733258,1,2.898800373,1,0.626054287,0,-0.331369877,0,2.685191393,0
85.05764771,-9.628637314,1,-9.298475266,1,-17.06300545,1,-3.055306673,1,-1.673441529,1,3.001593351,1,0.612018526,0,-0.3440364,0,2.691070557,0
85.06165314,-6.421525478,1,-19.46547127,1,-19.55140495,1,-2.880711555,1,-0.977681875,1,2.96270752,1,0.597676277,0,-0.355178356,0,2.698347569,0
85.06565094,7.040113449,1,-25.08446693,1,-21.07814789,1,-2.92732811,1,-0.618152559,1,2.859942436,1,0.583077252,0,-0.364188433,0,2.706782579,0
85.06964874,9.244320869,1,-31.73748589,1,-15.55592918,1,-3.432438374,1,-0.906167328,1,2.840501308,1,0.567366838,0,-0.372875869,0,2.715356588,0
85.07364655,9.300033569,1,-26.10538483,1,-10.07472801,1,-3.744437218,1,-1.217403054,1,2.889958382,1,0.550044537,0,-0.382538795,0,2.723354578,0
85.07764435,8.159812927,1,-15.59210491,1,-7.447290421,1,-3.92475009,1,-1.789218068,1,2.82959938,1,0.531758547,0,-0.3935844,0,2.730636358,0
85.08164978,3.686614513,1,-5.705410957,1,-6.538420677,1,-4.054589748,1,-2.488632441,1,2.863429546,1,0.513439238,0,-0.406543165,0,2.736831665,0
85.08564758,3.242723465,1,1.290683985,1,-6.471761227,1,-3.950788975,1,-3.224761724,1,2.934003115,1,0.495459408,0,-0.422232151,0,2.741842508,0
85.08964539,-0.191312686,1,2.032752752,1,-9.038567543,1,-3.945013285,1,-3.926971197,1,2.95137763,1,0.477900326,0,-0.440435082,0,2.745925903,0
85.09364319,-7.52849865,1,4.855077744,1,-11.53798294,1,-3.810241222,1,-4.169671535,1,2.724797964,1,0.461050332,0,-0.460148126,0,2.749078989,0
85.09764862,-18.53536987,1,7.905528545,1,-15.7822361,1,-3.651072264,1,-4.037635803,1,2.300392866,1,0.445207,0,-0.479357749,0,2.751140594,0
85.10164642,-27.99787331,1,12.51258659,1,-18.4836731,1,-3.274142265,1,-3.541645527,1,1.864934564,1,0.430700123,0,-0.496692479,0,2.752313375,0
85.10564423,-29.47677612,1,13.54110336,1,-18.62544823,1,-2.715991259,1,-2.9461236,1,1.520463943,1,0.418324322,0,-0.511272073,0,2.753305435,0
85.10965729,-26.53780746,1,12.994627,1,-18.22535896,1,-2.164952755,1,-2.379069567,1,1.255786896,1,0.408105552,0,-0.523264945,0,2.754188299,0
85.11364746,-19.7464447,1,12.54643631,1,-16.87187386,1,-1.637195587,1,-1.922029614,1,1.090692639,1,0.399943799,0,-0.532913029,0,2.755278349,0
85.11764526,-15.33789825,1,9.791581154,1,-15.21997833,1,-1.22930932,1,-1.708666801,1,1.029256344,1,0.393651366,0,-0.541243851,0,2.756567478,0
85.12164307,-9.134009361,1,4.649506092,1,-13.82168865,1,-0.986960828,1,-1.49250102,1,1.050419092,1,0.388381541,0,-0.548717141,0,2.758202553,0
85.12564087,-5.202216625,1,0.018520581,1,-11.34431076,1,-0.883092344,1,-1.435053825,1,1.099562883,1,0.383604884,0,-0.55572623,0,2.760293961,0
85.12965393,-5.898009777,1,-5.134340763,1,-9.828432083,1,-0.94014895,1,-1.298256755,1,1.027943969,1,0.378726631,0,-0.562442541,0,2.762603998,0
85.1336441,-4.567712307,1,-6.586401463,1,-8.735987663,1,-0.939065397,1,-1.251610875,1,0.88304764,1,0.373915315,0,-0.568562865,0,2.764578819,0
85.13764191,-8.085487366,1,-6.209176064,1,-7.911345482,1,-0.999724388,1,-1.175621271,1,0.68838954,1,0.369279265,0,-0.574255884,0,2.765998602,0
85.14163971,-8.753240585,1,-3.622698307,1,-8.310918808,1,-1.002314448,1,-0.952110946,1,0.558456957,1,0.364795506,0,-0.57913661,0,2.766892195,0
85.14565277,-9.51064682,1,-1.510854721,1,-8.340554237,1,-1.027785301,1,-0.748238623,1,0.483192801,1,0.360227764,0,-0.583069324,0,2.767787933,0
85.1496582,-12.4971447,1,-0.264694154,1,-9.248590469,1,-0.928389132,1,-0.45130083,1,0.443971664,1,0.355726689,0,-0.585998058,0,2.768812656,0
85.15365601,-11.56363869,1,2.100142717,1,-9.654578209,1,-0.838301837,1,-0.19890511,1,0.422600627,1,0.351405442,0,-0.587796509,0,2.770257473,0
85.15765381,-9.763666153,1,1.184296727,1,-9.309762955,1,-0.695800066,1,-0.031237451,1,0.345816851,1,0.347488284,0,-0.588716984,0,2.77178669,0
85.16165161,-6.219456673,1,-1.044515491,1,-8.461119652,1,-0.611923218,1,-0.042170286,1,0.303238183,1,0.344072819,0,-0.5892694,0,2.773228884,0
85.16565704,-6.476195812,1,-3.062063456,1,-9.29146862,1,-0.521395683,1,-0.054831408,1,0.211231664,1,0.341211736,0,-0.589819074,0,2.774297953,0
85.16965485,-5.880222797,1,-3.704462528,1,-9.163092613,1,-0.479790926,1,-0.044175651,1,0.160915777,1,0.338815749,0,-0.590245128,0,2.775031567,0
85.17365265,-5.200381279,1,-3.391248226,1,-8.93031311,1,-0.468573302,1,-0.063543864,1,0.16580455,1,0.336555243,0,-0.590655804,0,2.775684834,0
85.17765045,-4.89715004,1,-3.062442303,1,-9.186766624,1,-0.466186374,1,-0.088383414,1,0.184815407,1,0.33428818,0,-0.591164291,0,2.776376963,0
85.18165588,-4.885024071,1,-2.94129467,1,-9.278931618,1,-0.440029651,1,-0.09129408,1,0.201056719,1,0.332067013,0,-0.591760874,0,2.777100563,0
85.18565369,-5.032721043,1,-2.80198431,1,-9.141547203,1,-0.412815064,1,-0.09770111,1,0.218097031,1,0.329905689,0,-0.592387974,0,2.777904749,0
85.18965149,-4.946834087,1,-2.786371231,1,-8.948446274,1,-0.385053903,1,-0.10817188,1,0.212997094,1,0.327839434,0,-0.593050718,0,2.778732538,0
85.19365692,-4.387122631,1,-2.666062117,1,-9.007424355,1,-0.360773742,1,-0.127003238,1,0.210507378,1,0.32879734,0,-0.597067237,0,2.805048227,0
85.19765472,-4.630312443,1,-2.119838715,1,-9.12076664,1,-0.325101525,1,-0.141406521,1,0.213768676,1,0.326988608,0,-0.597858846,0,2.805808544,0
85.20165253,-5.131757259,1,-1.199485064,1,-9.140256882,1,-0.269604206,1,-0.149136841,1,0.207635731,1,0.325392663,0,-0.598680019,0,2.806544781,0
85.20565033,-5.273874283,1,-0.673745632,1,-8.870464325,1,-0.204191178,1,-0.152142271,1,0.193146721,1,0.324064672,0,-0.599503219,0,2.807239294,0
85.20964813,-5.197409153,1,-0.857399225,1,-8.95654583,1,-0.125327468,1,-0.146394432,1,0.16732572,1,0.323050439,0,-0.600304723,0,2.807860136,0
85.21365356,-4.970888615,1,-1.337433934,1,-9.051200867,1,-0.064394228,1,-0.151111975,1,0.133135706,1,0.322411418,0,-0.601043761,0,2.808310032,0
85.21765137,-4.27367878,1,-1.760832787,1,-9.050836563,1,-0.009413718,1,-0.175630972,1,0.120534763,1,0.322098613,0,-0.601825237,0,2.808626413,0
85.22164917,-4.209602833,1,-2.09468174,1,-9.119995117,1,0.034856282,1,-0.206310168,1,0.123042457,1,0.322004706,0,-0.602711976,0,2.808879614,0
85.22564697,-4.520887375,1,-2.272199631,1,-8.894633293,1,0.065123521,1,-0.227285013,1,0.120292149,1,0.322080404,0,-0.603687346,0,2.809098482,0
85.22965241,-4.666041374,1,-2.613587618,1,-8.797474861,1,0.094506048,1,-0.247150242,1,0.114907973,1,0.322298527,0,-0.604744792,0,2.809282064,0
85.23365021,-4.611861706,1,-2.827946424,1,-8.674701691,1,0.112524122,1,-0.259599268,1,0.113085188,1,0.322625786,0,-0.605842471,0,2.809416294,0
85.23764801,-4.420439243,1,-2.996083736,1,-8.604514122,1,0.113427937,1,-0.270302057,1,0.117023461,1,0.323007971,0,-0.606983721,0,2.809537649,0
85.24164581,-4.639631748,1,-2.948465586,1,-8.621195793,1,0.113509104,1,-0.28323248,1,0.122406937,1,0.323397368,0,-0.608190656,0,2.809661627,0
85.24565125,-4.8846488,1,-2.858428717,1,-8.539790154,1,0.108711742,1,-0.294396698,1,0.116563559,1,0.323794782,0,-0.60944742,0,2.809762716,0
85.24964905,-5.038246632,1,-2.709669828,1,-8.498044968,1,0.110487528,1,-0.309796184,1,0.105278626,1,0.324204683,0,-0.610736609,0,2.809811831,0
85.25364685,-5.068624973,1,-2.591015816,1,-8.519961357,1,0.111283466,1,-0.313824922,1,0.078172013,1,0.324676096,0,-0.612026393,0,2.809760332,0
85.25764465,-4.849682808,1,-2.51624918,1,-8.60687542,1,0.117601469,1,-0.316022187,1,0.054248564,1,0.325229138,0,-0.613299131,0,2.80958271,0
85.26165009,-4.702519894,1,-2.402355909,1,-8.635002136,1,0.131528035,1,-0.324898094,1,0.039196603,1,0.325887978,0,-0.614583492,0,2.809304714,0
85.26564789,-4.68426466,1,-2.519753933,1,-8.628543854,1,0.138434157,1,-0.350600183,1,0.027899174,1,0.326639831,0,-0.615903258,0,2.808927059,0
85.26965332,-4.617670536,1,-2.524600744,1,-8.498420715,1,0.158382446,1,-0.365434885,1,0.01876964,1,0.327497423,0,-0.617274702,0,2.808477879,0
85.27365112,-4.656655788,1,-2.4259758,1,-8.520568848,1,0.179087132,1,-0.381059855,1,0.006708993,1,0.328481555,0,-0.618703604,0,2.807947159,0
85.27764893,-4.727343559,1,-2.32001853,1,-8.454357147,1,0.201468363,1,-0.393911898,1,-0.001976502,1,0.329589874,0,-0.620176494,0,2.807353497,0
85.28164673,-4.718914032,1,-2.174786091,1,-8.466732025,1,0.230076849,1,-0.40294233,1,-0.00313686,1,0.330831409,0,-0.62167877,0,2.806701422,0
85.28565216,-4.752336979,1,-2.206911325,1,-8.477836609,1,0.257347286,1,-0.414257169,1,-0.013767294,1,0.332209826,0,-0.623207748,0,2.806010962,0
85.28964996,-4.693273544,1,-2.300583601,1,-8.467262268,1,0.286444366,1,-0.420686066,1,-0.016747529,1,0.33373183,0,-0.624774694,0,2.805268764,0
85.29364777,-4.820990562,1,-2.372162819,1,-8.350273132,1,0.301161319,1,-0.426088691,1,-0.02199031,1,0.335366756,0,-0.626350641,0,2.804494619,0
85.29764557,-4.802850723,1,-2.527603149,1,-8.298536301,1,0.318062901,1,-0.428842455,1,-0.027316844,1,0.337090075,0,-0.627928674,0,2.803681612,0
85.301651,-4.790805817,1,-2.687255383,1,-8.240262985,1,0.335872799,1,-0.422757447,1,-0.019622428,1,0.338878989,0,-0.629503846,0,2.802871704,0
85.3056488,-4.838452339,1,-2.831357479,1,-8.156169891,1,0.337446868,1,-0.423604697,1,-0.009863818,1,0.340681016,0,-0.631080747,0,2.802094221,0
85.30964661,-4.956807613,1,-3.264610291,1,-7.964132786,1,0.334587663,1,-0.416894168,1,0.003881773,1,0.342446208,0,-0.632654369,0,2.801380396,0
85.31365204,-5.073127747,1,-3.653155327,1,-7.73237133,1,0.321190178,1,-0.401819974,1,0.021974554,1,0.344121754,0,-0.634207666,0,2.800771236,0
85.31764984,-5.124527931,1,-4.165611267,1,-7.562977791,1,0.28402102,1,-0.383845329,1,0.045325927,1,0.345643133,0,-0.635726035,0,2.800266027,0
85.32164764,-4.993053436,1,-4.424166679,1,-7.482041836,1,0.236582816,1,-0.366189688,1,0.07921721,1,0.34688735,0,-0.637233734,0,2.799927235,0
85.32564545,-5.146119118,1,-4.295758724,1,-7.378609657,1,0.204273775,1,-0.343870729,1,0.099734947,1,0.347876012,0,-0.638696074,0,2.799736977,0
85.32964325,-5.128918171,1,-4.219924927,1,-7.306704044,1,0.16956228,1,-0.313915789,1,0.125622526,1,0.348635644,0,-0.64008069,0,2.799717426,0
85.33364868,-5.17852354,1,-4.098196983,1,-7.358661175,1,0.135365561,1,-0.289681315,1,0.142710194,1,0.349175066,0,-0.64140439,0,2.799832582,0
85.33764648,-5.132469654,1,-3.873078108,1,-7.363231659,1,0.104202271,1,-0.269414723,1,0.156851843,1,0.349502921,0,-0.64265281,0,2.800064802,0
85.34164429,-4.999044895,1,-3.67406249,1,-7.485084534,1,0.085043252,1,-0.252385587,1,0.158703715,1,0.349684954,0,-0.643858135,0,2.800371408,0
85.34564209,-4.865643978,1,-3.217330217,1,-7.680813313,1,0.069385417,1,-0.244070023,1,0.179578304,1,0.349809647,0,-0.645018935,0,2.800706148,0
85.34964752,-4.884157181,1,-3.217400074,1,-7.775670052,1,0.043904155,1,-0.228202641,1,0.205529124,1,0.349728793,0,-0.646170735,0,2.801215649,0
85.35364533,-4.734806538,1,-3.181726217,1,-7.910265446,1,0.038036987,1,-0.220647916,1,0.216430947,1,0.349530727,0,-0.647309661,0,2.801812887,0
85.35764313,-4.585672379,1,-3.171290398,1,-8.08163166,1,0.026175193,1,-0.228722841,1,0.235335931,1,0.349237978,0,-0.648468792,0,2.80249548,0
85.36164856,-4.6533494,1,-3.11055541,1,-8.151885033,1,0.020932063,1,-0.224125639,1,0.252095133,1,0.348860264,0,-0.649650514,0,2.803261518,0
85.36564636,-4.580875397,1,-3.136423349,1,-8.186038017,1,0.027662579,1,-0.232413277,1,0.263014883,1,0.348465681,0,-0.6508587,0,2.804088593,0
85.36964417,-4.592277527,1,-3.407433748,1,-8.156673431,1,0.013310339,1,-0.238277197,1,0.282858551,1,0.348011017,0,-0.652108848,0,2.804981232,0
85.37364197,-4.631165981,1,-3.330449104,1,-8.168673515,1,-0.004920347,1,-0.255024374,1,0.290276498,1,0.347455829,0,-0.653434455,0,2.80591774,0
85.37763977,-4.761425495,1,-3.108681917,1,-8.107689857,1,0.001468646,1,-0.262742519,1,0.301598608,1,0.346863627,0,-0.654803514,0,2.806872129,0
85.3816452,-4.83594656,1,-2.901787281,1,-7.971338749,1,0.003775733,1,-0.267964244,1,0.316450387,1,0.346247852,0,-0.656216085,0,2.807896137,0
85.38564301,-4.783973217,1,-2.930341244,1,-8.070401192,1,0.017076893,1,-0.262592524,1,0.323768169,1,0.345638335,0,-0.657640457,0,2.808959484,0
85.38964081,-4.830655575,1,-3.071836233,1,-8.012043953,1,0.015235063,1,-0.264797449,1,0.329067826,1,0.345034063,0,-0.659077406,0,2.810059786,0
85.39364624,-4.883411884,1,-2.954567671,1,-8.007911682,1,0.023051802,1,-0.265945673,1,0.336384445,1,0.344418228,0,-0.660517514,0,2.811192036,0
85.39765167,-4.921547413,1,-2.921114683,1,-7.983906746,1,0.026267337,1,-0.268377602,1,0.34522745,1,0.343815833,0,-0.66198051,0,2.81235671,0
85.40164948,-4.873026371,1,-3.02463913,1,-8.144616127,1,0.005324727,1,-0.279672742,1,0.342406899,1,0.343163937,0,-0.663472891,0,2.813524246,0
85.40564728,-4.737291336,1,-2.838464022,1,-8.137887955,1,-0.025046945,1,-0.300158978,1,0.337577909,1,0.342434049,0,-0.665022254,0,2.814651728,0
85.40964508,-5.001084805,1,-2.290575743,1,-8.104969025,1,-0.00394574,1,-0.310420126,1,0.326401055,1,0.341714561,0,-0.666612685,0,2.815703869,0
85.41364288,-5.150766373,1,-2.308371544,1,-7.992622852,1,0.0112666,1,-0.303219706,1,0.320564985,1,0.341100574,0,-0.668205917,0,2.816732407,0
85.41764832,-5.114070892,1,-2.466657162,1,-7.957949638,1,0.022445844,1,-0.309588075,1,0.312064797,1,0.340558678,0,-0.669788957,0,2.817724228,0
85.42164612,-5.198069096,1,-2.545589685,1,-7.973842144,1,0.020656697,1,-0.314726621,1,0.298181027,1,0.340061843,0,-0.671380281,0,2.818667889,0
85.42564392,-5.148675442,1,-2.298093796,1,-7.985896111,1,0.031901252,1,-0.322244048,1,0.292444199,1,0.339613616,0,-0.672981262,0,2.819547892,0
85.42964172,-5.306884289,1,-2.213999987,1,-8.001331329,1,0.041351162,1,-0.322326839,1,0.290659249,1,0.339230627,0,-0.674590707,0,2.820407629,0
85.43364716,-5.091602802,1,-2.396222115,1,-7.959669113,1,0.057932839,1,-0.325749874,1,0.284550548,1,0.338913441,0,-0.676203609,0,2.82124567,0
85.43764496,-5.201854229,1,-3.019449949,1,-8.000623703,1,0.042428717,1,-0.341739595,1,0.286106676,1,0.33861804,0,-0.677837193,0,2.822064638,0
85.44164276,-4.955804348,1,-3.196533442,1,-7.936767101,1,0.01933543,1,-0.352631748,1,0.286652833,1,0.327573478,0,-0.629495621,0,2.751259327,0
85.44564819,-5.088933468,1,-3.306108952,1,-7.943249702,1,0.016288484,1,-0.35514316,1,0.302104384,1,0.329341739,0,-0.633045614,0,2.773863316,0
85.449646,-4.992630482,1,-3.498974085,1,-7.910346031,1,0.012288311,1,-0.357451618,1,0.31737569,1,0.328874469,0,-0.634787202,0,2.774755478,0
85.4536438,-5.024077415,1,-3.701476336,1,-7.892362595,1,0.002016103,1,-0.362664312,1,0.343160778,1,0.328303516,0,-0.636577129,0,2.775740147,0
85.4576416,-5.182948112,1,-3.637553453,1,-7.762793541,1,-0.019756135,1,-0.368345469,1,0.370142013,1,0.327615917,0,-0.638410449,0,2.776821852,0
85.4616394,-5.249827862,1,-3.800259113,1,-7.73079586,1,-0.034871694,1,-0.368223548,1,0.386766315,1,0.326791406,0,-0.640301764,0,2.778024673,0
85.46564484,-5.253381729,1,-3.833946228,1,-7.754178047,1,-0.080224931,1,-0.376656026,1,0.408718675,1,0.325793028,0,-0.642235994,0,2.779316187,0
85.46964264,-5.120950699,1,-3.368344069,1,-7.809981823,1,-0.096142031,1,-0.389387488,1,0.429858834,1,0.32461068,0,-0.644224584,0,2.780688763,0
85.47364044,-5.180813313,1,-3.090122938,1,-7.857607365,1,-0.092842661,1,-0.3900913,1,0.447785825,1,0.323358029,0,-0.646268904,0,2.782146931,0
85.47763825,-5.124018669,1,-3.064679623,1,-7.905788422,1,-0.09180031,1,-0.40515703,1,0.46047613,1,0.322059661,0,-0.64835,0,2.78368926,0
85.48164368,-5.224398136,1,-3.084955215,1,-7.910316467,1,-0.091584913,1,-0.418601155,1,0.466632366,1,0.320750624,0,-0.650499046,0,2.78524971,0
85.48564148,-5.291642666,1,-2.975077629,1,-7.948496819,1,-0.091464549,1,-0.435635358,1,0.477907449,1,0.319429517,0,-0.652709365,0,2.786825895,0
85.48963928,-5.309539318,1,-2.776786566,1,-8.012074471,1,-0.098959342,1,-0.451447159,1,0.485104948,1,0.31807214,0,-0.654992104,0,2.788428545,0
85.49364471,-5.2875247,1,-2.709040403,1,-8.131763458,1,-0.090614326,1,-0.468031049,1,0.49049148,1,0.316714108,0,-0.657348275,0,2.790040493,0
85.49764252,-5.069711208,1,-2.423843145,1,-8.275917053,1,-0.08558999,1,-0.498636901,1,0.481813103,1,0.315381289,0,-0.659785628,0,2.791626453,0
85.50164032,-5.162082672,1,-2.332459688,1,-8.507574081,1,-0.069867514,1,-0.530419588,1,0.484209359,1,0.314126968,0,-0.662334979,0,2.793155193,0
85.50563812,-5.119918823,1,-2.418923616,1,-8.432177544,1,-0.05854965,1,-0.562245488,1,0.485879421,1,0.31295079,0,-0.665010214,0,2.794645309,0
85.50963593,-5.195688248,1,-2.565594196,1,-8.351914406,1,-0.048056781,1,-0.593508184,1,0.487240195,1,0.311834604,0,-0.667809069,0,2.796094179,0
85.51364136,-5.103619576,1,-2.625238657,1,-8.327804565,1,-0.037337013,1,-0.63007611,1,0.49528268,1,0.310775101,0,-0.670737386,0,2.79752326,0
85.51764679,-5.076990604,1,-2.658181906,1,-8.369684219,1,-0.032403477,1,-0.663413048,1,0.500711024,1,0.309751689,0,-0.673806429,0,2.798934221,0
85.52164459,-5.150668144,1,-2.755033493,1,-8.440882683,1,-0.043984067,1,-0.70070833,1,0.508135021,1,0.308740139,0,-0.677025914,0,2.800334215,0
85.5256424,-5.048154354,1,-2.578034639,1,-8.327982903,1,-0.061785847,1,-0.740194738,1,0.499352813,1,0.307686925,0,-0.680379033,0,2.801678419,0
85.52964783,-5.184002399,1,-2.0663414,1,-8.327101707,1,-0.045440156,1,-0.785556793,1,0.494599313,1,0.306678534,0,-0.683892429,0,2.802927017,0
85.53364563,-5.345792294,1,-1.942611217,1,-8.35765934,1,-0.02249228,1,-0.81265676,1,0.486321449,1,0.305810481,0,-0.687529683,0,2.804086924,0
85.53764343,-5.297667027,1,-2.161867857,1,-8.36663723,1,-0.015018441,1,-0.849725366,1,0.473234594,1,0.305048913,0,-0.691277087,0,2.805164099,0
85.54164124,-5.318477154,1,-2.480689287,1,-8.402270317,1,-0.015834957,1,-0.889245808,1,0.462118119,1,0.304360926,0,-0.695158184,0,2.806129456,0
85.54563904,-5.266452789,1,-2.711951733,1,-8.419510841,1,-0.024182633,1,-0.931447208,1,0.460446537,1,0.303720891,0,-0.699180722,0,2.806998014,0
85.54964447,-5.365312576,1,-2.835702419,1,-8.481946945,1,-0.038390044,1,-0.974392712,1,0.4702591,1,0.303063929,0,-0.703374028,0,2.807826042,0
85.55364227,-5.307785511,1,-3.00689435,1,-8.520515442,1,-0.05572515,1,-1.020109892,1,0.478732258,1,0.302345335,0,-0.707752645,0,2.808645248,0
85.55764008,-6.320135117,1,-3.894918203,1,-8.860391617,1,-0.11904946,1,-0.949763715,1,0.501816332,1,0.301463991,0,-0.712196469,0,2.809515953,0
85.56163788,-4.253369808,1,-0.742129445,1,-9.324551582,1,0.086000144,1,-1.211428642,1,0.463648528,1,0.300848275,0,-0.716670096,0,2.810285091,0
85.56564331,-6.317092419,1,-1.424999952,1,-9.083622932,1,0.001580067,1,-1.113312125,1,0.523474932,1,0.300548673,0,-0.721732676,0,2.811047077,0
85.56964111,-4.97710228,1,-6.03937006,1,-7.650220394,1,-0.144982278,1,-1.278944731,1,0.496842384,1,0.299778163,0,-0.726916969,0,2.811772585,0
85.57363892,-5.161374569,1,-3.993676901,1,-9.189248085,1,-0.172157705,1,-1.319594383,1,0.501903892,1,0.298818946,0,-0.73247999,0,2.8121984,0
85.57764435,-4.512737274,1,-1.898207903,1,-8.801130295,1,-0.140519738,1,-1.373694301,1,0.600139439,1,0.297700584,0,-0.738264203,0,2.812928915,0
85.58164215,-6.061570168,1,-3.380209446,1,-9.206339836,1,-0.135028392,1,-1.438815594,1,0.630263448,1,0.296503991,0,-0.744385064,0,2.813909054,0
85.58563995,-5.141252995,1,-3.853457212,1,-8.6723032,1,-0.193469822,1,-1.519189,1,0.622607052,1,0.295221716,0,-0.750752985,0,2.814822912,0
85.58963776,-4.931327343,1,-3.18900156,1,-9.14568615,1,-0.224361002,1,-1.611659527,1,0.655483425,1,0.293780953,0,-0.757508278,0,2.815687656,0
85.59363556,-5.202525139,1,-2.745233059,1,-9.223694801,1,-0.230011046,1,-1.694213867,1,0.702408671,1,0.292195916,0,-0.764616489,0,2.816653252,0
85.59764099,-5.040813446,1,-2.802645922,1,-9.278325081,1,-0.221258819,1,-1.794317603,1,0.743422627,1,0.290535867,0,-0.772127032,0,2.81773448,0
85.60163879,-5.187210083,1,-3.007544279,1,-9.398625374,1,-0.211002246,1,-1.901276946,1,0.779379368,1,0.288889885,0,-0.780080497,0,2.818855524,0
85.6056366,-5.161633015,1,-3.271258831,1,-9.522673607,1,-0.223280728,1,-2.006692886,1,0.836289346,1,0.287154794,0,-0.78850174,0,2.820088148,0
85.6096344,-5.130935669,1,-3.585175037,1,-9.825676918,1,-0.239417821,1,-2.124934912,1,0.889722288,1,0.285246968,0,-0.797394574,0,2.821470737,0
85.61363983,-5.078322411,1,-3.649034739,1,-9.973025322,1,-0.261360198,1,-2.248390913,1,0.954561591,1,0.283121526,0,-0.806813419,0,2.823035479,0
85.61763763,-4.836623669,1,-3.599195004,1,-10.1784935,1,-0.268206775,1,-2.393021584,1,1.016085386,1,0.280785769,0,-0.816830695,0,2.824786186,0
85.62163544,-4.722307205,1,-3.463862181,1,-10.5569973,1,-0.264762104,1,-2.557036638,1,1.089368224,1,0.278318524,0,-0.827510893,0,2.826700449,0
85.62564087,-4.881165028,1,-4.014281273,1,-10.84962845,1,-0.279101223,1,-2.719214201,1,1.169385552,1,0.2756446,0,-0.838880777,0,2.828859806,0
85.62963867,-4.597048283,1,-4.149898052,1,-11.13622761,1,-0.291132063,1,-2.910045385,1,1.258695841,1,0.272678524,0,-0.851037681,0,2.831300497,0
85.6336441,-4.29692173,1,-4.367490768,1,-11.43130875,1,-0.29020828,1,-3.133754253,1,1.348874092,1,0.269448042,0,-0.864081144,0,2.834035635,0
85.63764191,-4.447494507,1,-4.743326664,1,-11.84892273,1,-0.284671247,1,-3.359195232,1,1.477914333,1,0.265897453,0,-0.87808907,0,2.837182283,0
85.64163971,-3.981477976,1,-5.216286659,1,-11.94719887,1,-0.270709097,1,-3.615319014,1,1.612059355,1,0.261963487,0,-0.893163085,0,2.840841055,0
85.64563751,-3.743287802,1,-5.605289459,1,-12.35702229,1,-0.253492206,1,-3.896595955,1,1.757343888,1,0.257581502,0,-0.909427285,0,2.845099449,0
85.64964294,-3.94936204,1,-6.012619019,1,-12.61653233,1,-0.234719709,1,-4.194793701,1,1.922358632,1,0.252648622,0,-0.926930785,0,2.850080013,0
85.65364075,-4.260179043,1,-6.706103325,1,-13.13671494,1,-0.224311009,1,-4.476997375,1,2.087502956,1,0.246987954,0,-0.945722401,0,2.855973244,0
85.65763855,-5.133864403,1,-7.485042095,1,-13.28620148,1,-0.239282981,1,-4.776599407,1,2.239228487,1,0.240537047,0,-0.965776205,0,2.862759829,0
85.66164398,-5.133622646,1,-9.028057098,1,-13.33936405,1,-0.323697805,1,-5.056042194,1,2.435917854,1,0.232789934,0,-0.987082601,0,2.870761395,0
85.66564179,-4.894794941,1,-9.771384239,1,-13.48585224,1,-0.406781048,1,-5.357074261,1,2.655524731,1,0.223232672,0,-1.009652138,0,2.880389452,0
85.66963959,-4.6603508,1,-10.38921738,1,-13.05380821,1,-0.479176342,1,-5.628469467,1,2.877229452,1,0.21152541,0,-1.033494353,0,2.892022133,0
85.67363739,-5.100889683,1,-11.11271381,1,-12.59644032,1,-0.553149581,1,-5.897421837,1,3.172810793,1,0.197158188,0,-1.058512568,0,2.90627718,0
85.67763519,-8.446416855,1,-13.17458725,1,-13.75844288,1,-0.701053917,1,-6.047811985,1,3.416970968,1,0.179073036,0,-1.084504366,0,2.924012184,0
85.68164063,-10.07563782,1,-12.44082069,1,-14.51889133,1,-0.858097434,1,-6.106832981,1,3.62508297,1,0.156777889,0,-1.110819936,0,2.945578098,0
85.68563843,-9.034015656,1,-10.37902069,1,-14.11192894,1,-0.964098155,1,-6.281638622,1,3.861883879,1,0.1296556,0,-1.137398243,0,2.971643925,0
85.68963623,-12.73783875,1,-8.488858223,1,-15.88212109,1,-1.03602016,1,-6.36551857,1,4.027473927,1,0.096849285,0,-1.164402723,0,3.003133059,0
85.69363403,-14.50323582,1,-6.876744747,1,-16.01655579,1,-1.013014793,1,-6.331222534,1,4.212069988,1,0.050331563,0,-1.191193819,0,3.06784153,0
85.69763947,-13.59884548,1,-7.20919323,1,-15.73378658,1,-1.019249201,1,-6.378098488,1,4.347304344,1,0.003439201,0,-1.217029214,0,3.11371088,0
85.70163727,-14.73339367,1,-7.252132893,1,-15.59217548,1,-1.019711733,1,-6.492233753,1,4.450217247,1,-0.051960204,0,-1.242369413,0,-3.11502409,0
85.70563507,-17.2680912,1,-7.735355377,1,-14.15027523,1,-1.025988221,1,-6.52442646,1,4.579820156,1,-0.117667802,0,-1.266785383,0,-3.050154209,0
85.7096405,-18.04258728,1,-8.929644585,1,-13.51296806,1,-1.207657337,1,-6.624473572,1,4.735885143,1,-0.197134674,0,-1.289866686,0,-2.971850634,0
85.71363831,-21.73887444,1,-7.673428535,1,-13.49122334,1,-1.335461855,1,-6.530438423,1,4.74367857,1,-0.291695952,0,-1.310862064,0,-2.879037619,0
85.71763611,-21.63586426,1,-8.278229713,1,-12.36091232,1,-1.448014021,1,-6.417424202,1,4.753990173,1,-0.401094586,0,-1.328757763,0,-2.771850348,0
85.72163391,-22.82415199,1,-9.774338722,1,-12.05167294,1,-1.689294815,1,-6.293520451,1,4.869822025,1,-0.526967704,0,-1.342933655,0,-2.648853779,0
85.72563171,-23.21465492,1,-8.519395828,1,-12.95778847,1,-1.926612496,1,-6.080874443,1,4.796741486,1,-0.666469693,0,-1.352542162,0,-2.513256073,0
85.72963715,-22.07170296,1,-8.044303894,1,-11.92807484,1,-1.993219256,1,-5.828647137,1,4.628198147,1,-0.811009288,0,-1.357503057,0,-2.373352289,0
85.73363495,-19.34462166,1,-8.340659142,1,-10.50042629,1,-2.192662001,1,-5.568448067,1,4.656149864,1,-0.95518446,0,-1.357630014,0,-2.234344721,0
85.73763275,-16.72705269,1,-7.355515957,1,-9.68635273,1,-2.447627068,1,-5.256662846,1,4.608728409,1,-1.093314886,0,-1.353067636,0,-2.102496386,0
85.74163055,-10.73565865,1,-5.041216373,1,-8.837356567,1,-2.545316219,1,-4.834238529,1,4.495100021,1,-1.217830777,0,-1.344501019,0,-1.98515141,0
85.74563599,-5.003092289,1,-3.944102049,1,-8.041732788,1,-2.621912956,1,-4.369854927,1,4.416086197,1,-1.324653029,0,-1.332920671,0,-1.886015296,0
85.74963379,-4.622088432,1,-1.925515532,1,-9.043480873,1,-2.595194817,1,-4.146327972,1,4.334235668,1,-1.415782332,0,-1.319099426,0,-1.802876592,0
85.75363922,-6.94974041,1,-1.068235636,1,-7.830488205,1,-2.428264141,1,-4.062468529,1,4.122209549,1,-1.49460125,0,-1.30420208,0,-1.731787682,0
85.75763702,-23.33912468,1,4.2665658,1,-9.013180733,1,-1.772758722,1,-4.074994564,1,3.723073721,1,-1.56357801,0,-1.28903687,0,-1.669091463,0
85.76163483,-38.23609543,1,6.237150192,1,-16.91780663,1,-0.776395738,1,-3.091253042,1,2.920957565,1,-1.616766095,0,-1.275457859,0,-1.618830204,0
85.76564789,-25.01400375,1,2.45749855,1,-18.42910576,1,-0.139289573,1,-1.889110088,1,2.222458839,1,-1.648341537,0,-1.264676571,0,-1.587627649,0
85.76964569,-10.61196136,1,-0.334322929,1,-13.86102104,1,0.324854195,1,-1.216337681,1,1.832593441,1,-1.664587855,0,-1.256124496,0,-1.570156813,0
85.77364349,-5.530488968,1,-3.165234089,1,-10.97826672,1,0.719164968,1,-0.950619519,1,1.5565871,1,-1.673444629,0,-1.24897635,0,-1.558620334,0
85.77763367,-7.568210125,1,-6.120057106,1,-10.84652138,1,0.880012035,1,-0.671520114,1,1.288972139,1,-1.67805469,0,-1.242962122,0,-1.550299525,0
85.78164673,-7.034830093,1,-7.364618778,1,-11.30612564,1,0.811433196,1,-0.31044659,1,1.034281135,1,-1.678845286,0,-1.238144517,0,-1.545853972,0
85.78564453,-4.363665581,1,-7.652009487,1,-10.18556881,1,0.674853742,1,-0.06300354,1,0.83464247,1,-1.676723719,0,-1.234380126,0,-1.54493928,0
85.78964233,-2.610951662,1,-7.792864323,1,-8.783567429,1,0.505881011,1,0.043838907,1,0.715405166,1,-1.673501492,0,-1.231297016,0,-1.54583478,0
85.79364777,-1.223222852,1,-7.509743214,1,-7.97549963,1,0.300414026,1,0.135231569,1,0.609651625,1,-1.670143962,0,-1.228698254,0,-1.547689319,0
85.79764557,0.661446273,1,-6.82200861,1,-7.189098358,1,0.111858591,1,0.22446537,1,0.503588676,1,-1.66669035,0,-1.22655201,0,-1.550492764,0
85.80164337,1.943408251,1,-5.625408649,1,-6.606375217,1,-0.003906543,1,0.287134618,1,0.402406752,1,-1.66318059,0,-1.2248559,0,-1.554012299,0
85.80564117,2.140198231,1,-4.42711544,1,-6.425615311,1,-0.042937439,1,0.338499427,1,0.30073145,1,-1.659522414,0,-1.223571777,0,-1.558021426,0
85.80963898,2.062315226,1,-3.467977047,1,-6.381226063,1,-0.037669271,1,0.398502886,1,0.195111141,1,-1.655409336,0,-1.222712636,0,-1.562583804,0
85.81364441,2.54675889,1,-2.788230658,1,-6.146574497,1,0.022316594,1,0.468043536,1,0.086940244,1,-1.650583506,0,-1.222288609,0,-1.567763329,0
85.81764221,2.995866776,1,-2.202874899,1,-5.924996853,1,0.132806331,1,0.545229018,1,-0.023410358,1,-1.644688606,0,-1.222317576,0,-1.573720098,0
85.82164002,3.304930925,1,-1.846738219,1,-5.861994743,1,0.270428717,1,0.635082245,1,-0.123230368,1,-1.637450814,0,-1.222778201,0,-1.580562115,0
85.82563782,3.391797304,1,-1.752125144,1,-5.971977711,1,0.407352984,1,0.726240754,1,-0.232047439,1,-1.628692269,0,-1.22365725,0,-1.588428974,0
85.82964325,3.283880711,1,-1.925926447,1,-5.989722252,1,0.541820049,1,0.85224396,1,-0.344321221,1,-1.618247271,0,-1.224987268,0,-1.59751749,0
85.83364105,3.353079081,1,-2.121718645,1,-5.964870453,1,0.654429674,1,0.973767936,1,-0.441292912,1,-1.605834007,0,-1.226718068,0,-1.608153105,0
85.83763886,3.321454763,1,-2.262754917,1,-5.974119663,1,0.748805523,1,1.113684058,1,-0.538150847,1,-1.591510534,0,-1.228792071,0,-1.62037909,0
85.84164429,3.335386992,1,-2.358176708,1,-6.006052017,1,0.824353576,1,1.255799055,1,-0.632820845,1,-1.575106859,0,-1.231193066,0,-1.634435534,0
85.84564209,3.412244797,1,-2.294475317,1,-6.036836624,1,0.884209394,1,1.399718523,1,-0.730484664,1,-1.556567192,0,-1.233897686,0,-1.65045929,0
85.84963989,3.292264223,1,-2.172421217,1,-6.145922661,1,0.934213519,1,1.551138878,1,-0.825955868,1,-1.535776973,0,-1.236874104,0,-1.668622017,0
85.8536377,3.132736683,1,-1.983012438,1,-6.251575947,1,0.987576723,1,1.715207577,1,-0.927333117,1,-1.512550116,0,-1.240062356,0,-1.689135551,0
85.8576355,2.935068369,1,-1.78990078,1,-6.386528969,1,1.038077116,1,1.871148467,1,-1.018133402,1,-1.486727238,0,-1.243424773,0,-1.712140799,0
85.86164093,2.853374481,1,-1.555660605,1,-6.53272295,1,1.095802069,1,2.035033226,1,-1.118319869,1,-1.458171844,0,-1.246919155,0,-1.737774849,0
85.86563873,2.677071095,1,-1.325207591,1,-6.57981348,1,1.166150331,1,2.190937042,1,-1.212221384,1,-1.426747561,0,-1.250454545,0,-1.766136408,0
85.86963654,2.488018036,1,-1.089113951,1,-6.718430519,1,1.240214229,1,2.340784073,1,-1.299499512,1,-1.392368555,0,-1.253958106,0,-1.797269344,0
85.87364197,2.254157782,1,-0.961813211,1,-6.807746887,1,1.315622807,1,2.493175268,1,-1.383249998,1,-1.354950786,0,-1.257329941,0,-1.831243515,0
85.8776474,2.034138203,1,-0.816533387,1,-6.912477493,1,1.39881897,1,2.6463449,1,-1.462442636,1,-1.314404964,0,-1.260458112,0,-1.868143797,0
85.8816452,1.834895015,1,-0.800472617,1,-7.056862831,1,1.473069906,1,2.790779352,1,-1.539934874,1,-1.270732403,0,-1.263246179,0,-1.907953739,0
85.88564301,1.486529708,1,-0.761734366,1,-7.164554119,1,1.546067953,1,2.935106516,1,-1.615059376,1,-1.224010825,0,-1.265594125,0,-1.950619459,0
85.88964081,1.211357474,1,-0.68732053,1,-7.23400259,1,1.607041478,1,3.083258629,1,-1.683368325,1,-1.174351931,0,-1.267367244,0,-1.996059418,0
85.89363861,0.856258273,1,-0.670043409,1,-7.325207233,1,1.679609418,1,3.218147516,1,-1.739911318,1,-1.121971607,0,-1.268456697,0,-2.044042349,0
85.89764404,0.517044723,1,-0.573471844,1,-7.426614285,1,1.747079134,1,3.364664316,1,-1.80195415,1,-1.067160606,0,-1.268714428,0,-2.094276667,0
85.90164185,0.123181783,1,-0.503635168,1,-7.535385609,1,1.812355757,1,3.505836964,1,-1.851889014,1,-1.010194421,0,-1.268036485,0,-2.146483898,0
85.90563965,-0.054577291,1,-0.386463463,1,-7.666865826,1,1.883865476,1,3.635935307,1,-1.899269462,1,-0.951599479,0,-1.266330123,0,-2.20014143,0
85.90963745,-0.211859003,1,-0.201524407,1,-7.756397247,1,1.945088387,1,3.754214764,1,-1.939919472,1,-0.891920686,0,-1.263519287,0,-2.254700184,0
85.91364288,-0.426834226,1,-0.059237063,1,-7.9180336,1,2.016717196,1,3.868066788,1,-1.973619938,1,-0.831826329,0,-1.259541988,0,-2.309457302,0
85.91764069,-0.684006929,1,0.108635366,1,-8.045688629,1,2.089610338,1,3.967238188,1,-1.995496273,1,-0.771906316,0,-1.254350662,0,-2.363821507,0
85.92163849,-1.033385158,1,0.256909788,1,-8.12723732,1,2.164083004,1,4.075092793,1,-2.00927186,1,-0.712703764,0,-1.247905254,0,-2.417216778,0
85.92564392,-1.355752349,1,0.396279782,1,-8.201016426,1,2.250789642,1,4.181382179,1,-2.012367249,1,-0.654682279,0,-1.240176201,0,-2.469143867,0
85.92964172,-1.764301777,1,0.536072433,1,-8.304368019,1,2.334331751,1,4.289111137,1,-2.006748915,1,-0.598261535,0,-1.231168509,0,-2.519169569,0
85.93363953,-2.110442877,1,0.595159709,1,-8.437105179,1,2.413413525,1,4.40034914,1,-2.004292488,1,-0.543790281,0,-1.220872164,0,-2.566952229,0
85.93763733,-2.335093975,1,0.772561729,1,-8.581553459,1,2.498221397,1,4.499282837,1,-1.992569566,1,-0.491528094,0,-1.209346175,0,-2.612223864,0
85.94163513,-2.428767204,1,0.874241114,1,-8.649577141,1,2.575325727,1,4.601748943,1,-1.969357371,1,-0.441743195,0,-1.196648479,0,-2.654697657,0
85.94564056,-2.56613946,1,0.922629595,1,-8.762718201,1,2.654046774,1,4.693464279,1,-1.942937136,1,-0.389397502,0,-1.188295603,0,-2.678733826,0
85.94963837,-2.720979929,1,0.975148618,1,-8.852348328,1,2.736169338,1,4.771665096,1,-1.905715942,1,-0.344611555,0,-1.173388481,0,-2.715494633,0
85.95363617,-2.749900818,1,0.993079782,1,-9.023535728,1,2.820692778,1,4.855660915,1,-1.869972825,1,-0.30251658,0,-1.157528162,0,-2.749192953,0
85.95763397,-2.999158859,1,1.121880293,1,-9.179873466,1,2.911360741,1,4.920435905,1,-1.834303379,1,-0.263027191,0,-1.140826225,0,-2.779901028,0
85.9616394,-3.19207406,1,1.203875065,1,-9.373723984,1,3.010795116,1,4.998170853,1,-1.793033004,1,-0.225961953,0,-1.123325467,0,-2.807767868,0
85.96563721,-3.509275436,1,1.346058965,1,-9.563552856,1,3.113374472,1,5.063049793,1,-1.755767584,1,-0.191101894,0,-1.105105639,0,-2.832960129,0
85.96963501,-3.783854961,1,1.317976832,1,-9.733981133,1,3.220281601,1,5.136181831,1,-1.729825139,1,-0.158207506,0,-1.086232662,0,-2.855702162,0
85.97364044,-4.029040813,1,1.24614656,1,-10.00993252,1,3.332019806,1,5.195685863,1,-1.706896544,1,-0.127036884,0,-1.06674552,0,-2.876230717,0
85.97763825,-4.253988266,1,1.166822791,1,-10.12561321,1,3.437855959,1,5.263704777,1,-1.696538806,1,-0.097366169,0,-1.046726227,0,-2.894752264,0
85.98163605,-4.603207111,1,0.932447791,1,-10.33545971,1,3.532274246,1,5.314819336,1,-1.688502431,1,-0.069050133,0,-1.026203752,0,-2.911448002,0
85.98563385,-4.748072147,1,0.745834947,1,-10.56817055,1,3.618941545,1,5.370706558,1,-1.695497632,1,-0.041951995,0,-1.005241632,0,-2.926508188,0
85.98963165,-4.91029644,1,0.392726749,1,-10.72671509,1,3.692723989,1,5.410155296,1,-1.709177732,1,-0.015893865,0,-0.983889222,0,-2.940143108,0
85.99363709,-5.131850719,1,0.119084083,1,-10.92308712,1,3.755223274,1,5.440987587,1,-1.72735393,1,0.009190125,0,-0.962202728,0,-2.952462673,0
85.99764252,-5.360943794,1,-0.068404824,1,-11.18998909,1,3.810299635,1,5.464524269,1,-1.756965041,1,0.033447076,0,-0.94026047,0,-2.963666677,0
86.00164032,-5.566608906,1,-0.295956522,1,-11.49136448,1,3.867581606,1,5.471174717,1,-1.789092064,1,0.056948446,0,-0.918091655,0,-2.973846436,0
86.00563812,-5.667039394,1,-0.308742642,1,-11.82675934,1,3.92480588,1,5.472749233,1,-1.839637995,1,0.079887114,0,-0.895766258,0,-2.983174562,0
86.00964356,-5.701698303,1,-0.268491477,1,-12.23317337,1,3.984931707,1,5.45225668,1,-1.894691706,1,0.102338329,0,-0.873322368,0,-2.991755962,0
86.01364136,-5.837460518,1,-0.230944335,1,-12.72114754,1,4.059281349,1,5.421907425,1,-1.959829092,1,0.124487467,0,-0.850830197,0,-2.999744654,0
86.01763916,-6.241580486,1,-0.265748084,1,-13.23820591,1,4.12953949,1,5.387547493,1,-2.037671566,1,0.146444514,0,-0.828330159,0,-3.007248878,0
86.02163696,-6.595966816,1,-0.367265373,1,-13.78292084,1,4.202795982,1,5.353783607,1,-2.130670309,1,0.168295041,0,-0.805815339,0,-3.014354467,0
86.02563477,-7.152709484,1,-0.492291838,1,-14.42155552,1,4.26601553,1,5.32036972,1,-2.231909275,1,0.190099224,0,-0.783263743,0,-3.021170378,0
86.02963257,-7.732159615,1,-0.605675519,1,-15.16448307,1,4.317558289,1,5.282501698,1,-2.339385509,1,0.211879537,0,-0.760671496,0,-3.027770519,0
86.033638,-8.326342583,1,-0.550547302,1,-15.93812847,1,4.363598347,1,5.240306854,1,-2.452884197,1,0.233620569,0,-0.73804003,0,-3.034188032,0
86.0376358,-9.028886795,1,-0.346086204,1,-16.78226662,1,4.403506756,1,5.193500042,1,-2.564644575,1,0.255318522,0,-0.715363801,0,-3.040463448,0
86.04163361,-9.908765793,1,-0.141125679,1,-17.52846718,1,4.434028625,1,5.149062634,1,-2.68382287,1,0.276966155,0,-0.692650437,0,-3.046592474,0
86.04563904,-11.06063843,1,0.143315613,1,-18.19968605,1,4.463057518,1,5.11049509,1,-2.805226564,1,0.298585415,0,-0.669867754,0,-3.052650928,0
86.04963684,-12.32249641,1,0.468614131,1,-18.94916725,1,4.479590416,1,5.064736843,1,-2.931542158,1,0.320144236,0,-0.64699477,0,-3.058643341,0
86.05363464,-14.01031017,1,0.550682664,1,-19.52050018,1,4.480350018,1,5.048325062,1,-3.057962894,1,0.341584086,0,-0.623984396,0,-3.064559221,0
86.05763245,-15.89264107,1,0.634011686,1,-19.97796249,1,4.452016354,1,5.045437813,1,-3.189313889,1,0.362803996,0,-0.600730121,0,-3.070378304,0
86.06163025,-17.81150055,1,0.908049405,1,-20.3753643,1,4.393718719,1,5.050152779,1,-3.319673777,1,0.383679807,0,-0.577187002,0,-3.076094627,0
86.06563568,-19.60190392,1,2.080353975,1,-20.64963722,1,4.315134048,1,5.036958218,1,-3.449379921,1,0.404117167,0,-0.553352892,0,-3.081725597,0
86.06963348,-21.37577629,1,4.309128761,1,-20.96384048,1,4.247436047,1,4.99504137,1,-3.566063404,1,0.424108326,0,-0.529343724,0,-3.087298155,0
86.07363129,-23.51619911,1,7.365262508,1,-20.75954819,1,4.222740173,1,4.950142384,1,-3.670971155,1,0.443747401,0,-0.505215645,0,-3.092790604,0
86.07763672,-26.25457382,1,9.82615757,1,-19.75654602,1,4.264379978,1,4.954878807,1,-3.741205215,1,0.463200271,0,-0.480918705,0,-3.09807682,0
86.08163452,-28.48678398,1,11.11099434,1,-17.99724579,1,4.332480907,1,4.999783516,1,-3.758835316,1,0.482565612,0,-0.456357658,0,-3.102891207,0
86.08563232,-30.65880966,1,10.53717041,1,-15.67486,1,4.364701271,1,5.080932617,1,-3.721938133,1,0.501733899,0,-0.431509554,0,-3.106950998,0
86.08963013,-32.5379715,1,8.072278023,1,-12.99860764,1,4.245905876,1,5.16352129,1,-3.599736691,1,0.520240903,0,-0.406471074,0,-3.109987497,0
86.09363556,-33.31937027,1,4.830715179,1,-10.10228443,1,3.878918886,1,5.193521976,1,-3.379285097,1,0.537219286,0,-0.381508589,0,-3.111718416,0
86.09763336,-32.8342514,1,2.573793173,1,-6.896993637,1,3.32365036,1,5.103410244,1,-3.05974412,1,0.551792145,0,-0.357179135,0,-3.112091303,0
86.10163117,-31.54642677,1,2.413373709,1,-4.081913471,1,2.68461585,1,4.867037296,1,-2.670063496,1,0.56351155,0,-0.334167063,0,-3.11119771,0
86.10562897,-30.31604385,1,4.57887125,1,-1.529796362,1,2.091552258,1,4.515441418,1,-2.238250017,1,0.572412312,0,-0.313039124,0,-3.109265089,0
86.10962677,-28.91107368,1,8.963235855,1,1.155912042,1,1.691631675,1,4.053102016,1,-1.794226646,1,0.579117775,0,-0.294252247,0,-3.106571198,0
86.1136322,-28.17749214,1,13.757658,1,3.341904402,1,1.544437528,1,3.522027016,1,-1.337837696,1,0.584616363,0,-0.27814424,0,-3.103340149,0
86.11763763,-28.51271629,1,17.86527061,1,5.021716118,1,1.634306073,1,2.972280025,1,-0.881362498,1,0.589944124,0,-0.26487419,0,-3.099709988,0
86.12163544,-29.2965889,1,20.98055458,1,6.039664745,1,1.919810414,1,2.433684111,1,-0.426974237,1,0.595984161,0,-0.254449546,0,-3.095705748,0
86.12563324,-29.8837719,1,22.47105789,1,6.478245735,1,2.285177708,1,1.926254272,1,0.006318454,1,0.603307426,0,-0.246785238,0,-3.091345787,0
86.12963867,-28.77568436,1,20.38585281,1,5.15508604,1,2.57170248,1,1.431276441,1,0.422146231,1,0.611978292,0,-0.24174574,0,-3.086665869,0
86.13363648,-22.16751099,1,3.753021717,1,4.119887352,1,1.473916054,1,0.590956628,1,1.049136639,1,0.61930263,0,-0.239973381,0,-3.081795454,0
86.13763428,-35.54689789,1,0.76040113,1,8.773691177,1,-0.039599303,1,-0.454730421,1,1.893281817,1,0.620836794,0,-0.24325259,0,-3.076737165,0
86.14163208,-35.97987366,1,1.695362091,1,11.70628929,1,-1.633629799,1,-0.926925659,1,2.439267635,1,0.616219759,0,-0.250682056,0,-3.071114779,0
86.14562988,-28.19876671,1,2.975588322,1,13.66598892,1,-3.133000612,1,-1.471138835,1,2.957775831,1,0.60493046,0,-0.26071611,0,-3.064832211,0
86.14963532,-26.54283714,1,15.52840805,1,12.93700695,1,-3.740892649,1,-2.093812704,1,3.762211561,1,0.588978231,0,-0.274145126,0,-3.05752039,0
86.15363312,-19.30817223,1,30.2554493,1,4.153698921,1,-3.285604477,1,-2.295031309,1,4.41949892,1,0.572167337,0,-0.290689051,0,-3.048238993,0
86.15763092,-10.71361637,1,27.15082169,1,-4.714811325,1,-2.760185719,1,-2.121861696,1,4.608886719,1,0.556882501,0,-0.307815969,0,-3.037185192,0
86.16162872,-19.7718792,1,13.03210735,1,-15.14387226,1,-2.381565332,1,-1.850549936,1,4.370265484,1,0.542809546,0,-0.324043572,0,-3.025360346,0
86.16563416,-16.98378372,1,-5.667813301,1,-22.0710659,1,-1.855618358,1,-1.367086291,1,3.976642847,1,0.530729115,0,-0.338170797,0,-3.013716221,0
86.16963196,-5.130106449,1,-23.22145653,1,-25.40357399,1,-1.8691324,1,-0.869685233,1,3.792723656,1,0.519471824,0,-0.349740714,0,-3.001835346,0
86.17362976,-1.597116232,1,-36.89833832,1,-23.68700409,1,-2.275298357,1,-0.700771451,1,3.626541376,1,0.506964028,0,-0.359721482,0,-2.989677429,0
86.17763519,0.07493677,1,-40.76478958,1,-16.7841568,1,-2.875989437,1,-0.771617949,1,3.505093098,1,0.49241665,0,-0.369083732,0,-2.977744818,0
86.181633,-0.322404951,1,-35.72216034,1,-9.222043037,1,-3.438619375,1,-1.274743795,1,3.301841021,1,0.475790083,0,-0.378985465,0,-2.966721535,0
86.1856308,1.502386332,1,-24.79516983,1,-4.23780489,1,-3.93669486,1,-1.83080399,1,2.935818434,1,0.457626492,0,-0.390157729,0,-2.957708359,0
86.18963623,1.840853333,1,-15.9828558,1,-2.815119743,1,-4.433722496,1,-2.771961927,1,2.691029549,1,0.438208073,0,-0.403302968,0,-2.950967073,0
86.19363403,-2.419206619,1,-7.654597759,1,-3.959241629,1,-4.466193676,1,-3.633480787,1,2.214504242,1,0.418414354,0,-0.421567142,0,-2.929447174,0
86.19763184,-12.23861504,1,1.264629245,1,-9.119644165,1,-4.233918667,1,-3.955658197,1,1.541431904,1,0.400573552,0,-0.438599527,0,-2.928533316,0
86.20162964,-24.024786,1,8.907873154,1,-13.60184956,1,-3.826760769,1,-3.68126297,1,0.945839703,1,0.385162652,0,-0.454802155,0,-2.930072069,0
86.20562744,-29.04489899,1,15.2979517,1,-19.95843315,1,-3.45786047,1,-3.008223772,1,0.637688637,1,0.371625662,0,-0.468415737,0,-2.932413101,0
86.20962524,-25.78774643,1,24.48415184,1,-21.81702042,1,-2.891749144,1,-2.18823123,1,0.660414815,1,0.359545231,0,-0.479012936,0,-2.933946848,0
86.21363068,-20.54043961,1,26.72621536,1,-22.09710121,1,-2.261940479,1,-1.574383616,1,0.806878209,1,0.349105418,0,-0.487046003,0,-2.933772564,0
86.21762848,-11.14949512,1,22.07943535,1,-18.67226791,1,-1.578217149,1,-1.160032392,1,1.012391806,1,0.340621054,0,-0.493347853,0,-2.931950569,0
86.22162628,-0.96555686,1,13.79732037,1,-14.63581276,1,-1.069942594,1,-1.187365174,1,1.176432967,1,0.333912134,0,-0.499132931,0,-2.928951979,0
86.22563171,1.639395237,1,2.514554501,1,-12.10556889,1,-0.849274218,1,-1.416240931,1,1.235755086,1,0.328587204,0,-0.505647004,0,-2.92565012,0
86.22962952,-1.794943929,1,-8.272127151,1,-10.26743603,1,-0.912469089,1,-1.507541299,1,1.093394041,1,0.323651999,0,-0.512736499,0,-2.922695875,0
86.23363495,-4.461647034,1,-10.90145397,1,-8.151967049,1,-0.999064028,1,-1.491422772,1,0.893698096,1,0.318810999,0,-0.519729018,0,-2.92054987,0
86.23763275,-9.479930878,1,-9.930846214,1,-6.378337383,1,-1.044557691,1,-1.317372561,1,0.640472531,1,0.313975573,0,-0.526017606,0,-2.919196367,0
86.24163055,-14.22716331,1,-5.783139706,1,-7.710806847,1,-1.037160397,1,-1.001912713,1,0.420206308,1,0.309516549,0,-0.531104088,0,-2.918556929,0
86.24563599,-15.01501942,1,1.752862453,1,-6.964941025,1,-0.901954353,1,-0.694866002,1,0.350455016,1,0.305327743,0,-0.534812689,0,-2.918061733,0
86.24963379,-8.722311974,1,4.240659714,1,-8.760770798,1,-0.684795976,1,-0.568110645,1,0.369124115,1,0.301741332,0,-0.537548721,0,-2.91731739,0
86.25363159,-7.481544971,1,5.107587337,1,-10.17835522,1,-0.472062111,1,-0.493764311,1,0.39567852,1,0.29894048,0,-0.540061951,0,-2.916357517,0
86.2576294,-5.503831863,1,2.179524899,1,-10.52858829,1,-0.287563264,1,-0.499978274,1,0.397942901,1,0.296867847,0,-0.542415261,0,-2.915260792,0
86.26163483,-6.503094196,1,-1.930463791,1,-9.982785225,1,-0.181597397,1,-0.47547245,1,0.386950314,1,0.295393765,0,-0.544752002,0,-2.914178848,0
86.26563263,-6.607859612,1,-4.458818913,1,-9.028831482,1,-0.148434162,1,-0.455442935,1,0.384711027,1,0.29418996,0,-0.546984494,0,-2.913084269,0
86.26963043,-7.04830122,1,-5.675720692,1,-8.340744972,1,-0.143570751,1,-0.415522814,1,0.376194656,1,0.293014884,0,-0.549099326,0,-2.911963224,0
86.27363586,-5.738883018,1,-5.561945438,1,-7.905023575,1,-0.178790331,1,-0.397429079,1,0.363202989,1,0.291787148,0,-0.551071644,0,-2.91083622,0
86.27763367,-4.410865307,1,-4.63546896,1,-8.651796341,1,-0.204929247,1,-0.389794379,1,0.349391639,1,0.290475756,0,-0.55298388,0,-2.909774303,0
86.28163147,-4.80064106,1,-1.929951787,1,-9.267491341,1,-0.191176087,1,-0.381365925,1,0.364363432,1,0.289074659,0,-0.554868937,0,-2.90868187,0
86.28562927,-5.318117142,1,-0.184773505,1,-8.918798447,1,-0.151492551,1,-0.378620595,1,0.370449305,1,0.287785947,0,-0.556749165,0,-2.907533646,0
86.28962708,-6.328626156,1,-0.634954154,1,-8.725794792,1,-0.079934396,1,-0.374867916,1,0.34795925,1,0.286722809,0,-0.558601856,0,-2.906394482,0
86.29363251,-6.71889019,1,-1.73963213,1,-8.245704651,1,-0.040881306,1,-0.343374252,1,0.289181173,1,0.285964131,0,-0.560342252,0,-2.905417442,0
86.29763031,-5.498960018,1,-2.636730194,1,-8.152476311,1,-0.01757846,1,-0.332342535,1,0.250245959,1,0.2854563,0,-0.561938763,0,-2.904663324,0
86.30162811,-5.775760174,1,-2.256520987,1,-8.607141495,1,0.006043106,1,-0.304352164,1,0.241244599,1,0.285056561,0,-0.563439727,0,-2.903972626,0
86.30562592,-5.025534153,1,-2.042499542,1,-8.456238747,1,0.016722905,1,-0.308857024,1,0.24311316,1,0.284721732,0,-0.56487906,0,-2.903262138,0
86.30963135,-6.095113277,1,-2.223655701,1,-8.627727509,1,0.044613205,1,-0.294386178,1,0.244806886,1,0.284465909,0,-0.566311419,0,-2.902552128,0
86.31362915,-5.622009754,1,-2.513591528,1,-8.329631805,1,0.066025101,1,-0.284956068,1,0.210687861,1,0.284330726,0,-0.567670465,0,-2.90190053,0
86.31762695,-4.97921133,1,-2.980094194,1,-8.630976677,1,0.0708666,1,-0.285000235,1,0.208752856,1,0.284291804,0,-0.568995118,0,-2.901322365,0
86.32162476,-4.496655941,1,-3.559479713,1,-8.906579018,1,0.06425865,1,-0.293229878,1,0.215609789,1,0.284257948,0,-0.570340693,0,-2.900735855,0
86.32562256,-4.587237835,1,-3.913077831,1,-8.692186356,1,0.049828529,1,-0.309661835,1,0.228168055,1,0.284150898,0,-0.571756065,0,-2.90012145,0
86.32962799,-4.935120106,1,-3.655508757,1,-8.655374527,1,0.042292953,1,-0.320447445,1,0.224002525,1,0.283995748,0,-0.573218942,0,-2.899504423,0
86.33362579,-5.014045715,1,-2.765914917,1,-8.650022507,1,0.043811083,1,-0.329019785,1,0.204383746,1,0.283863604,0,-0.574707687,0,-2.898947477,0
86.3376236,-5.129461765,1,-1.871822119,1,-8.721443176,1,0.063792452,1,-0.336454302,1,0.185106337,1,0.283840328,0,-0.576205134,0,-2.898491144,0
86.34162903,-5.090620995,1,-1.523853779,1,-8.679554939,1,0.079600632,1,-0.347695142,1,0.151458055,1,0.283955783,0,-0.577699602,0,-2.898168564,0
86.34562683,-5.337296963,1,-1.526448965,1,-8.563649178,1,0.110059239,1,-0.351416439,1,0.112484962,1,0.284267277,0,-0.579197288,0,-2.898042917,0
86.34962463,-5.084100246,1,-1.729103208,1,-8.592223167,1,0.139128834,1,-0.366035491,1,0.076021627,1,0.284800291,0,-0.580685556,0,-2.898094654,0
86.35362244,-5.053740978,1,-2.218136311,1,-8.747228622,1,0.144374445,1,-0.380984575,1,0.053330496,1,0.285498351,0,-0.582189977,0,-2.898299694,0
86.3576355,-5.102235794,1,-2.226080179,1,-8.529761314,1,0.169444963,1,-0.396625161,1,0.028977342,1,0.286309719,0,-0.583734632,0,-2.898642302,0
86.3616333,-4.913117886,1,-2.463220358,1,-8.571493149,1,0.185522795,1,-0.404220104,1,0.030864567,1,0.287258983,0,-0.585302413,0,-2.899059296,0
86.36564636,-5.107012272,1,-2.442250729,1,-8.467001915,1,0.211785585,1,-0.411607206,1,0.025671296,1,0.288284004,0,-0.586902678,0,-2.899488926,0
86.36964417,-4.879770756,1,-2.891679049,1,-8.328398705,1,0.226860911,1,-0.419412404,1,0.037045632,1,0.289414436,0,-0.588527381,0,-2.899924278,0
86.37363434,-5.049722672,1,-2.969034672,1,-8.25510788,1,0.229836345,1,-0.423466355,1,0.044856358,1,0.290532827,0,-0.590195835,0,-2.900308371,0
86.37763214,-4.901259899,1,-2.971010685,1,-8.263712883,1,0.250640482,1,-0.42630142,1,0.06331864,1,0.291692078,0,-0.591883004,0,-2.900656939,0
86.3816452,-4.816249371,1,-3.22018075,1,-8.235105515,1,0.250262737,1,-0.437959313,1,0.092906393,1,0.292834133,0,-0.593622208,0,-2.900887251,0
86.38564301,-5.10142374,1,-3.358879805,1,-7.996688366,1,0.259171247,1,-0.43190065,1,0.111569278,1,0.293908775,0,-0.595406353,0,-2.901013613,0
86.38964081,-4.909268379,1,-3.812880993,1,-7.956423283,1,0.2254446,1,-0.440972507,1,0.131983116,1,0.294909358,0,-0.59721911,0,-2.901075125,0
86.39363861,-4.979732513,1,-3.521286488,1,-8.039149284,1,0.236249432,1,-0.452038199,1,0.149528831,1,0.295819879,0,-0.599092424,0,-2.901053905,0
86.39762878,-4.975165367,1,-3.276073933,1,-8.060495377,1,0.238566905,1,-0.454075545,1,0.167620271,1,0.296726823,0,-0.601010799,0,-2.90096426,0
86.40164185,-4.822881222,1,-2.98256731,1,-8.137890816,1,0.224522755,1,-0.46778819,1,0.176739112,1,0.297558129,0,-0.602971733,0,-2.900815964,0
86.40563965,-5.022190094,1,-2.628637075,1,-8.262126923,1,0.265281886,1,-0.477704555,1,0.180096686,1,0.298442125,0,-0.604987442,0,-2.900656462,0
86.40963745,-4.750588894,1,-3.155607462,1,-8.399894714,1,0.262326717,1,-0.493585914,1,0.200040102,1,0.299415559,0,-0.60705018,0,-2.900464058,0
86.41363525,-4.813501835,1,-2.637791634,1,-8.452291489,1,0.246272072,1,-0.529575884,1,0.204331413,1,0.300281018,0,-0.609239221,0,-2.900243998,0
86.41764069,-4.993920326,1,-2.513662577,1,-8.353496552,1,0.284102589,1,-0.551937819,1,0.207076207,1,0.30124402,0,-0.611554146,0,-2.90007329,0
86.42163849,-4.957993507,1,-2.579100847,1,-8.317926407,1,0.311499834,1,-0.566009879,1,0.215677604,1,0.302322716,0,-0.613936305,0,-2.899887323,0
86.42563629,-4.951629639,1,-3.30773592,1,-8.331267357,1,0.309333354,1,-0.591042399,1,0.221007407,1,0.303468347,0,-0.616400659,0,-2.899701357,0
86.42964172,-4.801464558,1,-3.181677103,1,-8.226831436,1,0.269532144,1,-0.618340731,1,0.229357421,1,0.304511726,0,-0.618981183,0,-2.899531841,0
86.43363953,-5.063877106,1,-2.584461451,1,-8.241334915,1,0.305545688,1,-0.629441142,1,0.231934637,1,0.30555895,0,-0.621645689,0,-2.899376392,0
86.43763733,-5.00988102,1,-2.628304482,1,-8.137969971,1,0.325761348,1,-0.640245199,1,0.241864517,1,0.306726843,0,-0.62434721,0,-2.8992064,0
86.44163513,-5.036756516,1,-2.914408207,1,-8.098843575,1,0.336976498,1,-0.656575084,1,0.240609512,1,0.191456273,0,-0.662215829,0,-2.737817764,0
86.44563294,-5.163543224,1,-3.514997244,1,-8.025782585,1,0.312459409,1,-0.677004099,1,0.242742941,1,0.191651031,0,-0.666066349,0,-2.727718115,0
86.44963837,-5.011933804,1,-3.103508949,1,-7.882134438,1,0.270055383,1,-0.694190085,1,0.243173182,1,0.192448705,0,-0.668946803,0,-2.727159739,0
86.45363617,-5.268708706,1,-2.714678526,1,-7.830465794,1,0.275995165,1,-0.703293025,1,0.242484733,1,0.193204746,0,-0.671876132,0,-2.72663331,0
86.45763397,-5.229606152,1,-2.600435972,1,-7.775355339,1,0.30133009,1,-0.701403439,1,0.252793014,1,0.194019169,0,-0.674821794,0,-2.726079702,0
86.46163178,-5.306889534,1,-2.783056259,1,-7.686448574,1,0.307018012,1,-0.70811218,1,0.25249809,1,0.194871441,0,-0.677780032,0,-2.72550416,0
86.46563721,-5.385752201,1,-2.804385185,1,-7.564079285,1,0.303301215,1,-0.709400535,1,0.254182756,1,0.195740715,0,-0.680758953,0,-2.724941969,0
86.46963501,-5.542747974,1,-2.944939613,1,-7.4669981,1,0.300521433,1,-0.70744282,1,0.251880497,1,0.196588024,0,-0.683737636,0,-2.724374294,0
86.47363281,-5.557778835,1,-3.044341087,1,-7.323625565,1,0.277226955,1,-0.706590295,1,0.255350828,1,0.197376907,0,-0.686706901,0,-2.723805189,0
86.47763825,-5.548411369,1,-2.755306005,1,-7.323941708,1,0.266570061,1,-0.699676633,1,0.252346903,1,0.198089391,0,-0.689674973,0,-2.723230124,0
86.48164368,-5.572933197,1,-2.707373381,1,-7.341733456,1,0.265424073,1,-0.693275809,1,0.249196202,1,0.198797494,0,-0.692600608,0,-2.722660065,0
86.48564911,-5.570149422,1,-2.806054592,1,-7.283455849,1,0.265344858,1,-0.688719869,1,0.245747164,1,0.199503481,0,-0.695495486,0,-2.722107172,0
86.48964691,-5.564560413,1,-2.956629038,1,-7.20147419,1,0.26026988,1,-0.678649843,1,0.240036458,1,0.200217843,0,-0.69836694,0,-2.721577406,0
86.49364471,-5.667805195,1,-3.007519722,1,-7.235194683,1,0.248287231,1,-0.673471987,1,0.240119979,1,0.200891569,0,-0.701204956,0,-2.721055746,0
86.49764252,-5.69158268,1,-2.978352308,1,-7.205570698,1,0.246396735,1,-0.668923438,1,0.231496945,1,0.201536939,0,-0.704018891,0,-2.720544577,0
86.50164795,-5.677117348,1,-2.957875729,1,-7.26322937,1,0.232819006,1,-0.654098868,1,0.23468411,1,0.202145576,0,-0.706794679,0,-2.72002387,0
86.50564575,-5.699569225,1,-3.098397017,1,-7.347437859,1,0.217613518,1,-0.650482953,1,0.231771722,1,0.202725381,0,-0.709544301,0,-2.719521523,0
86.50964356,-5.607267857,1,-3.056284904,1,-7.22736454,1,0.19111827,1,-0.643583894,1,0.231970176,1,0.203201532,0,-0.712266684,0,-2.719002724,0
86.51364899,-5.679801941,1,-2.996309042,1,-7.173706532,1,0.188336357,1,-0.63694489,1,0.227861807,1,0.203629464,0,-0.714962184,0,-2.718498468,0
86.51764679,-5.72837019,1,-2.942174673,1,-7.153155327,1,0.185016274,1,-0.630097926,1,0.22432965,1,0.204061761,0,-0.717630982,0,-2.718015909,0
86.52164459,-5.784453869,1,-2.964088917,1,-7.166535854,1,0.187553272,1,-0.620443523,1,0.225474134,1,0.204481259,0,-0.720257819,0,-2.717525244,0
86.5256424,-5.866364479,1,-2.966203451,1,-7.186810017,1,0.182759225,1,-0.613727927,1,0.216435,1,0.204902068,0,-0.722852886,0,-2.717039824,0
86.5296402,-5.861508369,1,-2.896871805,1,-7.104242802,1,0.181579486,1,-0.601443589,1,0.218650341,1,0.205325082,0,-0.725412607,0,-2.716573238,0
86.533638,-5.878525734,1,-3.022028685,1,-7.049002647,1,0.179864615,1,-0.595949173,1,0.212385505,1,0.205729768,0,-0.727936745,0,-2.71609664,0
86.53764343,-5.932672501,1,-3.054301739,1,-6.973444462,1,0.167768791,1,-0.585710466,1,0.213903099,1,0.206109881,0,-0.730421543,0,-2.715630531,0
86.54164124,-5.993174076,1,-3.054076672,1,-6.938059807,1,0.167774081,1,-0.575685799,1,0.211182088,1,0.206473902,0,-0.732871294,0,-2.71516037,0
86.54563904,-5.963463306,1,-3.066121817,1,-6.916577339,1,0.158093512,1,-0.56661135,1,0.211125314,1,0.206810385,0,-0.735274911,0,-2.714688778,0
86.54964447,-5.931845665,1,-3.007005453,1,-6.87535429,1,0.152204722,1,-0.558084607,1,0.207839668,1,0.207106397,0,-0.737650156,0,-2.714213371,0
86.55364227,-5.968377113,1,-2.96635747,1,-6.919723511,1,0.139622331,1,-0.546482325,1,0.21014151,1,0.207355842,0,-0.739985466,0,-2.713723421,0
86.55764008,-5.984026432,1,-2.962119341,1,-6.9567523,1,0.128587291,1,-0.53741616,1,0.206708625,1,0.207549304,0,-0.742277682,0,-2.713226318,0
86.56164551,-5.954763889,1,-2.952769995,1,-7.01567173,1,0.115984499,1,-0.52698195,1,0.203323707,1,0.207693473,0,-0.74453038,0,-2.712725163,0
86.56564331,-5.995893002,1,-2.999100685,1,-6.966378689,1,0.106273741,1,-0.524243534,1,0.20648028,1,0.207799792,0,-0.74675566,0,-2.712227821,0
86.56964111,-5.981447697,1,-3.11532855,1,-7.002838135,1,0.098109752,1,-0.516185701,1,0.20682025,1,0.207858115,0,-0.748957276,0,-2.711714983,0
86.57363892,-5.986166,1,-3.218293667,1,-7.082767487,1,0.086321756,1,-0.511911392,1,0.213728502,1,0.207853541,0,-0.751142919,0,-2.711164236,0
86.57763672,-5.902864456,1,-3.143656731,1,-7.087638378,1,0.077018782,1,-0.515099108,1,0.21613352,1,0.207777113,0,-0.753321528,0,-2.710585594,0
86.58164215,-5.895281315,1,-3.126438618,1,-7.178422928,1,0.06813018,1,-0.517567754,1,0.230122268,1,0.207649201,0,-0.755532384,0,-2.70997858,0
86.58563995,-5.874044418,1,-3.065366745,1,-7.220058918,1,0.068693876,1,-0.517322958,1,0.235892832,1,0.20747599,0,-0.757747769,0,-2.709313631,0
86.58963776,-5.925384521,1,-3.221349001,1,-7.287643909,1,0.068200633,1,-0.530783832,1,0.250163287,1,0.20726341,0,-0.759998918,0,-2.708604336,0
86.59363556,-5.885546207,1,-3.169275761,1,-7.257817745,1,0.071446002,1,-0.535929918,1,0.255438387,1,0.207017139,0,-0.762292504,0,-2.707847834,0
86.59764862,-5.87241745,1,-3.065599442,1,-7.253049374,1,0.069966435,1,-0.550885141,1,0.26301831,1,0.206757456,0,-0.764633179,0,-2.707061768,0
86.60164642,-5.918729782,1,-2.917562962,1,-7.294352531,1,0.084782705,1,-0.565330803,1,0.275630355,1,0.20650585,0,-0.767042875,0,-2.70622921,0
86.60565186,-5.892288208,1,-2.874305964,1,-7.329976559,1,0.092094362,1,-0.579046845,1,0.281300038,1,0.206255615,0,-0.769508362,0,-2.705364227,0
86.60964966,-5.862691402,1,-2.746259689,1,-7.602205276,1,0.101769492,1,-0.604450941,1,0.289687723,1,0.206020102,0,-0.772067666,0,-2.704482079,0
86.61364746,-6.036295891,1,-2.905311108,1,-7.661242008,1,0.100716084,1,-0.624523818,1,0.295302272,1,0.205797017,0,-0.774706483,0,-2.703593016,0
86.61764526,-5.881100178,1,-2.860422373,1,-7.485936165,1,0.096699804,1,-0.657194674,1,0.30715695,1,0.205554277,0,-0.777467728,0,-2.702677011,0
86.6216507,-5.934520245,1,-2.881465673,1,-7.442513466,1,0.100214943,1,-0.684598684,1,0.319965273,1,0.205285594,0,-0.780352116,0,-2.701729536,0
86.6256485,-5.958644867,1,-2.971883297,1,-7.45481205,1,0.108206183,1,-0.707203746,1,0.334266245,1,0.205014154,0,-0.783341885,0,-2.700734138,0
86.6296463,-5.907155991,1,-2.992467165,1,-7.462463856,1,0.113453671,1,-0.732923329,1,0.342790306,1,0.204713821,0,-0.786435604,0,-2.699679613,0
86.63365173,-5.902153015,1,-3.00373292,1,-7.54759264,1,0.108231872,1,-0.761238098,1,0.354761541,1,0.204395279,0,-0.789645255,0,-2.698600054,0
86.63764954,-5.997850895,1,-2.974121809,1,-7.641560078,1,0.101999253,1,-0.792129993,1,0.362740129,1,0.204028904,0,-0.792984486,0,-2.697497606,0
86.64164734,-5.851438522,1,-2.904827595,1,-7.650808334,1,0.095242381,1,-0.825188279,1,0.370235145,1,0.203626648,0,-0.796433806,0,-2.696384668,0
86.64564514,-5.941864014,1,-3.002698183,1,-7.778604984,1,0.092584059,1,-0.862886906,1,0.375692219,1,0.203206927,0,-0.800043404,0,-2.695265532,0
86.64964294,-5.937139034,1,-3.044435263,1,-7.803925991,1,0.093089893,1,-0.904577792,1,0.386632651,1,0.202786297,0,-0.803807855,0,-2.694154739,0
86.65364838,-5.889873505,1,-3.224505186,1,-7.816523075,1,0.095719054,1,-0.953343928,1,0.401741982,1,0.202344969,0,-0.807757258,0,-2.693012714,0
86.65764618,-5.851661682,1,-3.468541622,1,-7.831408978,1,0.09635514,1,-0.994316816,1,0.423578262,1,0.201852679,0,-0.811911762,0,-2.691806078,0
86.66164398,-5.781086445,1,-3.575043678,1,-7.82255125,1,0.087987542,1,-1.04904294,1,0.448717713,1,0.201281995,0,-0.816271782,0,-2.690517664,0
86.66564179,-5.699893951,1,-3.64554739,1,-7.959876537,1,0.084574208,1,-1.106802583,1,0.474207014,1,0.200603366,0,-0.820861459,0,-2.689125776,0
86.66964722,-5.791576385,1,-3.586598396,1,-8.119449615,1,0.071786448,1,-1.166043878,1,0.498986632,1,0.199831471,0,-0.825707257,0,-2.687650442,0
86.67364502,-5.848466873,1,-3.464504004,1,-8.080723763,1,0.060450457,1,-1.232202649,1,0.532791734,1,0.198923364,0,-0.830816269,0,-2.686059952,0
86.67764282,-5.722325325,1,-3.459024906,1,-8.116976738,1,0.042364359,1,-1.302703261,1,0.558756173,1,0.197856084,0,-0.836211979,0,-2.684355497,0
86.68164825,-5.834683418,1,-3.386233091,1,-8.240128517,1,0.035444923,1,-1.366353273,1,0.593793571,1,0.196654633,0,-0.841891527,0,-2.682534695,0
86.68564606,-5.824372292,1,-3.384260178,1,-8.219233513,1,0.028233791,1,-1.43955636,1,0.62212795,1,0.195334598,0,-0.847857475,0,-2.680595398,0
86.68964386,-5.777814865,1,-3.463706255,1,-8.218408585,1,0.01482867,1,-1.512971282,1,0.653277695,1,0.193859056,0,-0.854139745,0,-2.678523779,0
86.69364166,-5.857450008,1,-3.574393272,1,-8.269843102,1,-0.00221516,1,-1.594437242,1,0.68661648,1,0.190732196,0,-0.8616907,0,-2.666701555,0
86.69763947,-5.834875584,1,-3.478244305,1,-8.336030006,1,-0.013664531,1,-1.677394152,1,0.717127085,1,0.188922197,0,-0.868641078,0,-2.664362907,0
86.7016449,-5.830512524,1,-3.390206337,1,-8.372531891,1,-0.015530618,1,-1.76869607,1,0.755904615,1,0.186950564,0,-0.875968516,0,-2.661857367,0
86.7056427,-5.941781998,1,-3.505295038,1,-8.440325737,1,-0.020050861,1,-1.860501647,1,0.798861504,1,0.184814215,0,-0.883662343,0,-2.659176111,0
86.7096405,-5.694192886,1,-3.536016226,1,-8.298140526,1,-0.024203109,1,-1.964351177,1,0.837605536,1,0.182481214,0,-0.891768634,0,-2.65628767,0
86.71363831,-5.849523544,1,-3.59837389,1,-8.376738548,1,-0.023991428,1,-2.063270807,1,0.885584652,1,0.179938793,0,-0.900312364,0,-2.653179884,0
86.71765137,-5.905752659,1,-3.558741093,1,-8.555433273,1,-0.025287515,1,-2.166704893,1,0.935496628,1,0.177203,0,-0.9092893,0,-2.649831533,0
86.72164917,-5.719378948,1,-3.675081015,1,-8.526685715,1,-0.022638125,1,-2.288092852,1,0.996403813,1,0.174200833,0,-0.918726981,0,-2.646153688,0
86.7256546,-5.675473213,1,-3.636558533,1,-8.58627224,1,-0.011536364,1,-2.413406849,1,1.043872714,1,0.170955703,0,-0.928685546,0,-2.642170668,0
86.72965241,-5.747219086,1,-3.627989054,1,-8.731738091,1,-0.002355712,1,-2.549945116,1,1.102120161,1,0.167467043,0,-0.939187109,0,-2.637873411,0
86.73365021,-5.662243843,1,-3.591061831,1,-8.963829994,1,0.01016745,1,-2.68355608,1,1.150819302,1,0.163733795,0,-0.95025444,0,-2.633244038,0
86.73764801,-5.545324326,1,-3.575103283,1,-9.026312828,1,0.016846176,1,-2.831652164,1,1.206155062,1,0.159709126,0,-0.961890757,0,-2.628258944,0
86.74165344,-5.842538834,1,-3.727844477,1,-9.326200485,1,0.006740901,1,-3.005348444,1,1.266563535,1,0.155323043,0,-0.974205673,0,-2.622877836,0
86.74565125,-5.919143677,1,-3.92343092,1,-9.643496513,1,-0.008183559,1,-3.177287817,1,1.321267724,1,0.15050903,0,-0.987209499,0,-2.617085695,0
86.74964905,-5.663745403,1,-4.11391449,1,-9.65865612,1,-0.042839538,1,-3.365645647,1,1.401774764,1,0.145082921,0,-1.00094378,0,-2.610737324,0
86.75365448,-5.486162663,1,-4.612347603,1,-9.992227554,1,-0.068678625,1,-3.578520775,1,1.499364138,1,0.138875693,0,-1.015526175,0,-2.603658438,0
86.75765228,-5.647525787,1,-5.170197964,1,-10.17022133,1,-0.105591774,1,-3.789396524,1,1.596178293,1,0.131720856,0,-1.030958295,0,-2.595703602,0
86.76165009,-5.243912697,1,-5.618915558,1,-10.38337517,1,-0.142722666,1,-4.015570164,1,1.725277662,1,0.12342605,0,-1.047289491,0,-2.586641788,0
86.76564789,-5.319302559,1,-6.040472984,1,-10.68245983,1,-0.173554301,1,-4.24932766,1,1.854236841,1,0.113668159,0,-1.064532757,0,-2.576164484,0
86.76964569,-5.12462616,1,-6.377449989,1,-10.66098118,1,-0.187021226,1,-4.503601074,1,2.008280754,1,0.102281176,0,-1.082754612,0,-2.564038515,0
86.77365112,-4.857076168,1,-6.856442928,1,-11.17600727,1,-0.198318094,1,-4.775980473,1,2.177656889,1,0.088851653,0,-1.102058053,0,-2.549784184,0
86.77764893,-5.832286835,1,-7.092116356,1,-11.39720249,1,-0.228794381,1,-5.039621353,1,2.362972975,1,0.0728736,0,-1.122356415,0,-2.532929897,0
86.78164673,-5.571739674,1,-7.563665867,1,-11.36709976,1,-0.252117991,1,-5.320619106,1,2.570963144,1,0.053681836,0,-1.143650651,0,-2.512792349,0
86.78564453,-6.108509064,1,-8.491200447,1,-11.49142361,1,-0.294457436,1,-5.586928844,1,2.763690948,1,0.030528991,0,-1.165918231,0,-2.488683224,0
86.78964996,-7.18867588,1,-8.716896057,1,-11.53557301,1,-0.324813157,1,-5.816769123,1,2.96579957,1,0.002616775,0,-1.188911796,0,-2.45979023,0
86.79364777,-8.574495316,1,-9.145062447,1,-11.39791679,1,-0.351482123,1,-5.991538048,1,3.150965214,1,-0.031110177,0,-1.212375402,0,-2.42506814,0
86.79764557,-11.11814785,1,-9.897266388,1,-11.63189793,1,-0.363115817,1,-6.084089279,1,3.300015211,1,-0.071677946,0,-1.235879064,0,-2.383465767,0
86.801651,-13.54875946,1,-9.821691513,1,-12.03268433,1,-0.390255094,1,-6.054368019,1,3.418963194,1,-0.120020814,0,-1.258793235,0,-2.334073305,0
86.8056488,-11.88405323,1,-8.79108429,1,-10.90978813,1,-0.411725819,1,-6.103588104,1,3.63871026,1,-0.178015813,0,-1.280685425,0,-2.275008202,0
86.80964661,-13.04987049,1,-8.535665512,1,-11.89370537,1,-0.466806859,1,-6.177201271,1,3.761243582,1,-0.24839218,0,-1.301582217,0,-2.203654528,0
86.81364441,-14.68824577,1,-7.004460812,1,-13.32893753,1,-0.429619163,1,-6.159925938,1,3.853322029,1,-0.331827581,0,-1.320912838,0,-2.119182587,0
86.81764221,-17.75511932,1,-5.364396572,1,-12.75148106,1,-0.240098551,1,-6.095941544,1,3.827201605,1,-0.428019106,0,-1.337944269,0,-2.021579504,0
86.82164764,-19.24924278,1,-5.670496464,1,-13.46720219,1,-0.138898,1,-5.935861588,1,3.891291857,1,-0.537162483,0,-1.352169633,0,-1.910366654,0
86.82564545,-18.8372345,1,-5.432748795,1,-13.4293623,1,0.019250326,1,-5.799533844,1,3.893898726,1,-0.657868803,0,-1.362791777,0,-1.787140608,0
86.82964325,-22.15044403,1,-7.280817509,1,-14.71311092,1,0.185348555,1,-5.600490093,1,3.870337725,1,-0.786476731,0,-1.369702578,0,-1.655355096,0
86.83364105,-21.81526947,1,-9.178902626,1,-13.73312378,1,0.228171065,1,-5.299277306,1,3.862554073,1,-0.916860282,0,-1.37244153,0,-1.521448612,0
86.83765411,-18.98780823,1,-11.34021091,1,-12.37386417,1,0.031813595,1,-5.140906811,1,4.092664242,1,-1.045949817,0,-1.370798826,0,-1.38919723,0
86.84165192,-19.51009178,1,-11.82380962,1,-12.25219631,1,-0.201568052,1,-5.066580772,1,4.15905714,1,-1.171217442,0,-1.36511302,0,-1.261678457,0
86.84566498,-20.57361603,1,-11.0034523,1,-11.4679842,1,-0.482675761,1,-4.930624008,1,4.245127201,1,-1.287185073,0,-1.355965972,0,-1.144477844,0
86.84965515,-17.40774345,1,-10.9064045,1,-9.785129547,1,-0.7902354,1,-4.940620899,1,4.368008614,1,-1.392752051,0,-1.3437078,0,-1.038900733,0
86.85365295,-19.16858482,1,-9.258257866,1,-10.77805138,1,-1.112990141,1,-4.83216095,1,4.43671751,1,-1.487576723,0,-1.328702927,0,-0.945340395,0
86.85766602,-19.43655777,1,-6.394014359,1,-11.00398159,1,-1.203344584,1,-4.541352749,1,4.198029995,1,-1.568573356,0,-1.312233448,0,-0.866613865,0
86.86166382,-14.54250908,1,-2.939219475,1,-9.109006882,1,-1.153158426,1,-4.207323551,1,4.111665726,1,-1.635309696,0,-1.29509604,0,-0.802317917,0
86.86566162,-8.686327934,1,-0.640874624,1,-9.160207748,1,-0.940074801,1,-3.862977028,1,3.974974871,1,-1.689529657,0,-1.277478218,0,-0.750270665,0
86.86965179,-2.841444492,1,0.215244204,1,-8.779780388,1,-0.563878059,1,-3.477499485,1,3.817160606,1,-1.732130766,0,-1.260022998,0,-0.708807945,0
86.87366486,-5.17937994,1,0.959913909,1,-9.508807182,1,-0.133655921,1,-3.266389847,1,3.773681879,1,-1.765502095,0,-1.242692947,0,-0.67515564,0
86.87766266,-9.73059845,1,1.234405637,1,-10.27342987,1,0.461924791,1,-3.005979538,1,3.63535428,1,-1.791139245,0,-1.225598335,0,-0.647339582,0
86.88166046,-17.0965004,1,1.147027016,1,-9.249428749,1,1.039832592,1,-2.947594643,1,3.394509315,1,-1.810825944,0,-1.20913434,0,-0.623165607,0
86.88566589,-31.91308594,1,0.461185604,1,-12.77955055,1,1.577985764,1,-2.540202141,1,2.92619586,1,-1.825677633,0,-1.194087267,0,-0.601546168,0
86.8896637,-24.34923744,1,-4.381005764,1,-14.89099979,1,1.693502784,1,-1.60269928,1,2.503355026,1,-1.831977844,0,-1.181493998,0,-0.587605834,0
86.8936615,-12.76662445,1,-6.916112423,1,-12.67834091,1,1.669173598,1,-0.904358447,1,2.164464474,1,-1.830925226,0,-1.171209812,0,-0.581459999,0
86.8976593,-5.349126339,1,-8.507258415,1,-9.50733757,1,1.651292801,1,-0.601323783,1,1.898075104,1,-1.826038599,0,-1.162617564,0,-0.579581022,0
86.9016571,-5.801212311,1,-9.699503899,1,-8.399489403,1,1.57926476,1,-0.491698325,1,1.703068376,1,-1.820251584,0,-1.155105352,0,-0.578800797,0
86.90566254,-8.89128685,1,-9.568037033,1,-9.400090218,1,1.357600451,1,-0.298142016,1,1.462677598,1,-1.814414263,0,-1.148558378,0,-0.578721464,0
86.90966034,-7.874697208,1,-8.454369545,1,-10.02050781,1,1.087542772,1,-0.010978768,1,1.200883031,1,-1.808013558,0,-1.143240571,0,-0.580390871,0
86.91365814,-4.867243767,1,-7.345870018,1,-9.195820808,1,0.910628736,1,0.1750485,1,0.943448484,1,-1.801103115,0,-1.139154792,0,-0.583630502,0
86.91765595,-2.812768698,1,-6.69143343,1,-8.076122284,1,0.819026828,1,0.246043384,1,0.721519113,1,-1.794225574,0,-1.136117935,0,-0.587397456,0
86.92166138,-1.431850076,1,-6.092466831,1,-7.47334528,1,0.741850674,1,0.314755857,1,0.500004053,1,-1.787603617,0,-1.133979201,0,-0.59125936,0
86.92565918,0.191648826,1,-5.406582355,1,-7.121326923,1,0.682111502,1,0.382593364,1,0.284533262,1,-1.781145096,0,-1.132741332,0,-0.595253885,0
86.92965698,1.441490889,1,-4.5509758,1,-6.722865105,1,0.665642083,1,0.431838036,1,0.077975877,1,-1.774743199,0,-1.132368922,0,-0.599357009,0
86.93366242,2.100230932,1,-3.95898366,1,-6.522472382,1,0.679625332,1,0.46283409,1,-0.106449388,1,-1.768359423,0,-1.132788062,0,-0.603437304,0
86.93766022,2.361500502,1,-3.63635087,1,-6.329482079,1,0.712480068,1,0.505747795,1,-0.287656873,1,-1.761837959,0,-1.133940697,0,-0.607563674,0
86.94165802,2.676990271,1,-3.479656219,1,-6.115924358,1,0.741836488,1,0.565427601,1,-0.461523712,1,-1.755019903,0,-1.135814548,0,-0.611875474,0
86.94565582,3.051238537,1,-3.289340734,1,-6.057928085,1,0.800655544,1,0.635864735,1,-0.61340338,1,-1.745163441,0,-1.136338115,0,-0.613631189,0
86.94965363,2.999336004,1,-3.067567348,1,-6.093676567,1,0.846267581,1,0.731772542,1,-0.747910261,1,-1.737068295,0,-1.139477849,0,-0.618933856,0
86.95365906,2.837791681,1,-2.986211061,1,-6.336018562,1,0.884503603,1,0.843894958,1,-0.881992102,1,-1.727958322,0,-1.143199205,0,-0.625133991,0
86.95766449,2.752058744,1,-2.915729046,1,-6.55541563,1,0.919008374,1,0.968531549,1,-0.99747628,1,-1.717700243,0,-1.147460938,0,-0.632427752,0
86.96166992,2.577399492,1,-2.750001907,1,-6.733262062,1,0.955972075,1,1.108094573,1,-1.104969978,1,-1.706104755,0,-1.152217984,0,-0.641032994,0
86.96566773,2.414435148,1,-2.548805952,1,-6.944168568,1,0.991757751,1,1.265080929,1,-1.213736057,1,-1.692888498,0,-1.157433033,0,-0.651221991,0
86.96966553,2.231554747,1,-2.308037996,1,-7.106826305,1,1.01873827,1,1.434924603,1,-1.312415123,1,-1.677866697,0,-1.163065553,0,-0.663215101,0
86.97366333,2.133669853,1,-2.061988592,1,-7.235274315,1,1.058797836,1,1.614617825,1,-1.405828834,1,-1.660802603,0,-1.169077873,0,-0.677255511,0
86.97766876,1.96741724,1,-1.762027502,1,-7.402011871,1,1.098305464,1,1.796213269,1,-1.499364614,1,-1.641458035,0,-1.175426006,0,-0.693567097,0
86.98166657,1.689767957,1,-1.454605222,1,-7.572667122,1,1.152014732,1,1.985895872,1,-1.586579442,1,-1.619593859,0,-1.182039618,0,-0.712355971,0
86.98566437,1.37869978,1,-1.153435826,1,-7.730140686,1,1.212610722,1,2.172969818,1,-1.671148658,1,-1.594968915,0,-1.188857555,0,-0.733820617,0
86.98966217,1.088601232,1,-0.895587146,1,-7.915947914,1,1.279440641,1,2.361465216,1,-1.752337337,1,-1.567368031,0,-1.195804119,0,-0.758166075,0
86.9936676,0.749402165,1,-0.694860101,1,-8.106566429,1,1.350939751,1,2.551650286,1,-1.828084111,1,-1.536570787,0,-1.202776074,0,-0.785578787,0
86.99766541,0.329617113,1,-0.562475681,1,-8.291637421,1,1.425574541,1,2.733598232,1,-1.891548634,1,-1.502377748,0,-1.209673047,0,-0.816236317,0
87.00166321,-0.150898054,1,-0.534100533,1,-8.417122841,1,1.500832438,1,2.921535969,1,-1.965146542,1,-1.464596629,0,-1.216366529,0,-0.85031873,0
87.00566864,-0.624713778,1,-0.433272183,1,-8.559846878,1,1.581270456,1,3.112971067,1,-2.02900815,1,-1.423001289,0,-1.222761512,0,-0.888049483,0
87.00966644,-1.167846203,1,-0.394687563,1,-8.700041771,1,1.647472024,1,3.305195808,1,-2.088434696,1,-1.377454519,0,-1.228707194,0,-0.929588795,0
87.01366425,-1.793108463,1,-0.375883698,1,-8.880336761,1,1.70909369,1,3.503217936,1,-2.158214092,1,-1.327865601,0,-1.234051228,0,-0.975040495,0
87.01766968,-2.360841751,1,-0.406862706,1,-8.962497711,1,1.76559186,1,3.712715149,1,-2.231344223,1,-1.274165392,0,-1.238675356,0,-1.024527669,0
87.02166748,-2.905719519,1,-0.419503033,1,-9.016446114,1,1.803643584,1,3.917111158,1,-2.303668737,1,-1.216397882,0,-1.242396593,0,-1.078040957,0
87.02566528,-3.276382923,1,-0.509687245,1,-9.079696655,1,1.833386183,1,4.131690502,1,-2.382091999,1,-1.154766679,0,-1.245028496,0,-1.13543129,0
87.02966309,-3.416032553,1,-0.628320515,1,-9.0655756,1,1.857781172,1,4.3244133,1,-2.443221092,1,-1.089758992,0,-1.246396303,0,-1.196237445,0
87.03366089,-3.727741241,1,-0.535542369,1,-9.109235764,1,1.873304129,1,4.50686121,1,-2.505099773,1,-1.022079706,0,-1.246308088,0,-1.259764314,0
87.03766632,-3.946300983,1,-0.398831189,1,-9.184031487,1,1.890473843,1,4.687655449,1,-2.563878536,1,-0.952455997,0,-1.244647384,0,-1.325295687,0
87.04166412,-4.025752544,1,-0.256332338,1,-9.204702377,1,1.905205131,1,4.845235825,1,-2.617229223,1,-0.881805062,0,-1.241271734,0,-1.391897678,0
87.04566193,-4.143981457,1,-0.04549671,1,-9.261336327,1,1.93418932,1,4.988226891,1,-2.654708385,1,-0.811130047,0,-1.236138344,0,-1.458530307,0
87.04965973,-4.180799484,1,0.198507234,1,-9.126088142,1,1.96629703,1,5.121827602,1,-2.680517435,1,-0.741335452,0,-1.229185939,0,-1.524256468,0
87.05366516,-4.224493504,1,0.461169213,1,-9.004091263,1,2.014806032,1,5.23290062,1,-2.693985939,1,-0.673341751,0,-1.220429659,0,-1.588070154,0
87.05766296,-4.100965023,1,0.776497066,1,-8.909286499,1,2.075923681,1,5.316092491,1,-2.687545061,1,-0.607966423,0,-1.209941506,0,-1.649083614,0
87.06166077,-4.041141987,1,0.968293726,1,-8.866152763,1,2.149716854,1,5.380969524,1,-2.657393932,1,-0.545809448,0,-1.197831035,0,-1.70661056,0
87.0656662,-4.028586388,1,1.198959112,1,-8.765278816,1,2.237001657,1,5.429639339,1,-2.607331038,1,-0.487295747,0,-1.184218884,0,-1.760159969,0
87.069664,-4.048357487,1,1.27806747,1,-8.670100212,1,2.330903769,1,5.457768917,1,-2.535436869,1,-0.432733893,0,-1.169279456,0,-1.809357047,0
87.0736618,-4.022148132,1,1.30752492,1,-8.65630722,1,2.43071866,1,5.475527287,1,-2.449048758,1,-0.382133543,0,-1.153146505,0,-1.85412693,0
87.07766724,-4.188114643,1,1.31628418,1,-8.772087097,1,2.529200554,1,5.475567341,1,-2.338754177,1,-0.33549571,0,-1.135996938,0,-1.894450903,0
87.08167267,-4.548735619,1,1.397594333,1,-8.904840469,1,2.623780489,1,5.482573032,1,-2.219614983,1,-0.292702943,0,-1.117969394,0,-1.930419803,0
87.08567047,-4.961094379,1,1.294029236,1,-9.134768486,1,2.722948551,1,5.494152546,1,-2.098387003,1,-0.253420532,0,-1.099162579,0,-1.962365746,0
87.0896759,-5.433252811,1,1.108678102,1,-9.441450119,1,2.820295811,1,5.508593082,1,-1.974749684,1,-0.217332587,0,-1.079677105,0,-1.990572929,0
87.09367371,-5.86835146,1,0.955170989,1,-9.762366295,1,2.912470818,1,5.547397137,1,-1.862547398,1,-0.18409045,0,-1.059543014,0,-2.015403032,0
87.09767151,-6.379412174,1,0.742372572,1,-10.09729671,1,3.004980564,1,5.5776577,1,-1.760434151,1,-0.153321564,0,-1.038828254,0,-2.037228584,0
87.10166931,-6.890522003,1,0.633665204,1,-10.42399502,1,3.105444193,1,5.615681171,1,-1.679416656,1,-0.124655679,0,-1.017606616,0,-2.056423903,0
87.10566711,-7.237032413,1,0.497391611,1,-10.7392025,1,3.192768574,1,5.664864063,1,-1.606015801,1,-0.097793438,0,-0.995907426,0,-2.073308945,0
87.10967255,-7.378646851,1,0.241104364,1,-11.06826401,1,3.277158499,1,5.702525616,1,-1.554444313,1,-0.072452553,0,-0.973787427,0,-2.088190317,0
87.11367035,-7.45503521,1,0.064291961,1,-11.28123188,1,3.348494768,1,5.725436687,1,-1.514340401,1,-0.048416644,0,-0.951330185,0,-2.101323366,0
87.11766815,-7.536571503,1,-0.050555244,1,-11.66199398,1,3.421616077,1,5.736718655,1,-1.487468243,1,-0.025501525,0,-0.928644419,0,-2.112929106,0
87.12166596,-7.570445538,1,-0.002550026,1,-11.97012424,1,3.490536213,1,5.731878281,1,-1.483505487,1,-0.003489864,0,-0.905792952,0,-2.123240232,0
87.12567139,-7.550281048,1,0.116181396,1,-12.37016582,1,3.565575838,1,5.707612038,1,-1.494528413,1,0.017820673,0,-0.882868528,0,-2.132477999,0
87.12966919,-7.701313496,1,0.133545026,1,-12.82320213,1,3.645509005,1,5.682170868,1,-1.526518583,1,0.038647093,0,-0.85992074,0,-2.140857935,0
87.13366699,-7.97257185,1,0.087671191,1,-13.27365971,1,3.730054379,1,5.661989212,1,-1.582268476,1,0.059193145,0,-0.836961508,0,-2.148573399,0
87.13767242,-8.43814373,1,0.033222489,1,-13.79368305,1,3.812240124,1,5.643136024,1,-1.667674184,1,0.07959459,0,-0.81396544,0,-2.155806541,0
87.14167023,-8.99192524,1,-0.152365386,1,-14.35572815,1,3.880169153,1,5.633209229,1,-1.774532318,1,0.09997455,0,-0.790890932,0,-2.162745237,0
87.14566803,-9.515239716,1,-0.313730001,1,-15.01302052,1,3.926116467,1,5.623731136,1,-1.910453081,1,0.120367378,0,-0.767703295,0,-2.16954422,0
87.14966583,-10.1680851,1,-0.49788934,1,-15.64666748,1,3.944444895,1,5.617891788,1,-2.06733942,1,0.140786976,0,-0.744372547,0,-2.176352739,0
87.15367127,-10.85608006,1,-0.5799582,1,-16.19148445,1,3.94362998,1,5.615921974,1,-2.241942406,1,0.161187574,0,-0.720871329,0,-2.183251381,0
87.15766907,-11.48880959,1,-0.535145342,1,-16.6994133,1,3.919206142,1,5.611822605,1,-2.433371305,1,0.181527629,0,-0.697146058,0,-2.190335989,0
87.16166687,-12.0317564,1,-0.448961169,1,-17.16926575,1,3.868513823,1,5.600968838,1,-2.635722876,1,0.201737106,0,-0.673199058,0,-2.197665453,0
87.16566467,-12.69817543,1,-0.312220544,1,-17.65561485,1,3.810470104,1,5.584444046,1,-2.830315351,1,0.221757933,0,-0.64902544,0,-2.205244541,0
87.16967011,-13.5560751,1,-0.149248868,1,-18.0959549,1,3.735411644,1,5.563333035,1,-3.027485132,1,0.241514012,0,-0.624632835,0,-2.213063717,0
87.17366791,-14.4765358,1,0.174204364,1,-18.41877365,1,3.641272068,1,5.531838417,1,-3.209322691,1,0.260883898,0,-0.600042999,0,-2.221089363,0
87.17766571,-15.46412945,1,0.956947505,1,-18.76816368,1,3.544730425,1,5.485354424,1,-3.381256104,1,0.279798687,0,-0.57528317,0,-2.229282379,0
87.18166351,-16.69545746,1,2.615410089,1,-19.24981689,1,3.461702108,1,5.421807766,1,-3.535481215,1,0.298247278,0,-0.550430477,0,-2.237608194,0
87.18566895,-18.31985664,1,4.967103004,1,-19.48739243,1,3.435783148,1,5.349596024,1,-3.668186665,1,0.316333532,0,-0.525536299,0,-2.246023655,0
87.18966675,-20.84274673,1,7.192702293,1,-18.92024994,1,3.482067347,1,5.309063435,1,-3.754972219,1,0.334252,0,-0.500612199,0,-2.25437355,0
87.19366455,-23.61256027,1,8.391011238,1,-17.94227409,1,3.572608232,1,5.299448967,1,-3.761077881,1,0.351187944,0,-0.476979315,0,-2.257047653,0
87.19766998,-25.93328857,1,8.141111374,1,-16.40755272,1,3.656833649,1,5.355803013,1,-3.689692497,1,0.368895054,0,-0.451793015,0,-2.264268875,0
87.20167542,-27.80652237,1,7.061053276,1,-14.46201801,1,3.658749819,1,5.409433842,1,-3.520726204,1,0.386124372,0,-0.426449537,0,-2.270327091,0
87.20567322,-29.34249115,1,4.27592802,1,-12.01137543,1,3.507104635,1,5.480099678,1,-3.245186567,1,0.402333289,0,-0.401133031,0,-2.274866819,0
87.20967865,-29.76198578,1,1.469040275,1,-9.457886696,1,3.127678394,1,5.498627186,1,-2.868660927,1,0.416675448,0,-0.376087189,0,-2.277560234,0
87.21367645,-29.3903389,1,0.283784837,1,-7.028452873,1,2.604800224,1,5.405743122,1,-2.443078279,1,0.428439677,0,-0.351816058,0,-2.278358936,0
87.21767426,-28.74458504,1,1.425225973,1,-4.700744629,1,2.066544533,1,5.188947678,1,-1.996936798,1,0.437479794,0,-0.328840137,0,-2.277466774,0
87.22167969,-27.81260872,1,4.508138657,1,-2.384163857,1,1.637797356,1,4.895599842,1,-1.543458581,1,0.44409731,0,-0.30754748,0,-2.275113344,0
87.22567749,-27.77754974,1,7.707594872,1,-0.119363278,1,1.371780872,1,4.53775835,1,-1.103163481,1,0.44903025,0,-0.288256586,0,-2.27156949,0
87.22967529,-28.08536148,1,11.3787632,1,1.908532858,1,1.315747023,1,4.135640621,1,-0.683022082,1,0.453098565,0,-0.271082401,0,-2.267035007,0
87.2336731,-28.54639053,1,15.05792618,1,3.805870295,1,1.468989849,1,3.681664467,1,-0.307944089,1,0.457233846,0,-0.256158352,0,-2.261743307,0
87.2376709,-29.35214043,1,18.0849247,1,5.195872784,1,1.772084713,1,3.210731745,1,0.019034766,1,0.462242305,0,-0.243545294,0,-2.25594902,0
87.24167633,-29.89944267,1,20.16647911,1,6.184934139,1,2.153703451,1,2.72997427,1,0.315761864,1,0.468650848,0,-0.233239472,0,-2.249841928,0
87.24567413,-29.70765495,1,21.05848885,1,6.86042881,1,2.521066427,1,2.252755165,1,0.561766148,1,0.476594895,0,-0.225168362,0,-2.24357295,0
87.24967194,-29.04272652,1,20.90681267,1,7.106181622,1,2.764542341,1,1.765104771,1,0.763356745,1,0.485825539,0,-0.219280407,0,-2.23732996,0
87.25366974,-28.67222977,1,19.40892982,1,7.120669842,1,2.83132267,1,1.313847423,1,0.884292364,1,0.495789051,0,-0.21541889,0,-2.231376886,0
87.25767517,-28.60321808,1,16.62984276,1,6.698763371,1,2.653272629,1,0.900326014,1,0.958530962,1,0.505663216,0,-0.213325724,0,-2.22588706,0
87.26167297,-28.40973473,1,12.95982075,1,5.96094656,1,2.197887182,1,0.524749935,1,1.00968504,1,0.514392257,0,-0.212768525,0,-2.22095418,0
87.26567078,-28.35939598,1,9.43492794,1,4.974586964,1,1.488641381,1,0.185535952,1,1.039092064,1,0.520887911,0,-0.213567585,0,-2.216588736,0
87.26967621,-27.95504951,1,6.91195631,1,3.583745956,1,0.651729584,1,-0.119186223,1,1.057331443,1,0.524389625,0,-0.215553358,0,-2.212804317,0
87.27367401,-14.96775627,1,-14.4044323,1,-2.761336088,1,-1.355250001,1,-0.819117367,1,1.506106853,1,0.522788048,0,-0.219510004,0,-2.209311962,0
87.27767181,-37.72449875,1,-0.08850766,1,4.549160957,1,-2.62306428,1,-2.07985568,1,2.731245279,1,0.513033807,0,-0.228691831,0,-2.204714298,0
87.28167725,-32.51708603,1,17.15659142,1,5.403994083,1,-2.215691566,1,-2.013891935,1,3.140259981,1,0.502026141,0,-0.242191613,0,-2.198210001,0
87.28567505,4.791832924,1,11.45073032,1,3.354743958,1,-2.372988224,1,-1.390982389,1,2.938014507,1,0.490813881,0,-0.253693879,0,-2.190505743,0
87.28967285,-1.566054225,1,-1.261101484,1,-6.6847229,1,-2.054130077,1,-1.605378389,1,3.174377441,1,0.479933321,0,-0.264533341,0,-2.18218565,0
87.29367065,-23.47144699,1,-15.52931118,1,-12.293643,1,-2.588434219,1,-1.499631405,1,3.259217501,1,0.4683806,0,-0.276318967,0,-2.173355818,0
87.29766846,-7.034873486,1,-25.65538216,1,-15.14729786,1,-2.799317122,1,-0.606806517,1,3.373324394,1,0.454629302,0,-0.285871059,0,-2.162979126,0
87.30167389,2.360981703,1,-40.89873505,1,-16.28743935,1,-3.556524277,1,-0.29712525,1,3.549734354,1,0.438725531,0,-0.29340452,0,-2.15060997,0
87.30567169,3.662612677,1,-45.14554596,1,-10.84356308,1,-4.387895584,1,-0.274231434,1,3.682557344,1,0.418879539,0,-0.300348341,0,-2.137433052,0
87.3096695,9.016372681,1,-39.28515625,1,-7.438724518,1,-5.052604198,1,-0.526415467,1,3.74216485,1,0.395720303,0,-0.30772984,0,-2.123724222,0
87.3136673,7.410879135,1,-31.47271156,1,-4.425855637,1,-5.677357674,1,-1.198520422,1,3.739231825,1,0.370275438,0,-0.316401035,0,-2.110354662,0
87.31768799,7.04183197,1,-20.67792511,1,-1.426905751,1,-6.175341606,1,-1.778552294,1,3.616022587,1,0.342567861,0,-0.327041686,0,-2.098083496,0
87.32167816,8.94701767,1,-12.58721256,1,-3.107691526,1,-6.682472706,1,-2.831849575,1,3.445578575,1,0.313293815,0,-0.340332747,0,-2.086958885,0
87.32569122,3.846815825,1,2.913188457,1,-5.497774124,1,-6.386732101,1,-3.76828742,1,2.907599926,1,0.283823043,0,-0.356688082,0,-2.078004837,0
87.32968903,-16.13106918,1,18.93319511,1,-11.30180359,1,-5.6548419,1,-4.10622406,1,2.013381958,1,0.257709444,0,-0.374795794,0,-2.072438002,0
87.33368683,-35.13227081,1,27.03604317,1,-17.11268997,1,-5.176579475,1,-3.784992218,1,1.282544255,1,0.235175073,0,-0.391832113,0,-2.069816589,0
87.33768463,-36.4476738,1,33.0947113,1,-24.50213814,1,-4.356002808,1,-2.908927917,1,1.03026545,1,0.215487748,0,-0.405945271,0,-2.068356276,0
87.34169006,-31.58673477,1,36.8963623,1,-27.05529594,1,-3.449530602,1,-1.974654913,1,1.106930017,1,0.198902115,0,-0.416416347,0,-2.066026211,0
87.34568787,-27.98259163,1,34.09489822,1,-28.91188622,1,-2.556832314,1,-1.102490544,1,1.147005081,1,0.185389102,0,-0.423311144,0,-2.062428713,0
87.34968567,-18.71615028,1,26.05615807,1,-26.09348297,1,-1.61702013,1,-0.297980487,1,1.108052731,1,0.175281763,0,-0.426715493,0,-2.058118343,0
87.3536911,-5.754425526,1,14.02536869,1,-17.76115417,1,-0.914915383,1,-0.348760128,1,1.139052987,1,0.168371841,0,-0.428613812,0,-2.053447485,0
87.3576889,2.750095844,1,-2.60649848,1,-10.77790546,1,-0.709020555,1,-0.737334013,1,1.051025033,1,0.163361102,0,-0.431387424,0,-2.049008369,0
87.36168671,2.453157902,1,-14.27381897,1,-8.549583435,1,-0.799339652,1,-1.160024881,1,0.74518168,1,0.159000397,0,-0.435782582,0,-2.045719862,0
87.36568451,-4.671946049,1,-17.10848999,1,-9.302996635,1,-0.896090984,1,-1.115136862,1,0.386680901,1,0.154896751,0,-0.440788954,0,-2.044086456,0
87.36968231,-10.6980381,1,-8.656295776,1,-8.540781975,1,-0.914837182,1,-0.893566608,1,0.257634878,1,0.150972739,0,-0.444911599,0,-2.043447495,0
87.37368774,-13.63421822,1,2.267885208,1,-8.249840736,1,-0.8376773,1,-0.590053737,1,0.330981791,1,0.14711532,0,-0.448037535,0,-2.042723656,0
87.37768555,-7.73582077,1,7.146949291,1,-8.220362663,1,-0.66981864,1,-0.481247514,1,0.489574611,1,0.143435434,0,-0.450325876,0,-2.041218519,0
87.38168335,-5.112903118,1,5.846194267,1,-9.999409676,1,-0.472708911,1,-0.553627908,1,0.478802115,1,0.140312746,0,-0.452635199,0,-2.039354563,0
87.38568115,-8.117211342,1,2.175321817,1,-10.32030296,1,-0.267306268,1,-0.531770349,1,0.353465229,1,0.138193518,0,-0.455071986,0,-2.037861586,0
87.38968658,-9.087635994,1,-1.73785603,1,-8.898413658,1,-0.130586162,1,-0.444459766,1,0.281943858,1,0.136947513,0,-0.457193345,0,-2.036779881,0
87.39368439,-6.007288933,1,-4.986633778,1,-7.442849636,1,-0.113763213,1,-0.418638349,1,0.281062543,1,0.136047915,0,-0.45903334,0,-2.035803795,0
87.39768219,-4.566298008,1,-6.122687817,1,-7.926970482,1,-0.154358611,1,-0.4116745,1,0.322750717,1,0.135058001,0,-0.460844934,0,-2.034751654,0
87.40168762,-5.043616772,1,-5.656105042,1,-8.202813148,1,-0.20180802,1,-0.372765601,1,0.384920597,1,0.133749798,0,-0.462612331,0,-2.03341341,0
87.40568543,-4.243997097,1,-5.654056549,1,-8.429356575,1,-0.259403735,1,-0.365844399,1,0.407828122,1,0.132142141,0,-0.4642829,0,-2.031868219,0
87.40968323,-3.891924143,1,-4.465369701,1,-8.833040237,1,-0.2814821,1,-0.388292968,1,0.414237231,1,0.130333737,0,-0.465996623,0,-2.030260563,0
87.41368103,-4.722975731,1,-1.815359116,1,-9.562057495,1,-0.241396442,1,-0.408814043,1,0.422172427,1,0.128543496,0,-0.467796862,0,-2.028633595,0
87.41767883,-5.511744499,1,0.008614004,1,-9.565928459,1,-0.16972971,1,-0.427939713,1,0.417567372,1,0.126978338,0,-0.469675928,0,-2.027004957,0
87.42168427,-5.683008671,1,-0.111557931,1,-9.445783615,1,-0.081215046,1,-0.429132491,1,0.384478271,1,0.125785977,0,-0.471583396,0,-2.025466442,0
87.42568207,-5.599253654,1,-1.021111131,1,-9.191109657,1,-0.024379209,1,-0.417430997,1,0.342475474,1,0.124953061,0,-0.473425627,0,-2.024079323,0
87.42967987,-4.544448853,1,-2.078831196,1,-8.873008728,1,0.01180743,1,-0.433739573,1,0.296909779,1,0.124404959,0,-0.475278527,0,-2.022908449,0
87.43367767,-5.223115921,1,-1.80209744,1,-8.779120445,1,0.042288292,1,-0.434473544,1,0.279648811,1,0.124032989,0,-0.477144003,0,-2.021862745,0
87.43768311,-5.609893799,1,-1.464172602,1,-8.414726257,1,0.082868673,1,-0.416698635,1,0.26715228,1,0.123826057,0,-0.478965312,0,-2.020874023,0
87.44168854,-5.821653366,1,-1.454301596,1,-8.374149323,1,0.122856162,1,-0.409979343,1,0.241553172,1,-0.08648973,0,-0.736375988,0,-1.83594346,0
87.44568634,-5.683698654,1,-1.771366119,1,-8.448020935,1,0.163767576,1,-0.389602721,1,0.207518265,1,-0.08703319,0,-0.738729239,0,-1.840949297,0
87.44968414,-5.226300716,1,-2.649765968,1,-8.621740341,1,0.183942676,1,-0.386591792,1,0.182662427,1,-0.08715488,0,-0.740203857,0,-1.839723349,0
87.45368195,-4.721704006,1,-3.44998908,1,-8.553653717,1,0.180440903,1,-0.387295157,1,0.176279366,1,-0.087189421,0,-0.741695344,0,-1.83857882,0
87.45768738,-4.97146368,1,-3.99326849,1,-8.395440102,1,0.161498323,1,-0.397328496,1,0.181703538,1,-0.087287687,0,-0.743202329,0,-1.837424397,0
87.46168518,-4.83105135,1,-4.300376415,1,-8.2329216,1,0.137455568,1,-0.393942893,1,0.186786592,1,-0.087475292,0,-0.744713247,0,-1.836255193,0
87.46568298,-4.781567574,1,-4.144874573,1,-8.265002251,1,0.099861562,1,-0.394685507,1,0.199264899,1,-0.087846749,0,-0.746207297,0,-1.835009813,0
87.46968079,-4.903553486,1,-3.624320984,1,-8.285608292,1,0.07714624,1,-0.393795997,1,0.206130698,1,-0.088368818,0,-0.747707009,0,-1.833709717,0
87.47368622,-4.923154354,1,-3.403827906,1,-8.355128288,1,0.034087598,1,-0.398020208,1,0.212664232,1,-0.089049384,0,-0.749217272,0,-1.832382202,0
87.47768402,-5.034851074,1,-2.898996115,1,-8.414318085,1,0.044593714,1,-0.401455849,1,0.183290929,1,-0.089773752,0,-0.750730991,0,-1.831101179,0
87.48168182,-4.779525757,1,-2.249168634,1,-8.604478836,1,0.055392466,1,-0.415042371,1,0.179281995,1,-0.090399452,0,-0.752290666,0,-1.829900503,0
87.48568726,-4.950967312,1,-1.347228527,1,-8.721521378,1,0.100434996,1,-0.425211906,1,0.157546967,1,-0.090869531,0,-0.753902495,0,-1.82876873,0
87.48968506,-4.923614502,1,-1.326356649,1,-8.830522537,1,0.141143769,1,-0.442017168,1,0.140737444,1,-0.091088727,0,-0.755571604,0,-1.827728152,0
87.49368286,-5.413789272,1,-1.223491788,1,-8.503678322,1,0.195498854,1,-0.458799601,1,0.096255064,1,-0.091016315,0,-0.757326186,0,-1.826852798,0
87.49768066,-5.361823559,1,-1.494114399,1,-8.440012932,1,0.24374263,1,-0.479223996,1,0.070818491,1,-0.090614952,0,-0.759151399,0,-1.826161623,0
87.50167847,-5.026496887,1,-1.717196226,1,-8.446619034,1,0.279249698,1,-0.482352704,1,0.047348354,1,-0.089946963,0,-0.761043906,0,-1.825604916,0
87.5056839,-4.765978336,1,-1.976876616,1,-8.581273079,1,0.322286397,1,-0.488373995,1,0.046949338,1,-0.089067012,0,-0.76295656,0,-1.825116873,0
87.5096817,-4.505956173,1,-2.445108175,1,-8.814282417,1,0.346306413,1,-0.516821384,1,0.052283488,1,-0.088076502,0,-0.764931798,0,-1.824608445,0
87.5136795,-4.764805317,1,-2.486368656,1,-8.674001694,1,0.364141554,1,-0.54974699,1,0.059757415,1,-0.087051794,0,-0.76704073,0,-1.82403779,0
87.51767731,-4.910143375,1,-2.517814636,1,-8.588238716,1,0.408535451,1,-0.563304424,1,0.074922591,1,-0.085939363,0,-0.769241095,0,-1.823403835,0
87.52168274,-4.834226608,1,-2.845701218,1,-8.673699379,1,0.451704174,1,-0.581378043,1,0.104887262,1,-0.084746607,0,-0.771483958,0,-1.822640538,0
87.52568054,-4.739584923,1,-3.082014084,1,-8.664813995,1,0.483525813,1,-0.593389869,1,0.134366885,1,-0.083537653,0,-0.773790658,0,-1.821690321,0
87.52967835,-4.60416317,1,-3.457413197,1,-8.521055222,1,0.492627293,1,-0.620478868,1,0.170085624,1,-0.082357496,0,-0.776172638,0,-1.820565701,0
87.53368378,-4.785173416,1,-3.764479876,1,-8.464857101,1,0.454584181,1,-0.656923771,1,0.193099678,1,-0.081377067,0,-0.778664947,0,-1.819241881,0
87.53768158,-4.853367805,1,-2.87724781,1,-8.454945564,1,0.469971865,1,-0.675818384,1,0.204085022,1,-0.080547675,0,-0.781272411,0,-1.817813516,0
87.54167938,-4.779808998,1,-2.28669095,1,-8.547912598,1,0.507439256,1,-0.695859551,1,0.211636156,1,-0.079643793,0,-0.783940792,0,-1.816329718,0
87.54567719,-4.841082096,1,-2.250680685,1,-8.725513458,1,0.532077074,1,-0.710199118,1,0.206785008,1,-0.078619406,0,-0.786673784,0,-1.814825416,0
87.54967499,-4.598455906,1,-2.220238686,1,-8.708269119,1,0.543167293,1,-0.75096935,1,0.196789026,1,-0.077511713,0,-0.789514363,0,-1.813364267,0
87.55368042,-4.820995331,1,-2.298143864,1,-8.600288391,1,0.527394295,1,-0.795082867,1,0.187735334,1,-0.076380163,0,-0.792554617,0,-1.811939478,0
87.55767822,-4.928936958,1,-1.596732378,1,-8.538201332,1,0.549818039,1,-0.831568301,1,0.162509888,1,-0.075220056,0,-0.795749545,0,-1.810575485,0
87.56168366,-5.051032066,1,-1.238457561,1,-8.583030701,1,0.59943223,1,-0.851564288,1,0.144755855,1,-0.073797874,0,-0.799061537,0,-1.809347034,0
87.56568146,-5.056428432,1,-1.505610943,1,-8.404834747,1,0.644375443,1,-0.872057676,1,0.119417973,1,-0.072114073,0,-0.802460909,0,-1.808230519,0
87.56968689,-5.103351116,1,-1.84331274,1,-8.228382111,1,0.678409457,1,-0.896974266,1,0.089173108,1,-0.070162319,0,-0.805964172,0,-1.807267785,0
87.57368469,-5.184912682,1,-2.139105558,1,-8.119626045,1,0.69313544,1,-0.915533006,1,0.07059256,1,-0.068003342,0,-0.809560418,0,-1.806437254,0
87.5776825,-5.426707745,1,-2.713019371,1,-8.072972298,1,0.671081662,1,-0.929125667,1,0.061341453,1,-0.0658096,0,-0.813218594,0,-1.805695772,0
87.5816803,-5.149374485,1,-2.534126043,1,-7.798823357,1,0.656944811,1,-0.94787842,1,0.045894276,1,-0.06365373,0,-0.816955745,0,-1.805030107,0
87.5856781,-5.286650181,1,-2.483114243,1,-7.862656116,1,0.677869201,1,-0.957714975,1,0.033588752,1,-0.061384004,0,-0.820755124,0,-1.804463387,0
87.58968353,-5.353377342,1,-2.562963486,1,-7.69715929,1,0.684773028,1,-0.952624679,1,0.028284326,1,-0.059040137,0,-0.82456249,0,-1.803944468,0
87.59368134,-5.338306904,1,-2.814356565,1,-7.635115147,1,0.690527201,1,-0.956467927,1,0.013727864,1,-0.056617208,0,-0.828367233,0,-1.803492785,0
87.59767914,-5.390976429,1,-2.769950151,1,-7.534359455,1,0.70023793,1,-0.964609683,1,0.010310112,1,-0.054130871,0,-0.832193911,0,-1.803100944,0
87.60167694,-5.45093298,1,-2.692648411,1,-7.516057014,1,0.705323279,1,-0.961269438,1,0.004897017,1,-0.051577602,0,-0.836041152,0,-1.802751541,0
87.60568237,-5.531400681,1,-2.702493668,1,-7.478590012,1,0.719096482,1,-0.960492551,1,0.000738325,1,-0.04895293,0,-0.839880228,0,-1.802453518,0
87.60968018,-5.634787083,1,-2.729154587,1,-7.464475632,1,0.724875629,1,-0.958504736,1,-0.00281953,1,-0.046272527,0,-0.843711734,0,-1.802179217,0
87.61367798,-5.627487183,1,-2.85463953,1,-7.397019386,1,0.726678312,1,-0.958347082,1,-0.000637733,1,-0.043550152,0,-0.847553372,0,-1.801934481,0
87.61768341,-5.595431328,1,-3.17967248,1,-7.327504635,1,0.724351943,1,-0.956887841,1,0.000117886,1,-0.040829178,0,-0.851384819,0,-1.801683664,0
87.62168121,-5.637494087,1,-3.216905594,1,-7.222206116,1,0.711616337,1,-0.954001486,1,0.009053652,1,-0.038150437,0,-0.855205715,0,-1.801422358,0
87.62567902,-5.750136852,1,-3.132386446,1,-7.118658543,1,0.719337046,1,-0.952637672,1,0.012396863,1,-0.035509046,0,-0.859017789,0,-1.80114007,0
87.62967682,-5.766798496,1,-3.211159468,1,-7.054303169,1,0.721872747,1,-0.942511976,1,0.016738562,1,-0.03285649,0,-0.862803221,0,-1.800846696,0
87.63367462,-5.690489292,1,-3.281283617,1,-6.944522858,1,0.720733702,1,-0.938446879,1,0.01354829,1,-0.030194724,0,-0.866565883,0,-1.800556421,0
87.63768005,-5.734508038,1,-3.340949059,1,-6.901184559,1,0.715885043,1,-0.934109986,1,0.015403356,1,-0.027526895,0,-0.870312154,0,-1.800299048,0
87.64167786,-5.783970356,1,-3.392473698,1,-6.837748051,1,0.694741726,1,-0.921839893,1,0.013908364,1,-0.024879456,0,-0.8740291,0,-1.800058126,0
87.64567566,-5.779072762,1,-3.452203512,1,-6.734541893,1,0.671908498,1,-0.909546077,1,0.021323109,1,-0.022330554,0,-0.877692819,0,-1.799812794,0
87.64967346,-5.743825912,1,-3.51925683,1,-6.639215469,1,0.636899829,1,-0.900041044,1,0.024903681,1,-0.019910889,0,-0.881303906,0,-1.799545407,0
87.65367889,-5.917806625,1,-3.418829203,1,-6.623581886,1,0.601050973,1,-0.88274157,1,0.039250098,1,-0.017664814,0,-0.884860277,0,-1.799245238,0
87.6576767,-6.022181511,1,-3.348832607,1,-6.605534554,1,0.567660809,1,-0.8653,1,0.045445323,1,-0.015585458,0,-0.888356745,0,-1.798913002,0
87.6616745,-6.014616489,1,-3.27652216,1,-6.549276829,1,0.538401306,1,-0.851902783,1,0.050627731,1,-0.013674471,0,-0.891785324,0,-1.798532367,0
87.66567993,-5.923074722,1,-3.61171031,1,-6.51601553,1,0.503465652,1,-0.842798412,1,0.066004373,1,-0.011927086,0,-0.895169437,0,-1.798098207,0
87.66967773,-5.987653732,1,-4.028192997,1,-6.556017399,1,0.466309071,1,-0.823772907,1,0.08468385,1,-0.01042076,0,-0.898502052,0,-1.797541142,0
87.67367554,-5.985516071,1,-4.143219948,1,-6.513934612,1,0.436674565,1,-0.803497732,1,0.102823511,1,-0.009134503,0,-0.901755333,0,-1.796888828,0
87.67767334,-5.924047947,1,-4.305631638,1,-6.51335907,1,0.405099571,1,-0.783480644,1,0.123836562,1,-0.008063579,0,-0.904923499,0,-1.796102881,0
87.68167877,-5.960823536,1,-4.479808331,1,-6.501135826,1,0.373369575,1,-0.766011655,1,0.150353625,1,-0.007247109,0,-0.908024311,0,-1.795168161,0
87.68567658,-6.064809799,1,-4.73303318,1,-6.532546043,1,0.328828245,1,-0.757324278,1,0.16873008,1,-0.006679177,0,-0.911063135,0,-1.794101834,0
87.68968201,-6.002501965,1,-4.671532154,1,-6.451227665,1,0.28820765,1,-0.745538831,1,0.188474774,1,-0.006389773,0,-0.914060891,0,-1.79290688,0
87.69367981,-6.022023678,1,-4.458011627,1,-6.582980633,1,0.258109897,1,-0.739073336,1,0.212189615,1,0.19476676,0,-0.840831876,0,-2.356858253,0
87.69767761,-6.031816483,1,-4.337725163,1,-6.640829086,1,0.245800942,1,-0.734606445,1,0.248927876,1,0.195401356,0,-0.843905568,0,-2.356362104,0
87.70168304,-5.91587019,1,-4.523738384,1,-6.615673542,1,0.211627811,1,-0.732889593,1,0.282682538,1,0.195789635,0,-0.846981645,0,-2.355646133,0
87.70568085,-5.99354887,1,-4.642807961,1,-6.632704258,1,0.186865404,1,-0.735753596,1,0.319276959,1,0.195915207,0,-0.850108802,0,-2.354735613,0
87.70967865,-5.936104298,1,-4.68209219,1,-6.72832346,1,0.150536254,1,-0.742106736,1,0.363788426,1,0.195724964,0,-0.853265584,0,-2.353583813,0
87.71367645,-5.855792999,1,-4.74906826,1,-6.883555889,1,0.122915357,1,-0.748952091,1,0.409303665,1,0.195205674,0,-0.856481016,0,-2.352155685,0
87.71767426,-5.882314682,1,-5.075862885,1,-7.21057272,1,0.094285659,1,-0.76672703,1,0.456531703,1,0.194356695,0,-0.859808266,0,-2.350458384,0
87.72167969,-5.711417198,1,-5.241916656,1,-7.243104458,1,0.054004923,1,-0.795910001,1,0.503832042,1,0.193168864,0,-0.863240123,0,-2.348504066,0
87.72567749,-5.729552746,1,-4.836087227,1,-7.157016754,1,0.022890635,1,-0.829884648,1,0.55869472,1,0.191601008,0,-0.866836071,0,-2.346251249,0
87.72967529,-5.925671101,1,-4.63859272,1,-7.047969818,1,0.00120195,1,-0.839128375,1,0.594300389,1,0.189703226,0,-0.870548248,0,-2.343714237,0
87.7336731,-5.863247395,1,-4.37102747,1,-7.030955791,1,-0.01680395,1,-0.857200146,1,0.612133622,1,0.187598601,0,-0.874337554,0,-2.3410182,0
87.73767853,-5.895637989,1,-3.634605169,1,-7.190839291,1,-0.030066302,1,-0.880300641,1,0.620476782,1,0.185366988,0,-0.878206849,0,-2.338238001,0
87.74167633,-6.24532938,1,-3.048549175,1,-7.246057987,1,-0.040458705,1,-0.901930809,1,0.62345165,1,0.183036894,0,-0.882172108,0,-2.335394382,0
87.74567413,-6.362748623,1,-2.886215925,1,-7.434003353,1,-0.030919852,1,-0.93609792,1,0.63133049,1,0.180700317,0,-0.88623178,0,-2.332550764,0
87.74967957,-6.413714409,1,-2.932240486,1,-7.520696163,1,-0.054325137,1,-0.95807153,1,0.620172143,1,0.178335264,0,-0.890407741,0,-2.329723358,0
87.75367737,-5.959943295,1,-2.655962229,1,-7.480667591,1,-0.053981617,1,-1.020593405,1,0.617496312,1,0.175958484,0,-0.894739032,0,-2.326946497,0
87.75767517,-6.09823513,1,-2.695540667,1,-7.580845833,1,-0.030606927,1,-1.068481207,1,0.613192856,1,0.173677862,0,-0.899284065,0,-2.324237585,0
87.76167297,-6.043133736,1,-2.888560057,1,-7.56682539,1,0.001870809,1,-1.11787653,1,0.625101686,1,0.171491861,0,-0.904015064,0,-2.321511507,0
87.76567078,-5.924936295,1,-3.415623188,1,-7.62118721,1,0.016999952,1,-1.168378234,1,0.635209143,1,0.169367477,0,-0.908946395,0,-2.318758965,0
87.76967621,-5.854564667,1,-3.788531303,1,-7.595458508,1,0.022490909,1,-1.226514339,1,0.653853118,1,0.167210445,0,-0.914096117,0,-2.31592536,0
87.77367401,-5.902104855,1,-4.003653526,1,-7.604345322,1,0.01912773,1,-1.282375097,1,0.678003907,1,0.164939865,0,-0.919483662,0,-2.312957048,0
87.77767181,-5.757401943,1,-3.982328176,1,-7.65031004,1,0.011693672,1,-1.357049584,1,0.713867784,1,0.162491187,0,-0.92514205,0,-2.309820175,0
87.78166962,-5.91053009,1,-3.914312363,1,-7.704208851,1,0.006272644,1,-1.428916454,1,0.748251617,1,0.159858778,0,-0.931115985,0,-2.306488037,0
87.78567505,-5.893290997,1,-3.951523304,1,-7.806019306,1,-0.001253969,1,-1.49546957,1,0.783153415,1,0.157024384,0,-0.937391162,0,-2.302949429,0
87.78967285,-5.938372135,1,-3.935654402,1,-7.817229748,1,-0.012149511,1,-1.586635947,1,0.823652089,1,0.15397796,0,-0.943972349,0,-2.299205303,0
87.79367065,-5.862192154,1,-4.033846378,1,-7.831994057,1,-0.021364374,1,-1.663698912,1,0.858249724,1,0.150666401,0,-0.950905323,0,-2.295201778,0
87.79767609,-5.95889473,1,-3.975521088,1,-7.978155136,1,-0.031586066,1,-1.754278064,1,0.895849347,1,0.147100583,0,-0.958163857,0,-2.290961027,0
87.80167389,-5.969398499,1,-4.006518841,1,-8.040448189,1,-0.048834227,1,-1.83902061,1,0.937259018,1,0.143227279,0,-0.965792656,0,-2.286439419,0
87.80567932,-5.900308609,1,-3.823593616,1,-8.068488121,1,-0.056407899,1,-1.941624761,1,0.982898235,1,0.139015645,0,-0.973817408,0,-2.281597376,0
87.80967712,-5.911194324,1,-3.767406464,1,-8.26740551,1,-0.056108031,1,-2.047092199,1,1.02120316,1,0.134506971,0,-0.982271671,0,-2.276440859,0
87.81367493,-5.827501297,1,-3.653924704,1,-8.28250885,1,-0.052638631,1,-2.154202461,1,1.062831163,1,0.129728466,0,-0.991149426,0,-2.27097106,0
87.81767273,-6.124613762,1,-3.939260006,1,-8.461325645,1,-0.055626728,1,-2.273010015,1,1.111557484,1,0.124592401,0,-1.000476718,0,-2.265102625,0
87.82167816,-6.068965435,1,-4.052574635,1,-8.410799026,1,-0.057939555,1,-2.399497032,1,1.171211958,1,0.119015887,0,-1.010300398,0,-2.258769035,0
87.82567596,-5.646421909,1,-4.250281811,1,-8.475035667,1,-0.061368115,1,-2.53580904,1,1.225799799,1,0.112944141,0,-1.020647526,0,-2.251898766,0
87.82967377,-5.734381676,1,-4.315587997,1,-8.746964455,1,-0.068030737,1,-2.704900265,1,1.290736318,1,0.106328279,0,-1.031621456,0,-2.244462013,0
87.8336792,-5.996872902,1,-4.391254902,1,-9.04063797,1,-0.065708332,1,-2.857222319,1,1.357402086,1,0.09908396,0,-1.043230057,0,-2.236347198,0
87.837677,-5.84602499,1,-4.45650816,1,-9.206554413,1,-0.065366678,1,-3.029768944,1,1.425732493,1,0.091121018,0,-1.055470586,0,-2.227456093,0
87.84167481,-5.801134586,1,-4.671236038,1,-9.526148796,1,-0.067783259,1,-3.23007679,1,1.503782868,1,0.082362555,0,-1.068450212,0,-2.21771121,0
87.84567261,-5.498416901,1,-4.55495882,1,-9.801034927,1,-0.071286902,1,-3.44378376,1,1.587388158,1,0.072593525,0,-1.08222425,0,-2.206917286,0
87.84967041,-5.418896198,1,-4.60733223,1,-10.13677502,1,-0.074125126,1,-3.679881334,1,1.68710947,1,0.061630096,0,-1.096882701,0,-2.194869041,0
87.85367584,-5.493505478,1,-4.807976723,1,-10.44429111,1,-0.084216565,1,-3.921770573,1,1.789089799,1,0.049200106,0,-1.112448335,0,-2.181300879,0
87.85767365,-5.28696394,1,-5.190198421,1,-10.84114265,1,-0.09542568,1,-4.149279118,1,1.877577543,1,0.03508966,0,-1.128874779,0,-2.166027784,0
87.86167145,-4.849928379,1,-5.740415096,1,-11.19512653,1,-0.119454958,1,-4.436561108,1,2.005834579,1,0.01888437,0,-1.146237254,0,-2.148649931,0
87.86566925,-4.881132126,1,-6.519244194,1,-11.80186558,1,-0.151915506,1,-4.725252628,1,2.150790691,1,-8.55E-05,0,-1.164644957,0,-2.128490448,0
87.86967468,-5.007049561,1,-7.294997215,1,-12.25886059,1,-0.209569797,1,-5.047519207,1,2.337550163,1,-0.022783764,0,-1.184080958,0,-2.104660988,0
87.87367249,-5.545864105,1,-8.686400414,1,-12.51141453,1,-0.285474807,1,-5.330087185,1,2.551726818,1,-0.050354104,0,-1.204464078,0,-2.076079369,0
87.87767029,-7.222942829,1,-9.791337013,1,-12.71779346,1,-0.386863679,1,-5.545788288,1,2.79566741,1,-0.084399179,0,-1.225451231,0,-2.041207314,0
87.88167572,-7.427251339,1,-9.945490837,1,-12.12867928,1,-0.46713528,1,-5.769098282,1,3.031264067,1,-0.126234099,0,-1.246748805,0,-1.998707652,0
87.88567352,-9.998615265,1,-11.17895699,1,-12.56706142,1,-0.540742338,1,-5.921004295,1,3.206027508,1,-0.177311614,0,-1.268012285,0,-1.947137713,0
87.88967133,-12.43311501,1,-10.91110325,1,-12.15925884,1,-0.583663881,1,-5.918163776,1,3.355175257,1,-0.238374785,0,-1.288489103,0,-1.885717273,0
87.89366913,-10.66693401,1,-11.30462265,1,-11.19977951,1,-0.668489039,1,-5.989172459,1,3.572468758,1,-0.311647058,0,-1.307621717,0,-1.812238455,0
87.89766693,-11.34761143,1,-10.43338108,1,-12.0149622,1,-0.723275602,1,-6.081165791,1,3.72853899,1,-0.399644792,0,-1.325207233,0,-1.724229813,0
87.90167236,-13.22106266,1,-8.051492691,1,-12.54195213,1,-0.604537725,1,-6.080978394,1,3.811892271,1,-0.50187093,0,-1.340545893,0,-1.621840835,0
87.90567017,-16.31195831,1,-8.065891266,1,-14.39305019,1,-0.502110362,1,-6.021869183,1,3.862205982,1,-0.618061364,0,-1.35293889,0,-1.505016923,0
87.90966797,-17.67935371,1,-7.514710426,1,-14.3571682,1,-0.354577571,1,-5.865530491,1,3.932386637,1,-0.744587004,0,-1.361605883,0,-1.377278209,0
87.91366577,-17.90811539,1,-7.129996777,1,-13.43646049,1,-0.256982863,1,-5.735708714,1,3.967270374,1,-0.877892613,0,-1.366104722,0,-1.242329001,0
87.9176712,-18.44330597,1,-9.323246002,1,-12.33436203,1,-0.251280844,1,-5.705742836,1,4.000724792,1,-1.013553381,0,-1.366587639,0,-1.104820371,0
87.92166901,-21.81534576,1,-9.425648689,1,-13.8414917,1,-0.208223253,1,-5.495981693,1,3.97933507,1,-1.145486236,0,-1.363105774,0,-0.970974982,0
87.92567444,-22.12583733,1,-9.55606842,1,-13.33999157,1,-0.244530573,1,-5.163350582,1,4.035598755,1,-1.265888691,0,-1.355765343,0,-0.848750889,0
87.92967224,-19.79007721,1,-11.16542435,1,-12.97784996,1,-0.343574315,1,-4.894269466,1,4.12791872,1,-1.372072935,0,-1.344936371,0,-0.741117954,0
87.93367004,-20.0111084,1,-10.66930199,1,-13.29716587,1,-0.461803883,1,-4.695690632,1,4.081026554,1,-1.464349627,0,-1.331575632,0,-0.647963226,0
87.93768311,-18.43461227,1,-10.63537979,1,-12.20629501,1,-0.576670527,1,-4.440916538,1,4.092726707,1,-1.542995453,0,-1.316513538,0,-0.56899929,0
87.94167328,-15.73117924,1,-10.18417835,1,-11.04557896,1,-0.745988309,1,-4.350400925,1,4.142051697,1,-1.610639691,0,-1.299908757,0,-0.501674891,0
87.94567108,-14.90133572,1,-7.777724743,1,-11.35927486,1,-0.901099622,1,-4.250433922,1,3.982930899,1,-1.659458518,0,-1.276951075,0,-0.439546824,0
87.94966888,-12.10682774,1,-5.34367466,1,-9.410908699,1,-0.863834381,1,-4.143319607,1,3.863455057,1,-1.710760832,0,-1.259489298,0,-0.38951993,0
87.95368195,-9.007727623,1,-4.373936653,1,-8.642316818,1,-0.844458222,1,-3.910200834,1,3.768246889,1,-1.75472188,0,-1.241790891,0,-0.346819043,0
87.95767975,-5.465639591,1,-4.087069035,1,-8.039290428,1,-0.746510088,1,-3.598056793,1,3.596199036,1,-1.791401863,0,-1.224354625,0,-0.311317503,0
87.96166992,-5.054386139,1,-3.555296898,1,-7.004911423,1,-0.667525053,1,-3.360915661,1,3.500888586,1,-1.821674347,0,-1.207288384,0,-0.282056868,0
87.96568298,-1.069927096,1,-1.629531384,1,-8.474277496,1,-0.375842333,1,-3.057295561,1,3.404301643,1,-1.846353054,0,-1.190655112,0,-0.257883221,0
87.96968079,-7.529097557,1,-1.409174323,1,-9.475916862,1,-0.04110162,1,-2.94718194,1,3.322060347,1,-1.865979195,0,-1.17433691,0,-0.23752737,0
87.97367859,-18.57427406,1,-2.300635576,1,-10.03981781,1,0.184266806,1,-2.670746088,1,3.060009241,1,-1.88193655,0,-1.1587466,0,-0.219893053,0
87.97767639,-29.67458534,1,-3.014488697,1,-13.71233177,1,0.455412507,1,-2.058673382,1,2.647046566,1,-1.893139958,0,-1.144873619,0,-0.206196174,0
87.98167419,-21.76031494,1,-6.277571678,1,-14.68739796,1,0.519256473,1,-1.186734676,1,2.164086819,1,-1.897748828,0,-1.133697271,0,-0.198937222,0
87.98567963,-11.15841007,1,-7.747776985,1,-12.52783203,1,0.474479973,1,-0.570990682,1,1.762001276,1,-1.897369981,0,-1.125189185,0,-0.197120115,0
87.98967743,-4.257535934,1,-8.230136871,1,-9.754292488,1,0.375017643,1,-0.269081563,1,1.504855394,1,-1.894489408,0,-1.118506432,0,-0.198436514,0
87.99367523,-4.299179554,1,-8.660299301,1,-8.936426163,1,0.291926444,1,-0.154332921,1,1.316125631,1,-1.891167641,0,-1.112888575,0,-0.200651705,0
87.99767304,-7.192927361,1,-8.50994873,1,-9.598698616,1,0.153592944,1,0.059517555,1,1.092528105,1,-1.887641549,0,-1.108231783,0,-0.203562632,0
88.00167847,-6.941104889,1,-7.653954983,1,-9.898097992,1,-0.012729367,1,0.357738346,1,0.8637712,1,-1.883352876,0,-1.104781508,0,-0.208048195,0
88.00567627,-4.657661438,1,-6.620849133,1,-9.215560913,1,-0.119069584,1,0.583462477,1,0.655767322,1,-1.878167748,0,-1.102480531,0,-0.21416679,0
88.00967407,-3.003635883,1,-5.860906601,1,-8.308970451,1,-0.163102597,1,0.709154785,1,0.484182,1,-1.872502804,0,-1.101092339,0,-0.221169993,0
88.0136795,-1.785352707,1,-5.445898056,1,-7.841697693,1,-0.188153952,1,0.828166246,1,0.324193835,1,-1.866504073,0,-1.100448728,0,-0.228696451,0
88.01767731,-0.733217001,1,-4.985867977,1,-7.526841164,1,-0.187084258,1,0.936014593,1,0.172845498,1,-1.860067368,0,-1.10051918,0,-0.236768514,0
88.02167511,-0.095004372,1,-4.518203735,1,-7.11988306,1,-0.166449994,1,1.031549215,1,0.036225978,1,-1.853101254,0,-1.101233244,0,-0.245377317,0
88.02567291,0.055412199,1,-4.273668766,1,-6.939729691,1,-0.133755594,1,1.135780931,1,-0.084162258,1,-1.845525861,0,-1.102527618,0,-0.254528165,0
88.02967072,0.002467074,1,-4.164915562,1,-6.710006237,1,-0.082140528,1,1.251076698,1,-0.192446694,1,-1.837135315,0,-1.104330301,0,-0.264403373,0
88.03367615,0.22221455,1,-4.050742149,1,-6.444473267,1,-0.040652219,1,1.376461864,1,-0.281996042,1,-1.827772379,0,-1.106608152,0,-0.275158018,0
88.03767395,0.370805442,1,-4.023892403,1,-6.206358433,1,-0.009709874,1,1.515988111,1,-0.366312236,1,-1.817288637,0,-1.109308004,0,-0.286979288,0
88.04167938,0.533511937,1,-3.926477194,1,-6.033280373,1,0.020175844,1,1.668732762,1,-0.436474144,1,-1.805568576,0,-1.112385869,0,-0.300036132,0
88.04567719,0.569203019,1,-3.831775188,1,-5.924172401,1,0.05601291,1,1.827059746,1,-0.496926516,1,-1.792414308,0,-1.115783453,0,-0.314521998,0
88.04968262,0.465166867,1,-3.687500954,1,-5.937308788,1,0.093702927,1,1.989873528,1,-0.549753785,1,-1.777712703,0,-1.119446993,0,-0.330542326,0
88.05368042,0.367828965,1,-3.539014578,1,-5.998656273,1,0.130508184,1,2.167146206,1,-0.602145314,1,-1.76129806,0,-1.123342991,0,-0.348272175,0
88.05767822,0.274985045,1,-3.426422119,1,-5.985848904,1,0.16900292,1,2.341644049,1,-0.653307617,1,-1.743066788,0,-1.127439737,0,-0.367802083,0
88.06167603,0.242776588,1,-3.227020979,1,-5.992060184,1,0.222888678,1,2.527040958,1,-0.706931472,1,-1.722868919,0,-1.131695032,0,-0.389269263,0
88.06567383,0.117655583,1,-3.138619423,1,-6.012839317,1,0.277837217,1,2.710971594,1,-0.760916591,1,-1.700548768,0,-1.136078358,0,-0.412795067,0
88.06967926,-0.046300974,1,-2.944173574,1,-5.927712917,1,0.346310377,1,2.896929026,1,-0.813018799,1,-1.675976872,0,-1.140517116,0,-0.438481182,0
88.07367706,-0.277370185,1,-2.851747751,1,-5.95718956,1,0.415817469,1,3.088014126,1,-0.871001244,1,-1.649003148,0,-1.144973874,0,-0.46644941,0
88.07767487,-0.59709996,1,-2.803928614,1,-5.985934734,1,0.492830992,1,3.278352022,1,-0.930581152,1,-1.619527817,0,-1.149370193,0,-0.496792734,0
88.08167267,-0.711348951,1,-2.787235975,1,-5.962298393,1,0.566706836,1,3.465213299,1,-0.996230066,1,-1.587424517,0,-1.153661966,0,-0.52961576,0
88.0856781,-0.807448864,1,-2.785275698,1,-5.904845238,1,0.643493891,1,3.643764734,1,-1.053080201,1,-1.552714229,0,-1.157749176,0,-0.564896166,0
88.0896759,-0.964446902,1,-2.867927551,1,-5.931235313,1,0.70778805,1,3.802789927,1,-1.116616964,1,-1.515494227,0,-1.161549091,0,-0.602544785,0
88.09367371,-1.111015558,1,-2.928050756,1,-5.880657673,1,0.774925113,1,3.945199728,1,-1.181398153,1,-1.475925803,0,-1.164976835,0,-0.642413497,0
88.09767914,-1.167278051,1,-3.058188438,1,-5.835673809,1,0.837329805,1,4.085969448,1,-1.248535037,1,-1.434055686,0,-1.167953134,0,-0.684446573,0
88.10167694,-1.383257151,1,-3.090857983,1,-5.843875885,1,0.896282494,1,4.202804089,1,-1.31641686,1,-1.390109539,0,-1.170401573,0,-0.728423536,0
88.10567474,-1.611060262,1,-3.263721704,1,-5.77310276,1,0.947439969,1,4.313965321,1,-1.388780951,1,-1.344316363,0,-1.172263026,0,-0.774138331,0
88.10967255,-1.951075196,1,-3.319867373,1,-5.860659122,1,1.002689838,1,4.411860466,1,-1.46759367,1,-1.296818852,0,-1.173479557,0,-0.821433961,0
88.11367035,-2.390449524,1,-3.376338005,1,-5.891430378,1,1.053903103,1,4.508388042,1,-1.555012584,1,-1.247811079,0,-1.174004912,0,-0.870114863,0
88.11767578,-2.809321404,1,-3.381819963,1,-5.931706429,1,1.113526344,1,4.6076231,1,-1.645998836,1,-1.197358847,0,-1.173792362,0,-0.92012006,0
88.12167358,-3.308267117,1,-3.382780313,1,-6.02278614,1,1.169196486,1,4.705554008,1,-1.748540163,1,-1.145644188,0,-1.172809839,0,-0.971261203,0
88.12567139,-3.811108112,1,-3.542876244,1,-6.15485239,1,1.223840833,1,4.807131767,1,-1.858109951,1,-1.09276402,0,-1.171001196,0,-1.023448706,0
88.12966919,-4.320799351,1,-3.663715601,1,-6.262449741,1,1.275012374,1,4.919470787,1,-1.971918344,1,-1.038858533,0,-1.168288469,0,-1.076576114,0
88.13367462,-4.766562462,1,-3.776545763,1,-6.452043533,1,1.330734372,1,5.033512115,1,-2.094700336,1,-0.984137177,0,-1.16462326,0,-1.130429268,0
88.13767242,-5.115611553,1,-3.797163725,1,-6.576194286,1,1.379608035,1,5.152565479,1,-2.208353519,1,-0.928785086,0,-1.159905314,0,-1.184830666,0
88.14167023,-5.470040798,1,-3.794718266,1,-6.681755543,1,1.438582778,1,5.275949001,1,-2.334872723,1,-0.873058021,0,-1.154068232,0,-1.239534378,0
88.14567566,-5.644389629,1,-3.697270632,1,-6.804436207,1,1.491108656,1,5.386117935,1,-2.45663023,1,-0.817278028,0,-1.147079349,0,-1.294207096,0
88.14967346,-5.732234478,1,-3.613850355,1,-6.773625374,1,1.555719852,1,5.488260269,1,-2.578518629,1,-0.761763573,0,-1.138904452,0,-1.34853375,0
88.15367127,-5.712896824,1,-3.550639153,1,-6.777625561,1,1.609945536,1,5.562003613,1,-2.684256792,1,-0.706928909,0,-1.129536629,0,-1.402055621,0
88.15766907,-5.680135727,1,-3.529108763,1,-6.670193672,1,1.668522954,1,5.619224072,1,-2.775289774,1,-0.653266132,0,-1.119011283,0,-1.454277515,0
88.1616745,-5.575304985,1,-3.590352297,1,-6.596997738,1,1.72263813,1,5.646437645,1,-2.847594976,1,-0.601131618,0,-1.107362628,0,-1.504831076,0
88.1656723,-5.538617611,1,-3.682487249,1,-6.613500595,1,1.773391008,1,5.648237705,1,-2.910318136,1,-0.550868273,0,-1.094688892,0,-1.553357363,0
88.16967773,-5.480298519,1,-3.610346079,1,-6.639472008,1,1.827785492,1,5.637302876,1,-2.954672098,1,-0.502684951,0,-1.081068873,0,-1.599634647,0
88.17367554,-5.389995575,1,-3.559909105,1,-6.617980003,1,1.880747557,1,5.599690437,1,-2.990573645,1,-0.45668444,0,-1.0666219,0,-1.643514276,0
88.17767334,-5.361798286,1,-3.494349718,1,-6.726546288,1,1.928676486,1,5.537895203,1,-3.013344288,1,-0.412956834,0,-1.051471353,0,-1.684920311,0
88.18167877,-5.527748108,1,-3.408427238,1,-6.83562994,1,1.985366464,1,5.459770203,1,-3.026955366,1,-0.371522605,0,-1.035759568,0,-1.723807693,0
88.18567658,-5.771931171,1,-3.351412296,1,-7.043619633,1,2.042855024,1,5.378750801,1,-3.029760599,1,-0.332265168,0,-1.019580603,0,-1.760252476,0
88.18967438,-6.002627373,1,-3.33925128,1,-7.270388603,1,2.105527163,1,5.29718399,1,-3.027049065,1,-0.295034379,0,-1.003012419,0,-1.794377804,0
88.19367218,-6.253429413,1,-3.364144802,1,-7.645967484,1,2.186797857,1,5.207690716,1,-3.025328398,1,0.036721054,0,-0.833498716,0,-1.910673141,0
88.19766998,-6.768499851,1,-3.411586285,1,-8.114705086,1,2.260872364,1,5.128288269,1,-3.017593384,1,0.057576697,0,-0.812283516,0,-1.926994681,0
88.20167542,-7.227329254,1,-3.463425875,1,-8.468804359,1,2.346359253,1,5.07199955,1,-3.00427866,1,0.077789932,0,-0.791123033,0,-1.942296267,0
88.20567322,-7.737969398,1,-3.459238291,1,-8.953928947,1,2.433041811,1,5.020110607,1,-3.004699945,1,0.09746632,0,-0.769967675,0,-1.956667304,0
88.20967102,-8.151558876,1,-3.504114866,1,-9.394283295,1,2.519329548,1,4.973621368,1,-3.005795002,1,0.11668282,0,-0.748818934,0,-1.970193744,0
88.21366882,-8.533070564,1,-3.505923271,1,-9.954951286,1,2.604729652,1,4.938342571,1,-3.00640893,1,0.135523096,0,-0.727641582,0,-1.982959747,0
88.21767426,-8.937306404,1,-3.485476494,1,-10.56108284,1,2.694517136,1,4.912325382,1,-3.015634775,1,0.154034361,0,-0.706409097,0,-1.994999051,0
88.22167206,-9.221337318,1,-3.30025506,1,-11.23067379,1,2.793310404,1,4.895131588,1,-3.02964282,1,0.172305852,0,-0.685091734,0,-2.006381512,0
88.22566986,-9.560709,1,-3.112281799,1,-11.99438477,1,2.892939329,1,4.884653091,1,-3.044661999,1,0.190406814,0,-0.663665891,0,-2.017162085,0
88.22967529,-9.977061272,1,-2.83280921,1,-12.74440479,1,3.009688377,1,4.889412403,1,-3.067402363,1,0.20841606,0,-0.642079711,0,-2.027379274,0
88.2336731,-10.32007217,1,-2.501435757,1,-13.56858444,1,3.127331972,1,4.908268452,1,-3.082361221,1,0.226377517,0,-0.62029618,0,-2.037016869,0
88.2376709,-10.87048626,1,-2.202492476,1,-14.33908939,1,3.254194021,1,4.947353363,1,-3.096915722,1,0.244328067,0,-0.598260164,0,-2.046073914,0
88.2416687,-12.0011692,1,-1.153674245,1,-14.35200691,1,3.385792494,1,5.042884827,1,-3.164529085,1,0.262285471,0,-0.575767457,0,-2.054666042,0
88.24567413,-10.80251694,1,-0.380509675,1,-15.16645241,1,3.581393719,1,5.020267487,1,-3.108201981,1,0.280457795,0,-0.553039849,0,-2.062541246,0
88.24967194,-12.23527336,1,0.219700277,1,-16.22106171,1,3.746065378,1,5.061089993,1,-3.095412493,1,0.298806906,0,-0.530185401,0,-2.069701433,0
88.25366974,-13.11788559,1,0.176954642,1,-16.62255669,1,3.877039433,1,5.130512714,1,-3.102385998,1,0.317263961,0,-0.507021964,0,-2.076175451,0
88.25766754,-13.3621788,1,0.398048759,1,-16.853899,1,3.996279478,1,5.170220852,1,-3.078993559,1,0.335777998,0,-0.483539164,0,-2.081959724,0
88.26167297,-14.28633308,1,0.631713808,1,-17.0931263,1,4.068958759,1,5.196666718,1,-3.056509972,1,0.354230165,0,-0.459876746,0,-2.087048531,0
88.26567078,-14.86679649,1,0.966026843,1,-17.35316849,1,4.078790665,1,5.206458092,1,-3.032998323,1,0.372459173,0,-0.436099648,0,-2.091463804,0
88.26966858,-15.66288757,1,2.047393322,1,-17.79443741,1,4.044203758,1,5.177051544,1,-3.025755644,1,0.390292168,0,-0.412302077,0,-2.095314264,0
88.27366638,-16.99320602,1,4.028467655,1,-18.19412613,1,4.024311543,1,5.129724026,1,-3.028662443,1,0.40775317,0,-0.388599098,0,-2.098726988,0
88.27767181,-18.98933601,1,5.855286121,1,-18.35268021,1,4.050220013,1,5.104263783,1,-3.029954433,1,0.425009817,0,-0.364984721,0,-2.101749897,0
88.28167725,-21.76755142,1,7.165284634,1,-18.35616493,1,4.107296944,1,5.119665146,1,-3.022644043,1,0.44221288,0,-0.341365159,0,-2.104308128,0
88.28567505,-24.12423134,1,6.504032612,1,-17.88896561,1,4.108054161,1,5.227958202,1,-2.992512465,1,0.459280461,0,-0.317520738,0,-2.106228828,0
88.28967285,-25.259552,1,6.315164566,1,-16.3206501,1,4.077829838,1,5.319652557,1,-2.916942358,1,0.476000726,0,-0.293337196,0,-2.107350349,0
88.29367065,-26.85975838,1,4.492609501,1,-14.49501228,1,3.933324575,1,5.391850471,1,-2.763730526,1,0.492094964,0,-0.269090235,0,-2.10745573,0
88.29766846,-27.84946251,1,2.918216944,1,-12.45945644,1,3.659711361,1,5.473945141,1,-2.567647457,1,0.507052243,0,-0.24489592,0,-2.106387615,0
88.30167389,-27.42674637,1,2.37945056,1,-10.13220978,1,3.270726681,1,5.466010094,1,-2.318410158,1,0.520397902,0,-0.221000314,0,-2.104078293,0
88.30567169,-26.8403492,1,3.546635151,1,-7.676241875,1,2.875470161,1,5.349112511,1,-2.020146608,1,0.531967223,0,-0.197911173,0,-2.100638866,0
88.3096695,-26.46896362,1,5.225029469,1,-5.421245575,1,2.516068935,1,5.148398876,1,-1.677125692,1,0.541908205,0,-0.176064,0,-2.096178532,0
88.31367493,-26.38873672,1,6.974663258,1,-3.077753544,1,2.229630232,1,4.885891914,1,-1.279739618,1,0.550471067,0,-0.155818626,0,-2.090723991,0
88.31767273,-26.30908966,1,9.508383751,1,-0.775067866,1,2.080529213,1,4.533441544,1,-0.832842231,1,0.558121264,0,-0.137557998,0,-2.084336042,0
88.32167053,-26.65174294,1,12.19518852,1,1.213379025,1,2.087064505,1,4.130450726,1,-0.349221379,1,0.565471709,0,-0.121628024,0,-2.077051878,0
88.32566834,-27.66516304,1,14.9150486,1,2.825493097,1,2.250040531,1,3.710177422,1,0.15779826,1,0.573177159,0,-0.108225085,0,-2.068882704,0
88.32966614,-29.01085472,1,17.17265701,1,4.035698891,1,2.51493001,1,3.305371523,1,0.660515547,1,0.581760645,0,-0.097363926,0,-2.059806347,0
88.33367157,-30.17115211,1,18.61732292,1,4.869852066,1,2.826083183,1,2.936785221,1,1.140031934,1,0.591530502,0,-0.088976696,0,-2.049849749,0
88.33766937,-30.46951103,1,19.26105118,1,5.269068718,1,3.114943504,1,2.567319632,1,1.553725362,1,0.602516115,0,-0.082913883,0,-2.039156914,0
88.34166718,-30.25036621,1,19.40656662,1,5.047241688,1,3.311959028,1,2.206511974,1,1.872472167,1,0.614499569,0,-0.079015076,0,-2.028027534,0
88.34566498,-29.96635818,1,18.66240501,1,4.430217743,1,3.352468491,1,1.863824606,1,2.085131645,1,0.627011359,0,-0.077015512,0,-2.01681447,0
88.34967041,-29.8163662,1,17.08945465,1,3.615483284,1,3.178697109,1,1.55538094,1,2.211368561,1,0.639288306,0,-0.076602288,0,-2.00578618,0
88.35366821,-29.68164635,1,14.57940102,1,2.742399216,1,2.776525497,1,1.279679418,1,2.263518333,1,0.65043664,0,-0.0774616,0,-1.995191336,0
88.35766602,-29.24798203,1,11.62289619,1,1.888652802,1,2.137751102,1,1.004864216,1,2.267042637,1,0.659533501,0,-0.079373404,0,-1.985191822,0
88.36167145,-19.85800171,1,-4.284463406,1,-4.766563892,1,0.77645731,1,0.567408741,1,2.363238811,1,0.665131211,0,-0.082443126,0,-1.975913644,0
88.36566925,-20.5606575,1,-20.1320343,1,0.878675222,1,-2.548627138,1,-0.457252771,1,2.84305191,1,0.661000192,0,-0.088488594,0,-1.96758163,0
88.36966705,-38.82569504,1,-0.395439863,1,4.470316887,1,-4.106368542,1,-1.474291682,1,3.594275236,1,0.6458413,0,-0.099571727,0,-1.95980978,0
88.37366486,-6.978543758,1,21.41059494,1,3.417062521,1,-3.31170702,1,-1.00329268,1,3.904875517,1,0.630266011,0,-0.112877801,0,-1.950511813,0
88.37766266,6.922072887,1,12.66124535,1,-5.08255291,1,-3.132807255,1,-0.979305387,1,3.619566441,1,0.616189063,0,-0.124686845,0,-1.940461755,0
88.38166809,-12.28147221,1,-4.58373785,1,-12.66231728,1,-3.024042845,1,-1.270523906,1,3.579881907,1,0.602750599,0,-0.13664481,0,-1.931235075,0
88.38566589,-14.27957249,1,-18.25510788,1,-14.65426826,1,-3.121730566,1,-0.664638817,1,3.386907578,1,0.589005172,0,-0.147876322,0,-1.921862841,0
88.3896637,7.492293358,1,-31.44299889,1,-16.91143417,1,-3.191890955,1,-0.297049671,1,3.371594429,1,0.575105309,0,-0.156701714,0,-1.911381006,0
88.3936615,9.567735672,1,-42.67356873,1,-14.11360455,1,-4.11900568,1,-0.435358644,1,3.41557622,1,0.558760524,0,-0.165173307,0,-1.900656223,0
88.39766693,11.54964161,1,-44.03020477,1,-6.136015892,1,-4.960459709,1,-0.762629509,1,3.469027758,1,0.538749695,0,-0.174283877,0,-1.889895439,0
88.40166473,13.59470177,1,-34.24365997,1,-2.905646324,1,-5.675495625,1,-1.411893606,1,3.631416798,1,0.515771151,0,-0.185207501,0,-1.879719019,0
88.40567017,14.71823692,1,-20.84866714,1,-1.591478586,1,-6.022408962,1,-2.21658659,1,3.814903498,1,0.490322769,0,-0.198635221,0,-1.869971037,0
88.40966797,10.1108532,1,-15.57359982,1,-4.315735817,1,-6.236336231,1,-3.287480831,1,4.058588028,1,0.464010388,0,-0.215705946,0,-1.86071229,0
88.4136734,2.544984341,1,-7.398880482,1,-6.080871582,1,-6.398422718,1,-4.126110554,1,3.598187923,1,0.437173963,0,-0.235863402,0,-1.85313797,0
88.4176712,-8.299658775,1,-0.595290005,1,-7.244537354,1,-6.630579948,1,-4.446060181,1,2.958506107,1,0.409775317,0,-0.256981015,0,-1.848180771,0
88.42166901,-22.26279259,1,17.40447044,1,-11.02166653,1,-5.93282938,1,-4.375090122,1,2.09849143,1,0.383717716,0,-0.277321726,0,-1.845529437,0
88.42566681,-36.07531357,1,25.63778305,1,-16.23154449,1,-5.184088707,1,-4.105267048,1,1.335576177,1,0.361628532,0,-0.295495361,0,-1.845498681,0
88.42966461,-38.06491852,1,27.78064156,1,-22.91317558,1,-4.347139835,1,-3.345933914,1,1.086016059,1,0.342739969,0,-0.311326385,0,-1.846242905,0
88.43367004,-30.62592316,1,32.54712296,1,-25.58156204,1,-3.615455627,1,-2.49675703,1,1.051885962,1,0.32672286,0,-0.323718309,0,-1.846092463,0
88.43766785,-25.44805336,1,29.36828804,1,-26.51514053,1,-2.818980455,1,-1.566189647,1,1.028294683,1,0.31339401,0,-0.332718551,0,-1.844549775,0
88.44166565,-20.662117,1,24.60412598,1,-25.86276627,1,-1.951360703,1,-0.974341452,1,1.061999798,1,0.302991927,0,-0.338773429,0,-1.841929197,0
88.44567108,-15.37656021,1,15.29835606,1,-21.06730652,1,-1.193245649,1,-0.489961892,1,1.020200253,1,0.293210864,0,-0.342188418,0,-1.822637439,0
88.44966888,-6.408989429,1,4.23550272,1,-13.89967155,1,-0.878187895,1,-0.528011501,1,0.963806033,1,0.287955284,0,-0.345173538,0,-1.819067359,0
88.45366669,-1.516681552,1,-7.712251663,1,-9.380763054,1,-0.718277931,1,-0.777258694,1,0.653429747,1,0.283946037,0,-0.348575771,0,-1.816542387,0
88.45766449,-2.083910227,1,-11.17937183,1,-8.665260315,1,-0.76231128,1,-0.982028365,1,0.327667654,1,0.280660748,0,-0.35254094,0,-1.815594912,0
88.46166229,-7.288781643,1,-8.987318993,1,-9.788131714,1,-0.744960666,1,-0.887794197,1,0.121138297,1,0.277727753,0,-0.35644871,0,-1.815869451,0
88.46566773,-8.241539955,1,-1.903913498,1,-8.876802444,1,-0.717663944,1,-0.711328745,1,0.215240806,1,0.274896324,0,-0.359677076,0,-1.816157818,0
88.46966553,-8.72287941,1,2.76479125,1,-9.081665993,1,-0.604531229,1,-0.54971981,1,0.358559459,1,0.272059023,0,-0.362425804,0,-1.815700412,0
88.47366333,-6.291497707,1,2.814937592,1,-8.426679611,1,-0.510518014,1,-0.435213506,1,0.451605916,1,0.269434065,0,-0.364721894,0,-1.814545155,0
88.47766113,-6.321541786,1,-0.416554421,1,-8.299766541,1,-0.395477861,1,-0.431993306,1,0.40057075,1,0.267153114,0,-0.366854578,0,-1.813241363,0
88.48166657,-8.085988998,1,-3.563173771,1,-7.914766312,1,-0.306741059,1,-0.369127125,1,0.288110137,1,0.26540792,0,-0.368777156,0,-1.812283635,0
88.48566437,-8.468869209,1,-5.212468147,1,-7.735045433,1,-0.304187059,1,-0.265536278,1,0.238512099,1,0.263954848,0,-0.370277345,0,-1.81157136,0
88.48966217,-6.982390404,1,-5.12039423,1,-7.725515366,1,-0.323727101,1,-0.183145553,1,0.251732677,1,0.262431949,0,-0.371385813,0,-1.810825467,0
88.4936676,-5.790813923,1,-4.265351772,1,-8.05589962,1,-0.350657046,1,-0.135739461,1,0.299157441,1,0.260726899,0,-0.372271895,0,-1.809859395,0
88.49766541,-5.194087505,1,-3.523133993,1,-8.146595955,1,-0.362630308,1,-0.120227769,1,0.327328175,1,0.258864135,0,-0.373081803,0,-1.808692932,0
88.50166321,-4.911812305,1,-2.982232571,1,-8.394542694,1,-0.362529039,1,-0.11866045,1,0.32969144,1,0.256948888,0,-0.373878539,0,-1.807450175,0
88.50566864,-4.709378242,1,-2.097672224,1,-8.896748543,1,-0.320969164,1,-0.116301566,1,0.309743822,1,0.255134314,0,-0.374650449,0,-1.806255102,0
88.50966644,-4.608758926,1,-1.26830256,1,-8.967922211,1,-0.27535668,1,-0.130883351,1,0.302882433,1,0.253517389,0,-0.375436187,0,-1.805109859,0
88.51366425,-4.787620544,1,-1.266894341,1,-9.059169769,1,-0.218308762,1,-0.1394784,1,0.286546469,1,0.252142191,0,-0.376260668,0,-1.804028869,0
88.51766205,-4.615211964,1,-1.865819335,1,-8.983735085,1,-0.180606738,1,-0.143192351,1,0.268159121,1,0.250969559,0,-0.377074242,0,-1.80301404,0
88.52165985,-4.370866776,1,-2.721616983,1,-8.818525314,1,-0.143431857,1,-0.164249867,1,0.254610568,1,0.249985203,0,-0.377929658,0,-1.802082777,0
88.52566528,-4.144071579,1,-3.137067556,1,-8.876605988,1,-0.115320064,1,-0.20049499,1,0.253980249,1,0.249156788,0,-0.378888965,0,-1.80122602,0
88.52967072,-4.453734875,1,-2.919970751,1,-8.79178524,1,-0.106355853,1,-0.214905769,1,0.258874446,1,0.248396248,0,-0.379943609,0,-1.800383568,0
88.53366852,-4.86107254,1,-2.307862043,1,-8.742805481,1,-0.082729712,1,-0.219691902,1,0.255997181,1,0.247688264,0,-0.381043732,0,-1.799532175,0
88.53766632,-5.009210587,1,-1.745691657,1,-8.737582207,1,-0.047581039,1,-0.231457978,1,0.240069896,1,0.247117519,0,-0.382160425,0,-1.798730493,0
88.54167175,-4.987155437,1,-1.47241044,1,-8.809453964,1,-0.010233322,1,-0.235489666,1,0.21023488,1,0.246733516,0,-0.383281022,0,-1.7980299,0
88.54566956,-4.94907856,1,-1.585376978,1,-8.864487648,1,0.019225985,1,-0.247928515,1,0.17886731,1,0.246547535,0,-0.384410858,0,-1.797466755,0
88.54966736,-4.947141647,1,-1.900214911,1,-8.748627663,1,0.050365109,1,-0.252050489,1,0.150007173,1,0.246532843,0,-0.385540485,0,-1.797033787,0
88.55366516,-4.823491096,1,-2.327312469,1,-8.613770485,1,0.066828176,1,-0.256043792,1,0.134467974,1,0.246655703,0,-0.386663646,0,-1.796712995,0
88.55766296,-4.821275711,1,-2.734592676,1,-8.544700623,1,0.073362894,1,-0.257412612,1,0.121729225,1,0.246838167,0,-0.387780845,0,-1.796448827,0
88.5616684,-4.920449734,1,-3.002965212,1,-8.446905136,1,0.071637981,1,-0.249181256,1,0.115262926,1,0.247034848,0,-0.388887584,0,-1.79621172,0
88.5656662,-4.873384953,1,-2.948786974,1,-8.463060379,1,0.077265471,1,-0.255973101,1,0.109998532,1,0.247261256,0,-0.389977515,0,-1.796002269,0
88.569664,-4.826982975,1,-2.570904255,1,-8.572066307,1,0.091763444,1,-0.258472055,1,0.102070779,1,0.247527152,0,-0.391076326,0,-1.795821905,0
88.5736618,-4.824343681,1,-2.223623514,1,-8.683461189,1,0.1203361,1,-0.26263088,1,0.096843362,1,0.247891471,0,-0.392182827,0,-1.795676589,0
88.57767487,-4.591827393,1,-2.125171661,1,-8.778512955,1,0.139977306,1,-0.284872174,1,0.079052776,1,0.248383224,0,-0.393323243,0,-1.795600653,0
88.58167267,-4.554365158,1,-2.0006001,1,-8.846956253,1,0.172006905,1,-0.302390337,1,0.054510579,1,0.249015749,0,-0.394519508,0,-1.79562664,0
88.58566284,-4.469223976,1,-2.037214279,1,-8.759820938,1,0.209541857,1,-0.320640296,1,0.033753354,1,0.249833226,0,-0.395763636,0,-1.795773506,0
88.5896759,-4.484649181,1,-2.068745136,1,-8.706671715,1,0.246904477,1,-0.33864069,1,0.015548266,1,0.250836909,0,-0.39707011,0,-1.796024084,0
88.59367371,-4.47499609,1,-2.328450918,1,-8.579935074,1,0.27318421,1,-0.354876071,1,-0.00166461,1,0.251997799,0,-0.398422778,0,-1.796363235,0
88.59767151,-4.433372498,1,-2.620680094,1,-8.504258156,1,0.294112355,1,-0.376258731,1,-0.00966401,1,0.253299773,0,-0.399833977,0,-1.796782255,0
88.60166931,-4.425758839,1,-2.876024246,1,-8.407922745,1,0.308082432,1,-0.383475304,1,-0.003988675,1,0.254683554,0,-0.401292801,0,-1.797221899,0
88.60565949,-4.439861298,1,-3.130379677,1,-8.3038311,1,0.317138433,1,-0.390071571,1,0.007506346,1,0.256108046,0,-0.402783006,0,-1.797637224,0
88.60967255,-4.491437912,1,-3.415005207,1,-8.236656189,1,0.313576609,1,-0.392827332,1,0.028587639,1,0.257517368,0,-0.40430361,0,-1.797997475,0
88.61367035,-4.714921474,1,-3.645050287,1,-7.995264053,1,0.310369283,1,-0.38623336,1,0.05344177,1,0.258867741,0,-0.405853152,0,-1.798258066,0
88.61766815,-4.745060444,1,-3.884231567,1,-7.855686188,1,0.28815791,1,-0.379627854,1,0.081110708,1,0.260127246,0,-0.407404095,0,-1.798405051,0
88.62166596,-4.630231857,1,-4.285418034,1,-7.740130901,1,0.246392742,1,-0.378264874,1,0.114237033,1,0.261204273,0,-0.408961833,0,-1.79841435,0
88.62567139,-4.828514576,1,-4.306612968,1,-7.684437275,1,0.215972021,1,-0.365652353,1,0.142874792,1,0.262073874,0,-0.41053015,0,-1.798295379,0
88.62966919,-4.828055382,1,-4.195948124,1,-7.613381386,1,0.177474037,1,-0.353422374,1,0.162630379,1,0.26275754,0,-0.41208142,0,-1.798059464,0
88.63366699,-4.976915359,1,-3.899533033,1,-7.688919544,1,0.143236741,1,-0.332112342,1,0.181381151,1,0.263264,0,-0.413595676,0,-1.797714114,0
88.63767242,-4.882204533,1,-3.379812956,1,-7.808354378,1,0.133861288,1,-0.32353577,1,0.191435188,1,0.263650894,0,-0.415058106,0,-1.79730165,0
88.64167023,-4.891570091,1,-2.725043535,1,-7.847393513,1,0.131481737,1,-0.316413492,1,0.193630129,1,0.263995051,0,-0.416503549,0,-1.796856046,0
88.64567566,-4.864247322,1,-2.291229963,1,-7.892756462,1,0.149281934,1,-0.320014238,1,0.187923804,1,0.264375359,0,-0.417925268,0,-1.796410799,0
88.64967346,-4.78030777,1,-2.193184853,1,-7.998940945,1,0.167933658,1,-0.320051283,1,0.176791415,1,0.264853418,0,-0.41934672,0,-1.796009183,0
88.65367127,-4.585970879,1,-2.327961922,1,-8.198444366,1,0.173254967,1,-0.327429175,1,0.168040127,1,0.265390784,0,-0.420781493,0,-1.795650482,0
88.65766907,-4.402805805,1,-2.128106594,1,-8.412587166,1,0.191582873,1,-0.34347102,1,0.15796417,1,0.265981436,0,-0.422248244,0,-1.795343757,0
88.6616745,-4.459210873,1,-2.344269514,1,-8.395433426,1,0.22060433,1,-0.357004464,1,0.160076693,1,0.266713858,0,-0.423766881,0,-1.795084238,0
88.6656723,-4.381554604,1,-2.934626579,1,-8.408633232,1,0.206520274,1,-0.370214432,1,0.159218565,1,0.26747632,0,-0.425340176,0,-1.794824243,0
88.66967011,-4.52294302,1,-3.030630827,1,-8.29076004,1,0.218443498,1,-0.392587274,1,0.159252644,1,0.268229753,0,-0.426991224,0,-1.794595122,0
88.67367554,-4.610679626,1,-2.944594145,1,-8.201543808,1,0.223400444,1,-0.4015885,1,0.171891376,1,0.26901108,0,-0.428690881,0,-1.794350982,0
88.67767334,-4.625575542,1,-2.993297577,1,-8.355383873,1,0.234346598,1,-0.404422581,1,0.181956187,1,0.269810855,0,-0.430422306,0,-1.794066668,0
88.68167114,-4.670441628,1,-2.948830843,1,-8.233391762,1,0.250929356,1,-0.421337366,1,0.196951851,1,0.270641118,0,-0.432222337,0,-1.793751955,0
88.68566895,-4.750405788,1,-2.946496964,1,-8.22563839,1,0.261419058,1,-0.420591712,1,0.205622628,1,0.271513164,0,-0.434056699,0,-1.793402076,0
88.68966675,-4.749993801,1,-3.380222321,1,-8.257985115,1,0.244850352,1,-0.432600558,1,0.214921564,1,0.272367835,0,-0.435927451,0,-1.793006301,0
88.69367218,-4.646530628,1,-3.287566662,1,-8.289247513,1,0.207225308,1,-0.460951984,1,0.220676258,1,0.257530302,0,-0.498367369,0,-1.581291676,0
88.69766998,-4.790877342,1,-2.694876909,1,-8.19806385,1,0.210510299,1,-0.475599855,1,0.219339311,1,0.258143783,0,-0.500406384,0,-1.580863714,0
88.70166779,-4.923585892,1,-2.372734547,1,-8.150456429,1,0.225328267,1,-0.479257703,1,0.22428979,1,0.258801222,0,-0.502484798,0,-1.580433726,0
88.70566559,-4.931184769,1,-2.494814157,1,-8.145390511,1,0.244995773,1,-0.48823899,1,0.221056744,1,0.259544492,0,-0.504576266,0,-1.580015659,0
88.70967102,-4.970049381,1,-2.842021465,1,-8.023631096,1,0.250601411,1,-0.496540546,1,0.218976006,1,0.260353595,0,-0.506710649,0,-1.579619288,0
88.71366882,-4.99190855,1,-2.838280439,1,-8.071820259,1,0.256682962,1,-0.508106649,1,0.214033201,1,0.261192501,0,-0.508869827,0,-1.579261541,0
88.71766663,-5.104763985,1,-2.84553504,1,-8.155953407,1,0.266841412,1,-0.51398474,1,0.216976583,1,0.262063831,0,-0.511067271,0,-1.578904867,0
88.72167206,-4.901479244,1,-2.939326525,1,-8.139945984,1,0.267202407,1,-0.522754252,1,0.226871565,1,0.262954205,0,-0.513301194,0,-1.578531861,0
88.72566986,-4.811337471,1,-3.31773901,1,-8.095863342,1,0.250632823,1,-0.545728862,1,0.239994228,1,0.26379928,0,-0.515609622,0,-1.578125954,0
88.72966766,-4.798885345,1,-3.229352713,1,-8.050524712,1,0.246085957,1,-0.560488701,1,0.25277707,1,0.264570773,0,-0.518005967,0,-1.577695727,0
88.73366547,-4.876408577,1,-3.230795383,1,-8.053221703,1,0.256652921,1,-0.570224643,1,0.270176351,1,0.265343308,0,-0.520465434,0,-1.577224135,0
88.73766327,-4.864256859,1,-3.492542028,1,-8.061321259,1,0.258305699,1,-0.578896105,1,0.290722191,1,0.26610586,0,-0.522971928,0,-1.576675415,0
88.7416687,-4.909136772,1,-3.636950254,1,-7.99550724,1,0.243662611,1,-0.597714245,1,0.311156899,1,0.26679495,0,-0.525561154,0,-1.57605052,0
88.7456665,-5.014118195,1,-3.825739622,1,-7.995985985,1,0.22116603,1,-0.612632215,1,0.332811505,1,0.267374933,0,-0.52822876,0,-1.575351477,0
88.74966431,-4.88817215,1,-3.536367416,1,-7.987415791,1,0.168138817,1,-0.628459632,1,0.352241784,1,0.267755002,0,-0.530981958,0,-1.574577928,0
88.75366211,-5.085103035,1,-2.976519823,1,-7.984097481,1,0.172233403,1,-0.64641434,1,0.363835514,1,0.268019468,0,-0.53382349,0,-1.573765874,0
88.75766754,-5.171334267,1,-2.816273212,1,-7.953230858,1,0.188561708,1,-0.651075244,1,0.378320485,1,0.268301874,0,-0.536720693,0,-1.572900414,0
88.76166534,-5.20260191,1,-3.19189167,1,-8.010861397,1,0.185949817,1,-0.670378149,1,0.383691847,1,0.268591851,0,-0.539673865,0,-1.572008967,0
88.76567078,-5.106230259,1,-3.462332249,1,-8.057483673,1,0.171322554,1,-0.684897006,1,0.38783434,1,0.268842489,0,-0.542702377,0,-1.571107626,0
88.76966858,-5.213104248,1,-3.458294868,1,-8.069416046,1,0.150748819,1,-0.712470114,1,0.38968721,1,0.269015253,0,-0.545808434,0,-1.570208907,0
88.77367401,-5.122952938,1,-3.445459604,1,-8.096064568,1,0.134453297,1,-0.732816398,1,0.399302602,1,0.269163817,0,-0.549004018,0,-1.569365501,0
88.77767181,-5.009194851,1,-3.507904291,1,-8.266112328,1,0.103675283,1,-0.761681795,1,0.422422647,1,0.269138664,0,-0.552317977,0,-1.568426728,0
88.78166962,-4.941781044,1,-3.644023895,1,-8.253026962,1,0.069830537,1,-0.791520476,1,0.441131324,1,0.268963218,0,-0.555760682,0,-1.567430735,0
88.78566742,-4.987729549,1,-3.598329067,1,-8.148960114,1,0.05713854,1,-0.825018108,1,0.460999995,1,0.268660724,0,-0.559357643,0,-1.566388965,0
88.78966522,-5.190322876,1,-3.452516079,1,-8.17634964,1,0.059214227,1,-0.851101696,1,0.474788606,1,0.268316269,0,-0.563097477,0,-1.565309763,0
88.79367065,-5.176621437,1,-3.525959253,1,-8.209159851,1,0.053557105,1,-0.885365188,1,0.498358071,1,0.267929852,0,-0.566968203,0,-1.564165711,0
88.79766846,-5.091206074,1,-3.354282618,1,-8.089887619,1,0.05667828,1,-0.922885478,1,0.524308681,1,0.267496377,0,-0.570992291,0,-1.562950969,0
88.80166626,-5.193000793,1,-3.296038628,1,-8.135480881,1,0.071065858,1,-0.960853219,1,0.541203916,1,0.267061234,0,-0.575200617,0,-1.56169188,0
88.80567169,-5.150606155,1,-3.210072041,1,-8.242501259,1,0.081888437,1,-0.994659722,1,0.556630373,1,0.266664982,0,-0.579544485,0,-1.560389161,0
88.8096695,-5.125593185,1,-3.133603573,1,-8.311587334,1,0.088155285,1,-1.034949541,1,0.576561689,1,0.266273916,0,-0.584058881,0,-1.559047341,0
88.8136673,-5.243930817,1,-3.073803902,1,-8.387791634,1,0.094312795,1,-1.075142384,1,0.583848357,1,0.265899241,0,-0.588738322,0,-1.55769217,0
88.81767273,-5.235155582,1,-3.080846548,1,-8.195285797,1,0.09926641,1,-1.127866268,1,0.599710822,1,0.265547931,0,-0.593607485,0,-1.556338072,0
88.82167053,-5.388635635,1,-3.008316755,1,-8.074255943,1,0.113215134,1,-1.175002575,1,0.619775772,1,0.265187919,0,-0.598696887,0,-1.554945588,0
88.82566834,-5.29948616,1,-2.99849391,1,-8.071140289,1,0.13025105,1,-1.208871484,1,0.633627355,1,0.264869601,0,-0.603942335,0,-1.553528666,0
88.82966614,-5.248085022,1,-2.925999165,1,-8.085331917,1,0.135519415,1,-1.239477158,1,0.644842803,1,0.264571965,0,-0.609324574,0,-1.552077532,0
88.83366394,-5.352894783,1,-2.900250673,1,-8.204408646,1,0.136638626,1,-1.283253908,1,0.649470866,1,0.264291734,0,-0.614883304,0,-1.550637484,0
88.83766937,-5.400273323,1,-2.891029596,1,-8.099131584,1,0.101553217,1,-1.325268984,1,0.650453508,1,0.263951063,0,-0.620598912,0,-1.549221158,0
88.84166718,-5.423231602,1,-2.658935308,1,-8.157570839,1,0.094039105,1,-1.368967772,1,0.645537794,1,0.263549417,0,-0.626476824,0,-1.547871947,0
88.84566498,-5.499098778,1,-2.540877342,1,-8.22219944,1,0.086109877,1,-1.418657899,1,0.640441716,1,0.263155401,0,-0.632542431,0,-1.546597362,0
88.84966278,-5.893283844,1,-2.797160387,1,-8.493979454,1,0.073345892,1,-1.463103294,1,0.656857312,1,0.262745053,0,-0.638780117,0,-1.54534936,0
88.85366821,-5.357800961,1,-2.837260485,1,-8.185574532,1,0.058537394,1,-1.515091062,1,0.658994973,1,0.262261003,0,-0.645209074,0,-1.544103265,0
88.85766602,-5.157114029,1,-2.921819925,1,-8.225548744,1,0.053728867,1,-1.588113308,1,0.665028214,1,0.261767358,0,-0.651888013,0,-1.542921543,0
88.86166382,-5.56774807,1,-2.909111023,1,-8.321171761,1,0.064852841,1,-1.646393538,1,0.678901553,1,0.261300087,0,-0.658838391,0,-1.541764617,0
88.86566925,-5.630920887,1,-3.343750715,1,-8.237662315,1,0.04998802,1,-1.708596826,1,0.693160474,1,0.260816336,0,-0.666040659,0,-1.540599585,0
88.86966705,-5.443322182,1,-3.231854677,1,-8.113657951,1,0.036842018,1,-1.774693012,1,0.717689693,1,0.260240763,0,-0.673495412,0,-1.539399624,0
88.87366486,-5.379292011,1,-3.016252279,1,-8.218677521,1,0.029438075,1,-1.852910399,1,0.73172605,1,0.259637624,0,-0.681242585,0,-1.538208008,0
88.87766266,-5.508551121,1,-2.940008402,1,-8.171963692,1,0.031710908,1,-1.925798774,1,0.755284667,1,0.258994669,0,-0.689310193,0,-1.536994696,0
88.88166046,-5.585355282,1,-3.045646191,1,-8.16153717,1,0.026298625,1,-2.012844801,1,0.772523761,1,0.258323163,0,-0.69770658,0,-1.535771132,0
88.88566589,-5.610023499,1,-3.118699551,1,-8.369585037,1,0.007113694,1,-2.084372759,1,0.798940063,1,0.257592142,0,-0.706433475,0,-1.534528494,0
88.88967133,-2.82687068,1,-2.010453701,1,-6.579678535,1,0.043235939,1,-2.068138123,1,0.788008749,1,0.256644249,0,-0.7151438,0,-1.533201098,0
88.89366913,-7.601761818,1,-0.666327655,1,-11.05849266,1,0.220398873,1,-2.345840454,1,0.846871078,1,0.256673485,0,-0.724798679,0,-1.532175183,0
88.89766693,-6.41272831,1,-3.831773043,1,-7.613204002,1,0.046646163,1,-2.322022438,1,0.933660269,1,0.25619173,0,-0.734592497,0,-1.530637383,0
88.90167236,-4.901405334,1,-6.758323669,1,-8.057048798,1,-0.087176502,1,-2.506810904,1,0.88910985,1,0.255048603,0,-0.744894385,0,-1.529125571,0
88.90567017,-4.623848915,1,-2.884387016,1,-8.959999084,1,-0.037876293,1,-2.590647697,1,0.936384141,1,0.253932238,0,-0.755661488,0,-1.527879,0
88.90966797,-5.325398445,1,-2.372459412,1,-8.530892372,1,-0.007473966,1,-2.696745872,1,1.074947596,1,0.252629668,0,-0.766902685,0,-1.526117444,0
88.9136734,-6.111070156,1,-4.083610535,1,-8.528364182,1,-0.004631204,1,-2.807186127,1,1.101691365,1,0.251166701,0,-0.778653264,0,-1.524040103,0
88.9176712,-5.481320381,1,-3.706811905,1,-8.447423935,1,-0.01606681,1,-2.947715759,1,1.137922406,1,0.249657169,0,-0.790905714,0,-1.521957636,0
88.92166901,-5.736322403,1,-3.535801649,1,-9.044915199,1,-0.032667737,1,-3.083851814,1,1.229676962,1,0.247907177,0,-0.803755403,0,-1.519648075,0
88.92566681,-5.522691727,1,-3.402229548,1,-9.236771584,1,-0.028049488,1,-3.220033407,1,1.275536537,1,0.245917588,0,-0.817198515,0,-1.517076492,0
88.92966461,-4.967009544,1,-3.329626083,1,-9.18414402,1,0.005308385,1,-3.401540756,1,1.346649647,1,0.243845508,0,-0.831300259,0,-1.514317989,0
88.93367004,-4.950156689,1,-3.438795328,1,-9.383600235,1,0.032053959,1,-3.613253832,1,1.420906544,1,0.241702124,0,-0.846259594,0,-1.511331797,0
88.93766785,-4.87648344,1,-3.616165161,1,-9.866415977,1,0.045989413,1,-3.825690746,1,1.501324415,1,0.239412069,0,-0.862087846,0,-1.508084893,0
88.94166565,-5.117493629,1,-3.702631235,1,-10.27965736,1,0.061949823,1,-4.060664654,1,1.604979753,1,0.236893982,0,-0.878887713,0,-1.504496574,0
88.94566345,-5.178674698,1,-4.113516331,1,-11.0619173,1,0.065632649,1,-4.311613083,1,1.70006752,1,0.230352491,0,-0.89694643,0,-1.491834879,0
88.94966888,-5.163577557,1,-4.748491287,1,-11.44689655,1,0.046501826,1,-4.557337761,1,1.817290545,1,0.226977438,0,-0.915815711,0,-1.487263322,0
88.95366669,-4.273435116,1,-5.669572353,1,-11.90950775,1,-0.015534573,1,-4.862210751,1,1.977168679,1,0.222809821,0,-0.935861528,0,-1.481968641,0
88.95766449,-3.993495703,1,-6.574720383,1,-12.4898653,1,-0.083870351,1,-5.191767693,1,2.15197134,1,0.217528522,0,-0.95727849,0,-1.475709677,0
88.96166992,-4.116520405,1,-7.024763107,1,-13.07312679,1,-0.118675932,1,-5.53100729,1,2.330136061,1,0.211008951,0,-0.980142951,0,-1.468303919,0
88.96566773,-5.326735973,1,-7.456297398,1,-13.65193653,1,-0.123932302,1,-5.841102123,1,2.542393684,1,0.203078315,0,-1.004427671,0,-1.459420919,0
88.96966553,-5.275393009,1,-8.74174118,1,-13.13853073,1,-0.141280115,1,-6.138196468,1,2.763016701,1,0.193354875,0,-1.029979348,0,-1.448610067,0
88.97366333,-5.277170181,1,-9.671006203,1,-12.31109619,1,-0.158546746,1,-6.462573051,1,2.998126268,1,0.18139568,0,-1.056897283,0,-1.435480237,0
88.97766876,-6.914043903,1,-10.98825073,1,-11.63720512,1,-0.230506629,1,-6.684746265,1,3.239322424,1,0.166421518,0,-1.084986806,0,-1.41930151,0
88.98166657,-9.236438751,1,-12.42437553,1,-11.4303093,1,-0.337013513,1,-6.777702332,1,3.428069353,1,0.147731006,0,-1.113695145,0,-1.399582505,0
88.98566437,-12.14613438,1,-11.83636189,1,-11.96400833,1,-0.444324762,1,-6.819195747,1,3.63149333,1,0.124403015,0,-1.142585874,0,-1.375519276,0
88.98966217,-13.8170805,1,-9.748713493,1,-12.36160088,1,-0.431987256,1,-6.735109329,1,3.746944427,1,0.096024595,0,-1.171145558,0,-1.346472383,0
88.9936676,-11.29457092,1,-6.444703579,1,-12.11937904,1,-0.379927218,1,-6.8045187,1,3.957101107,1,0.061841663,0,-1.199305296,0,-1.311342955,0
88.99766541,-12.24305058,1,-5.776028633,1,-12.88844681,1,-0.277359217,1,-6.925017834,1,4.092464447,1,0.02035301,0,-1.227449059,0,-1.268482924,0
89.00166321,-15.98141098,1,-5.212221622,1,-13.99930668,1,-0.139446199,1,-6.966492176,1,4.17697382,1,-0.029184891,0,-1.255177736,0,-1.216976404,0
89.00566864,-20.8347435,1,-6.348095894,1,-14.92579651,1,-0.027386889,1,-6.728477478,1,4.137123585,1,-0.087947302,0,-1.281648517,0,-1.155777693,0
89.00967407,-19.85533142,1,-6.491391659,1,-14.41310883,1,-0.033558805,1,-6.463375092,1,4.1701684,1,-0.15740703,0,-1.305792689,0,-1.083669186,0
89.01367188,-18.74593163,1,-8.26599884,1,-13.48681641,1,-0.04753444,1,-6.396573544,1,4.152552128,1,-0.239960715,0,-1.327697873,0,-0.99853152,0
89.01766968,-21.97917938,1,-8.875315666,1,-14.60659313,1,-0.139443919,1,-6.134086609,1,4.052450657,1,-0.336723447,0,-1.347174406,0,-0.899459422,0
89.02167511,-18.62176704,1,-8.470597267,1,-13.22802067,1,-0.276420355,1,-5.866359711,1,4.011074066,1,-0.447281569,0,-1.363141298,0,-0.78715086,0
89.02567291,-15.95249844,1,-9.39426136,1,-12.36268616,1,-0.366688341,1,-5.815197945,1,4.051380634,1,-0.573385358,0,-1.37569344,0,-0.659764171,0
89.02967072,-19.06711006,1,-8.134536743,1,-14.23047447,1,-0.453289688,1,-5.666050434,1,3.98153019,1,-0.713623881,0,-1.384435892,0,-0.51864475,0
89.03366852,-17.14274025,1,-7.140519619,1,-12.52639866,1,-0.44618699,1,-5.423859119,1,3.859626532,1,-0.858992696,0,-1.389037013,0,-0.372614294,0
89.03766632,-14.48692703,1,-7.33545351,1,-10.90808678,1,-0.497572601,1,-5.255011082,1,3.903259993,1,-1.004675865,0,-1.389295936,0,-0.226413772,0
89.04167175,-15.10215092,1,-6.711544037,1,-10.39117908,1,-0.521669269,1,-5.136078358,1,3.806358576,1,-1.145299435,0,-1.385578156,0,-0.085506506,0
89.04566956,-13.89864254,1,-5.17580843,1,-8.637355804,1,-0.446896106,1,-4.873864174,1,3.692325354,1,-1.27329886,0,-1.378636837,0,0.042803437,0
89.04966736,-9.621939659,1,-3.355967999,1,-7.545969486,1,-0.295912892,1,-4.54668045,1,3.563476563,1,-1.383993745,0,-1.369031072,0,0.154139221,0
89.05366516,-5.183074474,1,-1.089776874,1,-6.461625576,1,0.022068404,1,-4.237275124,1,3.357022762,1,-1.476434231,0,-1.357777834,0,0.247990295,0
89.05767059,-1.114631176,1,0.156963408,1,-5.802455902,1,0.414825708,1,-4.070624352,1,3.239462376,1,-1.55324626,0,-1.345562696,0,0.327583611,0
89.0616684,-0.437084764,1,1.603955746,1,-7.284202576,1,0.821937084,1,-3.944102049,1,3.193547726,1,-1.61801672,0,-1.332435966,0,0.396652192,0
89.0656662,-6.009616852,1,0.275903672,1,-11.0240202,1,1.44179666,1,-3.663777351,1,3.007559299,1,-1.670685291,0,-1.318897963,0,0.455560863,0
89.06967163,-17.18940735,1,-0.812476814,1,-11.49493599,1,1.940808535,1,-3.303800106,1,2.714713573,1,-1.710916877,0,-1.305790186,0,0.504235268,0
89.07366943,-30.63702202,1,-1.397053719,1,-12.85095596,1,2.31445384,1,-2.598260641,1,2.171488762,1,-1.739428759,0,-1.294283748,0,0.542661607,0
89.07766724,-29.06777,1,-5.676382065,1,-14.84175777,1,2.456866741,1,-1.479156852,1,1.821907163,1,-1.752878666,0,-1.285025477,0,0.56669265,0
89.08166504,-17.96818352,1,-10.24415207,1,-14.78391361,1,2.308372259,1,-0.4629758,1,1.429982185,1,-1.751895905,0,-1.277910352,0,0.57565695,0
89.08566284,-9.155815125,1,-10.87093163,1,-12.05914593,1,2.109138727,1,0.187143028,1,1.025980711,1,-1.741734743,0,-1.273001194,0,0.574264526,0
89.08966827,-6.327345371,1,-10.3463068,1,-10.42069149,1,1.900398135,1,0.55145365,1,0.720101595,1,-1.727079511,0,-1.269823194,0,0.567327857,0
89.09366608,-8.367082596,1,-10.02507305,1,-10.68266773,1,1.619152427,1,0.921566665,1,0.458459526,1,-1.70966506,0,-1.267917752,0,0.556494117,0
89.09766388,-8.321552277,1,-9.464902878,1,-11.03933716,1,1.273749113,1,1.352533221,1,0.167352825,1,-1.688915253,0,-1.267255425,0,0.540822387,0
89.10166168,-5.977489471,1,-8.399942398,1,-10.11584187,1,1.007285595,1,1.677906036,1,-0.142171696,1,-1.66493082,0,-1.267860651,0,0.520456314,0
89.10566711,-3.76936245,1,-7.144643784,1,-8.979233742,1,0.825584769,1,1.857016563,1,-0.425115138,1,-1.638918638,0,-1.269577026,0,0.497024775,0
89.10966492,-2.282186747,1,-6.045621872,1,-8.301979065,1,0.690386832,1,1.97214067,1,-0.676509261,1,-1.611523271,0,-1.272196293,0,0.471511215,0
89.11366272,-0.838781595,1,-5.044211864,1,-7.762569427,1,0.585039973,1,2.062337637,1,-0.906796515,1,-1.582853556,0,-1.275582194,0,0.444196433,0
89.11766815,0.54120791,1,-4.127608299,1,-7.102510452,1,0.51924026,1,2.112152338,1,-1.104992151,1,-1.552937627,0,-1.279583931,0,0.415237099,0
89.12166596,1.116111755,1,-3.265185356,1,-6.735726833,1,0.502511382,1,2.120502472,1,-1.280003071,1,-1.521860838,0,-1.284069538,0,0.384935498,0
89.12567139,1.463584661,1,-2.935342312,1,-6.470438957,1,0.491788149,1,2.109748125,1,-1.433774114,1,-1.48977375,0,-1.288938046,0,0.353572488,0
89.12966919,1.463676572,1,-2.493748188,1,-6.361952305,1,0.494498163,1,2.100643396,1,-1.559671402,1,-1.456565976,0,-1.294079065,0,0.321083426,0
89.13366699,1.563842773,1,-2.146828651,1,-6.184166431,1,0.510899544,1,2.106716156,1,-1.649878979,1,-1.421923041,0,-1.299346685,0,0.287184298,0
89.13768005,1.605717421,1,-1.983182669,1,-6.032135487,1,0.523588777,1,2.120710611,1,-1.723339915,1,-1.385510087,0,-1.304601669,0,0.25155884,0
89.14167023,1.505789042,1,-1.881032705,1,-6.027732372,1,0.533645749,1,2.148349762,1,-1.762467027,1,-1.347181559,0,-1.309701681,0,0.214049995,0
89.14566803,1.365668535,1,-1.743760586,1,-6.070400715,1,0.53743279,1,2.184954643,1,-1.793588758,1,-1.306751966,0,-1.314508438,0,0.174440101,0
89.14966583,1.026946425,1,-1.567457676,1,-6.223889828,1,0.539577901,1,2.245937347,1,-1.804266572,1,-1.264064908,0,-1.318931222,0,0.132567301,0
89.15367889,0.446647495,1,-1.302869678,1,-6.416512966,1,0.550755978,1,2.329930067,1,-1.799993634,1,-1.218814015,0,-1.322797298,0,0.088119559,0
89.1576767,-0.103809081,1,-0.94562459,1,-6.630559444,1,0.57698983,1,2.451481581,1,-1.790511966,1,-1.170733213,0,-1.325970531,0,0.04085714,0
89.16166687,-0.586621284,1,-0.591034114,1,-6.855556965,1,0.61313343,1,2.596325397,1,-1.780911922,1,-1.119507432,0,-1.32830584,0,-0.009493345,0
89.16567993,-0.996912181,1,-0.160938218,1,-7.139718533,1,0.673725665,1,2.761569262,1,-1.768810868,1,-1.065125346,0,-1.329683304,0,-0.062861025,0
89.16967773,-1.385577083,1,0.391234338,1,-7.398161888,1,0.759178579,1,2.944224596,1,-1.762924433,1,-1.007685542,0,-1.329946756,0,-0.119069159,0
89.17367554,-1.788225055,1,0.896011591,1,-7.643563747,1,0.870494545,1,3.137267828,1,-1.760417938,1,-0.947450936,0,-1.328986406,0,-0.177760974,0
89.17767334,-2.26118803,1,1.34749186,1,-7.839716434,1,1.003286362,1,3.345582008,1,-1.759914756,1,-0.884976268,0,-1.326673388,0,-0.238277271,0
89.18167114,-2.411239386,1,1.612687707,1,-7.900371552,1,1.143315196,1,3.549177647,1,-1.755671263,1,-0.820884109,0,-1.322888136,0,-0.299928486,0
89.18567658,-2.613690138,1,1.730968475,1,-7.923480511,1,1.287326336,1,3.750756264,1,-1.750165462,1,-0.756276846,0,-1.317559361,0,-0.361604512,0
89.18967438,-2.827320337,1,1.731660128,1,-7.999517441,1,1.431232572,1,3.9518857,1,-1.740380406,1,-0.692016244,0,-1.310637951,0,-0.422415286,0
89.19367218,-2.995369911,1,1.655253053,1,-8.00570488,1,1.567051291,1,4.146948814,1,-1.725989938,1,-0.631485224,0,-1.30092454,0,-0.478396446,0
89.19767761,-3.095037699,1,1.531233311,1,-8.052059174,1,1.684487939,1,4.327941418,1,-1.709951162,1,-0.570901036,0,-1.290837646,0,-0.534583688,0
89.20167542,-3.139907598,1,1.35696888,1,-8.013977051,1,1.772715211,1,4.489314079,1,-1.6867522,1,-0.513186514,0,-1.279232025,0,-0.587518573,0
89.20567322,-3.130216122,1,1.220437407,1,-8.077799797,1,1.847390294,1,4.637760162,1,-1.673059583,1,-0.458817065,0,-1.266229153,0,-0.636811495,0
89.20967102,-3.135049105,1,1.008895993,1,-8.103549004,1,1.895502448,1,4.755416393,1,-1.653566599,1,-0.408097714,0,-1.251960039,0,-0.682224512,0
89.21367645,-3.066422224,1,0.814563274,1,-8.146554947,1,1.925204873,1,4.866223812,1,-1.635167956,1,-0.361130387,0,-1.236583591,0,-0.723739743,0
89.21767426,-3.173546791,1,0.672488928,1,-8.124430656,1,1.939280748,1,4.960152626,1,-1.615729332,1,-0.317834914,0,-1.22020781,0,-0.761492312,0
89.22167206,-3.189637184,1,0.572422683,1,-8.122971535,1,1.94179678,1,5.034306049,1,-1.602735162,1,-0.278062701,0,-1.202977657,0,-0.795692325,0
89.22567749,-3.458641291,1,0.483822852,1,-8.225012779,1,1.942921042,1,5.094569206,1,-1.596231341,1,-0.241532922,0,-1.185035348,0,-0.826618671,0
89.22967529,-3.720867872,1,0.403534859,1,-8.271560669,1,1.939622045,1,5.152644157,1,-1.58186698,1,-0.207951009,0,-1.166477203,0,-0.854593635,0
89.2336731,-4.070737839,1,0.404529333,1,-8.357338905,1,1.933983803,1,5.200558662,1,-1.579849839,1,-0.177030921,0,-1.147359133,0,-0.879899859,0
89.2376709,-4.409226894,1,0.356494427,1,-8.46617794,1,1.939426184,1,5.252004147,1,-1.594445586,1,-0.148433149,0,-1.12776494,0,-0.902873933,0
89.2416687,-4.932919025,1,0.373900205,1,-8.585263252,1,1.942471027,1,5.311807156,1,-1.609387517,1,-0.121777222,0,-1.107685447,0,-0.923891842,0
89.24567413,-5.317420006,1,0.453644514,1,-8.696888924,1,1.951149225,1,5.379336357,1,-1.647206545,1,-0.09682624,0,-1.087135792,0,-0.943180144,0
89.24967957,-5.40535593,1,0.439018965,1,-8.77428627,1,1.968078494,1,5.443145752,1,-1.677705169,1,-0.073296331,0,-1.066125989,0,-0.961005986,0
89.25367737,-5.617598534,1,0.535026014,1,-8.889844894,1,1.999316454,1,5.50774622,1,-1.716928363,1,-0.051006619,0,-1.044687271,0,-0.977501631,0
89.25767517,-5.905431271,1,0.444484502,1,-9.012072563,1,2.027940035,1,5.5666008,1,-1.763965607,1,-0.029767592,0,-1.022840142,0,-0.992844641,0
89.2616806,-6.208802223,1,0.41168052,1,-9.057980537,1,2.063530684,1,5.632092953,1,-1.802988291,1,-0.009483794,0,-1.000599027,0,-1.007120132,0
89.26567841,-6.19437027,1,0.364278883,1,-9.184838295,1,2.108147144,1,5.689860344,1,-1.847048879,1,0.009962251,0,-0.977952957,0,-1.020411491,0
89.26967621,-6.306976318,1,0.308182061,1,-9.201210022,1,2.157287121,1,5.750850201,1,-1.886034489,1,0.028676847,0,-0.954934597,0,-1.032790899,0
89.27367401,-6.469923019,1,0.177589446,1,-9.304798126,1,2.203947544,1,5.787614822,1,-1.921546102,1,0.04669641,0,-0.931588709,0,-1.044277191,0
89.27767944,-6.486086369,1,0.091337055,1,-9.399914742,1,2.253079176,1,5.825772285,1,-1.958395243,1,0.064086325,0,-0.907945633,0,-1.054939985,0
89.28167725,-6.464076042,1,-0.042560752,1,-9.379796982,1,2.301376343,1,5.853086472,1,-1.98851335,1,0.080926217,0,-0.884079039,0,-1.064835548,0
89.28567505,-6.502192497,1,-0.235283285,1,-9.486073494,1,2.347357273,1,5.866672516,1,-2.01091361,1,0.097227909,0,-0.860022664,0,-1.073971987,0
89.28967285,-6.467865944,1,-0.610202193,1,-9.572956085,1,2.402417898,1,5.858196259,1,-2.028433323,1,0.113054678,0,-0.835848927,0,-1.082408428,0
89.29367828,-6.552851677,1,-0.850511134,1,-9.765666008,1,2.440741777,1,5.842814445,1,-2.041957378,1,0.128417626,0,-0.81163609,0,-1.090150356,0
89.29767609,-6.902759075,1,-1.121104598,1,-10.06560993,1,2.484133005,1,5.815958023,1,-2.053372622,1,0.143373638,0,-0.787430704,0,-1.097265959,0
89.30167389,-7.224258423,1,-1.363942623,1,-10.28681278,1,2.519539118,1,5.793562889,1,-2.06895709,1,0.157957703,0,-0.763230383,0,-1.103800178,0
89.30567169,-7.68710804,1,-1.531692624,1,-10.64356899,1,2.546337843,1,5.766526699,1,-2.100728989,1,0.172218978,0,-0.739061713,0,-1.109853387,0
89.30967712,-8.354792595,1,-1.810677886,1,-11.05088139,1,2.566175222,1,5.744653702,1,-2.135058641,1,0.186204478,0,-0.714905083,0,-1.115510464,0
89.31367493,-8.982654572,1,-2.13445425,1,-11.47079849,1,2.587175846,1,5.750761986,1,-2.191935539,1,0.199976161,0,-0.690689325,0,-1.120868325,0
89.31767273,-9.489227295,1,-2.376228571,1,-11.90470123,1,2.605628967,1,5.764500141,1,-2.265620232,1,0.213599727,0,-0.666320741,0,-1.126011968,0
89.32167816,-10.10755634,1,-2.608807564,1,-12.42417049,1,2.614783525,1,5.77560997,1,-2.36384654,1,0.227096871,0,-0.641778529,0,-1.131036162,0
89.32567596,-10.80341911,1,-2.799500227,1,-12.9801693,1,2.617919207,1,5.804993629,1,-2.478123426,1,0.240527317,0,-0.617004752,0,-1.136054277,0
89.32967377,-11.45926476,1,-2.927317619,1,-13.56968594,1,2.619195223,1,5.817988396,1,-2.622317314,1,0.253904819,0,-0.591975391,0,-1.141157627,0
89.33367157,-12.09902287,1,-2.930752039,1,-14.17399883,1,2.607026339,1,5.831682205,1,-2.792899847,1,0.267274827,0,-0.566675305,0,-1.146472692,0
89.33766937,-12.55652332,1,-2.978902102,1,-14.74303246,1,2.594268084,1,5.830610275,1,-2.985131025,1,0.280657709,0,-0.54109031,0,-1.152126789,0
89.34167481,-12.97159195,1,-3.037476063,1,-15.31531811,1,2.56869936,1,5.813774586,1,-3.186106205,1,0.294041991,0,-0.515260756,0,-1.158190012,0
89.34567261,-13.49424171,1,-3.135075331,1,-15.80175304,1,2.532874107,1,5.775119305,1,-3.396750927,1,0.307385921,0,-0.489217192,0,-1.164704919,0
89.34967041,-14.26685333,1,-3.186190128,1,-16.20283699,1,2.488429785,1,5.728580952,1,-3.609767675,1,0.320635766,0,-0.462999523,0,-1.171706676,0
89.35366821,-15.25980377,1,-2.767509937,1,-16.52486038,1,2.432967424,1,5.649837494,1,-3.816719532,1,0.333736122,0,-0.436666787,0,-1.17920053,0
89.35767365,-16.58195305,1,-1.873385668,1,-16.79721642,1,2.38648057,1,5.553785324,1,-4.013762951,1,0.346662402,0,-0.410318255,0,-1.18719542,0
89.36167145,-18.21793747,1,-0.419448495,1,-16.89958382,1,2.369337559,1,5.440064907,1,-4.197706699,1,0.359434307,0,-0.384001702,0,-1.195667744,0
89.36567688,-20.57605553,1,1.05222106,1,-16.63912582,1,2.407970905,1,5.334128857,1,-4.362627029,1,0.372199476,0,-0.357759953,0,-1.204572678,0
89.36967468,-23.23483658,1,1.497393131,1,-16.05891037,1,2.509251356,1,5.277295113,1,-4.47051096,1,0.38511309,0,-0.3315202,0,-1.213696003,0
89.37367249,-25.50667381,1,2.014253378,1,-15.1742239,1,2.649236441,1,5.264971733,1,-4.526009083,1,0.398258805,0,-0.305163682,0,-1.222755432,0
89.37767792,-27.43300819,1,1.525769591,1,-13.62256241,1,2.789716959,1,5.27455616,1,-4.521342754,1,0.411667228,0,-0.278665334,0,-1.231484294,0
89.38167572,-29.31279564,1,-0.082343481,1,-11.65588379,1,2.857483387,1,5.311081886,1,-4.444638729,1,0.425089777,0,-0.252032012,0,-1.239554167,0
89.38567352,-30.06400681,1,-1.621041298,1,-9.44863224,1,2.805341244,1,5.308869839,1,-4.284993172,1,0.438135922,0,-0.225420222,0,-1.246739507,0
89.38967133,-30.02952766,1,-2.47715807,1,-6.932988644,1,2.674990416,1,5.228638649,1,-4.062247753,1,0.450416028,0,-0.19919318,0,-1.252893209,0
89.39367676,-29.50185776,1,-2.512198687,1,-4.491470337,1,2.481971264,1,5.053898811,1,-3.784962177,1,0.461682588,0,-0.173797771,0,-1.258018613,0
89.39767456,-28.78075981,1,-1.044326425,1,-2.130028963,1,2.304228783,1,4.780387878,1,-3.476946115,1,0.47191292,0,-0.14968431,0,-1.262179375,0
89.40167236,-27.70113182,1,1.598763347,1,-0.027594725,1,2.180856228,1,4.408693314,1,-3.147037268,1,0.481330633,0,-0.127254948,0,-1.26554966,0
89.4056778,-26.57464409,1,4.818673611,1,1.723406553,1,2.166227579,1,3.948631287,1,-2.788774967,1,0.490318924,0,-0.106923528,0,-1.268261075,0
89.4096756,-25.12326622,1,9.279378891,1,3.136826038,1,2.306975842,1,3.432104588,1,-2.4433465,1,0.499420971,0,-0.088932805,0,-1.270452857,0
89.4136734,-25.15138245,1,13.92099476,1,4.235340118,1,2.626686335,1,2.890059233,1,-2.129714012,1,0.509397268,0,-0.073460504,0,-1.272354364,0
89.41767883,-26.41674805,1,18.02549934,1,5.203468323,1,3.119021654,1,2.387788296,1,-1.858033538,1,0.520972967,0,-0.060369499,0,-1.274102449,0
89.42167664,-28.43453217,1,20.25303841,1,6.012724876,1,3.694541931,1,1.970027924,1,-1.634410858,1,0.534692883,0,-0.049346872,0,-1.275756121,0
89.42567444,-30.0835762,1,20.51308441,1,6.513404369,1,4.209477901,1,1.574617028,1,-1.430628538,1,0.550607324,0,-0.040121183,0,-1.277344346,0
89.42967224,-31.02898788,1,19.01821899,1,6.662326813,1,4.513463497,1,1.215379119,1,-1.250339627,1,0.568167031,0,-0.032550257,0,-1.278925538,0
89.43367004,-31.9762516,1,15.71519947,1,7.122712612,1,4.520576477,1,0.880181551,1,-1.051381469,1,0.586379707,0,-0.026548078,0,-1.280513763,0
89.43767548,-32.18124008,1,10.78110886,1,7.677200317,1,4.129937172,1,0.573653102,1,-0.856989205,1,0.603821754,0,-0.022000179,0,-1.282052159,0
89.44167328,-31.47078896,1,5.631770611,1,7.621679783,1,3.365039825,1,0.256988525,1,-0.632226765,1,0.618959427,0,-0.018918362,0,-1.283567429,0
89.44567108,-30.11047935,1,0.878595173,1,7.343952656,1,2.266159296,1,-0.047682296,1,-0.343539059,1,0.625950396,0,-0.014847138,0,-1.294494271,0
89.44966888,-28.1696949,1,-2.087333202,1,6.984004974,1,0.994051218,1,-0.387305528,1,-0.014085072,1,0.632507622,0,-0.01511995,0,-1.295592308,0
89.45367432,-26.87979698,1,-2.634688616,1,6.035881042,1,-0.259383142,1,-0.729334533,1,0.329348892,1,0.633970022,0,-0.017297652,0,-1.296411395,0
89.45767212,-26.17102432,1,-1.156256557,1,5.045343876,1,-1.335014105,1,-1.033548236,1,0.672354758,1,0.630720615,0,-0.021341395,0,-1.296883821,0
89.46166992,-25.26610565,1,1.361092567,1,2.974982023,1,-2.094959736,1,-1.314005017,1,0.949615836,1,0.623784602,0,-0.027040023,0,-1.296996236,0
89.46567535,-7.208116055,1,3.325948,1,-7.250852108,1,-1.950570226,1,-1.844466448,1,1.795235038,1,0.615104318,0,-0.035135888,0,-1.296456099,0
89.46967316,-10.13880539,1,8.496299744,1,-8.44187355,1,-1.156310558,1,-2.244054079,1,2.415687561,1,0.609332919,0,-0.047065739,0,-1.293972015,0
89.47367096,-11.74935436,1,-0.465316147,1,-10.25997543,1,-1.692074656,1,-1.835528255,1,2.02985096,1,0.603466094,0,-0.059033394,0,-1.291426182,0
89.47767639,0.623553991,1,-20.65616798,1,-13.98526001,1,-1.66805923,1,-1.159739256,1,1.757426381,1,0.596533835,0,-0.068122879,0,-1.288622022,0
89.48167419,8.625041962,1,-31.59815979,1,-15.4884119,1,-2.188565016,1,-1.042785525,1,1.935342312,1,0.588721633,0,-0.075782157,0,-1.284862161,0
89.485672,9.673783302,1,-32.98514175,1,-13.37664795,1,-3.009886503,1,-0.9911834,1,2.062095642,1,0.577965796,0,-0.083673052,0,-1.280525208,0
89.48967743,16.80544281,1,-32.48366165,1,-9.947001457,1,-3.514533758,1,-0.919821322,1,2.272587776,1,0.564478695,0,-0.091446765,0,-1.275145292,0
89.49368286,15.07034779,1,-29.08440781,1,-6.133969307,1,-4.119637012,1,-1.5171417,1,2.352208853,1,0.54860574,0,-0.100414842,0,-1.269818544,0
89.49768066,15.42041874,1,-16.31330109,1,-2.227912664,1,-4.397809982,1,-2.064791679,1,2.491751432,1,0.531133831,0,-0.111554384,0,-1.265152693,0
89.5016861,17.12829781,1,-5.739866257,1,-2.227982998,1,-4.64716959,1,-2.848346472,1,2.707423925,1,0.512505889,0,-0.125150234,0,-1.261009216,0
89.5056839,11.4496069,1,-2.424962282,1,-2.654456139,1,-4.834101677,1,-3.781737328,1,2.850435495,1,0.493047029,0,-0.142171383,0,-1.257678151,0
89.5096817,6.750920296,1,-0.54270643,1,-4.091543674,1,-4.740294456,1,-4.652551651,1,3.076998711,1,0.473335683,0,-0.16263698,0,-1.254989743,0
89.5136795,-1.901320577,1,6.33528614,1,-10.22796345,1,-4.306722164,1,-5.216946602,1,3.0119524,1,0.454750419,0,-0.185932547,0,-1.252852917,0
89.51767731,-15.04813766,1,10.06545067,1,-14.59014034,1,-4.016757011,1,-5.127880096,1,2.806479692,1,0.438030392,0,-0.209709406,0,-1.251341105,0
89.52168274,-22.7259407,1,14.19520378,1,-18.31350899,1,-3.862495661,1,-4.465886116,1,2.843117714,1,0.421684295,0,-0.231960773,0,-1.249113917,0
89.52568054,-21.33135223,1,13.2696476,1,-20.71987152,1,-3.611939669,1,-3.773968458,1,3.011779785,1,0.405777335,0,-0.251639515,0,-1.244882226,0
89.52967835,-21.2234726,1,16.12534523,1,-18.89267159,1,-3.197034359,1,-3.293430328,1,3.196300268,1,0.390534282,0,-0.26950714,0,-1.238670349,0
89.53367615,-18.3633461,1,15.14577675,1,-18.34860611,1,-2.803334951,1,-2.930757046,1,3.260893106,1,0.376364231,0,-0.285832822,0,-1.231033564,0
89.53768158,-17.72820473,1,13.95266247,1,-16.83226776,1,-2.314598799,1,-2.853519678,1,3.129392385,1,0.363843024,0,-0.301171899,0,-1.222841263,0
89.54167938,-17.57158852,1,4.684664249,1,-15.21162891,1,-1.930825949,1,-2.83567524,1,2.714464664,1,0.3531169,0,-0.315967411,0,-1.21553874,0
89.54567719,-17.78918266,1,-4.889888287,1,-11.11875248,1,-1.68312335,1,-2.716896534,1,2.209860325,1,0.344114244,0,-0.329824477,0,-1.209719181,0
89.54968262,-16.92150688,1,-7.998523712,1,-10.56173038,1,-1.539184809,1,-2.604518414,1,1.578117013,1,0.336483598,0,-0.342377007,0,-1.205925703,0
89.55368042,-16.58076859,1,-8.869411469,1,-9.861420631,1,-1.543795347,1,-2.412020683,1,1.119677544,1,0.329740524,0,-0.353650689,0,-1.204100013,0
89.55767822,-18.00960541,1,-6.406734467,1,-10.52120304,1,-1.700344801,1,-2.034178257,1,1.00766027,1,0.322836339,0,-0.363436401,0,-1.202923298,0
89.56167603,-17.49706841,1,-1.986985445,1,-12.03125572,1,-1.7422961,1,-1.576016545,1,0.977479577,1,0.315278471,0,-0.371573389,0,-1.201291084,0
89.56567383,-15.04833508,1,3.367469788,1,-14.24397469,1,-1.571295977,1,-1.099957228,1,1.00876987,1,0.30781582,0,-0.37786305,0,-1.198989153,0
89.56967926,-12.17637539,1,5.297421455,1,-13.90064621,1,-1.322592139,1,-0.679606855,1,1.028996706,1,0.300898045,0,-0.382468462,0,-1.195962667,0
89.57367706,-8.941022873,1,5.356328011,1,-11.60018444,1,-1.145950437,1,-0.475408942,1,1.059598565,1,0.29460001,0,-0.385846794,0,-1.192332268,0
89.57767487,-8.958353043,1,1.535749674,1,-10.30202389,1,-0.980297029,1,-0.369305313,1,0.972329319,1,0.289003253,0,-0.388656795,0,-1.188626885,0
89.58167267,-9.358047485,1,-1.7505759,1,-9.983289719,1,-0.889581203,1,-0.256726295,1,0.778802812,1,0.284029186,0,-0.39086017,0,-1.185361028,0
89.5856781,-9.241999626,1,-3.758725882,1,-9.212068558,1,-0.817027032,1,-0.130858392,1,0.607087135,1,0.279624164,0,-0.392374992,0,-1.182739735,0
89.5896759,-7.620031357,1,-4.037256241,1,-8.536657333,1,-0.767593503,1,-0.060229976,1,0.537857771,1,0.275600612,0,-0.393352568,0,-1.180486202,0
89.59367371,-6.773768425,1,-3.416102171,1,-8.822192192,1,-0.735242546,1,-0.022842996,1,0.512478411,1,0.271771789,0,-0.394083679,0,-1.178355932,0
89.59767914,-6.03265667,1,-2.802061558,1,-8.975592613,1,-0.706623435,1,0.043474384,1,0.486255378,1,0.268082291,0,-0.394572139,0,-1.176270723,0
89.60167694,-5.50960207,1,-2.145129442,1,-8.998749733,1,-0.682130277,1,0.072111703,1,0.502722859,1,0.264478505,0,-0.394862115,0,-1.174141049,0
89.60567474,-5.547763348,1,-1.965410471,1,-8.961256027,1,-0.643571377,1,0.084211372,1,0.487426221,1,0.260980338,0,-0.395084947,0,-1.171971679,0
89.60968018,-5.66960144,1,-2.290677547,1,-8.855225563,1,-0.589149475,1,0.10770037,1,0.46373263,1,0.257703245,0,-0.39520514,0,-1.169859767,0
89.61368561,-5.212183952,1,-2.625262499,1,-8.842823029,1,-0.53771919,1,0.106838144,1,0.428715527,1,0.254682034,0,-0.39523223,0,-1.167868972,0
89.61768341,-4.734867096,1,-2.704369545,1,-9.015743256,1,-0.501423001,1,0.089981236,1,0.412687957,1,0.251880169,0,-0.395273328,0,-1.166000128,0
89.62168884,-5.002561092,1,-2.4428339,1,-9.107020378,1,-0.460487783,1,0.104205653,1,0.407750636,1,0.249259114,0,-0.395307124,0,-1.164194107,0
89.62568665,-4.494506359,1,-2.518320322,1,-8.769848824,1,-0.438862801,1,0.102563366,1,0.415447026,1,0.246747121,0,-0.395304322,0,-1.162355423,0
89.62968445,-4.239421368,1,-2.878676891,1,-8.66358757,1,-0.420570582,1,0.079140812,1,0.415962696,1,0.24431029,0,-0.395350516,0,-1.160501719,0
89.63368225,-4.540204048,1,-3.099477291,1,-8.665359497,1,-0.411404341,1,0.064741269,1,0.408171177,1,0.241944805,0,-0.395476013,0,-1.158695579,0
89.63768768,-4.586683273,1,-3.328355074,1,-8.552317619,1,-0.413631737,1,0.033504836,1,0.397909552,1,0.239622384,0,-0.395668983,0,-1.156947255,0
89.64168549,-4.688302994,1,-3.377637148,1,-8.361783981,1,-0.413383961,1,0.019778833,1,0.406924576,1,0.237305239,0,-0.395944655,0,-1.155213833,0
89.64568329,-4.584991455,1,-3.181069613,1,-8.308355331,1,-0.40366295,1,0.012955458,1,0.398770243,1,0.235009208,0,-0.396261305,0,-1.153494477,0
89.64968109,-4.60522604,1,-2.980422258,1,-8.383229256,1,-0.405945122,1,0.00702998,1,0.403619766,1,0.232718095,0,-0.396588385,0,-1.151785016,0
89.65369415,-4.61716795,1,-2.547022343,1,-8.434776306,1,-0.382644117,1,-0.006823418,1,0.386902243,1,0.230487406,0,-0.396948248,0,-1.150114536,0
89.65768433,-4.627347946,1,-2.155557394,1,-8.547117233,1,-0.371090323,1,-0.001792321,1,0.370191365,1,0.228356004,0,-0.397314012,0,-1.148513556,0
89.66168213,-4.600744247,1,-1.861339331,1,-8.563463211,1,-0.342997819,1,-0.014529411,1,0.362082541,1,0.226335719,0,-0.397686869,0,-1.146981001,0
89.66567993,-4.433923721,1,-1.779422164,1,-8.671794891,1,-0.316061258,1,-0.02555838,1,0.343092024,1,0.224447891,0,-0.398074776,0,-1.145514011,0
89.66969299,-4.089560986,1,-1.974328518,1,-8.744943619,1,-0.291941762,1,-0.054861683,1,0.324090481,1,0.222708449,0,-0.398530543,0,-1.144151568,0
89.6736908,-4.063721657,1,-2.2811234,1,-8.894192696,1,-0.281164169,1,-0.08525981,1,0.304167658,1,0.221065223,0,-0.399070024,0,-1.142884851,0
89.67768097,-4.021097183,1,-2.519778728,1,-8.95890522,1,-0.276302636,1,-0.112924166,1,0.290253282,1,0.21948798,0,-0.399717152,0,-1.141711712,0
89.68169403,-4.207821369,1,-2.622166157,1,-8.870884895,1,-0.274548471,1,-0.144622162,1,0.278072208,1,0.217959777,0,-0.400469899,0,-1.140632629,0
89.68569183,-4.433947563,1,-2.481611013,1,-8.820137978,1,-0.275029004,1,-0.167199627,1,0.257544607,1,0.216479018,0,-0.401312113,0,-1.139640689,0
89.68968964,-4.620829582,1,-2.145676613,1,-8.863583565,1,-0.262838423,1,-0.180078775,1,0.236535519,1,0.215049669,0,-0.402202189,0,-1.138760567,0
89.69368744,-4.668242931,1,-1.749320745,1,-8.811970711,1,-0.246669471,1,-0.18673557,1,0.203654408,1,0.175815463,0,-0.513268828,0,-1.087799907,0
89.69767761,-4.753018856,1,-1.472809792,1,-8.804800987,1,-0.218973815,1,-0.192065999,1,0.175216526,1,0.174537152,0,-0.514144003,0,-1.087088466,0
89.70169067,-4.803965092,1,-1.418691278,1,-8.739196777,1,-0.192526221,1,-0.194952875,1,0.146725461,1,0.173425749,0,-0.515016079,0,-1.086517334,0
89.70568848,-4.841321468,1,-1.596043348,1,-8.620317459,1,-0.164018854,1,-0.195748806,1,0.11781317,1,0.172496304,0,-0.515881121,0,-1.086073875,0
89.70968628,-4.850509167,1,-1.763004899,1,-8.456506729,1,-0.134635389,1,-0.18856968,1,0.097590648,1,0.171728924,0,-0.516720414,0,-1.08573544,0
89.71368408,-4.78541851,1,-1.981298804,1,-8.43746376,1,-0.120093755,1,-0.186271608,1,0.083354913,1,0.171093956,0,-0.517523348,0,-1.085478306,0
89.71768951,-4.812059879,1,-2.033013105,1,-8.392020226,1,-0.10215883,1,-0.181491703,1,0.075160414,1,0.170538872,0,-0.518297017,0,-1.085262656,0
89.72168732,-4.706661224,1,-2.031883478,1,-8.341840744,1,-0.081517912,1,-0.175096542,1,0.058980737,1,0.170096099,0,-0.519042909,0,-1.085104346,0
89.72568512,-4.708664894,1,-2.065964937,1,-8.324745178,1,-0.062321633,1,-0.171441004,1,0.05353244,1,0.169740826,0,-0.519765377,0,-1.084978938,0
89.72969055,-4.627822399,1,-2.153297901,1,-8.256061554,1,-0.048040189,1,-0.165925369,1,0.047304336,1,0.169463605,0,-0.520472646,0,-1.084870219,0
89.73369598,-4.653662205,1,-2.35771203,1,-8.240021706,1,-0.03644678,1,-0.163900286,1,0.054014724,1,0.169248134,0,-0.52115351,0,-1.08477354,0
89.73769379,-4.622490406,1,-2.480564594,1,-8.140420914,1,-0.02910387,1,-0.156194687,1,0.051791415,1,0.16905044,0,-0.521814644,0,-1.084656,0
89.74169922,-4.555921555,1,-2.660693169,1,-7.991930008,1,-0.027738577,1,-0.151360422,1,0.062876523,1,0.168871835,0,-0.522460103,0,-1.084518433,0
89.74569702,-4.522228718,1,-2.787675142,1,-7.989735126,1,-0.032134913,1,-0.144757167,1,0.074353054,1,0.168652236,0,-0.523089111,0,-1.084327817,0
89.74969482,-4.424645901,1,-2.914666891,1,-7.989672661,1,-0.037053593,1,-0.136648238,1,0.088855378,1,0.168391988,0,-0.52369833,0,-1.084060431,0
89.75370026,-4.419250488,1,-2.992669582,1,-7.983379841,1,-0.045799442,1,-0.129895508,1,0.101138167,1,0.168053448,0,-0.524288774,0,-1.083723307,0
89.75769806,-4.471299648,1,-2.951300621,1,-8.089346886,1,-0.051554747,1,-0.131072283,1,0.11075604,1,0.167664543,0,-0.524870455,0,-1.083334804,0
89.76169586,-4.612419128,1,-2.731100559,1,-8.092733383,1,-0.059988938,1,-0.120304354,1,0.122115463,1,0.167222574,0,-0.525436938,0,-1.082899332,0
89.76569367,-4.571378231,1,-2.643811226,1,-8.077195168,1,-0.053255305,1,-0.117599845,1,0.124754831,1,0.166757941,0,-0.525993526,0,-1.082427621,0
89.76969147,-4.53224659,1,-2.608232498,1,-8.153747559,1,-0.05632361,1,-0.114821225,1,0.140777022,1,0.166273519,0,-0.526539564,0,-1.081909537,0
89.7736969,-4.464968681,1,-2.628109932,1,-8.118700027,1,-0.054787539,1,-0.118946917,1,0.144322604,1,0.165770963,0,-0.527088463,0,-1.081351995,0
89.7776947,-4.430050373,1,-2.546752453,1,-8.176947594,1,-0.050179213,1,-0.11410255,1,0.149964318,1,0.165274039,0,-0.527644873,0,-1.08077538,0
89.78169251,-4.271360397,1,-2.489792585,1,-8.172816277,1,-0.043497927,1,-0.119466044,1,0.151390627,1,0.164791331,0,-0.528216779,0,-1.080175519,0
89.78569031,-4.32396841,1,-2.438374758,1,-8.302491188,1,-0.041259587,1,-0.130182058,1,0.158505842,1,0.164310858,0,-0.528816998,0,-1.079555392,0
89.78969574,-4.253820419,1,-2.391349554,1,-8.398072243,1,-0.032291241,1,-0.144004107,1,0.165445432,1,0.163838103,0,-0.529462576,0,-1.078920603,0
89.79369354,-4.219065666,1,-2.377413034,1,-8.420862198,1,-0.031858638,1,-0.153686956,1,0.168324977,1,0.163368449,0,-0.530157208,0,-1.078266978,0
89.79769135,-4.080746651,1,-2.349271774,1,-8.408312798,1,-0.023274887,1,-0.172615454,1,0.179838702,1,0.162916899,0,-0.530912459,0,-1.077584863,0
89.80169678,-4.228877068,1,-2.148648739,1,-8.509925842,1,-0.013218908,1,-0.190620929,1,0.183291927,1,0.162482262,0,-0.53175652,0,-1.076885819,0
89.80569458,-4.338246346,1,-2.150435448,1,-8.619947433,1,-0.002207819,1,-0.203495994,1,0.191442952,1,0.162095189,0,-0.532654166,0,-1.076177597,0
89.80969238,-4.265981197,1,-2.27081275,1,-8.708359718,1,-0.001437059,1,-0.214675963,1,0.196553186,1,0.161721662,0,-0.533605695,0,-1.075448394,0
89.81369019,-4.514101028,1,-2.085190058,1,-8.677804947,1,0.006927127,1,-0.229190722,1,0.205899671,1,0.161344126,0,-0.534617543,0,-1.074698925,0
89.81768799,-4.659544468,1,-2.094732523,1,-8.57502079,1,0.021375204,1,-0.22604683,1,0.202800274,1,0.16101265,0,-0.535654783,0,-1.073943257,0
89.82169342,-4.657444954,1,-2.08921814,1,-8.449764252,1,0.024476843,1,-0.231543839,1,0.206763521,1,0.160706624,0,-0.536687732,0,-1.073167443,0
89.82569122,-4.658851624,1,-2.119607925,1,-8.405465126,1,0.033695579,1,-0.232408032,1,0.212357104,1,0.160419837,0,-0.537729561,0,-1.072371006,0
89.82968903,-4.662787914,1,-2.107928038,1,-8.408275604,1,0.035321146,1,-0.235541031,1,0.213803843,1,0.160140723,0,-0.538783312,0,-1.071564078,0
89.83368683,-4.804834366,1,-2.130101681,1,-8.346570015,1,0.044757627,1,-0.234736934,1,0.2124248,1,0.159891903,0,-0.539846122,0,-1.070764422,0
89.83769226,-4.782519341,1,-2.060735464,1,-8.284090996,1,0.050517015,1,-0.236464277,1,0.216402546,1,0.159657508,0,-0.54092145,0,-1.069949627,0
89.84169006,-4.910547733,1,-2.215864182,1,-8.195940018,1,0.055427581,1,-0.227162167,1,0.217819527,1,0.159437478,0,-0.541983485,0,-1.069122076,0
89.84568787,-4.83459425,1,-2.409202814,1,-8.169968605,1,0.058267288,1,-0.227774814,1,0.218534768,1,0.159233272,0,-0.543019652,0,-1.068273306,0
89.8496933,-4.805547714,1,-2.53293252,1,-8.246119499,1,0.04958465,1,-0.22948882,1,0.229735047,1,0.159004658,0,-0.544062734,0,-1.067405581,0
89.85369873,-4.609527111,1,-2.674853086,1,-8.229264259,1,0.049946487,1,-0.23260811,1,0.243330866,1,0.158735126,0,-0.545119286,0,-1.066490173,0
89.85769653,-4.603085041,1,-2.713045597,1,-8.31895256,1,0.051319666,1,-0.238909662,1,0.25704062,1,0.158428639,0,-0.546212852,0,-1.065511465,0
89.86170197,-4.435993671,1,-2.803639889,1,-8.428624153,1,0.047703125,1,-0.251872957,1,0.270150363,1,0.15809387,0,-0.547343254,0,-1.064483285,0
89.86569977,-4.512775421,1,-2.605234861,1,-8.475513458,1,0.043952145,1,-0.265518427,1,0.29292506,1,0.157695174,0,-0.548535883,0,-1.06337142,0
89.86969757,-4.481877327,1,-2.612760544,1,-8.561875343,1,0.048594527,1,-0.283516586,1,0.31392321,1,0.157254919,0,-0.5498119,0,-1.062168598,0
89.873703,-4.456157207,1,-2.58365798,1,-8.593765259,1,0.048500337,1,-0.30248484,1,0.328088731,1,0.156778261,0,-0.551170111,0,-1.060888648,0
89.87770081,-4.433723927,1,-2.556700468,1,-8.733999252,1,0.038460776,1,-0.329651147,1,0.343377948,1,0.156251013,0,-0.552633703,0,-1.059558511,0
89.88169861,-4.642415047,1,-2.264805317,1,-8.621395111,1,0.058144018,1,-0.355888695,1,0.354855537,1,0.155718863,0,-0.554199934,0,-1.058191538,0
89.88569641,-4.701983452,1,-2.228108644,1,-8.702132225,1,0.074142955,1,-0.36564377,1,0.375822812,1,0.155231416,0,-0.555851996,0,-1.056753039,0
89.88969421,-4.37979126,1,-2.941387892,1,-8.91186142,1,0.067694969,1,-0.40385583,1,0.3947469,1,0.154744446,0,-0.557607889,0,-1.05524981,0
89.89369965,-4.237644672,1,-3.085308552,1,-9.001843452,1,0.006647864,1,-0.45285219,1,0.405587435,1,0.154048353,0,-0.559544563,0,-1.053691983,0
89.89769745,-4.503119946,1,-2.464049339,1,-8.845364571,1,0.012469804,1,-0.495399803,1,0.418604046,1,0.153243214,0,-0.561688304,0,-1.05211246,0
89.90169525,-4.519217968,1,-2.34232378,1,-8.838889122,1,0.051226214,1,-0.521695495,1,0.443036109,1,0.152501211,0,-0.56395781,0,-1.05047214,0
89.90569305,-4.267317772,1,-2.848537683,1,-8.911398888,1,0.04347156,1,-0.552351713,1,0.473543942,1,0.151749626,0,-0.566358984,0,-1.048704624,0
89.90969849,-4.227057934,1,-3.549144745,1,-9.218780518,1,0.006561102,1,-0.604502678,1,0.485823512,1,0.150889397,0,-0.568933725,0,-1.046877503,0
89.91369629,-3.822684288,1,-3.009150505,1,-9.237577438,1,-0.028395971,1,-0.66723597,1,0.50051707,1,0.149819344,0,-0.571751237,0,-1.045011282,0
89.91769409,-4.260924339,1,-1.991686344,1,-9.195291519,1,-0.015111042,1,-0.730798483,1,0.527844429,1,0.14867273,0,-0.574828386,0,-1.043080926,0
89.92169952,-4.72133255,1,-1.993754745,1,-9.080542564,1,0.023519468,1,-0.776358545,1,0.544793367,1,0.147595078,0,-0.578117311,0,-1.041065454,0
89.92569733,-4.686265945,1,-2.390115261,1,-9.118229866,1,0.022855734,1,-0.827991009,1,0.536249101,1,0.146607026,0,-0.581605017,0,-1.039067507,0
89.92969513,-4.604781628,1,-2.532205105,1,-9.065542221,1,-0.013176197,1,-0.88499403,1,0.548385739,1,0.145540267,0,-0.585308969,0,-1.037094474,0
89.93369293,-4.561161041,1,-1.883681178,1,-9.076096535,1,-0.002436571,1,-0.947111785,1,0.547969043,1,0.14440155,0,-0.589255869,0,-1.035131574,0
89.93769074,-4.765002728,1,-1.423701406,1,-9.119311333,1,0.049298517,1,-0.993939102,1,0.565778017,1,0.143373698,0,-0.593430221,0,-1.033141494,0
89.94169617,-4.555612564,1,-1.808666825,1,-8.984635353,1,0.069472402,1,-1.044523478,1,0.577433228,1,0.14245972,0,-0.597787976,0,-1.031098485,0
89.94569397,-4.723234653,1,-2.203902006,1,-9.161216736,1,0.085258618,1,-1.095397234,1,0.573589385,1,0.140287876,0,-0.601424813,0,-1.031762123,0
89.94969177,-4.777731419,1,-2.237803698,1,-9.103577614,1,0.080706529,1,-1.150618553,1,0.586806834,1,0.139459565,0,-0.606190801,0,-1.029729724,0
89.95368958,-4.785899639,1,-2.313681126,1,-9.172549248,1,0.069039017,1,-1.20794642,1,0.585145116,1,0.138607025,0,-0.61119175,0,-1.027707338,0
89.95769501,-4.8367033,1,-2.215913773,1,-9.327097893,1,0.05005829,1,-1.273489237,1,0.581689835,1,0.137693509,0,-0.616430044,0,-1.02570796,0
89.96169281,-4.809702873,1,-2.104790211,1,-9.614150047,1,0.02739783,1,-1.339583993,1,0.579613924,1,0.136712208,0,-0.6219275,0,-1.023753405,0
89.96569061,-4.641581535,1,-2.413789749,1,-9.636832237,1,-0.020869827,1,-1.416364908,1,0.583442748,1,0.135602206,0,-0.627695918,0,-1.021832347,0
89.96969605,-4.598624706,1,-2.379770994,1,-9.67108345,1,-0.04550473,1,-1.499749422,1,0.591014445,1,0.134351283,0,-0.633789957,0,-1.019935966,0
89.97370148,-5.189538479,1,-2.915257692,1,-9.787701607,1,-0.084835246,1,-1.578121185,1,0.617064118,1,0.132935852,0,-0.640216947,0,-1.017975569,0
89.97769928,-4.586952209,1,-3.016488791,1,-9.448719978,1,-0.119711787,1,-1.671123624,1,0.646861434,1,0.131279647,0,-0.646987438,0,-1.01590848,0
89.98170471,-4.705823421,1,-2.822171211,1,-9.655460358,1,-0.124668039,1,-1.771301389,1,0.682481527,1,0.129449934,0,-0.654168725,0,-1.013708711,0
89.98570252,-4.819090843,1,-2.826922894,1,-9.900387764,1,-0.134857997,1,-1.86032033,1,0.73091495,1,0.127484247,0,-0.66173625,0,-1.011332273,0
89.98970032,-4.43439579,1,-2.948704004,1,-9.832896233,1,-0.147094354,1,-1.973950863,1,0.774282217,1,0.125322938,0,-0.66972065,0,-1.008749127,0
89.99370575,-4.598531723,1,-3.005718708,1,-10.06375313,1,-0.168962866,1,-2.092344761,1,0.814406753,1,0.122986734,0,-0.678187847,0,-1.006021142,0
89.99770355,-4.632329941,1,-2.863142729,1,-10.25365639,1,-0.193226099,1,-2.211241484,1,0.848421812,1,0.120414756,0,-0.687129557,0,-1.003100395,0
90.00170136,-4.399128437,1,-2.778622389,1,-10.18813038,1,-0.206158996,1,-2.338873863,1,0.883675873,1,0.117662348,0,-0.696566105,0,-1.000027299,0
90.00569916,-5.011286259,1,-2.774784565,1,-10.61436367,1,-0.226035252,1,-2.446783304,1,0.929318428,1,0.11470513,0,-0.706508458,0,-0.996773839,0
90.00969696,-4.437085152,1,-3.061716557,1,-10.21009827,1,-0.246790275,1,-2.565626383,1,0.981866002,1,0.111452363,0,-0.716890574,0,-0.993248582,0
90.01370239,-4.176819324,1,-3.017984867,1,-10.23102856,1,-0.265313745,1,-2.725739717,1,1.03285265,1,0.107915476,0,-0.727853179,0,-0.989448547,0
90.0177002,-4.300778866,1,-2.676147938,1,-10.4364109,1,-0.25363189,1,-2.891294003,1,1.102163315,1,0.104125515,0,-0.739482641,0,-0.985347211,0
90.021698,-4.135021687,1,-2.614333153,1,-10.57383347,1,-0.241871074,1,-3.052380085,1,1.168312073,1,0.100077532,0,-0.75176549,0,-0.980845213,0
90.0256958,-3.93866086,1,-2.829807043,1,-10.7621069,1,-0.24305059,1,-3.248294592,1,1.225950956,1,0.095757,0,-0.764763117,0,-0.975967228,0
90.02970123,-3.788744688,1,-2.917292356,1,-11.11189556,1,-0.247134134,1,-3.457012653,1,1.287278771,1,0.091111101,0,-0.778583646,0,-0.970702469,0
90.03369904,-3.600617647,1,-2.724263668,1,-11.5407753,1,-0.250793666,1,-3.669044495,1,1.334988236,1,0.086132705,0,-0.793247044,0,-0.965084434,0
90.03769684,-3.618179798,1,-2.664266109,1,-12.09480381,1,-0.254041195,1,-3.9094491,1,1.394067764,1,0.080802865,0,-0.808785379,0,-0.959082067,0
90.04170227,-3.221579313,1,-2.88840723,1,-12.69154167,1,-0.258549184,1,-4.192293644,1,1.468022466,1,0.075037956,0,-0.825391054,0,-0.952586591,0
90.04570007,-3.179208279,1,-3.647706509,1,-13.23814297,1,-0.273433894,1,-4.492683411,1,1.550084233,1,0.068698205,0,-0.843142092,0,-0.945468783,0
90.04969788,-2.969375372,1,-4.568311691,1,-13.72427559,1,-0.304269284,1,-4.824049473,1,1.665636301,1,0.061595574,0,-0.862160206,0,-0.937571406,0
90.05370331,-2.983514071,1,-6.092800617,1,-14.47110844,1,-0.35570091,1,-5.163508415,1,1.813541412,1,0.053408038,0,-0.882499814,0,-0.928568184,0
90.05770111,-3.262786627,1,-7.180559158,1,-14.12617397,1,-0.421465904,1,-5.481807709,1,1.997576833,1,0.043718234,0,-0.904113829,0,-0.918151915,0
90.06169891,-3.987315893,1,-9.026454926,1,-15.14868355,1,-0.560884118,1,-5.8850317,1,2.254725933,1,0.031715769,0,-0.927191675,0,-0.905528426,0
90.06569672,-4.462067604,1,-9.868518829,1,-15.21749496,1,-0.656779706,1,-6.215531826,1,2.504355431,1,0.017169388,0,-0.951607049,0,-0.890481114,0
90.06969452,-4.273373127,1,-12.22314548,1,-14.67906094,1,-0.814163566,1,-6.535369873,1,2.826923609,1,-0.000856476,0,-0.977191448,0,-0.872124255,0
90.07369232,-4.768164635,1,-13.42871666,1,-14.97682571,1,-1.009866595,1,-6.846805096,1,3.135680199,1,-0.023154693,0,-1.003826857,0,-0.849816501,0
90.07769775,-9.642848015,1,-18.44618225,1,-15.46949768,1,-1.502439976,1,-6.823253632,1,3.461682081,1,-0.051136132,0,-1.030906558,0,-0.822656095,0
90.08169556,-3.106193066,1,-10.39863205,1,-16.25998497,1,-1.357061505,1,-7.442080021,1,3.835034609,1,-0.084875219,0,-1.058094501,0,-0.790023029,0
90.08569336,-10.67238903,1,-12.54873371,1,-15.52029419,1,-1.57491231,1,-7.351661682,1,4.086543083,1,-0.125423506,0,-1.085809588,0,-0.750674188,0
90.08969879,-13.61692429,1,-13.25431252,1,-17.38549995,1,-1.823626757,1,-7.392345428,1,4.394122601,1,-0.173868552,0,-1.112518072,0,-0.703918874,0
90.09370422,-16.72457695,1,-10.92704487,1,-17.93835068,1,-1.997800469,1,-7.268316269,1,4.460227489,1,-0.23021172,0,-1.137693644,0,-0.650004923,0
90.09770966,-13.78119755,1,-7.319624901,1,-17.81304169,1,-2.048884869,1,-7.225869179,1,4.575902939,1,-0.293966502,0,-1.160976887,0,-0.58903563,0
90.10170746,-13.36676311,1,-6.641091347,1,-17.33813477,1,-2.077573299,1,-7.310860157,1,4.683032036,1,-0.366189539,0,-1.182474613,0,-0.519638956,0
90.10570526,-17.83754158,1,-7.505061626,1,-18.04594803,1,-2.033991098,1,-7.240807533,1,4.672319412,1,-0.446660012,0,-1.201892972,0,-0.441903174,0
90.10970306,-17.72014046,1,-7.868034363,1,-15.97600174,1,-2.055691481,1,-7.088020325,1,4.65025425,1,-0.534238458,0,-1.218351126,0,-0.357046127,0
90.1137085,-18.27850914,1,-8.181638718,1,-15.40532684,1,-2.020246744,1,-6.949764729,1,4.582779408,1,-0.628067911,0,-1.231701374,0,-0.265988469,0
90.1177063,-19.48345947,1,-7.701604843,1,-15.01074123,1,-1.964099407,1,-6.790257454,1,4.514824867,1,-0.726500809,0,-1.241754055,0,-0.170243576,0
90.1217041,-18.26333237,1,-7.573555946,1,-13.66473675,1,-2.085566998,1,-6.667663097,1,4.652436733,1,-0.82899183,0,-1.248072624,0,-0.070578098,0
90.12571716,-15.87602425,1,-8.268875122,1,-11.47900486,1,-2.251020908,1,-6.688632011,1,4.763424873,1,-0.935537577,0,-1.250485778,0,0.032563146,0
90.12970734,-16.14383125,1,-7.214540005,1,-12.59830284,1,-2.32220912,1,-6.631191254,1,4.702028275,1,-1.043236017,0,-1.249257445,0,0.136389315,0
90.13370514,-16.31596756,1,-5.936455727,1,-10.16414356,1,-2.353559256,1,-6.468308926,1,4.602925301,1,-1.147403002,0,-1.244765997,0,0.236412004,0
90.13770294,-12.77999878,1,-5.128025055,1,-8.813720703,1,-2.352011442,1,-6.166966915,1,4.590095997,1,-1.245310307,0,-1.236874819,0,0.329890579,0
90.14170075,-7.31289053,1,-3.396956205,1,-8.940886497,1,-2.193753004,1,-5.737280369,1,4.50024128,1,-1.333647847,0,-1.226009965,0,0.413906693,0
90.14571381,-2.735849619,1,-1.997682929,1,-10.21602821,1,-1.880316138,1,-5.237448215,1,4.333032131,1,-1.410121679,0,-1.213032484,0,0.48661238,0
90.14970398,-8.231630325,1,-1.010625839,1,-11.3035841,1,-1.547324657,1,-4.820940018,1,4.243394852,1,-1.474802732,0,-1.198558569,0,0.548522174,0
90.15370178,-14.48085308,1,-0.746767938,1,-14.72633457,1,-1.055726171,1,-4.360987186,1,3.971034288,1,-1.528940082,0,-1.18338871,0,0.601124644,0
90.15769959,-17.85463715,1,-2.11097455,1,-15.50980949,1,-0.509060323,1,-3.674664021,1,3.640779018,1,-1.571404934,0,-1.16848135,0,0.643754959,0
90.16171265,-27.42362022,1,-1.210473061,1,-15.20693493,1,0.06886927,1,-3.085563421,1,3.155120611,1,-1.602899313,0,-1.154589176,0,0.677031517,0
90.16571045,-36.7044487,1,-1.126199007,1,-20.08875084,1,0.637041211,1,-1.930817008,1,2.573860168,1,-1.623125553,0,-1.142745495,0,0.700935304,0
90.16970825,-22.2237587,1,-6.793865204,1,-20.39624786,1,0.674379706,1,-0.595955729,1,2.135804892,1,-1.630033374,0,-1.133080602,0,0.711481094,0
90.17371368,-10.28732872,1,-10.31383419,1,-17.24105072,1,0.610020101,1,0.263115078,1,1.7407794,1,-1.627669334,0,-1.125299215,0,0.711712778,0
90.17771149,-6.089007854,1,-11.71267128,1,-14.35681343,1,0.599278748,1,0.743977249,1,1.355059505,1,-1.620251894,0,-1.119248748,0,0.706160545,0
90.18170929,-7.198376656,1,-12.45759201,1,-13.25816631,1,0.488021374,1,1.08594501,1,1.058871269,1,-1.610085368,0,-1.114613295,0,0.697314441,0
90.18570709,-7.690563202,1,-12.03257751,1,-13.47099018,1,0.161854014,1,1.501220345,1,0.825344324,1,-1.598018408,0,-1.111018419,0,0.685351133,0
90.1897049,-4.266937733,1,-11.34126186,1,-12.41521835,1,-0.209772572,1,1.836744547,1,0.61989224,1,-1.584495187,0,-1.108262181,0,0.670113385,0
90.19371033,-0.744250119,1,-10.44447613,1,-10.53478146,1,-0.463344216,1,2.007210016,1,0.41919601,1,-1.568275809,0,-1.105269313,0,0.647743285,0
90.19770813,1.308188915,1,-9.235774994,1,-9.135882378,1,-0.601403832,1,2.076233625,1,0.232656687,1,-1.554189801,0,-1.103895068,0,0.629564524,0
90.20170593,2.489196539,1,-7.878129005,1,-8.356012344,1,-0.674757183,1,2.137458324,1,0.053592391,1,-1.540064335,0,-1.103132248,0,0.610871732,0
90.20570374,3.411140203,1,-6.557674885,1,-7.850274086,1,-0.698257804,1,2.172261238,1,-0.112156704,1,-1.525753736,0,-1.102920651,0,0.591757059,0
90.2097168,3.938790321,1,-5.599349499,1,-7.37332058,1,-0.667276919,1,2.185082674,1,-0.273721606,1,-1.511156678,0,-1.10324049,0,0.5723297,0
90.2137146,3.916754246,1,-5.061584949,1,-7.02388382,1,-0.590363383,1,2.190765142,1,-0.432045668,1,-1.496166825,0,-1.104062676,0,0.552714825,0
90.21772003,3.970211744,1,-4.790527821,1,-6.607037067,1,-0.49361214,1,2.199121714,1,-0.585464954,1,-1.480645895,0,-1.105371118,0,0.532905579,0
90.22171783,4.020290375,1,-4.608389378,1,-6.292352676,1,-0.392538071,1,2.225618362,1,-0.718040764,1,-1.464342594,0,-1.107103705,0,0.51268965,0
90.22571564,3.892088413,1,-4.529005051,1,-6.020162106,1,-0.287528425,1,2.26438427,1,-0.827713907,1,-1.447113276,0,-1.109148145,0,0.491919011,0
90.22971344,3.561302185,1,-4.604709148,1,-5.97867012,1,-0.192930996,1,2.312341928,1,-0.929660618,1,-1.428853154,0,-1.111429453,0,0.470462382,0
90.23371887,3.009467363,1,-4.799782753,1,-5.951789856,1,-0.119380705,1,2.383178949,1,-1.021290064,1,-1.409445524,0,-1.113877296,0,0.448131323,0
90.23771668,2.449009418,1,-5.024430752,1,-5.886747837,1,-0.063510798,1,2.465327024,1,-1.105626106,1,-1.388842463,0,-1.116422892,0,0.424786866,0
90.24171448,1.907611251,1,-5.26452589,1,-5.881298542,1,-0.028870402,1,2.563951254,1,-1.176943779,1,-1.366946816,0,-1.118978381,0,0.400231868,0
90.24571991,1.308250904,1,-5.498106003,1,-5.879444599,1,-0.015604554,1,2.688223362,1,-1.244823098,1,-1.343690515,0,-1.121472478,0,0.374302894,0
90.24971771,0.730644763,1,-5.62062645,1,-5.946531773,1,-0.021270256,1,2.823459387,1,-1.315131307,1,-1.318976641,0,-1.123842001,0,0.346800059,0
90.25371552,0.065950073,1,-5.655243397,1,-6.077152252,1,-0.034928381,1,2.973258018,1,-1.386137843,1,-1.292738438,0,-1.126021743,0,0.317588508,0
90.25771332,-0.499768734,1,-5.660578251,1,-6.167794704,1,-0.052747507,1,3.13544488,1,-1.452721357,1,-1.264872909,0,-1.127936602,0,0.286536515,0
90.26171112,-1.072541237,1,-5.595181465,1,-6.260149956,1,-0.070049942,1,3.306725025,1,-1.532143474,1,-1.235291481,0,-1.129539371,0,0.2535474,0
90.26571655,-1.558323026,1,-5.403748989,1,-6.362291813,1,-0.080688253,1,3.476878881,1,-1.608312845,1,-1.204009771,0,-1.130771995,0,0.218628004,0
90.26971436,-1.957982421,1,-5.191346169,1,-6.435348034,1,-0.083658017,1,3.648615837,1,-1.692206621,1,-1.170998335,0,-1.131568074,0,0.181780651,0
90.27371216,-2.300654888,1,-4.990550041,1,-6.436812878,1,-0.06836585,1,3.813879251,1,-1.779563189,1,-1.136249065,0,-1.131860971,0,0.143054709,0
90.27770996,-2.655535221,1,-4.821436405,1,-6.476053238,1,-0.0410491,1,3.966776848,1,-1.862331986,1,-1.099873662,0,-1.131606698,0,0.102618091,0
90.28171539,-3.069848776,1,-4.669920444,1,-6.467702389,1,-0.01286524,1,4.122308731,1,-1.951242805,1,-1.061995029,0,-1.130725741,0,0.060641281,0
90.2857132,-3.418863535,1,-4.661595345,1,-6.367663383,1,0.023684597,1,4.267878056,1,-2.041216612,1,-1.02272737,0,-1.129162908,0,0.017249385,0
90.289711,-3.841360569,1,-4.732566833,1,-6.291799068,1,0.060956042,1,4.39915657,1,-2.130338192,1,-0.982287407,0,-1.126873732,0,-0.027321558,0
90.29371643,-4.400130749,1,-4.745222569,1,-6.251946926,1,0.08679191,1,4.525355339,1,-2.220469236,1,-0.940907538,0,-1.123786926,0,-0.072842434,0
90.29771423,-4.888037682,1,-4.765415668,1,-6.205534935,1,0.113785632,1,4.65966177,1,-2.312467575,1,-0.898744226,0,-1.119870424,0,-0.119185828,0
90.30171204,-5.275049686,1,-4.852603912,1,-6.161076069,1,0.129902244,1,4.785961628,1,-2.420288801,1,-0.855996788,0,-1.115078092,0,-0.166180447,0
90.30570984,-5.911304474,1,-4.836243629,1,-6.181916714,1,0.15467757,1,4.91180563,1,-2.522025585,1,-0.812853456,0,-1.109373689,0,-0.213645801,0
90.30970764,-6.358455658,1,-4.890434265,1,-6.248034477,1,0.172253504,1,5.035719872,1,-2.623850584,1,-0.76954329,0,-1.102708578,0,-0.261366695,0
90.31371307,-6.535137177,1,-4.951941013,1,-6.250854969,1,0.178351715,1,5.148389816,1,-2.737529755,1,-0.72629714,0,-1.095062852,0,-0.309131205,0
90.31771088,-6.941500664,1,-4.838865757,1,-6.357299328,1,0.197801769,1,5.253920555,1,-2.84194231,1,-0.683327138,0,-1.086443067,0,-0.356725425,0
90.32170868,-7.341778755,1,-4.72022438,1,-6.359634399,1,0.211549371,1,5.357747078,1,-2.948983192,1,-0.64081949,0,-1.076812506,0,-0.403950095,0
90.32570648,-7.565169334,1,-4.665849686,1,-6.390039921,1,0.226257086,1,5.461554527,1,-3.057241917,1,-0.598938286,0,-1.066179752,0,-0.450646758,0
90.32971954,-7.691417217,1,-4.593067169,1,-6.298603058,1,0.249918699,1,5.541829586,1,-3.163687944,1,-0.557870448,0,-1.054543376,0,-0.496608227,0
90.33371735,-7.648375034,1,-4.519875526,1,-6.294398308,1,0.276919127,1,5.61074543,1,-3.255946159,1,-0.51782763,0,-1.041947246,0,-0.541607261,0
90.33772278,-7.610692501,1,-4.445176125,1,-6.27998209,1,0.296768457,1,5.659432411,1,-3.345052242,1,-0.47897324,0,-1.028452277,0,-0.585458755,0
90.34172058,-7.576953411,1,-4.379332542,1,-6.248562336,1,0.32196942,1,5.688492298,1,-3.413500786,1,-0.441492587,0,-1.014122128,0,-0.627953887,0
90.34571838,-7.449089527,1,-4.300765991,1,-6.226428986,1,0.354982316,1,5.693616867,1,-3.472826958,1,-0.405507058,0,-0.999022007,0,-0.668934643,0
90.34971619,-7.438079834,1,-4.375205517,1,-6.207141399,1,0.378982484,1,5.691374302,1,-3.521104813,1,-0.37107718,0,-0.983236432,0,-0.708328903,0
90.35372162,-7.550075054,1,-4.439743042,1,-6.255331516,1,0.412296832,1,5.67428875,1,-3.558170319,1,-0.338250518,0,-0.966832221,0,-0.746072352,0
90.35771942,-7.710175991,1,-4.475104809,1,-6.340067863,1,0.440434247,1,5.646766663,1,-3.578541994,1,-0.307048887,0,-0.949883342,0,-0.782118499,0
90.36171722,-7.867717743,1,-4.582661152,1,-6.515149593,1,0.474696696,1,5.612111568,1,-3.601051807,1,-0.277436912,0,-0.932453811,0,-0.816491723,0
90.36572266,-8.182126999,1,-4.752204895,1,-6.676615238,1,0.502909958,1,5.580205917,1,-3.60918951,1,-0.249367565,0,-0.914593339,0,-0.849235058,0
90.36972046,-8.568395615,1,-4.898198605,1,-6.885691643,1,0.536710739,1,5.556387424,1,-3.607556581,1,-0.222790256,0,-0.896321654,0,-0.880381286,0
90.37371826,-9.034749031,1,-5.128175259,1,-7.174024105,1,0.565686226,1,5.536362648,1,-3.602586985,1,-0.197619751,0,-0.877643526,0,-0.910017431,0
90.37771606,-9.37921524,1,-5.34581995,1,-7.410069466,1,0.601127446,1,5.522371769,1,-3.594465494,1,-0.173754543,0,-0.858563006,0,-0.938226104,0
90.38171387,-9.794392586,1,-5.384549141,1,-7.73691082,1,0.643678963,1,5.509049892,1,-3.599577427,1,-0.151083574,0,-0.839115143,0,-0.965105176,0
90.3857193,-10.14697456,1,-5.43614769,1,-8.08927536,1,0.694643795,1,5.495856762,1,-3.604303837,1,-0.129482538,0,-0.819318354,0,-0.990774989,0
90.3897171,-10.55150604,1,-5.491375923,1,-8.491558075,1,0.754127979,1,5.497346878,1,-3.617539883,1,-0.108799219,0,-0.799209833,0,-1.015340924,0
90.39371491,-11.0398798,1,-5.619109631,1,-8.852492332,1,0.821178019,1,5.494038582,1,-3.639258146,1,-0.088928923,0,-0.778766751,0,-1.03890717,0
90.39771271,-11.5032835,1,-5.819974899,1,-9.116861343,1,0.892248154,1,5.499988556,1,-3.670539618,1,-0.069735527,0,-0.75801146,0,-1.061601758,0
90.40171814,-11.96417141,1,-6.06814003,1,-9.483514786,1,0.966920614,1,5.518508434,1,-3.711872101,1,-0.051128779,0,-0.73690325,0,-1.083499551,0
90.40571594,-12.45339298,1,-6.311640263,1,-9.766196251,1,1.034720778,1,5.525626659,1,-3.771477461,1,-0.033016823,0,-0.715473473,0,-1.104738832,0
90.40971375,-12.96305656,1,-6.754340172,1,-10.08909893,1,1.093625188,1,5.536694527,1,-3.838249922,1,-0.015373116,0,-0.693713427,0,-1.125404477,0
90.41371918,-13.48280811,1,-7.209928989,1,-10.46493435,1,1.142991781,1,5.552260876,1,-3.920681,1,0.001846924,0,-0.671644211,0,-1.145597577,0
90.41771698,-14.11195564,1,-7.691472054,1,-10.89236259,1,1.180764437,1,5.554957867,1,-4.018815517,1,0.018672695,0,-0.649269104,0,-1.16541934,0
90.42171478,-14.82348061,1,-8.175143242,1,-11.29354477,1,1.20693326,1,5.558318138,1,-4.139059544,1,0.035097726,0,-0.626605093,0,-1.184981942,0
90.42571259,-15.68636227,1,-8.682966232,1,-11.6965847,1,1.207907677,1,5.560346603,1,-4.26494503,1,0.05111194,0,-0.603655875,0,-1.204364777,0
90.42971039,-16.60813141,1,-9.192136765,1,-12.09724426,1,1.196113944,1,5.559267044,1,-4.414609432,1,0.066693828,0,-0.580437481,0,-1.223660707,0
90.43371582,-17.69221878,1,-9.668047905,1,-12.42285633,1,1.176221728,1,5.544122696,1,-4.57625103,1,0.081853092,0,-0.556958556,0,-1.242987633,0
90.43771362,-18.83039284,1,-9.922410011,1,-12.69913006,1,1.148471951,1,5.526661396,1,-4.754128933,1,0.096576296,0,-0.533236802,0,-1.262418628,0
90.44171143,-20.16303635,1,-9.859700203,1,-12.85921574,1,1.121418834,1,5.490073681,1,-4.949025631,1,0.110887207,0,-0.509305775,0,-1.282053232,0
90.44570923,-21.76729012,1,-9.36510849,1,-12.68963432,1,1.104021668,1,5.462443829,1,-5.15830183,1,0.118452989,0,-0.48224327,0,-1.314558148,0
90.44971466,-23.02837944,1,-7.369413853,1,-12.4942646,1,1.125205278,1,5.409956932,1,-5.400053024,1,0.132148504,0,-0.458032489,0,-1.334991574,0
90.45372009,-23.88336182,1,-5.484169483,1,-12.36047935,1,1.192984223,1,5.31533289,1,-5.645312309,1,0.145822227,0,-0.433720887,0,-1.355952382,0
90.4577179,-25.09031868,1,-5.14351511,1,-11.66551304,1,1.287988782,1,5.218485832,1,-5.862787724,1,0.159547731,0,-0.409406751,0,-1.377394199,0
90.4617157,-26.35160828,1,-4.090972424,1,-11.10125732,1,1.42867887,1,5.101331234,1,-6.024960041,1,0.173381254,0,-0.385101229,0,-1.399131298,0
90.4657135,-27.5411129,1,-3.097542286,1,-10.0516777,1,1.616933584,1,4.952659607,1,-6.136667728,1,0.187410682,0,-0.360955954,0,-1.420962095,0
90.46971893,-28.57304764,1,-2.563032866,1,-9.031082153,1,1.80144918,1,4.81126833,1,-6.217024326,1,0.2017169,0,-0.337043613,0,-1.442722678,0
90.47371674,-30.09883499,1,-1.865994811,1,-6.17910099,1,2.037841082,1,4.662087917,1,-6.225644588,1,0.216262415,0,-0.31324482,0,-1.464343429,0
90.47771454,-29.37919617,1,-2.578133106,1,-4.240613461,1,2.130022287,1,4.398493767,1,-6.141046524,1,0.230862468,0,-0.290076047,0,-1.485381246,0
90.48171234,-29.66342545,1,-3.147699118,1,-2.890125036,1,2.189598083,1,4.132641315,1,-6.019030571,1,0.24511753,0,-0.267729014,0,-1.505817175,0
90.48571777,-28.5851326,1,-3.755143166,1,-0.997849107,1,2.166012764,1,3.78198719,1,-5.809967995,1,0.258835703,0,-0.246471599,0,-1.525431275,0
90.48971558,-28.29268074,1,-3.520290613,1,0.381715149,1,2.09967351,1,3.388393641,1,-5.544364929,1,0.271748811,0,-0.226667121,0,-1.544120669,0
90.49371338,-27.98860359,1,-2.026993036,1,1.511255741,1,2.094801426,1,2.975336075,1,-5.22887373,1,0.283933818,0,-0.208511651,0,-1.561773658,0
90.49771881,-27.41115761,1,0.863878727,1,2.383238077,1,2.178852558,1,2.567931175,1,-4.899047852,1,0.295744479,0,-0.192085072,0,-1.57835114,0
90.50171661,-26.33221626,1,4.906833172,1,2.907190084,1,2.409735203,1,2.147700548,1,-4.593270779,1,0.307748437,0,-0.177439809,0,-1.593927979,0
90.50571442,-25.46155548,1,9.16293335,1,3.039269924,1,2.788074255,1,1.719647765,1,-4.334963799,1,0.320631504,0,-0.164566949,0,-1.608725667,0
90.50971222,-25.56053543,1,12.87969685,1,3.170944691,1,3.278262854,1,1.308765173,1,-4.149975777,1,0.335005522,0,-0.153382525,0,-1.623016834,0
90.51371002,-26.79866219,1,14.17848015,1,3.485825062,1,3.772164583,1,0.972259462,1,-3.995269775,1,0.351205707,0,-0.143618062,0,-1.636976957,0
90.51771545,-28.24108505,1,13.6171608,1,3.967374325,1,4.144865513,1,0.667815328,1,-3.846380234,1,0.368972003,0,-0.135033831,0,-1.650634885,0
90.52171326,-29.34059715,1,10.61060905,1,4.798070908,1,4.265349388,1,0.409628093,1,-3.676882744,1,0.387615234,0,-0.127479032,0,-1.663951755,0
90.52571106,-30.55327797,1,7.103960991,1,5.372222424,1,4.097342014,1,0.154629007,1,-3.469243288,1,0.40599364,0,-0.120919116,0,-1.676798224,0
90.52970886,-31.15512466,1,3.707970858,1,5.831927299,1,3.641235113,1,-0.074384838,1,-3.239770412,1,0.422987223,0,-0.115362071,0,-1.689111233,0
90.53371429,-31.56953812,1,1.347985506,1,5.883245945,1,2.93933773,1,-0.30144012,1,-2.9938972,1,0.43751803,0,-0.11083658,0,-1.700844288,0
90.5377121,-31.13529587,1,0.123492613,1,5.939455986,1,2.10158515,1,-0.505718172,1,-2.719071865,1,0.448830783,0,-0.107392669,0,-1.71193552,0
90.5417099,-30.3407917,1,-0.228095651,1,5.754188538,1,1.202250481,1,-0.680625677,1,-2.410366058,1,0.456538916,0,-0.10504064,0,-1.722265959,0
90.54571533,-28.71675873,1,-0.301096976,1,5.382549286,1,0.357224673,1,-0.860097826,1,-2.072620153,1,0.460623622,0,-0.103812747,0,-1.731733561,0
90.54971314,-27.01353455,1,0.572690129,1,5.103248119,1,-0.382807374,1,-1.056029201,1,-1.696997166,1,0.461408079,0,-0.103895411,0,-1.740249515,0
90.55371094,-17.5362587,1,-0.449225307,1,-0.098454289,1,-0.999586999,1,-1.33261013,1,-1.23952651,1,0.459434032,0,-0.105457857,0,-1.747702479,0
90.55770874,-10.5666523,1,1.249649286,1,3.996832609,1,-1.454309225,1,-2.814131737,1,-0.107997745,1,0.454912663,0,-0.111200459,0,-1.753611207,0
90.56170654,-44.54170609,1,11.44950581,1,6.200381279,1,-1.828283191,1,-3.770511866,1,0.537732244,1,0.449019372,0,-0.124365352,0,-1.758687735,0
90.56571198,14.05378246,1,4.06276226,1,8.666505814,1,-1.814200878,1,-3.170006275,1,0.460546404,1,0.442139953,0,-0.137437433,0,-1.76284194,0
90.56970978,15.50518703,1,-5.966418743,1,-3.16636014,1,-2.019955158,1,-4.327946186,1,0.898410201,1,0.435255915,0,-0.151857615,0,-1.766752481,0
90.57371521,-14.57022095,1,-2.79450202,1,-10.37005329,1,-2.631549597,1,-4.844666481,1,1.328863263,1,0.426360697,0,-0.170941785,0,-1.770517111,0
90.57771301,7.154573917,1,-0.415073752,1,-21.53662109,1,-2.270887852,1,-4.385106087,1,1.421873569,1,0.416968614,0,-0.189871609,0,-1.773095727,0
90.58171845,1.747688174,1,-4.02511549,1,-27.56773186,1,-2.342819452,1,-4.491121292,1,1.595532298,1,0.408066809,0,-0.208622023,0,-1.774723411,0
90.58571625,-3.476945877,1,-1.331362009,1,-21.31984901,1,-2.080160141,1,-3.899982452,1,1.606494069,1,0.399285525,0,-0.22663261,0,-1.775429606,0
90.58971405,10.30139351,1,4.329937458,1,-18.03422737,1,-1.444833755,1,-4.040754795,1,1.755243301,1,0.39215076,0,-0.24360165,0,-1.775341034,0
90.59371185,2.941660166,1,7.65809536,1,-15.98498917,1,-1.313372612,1,-4.960736275,1,2.158842564,1,0.386645913,0,-0.26316765,0,-1.774979115,0
90.59770966,-3.995236397,1,11.03972054,1,-14.76087189,1,-0.970741868,1,-5.328901291,1,2.483015299,1,0.381696492,0,-0.28588742,0,-1.774009943,0
90.60171509,-2.324300289,1,9.346545219,1,-16.89763832,1,-0.667232156,1,-5.70993185,1,2.697646856,1,0.378136158,0,-0.310204268,0,-1.772494793,0
90.60571289,-12.97654438,1,9.277874947,1,-17.11441994,1,-0.551311195,1,-5.919414043,1,2.942435741,1,0.375065982,0,-0.336142898,0,-1.770471811,0
90.60971069,-21.83992767,1,3.928516865,1,-21.01057243,1,-0.366752267,1,-5.578817368,1,2.852310658,1,0.372354209,0,-0.361885518,0,-1.767903566,0
90.6137085,-23.65633965,1,2.727410078,1,-20.72676659,1,-0.150224522,1,-5.047974586,1,2.743191242,1,0.370287299,0,-0.38577038,0,-1.765005589,0
90.61771393,-27.41126251,1,-0.207368478,1,-18.71410942,1,-0.054874431,1,-4.530635357,1,2.63873148,1,0.368499875,0,-0.407526791,0,-1.761602283,0
90.62171173,-29.19346428,1,-4.099862576,1,-17.02271652,1,0.054775674,1,-3.920885563,1,2.482340336,1,0.367036045,0,-0.426932871,0,-1.757827878,0
90.62570953,-29.71302605,1,-6.405636311,1,-13.28355217,1,0.028410429,1,-3.322325945,1,2.326553822,1,0.365451455,0,-0.443946362,0,-1.753626227,0
90.62971497,-25.1076107,1,-9.159338951,1,-10.49872875,1,-0.052659456,1,-2.783672571,1,2.068254232,1,0.36358887,0,-0.458414197,0,-1.749346256,0
90.63371277,-21.71275902,1,-9.693067551,1,-7.604944706,1,-0.265805483,1,-2.341915607,1,1.84282279,1,0.361090183,0,-0.470795333,0,-1.745197177,0
90.63771057,-16.31547737,1,-9.509123802,1,-7.061249256,1,-0.373868644,1,-2.080147266,1,1.611885428,1,0.358099014,0,-0.48145026,0,-1.741451979,0
90.64170837,-12.66295433,1,-8.437602997,1,-7.103290558,1,-0.581962466,1,-1.837233186,1,1.547816634,1,0.354519725,0,-0.490984708,0,-1.737879038,0
90.64570618,-6.766273499,1,-6.860232353,1,-7.16804266,1,-0.756812215,1,-1.664534092,1,1.496050715,1,0.350033194,0,-0.499613166,0,-1.734117746,0
90.64971161,-4.326458931,1,-5.918642998,1,-7.852530479,1,-0.858400285,1,-1.66790688,1,1.510829091,1,0.344972849,0,-0.507922113,0,-1.730291367,0
90.65370941,-6.775192738,1,-4.914081573,1,-8.806938171,1,-1.0109905,1,-1.527501345,1,1.525632262,1,0.339180022,0,-0.516026974,0,-1.726168036,0
90.65770721,-7.622813225,1,-3.489366531,1,-8.854052544,1,-1.036685824,1,-1.306638956,1,1.529912949,1,0.332874954,0,-0.523408115,0,-1.721697092,0
90.66170502,-13.60092354,1,-5.183129311,1,-9.435314178,1,-1.18680656,1,-0.970293701,1,1.554700136,1,0.325892746,0,-0.529778659,0,-1.716617107,0
90.66571045,-13.33451557,1,-6.997177124,1,-8.26644516,1,-1.219711781,1,-0.591662407,1,1.391739964,1,0.31831941,0,-0.534550607,0,-1.711250305,0
90.66970825,-10.58528042,1,-8.39680481,1,-8.622375488,1,-1.321056604,1,-0.397199303,1,1.282420039,1,0.31061101,0,-0.538076937,0,-1.706045389,0
90.67370606,-7.074429989,1,-8.869752884,1,-7.853475094,1,-1.367486358,1,-0.348040223,1,1.178337336,1,0.302705824,0,-0.540914476,0,-1.701103568,0
90.67771149,-3.229393244,1,-8.466861725,1,-8.54990387,1,-1.459050655,1,-0.453952938,1,1.145670176,1,0.294649541,0,-0.543794155,0,-1.696473718,0
90.68170929,-3.858964205,1,-5.961364269,1,-10.84840012,1,-1.461223006,1,-0.555573404,1,1.153341651,1,0.286469579,0,-0.547078967,0,-1.692012191,0
90.68570709,-5.292291641,1,-2.563745975,1,-11.09703636,1,-1.374108315,1,-0.508374155,1,1.204280019,1,0.278381884,0,-0.550442278,0,-1.687410951,0
90.6897049,-8.177314758,1,-1.929107189,1,-10.4360714,1,-1.291246414,1,-0.411517888,1,1.255768418,1,0.270442814,0,-0.553563952,0,-1.682414651,0
90.69371033,-7.815028191,1,-2.878139257,1,-8.670063972,1,-1.188849688,1,-0.369350672,1,1.163036942,1,0.260702074,0,-0.55649066,0,-1.679958463,0
90.69770813,-6.172942162,1,-3.090470076,1,-8.68503952,1,-1.12349081,1,-0.400313199,1,1.038093567,1,0.253687203,0,-0.559086084,0,-1.675421119,0
90.70172119,-4.564862251,1,-1.710143805,1,-9.091127396,1,-1.067689061,1,-0.460570186,1,0.978348315,1,0.247121796,0,-0.561763048,0,-1.67131567,0
90.70571899,-4.387130737,1,-1.392173529,1,-9.1416502,1,-1.007777691,1,-0.471873611,1,0.914452255,1,0.240941301,0,-0.564480901,0,-1.667523861,0
90.70970917,-5.896103382,1,-1.534957528,1,-8.923128128,1,-0.942600191,1,-0.50045687,1,0.849539697,1,0.235139519,0,-0.567223907,0,-1.66399312,0
90.71372223,-6.740233421,1,-1.619954944,1,-9.141657829,1,-0.875219464,1,-0.481360734,1,0.763494313,1,0.229769751,0,-0.569884777,0,-1.660790801,0
90.71772003,-5.608194828,1,-1.480675697,1,-9.201592445,1,-0.809311748,1,-0.489350021,1,0.694189966,1,0.224859059,0,-0.572431445,0,-1.657938838,0
90.72171783,-5.639571667,1,-0.781558275,1,-9.517287254,1,-0.736804307,1,-0.508507431,1,0.633431554,1,0.220388472,0,-0.574965715,0,-1.655379057,0
90.72571564,-5.552297115,1,-0.714191675,1,-9.113935471,1,-0.680196524,1,-0.50969559,1,0.600359678,1,0.216276482,0,-0.577498198,0,-1.653025389,0
90.72970581,-5.723747253,1,-1.864220142,1,-8.777173996,1,-0.65182668,1,-0.479816437,1,0.577992678,1,0.212395042,0,-0.579935133,0,-1.650776863,0
90.73371887,-5.28085947,1,-3.491985083,1,-8.079395294,1,-0.664181948,1,-0.446450174,1,0.560116947,1,0.208573475,0,-0.582216859,0,-1.648591161,0
90.73771668,-6.047405243,1,-4.694296837,1,-7.826751709,1,-0.719062507,1,-0.410094827,1,0.56093955,1,0.204607129,0,-0.584357738,0,-1.646386862,0
90.74171448,-6.114703655,1,-4.000221729,1,-7.48029995,1,-0.7480793,1,-0.343807936,1,0.55582118,1,0.200409532,0,-0.58628267,0,-1.644102097,0
90.74571228,-5.709141731,1,-2.462981701,1,-8.272047043,1,-0.758918285,1,-0.328140169,1,0.538665295,1,0.196102202,0,-0.58802408,0,-1.641826987,0
90.74971771,-5.257847309,1,-0.91405648,1,-8.870404243,1,-0.733925223,1,-0.32273683,1,0.490801752,1,0.191932335,0,-0.589687347,0,-1.639702678,0
90.75371552,-5.199337959,1,-0.276903182,1,-8.792450905,1,-0.681355,1,-0.316335499,1,0.450164467,1,0.188016608,0,-0.591303647,0,-1.63776195,0
90.75771332,-5.281067371,1,-1.05783546,1,-8.590908051,1,-0.645912409,1,-0.316100955,1,0.398995936,1,0.184395745,0,-0.59285599,0,-1.636018753,0
90.76171875,-5.12193346,1,-0.987011075,1,-8.571412086,1,-0.604894876,1,-0.305469066,1,0.346881151,1,0.181059241,0,-0.594344735,0,-1.63452971,0
90.76571655,-5.31101656,1,-0.690880954,1,-8.681328773,1,-0.554739475,1,-0.305759788,1,0.304721981,1,0.178004175,0,-0.595785618,0,-1.633232951,0
90.76971436,-4.928966522,1,-0.828953683,1,-8.841597557,1,-0.506051958,1,-0.306625187,1,0.256742924,1,0.175275102,0,-0.59718734,0,-1.632151365,0
90.77371216,-4.556141853,1,-1.115996599,1,-9.206303596,1,-0.480542064,1,-0.325610846,1,0.220323145,1,0.172823101,0,-0.598588645,0,-1.631290436,0
90.77770996,-4.694941521,1,-1.13959074,1,-9.21038723,1,-0.444774568,1,-0.336279154,1,0.190145046,1,0.170586854,0,-0.60003978,0,-1.630593657,0
90.78171539,-4.807683468,1,-1.256619573,1,-9.067872047,1,-0.415596604,1,-0.352123111,1,0.180929735,1,0.168530717,0,-0.601527452,0,-1.6299932,0
90.7857132,-5.112572193,1,-1.690197587,1,-8.796100616,1,-0.389707595,1,-0.352759689,1,0.176427945,1,0.166611031,0,-0.603036702,0,-1.629436851,0
90.789711,-5.702581406,1,-2.559306622,1,-8.421795845,1,-0.387722135,1,-0.354936391,1,0.182806283,1,0.164724052,0,-0.604563594,0,-1.628835678,0
90.7937088,-5.71692276,1,-2.898128986,1,-8.068984032,1,-0.400237471,1,-0.337054819,1,0.199503481,1,0.162791967,0,-0.606046259,0,-1.628189683,0
90.79771423,-5.746372223,1,-3.020859718,1,-7.790893555,1,-0.409933835,1,-0.318593264,1,0.218189642,1,0.160747468,0,-0.607483685,0,-1.627435803,0
90.80171204,-5.777945042,1,-2.636562824,1,-7.908195972,1,-0.429176301,1,-0.292021036,1,0.23459433,1,0.158581689,0,-0.608821034,0,-1.626583099,0
90.80570984,-5.251001358,1,-2.583248377,1,-8.200864792,1,-0.442989171,1,-0.31214124,1,0.263983518,1,0.156285539,0,-0.610167027,0,-1.62560904,0
90.80971527,-5.459786415,1,-2.295188427,1,-8.164175034,1,-0.457868159,1,-0.309855372,1,0.265165716,1,0.153886274,0,-0.611563265,0,-1.624558806,0
90.81371307,-4.999091148,1,-1.449907541,1,-8.423066139,1,-0.43040055,1,-0.307998925,1,0.262303859,1,0.151505336,0,-0.612950563,0,-1.623509645,0
90.81771851,-4.876264095,1,-1.340199828,1,-8.680596352,1,-0.408722341,1,-0.321109354,1,0.265099406,1,0.149232104,0,-0.614350796,0,-1.622461319,0
90.82171631,-4.981171608,1,-1.483533859,1,-8.760529518,1,-0.395703018,1,-0.343243212,1,0.258640915,1,0.147018909,0,-0.615825415,0,-1.621421576,0
90.82571411,-4.814576626,1,-1.312852025,1,-8.732925415,1,-0.362973273,1,-0.376791954,1,0.254521579,1,0.144913912,0,-0.617396593,0,-1.620435357,0
90.82971191,-4.687200546,1,-1.250776052,1,-9.059494019,1,-0.308589667,1,-0.416860461,1,0.255422056,1,0.143020764,0,-0.619108856,0,-1.619471073,0
90.83371735,-4.727829933,1,-1.573772192,1,-9.127436638,1,-0.292791247,1,-0.456217319,1,0.252484083,1,0.141276389,0,-0.620973647,0,-1.61853528,0
90.83771515,-4.679838181,1,-1.946670651,1,-9.087733269,1,-0.295397192,1,-0.496063799,1,0.245151296,1,0.139589444,0,-0.622997463,0,-1.61765635,0
90.84171295,-4.62491703,1,-1.83426857,1,-9.101064682,1,-0.292515099,1,-0.535871148,1,0.243028075,1,0.137917668,0,-0.625170469,0,-1.616810799,0
90.84571838,-4.665313244,1,-1.791000485,1,-9.17082119,1,-0.269170791,1,-0.586767316,1,0.254803777,1,0.136314645,0,-0.627535522,0,-1.615978003,0
90.84971619,-5.087649822,1,-1.70216608,1,-9.358387947,1,-0.27210781,1,-0.637903988,1,0.263755083,1,0.13471815,0,-0.630097687,0,-1.615111113,0
90.85371399,-4.729985714,1,-1.80585897,1,-9.012787819,1,-0.265438944,1,-0.675453365,1,0.273084521,1,0.133110449,0,-0.632849574,0,-1.614220142,0
90.85771179,-4.854186058,1,-1.826861978,1,-8.970166206,1,-0.261809558,1,-0.72099632,1,0.284450203,1,0.13151373,0,-0.635775268,0,-1.613310099,0
90.8617096,-4.951717377,1,-1.813663721,1,-9.024583817,1,-0.271957576,1,-0.759597182,1,0.292136163,1,0.129883558,0,-0.63885653,0,-1.612360239,0
90.86571503,-5.086301327,1,-1.90503037,1,-8.88123703,1,-0.277997643,1,-0.797945082,1,0.30154705,1,0.128207996,0,-0.642102718,0,-1.611392617,0
90.86971283,-5.204378128,1,-1.931519389,1,-8.811559677,1,-0.28815034,1,-0.834186077,1,0.308851629,1,0.126467779,0,-0.645504594,0,-1.610394359,0
90.87371063,-5.254382133,1,-1.376830697,1,-8.831997871,1,-0.273909926,1,-0.859716475,1,0.309425265,1,0.124719813,0,-0.649020612,0,-1.609378457,0
90.87770844,-5.054788113,1,-1.371786356,1,-8.78408432,1,-0.246094078,1,-0.889137149,1,0.323504061,1,0.123057604,0,-0.652637303,0,-1.608336329,0
90.88171387,-5.029588699,1,-1.662890434,1,-8.732992172,1,-0.253985792,1,-0.918484867,1,0.327717274,1,0.121419527,0,-0.656380773,0,-1.607263327,0
90.88571167,-5.155880451,1,-1.673767686,1,-8.648269653,1,-0.255837202,1,-0.952195764,1,0.335003585,1,0.119740516,0,-0.660259128,0,-1.60616982,0
90.88970947,-5.441754818,1,-1.604747176,1,-8.538563728,1,-0.271581501,1,-0.970373094,1,0.344682157,1,0.117996566,0,-0.664237499,0,-1.605045199,0
90.89370728,-5.343320847,1,-1.676550508,1,-8.250138283,1,-0.283025473,1,-0.982492149,1,0.353068441,1,0.11615321,0,-0.668284476,0,-1.603853226,0
90.89770508,-5.498128891,1,-1.635848284,1,-8.144609451,1,-0.279286057,1,-1.001937032,1,0.355867207,1,0.114275821,0,-0.672394454,0,-1.602643371,0
90.90171051,-5.540682316,1,-1.762329817,1,-7.9101758,1,-0.265992552,1,-1.002089381,1,0.364408225,1,0.112409085,0,-0.676540017,0,-1.601399183,0
90.90570831,-5.524732113,1,-1.783005476,1,-7.833393097,1,-0.253991932,1,-1.004009843,1,0.374151856,1,0.110546909,0,-0.680689394,0,-1.600089073,0
90.90970612,-5.70253706,1,-1.88571775,1,-7.76274538,1,-0.233174622,1,-0.997236967,1,0.381440431,1,0.108713202,0,-0.68483007,0,-1.598720908,0
90.91370392,-5.50894022,1,-2.158720016,1,-7.539329529,1,-0.234756589,1,-0.996699214,1,0.397938818,1,0.106853671,0,-0.688959718,0,-1.597265124,0
90.91770935,-5.683004379,1,-2.143667936,1,-7.529195309,1,-0.242619067,1,-0.988712668,1,0.400098205,1,0.104929656,0,-0.693073452,0,-1.595745921,0
90.92170715,-5.813764095,1,-2.071593761,1,-7.526807308,1,-0.254081011,1,-0.966340482,1,0.420891523,1,0.102917433,0,-0.697141349,0,-1.594150901,0
90.92570496,-3.127726078,1,1.486739397,1,-3.449416876,1,-0.098295413,1,-0.98392117,1,0.314841658,1,0.101020075,0,-0.700781345,0,-1.592800498,0
90.92971039,-9.160571098,1,-0.984800935,1,-10.40772152,1,-0.036318433,1,-0.944186687,1,0.459834844,1,0.099825367,0,-0.705040455,0,-1.591266513,0
90.93370819,-5.308219433,1,-3.906371355,1,-5.261611462,1,-0.256762326,1,-0.962246835,1,0.448653221,1,0.09797933,0,-0.708990812,0,-1.589320302,0
90.93771362,-5.985739231,1,-3.032895565,1,-7.597115993,1,-0.301614821,1,-0.965856969,1,0.405265808,1,0.095682703,0,-0.71300137,0,-1.58757329,0
90.94171143,-5.381382465,1,-0.399296463,1,-7.706292629,1,-0.26502189,1,-0.934496284,1,0.459189773,1,0.117263742,0,-0.685118377,0,-1.658029675,0
90.94570923,-5.603610992,1,-1.277185321,1,-7.272780895,1,-0.24138613,1,-0.937010765,1,0.481966376,1,0.113049582,0,-0.688596487,0,-1.67002511,0
90.94970703,-6.326174259,1,-2.056949854,1,-7.073953629,1,-0.242302001,1,-0.936062574,1,0.461122483,1,0.110901564,0,-0.692542136,0,-1.668136358,0
90.95371246,-6.407782078,1,-1.81300211,1,-7.046566486,1,-0.264273643,1,-0.921482861,1,0.480090052,1,0.108663812,0,-0.69643712,0,-1.666236639,0
90.95771027,-6.180531025,1,-1.568072319,1,-7.246976376,1,-0.281584233,1,-0.900474131,1,0.503868043,1,0.106250651,0,-0.700271249,0,-1.664183021,0
90.96170807,-5.902613163,1,-1.75027287,1,-7.134190083,1,-0.274771959,1,-0.892670333,1,0.517280638,1,0.103748038,0,-0.704046667,0,-1.662015319,0
90.96570587,-6.04937458,1,-2.07446003,1,-7.119292259,1,-0.275676727,1,-0.894156456,1,0.539887667,1,0.101164766,0,-0.707815528,0,-1.659745216,0
90.96970367,-6.260233402,1,-2.018848658,1,-7.135004997,1,-0.286916196,1,-0.881099522,1,0.556775749,1,0.098455951,0,-0.71157819,0,-1.657327652,0
90.97370911,-6.175485134,1,-1.964262366,1,-7.101724625,1,-0.303801268,1,-0.870161831,1,0.581458509,1,0.095603146,0,-0.715284288,0,-1.654777646,0
90.97770691,-6.120693207,1,-1.855454683,1,-7.24227047,1,-0.314134389,1,-0.867734313,1,0.589777112,1,0.092608966,0,-0.718965948,0,-1.652118087,0
90.98170471,-6.038663864,1,-1.712081671,1,-7.235516548,1,-0.330822647,1,-0.864401996,1,0.603447437,1,0.089511745,0,-0.722630382,0,-1.649364233,0
90.98571014,-6.076256752,1,-1.663968444,1,-7.283482552,1,-0.33316192,1,-0.860908568,1,0.61011827,1,0.086323075,0,-0.726276755,0,-1.646544576,0
90.98970795,-6.107473373,1,-1.387024641,1,-7.365540981,1,-0.339357018,1,-0.864433825,1,0.624308646,1,0.083028324,0,-0.729932189,0,-1.643636107,0
90.99370575,-6.163073063,1,-1.080150723,1,-7.415572166,1,-0.343218297,1,-0.870850623,1,0.635314643,1,0.07966394,0,-0.733587444,0,-1.640651703,0
90.99770355,-6.156219959,1,-0.914464116,1,-7.469923496,1,-0.333372712,1,-0.870795727,1,0.641827643,1,0.076262124,0,-0.737264156,0,-1.63759768,0
91.00170898,-6.222858906,1,-0.999933898,1,-7.488824844,1,-0.343715072,1,-0.883052766,1,0.643473744,1,0.072802752,0,-0.740962684,0,-1.634488821,0
91.00570679,-6.147155762,1,-0.951539397,1,-7.51347208,1,-0.348377138,1,-0.898333728,1,0.642235518,1,0.069308877,0,-0.744693279,0,-1.631354094,0
91.00970459,-6.030558109,1,-0.897824585,1,-7.562075615,1,-0.340184659,1,-0.909154832,1,0.650592268,1,0.065770678,0,-0.748476565,0,-1.628174424,0
91.01370239,-6.077088833,1,-1.002289772,1,-7.619251251,1,-0.337072134,1,-0.927248955,1,0.652022362,1,0.062205777,0,-0.752316833,0,-1.62493968,0
91.0177002,-5.996961117,1,-1.222100496,1,-7.654147625,1,-0.340728313,1,-0.953442395,1,0.656717539,1,0.058607519,0,-0.756236196,0,-1.621659875,0
91.02170563,-6.019600868,1,-1.129895449,1,-7.663219452,1,-0.343382895,1,-0.976593673,1,0.662105441,1,0.054942355,0,-0.760232449,0,-1.618323445,0
91.02570343,-6.108520508,1,-0.901570916,1,-7.684353352,1,-0.343661636,1,-1.009937882,1,0.680688858,1,0.051203955,0,-0.764341593,0,-1.614910364,0
91.02970123,-6.142882347,1,-0.639379859,1,-7.755064011,1,-0.343809217,1,-1.042061329,1,0.684909821,1,0.04739961,0,-0.768574297,0,-1.611400723,0
91.03369904,-6.101893425,1,-0.471072972,1,-7.902113438,1,-0.327346027,1,-1.080596566,1,0.692227423,1,0.043572169,0,-0.772939026,0,-1.607829452,0
91.03770447,-5.975182533,1,-0.61169821,1,-7.907953739,1,-0.324078292,1,-1.111068606,1,0.696317971,1,0.039735336,0,-0.777428091,0,-1.604205608,0
91.04170227,-5.919863224,1,-0.832553208,1,-8.070013046,1,-0.338631451,1,-1.149169564,1,0.694166064,1,0.035825588,0,-0.782051682,0,-1.60052073,0
91.04570007,-5.851772785,1,-0.931658089,1,-8.208285332,1,-0.350382775,1,-1.196677327,1,0.690336287,1,0.031857122,0,-0.786846638,0,-1.596844554,0
91.04970551,-5.831458092,1,-0.903108299,1,-8.240656853,1,-0.376247525,1,-1.245567203,1,0.701549828,1,0.027746823,0,-0.791807652,0,-1.593109488,0
91.05370331,-6.000876427,1,-0.897156894,1,-8.20836544,1,-0.398761779,1,-1.299873233,1,0.7075454,1,0.023474269,0,-0.79696852,0,-1.589282513,0
91.05770874,-5.966107368,1,-0.951277077,1,-8.221452713,1,-0.405991524,1,-1.352534771,1,0.71864289,1,0.019054132,0,-0.802338839,0,-1.585360289,0
91.06170654,-6.088999748,1,-1.071943402,1,-8.315008163,1,-0.418024004,1,-1.41067636,1,0.736846745,1,0.014469271,0,-0.80791223,0,-1.581289172,0
91.06570435,-5.901388645,1,-1.183234215,1,-8.465554237,1,-0.421239614,1,-1.474600554,1,0.759830594,1,0.009715142,0,-0.813722074,0,-1.577047825,0
91.06970215,-5.613466263,1,-1.334650517,1,-8.525967598,1,-0.419706285,1,-1.552242041,1,0.787233353,1,0.004787268,0,-0.819800138,0,-1.572601557,0
91.07370758,-5.589640141,1,-1.407145858,1,-8.646206856,1,-0.428793788,1,-1.643245459,1,0.829069376,1,-0.0003998,0,-0.826205552,0,-1.567841411,0
91.07770538,-5.756886959,1,-1.411670923,1,-8.622200966,1,-0.438381493,1,-1.736903548,1,0.866781235,1,-0.005860047,0,-0.832962751,0,-1.562783837,0
91.08170319,-5.807926178,1,-1.35725379,1,-8.658026695,1,-0.455855906,1,-1.832191229,1,0.907801986,1,-0.011646483,0,-0.840071142,0,-1.557395101,0
91.08570862,-5.664657593,1,-1.395063639,1,-8.844837189,1,-0.470069647,1,-1.930355668,1,0.946528852,1,-0.017793417,0,-0.847538352,0,-1.551644802,0
91.08970642,-5.734359741,1,-1.584613204,1,-8.992574692,1,-0.505643368,1,-2.035095692,1,0.995487094,1,-0.02436249,0,-0.855400205,0,-1.545495272,0
91.09370422,-5.993135452,1,-1.991834164,1,-8.952897072,1,-0.560706735,1,-2.13539362,1,1.037310004,1,-0.031481799,0,-0.863620341,0,-1.538910508,0
91.09770966,-5.852306366,1,-2.373477697,1,-8.785132408,1,-0.63988173,1,-2.234654903,1,1.089942575,1,-0.039280701,0,-0.872205138,0,-1.531842828,0
91.10170746,-5.902227402,1,-2.567581415,1,-8.833193779,1,-0.724905729,1,-2.339374781,1,1.15380311,1,-0.047858715,0,-0.88116312,0,-1.52423048,0
91.10570526,-5.738656521,1,-2.51753974,1,-8.905519485,1,-0.793049991,1,-2.457321882,1,1.215767145,1,-0.057304926,0,-0.890493751,0,-1.515966892,0
91.10970306,-5.551841736,1,-2.129139423,1,-8.993573189,1,-0.832223952,1,-2.577305317,1,1.280015469,1,-0.067568928,0,-0.900223255,0,-1.506991744,0
91.11370087,-5.776213169,1,-1.866269708,1,-9.159553528,1,-0.852043331,1,-2.710534573,1,1.346566081,1,-0.078590564,0,-0.910391092,0,-1.497259617,0
91.1177063,-6.125901222,1,-1.651477456,1,-9.447037697,1,-0.854744136,1,-2.843705177,1,1.406768799,1,-0.090359688,0,-0.920988917,0,-1.486717463,0
91.1217041,-6.026580334,1,-1.571485043,1,-9.786167145,1,-0.871432602,1,-3.001810312,1,1.478270173,1,-0.10296768,0,-0.932058215,0,-1.475273132,0
91.1257019,-5.857168198,1,-1.707130671,1,-10.10557652,1,-0.899445057,1,-3.166302681,1,1.555758476,1,-0.116557725,0,-0.943642795,0,-1.462804556,0
91.12969971,-5.858531952,1,-1.959052324,1,-10.48557568,1,-0.938547254,1,-3.37312007,1,1.650705934,1,-0.131372899,0,-0.955834925,0,-1.449100852,0
91.13370514,-5.969111443,1,-2.593836546,1,-10.91285133,1,-0.997495532,1,-3.581428766,1,1.740092993,1,-0.147646397,0,-0.968655944,0,-1.433984756,0
91.13770294,-6.270807743,1,-2.955649137,1,-11.48021126,1,-1.068114877,1,-3.820465326,1,1.854805827,1,-0.165676311,0,-0.98216337,0,-1.417199135,0
91.14170075,-6.068795681,1,-3.560476542,1,-12.23644257,1,-1.125540257,1,-4.067251205,1,1.964565754,1,-0.185681477,0,-0.996356428,0,-1.398508668,0
91.14570618,-6.273543358,1,-4.217490196,1,-13.07319546,1,-1.211789966,1,-4.332563877,1,2.074100733,1,-0.207959637,0,-1.011264682,0,-1.377627373,0
91.14970398,-7.04507637,1,-5.086663723,1,-13.88938522,1,-1.327984333,1,-4.587169647,1,2.193943262,1,-0.23290354,0,-1.026816964,0,-1.354293585,0
91.15370178,-7.77553606,1,-6.189741135,1,-14.35157681,1,-1.48558867,1,-4.826705933,1,2.320709229,1,-0.260985315,0,-1.042864799,0,-1.328164577,0
91.15769959,-9.343158722,1,-6.926215172,1,-14.63921165,1,-1.689095259,1,-5.035713196,1,2.460504293,1,-0.292846441,0,-1.059249163,0,-1.298761368,0
91.16169739,-11.04074097,1,-7.992961884,1,-14.35124779,1,-1.924467683,1,-5.196648121,1,2.600517511,1,-0.328920484,0,-1.075649381,0,-1.265819788,0
91.16570282,-13.2652626,1,-8.882382393,1,-14.79795265,1,-2.187622547,1,-5.285428047,1,2.759589911,1,-0.369711041,0,-1.091709137,0,-1.228963614,0
91.16970062,-13.44682884,1,-9.965735435,1,-14.85594273,1,-2.476912975,1,-5.311497688,1,2.957419872,1,-0.415625185,0,-1.106919169,0,-1.187901378,0
91.17370606,-12.10573292,1,-10.33159637,1,-14.99365997,1,-2.775390387,1,-5.406027794,1,3.179630041,1,-0.467302024,0,-1.121043444,0,-1.142029881,0
91.17770386,-12.78705788,1,-10.05962658,1,-16.07785416,1,-3.025797129,1,-5.492037296,1,3.381514311,1,-0.525167704,0,-1.133975863,0,-1.090841293,0
91.18170929,-13.74723625,1,-9.205184937,1,-16.30489349,1,-3.182560205,1,-5.548414707,1,3.486295462,1,-0.588384509,0,-1.145456195,0,-1.034973264,0
91.18570709,-16.41917419,1,-7.734168053,1,-16.22298431,1,-3.230393648,1,-5.503231049,1,3.585518599,1,-0.655736268,0,-1.155217767,0,-0.975240171,0
91.1897049,-18.51682472,1,-7.827905655,1,-16.02304649,1,-3.287816525,1,-5.387487411,1,3.68589282,1,-0.726266086,0,-1.162752748,0,-0.912505865,0
91.1937027,-19.72731781,1,-8.373103142,1,-14.25925446,1,-3.38321209,1,-5.243115425,1,3.760683775,1,-0.798488915,0,-1.169242859,0,-0.86445117,0
91.1977005,-21.52467537,1,-8.124333382,1,-14.22869205,1,-3.464833736,1,-5.051203728,1,3.807499409,1,-0.872398376,0,-1.171856642,0,-0.799079835,0
91.20170593,-21.001791,1,-7.692103386,1,-12.43811512,1,-3.546056271,1,-4.871557236,1,3.8778615,1,-0.945899487,0,-1.17193222,0,-0.734537005,0
91.20570374,-19.51238441,1,-7.898313522,1,-11.05139446,1,-3.633723497,1,-4.743963718,1,3.993767738,1,-1.018740177,0,-1.169498682,0,-0.671049654,0
91.20970154,-17.9627037,1,-7.552940369,1,-9.619261742,1,-3.739729643,1,-4.635830879,1,4.074062824,1,-1.090385079,0,-1.164716482,0,-0.60919404,0
91.21369934,-17.72616005,1,-6.358362198,1,-9.130187988,1,-3.747694731,1,-4.448729992,1,4.003936291,1,-1.159301639,0,-1.157962441,0,-0.550445616,0
91.21770477,-14.1936512,1,-4.787166595,1,-7.260304451,1,-3.664130449,1,-4.151103497,1,3.943230629,1,-1.223503709,0,-1.149594545,0,-0.496436238,0
91.22170258,-9.371496201,1,-3.845672369,1,-6.750827312,1,-3.616122723,1,-3.836679697,1,3.817145586,1,-1.28226006,0,-1.139802694,0,-0.447915047,0
91.22570038,-9.409146309,1,-4.696109772,1,-6.082922935,1,-3.603572369,1,-3.461445332,1,3.653465748,1,-1.335128069,0,-1.129189253,0,-0.405452281,0
91.22970581,-15.07159996,1,-5.732956886,1,-6.249917984,1,-3.669301033,1,-3.231321096,1,3.416603565,1,-1.383151531,0,-1.118104935,0,-0.368356615,0
91.23370361,-20.03212547,1,-4.76405859,1,-8.059548378,1,-3.511124372,1,-2.857335567,1,2.978631258,1,-1.42642951,0,-1.107502818,0,-0.336179823,0
91.23770142,-17.05975151,1,-2.826910734,1,-11.02923203,1,-3.218049526,1,-2.274380445,1,2.58494401,1,-1.462818623,0,-1.097756863,0,-0.310519576,0
91.24169922,-15.91284084,1,-2.112652063,1,-11.07282066,1,-2.88095355,1,-1.807024479,1,2.300405025,1,-1.492357612,0,-1.088853002,0,-0.291007042,0
91.24569702,-24.02419281,1,0.546845078,1,-12.31134987,1,-2.423582792,1,-1.413637996,1,2.023488283,1,-1.51636672,0,-1.080547333,0,-0.275930643,0
91.24970245,-29.91301155,1,-0.713301241,1,-15.69813633,1,-1.938720107,1,-0.588747978,1,1.576286674,1,-1.533254027,0,-1.073586106,0,-0.266555041,0
91.25370026,-19.5605545,1,-4.859566689,1,-14.17964172,1,-1.84722209,1,0.25504306,1,1.243205667,1,-1.542186975,0,-1.067989826,0,-0.264954597,0
91.25769806,-9.472838402,1,-6.619880199,1,-10.96393967,1,-1.729572773,1,0.727235317,1,0.974609196,1,-1.545838594,0,-1.063520908,0,-0.268980354,0
91.26169586,-7.751543522,1,-7.631663799,1,-8.594024658,1,-1.591462493,1,0.921933293,1,0.828349531,1,-1.546670556,0,-1.059877396,0,-0.275600523,0
91.26570129,-10.01910019,1,-7.349102974,1,-9.186318398,1,-1.616511703,1,1.157132149,1,0.744555175,1,-1.545868278,0,-1.056635499,0,-0.28383255,0
91.2696991,-9.433033943,1,-7.279719353,1,-9.340463638,1,-1.734454989,1,1.430662513,1,0.66459012,1,-1.543524504,0,-1.053683758,0,-0.294221491,0
91.2736969,-7.343643665,1,-7.063335896,1,-8.23879528,1,-1.849555731,1,1.591075778,1,0.616695464,1,-1.540216923,0,-1.050948262,0,-0.306294501,0
91.27770233,-5.677491665,1,-6.696090221,1,-7.209340096,1,-1.917627573,1,1.656042576,1,0.577140093,1,-1.536548257,0,-1.048348546,0,-0.319218606,0
91.28170013,-5.025062084,1,-6.440570831,1,-6.716387272,1,-1.96878612,1,1.723938942,1,0.541457117,1,-1.532769084,0,-1.045865178,0,-0.332557559,0
91.28569794,-4.485627651,1,-6.288117886,1,-6.327029228,1,-2.023296356,1,1.806574464,1,0.498862207,1,-1.528764009,0,-1.043497205,0,-0.346425116,0
91.28969574,-4.224508762,1,-6.109435558,1,-5.958676338,1,-2.077162743,1,1.884272456,1,0.454969704,1,-1.52449882,0,-1.041267633,0,-0.360868037,0
91.29370117,-4.542172909,1,-6.118028164,1,-5.900124073,1,-2.125572681,1,1.964389801,1,0.400645852,1,-1.519954205,0,-1.03918004,0,-0.375883758,0
91.29769898,-4.964673996,1,-6.351580143,1,-5.827577591,1,-2.177337646,1,2.078784227,1,0.341660738,1,-1.514995098,0,-1.037259936,0,-0.391625494,0
91.30170441,-4.986548901,1,-6.513458252,1,-5.678226948,1,-2.230011702,1,2.216658592,1,0.292446882,1,-1.509456754,0,-1.035492659,0,-0.408312708,0
91.30570221,-4.720751286,1,-6.665859222,1,-5.472283363,1,-2.292500734,1,2.356583357,1,0.23004052,1,-1.503264785,0,-1.033859134,0,-0.426038891,0
91.30970001,-4.38276577,1,-6.751258373,1,-5.307825089,1,-2.342890739,1,2.492664337,1,0.172217816,1,-1.496408939,0,-1.032366991,0,-0.444808483,0
91.31370544,-4.080050468,1,-6.687371731,1,-5.132770538,1,-2.392493486,1,2.62769556,1,0.10638357,1,-1.488901854,0,-1.031010628,0,-0.464590669,0
91.31770325,-3.875009298,1,-6.659784794,1,-4.969942093,1,-2.429944754,1,2.747368813,1,0.039970756,1,-1.480739236,0,-1.029791355,0,-0.485357374,0
91.32170105,-3.937502623,1,-6.495481014,1,-4.883965015,1,-2.450644732,1,2.882252932,1,-0.027379299,1,-1.471863031,0,-1.028703451,0,-0.507100999,0
91.32569885,-3.826298237,1,-6.338097572,1,-4.793216228,1,-2.448265314,1,3.006520987,1,-0.110583015,1,-1.4621979,0,-1.02776134,0,-0.529835105,0
91.32969666,-3.72295785,1,-6.164843082,1,-4.658368111,1,-2.426395178,1,3.130451441,1,-0.20367381,1,-1.451638103,0,-1.02698946,0,-0.553565562,0
91.33370209,-3.595874786,1,-6.097222328,1,-4.462004662,1,-2.38880229,1,3.250156641,1,-0.302197844,1,-1.440148354,0,-1.026391387,0,-0.578266263,0
91.33769989,-3.512025356,1,-6.098093987,1,-4.376896858,1,-2.343204975,1,3.360788345,1,-0.413795948,1,-1.427658677,0,-1.026009321,0,-0.603928208,0
91.34169769,-3.520812988,1,-6.258505821,1,-4.224512577,1,-2.288181067,1,3.466654062,1,-0.529189587,1,-1.414181352,0,-1.025834203,0,-0.630519986,0
91.3456955,-3.560926437,1,-6.391447544,1,-4.082267284,1,-2.233948231,1,3.57123208,1,-0.659166217,1,-1.399666071,0,-1.025879622,0,-0.658067882,0
91.34970093,-3.755630732,1,-6.589420795,1,-4.059280396,1,-2.181732178,1,3.67349124,1,-0.787815034,1,-1.384136796,0,-1.026141047,0,-0.686556578,0
91.35369873,-3.854239464,1,-6.884552002,1,-3.91835475,1,-2.137510538,1,3.768049479,1,-0.928478062,1,-1.367555857,0,-1.026623011,0,-0.716034412,0
91.35769653,-4.057590961,1,-7.177553654,1,-3.87183857,1,-2.105010509,1,3.858558893,1,-1.072830677,1,-1.349969149,0,-1.027322888,0,-0.746501446,0
91.3617096,-4.413269043,1,-7.456102848,1,-3.824558973,1,-2.07630682,1,3.958057404,1,-1.230859637,1,-1.331364512,0,-1.028240442,0,-0.777995229,0
91.3657074,-4.887158871,1,-7.744790077,1,-3.772115469,1,-2.0558393,1,4.061912537,1,-1.387667537,1,-1.31167829,0,-1.029351354,0,-0.810622334,0
91.36969757,-5.462047577,1,-8.02803421,1,-3.709607601,1,-2.0427351,1,4.177565098,1,-1.55275178,1,-1.290812492,0,-1.03062737,0,-0.84451592,0
91.37369537,-5.980839729,1,-8.441133499,1,-3.620876312,1,-2.036151171,1,4.313223362,1,-1.727630615,1,-1.268663645,0,-1.032037735,0,-0.879842222,0
91.37769318,-6.64991045,1,-8.73029995,1,-3.611233234,1,-2.046711922,1,4.450621605,1,-1.903576374,1,-1.245142221,0,-1.033529758,0,-0.916745961,0
91.38170624,-7.104769707,1,-8.967612267,1,-3.57077837,1,-2.063467741,1,4.591302395,1,-2.088213444,1,-1.220222831,0,-1.03506279,0,-0.955302835,0
91.38570404,-7.628865719,1,-9.123514175,1,-3.604463816,1,-2.079996347,1,4.736114979,1,-2.278985977,1,-1.19383955,0,-1.036595345,0,-0.995611727,0
91.38970184,-7.948926449,1,-9.263430595,1,-3.61113143,1,-2.095059395,1,4.88505888,1,-2.471255302,1,-1.165942311,0,-1.038046837,0,-1.037717819,0
91.39369202,-8.311291695,1,-9.272411346,1,-3.557044268,1,-2.107374907,1,5.014834404,1,-2.66174531,1,-1.136524677,0,-1.039365053,0,-1.081615448,0
91.39770508,-8.716863632,1,-9.303832054,1,-3.581218719,1,-2.123434305,1,5.153020382,1,-2.854802847,1,-1.105611801,0,-1.040457726,0,-1.127267122,0
91.40170288,-9.111660004,1,-9.308053017,1,-3.535966873,1,-2.129504442,1,5.277430058,1,-3.037659883,1,-1.073224783,0,-1.041232467,0,-1.174651742,0
91.40570068,-9.199595451,1,-9.340831757,1,-3.376813889,1,-2.121002913,1,5.409199238,1,-3.210298061,1,-1.039393663,0,-1.041593671,0,-1.223692656,0
91.40970612,-9.278309822,1,-9.3388834,1,-3.322095394,1,-2.114048719,1,5.509395123,1,-3.363143206,1,-1.004277825,0,-1.041420817,0,-1.274188519,0
91.41370392,-9.451481819,1,-9.344721794,1,-3.140597105,1,-2.100414038,1,5.595262527,1,-3.503120184,1,-0.968126595,0,-1.040620208,0,-1.325858116,0
91.41770935,-9.347995758,1,-9.436501503,1,-2.958520412,1,-2.07980299,1,5.666745186,1,-3.619400024,1,-0.931150496,0,-1.039094567,0,-1.37842834,0
91.42170715,-9.35084343,1,-9.447021484,1,-2.790951014,1,-2.049227953,1,5.714308739,1,-3.71024847,1,-0.893662274,0,-1.036759853,0,-1.431541324,0
91.42570496,-9.45529747,1,-9.57007885,1,-2.623740673,1,-2.005731106,1,5.745162964,1,-3.773230314,1,-0.855948269,0,-1.033558369,0,-1.484831214,0
91.42970276,-9.530737877,1,-9.609121323,1,-2.559202671,1,-1.953097343,1,5.752778053,1,-3.81993556,1,-0.818337977,0,-1.029445052,0,-1.537898064,0
91.43370819,-9.595731735,1,-9.645309448,1,-2.45644021,1,-1.89376545,1,5.739011765,1,-3.841401339,1,-0.781104684,0,-1.024412036,0,-1.590407372,0
91.43770599,-9.807611465,1,-9.630746841,1,-2.393667221,1,-1.812943697,1,5.729872704,1,-3.843793631,1,-0.744456172,0,-1.01844418,0,-1.642063975,0
91.4417038,-10.07814407,1,-9.741968155,1,-2.358778715,1,-1.71075201,1,5.705636024,1,-3.84367156,1,-0.708544612,0,-1.011569262,0,-1.692630053,0
91.44570923,-10.51259232,1,-9.764410019,1,-2.355075359,1,-1.591957927,1,5.694694042,1,-3.83334589,1,-0.675904214,0,-1.00496769,0,-1.73564136,0
91.44970703,-10.89408493,1,-9.741306305,1,-2.364674568,1,-1.455535173,1,5.687787533,1,-3.814982891,1,-0.641405106,0,-0.996331155,0,-1.783869743,0
91.45370483,-11.12883472,1,-9.709400177,1,-2.408070326,1,-1.29264164,1,5.691668987,1,-3.797754765,1,-0.607667387,0,-0.986779809,0,-1.830746651,0
91.45770264,-11.40725803,1,-9.621798515,1,-2.514291048,1,-1.119401455,1,5.682178497,1,-3.789126396,1,-0.574694812,0,-0.976347804,0,-1.876219869,0
91.46170044,-11.66771317,1,-9.614332199,1,-2.618133545,1,-0.928272128,1,5.672932148,1,-3.777013302,1,-0.542425454,0,-0.965117037,0,-1.920267701,0
91.46570587,-11.8832798,1,-9.641337395,1,-2.732765913,1,-0.724952102,1,5.659761906,1,-3.769832611,1,-0.510864615,0,-0.95310396,0,-1.962853312,0
91.46970367,-12.17206573,1,-9.712625504,1,-2.88772893,1,-0.51341325,1,5.645051003,1,-3.762765884,1,-0.479996413,0,-0.940372527,0,-2.003932476,0
91.47370148,-12.40415382,1,-9.74346447,1,-3.035256624,1,-0.294017255,1,5.635617256,1,-3.766743183,1,-0.449767977,0,-0.926944792,0,-2.043542385,0
91.47769928,-12.52758694,1,-9.865636826,1,-3.13307023,1,-0.079133697,1,5.615143776,1,-3.762498856,1,-0.420116901,0,-0.912889719,0,-2.081742525,0
91.48170471,-12.56102276,1,-9.99724102,1,-3.280791759,1,0.144385919,1,5.582950115,1,-3.781021833,1,-0.391043186,0,-0.898267269,0,-2.118518591,0
91.48570252,-12.69560242,1,-10.10319996,1,-3.441214323,1,0.361365706,1,5.534378529,1,-3.783587694,1,-0.362532437,0,-0.883155465,0,-2.153888702,0
91.48970032,-12.86774254,1,-10.2603178,1,-3.62945056,1,0.564658642,1,5.483434677,1,-3.797751188,1,-0.334581941,0,-0.867622674,0,-2.187880754,0
91.49370575,-13.15341282,1,-10.32435036,1,-3.822556019,1,0.768885672,1,5.41862154,1,-3.810483932,1,-0.307166219,0,-0.85173285,0,-2.220539093,0
91.49770355,-13.40684605,1,-10.43738651,1,-3.943440199,1,0.968331814,1,5.3586092,1,-3.839367151,1,-0.280224562,0,-0.835528791,0,-2.251956463,0
91.50170136,-13.70043182,1,-10.55408478,1,-4.188285351,1,1.15463376,1,5.283074856,1,-3.873422861,1,-0.25369665,0,-0.819069743,0,-2.282232046,0
91.50569916,-14.10208988,1,-10.80319977,1,-4.433338642,1,1.338541508,1,5.210372448,1,-3.921105862,1,-0.22751835,0,-0.80239749,0,-2.311469555,0
91.50969696,-14.63510132,1,-10.94251728,1,-4.657705307,1,1.500885367,1,5.140686989,1,-3.986763954,1,-0.201623738,0,-0.785541654,0,-2.339804888,0
91.51370239,-15.27347183,1,-11.10415649,1,-4.891278267,1,1.65515697,1,5.077476025,1,-4.073541164,1,-0.175969377,0,-0.768493176,0,-2.367382765,0
91.5177002,-15.90044117,1,-11.32240772,1,-5.123616219,1,1.787167788,1,5.021277428,1,-4.16862011,1,-0.150524691,0,-0.751240373,0,-2.394326448,0
91.521698,-16.49178696,1,-11.58529663,1,-5.439858437,1,1.905692101,1,4.975979805,1,-4.292499542,1,-0.125233844,0,-0.733761966,0,-2.42080617,0
91.5256958,-16.9342804,1,-11.9284935,1,-5.760081291,1,1.9996351,1,4.935137749,1,-4.428719044,1,-0.100090116,0,-0.716028869,0,-2.446940422,0
91.52970123,-17.45118141,1,-12.02830124,1,-6.229756355,1,2.082513809,1,4.884762764,1,-4.587053299,1,-0.075097732,0,-0.698038459,0,-2.472825527,0
91.53369904,-17.98169136,1,-12.03522873,1,-6.81342411,1,2.159282684,1,4.83384037,1,-4.757236958,1,-0.050242741,0,-0.679804385,0,-2.498572111,0
91.53770447,-18.59585381,1,-11.88618374,1,-7.357973576,1,2.227873325,1,4.780408382,1,-4.94551897,1,-0.025501283,0,-0.661327004,0,-2.524256945,0
91.54170227,-19.29772949,1,-11.60728264,1,-7.824319839,1,2.303893566,1,4.719915867,1,-5.148157597,1,-0.000843875,0,-0.642593324,0,-2.549963713,0
91.54570007,-20.02738762,1,-11.29983902,1,-8.210607529,1,2.38413763,1,4.643417358,1,-5.359123707,1,0.02379998,0,-0.623625159,0,-2.575756073,0
91.54970551,-20.71385574,1,-10.9019537,1,-8.595180511,1,2.470680475,1,4.56733799,1,-5.574923515,1,0.048444655,0,-0.604423285,0,-2.601680279,0
91.55370331,-21.28523827,1,-10.54284859,1,-8.911169052,1,2.560655355,1,4.461192131,1,-5.790289879,1,0.073111288,0,-0.58501929,0,-2.627745628,0
91.55770111,-21.81251907,1,-10.16717911,1,-9.119553566,1,2.652635336,1,4.339922905,1,-5.998614788,1,0.097797677,0,-0.565464318,0,-2.653955221,0
91.56169891,-22.45339394,1,-9.874394417,1,-9.246636391,1,2.739057064,1,4.196945667,1,-6.196029663,1,0.122469597,0,-0.545812666,0,-2.680280209,0
91.56570435,-23.0911808,1,-9.737968445,1,-9.282363892,1,2.810321808,1,4.043601036,1,-6.378472805,1,0.147060335,0,-0.526096761,0,-2.706700802,0
91.56970215,-23.83760834,1,-9.750105858,1,-9.218747139,1,2.8700068,1,3.875539303,1,-6.538844109,1,0.17147319,0,-0.506357849,0,-2.73314476,0
91.57369995,-24.61644745,1,-9.78869915,1,-9.072410583,1,2.89312911,1,3.69985652,1,-6.677710533,1,0.195583329,0,-0.486634612,0,-2.759555578,0
91.57770538,-25.43417168,1,-9.878396034,1,-8.752996445,1,2.891884804,1,3.519645452,1,-6.786890507,1,0.219246715,0,-0.466954142,0,-2.785888195,0
91.58170319,-26.30124855,1,-9.899497032,1,-8.403273582,1,2.857895136,1,3.330101967,1,-6.873348713,1,0.242299616,0,-0.447365969,0,-2.812056303,0
91.58570099,-27.11935806,1,-9.644940376,1,-7.925374031,1,2.794694424,1,3.128629923,1,-6.936180115,1,0.264617443,0,-0.42793557,0,-2.838004827,0
91.58969879,-27.97726822,1,-9.154058456,1,-7.328389645,1,2.732710361,1,2.930486917,1,-6.961037636,1,0.286102504,0,-0.408717155,0,-2.863674402,0
91.59369659,-28.73381996,1,-8.3334589,1,-6.474570274,1,2.675544977,1,2.739586592,1,-6.967081547,1,0.306761324,0,-0.389740795,0,-2.888997555,0
91.59770203,-28.08326721,1,-2.73773694,1,-5.770849228,1,2.672937155,1,2.505276918,1,-7.036385536,1,0.326735198,0,-0.371001512,0,-2.914061308,0
91.60169983,-23.19490623,1,7.416031361,1,-8.892557144,1,2.932605028,1,2.049213648,1,-7.138196945,1,0.346911848,0,-0.352994233,0,-2.939491987,0
91.60569763,-20.94705009,1,7.200672626,1,-7.221187115,1,3.270847321,1,1.69242382,1,-7.267950058,1,0.368043602,0,-0.335976779,0,-2.965390444,0
91.60969544,-24.41695786,1,6.977786541,1,-5.342792988,1,3.742576599,1,1.497727036,1,-7.369645596,1,0.390515566,0,-0.319206774,0,-2.99164176,0
91.61370087,-27.05671883,1,4.650435448,1,-4.563619614,1,4.07201767,1,1.359078407,1,-7.365135193,1,0.414195865,0,-0.302411914,0,-3.017799854,0
91.61769867,-27.98609543,1,2.234425545,1,-3.536502838,1,4.202112198,1,1.24936378,1,-7.224299908,1,0.43819347,0,-0.285573065,0,-3.043328285,0
91.62169647,-28.27039719,1,1.667990327,1,-2.685549974,1,4.165478706,1,1.088742971,1,-6.962622166,1,0.461662829,0,-0.269002616,0,-3.067786932,0
91.62569428,-29.10571671,1,1.876801848,1,-1.726661921,1,4.004289627,1,0.895456076,1,-6.69508791,1,0.484042645,0,-0.25304091,0,-3.09109354,0
91.62969208,-30.18258095,1,1.687273622,1,-0.559814274,1,3.732850552,1,0.73777163,1,-6.448960304,1,0.504956007,0,-0.237686828,0,-3.113358736,0
91.63369751,-30.76622963,1,1.841078639,1,0.68108052,1,3.358508348,1,0.591148913,1,-6.170413494,1,0.524016321,0,-0.222951576,0,-3.134588003,0
91.63769531,-30.82559967,1,3.18947053,1,2.098055363,1,2.903288841,1,0.398548663,1,-5.876422882,1,0.540881932,0,-0.209002793,0,3.1283741,0
91.64169312,-30.38785934,1,5.378977776,1,3.292831421,1,2.43828845,1,0.139600992,1,-5.549755096,1,0.55544436,0,-0.196153402,0,3.109033108,0
91.64569092,-30.37830544,1,8.233143806,1,4.273023129,1,2.029151678,1,-0.142009154,1,-5.205327988,1,0.567856729,0,-0.184688196,0,3.09049058,0
91.64969635,-30.58788109,1,10.5242691,1,4.989382744,1,1.736869216,1,-0.429052114,1,-4.844346523,1,0.578533769,0,-0.174742967,0,3.072687387,0
91.65369415,-30.80143166,1,12.36594868,1,5.418093204,1,1.546872616,1,-0.717257142,1,-4.43840313,1,0.587955415,0,-0.166425064,0,3.055689335,0
91.65769959,-30.57997704,1,12.68812084,1,5.69837904,1,1.429101825,1,-0.975108027,1,-3.976104975,1,0.59651351,0,-0.159827411,0,3.039597034,0
91.66169739,-30.49522209,1,12.24277782,1,5.803567886,1,1.343494654,1,-1.204293013,1,-3.474025965,1,0.604413509,0,-0.155007601,0,3.024642944,0
91.66570282,-29.87996674,1,10.69522476,1,5.56840229,1,1.221523404,1,-1.390807152,1,-2.931379795,1,0.611641347,0,-0.151960954,0,3.010991573,0
91.66970062,-28.79101181,1,8.908556938,1,5.224657059,1,1.032678127,1,-1.559660792,1,-2.378623724,1,0.618015766,0,-0.150659382,0,2.998761654,0
91.67369843,-27.25909805,1,6.610682964,1,4.719842434,1,0.755943358,1,-1.709555745,1,-1.823984265,1,0.623222232,0,-0.151092827,0,2.987993002,0
91.67769623,-25.8259964,1,4.532891273,1,3.844677925,1,0.412348092,1,-1.836706161,1,-1.288315773,1,0.626980305,0,-0.153202966,0,2.978689194,0
91.68170166,-9.521719933,1,-15.20454502,1,-4.458011627,1,-0.73129189,1,-2.132815838,1,-0.646109998,1,0.628245533,0,-0.157203227,0,2.970805645,0
91.68569946,-14.224226,1,-26.12171364,1,5.970273972,1,-3.790966272,1,-3.417722464,1,-0.107818812,1,0.620320439,0,-0.165013477,0,2.963146448,0
91.68969727,-34.64478683,1,5.930526733,1,0.594977319,1,-4.609438419,1,-3.813961506,1,0.391507834,1,0.603928804,0,-0.177768707,0,2.954954624,0
91.69369507,11.52189541,1,7.327496052,1,-5.354973793,1,-4.097931385,1,-3.492670059,1,0.34799844,1,0.607031345,0,-0.202587977,0,2.978837967,0
91.6977005,8.043622017,1,3.700344801,1,-12.10127544,1,-4.341032982,1,-4.273331642,1,0.359217972,1,0.591902196,0,-0.216185093,0,2.97106719,0
91.7016983,-6.164373398,1,5.233865261,1,-18.96554947,1,-4.203670979,1,-4.160534859,1,0.349930733,1,0.576459706,0,-0.231308371,0,2.962628841,0
91.70569611,1.065393567,1,5.482374668,1,-24.42345047,1,-3.356791735,1,-3.733086348,1,0.20499216,1,0.562984467,0,-0.245111525,0,2.954833984,0
91.70970154,3.748693705,1,3.902345657,1,-26.6275425,1,-2.904892206,1,-3.639894724,1,0.232555494,1,0.552484989,0,-0.257974714,0,2.947575092,0
91.71369934,0.966618061,1,4.918600559,1,-20.66823387,1,-2.663119316,1,-3.648867846,1,0.436098546,1,0.543086052,0,-0.271137536,0,2.940849066,0
91.71769714,4.407056332,1,8.918172836,1,-16.07486725,1,-2.446335554,1,-3.796237469,1,0.791561484,1,0.534448564,0,-0.285047233,0,2.93511796,0
91.72169495,5.443667889,1,18.57087708,1,-14.61641884,1,-1.783685207,1,-4.236785889,1,1.434497237,1,0.527361929,0,-0.301098287,0,2.930612564,0
91.72569275,-3.810020685,1,20.71461105,1,-16.57012177,1,-1.451994181,1,-4.759329319,1,1.974079609,1,0.521810293,0,-0.320225835,0,2.927318096,0
91.72969818,-4.401082039,1,18.07004356,1,-19.45453644,1,-0.864018381,1,-4.879385471,1,2.310466766,1,0.517923176,0,-0.341249377,0,2.925078392,0
91.73369598,-11.31186676,1,16.34650421,1,-19.39100647,1,-0.439006686,1,-4.86145401,1,2.614048004,1,0.5157758,0,-0.363149762,0,2.923945427,0
91.73769379,-20.89991188,1,10.55351543,1,-21.13636971,1,-0.121423617,1,-4.482324123,1,2.696871281,1,0.514631569,0,-0.384708494,0,2.923973799,0
91.74169159,-24.20041656,1,6.044030666,1,-21.84650612,1,0.259696066,1,-3.860516548,1,2.580599308,1,0.514473438,0,-0.404495001,0,2.925049543,0
91.74569702,-24.45899391,1,1.544987202,1,-18.60352325,1,0.541199863,1,-3.299697161,1,2.420046329,1,0.515431285,0,-0.421898127,0,2.926899433,0
91.74969482,-24.40533447,1,-4.654759884,1,-14.9559927,1,0.619898617,1,-2.780673742,1,2.252118826,1,0.516846895,0,-0.437077463,0,2.92924118,0
91.75369263,-22.49591827,1,-8.621439934,1,-11.56653214,1,0.591205418,1,-2.325622797,1,2.03958106,1,0.518131793,0,-0.450204432,0,2.931952953,0
91.75769806,-19.81684685,1,-12.51446438,1,-7.330010414,1,0.494502604,1,-1.943200111,1,1.705502748,1,0.519200027,0,-0.461366981,0,2.934550285,0
91.76169586,-15.38721752,1,-14.27164936,1,-5.052266598,1,0.35479939,1,-1.757932067,1,1.343778968,1,0.520129144,0,-0.470749557,0,2.936372042,0
91.76569367,-13.88533497,1,-14.70258331,1,-4.225741863,1,0.021004159,1,-1.649774075,1,1.230801225,1,0.520408213,0,-0.479233682,0,2.93752408,0
91.7696991,-10.39154053,1,-12.39624596,1,-4.11103487,1,-0.338986278,1,-1.459004879,1,1.094372988,1,0.519224882,0,-0.486879975,0,2.938604593,0
91.7736969,-7.048758507,1,-9.300359726,1,-5.428848743,1,-0.573846281,1,-1.387496829,1,1.090147495,1,0.51686573,0,-0.4939771,0,2.939684391,0
91.77770233,-6.746696949,1,-7.032356262,1,-7.839604855,1,-0.785914063,1,-1.255793214,1,1.145547509,1,0.51345253,0,-0.500804186,0,2.941135406,0
91.78170013,-7.070024014,1,-4.880430222,1,-9.247795105,1,-0.889401793,1,-1.068588495,1,1.182968259,1,0.509078681,0,-0.507143021,0,2.94316864,0
91.78569794,-7.609629154,1,-4.232572079,1,-8.769464493,1,-0.933662355,1,-0.7868855,1,1.187716246,1,0.50410074,0,-0.512702346,0,2.945873976,0
91.78969574,-8.053812027,1,-4.663842678,1,-8.627260208,1,-1.005773425,1,-0.590662181,1,1.185280323,1,0.498665422,0,-0.517395794,0,2.949123621,0
91.79370117,-10.95768547,1,-5.62957716,1,-8.284894943,1,-1.115637064,1,-0.357654363,1,1.114560246,1,0.492554516,0,-0.521255136,0,2.952785492,0
91.79769898,-10.37498188,1,-6.476692677,1,-8.084058762,1,-1.149283051,1,-0.186800808,1,0.966256976,1,0.486185879,0,-0.524174094,0,2.956461191,0
91.80169678,-10.30851555,1,-7.614499092,1,-8.410404205,1,-1.254810691,1,-0.08936929,1,0.817685664,1,0.479703277,0,-0.526307583,0,2.959826231,0
91.80570221,-8.264601707,1,-6.231555939,1,-8.551959038,1,-1.275777698,1,-0.009653212,1,0.713735819,1,0.473103106,0,-0.527857661,0,2.962846756,0
91.80970001,-4.61307478,1,-5.263568878,1,-8.606499672,1,-1.321473479,1,-0.032891419,1,0.725756168,1,0.466426224,0,-0.529200613,0,2.965787888,0
91.81369782,-4.550404072,1,-4.472856998,1,-9.979494095,1,-1.311407804,1,-0.055996563,1,0.734445751,1,0.459648669,0,-0.530686557,0,2.968714714,0
91.81769562,-3.49904108,1,-3.320376158,1,-9.668549538,1,-1.264838219,1,-0.096632831,1,0.755518258,1,0.453005195,0,-0.532242179,0,2.971674919,0
91.82169342,-5.7884202,1,-3.030991316,1,-9.7115345,1,-1.212162256,1,-0.111537017,1,0.729803324,1,0.44657138,0,-0.533948958,0,2.974565744,0
91.82569885,-6.346178532,1,-2.326825619,1,-9.181282043,1,-1.15233314,1,-0.090453766,1,0.699169636,1,0.440400422,0,-0.53554219,0,2.977371693,0
91.82969666,-6.940401077,1,-1.580252886,1,-8.821001053,1,-1.071876407,1,-0.051591944,1,0.641860723,1,0.434591174,0,-0.536931872,0,2.980051994,0
91.83369446,-5.541549206,1,-0.594843209,1,-8.828742027,1,-0.982361019,1,-0.050209034,1,0.582559049,1,0.429183543,0,-0.53813231,0,2.982558012,0
91.83769226,-4.841784477,1,-0.140225962,1,-9.183042526,1,-0.873401284,1,-0.072964005,1,0.520953298,1,0.42432785,0,-0.539267302,0,2.984793901,0
91.84169769,-4.868760109,1,-0.219001636,1,-9.395185471,1,-0.761965752,1,-0.095154606,1,0.459182143,1,0.420084774,0,-0.540386617,0,2.986706495,0
91.8456955,-5.099813461,1,-0.40740037,1,-9.469874382,1,-0.670724273,1,-0.116949357,1,0.406280279,1,0.416382462,0,-0.541478097,0,2.988352299,0
91.8496933,-5.126023293,1,-0.834288478,1,-9.593722343,1,-0.570627391,1,-0.129722804,1,0.371262252,1,0.413171232,0,-0.542550862,0,2.989778519,0
91.85369873,-4.112649441,1,-1.698539734,1,-9.517473221,1,-0.509647012,1,-0.185947314,1,0.340066016,1,0.41037029,0,-0.543682396,0,2.991017818,0
91.85769653,-3.989054203,1,-2.10659337,1,-9.775616646,1,-0.430906564,1,-0.258670151,1,0.306305051,1,0.407990724,0,-0.545001328,0,2.991985083,0
91.86169434,-4.060621738,1,-2.29185462,1,-9.534082413,1,-0.386663526,1,-0.314717859,1,0.288221568,1,0.405976832,0,-0.546536684,0,2.992720366,0
91.86569214,-4.241848469,1,-2.540913582,1,-9.301662445,1,-0.346612126,1,-0.352738947,1,0.279969752,1,0.404201478,0,-0.548220277,0,2.993323326,0
91.86968994,-4.480427265,1,-2.614518881,1,-9.0014534,1,-0.320916712,1,-0.378314644,1,0.26046893,1,0.402608871,0,-0.54999733,0,2.993825674,0
91.87369537,-4.517108917,1,-2.099895,1,-8.676719666,1,-0.2830365,1,-0.401095033,1,0.251256853,1,0.40118888,0,-0.551832974,0,2.994220972,0
91.87769318,-5.042521954,1,-1.323177338,1,-8.89097023,1,-0.232829675,1,-0.413024426,1,0.233120367,1,0.400003791,0,-0.553730369,0,2.994500637,0
91.88169098,-5.529055595,1,-0.981418252,1,-8.739884377,1,-0.186408669,1,-0.398665071,1,0.205537751,1,0.399060011,0,-0.555568337,0,2.994716644,0
91.88568878,-5.310933113,1,-1.562271357,1,-8.48015213,1,-0.151520088,1,-0.383520573,1,0.170134738,1,0.398332238,0,-0.55729866,0,2.99481678,0
91.88969421,-4.866933823,1,-2.451848269,1,-8.342331886,1,-0.137047857,1,-0.378854841,1,0.131120488,1,0.397772074,0,-0.5589329,0,2.994781733,0
91.89369202,-4.63049221,1,-2.517668486,1,-8.52820015,1,-0.122652501,1,-0.389427453,1,0.115126751,1,0.397346497,0,-0.560528636,0,2.994607687,0
91.89769745,-4.45345211,1,-2.21837616,1,-8.836494446,1,-0.105809256,1,-0.399985045,1,0.105241016,1,0.397011459,0,-0.562141836,0,2.994367838,0
91.90169525,-4.716474056,1,-1.801835299,1,-9.024074554,1,-0.086874217,1,-0.421087742,1,0.080425449,1,0.396800101,0,-0.563808501,0,2.994020224,0
91.90569305,-4.686617851,1,-1.667284608,1,-9.055535316,1,-0.058843832,1,-0.44772917,1,0.053694859,1,0.396776795,0,-0.565522313,0,2.99352479,0
91.90969849,-4.537930489,1,-1.699123979,1,-9.012166977,1,-0.02727652,1,-0.479345351,1,0.023059132,1,0.396971405,0,-0.567294538,0,2.992837191,0
91.91369629,-4.670189857,1,-2.17129159,1,-8.984784126,1,-0.008057985,1,-0.501750708,1,-0.006200932,1,0.397368968,0,-0.569114923,0,2.991974831,0
91.91769409,-4.642995358,1,-2.749447107,1,-8.79593277,1,0.002731179,1,-0.524639606,1,-0.024538446,1,0.397908747,0,-0.570992112,0,2.990963459,0
91.9216919,-4.735845566,1,-3.258777142,1,-8.572953224,1,-0.008413585,1,-0.537212014,1,-0.021344772,1,0.398480505,0,-0.572922707,0,2.98987627,0
91.92569733,-5.111188889,1,-3.555119991,1,-8.224136353,1,-0.028964192,1,-0.536847711,1,-0.012123837,1,0.398976982,0,-0.574882746,0,2.988814116,0
91.92969513,-5.344685078,1,-4.002592564,1,-7.770708561,1,-0.063800111,1,-0.514742613,1,0.013040455,1,0.399327248,0,-0.576814473,0,2.987840176,0
91.93369293,-5.463567734,1,-4.443711758,1,-7.490760326,1,-0.103067927,1,-0.488610148,1,0.03369429,1,0.39945671,0,-0.578706026,0,2.987009525,0
91.93769836,-5.517252445,1,-4.589021206,1,-7.308932781,1,-0.154233441,1,-0.454580367,1,0.065030508,1,0.399300814,0,-0.58052361,0,2.986351728,0
91.94169617,-5.726224422,1,-4.280689716,1,-7.074473381,1,-0.205087841,1,-0.401586473,1,0.091228537,1,0.205213949,0,-0.638022721,0,2.689474344,0
91.94569397,-5.586624622,1,-3.82309866,1,-7.135855198,1,-0.230641425,1,-0.35344398,1,0.116085798,1,0.207501635,0,-0.638151586,0,2.732972383,0
91.94969177,-5.300570965,1,-3.428833961,1,-7.443313599,1,-0.249570057,1,-0.313107401,1,0.138048574,1,0.206380844,0,-0.639553428,0,2.733244896,0
91.95369721,-5.269019604,1,-3.134981394,1,-7.711593628,1,-0.258705258,1,-0.280665517,1,0.145151943,1,0.205130801,0,-0.640821099,0,2.733625889,0
91.95769501,-5.010691166,1,-2.874443531,1,-7.920334816,1,-0.262647837,1,-0.257446051,1,0.146616638,1,0.203827351,0,-0.641993642,0,2.734065294,0
91.96169281,-4.922484398,1,-2.630871773,1,-8.220300674,1,-0.256576926,1,-0.254329443,1,0.160057217,1,0.202492982,0,-0.643121362,0,2.734549761,0
91.96569061,-4.539025784,1,-2.628097773,1,-8.389848709,1,-0.247811422,1,-0.257585883,1,0.188853219,1,0.201107815,0,-0.64427489,0,2.735160351,0
91.96969605,-4.785328865,1,-2.389585257,1,-8.679214478,1,-0.215033308,1,-0.29664728,1,0.191966906,1,0.199775964,0,-0.64552635,0,2.735832214,0
91.97369385,-4.754117966,1,-2.4472785,1,-8.62092495,1,-0.196623504,1,-0.318935692,1,0.196726695,1,0.198561028,0,-0.646886826,0,2.736488104,0
91.97769165,-4.728260517,1,-2.257786751,1,-8.672264099,1,-0.179855123,1,-0.331103951,1,0.195811823,1,0.197408751,0,-0.648307264,0,2.737135887,0
91.98168945,-4.65590477,1,-2.212266207,1,-8.855174065,1,-0.136001423,1,-0.352509737,1,0.19335103,1,0.196392313,0,-0.649803519,0,2.737754345,0
91.98570252,-4.521443367,1,-2.665261507,1,-8.907697678,1,-0.116848201,1,-0.392936558,1,0.195141658,1,0.195533201,0,-0.651419282,0,2.738349915,0
91.98970032,-4.431437969,1,-2.646835089,1,-9.109834671,1,-0.106724299,1,-0.437688112,1,0.208356321,1,0.194719687,0,-0.653192461,0,2.738939285,0
91.99369049,-4.4820714,1,-2.326340437,1,-9.01520443,1,-0.065135799,1,-0.482159168,1,0.220710963,1,0.193990558,0,-0.655166507,0,2.739552736,0
91.99770355,-4.575352669,1,-2.723824263,1,-8.806322098,1,-0.056399222,1,-0.506104767,1,0.227352932,1,0.193385884,0,-0.65728426,0,2.740180492,0
92.00170136,-4.655727386,1,-2.822107077,1,-8.693246841,1,-0.053789441,1,-0.537910879,1,0.229036242,1,0.192790404,0,-0.659510612,0,2.74080348,0
92.00569916,-4.790113926,1,-2.619415045,1,-8.7572155,1,-0.057426102,1,-0.570318043,1,0.227698103,1,0.192197025,0,-0.661850214,0,2.741401196,0
92.00970459,-4.520298481,1,-2.560976267,1,-8.698987961,1,-0.040450614,1,-0.598869324,1,0.241034791,1,0.191631883,0,-0.664319217,0,2.741999388,0
92.01370239,-4.78474617,1,-2.844545126,1,-8.463294983,1,-0.039615758,1,-0.625694036,1,0.24028559,1,0.191103771,0,-0.666908264,0,2.742609501,0
92.01770783,-4.901370525,1,-2.898268223,1,-8.493588448,1,-0.052247729,1,-0.640371203,1,0.24454537,1,0.190555602,0,-0.669570446,0,2.743207216,0
92.02170563,-4.91846323,1,-2.916613817,1,-8.4802351,1,-0.076831907,1,-0.666905701,1,0.252200961,1,0.189918652,0,-0.672323465,0,2.74381876,0
92.02570343,-4.969639778,1,-2.863089561,1,-8.169284821,1,-0.074204445,1,-0.685864389,1,0.263006091,1,0.18920818,0,-0.675183177,0,2.744466782,0
92.02970123,-5.159205914,1,-3.050674915,1,-8.082368851,1,-0.083943129,1,-0.691821635,1,0.262017667,1,0.188478783,0,-0.678079247,0,2.745128155,0
92.03370667,-5.216696262,1,-3.129920959,1,-7.96907711,1,-0.110391766,1,-0.694893718,1,0.267443091,1,0.187662587,0,-0.680999279,0,2.745808125,0
92.03770447,-5.401663303,1,-3.041528225,1,-7.905956745,1,-0.128006727,1,-0.699948728,1,0.274372905,1,0.186738148,0,-0.683942556,0,2.746499538,0
92.04170227,-5.299088001,1,-2.990475655,1,-7.744233608,1,-0.145572066,1,-0.701597691,1,0.280995339,1,0.18571867,0,-0.686912179,0,2.747242212,0
92.0457077,-5.473794937,1,-2.857502222,1,-7.783792973,1,-0.14556846,1,-0.680592895,1,0.291018873,1,0.18463333,0,-0.689864874,0,2.748041868,0
92.04970551,-5.333111286,1,-2.074939966,1,-7.724026203,1,-0.101933524,1,-0.705514252,1,0.295652598,1,0.183571965,0,-0.692761302,0,2.748884678,0
92.05370331,-5.402936935,1,-2.918836355,1,-7.991451263,1,-0.123631544,1,-0.693010807,1,0.301607877,1,0.182585299,0,-0.695739865,0,2.749750853,0
92.05770111,-5.374875546,1,-3.193832397,1,-7.512510777,1,-0.180008724,1,-0.704787612,1,0.300961941,1,0.181407213,0,-0.698707879,0,2.75063467,0
92.06169891,-5.504317284,1,-3.266168118,1,-7.720610142,1,-0.211766735,1,-0.700282216,1,0.296401083,1,0.180051908,0,-0.701691151,0,2.751503944,0
92.06570435,-5.228606701,1,-2.518630981,1,-7.539206505,1,-0.20867072,1,-0.70099175,1,0.307052881,1,0.178623542,0,-0.704654098,0,2.752409697,0
92.06970215,-5.543613911,1,-2.561107635,1,-7.627152443,1,-0.209154844,1,-0.690240383,1,0.315202534,1,0.177161589,0,-0.707610548,0,2.753386497,0
92.07369995,-5.555055618,1,-2.613961458,1,-7.592778206,1,-0.227683306,1,-0.681446612,1,0.30506447,1,0.175660357,0,-0.71052283,0,2.754362106,0
92.07769775,-5.671535015,1,-2.466250181,1,-7.516710281,1,-0.246173754,1,-0.682001829,1,0.300247431,1,0.17409271,0,-0.713419497,0,2.755309582,0
92.08170319,-5.680953026,1,-2.164718628,1,-7.560490131,1,-0.253342211,1,-0.676443636,1,0.290370613,1,0.17249997,0,-0.716305554,0,2.756216764,0
92.08570099,-5.923913002,1,-2.224566221,1,-7.581715584,1,-0.259797722,1,-0.665846646,1,0.284769535,1,0.170887887,0,-0.719153643,0,2.757110119,0
92.08969879,-5.84194994,1,-2.581559896,1,-7.414840221,1,-0.269987822,1,-0.659573793,1,0.278879672,1,0.169238046,0,-0.721957266,0,2.757992744,0
92.09370422,-5.835865021,1,-2.687869787,1,-7.442107677,1,-0.283248395,1,-0.645297229,1,0.281752855,1,0.167533308,0,-0.724710047,0,2.758894682,0
92.09770203,-5.708672523,1,-2.558947563,1,-7.402400494,1,-0.283528149,1,-0.628974795,1,0.285043418,1,0.165775135,0,-0.72741735,0,2.759833574,0
92.10169983,-5.686719418,1,-2.483784914,1,-7.393433094,1,-0.291006893,1,-0.631398499,1,0.296464264,1,0.163971603,0,-0.730096281,0,2.760827065,0
92.10570526,-5.884593487,1,-2.487560272,1,-7.345281124,1,-0.280839831,1,-0.609397233,1,0.301409364,1,0.162127465,0,-0.73273176,0,2.761877298,0
92.10970306,-5.933889866,1,-2.58237505,1,-7.299185276,1,-0.281909764,1,-0.596056819,1,0.309820771,1,0.16025959,0,-0.735313475,0,2.762989759,0
92.11370087,-5.872658253,1,-2.701969624,1,-7.303411961,1,-0.284125239,1,-0.586897492,1,0.317974538,1,0.15833573,0,-0.737856388,0,2.764161348,0
92.11769867,-5.897261143,1,-2.941443443,1,-7.308275223,1,-0.295225382,1,-0.579660535,1,0.330274433,1,0.156350359,0,-0.74035573,0,2.765408278,0
92.12169647,-5.668272018,1,-2.998957396,1,-7.225895405,1,-0.312651932,1,-0.567301393,1,0.345694423,1,0.154227793,0,-0.742836297,0,2.766745806,0
92.1257019,-5.747872829,1,-3.042202234,1,-7.277156353,1,-0.331019491,1,-0.564719439,1,0.360017985,1,0.151969761,0,-0.745286226,0,2.768181086,0
92.12969971,-5.781772137,1,-2.891644955,1,-7.254869938,1,-0.341450691,1,-0.563835025,1,0.373316467,1,0.149594665,0,-0.747733831,0,2.769687653,0
92.13369751,-5.715649128,1,-2.737005949,1,-7.317518234,1,-0.340392441,1,-0.553961277,1,0.384947896,1,0.147141173,0,-0.750165462,0,2.771282196,0
92.13770294,-5.936178207,1,-2.549119711,1,-7.380961418,1,-0.340089232,1,-0.553358912,1,0.400966257,1,0.144631997,0,-0.752592266,0,2.772964001,0
92.14170837,-5.934790134,1,-2.463888645,1,-7.345651627,1,-0.342541426,1,-0.547304034,1,0.406568438,1,0.142059505,0,-0.75500077,0,2.774725437,0
92.14570618,-5.932260036,1,-2.329480171,1,-7.327980995,1,-0.34137392,1,-0.542651713,1,0.413815051,1,0.139441535,0,-0.757392704,0,2.776547194,0
92.14970398,-5.877339363,1,-2.183955193,1,-7.394050598,1,-0.33556658,1,-0.543677449,1,0.419705927,1,0.13681227,0,-0.759780705,0,2.778410435,0
92.15370178,-5.749574184,1,-2.101362467,1,-7.49608469,1,-0.326864272,1,-0.547667921,1,0.429311305,1,0.134176999,0,-0.762174368,0,2.780326605,0
92.15769959,-5.835974693,1,-2.217239857,1,-7.535760403,1,-0.329798877,1,-0.548598528,1,0.437277973,1,0.131500542,0,-0.764578581,0,2.782315493,0
92.16170502,-5.848603725,1,-2.16034174,1,-7.598828316,1,-0.338215649,1,-0.552355051,1,0.448818654,1,0.12876153,0,-0.767004967,0,2.784351349,0
92.16570282,-5.741857052,1,-1.930244327,1,-7.608973026,1,-0.336291075,1,-0.564136744,1,0.446920872,1,0.125970259,0,-0.769456446,0,2.786426544,0
92.16970062,-5.78913784,1,-1.778205752,1,-7.607995033,1,-0.330305278,1,-0.578058124,1,0.452606767,1,0.123173229,0,-0.771948814,0,2.78852582,0
92.17369843,-5.765197754,1,-1.687400699,1,-7.676609516,1,-0.32611534,1,-0.586431324,1,0.450187713,1,0.120384574,0,-0.774485111,0,2.790637493,0
92.17770386,-5.783155441,1,-1.658236265,1,-7.689583778,1,-0.326178193,1,-0.603288233,1,0.441967934,1,0.117624737,0,-0.777060926,0,2.792721987,0
92.18170166,-5.741564751,1,-1.631328344,1,-7.672150135,1,-0.333539188,1,-0.614904046,1,0.432008982,1,0.114862472,0,-0.779679358,0,2.794777393,0
92.18569946,-5.857392788,1,-1.597540379,1,-7.746243,1,-0.341919333,1,-0.632755637,1,0.427433521,1,0.112099558,0,-0.782351732,0,2.796788931,0
92.1897049,-5.839770794,1,-1.588614464,1,-7.827868462,1,-0.345833898,1,-0.64336437,1,0.421042889,1,0.10932751,0,-0.78507936,0,2.798764944,0
92.1937027,-5.809695244,1,-1.815536141,1,-7.940593719,1,-0.34788236,1,-0.669083476,1,0.422332644,1,0.183741122,0,-0.74023217,0,2.932706118,0
92.1977005,-5.842968941,1,-2.107729197,1,-8.023757935,1,-0.356758624,1,-0.689458251,1,0.429026544,1,0.181247279,0,-0.74320662,0,2.934309006,0
92.2016983,-5.801458359,1,-2.273788929,1,-8.086280823,1,-0.367946953,1,-0.718827724,1,0.440435439,1,0.178681925,0,-0.746288955,0,2.93595767,0
92.20569611,-5.787875652,1,-2.411206722,1,-8.125685692,1,-0.382859081,1,-0.747196317,1,0.453901023,1,0.176026642,0,-0.749492824,0,2.937656403,0
92.20970154,-5.783394337,1,-2.476086378,1,-8.184950829,1,-0.400030136,1,-0.782886088,1,0.475134701,1,0.173252538,0,-0.752830386,0,2.939427614,0
92.21369934,-5.773506165,1,-2.545372963,1,-8.28683567,1,-0.419581562,1,-0.820593774,1,0.494458944,1,0.170325771,0,-0.756325066,0,2.941302299,0
92.21769714,-5.762870789,1,-2.575460196,1,-8.315233231,1,-0.444995642,1,-0.86629653,1,0.517517507,1,0.167242959,0,-0.759999037,0,2.943268299,0
92.22169495,-5.741339207,1,-2.603140593,1,-8.335813522,1,-0.468792528,1,-0.913183331,1,0.547205687,1,0.16396451,0,-0.763857186,0,2.945358276,0
92.22570038,-5.707480907,1,-2.530959606,1,-8.391708374,1,-0.485626221,1,-0.964553952,1,0.573492765,1,0.160513282,0,-0.767925203,0,2.947581053,0
92.22969818,-5.671156883,1,-2.539766073,1,-8.453244209,1,-0.506254613,1,-1.0110147,1,0.60623318,1,0.156881288,0,-0.772199035,0,2.949950218,0
92.23369598,-5.689188957,1,-2.623498201,1,-8.470657349,1,-0.523243248,1,-1.067050457,1,0.63468051,1,0.153052256,0,-0.776689649,0,2.952496767,0
92.23770142,-5.714179516,1,-2.613725185,1,-8.499738693,1,-0.540438116,1,-1.122041941,1,0.674046159,1,0.149021521,0,-0.781410098,0,2.955206871,0
92.24169922,-5.628792763,1,-2.4554708,1,-8.53230381,1,-0.558458149,1,-1.186711907,1,0.707372725,1,0.144774199,0,-0.786380649,0,2.958104849,0
92.24569702,-5.831254959,1,-2.665760756,1,-8.646168709,1,-0.576606572,1,-1.250076175,1,0.744988799,1,0.140301064,0,-0.791624546,0,2.96121192,0
92.24969482,-5.638459206,1,-2.691031933,1,-8.688893318,1,-0.597323477,1,-1.320880175,1,0.790635169,1,0.13557601,0,-0.797132015,0,2.964550257,0
92.25369263,-5.589324474,1,-2.799439669,1,-8.787432671,1,-0.62233448,1,-1.396519184,1,0.837739527,1,0.130558848,0,-0.802946091,0,2.968141079,0
92.25769806,-5.488054752,1,-2.769468069,1,-8.935005188,1,-0.640197992,1,-1.480238199,1,0.892173052,1,0.125219643,0,-0.809096217,0,2.972038746,0
92.26170349,-5.475981712,1,-2.877067089,1,-9.057803154,1,-0.648415327,1,-1.574713826,1,0.960379839,1,0.119544491,0,-0.815623462,0,2.976311684,0
92.26570129,-5.550042629,1,-3.266760111,1,-9.218953133,1,-0.663518071,1,-1.681015849,1,1.03337574,1,0.113497749,0,-0.822556555,0,2.981007099,0
92.2696991,-5.557296276,1,-3.627554178,1,-9.35768795,1,-0.690484405,1,-1.787511349,1,1.120365977,1,0.106978603,0,-0.829927623,0,2.986195087,0
92.27370453,-5.468681335,1,-3.945773363,1,-9.557640076,1,-0.722076356,1,-1.906281829,1,1.209357619,1,0.099883988,0,-0.837750971,0,2.991957903,0
92.27770233,-5.568448544,1,-4.280120373,1,-9.852118492,1,-0.764022887,1,-2.020085335,1,1.332634449,1,0.092092477,0,-0.846053898,0,2.99842906,0
92.28170013,-5.442203999,1,-4.471770287,1,-10.13275146,1,-0.809275627,1,-2.1528759,1,1.454364061,1,0.083460145,0,-0.854839265,0,3.005729675,0
92.28569794,-4.890011787,1,-4.784178734,1,-10.39627647,1,-0.847041011,1,-2.31635046,1,1.562853932,1,0.073988914,0,-0.864216506,0,3.013859749,0
92.28969574,-4.830738068,1,-4.918476105,1,-10.85050678,1,-0.905239463,1,-2.491787434,1,1.68553102,1,0.063597389,0,-0.87424624,0,3.022874832,0
92.29370117,-5.078455448,1,-5.47274828,1,-11.23194027,1,-0.986199915,1,-2.686493158,1,1.827522039,1,0.052054357,0,-0.884987116,0,3.032951355,0
92.29769898,-5.142914295,1,-5.998491764,1,-11.43655491,1,-1.076813102,1,-2.87655735,1,1.982111812,1,0.039128691,0,-0.896441102,0,3.044255972,0
92.30169678,-4.908259869,1,-6.466897964,1,-11.81221199,1,-1.166535616,1,-3.086344242,1,2.138753653,1,0.02468759,0,-0.908622563,0,3.056941271,0
92.30569458,-4.928106308,1,-6.826817036,1,-11.6836195,1,-1.230370522,1,-3.307519674,1,2.278047323,1,0.008671794,0,-0.921539068,0,3.07104373,0
92.30970001,-5.274241924,1,-7.343940735,1,-12.39619732,1,-1.350344419,1,-3.561003447,1,2.522563696,1,-0.009312328,0,-0.935275257,0,3.087099552,0
92.31369782,-5.820816994,1,-7.609667778,1,-12.69729519,1,-1.435130239,1,-3.76026845,1,2.701109409,1,-0.029677501,0,-0.949700415,0,3.105358362,0
92.31769562,-6.093690395,1,-8.062405586,1,-12.71318054,1,-1.538672805,1,-3.976907969,1,2.90355587,1,-0.052418325,0,-0.964697123,0,3.12591958,0
92.32170105,-6.367833138,1,-9.272255898,1,-12.58634567,1,-1.702695847,1,-4.195964813,1,3.141230106,1,-0.078162655,0,-0.980226874,0,-3.133948088,0
92.32569885,-7.426745892,1,-10.72406578,1,-12.61448288,1,-1.904969692,1,-4.396766186,1,3.369496346,1,-0.107458867,0,-0.996136487,0,-3.107494354,0
92.32969666,-7.491707325,1,-11.82771206,1,-12.56674576,1,-2.128834486,1,-4.564652443,1,3.6549685,1,-0.140902713,0,-1.012201428,0,-3.077404737,0
92.33369446,-7.796457767,1,-13.03295135,1,-12.5904932,1,-2.392560959,1,-4.69957304,1,3.926898241,1,-0.179148689,0,-1.028095126,0,-3.043129683,0
92.33769226,-8.695897102,1,-12.33057785,1,-12.99148846,1,-2.670176506,1,-4.786121368,1,4.196986198,1,-0.222513586,0,-1.043440342,0,-3.00449872,0
92.34169769,-9.568804741,1,-11.18482113,1,-13.35809231,1,-2.913694859,1,-4.833610535,1,4.401000023,1,-0.271062613,0,-1.05787921,0,-2.961448193,0
92.3456955,-12.19671917,1,-9.482348442,1,-13.89556313,1,-3.046927214,1,-4.863549232,1,4.522888184,1,-0.324071944,0,-1.071207166,0,-2.914514542,0
92.3496933,-15.2300663,1,-6.962812901,1,-14.65214348,1,-3.070421934,1,-4.775910378,1,4.664075851,1,-0.380760312,0,-1.083013892,0,-2.864046097,0
92.3536911,-16.28269768,1,-6.904875278,1,-13.70420742,1,-3.074594736,1,-4.618928432,1,4.762975216,1,-0.440301299,0,-1.092712283,0,-2.810689926,0
92.35769653,-16.3663578,1,-7.653293133,1,-12.92042351,1,-3.135080338,1,-4.559788227,1,4.877566338,1,-0.50246042,0,-1.100292802,0,-2.754767895,0
92.36169434,-19.10771751,1,-7.622762203,1,-13.6900959,1,-3.174314737,1,-4.388039112,1,4.875710011,1,-0.566462398,0,-1.105779171,0,-2.697219849,0
92.36569214,-19.89340782,1,-6.840139389,1,-13.45258236,1,-3.104053497,1,-4.211757183,1,4.727945805,1,-0.630221248,0,-1.109168768,0,-2.640002012,0
92.36969757,-18.56510925,1,-7.676944733,1,-12.65700531,1,-3.039207697,1,-4.149414539,1,4.662148476,1,-0.692964077,0,-1.110833168,0,-2.583645105,0
92.37369537,-18.15764618,1,-8.463446617,1,-13.20158958,1,-3.058023214,1,-4.09746933,1,4.661300182,1,-0.755481243,0,-1.1108495,0,-2.527487755,0
92.37770081,-19.63250732,1,-7.089259624,1,-13.24287415,1,-3.043977737,1,-3.886268854,1,4.59124136,1,-0.816804469,0,-1.10904026,0,-2.472661257,0
92.38169861,-17.64109993,1,-8.671833038,1,-11.60354805,1,-3.020802736,1,-3.72808218,1,4.518043995,1,-0.875854135,0,-1.105473757,0,-2.420217276,0
92.38569641,-16.21042061,1,-10.48035908,1,-10.85534859,1,-3.090014219,1,-3.548459291,1,4.529070854,1,-0.932845533,0,-1.100277066,0,-2.370002747,0
92.38970184,-16.00022316,1,-9.731752396,1,-9.703773499,1,-3.267032862,1,-3.211686373,1,4.491548538,1,-0.987349093,0,-1.093261719,0,-2.323031187,0
92.39369965,-13.08368969,1,-8.708959579,1,-7.838660717,1,-3.528842926,1,-2.95729351,1,4.440289021,1,-1.038957834,0,-1.084597945,0,-2.280111551,0
92.39769745,-10.41852951,1,-7.454974651,1,-6.78483963,1,-3.717960835,1,-2.721366882,1,4.366333961,1,-1.088037372,0,-1.07471621,0,-2.240909338,0
92.40169525,-10.11154366,1,-4.363722324,1,-6.973499298,1,-3.80918479,1,-2.480031967,1,4.232227325,1,-1.134066463,0,-1.063908577,0,-2.205621481,0
92.40570068,-9.866010666,1,-2.370140553,1,-7.790649891,1,-3.720637083,1,-2.237002611,1,4.025024891,1,-1.176365376,0,-1.052572846,0,-2.174419165,0
92.40969849,-10.7315979,1,-2.656978369,1,-7.62368679,1,-3.496750593,1,-2.058205128,1,3.66055131,1,-1.214376211,0,-1.041364312,0,-2.147210836,0
92.41369629,-11.35917568,1,0.133101612,1,-9.455967903,1,-2.937953949,1,-1.829314947,1,3.129926205,1,-1.247515082,0,-1.031155109,0,-2.12384057,0
92.41770172,-27.4574852,1,2.666995525,1,-12.31128883,1,-1.885396719,1,-1.661203384,1,2.356514931,1,-1.274068356,0,-1.022753716,0,-2.104165792,0
92.42169952,-27.23208809,1,-1.157342553,1,-14.65546417,1,-1.258627176,1,-0.725272715,1,1.838995457,1,-1.291489601,0,-1.016160369,0,-2.090832233,0
92.42569733,-15.53565407,1,-6.632859707,1,-12.39360142,1,-1.022127509,1,-0.01208996,1,1.348326445,1,-1.300926089,0,-1.010395408,0,-2.085063696,0
92.42969513,-7.83088398,1,-9.845081329,1,-8.310894966,1,-0.830899835,1,0.291682482,1,0.90378648,1,-1.305513382,0,-1.005908012,0,-2.084016562,0
92.43369293,-7.347364902,1,-11.1176548,1,-6.903157234,1,-0.743006468,1,0.451893866,1,0.588265181,1,-1.307575583,0,-1.002673626,0,-2.085246325,0
92.43769836,-8.697975159,1,-11.20824814,1,-7.271161556,1,-0.915745735,1,0.631686687,1,0.406700373,1,-1.308382154,0,-1.000218272,0,-2.088150978,0
92.44169617,-8.021047592,1,-11.32324409,1,-7.414391994,1,-1.273627996,1,0.843866765,1,0.266930401,1,-1.308831453,0,-0.998154938,0,-2.09279871,0
92.44569397,-5.535247326,1,-10.95125389,1,-6.334908962,1,-1.582697392,1,0.962839723,1,0.116760008,1,-1.308064938,0,-0.994787216,0,-2.090224266,0
92.44969177,-3.883231878,1,-9.879488945,1,-5.188933849,1,-1.774746656,1,0.997358263,1,-0.032301825,1,-1.309053183,0,-0.993611276,0,-2.097099304,0
92.45369721,-3.333562851,1,-8.303908348,1,-4.965773106,1,-1.88967669,1,1.03744483,1,-0.163543999,1,-1.310224414,0,-0.992944002,0,-2.104467392,0
92.45769501,-2.622318268,1,-6.738794804,1,-4.982976913,1,-1.951832175,1,1.082776904,1,-0.289521426,1,-1.311277866,0,-0.992737591,0,-2.112409592,0
92.46169281,-2.009480476,1,-5.399844646,1,-5.098756313,1,-1.925937653,1,1.101194143,1,-0.44117102,1,-1.312004209,0,-0.993028045,0,-2.120825529,0
92.46569824,-2.007699728,1,-4.720409393,1,-5.11030674,1,-1.81687808,1,1.117094636,1,-0.605113924,1,-1.312101841,0,-0.993899584,0,-2.129650116,0
92.46969605,-1.801988244,1,-4.353812218,1,-5.046456337,1,-1.66061604,1,1.14048326,1,-0.778611183,1,-1.311268926,0,-0.995422781,0,-2.138952017,0
92.47369385,-1.376613617,1,-4.223299026,1,-4.947033882,1,-1.493408084,1,1.17810595,1,-0.954846859,1,-1.309298038,0,-0.997580588,0,-2.148814201,0
92.47769165,-0.986519456,1,-4.311394691,1,-4.853097916,1,-1.332434893,1,1.208947182,1,-1.1230582,1,-1.306109667,0,-1.000352621,0,-2.159313202,0
92.48168945,-0.74163872,1,-4.533336163,1,-4.753872871,1,-1.186060309,1,1.253507614,1,-1.289337158,1,-1.301728845,0,-1.003717422,0,-2.170480728,0
92.48569489,-0.880790114,1,-4.83717823,1,-4.763699055,1,-1.063503623,1,1.318166137,1,-1.451141953,1,-1.296106458,0,-1.007615685,0,-2.182463169,0
92.48969269,-0.86069113,1,-5.090680599,1,-4.621901512,1,-0.970941663,1,1.393141866,1,-1.612445951,1,-1.289205313,0,-1.012023568,0,-2.195416689,0
92.49369049,-0.770691693,1,-5.216649532,1,-4.630596161,1,-0.899287999,1,1.477681279,1,-1.767921925,1,-1.281014442,0,-1.016888618,0,-2.209462404,0
92.49768829,-0.74212569,1,-5.216169357,1,-4.631205559,1,-0.839981556,1,1.568750262,1,-1.916365147,1,-1.271512032,0,-1.022177219,0,-2.224693537,0
92.50170136,-0.878824592,1,-5.236463547,1,-4.605038166,1,-0.786585212,1,1.678159714,1,-2.061324835,1,-1.260635972,0,-1.027829289,0,-2.241214275,0
92.50569916,-1.012686849,1,-5.159615517,1,-4.558977127,1,-0.738663435,1,1.784978151,1,-2.212643147,1,-1.248264432,0,-1.033805013,0,-2.259188175,0
92.50970459,-1.134090543,1,-5.045543194,1,-4.639355183,1,-0.685881257,1,1.904693365,1,-2.357462645,1,-1.234276175,0,-1.040071726,0,-2.278738022,0
92.51370239,-1.276221275,1,-4.935818195,1,-4.715416908,1,-0.621926785,1,2.030299187,1,-2.507765293,1,-1.218532681,0,-1.046573043,0,-2.299990654,0
92.5177002,-1.393365979,1,-4.739574432,1,-4.800720692,1,-0.565157294,1,2.161756039,1,-2.649445057,1,-1.200902581,0,-1.053266406,0,-2.32305789,0
92.521698,-1.457725406,1,-4.482465744,1,-4.866239548,1,-0.488802105,1,2.282526493,1,-2.796145439,1,-1.181255817,0,-1.060086131,0,-2.348042727,0
92.52571106,-1.528342843,1,-4.337329865,1,-4.92339325,1,-0.411660552,1,2.413068056,1,-2.929596424,1,-1.159454226,0,-1.06697011,0,-2.375047922,0
92.52970123,-1.606540084,1,-4.219057083,1,-4.988436699,1,-0.335125715,1,2.536114454,1,-3.057537556,1,-1.135431886,0,-1.073820591,0,-2.404120445,0
92.53369904,-1.66268003,1,-4.108936787,1,-5.0878582,1,-0.255721629,1,2.667195082,1,-3.176450253,1,-1.109131932,0,-1.080545783,0,-2.435323,0
92.53769684,-1.904014587,1,-3.94460535,1,-5.163180828,1,-0.176595077,1,2.783828497,1,-3.290190458,1,-1.080486655,0,-1.087060094,0,-2.468711376,0
92.5417099,-1.976787925,1,-3.7520082,1,-5.237422466,1,-0.093962803,1,2.911187649,1,-3.400202751,1,-1.049460769,0,-1.093246818,0,-2.504317522,0
92.5457077,-2.040261745,1,-3.52447176,1,-5.352002621,1,-0.009135042,1,3.018100023,1,-3.48964119,1,-1.016087413,0,-1.09900856,0,-2.542069197,0
92.54969788,-2.463356972,1,-3.430464506,1,-5.4576087,1,0.074173577,1,3.120979071,1,-3.56836009,1,-0.980494022,0,-1.104223609,0,-2.581832886,0
92.55369568,-2.823583126,1,-3.253373384,1,-5.603159904,1,0.157154098,1,3.231416702,1,-3.635956526,1,-0.942778766,0,-1.108768821,0,-2.623492241,0
92.55770874,-3.05068922,1,-3.199897051,1,-5.68596077,1,0.237753019,1,3.340237141,1,-3.690177679,1,-0.902964294,0,-1.112523079,0,-2.667034388,0
92.56170654,-3.450023651,1,-3.138693571,1,-5.739078999,1,0.320988476,1,3.456242561,1,-3.735644102,1,-0.861275554,0,-1.115364075,0,-2.712241173,0
92.56570435,-3.832680702,1,-2.963306665,1,-5.829791069,1,0.402529776,1,3.564712524,1,-3.791305304,1,-0.817855954,0,-1.117197275,0,-2.758946419,0
92.56969452,-4.211950779,1,-2.814918041,1,-5.995092869,1,0.489349395,1,3.680834532,1,-3.832409859,1,-0.772919416,0,-1.117939591,0,-2.80693841,0
92.57370758,-4.606582642,1,-2.682161808,1,-6.076559544,1,0.57474035,1,3.797501564,1,-3.880613804,1,-0.726662159,0,-1.117511868,0,-2.856023312,0
92.57770538,-4.799760342,1,-2.636680603,1,-6.105986595,1,0.642828703,1,3.907189846,1,-3.918261051,1,-0.679418147,0,-1.115838528,0,-2.905882597,0
92.58170319,-4.935249805,1,-2.625065804,1,-6.205236912,1,0.713331819,1,4.005868912,1,-3.947819948,1,-0.631648302,0,-1.112880588,0,-2.956076384,0
92.58570862,-5.000323772,1,-2.61979413,1,-6.224429131,1,0.77498281,1,4.100790501,1,-3.971295595,1,-0.58371675,0,-1.108604431,0,-3.006244659,0
92.58970642,-5.099241257,1,-2.53435564,1,-6.203200817,1,0.838166773,1,4.180102825,1,-3.993660927,1,-0.536050618,0,-1.103030682,0,-3.055966377,0
92.59370422,-5.162318707,1,-2.345716476,1,-6.213719845,1,0.901172519,1,4.244189739,1,-4.007022381,1,-0.488967746,0,-1.096181989,0,-3.104901075,0
92.59770203,-5.182156086,1,-2.24205184,1,-6.224910736,1,0.968331933,1,4.29268074,1,-4.016515255,1,-0.442815036,0,-1.088134408,0,3.130494833,0
92.60169983,-5.239639759,1,-2.181223154,1,-6.23967123,1,1.036024928,1,4.330259323,1,-4.014132023,1,-0.39784193,0,-1.078943849,0,3.084131002,0
92.60570526,-5.411659241,1,-2.169808388,1,-6.226291656,1,1.103579521,1,4.349977016,1,-4.008265018,1,-0.354290962,0,-1.068689585,0,3.039447546,0
92.60970306,-5.612523079,1,-2.171318293,1,-6.291697025,1,1.17561996,1,4.37812233,1,-3.982469797,1,-0.312308073,0,-1.057414889,0,2.996618271,0
92.61370087,-5.771337986,1,-2.196982384,1,-6.327461243,1,1.247738242,1,4.39230299,1,-3.956509113,1,-0.2720204,0,-1.045181155,0,2.955791473,0
92.61769867,-5.93125391,1,-2.299527884,1,-6.428273678,1,1.310984373,1,4.414875984,1,-3.910537958,1,-0.233546466,0,-1.032055259,0,2.91708231,0
92.62171173,-5.988760471,1,-2.360552311,1,-6.494836807,1,1.370254278,1,4.424249172,1,-3.846268892,1,-0.196995005,0,-1.018089175,0,2.880594015,0
92.62570953,-5.984663486,1,-2.332132578,1,-6.647185802,1,1.424829602,1,4.428191662,1,-3.782788277,1,-0.16241084,0,-1.003394127,0,2.846375704,0
92.62971497,-6.040149689,1,-2.304909229,1,-6.789105415,1,1.484857202,1,4.42165947,1,-3.700648785,1,-0.129778743,0,-0.988069892,0,2.814418793,0
92.63371277,-6.138169765,1,-2.1545403,1,-6.963344574,1,1.548966646,1,4.404035568,1,-3.615936756,1,-0.099018164,0,-0.97220391,0,2.784693718,0
92.63771057,-6.317820072,1,-1.988778472,1,-7.22418499,1,1.635206819,1,4.390735149,1,-3.523305416,1,-0.070014969,0,-0.955883503,0,2.757134199,0
92.64170837,-6.550694466,1,-1.83592844,1,-7.425049782,1,1.733728647,1,4.371333122,1,-3.435178518,1,-0.042593576,0,-0.939166188,0,2.73164916,0
92.64571381,-6.763031006,1,-1.776849747,1,-7.767838955,1,1.838238716,1,4.350533009,1,-3.344796896,1,-0.016563501,0,-0.922133029,0,2.708098888,0
92.64971161,-7.018364906,1,-1.786137938,1,-8.048415184,1,1.950724721,1,4.324944496,1,-3.255663157,1,0.008230095,0,-0.90484035,0,2.686370134,0
92.65370941,-7.267006397,1,-1.92975688,1,-8.371286392,1,2.062517405,1,4.296574116,1,-3.180127859,1,0.031903543,0,-0.88734138,0,2.666327715,0
92.65771484,-7.397997856,1,-1.94494462,1,-8.743961334,1,2.166282177,1,4.268657207,1,-3.103996277,1,0.054605585,0,-0.869674087,0,2.64781785,0
92.66171265,-7.667716026,1,-2.021014214,1,-9.1130476,1,2.273949862,1,4.241639614,1,-3.042169094,1,0.076463975,0,-0.851886749,0,2.630718708,0
92.66571045,-8.023839951,1,-2.004692316,1,-9.483211517,1,2.402215958,1,4.218056202,1,-2.970309973,1,0.09760166,0,-0.833982408,0,2.614927292,0
92.66970825,-8.337599754,1,-1.993182778,1,-9.959942818,1,2.521166325,1,4.202989578,1,-2.911438465,1,0.118146844,0,-0.815975308,0,2.600356102,0
92.67370606,-8.573770523,1,-1.97550714,1,-10.54383278,1,2.658336163,1,4.191308975,1,-2.857445478,1,0.138202235,0,-0.797850132,0,2.58692503,0
92.67771149,-8.872966766,1,-1.801449776,1,-11.05947971,1,2.789480209,1,4.175155163,1,-2.809071064,1,0.15791142,0,-0.779637218,0,2.574513435,0
92.68170929,-9.314950943,1,-1.66854775,1,-11.62063313,1,2.937544823,1,4.169706345,1,-2.759095907,1,0.17733334,0,-0.76132828,0,2.563079357,0
92.68570709,-9.955928802,1,-1.472706795,1,-12.14537621,1,3.101075649,1,4.16571188,1,-2.716305971,1,0.196579829,0,-0.742919147,0,2.552587271,0
92.6897049,-10.55245876,1,-1.237100363,1,-12.62017441,1,3.268038273,1,4.171757698,1,-2.67081356,1,0.215743646,0,-0.724398017,0,2.542981625,0
92.69371033,-11.18552876,1,-1.047243118,1,-13.05468082,1,3.449745655,1,4.179182053,1,-2.62223959,1,0.254947722,0,-0.715310037,0,2.552606583,0
92.69770813,-11.84718227,1,-1.054857492,1,-13.48078156,1,3.630169868,1,4.185053349,1,-2.578603983,1,0.273944467,0,-0.696447253,0,2.545162439,0
92.70170593,-12.62593937,1,-1.135433555,1,-13.91295624,1,3.801931143,1,4.182860851,1,-2.529606581,1,0.293017238,0,-0.677518725,0,2.538531065,0
92.70570374,-13.48485374,1,-1.278345942,1,-14.31233692,1,3.948384523,1,4.168551445,1,-2.498195887,1,0.312172204,0,-0.65857017,0,2.53265214,0
92.70970154,-14.52764034,1,-1.549378037,1,-14.68418789,1,4.067645073,1,4.149453163,1,-2.478961706,1,0.331389427,0,-0.639629006,0,2.527412176,0
92.71370697,-15.7878685,1,-1.792248249,1,-15.08164215,1,4.161356449,1,4.127570629,1,-2.473412991,1,0.350624144,0,-0.620718598,0,2.52271986,0
92.71770477,-17.14081764,1,-1.662749887,1,-15.53449821,1,4.21726656,1,4.088540554,1,-2.499111652,1,0.36985296,0,-0.601832867,0,2.518434048,0
92.72170258,-18.61733627,1,-0.99445653,1,-15.90279579,1,4.250729084,1,4.043114185,1,-2.54217267,1,0.389032662,0,-0.583000243,0,2.514410973,0
92.72570801,-20.17619133,1,0.167118877,1,-16.13411331,1,4.268546581,1,4.002588272,1,-2.599913597,1,0.408168852,0,-0.564173758,0,2.51056695,0
92.72970581,-21.50053406,1,2.228231192,1,-16.33915138,1,4.301334381,1,3.93230772,1,-2.663235903,1,0.427282959,0,-0.545395494,0,2.506815672,0
92.73370361,-22.7226944,1,4.337907791,1,-16.11186028,1,4.370354176,1,3.878232479,1,-2.714193344,1,0.446480215,0,-0.526699245,0,2.503164053,0
92.73770142,-24.4430275,1,5.840312004,1,-15.01764965,1,4.488837719,1,3.891531706,1,-2.731785059,1,0.465861082,0,-0.507951617,0,2.499783039,0
92.74170685,-26.59466934,1,6.346952438,1,-13.4454031,1,4.595227718,1,3.950684071,1,-2.721176863,1,0.485418886,0,-0.489024103,0,2.496906757,0
92.74571228,-28.09597206,1,6.309886456,1,-11.98858929,1,4.63640976,1,4.015820026,1,-2.671858549,1,0.504916072,0,-0.469880521,0,2.494739056,0
92.74971008,-29.02642632,1,6.337809086,1,-10.28773212,1,4.576170444,1,4.065376759,1,-2.56287837,1,0.523948073,0,-0.450647742,0,2.493436575,0
92.75371552,-29.46442986,1,6.695625782,1,-8.313891411,1,4.429262161,1,4.077831268,1,-2.419224501,1,0.542121351,0,-0.431546748,0,2.4930861,0
92.75771332,-29.09910202,1,7.165216446,1,-6.428709984,1,4.220143795,1,4.026648998,1,-2.252114534,1,0.55919981,0,-0.41282475,0,2.493666172,0
92.76171112,-28.09700966,1,8.133760452,1,-4.612633705,1,3.963845491,1,3.905219793,1,-2.083672523,1,0.575064361,0,-0.394770622,0,2.494988918,0
92.76571655,-26.77061272,1,9.70928669,1,-2.893535137,1,3.696719408,1,3.677911758,1,-1.911488771,1,0.589684427,0,-0.377699524,0,2.49680829,0
92.76971436,-25.52847862,1,11.53854179,1,-1.239052773,1,3.452662706,1,3.354807377,1,-1.744602919,1,0.603252351,0,-0.361935437,0,2.498803854,0
92.77371216,-25.03158951,1,13.35722733,1,0.232440159,1,3.271290541,1,2.970252275,1,-1.576831937,1,0.61602062,0,-0.347748578,0,2.500726461,0
92.77770996,-25.18412781,1,14.86181736,1,1.556276917,1,3.127871275,1,2.561269045,1,-1.394924879,1,0.62823379,0,-0.335283577,0,2.502434731,0
92.78170776,-25.86990929,1,16.14081955,1,2.632326365,1,3.039385557,1,2.148010015,1,-1.225624681,1,0.64009577,0,-0.324589729,0,2.503869534,0
92.7857132,-26.62415695,1,17.12093163,1,3.331186056,1,2.981729269,1,1.744922519,1,-1.043406367,1,0.651788831,0,-0.315637648,0,2.504987955,0
92.789711,-26.86255455,1,17.74962807,1,3.713448763,1,2.923038244,1,1.3656708,1,-0.882260919,1,0.663359761,0,-0.308363974,0,2.505777121,0
92.7937088,-26.88665962,1,17.73085213,1,3.742578745,1,2.832598686,1,0.995686591,1,-0.725798845,1,0.674747705,0,-0.302674651,0,2.506215096,0
92.7977066,-26.72782135,1,17.04989815,1,3.555269957,1,2.671208143,1,0.660051942,1,-0.58676964,1,0.685768068,0,-0.298460454,0,2.506258965,0
92.80171204,-26.47797394,1,15.81719303,1,3.262390614,1,2.426390409,1,0.359309822,1,-0.45435378,1,0.696080983,0,-0.295566559,0,2.505931616,0
92.80570984,-26.32305908,1,14.18098259,1,2.669731379,1,2.080643415,1,0.082812808,1,-0.341886818,1,0.705312729,0,-0.293879688,0,2.505247116,0
92.80970764,-26.17386055,1,12.00191879,1,1.98021853,1,1.629861712,1,-0.166729376,1,-0.225788087,1,0.713064671,0,-0.293267488,0,2.504225016,0
92.81371307,-12.39099598,1,-15.2046957,1,-3.01997447,1,-0.487516195,1,-0.72555989,1,0.105699018,1,0.716643155,0,-0.294347703,0,2.502864838,0
92.81771088,-27.1264534,1,-20.62899399,1,5.425234318,1,-3.964899063,1,-1.806708813,1,0.918553352,1,0.708099127,0,-0.299384981,0,2.500993013,0
92.82170868,-36.16685104,1,5.335447788,1,7.083543301,1,-4.736769676,1,-2.461095572,1,1.723338962,1,0.69003123,0,-0.309508979,0,2.499218464,0
92.82570648,0.788475394,1,18.85774612,1,3.794410229,1,-3.998972893,1,-1.90353334,1,2.104834795,1,0.672729492,0,-0.321289182,0,2.499912739,0
92.82970429,9.022941589,1,10.20466423,1,-5.517873287,1,-3.982184887,1,-2.074912786,1,2.307540178,1,0.655997038,0,-0.332857728,0,2.502136707,0
92.83370972,-10.02395821,1,-0.151566729,1,-14.98872471,1,-3.931304455,1,-2.14600873,1,2.489254475,1,0.639386177,0,-0.345555276,0,2.504787922,0
92.83770752,-12.70352364,1,-12.43132782,1,-19.90865326,1,-3.865881205,1,-1.482956886,1,2.254488707,1,0.622464299,0,-0.357103944,0,2.50831151,0
92.84170532,2.72896862,1,-25.14186668,1,-21.82089996,1,-3.860822678,1,-0.928426385,1,2.317006588,1,0.605455458,0,-0.366139829,0,2.513411045,0
92.84570313,5.903260708,1,-31.13335419,1,-19.25894737,1,-4.387233734,1,-0.841593802,1,2.499763966,1,0.586590767,0,-0.374435186,0,2.519778728,0
92.84970856,7.29617691,1,-28.2612915,1,-12.62655449,1,-4.787342072,1,-0.842997253,1,2.72619319,1,0.565351367,0,-0.382897645,0,2.527326822,0
92.85370636,7.822254181,1,-18.44713783,1,-11.04071426,1,-5.02003479,1,-1.172795773,1,2.867846489,1,0.542672753,0,-0.392192125,0,2.535360575,0
92.85770416,6.143880367,1,-6.712296009,1,-8.065015793,1,-5.015205383,1,-1.604518056,1,2.870233297,1,0.519589901,0,-0.402875662,0,2.543043137,0
92.8617096,6.180864811,1,4.448582172,1,-7.40036869,1,-4.770732403,1,-2.299831152,1,2.728029728,1,0.497305274,0,-0.415026724,0,2.549580097,0
92.86571503,2.182005167,1,6.846064568,1,-6.55712986,1,-4.60803175,1,-2.977816582,1,2.547656775,1,0.476561069,0,-0.429324627,0,2.554490328,0
92.86971283,-3.722035885,1,9.968883514,1,-8.497258186,1,-4.338440418,1,-3.556938648,1,2.175932884,1,0.457500547,0,-0.445315629,0,2.557272673,0
92.87371826,-13.55564022,1,14.42836475,1,-13.37988091,1,-3.896816015,1,-3.725926161,1,1.785968661,1,0.440605402,0,-0.462015361,0,2.558125496,0
92.87771606,-24.86851501,1,16.38018799,1,-19.18132973,1,-3.36243844,1,-3.402906418,1,1.350441217,1,0.426147938,0,-0.477686793,0,2.557720661,0
92.88171387,-31.57595062,1,14.8649826,1,-21.37598801,1,-2.827875853,1,-2.811981916,1,1.054909348,1,0.414264143,0,-0.4909814,0,2.556903124,0
92.8857193,-30.58387184,1,15.42893124,1,-22.17698288,1,-2.353522062,1,-1.989619136,1,0.913288176,1,0.404012561,0,-0.501409054,0,2.556610107,0
92.8897171,-24.52059937,1,17.38344955,1,-20.46435165,1,-1.782735705,1,-1.38900578,1,0.930480123,1,0.395312518,0,-0.50895828,0,2.557507038,0
92.89371491,-18.07293129,1,12.78661633,1,-18.44288445,1,-1.320091605,1,-1.017291903,1,0.901618719,1,0.388266802,0,-0.514818013,0,2.559286594,0
92.89771271,-8.38576889,1,5.211562634,1,-14.09415531,1,-1.066534638,1,-0.763210177,1,0.894070864,1,0.382415801,0,-0.51938349,0,2.561594009,0
92.90171051,-3.415447712,1,-0.468009681,1,-11.96341038,1,-0.908663452,1,-0.927091539,1,0.861464143,1,0.377304465,0,-0.52376169,0,2.563949823,0
92.90571594,-4.252938747,1,-5.67395401,1,-10.35682678,1,-0.884706557,1,-0.987282872,1,0.737545252,1,0.372828722,0,-0.52856797,0,2.565760374,0
92.90971375,-5.12198019,1,-7.363286018,1,-9.33579731,1,-0.94363308,1,-0.990394533,1,0.581394136,1,0.368572503,0,-0.533193648,0,2.566946983,0
92.91371155,-7.579699039,1,-6.669756413,1,-9.472742081,1,-0.997597635,1,-0.901685536,1,0.430413783,1,0.364371508,0,-0.537504137,0,2.567567825,0
92.91770935,-7.33788538,1,-3.090685606,1,-8.34052372,1,-0.936134577,1,-0.701398611,1,0.368145019,1,0.360336065,0,-0.541075945,0,2.567931652,0
92.92171478,-6.73425293,1,-0.431562394,1,-8.128767014,1,-0.933012784,1,-0.606279254,1,0.419114709,1,0.35624069,0,-0.544034243,0,2.568581104,0
92.92571259,-8.193508148,1,0.377060384,1,-8.77894783,1,-0.877281368,1,-0.487779379,1,0.461770236,1,0.352086842,0,-0.546734512,0,2.569620848,0
92.92971039,-8.171963692,1,0.354250669,1,-8.770677567,1,-0.809402883,1,-0.303275675,1,0.488521934,1,0.347966254,0,-0.548856616,0,2.571084976,0
92.93371582,-8.853212357,1,-1.195051908,1,-8.820990562,1,-0.751583338,1,-0.190692037,1,0.458732098,1,0.343934655,0,-0.550430119,0,2.572809458,0
92.93771362,-9.176400185,1,-2.685197353,1,-8.358984947,1,-0.653226495,1,-0.039800636,1,0.351255357,1,0.340317369,0,-0.551424086,0,2.57440114,0
92.94171143,-7.036445141,1,-3.685136557,1,-7.732571125,1,-0.633663177,1,0.030805238,1,0.278458565,1,0.337018371,0,-0.551832378,0,2.575806856,0
92.94570923,-5.410257339,1,-4.001603127,1,-7.892392159,1,-0.618984461,1,0.018151801,1,0.227608323,1,0.335493594,0,-0.554155648,0,2.591359854,0
92.94970703,-5.177265167,1,-3.260123968,1,-9.232293129,1,-0.581867218,1,0.01352313,1,0.19255577,1,0.332581937,0,-0.554377377,0,2.592311382,0
92.95371246,-5.170464039,1,-2.000949621,1,-9.621062279,1,-0.528499722,1,0.039575849,1,0.205914825,1,0.329870969,0,-0.55453366,0,2.593224525,0
92.95771027,-4.735568047,1,-1.586168528,1,-9.319469452,1,-0.487456024,1,0.03343365,1,0.241925612,1,0.32727927,0,-0.55468291,0,2.594275713,0
92.96170807,-4.765837193,1,-2.157850742,1,-9.089107513,1,-0.445326805,1,0.01029753,1,0.266593456,1,0.324783713,0,-0.554916441,0,2.595451355,0
92.96570587,-5.016821384,1,-3.060899734,1,-8.720928192,1,-0.445669889,1,0.010483118,1,0.264042318,1,0.322387606,0,-0.555216372,0,2.596642733,0
92.9697113,-4.535815239,1,-3.431600571,1,-8.525831223,1,-0.429916233,1,0.002849519,1,0.248474255,1,0.320013881,0,-0.555504262,0,2.597801685,0
92.97370911,-4.163995266,1,-3.764736652,1,-8.556887627,1,-0.432911426,1,-0.009535417,1,0.2600604,1,0.317702711,0,-0.555843949,0,2.598916054,0
92.97770691,-3.867328882,1,-3.135555506,1,-8.855685234,1,-0.434050858,1,-0.059396461,1,0.277832031,1,0.315351933,0,-0.556303084,0,2.600070477,0
92.98171234,-3.886660814,1,-2.544087172,1,-8.872868538,1,-0.42073676,1,-0.086771488,1,0.297550917,1,0.313034713,0,-0.556934953,0,2.601243496,0
92.98571777,-4.447479248,1,-1.740024567,1,-9.14984417,1,-0.391282469,1,-0.1090407,1,0.300399631,1,0.310757339,0,-0.557675123,0,2.602450848,0
92.98971558,-5.311775208,1,-0.914681494,1,-9.145926476,1,-0.337810606,1,-0.109840706,1,0.284774095,1,0.30868423,0,-0.558452129,0,2.603607178,0
92.99372101,-5.851741791,1,-0.474940181,1,-8.951376915,1,-0.261206031,1,-0.092969015,1,0.246651232,1,0.306932032,0,-0.55915612,0,2.604655027,0
92.99771881,-5.365801811,1,-0.821078479,1,-8.698312759,1,-0.196887687,1,-0.09780135,1,0.213603884,1,0.305542707,0,-0.559798181,0,2.605552197,0
93.00171661,-4.661316872,1,-1.449415088,1,-8.798387527,1,-0.142211542,1,-0.106802091,1,0.18221961,1,0.304477692,0,-0.560414851,0,2.606295586,0
93.00572205,-4.217586517,1,-2.149627447,1,-8.78676033,1,-0.122527286,1,-0.118036211,1,0.168834642,1,0.303636521,0,-0.561049521,0,2.606907606,0
93.00971985,-4.001471996,1,-2.751342297,1,-8.760455132,1,-0.126050949,1,-0.141841531,1,0.172551036,1,0.302831173,0,-0.56175077,0,2.607494354,0
93.01371765,-4.392808914,1,-2.836319208,1,-8.696928024,1,-0.130994678,1,-0.156515628,1,0.176860705,1,0.301996291,0,-0.56253618,0,2.608078957,0
93.01771545,-4.820790291,1,-2.757518291,1,-8.615307808,1,-0.135945931,1,-0.168199137,1,0.171899915,1,0.301163763,0,-0.563367188,0,2.608648777,0
93.02171326,-4.912442207,1,-2.431963682,1,-8.591061592,1,-0.122478604,1,-0.187027618,1,0.153246701,1,0.300381064,0,-0.564241886,0,2.609130383,0
93.02571106,-4.600705147,1,-2.296620846,1,-8.624023438,1,-0.118128479,1,-0.198606491,1,0.13288407,1,0.299695015,0,-0.565140426,0,2.609500408,0
93.02971649,-4.224295616,1,-2.230689526,1,-8.771996498,1,-0.098860875,1,-0.221733719,1,0.124511689,1,0.299109459,0,-0.566088855,0,2.609794617,0
93.03371429,-4.101772785,1,-2.189020872,1,-8.943770409,1,-0.075204551,1,-0.242675737,1,0.123201683,1,0.298624724,0,-0.567118406,0,2.610030174,0
93.0377121,-4.199988365,1,-2.193657637,1,-8.903902054,1,-0.059372582,1,-0.265699029,1,0.122823671,1,0.298237264,0,-0.568229437,0,2.610234261,0
93.04172516,-4.449775696,1,-2.267740965,1,-8.899130821,1,-0.030634385,1,-0.280310452,1,0.114326574,1,0.297982961,0,-0.569412172,0,2.610388041,0
93.04571533,-4.494443417,1,-2.343318224,1,-8.804151535,1,-0.003558244,1,-0.296779484,1,0.101905838,1,0.297868788,0,-0.570645988,0,2.610477924,0
93.04971314,-4.48451376,1,-2.172430515,1,-8.788391113,1,0.024244709,1,-0.309544921,1,0.086276725,1,0.297903419,0,-0.571914017,0,2.610491753,0
93.05371094,-4.505413532,1,-1.724467039,1,-8.800940514,1,0.060383212,1,-0.32078135,1,0.078496218,1,0.298116744,0,-0.573215485,0,2.610419035,0
93.05770874,-4.596028328,1,-1.306485653,1,-8.727466583,1,0.099260785,1,-0.333365202,1,0.07113684,1,0.298500657,0,-0.574553728,0,2.610303879,0
93.0617218,-4.705517292,1,-1.341429114,1,-8.69496727,1,0.141491517,1,-0.343504608,1,0.057065099,1,0.299084842,0,-0.575933933,0,2.610121727,0
93.06571198,-4.732604027,1,-1.685498714,1,-8.599594116,1,0.171633318,1,-0.349408895,1,0.04032002,1,0.299856901,0,-0.577322662,0,2.609861851,0
93.06970978,-4.880084038,1,-2.080331326,1,-8.390442848,1,0.194060206,1,-0.348841012,1,0.03426192,1,0.300772041,0,-0.578711629,0,2.609531403,0
93.07370758,-4.838931561,1,-2.455911398,1,-8.264903069,1,0.209213376,1,-0.347803593,1,0.03243937,1,0.301767528,0,-0.58008182,0,2.609185934,0
93.07772064,-4.978775978,1,-2.72171998,1,-8.154977798,1,0.209912032,1,-0.335735321,1,0.040181562,1,0.302789241,0,-0.581434846,0,2.608867884,0
93.08171845,-4.841288567,1,-3.022987366,1,-7.973954678,1,0.197605655,1,-0.326282591,1,0.0535358,1,0.303751767,0,-0.58275342,0,2.608607769,0
93.08570862,-4.82589817,1,-3.29943943,1,-7.945452213,1,0.187947392,1,-0.313003659,1,0.072427765,1,0.3046242,0,-0.58404249,0,2.608430386,0
93.08972168,-4.824261189,1,-3.439099073,1,-7.825219631,1,0.162482321,1,-0.3024562,1,0.098960564,1,0.3053523,0,-0.585316241,0,2.608376741,0
93.09371948,-4.862756729,1,-3.649807453,1,-7.80335474,1,0.132761255,1,-0.284681916,1,0.122226819,1,0.305898368,0,-0.586569905,0,2.608464479,0
93.09771729,-4.819650173,1,-3.886973381,1,-7.779889107,1,0.104128771,1,-0.270822495,1,0.149393231,1,0.306247562,0,-0.587795258,0,2.608690023,0
93.10172272,-4.812837601,1,-3.921613455,1,-7.691419601,1,0.072383322,1,-0.257938385,1,0.172526941,1,0.306403816,0,-0.589005113,0,2.6090343,0
93.10572815,-4.816080093,1,-3.797283173,1,-7.719973087,1,0.041036036,1,-0.252540708,1,0.184097081,1,0.306377798,0,-0.59019208,0,2.609482765,0
93.10972595,-4.639175415,1,-3.624562502,1,-7.885645866,1,0.021616485,1,-0.24645555,1,0.192743003,1,0.306224644,0,-0.591379106,0,2.609987259,0
93.11373138,-4.796664238,1,-3.195409775,1,-7.987349987,1,0.00996829,1,-0.246333361,1,0.191393331,1,0.305982709,0,-0.592553258,0,2.610524893,0
93.11772919,-4.724457264,1,-2.995440722,1,-8.145273209,1,0.004305404,1,-0.244641751,1,0.193957999,1,0.305713028,0,-0.593721032,0,2.611054897,0
93.12172699,-4.439163208,1,-2.86268115,1,-8.299789429,1,0.001530895,1,-0.251050979,1,0.184630349,1,0.305449009,0,-0.594902813,0,2.611562252,0
93.12572479,-4.662741661,1,-2.512405872,1,-8.442295074,1,0.013214724,1,-0.2694574,1,0.171185911,1,0.305224001,0,-0.596116722,0,2.612004042,0
93.1297226,-4.554632187,1,-2.314582348,1,-8.454006195,1,0.028205026,1,-0.280472934,1,0.160802245,1,0.305115193,0,-0.597366333,0,2.612364531,0
93.13372803,-4.550537109,1,-2.008007765,1,-8.563987732,1,0.045754872,1,-0.299458563,1,0.14553389,1,0.305099547,0,-0.598651409,0,2.61265707,0
93.13772583,-4.54424572,1,-2.03607893,1,-8.571099281,1,0.072986953,1,-0.3082923,1,0.136452064,1,0.305225849,0,-0.599979997,0,2.612874031,0
93.14172363,-4.44920969,1,-2.261327744,1,-8.639033318,1,0.088089757,1,-0.325855523,1,0.12786153,1,0.305467427,0,-0.601357639,0,2.613025904,0
93.14572144,-4.41172123,1,-2.517036676,1,-8.568047523,1,0.095951468,1,-0.34003675,1,0.131311908,1,0.305770248,0,-0.602787793,0,2.613139629,0
93.14972687,-4.700797558,1,-2.718515635,1,-8.422412872,1,0.100520916,1,-0.34765926,1,0.138879836,1,0.306095719,0,-0.604267478,0,2.613267183,0
93.15372467,-4.678243637,1,-2.832231045,1,-8.269338608,1,0.101921648,1,-0.358365923,1,0.145193785,1,0.306410849,0,-0.605793536,0,2.613403559,0
93.15772247,-4.790555954,1,-2.82373476,1,-8.209064484,1,0.108238734,1,-0.366159141,1,0.15775691,1,0.306723595,0,-0.607373595,0,2.613575459,0
93.16172791,-4.770659924,1,-2.854486465,1,-8.224651337,1,0.120474726,1,-0.368219733,1,0.169318289,1,0.307045877,0,-0.608965695,0,2.613804817,0
93.16572571,-4.590474129,1,-3.201433897,1,-8.230269432,1,0.104194619,1,-0.378759563,1,0.183309451,1,0.307342887,0,-0.610592067,0,2.614078522,0
93.16972351,-4.672224998,1,-2.789532423,1,-8.293782234,1,0.088298485,1,-0.401257545,1,0.189696193,1,0.307536006,0,-0.612295866,0,2.614386082,0
93.17372131,-4.842162132,1,-2.525603533,1,-8.150994301,1,0.1105344,1,-0.404357672,1,0.19017531,1,0.307761192,0,-0.614061356,0,2.614665747,0
93.17771912,-4.872467995,1,-2.566559792,1,-8.194719315,1,0.135776937,1,-0.40636766,1,0.197526515,1,0.308085084,0,-0.615838528,0,2.614968061,0
93.18172455,-4.768635273,1,-2.693546295,1,-8.28131485,1,0.136051491,1,-0.415109783,1,0.194912791,1,0.30846411,0,-0.617642522,0,2.615270615,0
93.18572235,-4.81874752,1,-2.617994785,1,-8.26449585,1,0.145751759,1,-0.435531646,1,0.191937223,1,0.308868289,0,-0.619502902,0,2.615540504,0
93.18972015,-4.750098228,1,-2.741966486,1,-8.317354202,1,0.147761598,1,-0.45145905,1,0.195597261,1,0.309304416,0,-0.621428251,0,2.615787268,0
93.19371796,-4.656459332,1,-2.542442799,1,-8.396271706,1,0.127980083,1,-0.474653721,1,0.196996391,1,0.302590162,0,-0.589186192,0,2.564655542,0
93.19772339,-4.842637539,1,-2.252359867,1,-8.36066246,1,0.159411028,1,-0.498180538,1,0.193633765,1,0.303049982,0,-0.591282129,0,2.564849615,0
93.20172119,-4.933163166,1,-2.2655406,1,-8.336228371,1,0.178278178,1,-0.502253234,1,0.196310624,1,0.303630918,0,-0.593418598,0,2.565028191,0
93.20571899,-4.777606964,1,-2.591231823,1,-8.498869896,1,0.181869239,1,-0.520748675,1,0.192129254,1,0.304260105,0,-0.5955984,0,2.565189838,0
93.20972443,-4.698153496,1,-2.876654387,1,-8.39444828,1,0.176608771,1,-0.548763812,1,0.198401943,1,0.304923236,0,-0.597878218,0,2.565312862,0
93.21372223,-4.78998518,1,-2.478394032,1,-8.433218002,1,0.169966504,1,-0.561437607,1,0.196954474,1,0.305553436,0,-0.600231647,0,2.56540823,0
93.21772003,-5.031659603,1,-2.320416212,1,-8.380166054,1,0.203817785,1,-0.577505529,1,0.204655752,1,0.306243777,0,-0.602659285,0,2.565505505,0
93.22172546,-4.915773869,1,-2.397709608,1,-8.356233597,1,0.210748613,1,-0.588779569,1,0.209809393,1,0.307031661,0,-0.605139852,0,2.565604687,0
93.2257309,-4.94368124,1,-2.516122341,1,-8.386850357,1,0.220016912,1,-0.619467258,1,0.215051144,1,0.307843536,0,-0.607700825,0,2.5657022,0
93.2297287,-5.133657932,1,-2.829227924,1,-8.380736351,1,0.211978599,1,-0.638204932,1,0.214795604,1,0.308680892,0,-0.610358834,0,2.565774679,0
93.23373413,-4.946928501,1,-2.829535961,1,-8.285346031,1,0.185888827,1,-0.662718952,1,0.217780948,1,0.309455872,0,-0.613105953,0,2.565819025,0
93.23773193,-5.022781849,1,-2.58977437,1,-8.351721764,1,0.210023358,1,-0.683213294,1,0.229162827,1,0.3102265,0,-0.615944028,0,2.565849781,0
93.24172974,-4.885085106,1,-2.636827946,1,-8.274580002,1,0.220776305,1,-0.698879242,1,0.241949528,1,0.311058998,0,-0.618869185,0,2.565906525,0
93.24572754,-4.98422575,1,-2.786918402,1,-8.221425056,1,0.22272408,1,-0.717843175,1,0.247405857,1,0.311901987,0,-0.621863604,0,2.565987587,0
93.24972534,-5.120161533,1,-2.804875851,1,-8.086346626,1,0.226162583,1,-0.734316945,1,0.258275568,1,0.312756419,0,-0.624931753,0,2.566071033,0
93.25373077,-5.219787598,1,-2.760026932,1,-8.127744675,1,0.240261897,1,-0.74804163,1,0.266721129,1,0.313615143,0,-0.628073812,0,2.566173792,0
93.25772858,-5.273648739,1,-2.941548824,1,-8.044341087,1,0.242948994,1,-0.766985416,1,0.282803029,1,0.31450367,0,-0.631291211,0,2.566312313,0
93.26172638,-5.092937469,1,-2.978898287,1,-7.949025154,1,0.225263685,1,-0.790212095,1,0.285740465,1,0.315337956,0,-0.63459903,0,2.566462278,0
93.26572418,-5.170460224,1,-2.692137718,1,-8.012963295,1,0.230384976,1,-0.811831236,1,0.300037831,1,0.316162586,0,-0.638007939,0,2.56661272,0
93.26972961,-5.160261631,1,-2.473438025,1,-8.210489273,1,0.242658123,1,-0.830215633,1,0.300235659,1,0.317017376,0,-0.641496181,0,2.566763639,0
93.27372742,-5.234122753,1,-2.492567539,1,-8.315293312,1,0.2610448,1,-0.848227978,1,0.307844311,1,0.317950547,0,-0.645072222,0,2.566903114,0
93.27772522,-5.225357056,1,-2.680238008,1,-8.188976288,1,0.262387544,1,-0.882136106,1,0.306911588,1,0.318927199,0,-0.648745775,0,2.567016125,0
93.28173065,-5.288210869,1,-2.672708273,1,-8.120779037,1,0.265871137,1,-0.903672576,1,0.312665582,1,0.319934011,0,-0.652531624,0,2.567086935,0
93.28572846,-5.278570175,1,-2.713475227,1,-8.111003876,1,0.265113086,1,-0.928866088,1,0.324010432,1,0.320963025,0,-0.656417847,0,2.567147732,0
93.28972626,-5.320930004,1,-2.940500975,1,-8.150658607,1,0.240240291,1,-0.947706342,1,0.331122756,1,0.32193172,0,-0.660396636,0,2.567225218,0
93.29372406,-5.127526283,1,-2.584844589,1,-8.067128181,1,0.227740765,1,-0.98459971,1,0.32759124,1,0.322840691,0,-0.664477408,0,2.567252398,0
93.29772186,-5.350881577,1,-2.306113958,1,-8.189297676,1,0.247916162,1,-1.020680547,1,0.331435531,1,0.323815942,0,-0.66870147,0,2.567218542,0
93.3017273,-5.311894417,1,-2.420312166,1,-8.187155724,1,0.265567452,1,-1.06034708,1,0.338593572,1,0.324887812,0,-0.673067868,0,2.567147017,0
93.3057251,-5.305250645,1,-2.796534061,1,-8.306054115,1,0.275546849,1,-1.099617243,1,0.342133403,1,0.326035649,0,-0.677592516,0,2.567032099,0
93.3097229,-5.239596367,1,-2.854436636,1,-8.228562355,1,0.281311899,1,-1.147966266,1,0.354063809,1,0.327246845,0,-0.682304859,0,2.56687665,0
93.3137207,-5.22241497,1,-3.058045626,1,-8.252178192,1,0.290270507,1,-1.194961786,1,0.366548091,1,0.32850796,0,-0.687203705,0,2.566693783,0
93.31772614,-5.221197128,1,-3.288972616,1,-8.305143356,1,0.297736198,1,-1.24243021,1,0.397586286,1,0.329792321,0,-0.692311168,0,2.566531658,0
93.32172394,-5.205017567,1,-3.722073078,1,-8.441527367,1,0.27660495,1,-1.290039659,1,0.41958189,1,0.331028491,0,-0.697627306,0,2.566405535,0
93.32572174,-5.05079174,1,-3.695100307,1,-8.435604095,1,0.257519335,1,-1.350389123,1,0.45182699,1,0.332149535,0,-0.703184843,0,2.566316605,0
93.32972717,-5.168824196,1,-3.682051659,1,-8.647934914,1,0.238816664,1,-1.406176805,1,0.485082477,1,0.3331725,0,-0.709013641,0,2.566278458,0
93.33372498,-5.411637783,1,-3.911283255,1,-8.88947773,1,0.213218614,1,-1.462769389,1,0.525027096,1,0.334051639,0,-0.71510762,0,2.566315174,0
93.33772278,-5.22710371,1,-3.909487009,1,-8.829695702,1,0.168240264,1,-1.529489279,1,0.569572926,1,0.334735334,0,-0.72147119,0,2.56644845,0
93.34172821,-5.209174156,1,-3.711409092,1,-8.674001694,1,0.149447694,1,-1.588588595,1,0.602250457,1,0.335222393,0,-0.728137195,0,2.566665649,0
93.34573364,-5.157270908,1,-3.348838091,1,-8.620394707,1,0.149261668,1,-1.674954891,1,0.651162565,1,0.335614085,0,-0.735129297,0,2.566962719,0
93.34973145,-5.324784279,1,-3.379305363,1,-8.64320755,1,0.151655093,1,-1.733586431,1,0.694054663,1,0.335955679,0,-0.742457092,0,2.567335367,0
93.35373688,-5.293484688,1,-3.868478775,1,-8.648444176,1,0.116954908,1,-1.806846261,1,0.733443141,1,0.336164594,0,-0.75009197,0,2.567839146,0
93.35773468,-5.166290283,1,-3.844234467,1,-8.57389164,1,0.089128323,1,-1.898596764,1,0.775761664,1,0.336187243,0,-0.758083463,0,2.568406343,0
93.36173248,-5.246477127,1,-3.755735636,1,-8.728518486,1,0.068882659,1,-1.987167239,1,0.814536691,1,0.336082995,0,-0.766461492,0,2.569018126,0
93.36573029,-5.347294807,1,-3.539420843,1,-8.746242523,1,0.055742085,1,-2.078344345,1,0.864276409,1,0.335847616,0,-0.775240302,0,2.569700241,0
93.36972809,-5.276640415,1,-3.644500732,1,-8.835597992,1,0.045832619,1,-2.170652151,1,0.913308024,1,0.335513413,0,-0.784434438,0,2.570474386,0
93.37373352,-5.232625008,1,-3.637007713,1,-8.997178078,1,0.022044558,1,-2.272558212,1,0.964569807,1,0.335024178,0,-0.794056177,0,2.571354151,0
93.37773132,-5.381011009,1,-3.504217148,1,-9.177865982,1,0.015090629,1,-2.368962765,1,1.024983168,1,0.33437258,0,-0.804140389,0,2.57237649,0
93.38172913,-5.391815186,1,-3.435017824,1,-9.256511688,1,0.01724213,1,-2.483276606,1,1.084077477,1,0.333590448,0,-0.814702868,0,2.573545456,0
93.38572693,-5.114733696,1,-3.670312166,1,-9.350359917,1,0.021257862,1,-2.608361006,1,1.158380508,1,0.332683623,0,-0.825794697,0,2.57488656,0
93.38973236,-5.016155243,1,-3.683097601,1,-9.70612812,1,0.035868689,1,-2.750324249,1,1.220399141,1,0.331699848,0,-0.837478936,0,2.57636714,0
93.39373016,-4.960756302,1,-3.789461374,1,-9.918480873,1,0.033820383,1,-2.918506622,1,1.298665762,1,0.330614477,0,-0.849833906,0,2.578003645,0
93.39772797,-5.029406548,1,-4.178230762,1,-10.23999405,1,0.029452937,1,-3.078584194,1,1.389868259,1,0.329353809,0,-0.862918854,0,2.579838276,0
93.4017334,-5.593358994,1,-6.277518749,1,-9.229855537,1,-0.07211227,1,-3.008921862,1,1.405422926,1,0.327702582,0,-0.876461565,0,2.581918478,0
93.4057312,-3.520245075,1,-0.775749028,1,-12.8973341,1,0.2614443,1,-3.71773386,1,1.525957108,1,0.326725185,0,-0.891164303,0,2.583892822,0
93.409729,-8.444779396,1,-3.722741365,1,-10.86604977,1,0.146257296,1,-3.617208242,1,1.752469778,1,0.325626343,0,-0.906968713,0,2.586300135,0
93.41372681,-4.238293648,1,-9.699828148,1,-10.86581039,1,-0.073331036,1,-3.944130182,1,1.848579884,1,0.32302624,0,-0.92364502,0,2.589745998,0
93.41772461,-3.14261651,1,-7.399350166,1,-11.87488174,1,-0.072648145,1,-4.267352581,1,1.845764875,1,0.320305109,0,-0.941551805,0,2.5926826,0
93.42172241,-3.57715559,1,-5.229930878,1,-12.16889381,1,-0.056665652,1,-4.529811859,1,2.126839399,1,0.317263424,0,-0.960719049,0,2.59612155,0
93.42572784,-4.384601593,1,-6.79332304,1,-12.86176872,1,-0.066911206,1,-4.840011597,1,2.327939987,1,0.31306237,0,-0.981309891,0,2.600908995,0
93.42972565,-5.481380939,1,-8.035355568,1,-12.56549263,1,-0.120975986,1,-5.130919933,1,2.486195803,1,0.308010012,0,-1.003240705,0,2.606524944,0
93.43372345,-5.272301674,1,-8.811498642,1,-12.36179352,1,-0.19480893,1,-5.405910969,1,2.682804823,1,0.301699817,0,-1.026434779,0,2.613210201,0
93.43772888,-4.28976059,1,-9.163529396,1,-12.17629433,1,-0.288868308,1,-5.696554184,1,2.900910139,1,0.293681324,0,-1.050945997,0,2.621399164,0
93.44172669,-3.9748137,1,-9.395748138,1,-12.19519711,1,-0.336658329,1,-5.975221157,1,3.077702999,1,0.283732116,0,-1.076744437,0,2.631331205,0
93.44572449,-5.146512985,1,-9.076122284,1,-12.65391064,1,-0.38878876,1,-6.265248299,1,3.30507946,1,0.269912243,0,-1.104772568,0,2.653458118,0
93.44972229,-7.649112701,1,-8.493013382,1,-13.28263092,1,-0.422010094,1,-6.466097355,1,3.461976528,1,0.254956663,0,-1.132911682,0,2.668260098,0
93.45372009,-10.76937199,1,-7.839947701,1,-15.15776348,1,-0.423813105,1,-6.578454971,1,3.556377172,1,0.237115279,0,-1.161678553,0,2.685979366,0
93.45772553,-11.01421452,1,-6.303872585,1,-14.10785007,1,-0.351643503,1,-6.632115364,1,3.642006159,1,0.21621567,0,-1.190547347,0,2.706870794,0
93.46173096,-10.72403526,1,-6.50325346,1,-15.02122402,1,-0.364909619,1,-6.829381466,1,3.779641151,1,0.190868467,0,-1.220009804,0,2.732460499,0
93.46573639,-12.63366318,1,-5.474574566,1,-14.6067667,1,-0.251491845,1,-6.928183556,1,3.849802732,1,0.160394669,0,-1.249741197,0,2.763417244,0
93.46973419,-13.91190052,1,-5.677463055,1,-14.66769409,1,-0.084754534,1,-7.005081177,1,3.881012678,1,0.123677656,0,-1.279529095,0,2.801189184,0
93.473732,-18.23500061,1,-6.71165514,1,-15.58962345,1,0.077063918,1,-6.875086784,1,3.866101265,1,0.079407938,0,-1.3087852,0,2.847235203,0
93.4777298,-16.10412407,1,-6.821645737,1,-13.0163002,1,0.138770387,1,-6.779126644,1,3.904752731,1,0.024145734,0,-1.336813211,0,2.904686451,0
93.48173523,-16.53446388,1,-7.813596725,1,-14.37707043,1,0.221265078,1,-6.724922657,1,3.923726559,1,-0.046464697,0,-1.363696337,0,2.977777958,0
93.48573303,-20.34439659,1,-8.338385582,1,-15.09700775,1,0.232418925,1,-6.500971317,1,3.912822247,1,-0.136976466,0,-1.388692379,0,3.070978165,0
93.48973084,-19.93846893,1,-9.088536263,1,-13.25133419,1,0.117195383,1,-6.179733753,1,3.970398426,1,-0.254080892,0,-1.410505056,0,-3.092639685,0
93.49372864,-17.76696014,1,-11.64794636,1,-11.08409405,1,-0.151743978,1,-6.035876274,1,4.14218092,1,-0.406509757,0,-1.428404808,0,-2.938474894,0
93.49773407,-20.19890976,1,-10.45607758,1,-12.23900223,1,-0.520543754,1,-5.827613831,1,4.180835724,1,-0.599221706,0,-1.441211224,0,-2.74536705,0
93.50173187,-19.85319328,1,-8.530189514,1,-11.75898266,1,-0.777314305,1,-5.510244846,1,4.081336498,1,-0.816981316,0,-1.4477669,0,-2.528501272,0
93.50572968,-16.85814095,1,-6.740510464,1,-10.18490982,1,-0.964646757,1,-5.246109962,1,4.046479702,1,-1.038872838,0,-1.447631001,0,-2.308466434,0
93.50972748,-15.50428295,1,-4.716805458,1,-9.460058212,1,-0.982477069,1,-4.899260044,1,3.896837473,1,-1.241117477,0,-1.441655278,0,-2.108586073,0
93.51373291,-9.672037125,1,-1.590883374,1,-8.52378273,1,-0.85371846,1,-4.451061249,1,3.804734707,1,-1.407040596,0,-1.431249619,0,-1.944906354,0
93.51773071,-2.81484127,1,1.01012516,1,-8.880702972,1,-0.524752319,1,-4.037817478,1,3.622967243,1,-1.534896374,0,-1.418120146,0,-1.818493724,0
93.52172852,-3.956513405,1,2.405431509,1,-8.526111603,1,-0.060548324,1,-3.722375154,1,3.442654133,1,-1.630951762,0,-1.403813839,0,-1.722408772,0
93.52572632,-6.164904594,1,4.530195236,1,-10.40528297,1,0.612175643,1,-3.414455414,1,3.369839907,1,-1.70349288,0,-1.388890624,0,-1.647715569,0
93.52972412,-10.92923641,1,3.484888554,1,-11.00282001,1,1.364123821,1,-3.161224127,1,3.283814192,1,-1.755984545,0,-1.373650312,0,-1.590189338,0
93.53372955,-18.77477646,1,2.949060678,1,-9.254922867,1,1.884689689,1,-2.991219282,1,3.09148097,1,-1.795073986,0,-1.358594656,0,-1.543608904,0
93.53772736,-29.59212112,1,0.717396021,1,-13.54166794,1,2.28931427,1,-2.28388238,1,2.656436682,1,-1.821494341,0,-1.344860792,0,-1.50791049,0
93.54172516,-19.60906792,1,-3.952106714,1,-14.69727325,1,2.355516195,1,-1.248535156,1,2.226046324,1,-1.830537438,0,-1.333680153,0,-1.48905158,0
93.54573059,-7.952702999,1,-5.773556232,1,-11.58528137,1,2.337442875,1,-0.601442277,1,1.950086951,1,-1.82651329,0,-1.324709296,0,-1.483519316,0
93.54972839,-4.842637062,1,-7.036178112,1,-9.345454216,1,2.251272917,1,-0.325053662,1,1.740432858,1,-1.81699419,0,-1.317130089,0,-1.483850956,0
93.5537262,-7.156401157,1,-7.786168575,1,-9.347579956,1,2.028748751,1,-0.084614962,1,1.538838863,1,-1.805480599,0,-1.310542345,0,-1.486860275,0
93.557724,-7.35944128,1,-7.695781231,1,-10.03023624,1,1.683300018,1,0.252972364,1,1.289965034,1,-1.792090058,0,-1.305099249,0,-1.493024588,0
93.5617218,-4.233943939,1,-6.762184143,1,-9.187724113,1,1.382400751,1,0.50127399,1,1.045045614,1,-1.776857018,0,-1.300870419,0,-1.502499819,0
93.56572723,-2.483127117,1,-5.956457138,1,-8.13501358,1,1.166837573,1,0.633471549,1,0.821563482,1,-1.761083245,0,-1.297665834,0,-1.513606071,0
93.56972504,-1.223820686,1,-4.774775505,1,-7.606427193,1,1.01015377,1,0.717226028,1,0.613177299,1,-1.745409369,0,-1.295331955,0,-1.525370598,0
93.57372284,-0.026967403,1,-3.822942734,1,-7.277419567,1,0.89847064,1,0.79260695,1,0.402852118,1,-1.729872465,0,-1.2938447,0,-1.537568092,0
93.57772064,0.717060387,1,-2.745893478,1,-6.929876804,1,0.838903606,1,0.84242177,1,0.215637952,1,-1.714384675,0,-1.293122053,0,-1.55007422,0
93.58172607,1.074550748,1,-1.83434999,1,-6.701550484,1,0.842987239,1,0.881320536,1,0.033054091,1,-1.698795557,0,-1.293095112,0,-1.562792063,0
93.58573914,1.314772248,1,-1.245574117,1,-6.455886364,1,0.882365286,1,0.930223286,1,-0.122403309,1,-1.682800293,0,-1.293714046,0,-1.575844884,0
93.58973694,1.641598105,1,-0.732324004,1,-6.296974659,1,0.938998818,1,0.991932094,1,-0.268832207,1,-1.666005731,0,-1.294899225,0,-1.589521527,0
93.59373474,1.877019286,1,-0.414509118,1,-6.200388432,1,1.018762469,1,1.068840981,1,-0.395637691,1,-1.647969127,0,-1.296586275,0,-1.604202867,0
93.59773254,1.964157343,1,-0.299574882,1,-6.281075478,1,1.083266377,1,1.158017397,1,-0.510097563,1,-1.628313065,0,-1.298694253,0,-1.620243549,0
93.60173798,1.915114641,1,-0.245485157,1,-6.212829113,1,1.148766398,1,1.27967,1,-0.610454679,1,-1.606726885,0,-1.301160693,0,-1.63802743,0
93.60573578,1.91638875,1,-0.294902653,1,-6.188530922,1,1.209835291,1,1.415740848,1,-0.677941501,1,-1.582601428,0,-1.303866267,0,-1.658152223,0
93.60973358,1.978565574,1,-0.033242978,1,-6.332958221,1,1.262801528,1,1.546986222,1,-0.736267984,1,-1.555847406,0,-1.306682348,0,-1.680759549,0
93.61373138,1.78695178,1,0.209825292,1,-6.490892887,1,1.321671844,1,1.702587128,1,-0.788980961,1,-1.526193738,0,-1.309544444,0,-1.706108212,0
93.61773682,1.669941902,1,0.501698434,1,-6.638073444,1,1.394102573,1,1.871257901,1,-0.834054708,1,-1.493226767,0,-1.312350035,0,-1.734601855,0
93.62173462,1.51286149,1,0.845134616,1,-6.833023071,1,1.47013092,1,2.041879892,1,-0.872868061,1,-1.456668019,0,-1.314994097,0,-1.766485572,0
93.62573242,1.246527195,1,1.110729933,1,-7.017448425,1,1.557127953,1,2.222591639,1,-0.909484148,1,-1.416347623,0,-1.317387938,0,-1.801905155,0
93.62973785,0.988217354,1,1.304038286,1,-7.149017811,1,1.654383659,1,2.408335924,1,-0.937220514,1,-1.372028947,0,-1.319388986,0,-1.841041446,0
93.63373566,0.736953497,1,1.449227571,1,-7.293633938,1,1.756518364,1,2.608187914,1,-0.963945448,1,-1.32373476,0,-1.320886254,0,-1.883841991,0
93.63773346,0.437790722,1,1.543405175,1,-7.404162884,1,1.865109324,1,2.800329685,1,-0.991950512,1,-1.271461129,0,-1.321732163,0,-1.930318594,0
93.64173126,0.169778779,1,1.564496994,1,-7.473211765,1,1.968756914,1,2.998391867,1,-1.003847718,1,-1.215567589,0,-1.321780682,0,-1.980081201,0
93.64572907,0.02923754,1,1.471130133,1,-7.589221478,1,2.059530258,1,3.195101023,1,-1.01269567,1,-1.156499386,0,-1.320874691,0,-2.032719374,0
93.6497345,-0.09340544,1,1.416189432,1,-7.683392048,1,2.135883808,1,3.379016399,1,-1.014815807,1,-1.095000625,0,-1.318877459,0,-2.087542534,0
93.6537323,-0.15278621,1,1.430326462,1,-7.720981121,1,2.19976902,1,3.549325228,1,-1.016704082,1,-1.031943083,0,-1.315696478,0,-2.143726826,0
93.6577301,-0.292746753,1,1.520823002,1,-7.769116402,1,2.259417772,1,3.70983386,1,-1.008367538,1,-0.968243539,0,-1.311250687,0,-2.200373411,0
93.66172791,-0.602532983,1,1.531461716,1,-7.780820847,1,2.317314148,1,3.8669312,1,-1.008511901,1,-0.904740393,0,-1.305507183,0,-2.256645441,0
93.66573334,-0.773283362,1,1.534428835,1,-7.764279366,1,2.375886679,1,4.010834694,1,-1.001829863,1,-0.842145205,0,-1.298463345,0,-2.311834335,0
93.66973114,-1.097795248,1,1.511426687,1,-7.800705433,1,2.431551218,1,4.149203777,1,-1.002342582,1,-0.781063855,0,-1.29014039,0,-2.365330458,0
93.67372894,-1.42358017,1,1.475353599,1,-7.902068615,1,2.489302158,1,4.278704643,1,-1.004153848,1,-0.721988916,0,-1.280560255,0,-2.416637182,0
93.67773438,-1.702548385,1,1.429633021,1,-7.976039886,1,2.549536943,1,4.397326469,1,-1.015396833,1,-0.665283501,0,-1.269795179,0,-2.465382099,0
93.68173218,-1.960739851,1,1.497821927,1,-8.034809113,1,2.615266562,1,4.505886555,1,-1.028800964,1,-0.6111269,0,-1.257926106,0,-2.51135087,0
93.68572998,-2.187642813,1,1.514964581,1,-8.147195816,1,2.683418512,1,4.597035885,1,-1.045716047,1,-0.559658468,0,-1.245039344,0,-2.554401398,0
93.68972778,-2.514659405,1,1.594472647,1,-8.286158562,1,2.75545454,1,4.68381691,1,-1.066310167,1,-0.510855794,0,-1.231222272,0,-2.594536543,0
93.69372559,-2.843044519,1,1.679576993,1,-8.394515038,1,2.841987133,1,4.768276215,1,-1.094872832,1,-0.464921683,0,-1.218246937,0,-2.62527895,0
93.69772339,-3.078121662,1,1.736993909,1,-8.455881119,1,2.931452513,1,4.847297668,1,-1.133691669,1,-0.4208121,0,-1.202778339,0,-2.660084009,0
93.70172882,-3.19813323,1,1.764463186,1,-8.563873291,1,3.020123959,1,4.924224854,1,-1.163810611,1,-0.378911912,0,-1.186571717,0,-2.692336798,0
93.70573425,-3.313668251,1,1.800879717,1,-8.589448929,1,3.107802629,1,4.989838123,1,-1.190800071,1,-0.339177847,0,-1.169656634,0,-2.722073555,0
93.70973206,-3.396314621,1,1.802972555,1,-8.529220581,1,3.178463697,1,5.048690796,1,-1.206344247,1,-0.301569343,0,-1.152112246,0,-2.749356747,0
93.71372986,-3.46223712,1,1.731586218,1,-8.456624031,1,3.25897336,1,5.094006062,1,-1.214815736,1,-0.266041905,0,-1.133983135,0,-2.774248362,0
93.71772766,-3.471133232,1,1.685806394,1,-8.544356346,1,3.320965528,1,5.124995708,1,-1.212967634,1,-0.232505009,0,-1.115372181,0,-2.796843052,0
93.72173309,-3.660949469,1,1.707674503,1,-8.58912468,1,3.370048523,1,5.15880394,1,-1.198521137,1,-0.200884074,0,-1.09631753,0,-2.817227602,0
93.7257309,-3.831763029,1,1.508272171,1,-8.76674366,1,3.424381971,1,5.179823399,1,-1.180738449,1,-0.171129122,0,-1.076882601,0,-2.835493565,0
93.7297287,-3.955847025,1,1.443109989,1,-8.87528038,1,3.467298031,1,5.205502987,1,-1.155908108,1,-0.143088832,0,-1.057100058,0,-2.851778269,0
93.7337265,-4.086886406,1,1.379538298,1,-9.075695992,1,3.506024837,1,5.219685078,1,-1.142245412,1,-0.116588324,0,-1.037024021,0,-2.866267204,0
93.73773193,-4.263092041,1,1.375083923,1,-9.302181244,1,3.550435305,1,5.230120182,1,-1.125997066,1,-0.091441058,0,-1.016712427,0,-2.879169464,0
93.74172974,-4.373756886,1,1.472259045,1,-9.5747509,1,3.596399069,1,5.230198383,1,-1.124346137,1,-0.067451276,0,-0.996208489,0,-2.890651226,0
93.74572754,-4.397545815,1,1.519921541,1,-9.90009594,1,3.651985407,1,5.238312244,1,-1.120536566,1,-0.044421386,0,-0.975556612,0,-2.90089488,0
93.74973297,-4.47799015,1,1.516368508,1,-10.29777813,1,3.71084547,1,5.227147579,1,-1.139214516,1,-0.022178916,0,-0.954788685,0,-2.91003871,0
93.75373077,-5.393917084,1,2.108265638,1,-9.749650955,1,3.815193415,1,5.250969887,1,-1.219357848,1,-0.000249645,0,-0.933885932,0,-2.918591499,0
93.75772858,-3.854423761,1,2.299822807,1,-10.5286274,1,3.915080547,1,5.189589024,1,-1.172740102,1,0.021171512,0,-0.912945151,0,-2.926078558,0
93.76172638,-5.151797295,1,2.134509325,1,-10.90106106,1,4.050118923,1,5.17078352,1,-1.189769983,1,0.042283483,0,-0.892099917,0,-2.932664871,0
93.76572418,-5.086195946,1,1.308612227,1,-11.22964954,1,4.129229069,1,5.147863865,1,-1.21062696,1,0.06315805,0,-0.871230721,0,-2.938493013,0
93.76972961,-5.282859325,1,1.070714355,1,-11.61163044,1,4.191886902,1,5.126455307,1,-1.248374462,1,0.08373975,0,-0.850370407,0,-2.943698406,0
93.77372742,-5.379490852,1,1.061892867,1,-12.02185631,1,4.239345551,1,5.094925404,1,-1.271696568,1,0.104069553,0,-0.829541683,0,-2.948348284,0
93.77772522,-5.494648933,1,1.005753756,1,-12.42731762,1,4.284452438,1,5.065934181,1,-1.292172551,1,0.124084987,0,-0.808765709,0,-2.952413797,0
93.78172302,-5.79814291,1,0.992779791,1,-12.98348999,1,4.321364403,1,5.035984993,1,-1.315144658,1,0.14383623,0,-0.788053393,0,-2.955954075,0
93.78572846,-6.156237602,1,1.230299473,1,-13.42756367,1,4.368938923,1,5.021426201,1,-1.352737546,1,0.163389415,0,-0.767355382,0,-2.959033966,0
93.78972626,-6.689834595,1,1.462862611,1,-13.94717312,1,4.422495365,1,5.007726669,1,-1.383694053,1,0.182798922,0,-0.746661603,0,-2.96169591,0
93.79372406,-7.264520645,1,1.667672396,1,-14.39588642,1,4.483975887,1,5.008239746,1,-1.424098969,1,0.202130333,0,-0.725928307,0,-2.963959217,0
93.79772186,-7.810202599,1,1.803366303,1,-14.90899086,1,4.528796196,1,5.001451015,1,-1.469250917,1,0.22140488,0,-0.705148935,0,-2.965869904,0
93.80171967,-8.357780457,1,1.801670909,1,-15.45826054,1,4.559656143,1,4.99874115,1,-1.527334571,1,0.240610883,0,-0.684305251,0,-2.967491627,0
93.8057251,-8.998549461,1,1.940864801,1,-15.95692825,1,4.570383549,1,4.991120815,1,-1.60426271,1,0.259769619,0,-0.663392425,0,-2.968920231,0
93.8097229,-9.658559799,1,2.077424765,1,-16.57022285,1,4.560569763,1,4.97296381,1,-1.690306664,1,0.278826535,0,-0.642431438,0,-2.970222473,0
93.8137207,-10.50251007,1,2.305170536,1,-17.26905823,1,4.529252052,1,4.954318523,1,-1.792730451,1,0.297779441,0,-0.621416748,0,-2.971507072,0
93.81771851,-11.26773739,1,2.650070429,1,-17.79570007,1,4.500001431,1,4.91469717,1,-1.891360998,1,0.316579342,0,-0.600371301,0,-2.972794294,0
93.82172394,-12.66765022,1,2.814649582,1,-18.47325134,1,4.447141647,1,4.878061771,1,-1.994214654,1,0.335209221,0,-0.579338133,0,-2.97410202,0
93.82572937,-14.36012363,1,2.84815979,1,-19.03627586,1,4.359514713,1,4.864420891,1,-2.10600543,1,0.353563249,0,-0.558240592,0,-2.9754498,0
93.82972717,-16.27880287,1,3.384174585,1,-19.32506943,1,4.248301983,1,4.87411356,1,-2.226142406,1,0.371517092,0,-0.53695786,0,-2.976858616,0
93.83372498,-18.32485962,1,4.493571758,1,-19.33120728,1,4.135654449,1,4.892805576,1,-2.334821701,1,0.388997257,0,-0.515431166,0,-2.978276968,0
93.83772278,-20.29520416,1,6.210227966,1,-19.04470253,1,4.056645393,1,4.920703411,1,-2.415591955,1,0.406021297,0,-0.493642956,0,-2.979611397,0
93.84172821,-22.50951004,1,8.365820885,1,-18.28426933,1,4.001905441,1,4.957293987,1,-2.451560259,1,0.422642499,0,-0.471645325,0,-2.980709791,0
93.84572601,-24.3528614,1,10.01057053,1,-16.90487289,1,3.984570265,1,5.002711773,1,-2.430890083,1,0.438884825,0,-0.449454457,0,-2.98134923,0
93.84972382,-25.56082153,1,10.86879921,1,-15.05631828,1,3.975875854,1,5.06526804,1,-2.346981525,1,0.454771161,0,-0.427158296,0,-2.981275558,0
93.85372162,-26.4220829,1,10.99132824,1,-12.80027771,1,3.93512392,1,5.071084499,1,-2.193343163,1,0.470209002,0,-0.404949963,0,-2.980274916,0
93.85772705,-27.22992706,1,10.09615803,1,-10.4685421,1,3.787683249,1,5.023553371,1,-1.979129791,1,0.484920025,0,-0.38316828,0,-2.978255272,0
93.86172485,-27.51332664,1,8.227859497,1,-7.965874672,1,3.477376223,1,4.907213688,1,-1.705687881,1,0.498363197,0,-0.362159252,0,-2.975161076,0
93.86572266,-27.16605759,1,7.086530685,1,-5.462781906,1,3.043818951,1,4.686481476,1,-1.400311351,1,0.510016263,0,-0.342330098,0,-2.971072912,0
93.86972046,-26.6748085,1,7.295469284,1,-3.122074604,1,2.568753004,1,4.356395721,1,-1.07684505,1,0.519638598,0,-0.324126661,0,-2.966206789,0
93.87371826,-26.29636192,1,8.827893257,1,-1.034967422,1,2.147445679,1,3.959005356,1,-0.745076358,1,0.52734822,0,-0.307892263,0,-2.960757971,0
93.87772369,-25.91187668,1,11.44214439,1,0.705333829,1,1.870124936,1,3.50283289,1,-0.42382443,1,0.533615112,0,-0.293833196,0,-2.954949141,0
93.8817215,-25.9198246,1,14.58550358,1,2.102509499,1,1.756763101,1,2.994376898,1,-0.140994325,1,0.539144933,0,-0.282090038,0,-2.949029207,0
93.8857193,-26.4409256,1,16.83131218,1,3.247066498,1,1.795380354,1,2.495363712,1,0.120438211,1,0.544614971,0,-0.272679687,0,-2.943167925,0
93.8897171,-27.09214783,1,18.08299828,1,3.971717596,1,1.913475275,1,2.022975445,1,0.348271549,1,0.550503135,0,-0.265467674,0,-2.937450886,0
93.89372253,-27.06306267,1,18.22156525,1,4.467342854,1,2.043701649,1,1.578170896,1,0.546145976,1,0.556988597,0,-0.260287046,0,-2.931944847,0
93.89772034,-26.53597641,1,17.39816856,1,4.489507675,1,2.11135006,1,1.162377834,1,0.714357078,1,0.56396842,0,-0.256986022,0,-2.92670989,0
93.90171814,-26.25339127,1,16.41125298,1,3.943828106,1,2.101468563,1,0.77558744,1,0.839652598,1,0.571190476,0,-0.255418569,0,-2.921839714,0
93.90572357,-26.33250999,1,15.05066681,1,3.001800299,1,1.9742347,1,0.44314009,1,0.908500493,1,0.578258812,0,-0.255298376,0,-2.917434931,0
93.90972138,-26.49012184,1,13.49703217,1,1.771398664,1,1.719007611,1,0.166336462,1,0.915502965,1,0.584707677,0,-0.256303251,0,-2.913593531,0
93.91371918,-15.67305756,1,-10.84564781,1,-3.498223305,1,0.026828375,1,-0.39055258,1,1.151824355,1,0.588141978,0,-0.258804351,0,-2.910296917,0
93.91771698,-34.30884171,1,-8.53485775,1,4.212850571,1,-2.173942327,1,-1.419271946,1,1.890959263,1,0.582591236,0,-0.265117496,0,-2.907146454,0
93.92171478,-38.53846741,1,10.23906136,1,7.519729137,1,-2.689630032,1,-1.803505063,1,2.353325844,1,0.571514964,0,-0.275415868,0,-2.903458357,0
93.92572022,-8.009643555,1,21.93928146,1,3.134616852,1,-2.071201801,1,-1.551918268,1,2.55547452,1,0.560577512,0,-0.286356628,0,-2.898592472,0
93.92971802,0.290784657,1,15.48744106,1,-3.661288977,1,-1.756093621,1,-1.540831566,1,2.875757217,1,0.551223934,0,-0.297263086,0,-2.892247915,0
93.93371582,-21.121912,1,4.637965679,1,-12.89192963,1,-1.658074856,1,-1.46398437,1,2.769358635,1,0.542307079,0,-0.308487415,0,-2.885463476,0
93.93771362,-13.90876675,1,-10.66844749,1,-16.75379944,1,-1.500315547,1,-0.770388901,1,2.639657021,1,0.533808053,0,-0.317888439,0,-2.87816453,0
93.94171906,0.721148312,1,-24.31761551,1,-18.1375885,1,-1.578006983,1,-0.36644572,1,2.671964645,1,0.525059283,0,-0.325056881,0,-2.869726658,0
93.94572449,1.742846489,1,-37.47012329,1,-15.29476261,1,-2.456024408,1,-0.159012884,1,2.659015179,1,0.51369971,0,-0.33381778,0,-2.849081516,0
93.94972229,5.577835083,1,-38.73236084,1,-10.26928902,1,-3.034317255,1,-0.337070495,1,2.805746317,1,0.499521792,0,-0.339852333,0,-2.839440346,0
93.95372009,6.509335518,1,-32.56615448,1,-7.489002705,1,-3.643839359,1,-0.658250451,1,2.734540462,1,0.482934088,0,-0.346840084,0,-2.829945326,0
93.9577179,4.758280754,1,-24.62815285,1,-4.050193787,1,-4.008117199,1,-1.323258877,1,2.545960426,1,0.46483171,0,-0.3551386,0,-2.821874142,0
93.96172333,3.558368683,1,-14.79898167,1,-3.961766481,1,-4.328700542,1,-2.00925827,1,2.276865244,1,0.445925146,0,-0.365348816,0,-2.815722227,0
93.96572113,-0.552415431,1,-6.848500252,1,-3.723324776,1,-4.471449852,1,-2.72250843,1,2.004443884,1,0.426701307,0,-0.377596051,0,-2.811702013,0
93.96971893,-4.476018906,1,0.173896849,1,-7.811876297,1,-4.395080566,1,-3.336292982,1,1.698622346,1,0.40820846,0,-0.391713142,0,-2.80975008,0
93.97371674,-14.31081676,1,11.74265862,1,-13.18264389,1,-3.840215921,1,-3.479387283,1,1.343569994,1,0.39156279,0,-0.406805515,0,-2.809435368,0
93.97772217,-26.32988358,1,17.69355774,1,-19.68403816,1,-3.424294472,1,-3.054708958,1,0.991156161,1,0.377374083,0,-0.420801967,0,-2.810210228,0
93.98171997,-27.01647377,1,21.96071815,1,-22.74723434,1,-2.948431253,1,-2.192242146,1,0.913766801,1,0.364684165,0,-0.43192181,0,-2.810549974,0
93.98571777,-23.62385941,1,24.8552742,1,-23.17804527,1,-2.290272713,1,-1.639340639,1,1.09329021,1,0.353686094,0,-0.440466166,0,-2.809355259,0
93.98971558,-17.24393845,1,21.8567276,1,-21.06278992,1,-1.644915938,1,-1.033957005,1,1.154321551,1,0.344703615,0,-0.446985304,0,-2.806681156,0
93.99371338,-8.800292969,1,15.32319641,1,-17.8055172,1,-1.150012136,1,-0.848311782,1,1.234514713,1,0.337586373,0,-0.452028811,0,-2.803009033,0
93.99771881,-3.089348316,1,5.207070827,1,-13.21990108,1,-0.796016812,1,-0.898835123,1,1.157981277,1,0.332058728,0,-0.456839532,0,-2.799241066,0
94.00171661,-2.138218403,1,-2.82499814,1,-10.13690472,1,-0.690651178,1,-1.087349176,1,1.091966391,1,0.327690959,0,-0.462089717,0,-2.795909166,0
94.00571442,-4.072228432,1,-10.81877995,1,-8.439146042,1,-0.789439619,1,-1.03199923,1,0.928797841,1,0.323530674,0,-0.467435747,0,-2.79314971,0
94.00971222,-4.471221924,1,-11.89374924,1,-7.261309147,1,-0.904627979,1,-1.016849995,1,0.782271743,1,0.319145679,0,-0.472385496,0,-2.790970802,0
94.01371765,-9.796439171,1,-9.259945869,1,-8.282014847,1,-0.981361628,1,-0.859926283,1,0.581341267,1,0.314623177,0,-0.476899326,0,-2.78941083,0
94.01771545,-10.30777931,1,-2.903744936,1,-7.725348473,1,-1.01142776,1,-0.526969552,1,0.552052975,1,0.309993237,0,-0.480181247,0,-2.787973881,0
94.02171326,-12.86056995,1,1.462649703,1,-9.230853081,1,-0.920778632,1,-0.315547287,1,0.529651046,1,0.305235565,0,-0.482482493,0,-2.786211729,0
94.02571869,-10.11982441,1,4.238075733,1,-9.196146011,1,-0.746003628,1,-0.161982208,1,0.51770997,1,0.300985932,0,-0.48394829,0,-2.784224033,0
94.02971649,-8.438126564,1,3.323941231,1,-9.507770538,1,-0.574040174,1,-0.089296602,1,0.45148924,1,0.297453344,0,-0.485006005,0,-2.782289982,0
94.03371429,-6.505224705,1,0.822505116,1,-8.895007133,1,-0.46540159,1,-0.069475584,1,0.387844712,1,0.294591844,0,-0.485783041,0,-2.780580521,0
94.0377121,-5.435167789,1,-1.925178528,1,-8.613864899,1,-0.390915215,1,-0.080522113,1,0.316352785,1,0.292238414,0,-0.486470968,0,-2.779160976,0
94.0417099,-5.289283752,1,-3.788405895,1,-8.661229134,1,-0.364820391,1,-0.079136282,1,0.286227882,1,0.290200889,0,-0.487135351,0,-2.777983904,0
94.04571533,-4.593287468,1,-4.503841877,1,-8.396589279,1,-0.374805003,1,-0.055147994,1,0.321032703,1,0.288128406,0,-0.487723559,0,-2.776756525,0
94.04971314,-4.271966934,1,-4.982463837,1,-8.454298019,1,-0.394912571,1,-0.062530518,1,0.363310903,1,0.285957515,0,-0.488345027,0,-2.775354624,0
94.05371094,-4.562798023,1,-4.654762268,1,-8.545137405,1,-0.410811156,1,-0.053157419,1,0.385234296,1,0.283595651,0,-0.488986552,0,-2.773793697,0
94.05770874,-4.430555344,1,-4.279572964,1,-8.587339401,1,-0.411336839,1,-0.080790535,1,0.396118462,1,0.281186938,0,-0.489685118,0,-2.772167206,0
94.06171417,-4.468052864,1,-3.461637259,1,-8.934651375,1,-0.381652921,1,-0.11276947,1,0.39044705,1,0.278845847,0,-0.490490437,0,-2.770580053,0
94.0657196,-4.462525368,1,-2.283153534,1,-8.865363121,1,-0.347839445,1,-0.12078806,1,0.379443496,1,0.276676774,0,-0.491353631,0,-2.76905489,0
94.06971741,-4.310147285,1,-1.406348348,1,-9.026942253,1,-0.293502837,1,-0.152731985,1,0.379183739,1,0.274690419,0,-0.492298245,0,-2.767572641,0
94.07371521,-4.582675457,1,-1.096430063,1,-9.163906097,1,-0.244722307,1,-0.180053443,1,0.359886408,1,0.272953063,0,-0.493330747,0,-2.766159534,0
94.07771301,-4.925806046,1,-1.368287921,1,-8.924403191,1,-0.198619694,1,-0.19187367,1,0.346460193,1,0.271454781,0,-0.494439393,0,-2.764840603,0
94.08171845,-5.01081419,1,-2.198796034,1,-8.825636864,1,-0.163920403,1,-0.191789329,1,0.325982302,1,0.270149708,0,-0.495540798,0,-2.763588428,0
94.08571625,-5.018742085,1,-2.636647463,1,-8.911056519,1,-0.143086374,1,-0.200790182,1,0.296073467,1,0.269007623,0,-0.496626765,0,-2.762465,0
94.08971405,-4.735187054,1,-2.68932724,1,-8.999982834,1,-0.122834109,1,-0.219133809,1,0.279555798,1,0.267999709,0,-0.497733206,0,-2.76145792,0
94.09371185,-4.86824894,1,-2.534819365,1,-9.015691757,1,-0.107757866,1,-0.23496522,1,0.260021061,1,0.267112076,0,-0.4989025,0,-2.760551214,0
94.09771729,-4.796325207,1,-2.514415264,1,-8.855768204,1,-0.095383018,1,-0.251348346,1,0.245352373,1,0.266308516,0,-0.500116229,0,-2.759725332,0
94.10171509,-4.857328892,1,-2.959468365,1,-8.794225693,1,-0.096990027,1,-0.265077055,1,0.233025044,1,0.26556465,0,-0.50135839,0,-2.758975506,0
94.10571289,-4.737687588,1,-3.381143332,1,-8.673279762,1,-0.101394393,1,-0.268942773,1,0.220450342,1,0.26483202,0,-0.502622783,0,-2.758292675,0
94.10971069,-4.73149538,1,-3.52026701,1,-8.628666878,1,-0.118977919,1,-0.277923524,1,0.214132786,1,0.2640917,0,-0.503907204,0,-2.757677078,0
94.1137085,-4.782122612,1,-3.15057373,1,-8.6340065,1,-0.125888959,1,-0.282770306,1,0.208305448,1,0.263320386,0,-0.505213916,0,-2.757076502,0
94.11771393,-5.082806587,1,-2.610569477,1,-8.64249897,1,-0.119737543,1,-0.278302759,1,0.204102144,1,0.262544572,0,-0.506508589,0,-2.756493092,0
94.12171173,-4.9843297,1,-2.321139097,1,-8.54676342,1,-0.10419903,1,-0.279723465,1,0.197982654,1,0.261822492,0,-0.507800281,0,-2.755941868,0
94.12570953,-5.253914356,1,-2.141182661,1,-8.596236229,1,-0.076522596,1,-0.27906251,1,0.168014109,1,0.26122576,0,-0.509080887,0,-2.755458593,0
94.12970734,-4.641662121,1,-2.150225639,1,-8.60908699,1,-0.053706668,1,-0.286552995,1,0.153115332,1,0.26078251,0,-0.510336518,0,-2.755076408,0
94.13371277,-4.587039471,1,-2.010649204,1,-8.751484871,1,-0.025079627,1,-0.301571339,1,0.14153181,1,0.260469139,0,-0.51161921,0,-2.754771233,0
94.13771057,-4.551309109,1,-2.012085676,1,-8.674107552,1,-0.003219954,1,-0.315887392,1,0.134230956,1,0.260290205,0,-0.512952209,0,-2.754525661,0
94.14170837,-4.668042183,1,-1.973893166,1,-8.669286728,1,0.024500377,1,-0.323380142,1,0.118063897,1,0.260246247,0,-0.514310777,0,-2.754345417,0
94.14571381,-4.696381092,1,-1.863726258,1,-8.635066032,1,0.057791293,1,-0.334168077,1,0.103290305,1,0.260356635,0,-0.515704274,0,-2.754248857,0
94.14971161,-4.701570511,1,-1.906276822,1,-8.642011642,1,0.091954164,1,-0.349274993,1,0.088510066,1,0.260650456,0,-0.517124176,0,-2.754222393,0
94.15370941,-4.546253204,1,-2.038849592,1,-8.553815842,1,0.125927418,1,-0.362038791,1,0.086920142,1,0.26109454,0,-0.518590629,0,-2.754251003,0
94.15770721,-4.478398323,1,-2.308040857,1,-8.52112484,1,0.154177353,1,-0.375425756,1,0.087922119,1,0.261680394,0,-0.520106673,0,-2.754303217,0
94.16170502,-4.563070774,1,-2.693574667,1,-8.504880905,1,0.172591627,1,-0.386228651,1,0.09505105,1,0.262354791,0,-0.521670938,0,-2.754347563,0
94.16571045,-4.282603741,1,-3.123996258,1,-8.504920959,1,0.174013212,1,-0.402005017,1,0.112660095,1,0.263059139,0,-0.523291886,0,-2.754361153,0
94.16970825,-4.354022503,1,-3.487348795,1,-8.5417099,1,0.165660888,1,-0.414614558,1,0.135913491,1,0.263719797,0,-0.524995327,0,-2.754295826,0
94.17370606,-4.399080276,1,-3.565155029,1,-8.33946991,1,0.148651198,1,-0.422111362,1,0.167024285,1,0.264256716,0,-0.526776016,0,-2.754130602,0
94.17770386,-4.553254128,1,-3.908593893,1,-8.246872902,1,0.131805465,1,-0.427097112,1,0.195181727,1,0.264677942,0,-0.528607011,0,-2.753844261,0
94.18170929,-4.499001503,1,-3.765385151,1,-8.267476082,1,0.110231765,1,-0.432526171,1,0.217752457,1,0.264956117,0,-0.530476511,0,-2.753447056,0
94.18570709,-4.589193344,1,-3.662869453,1,-8.187664986,1,0.094047263,1,-0.433196157,1,0.233036414,1,0.265111446,0,-0.532392442,0,-2.75295496,0
94.18971252,-4.770151615,1,-3.12990427,1,-8.126098633,1,0.109858654,1,-0.433576971,1,0.251610398,1,0.265220761,0,-0.534325898,0,-2.752387524,0
94.19371033,-4.736553669,1,-3.338000536,1,-8.059129715,1,0.113151707,1,-0.425955832,1,0.264651626,1,0.252290964,0,-0.555725574,0,-2.695433617,0
94.19770813,-4.777132511,1,-3.339666843,1,-8.162760735,1,0.094276138,1,-0.42313087,1,0.262187093,1,0.252329588,0,-0.557626903,0,-2.694723606,0
94.20170593,-4.67195034,1,-2.711164236,1,-8.143585205,1,0.078288183,1,-0.430321217,1,0.256043941,1,0.252285302,0,-0.559543908,0,-2.694028139,0
94.20571137,-5.073912144,1,-2.37767911,1,-8.162466049,1,0.127832666,1,-0.423760623,1,0.249462649,1,0.252360493,0,-0.561445415,0,-2.693379164,0
94.20970917,-4.794408321,1,-2.384022713,1,-8.189805031,1,0.13724719,1,-0.421293795,1,0.25661242,1,0.252521157,0,-0.563329875,0,-2.692702055,0
94.21370697,-4.836041927,1,-2.532394648,1,-8.177506447,1,0.156156361,1,-0.429461926,1,0.248591885,1,0.25275436,0,-0.565227926,0,-2.692051172,0
94.2177124,-4.823462009,1,-2.301922321,1,-8.118308067,1,0.192970842,1,-0.427394807,1,0.254063845,1,0.253096193,0,-0.567127764,0,-2.691404343,0
94.22171021,-4.785574436,1,-2.782974482,1,-8.188835144,1,0.201554403,1,-0.428176492,1,0.262227923,1,0.25353545,0,-0.569039762,0,-2.69072938,0
94.22570801,-4.804051399,1,-2.854525328,1,-8.156470299,1,0.201562077,1,-0.441541612,1,0.265678436,1,0.253965676,0,-0.570982575,0,-2.690045118,0
94.22970581,-4.815283775,1,-2.99163413,1,-8.241303444,1,0.177114114,1,-0.455079198,1,0.272609323,1,0.254361093,0,-0.572985649,0,-2.689358234,0
94.23370361,-5.029030323,1,-2.377912283,1,-8.22544384,1,0.181625903,1,-0.469421923,1,0.269127667,1,0.254700333,0,-0.575059175,0,-2.688663244,0
94.23770905,-5.060410976,1,-2.239119291,1,-8.141199112,1,0.212875918,1,-0.474500537,1,0.278673679,1,0.255111694,0,-0.577161908,0,-2.687965631,0
94.24170685,-4.910831451,1,-2.856735945,1,-8.298666,1,0.199536994,1,-0.486556381,1,0.28082037,1,0.255565435,0,-0.579297423,0,-2.68725872,0
94.24570465,-4.785090923,1,-2.747542858,1,-8.207551003,1,0.165477872,1,-0.508325338,1,0.280626267,1,0.25590086,0,-0.58150965,0,-2.68657136,0
94.24970245,-5.124260426,1,-2.38501215,1,-7.990912914,1,0.180233568,1,-0.520104468,1,0.27824226,1,0.256226122,0,-0.583791018,0,-2.685909033,0
94.25370789,-5.164790154,1,-2.303978682,1,-8.047998428,1,0.203896254,1,-0.514362276,1,0.277970791,1,0.256630242,0,-0.586065471,0,-2.685246468,0
94.25770569,-5.025746822,1,-2.36705637,1,-8.01862812,1,0.207501024,1,-0.516791463,1,0.272554785,1,0.257080048,0,-0.588332593,0,-2.68458271,0
94.26170349,-5.144729137,1,-2.587928534,1,-8.011829376,1,0.201703534,1,-0.522802234,1,0.268053532,1,0.257565737,0,-0.590618253,0,-2.683969975,0
94.26570129,-5.080387592,1,-2.52734971,1,-7.978794575,1,0.168440118,1,-0.528773665,1,0.262012035,1,0.257984608,0,-0.592920125,0,-2.683372021,0
94.2696991,-5.188575268,1,-2.151273489,1,-7.962760925,1,0.185211167,1,-0.541203916,1,0.24517037,1,0.258385271,0,-0.595245957,0,-2.68284297,0
94.27370453,-5.241092682,1,-2.017141104,1,-7.967592716,1,0.203173593,1,-0.542451382,1,0.236998126,1,0.258906573,0,-0.597581863,0,-2.682394981,0
94.27770233,-5.164167881,1,-2.245754957,1,-7.998157024,1,0.211317495,1,-0.542446434,1,0.23083967,1,0.259491354,0,-0.599914789,0,-2.681960106,0
94.28170013,-5.134986401,1,-2.313961267,1,-8.018451691,1,0.215243071,1,-0.556494474,1,0.220460385,1,0.260128498,0,-0.60227412,0,-2.68159008,0
94.28569794,-5.169081211,1,-2.323997498,1,-7.972686291,1,0.22087805,1,-0.563683629,1,0.214705318,1,0.260824919,0,-0.604657531,0,-2.681269884,0
94.28970337,-5.210577011,1,-2.348590612,1,-8.03619957,1,0.226374194,1,-0.570835292,1,0.205890462,1,0.261564255,0,-0.607061565,0,-2.680988073,0
94.29370117,-5.132516861,1,-2.483853817,1,-8.010482788,1,0.230841473,1,-0.579508066,1,0.206197828,1,0.262340575,0,-0.609486938,0,-2.680744171,0
94.29769898,-5.147836208,1,-2.728946686,1,-8.005794525,1,0.228531927,1,-0.587532043,1,0.208436504,1,0.263136059,0,-0.61196053,0,-2.680520535,0
94.30171204,-5.078845024,1,-2.783028603,1,-7.97090435,1,0.216535568,1,-0.602628589,1,0.206818253,1,0.263893396,0,-0.614471078,0,-2.680297613,0
94.30570221,-5.235640526,1,-2.812870979,1,-7.973659515,1,0.219674945,1,-0.612183273,1,0.208689287,1,0.264653593,0,-0.617042661,0,-2.680106163,0
94.30971527,-5.206551552,1,-2.828677893,1,-7.964279175,1,0.21734567,1,-0.624664366,1,0.216262579,1,0.265412509,0,-0.619657338,0,-2.6798985,0
94.31371307,-5.217009068,1,-2.921699047,1,-7.962515354,1,0.220017225,1,-0.63527,1,0.22504425,1,0.266146302,0,-0.622313917,0,-2.67965889,0
94.31771088,-5.198049545,1,-2.968069315,1,-7.986658096,1,0.213377044,1,-0.649160504,1,0.233810917,1,0.266866416,0,-0.62503624,0,-2.679405212,0
94.32170868,-5.318859577,1,-3.031617641,1,-7.958093166,1,0.211178154,1,-0.658199012,1,0.246422946,1,0.267547816,0,-0.627807081,0,-2.679114103,0
94.32571411,-5.201956272,1,-3.12053442,1,-7.902801514,1,0.20971702,1,-0.669580102,1,0.262923449,1,0.268186867,0,-0.630635083,0,-2.678765297,0
94.32971191,-5.23925209,1,-3.119733334,1,-7.965711594,1,0.214526057,1,-0.686368942,1,0.27931866,1,0.268790334,0,-0.633532465,0,-2.678358078,0
94.33370972,-5.361982346,1,-3.233477116,1,-8.027021408,1,0.203576595,1,-0.70353812,1,0.297205389,1,0.269348294,0,-0.636517823,0,-2.677892685,0
94.33771515,-5.331932545,1,-3.424809694,1,-7.947124958,1,0.178046018,1,-0.716873944,1,0.315178961,1,0.269801825,0,-0.639578998,0,-2.677363157,0
94.34171295,-5.273451328,1,-3.279720783,1,-7.844480515,1,0.159726202,1,-0.739232183,1,0.330939144,1,0.270125866,0,-0.642731547,0,-2.676780462,0
94.34571075,-5.322742462,1,-3.029391289,1,-7.861113548,1,0.167798668,1,-0.762879729,1,0.348959774,1,0.270392478,0,-0.645986557,0,-2.676151752,0
94.34970856,-5.353900909,1,-3.025253057,1,-7.865753651,1,0.179984093,1,-0.772852719,1,0.37077558,1,0.27064997,0,-0.649322987,0,-2.675431013,0
94.35370636,-5.379064083,1,-3.120012045,1,-7.888559818,1,0.1809645,1,-0.795570791,1,0.387090802,1,0.270903647,0,-0.652745664,0,-2.674640179,0
94.35770416,-5.408010006,1,-3.10365057,1,-7.894309998,1,0.190017626,1,-0.815163434,1,0.411242664,1,0.271139622,0,-0.656280756,0,-2.673793793,0
94.3617096,-5.373187065,1,-3.03407979,1,-7.964293957,1,0.196704417,1,-0.846933544,1,0.428887278,1,0.271360695,0,-0.659938157,0,-2.672891617,0
94.3657074,-5.366701603,1,-3.034126282,1,-8.080745697,1,0.200195745,1,-0.874519646,1,0.438455522,1,0.271575093,0,-0.663722813,0,-2.671942711,0
94.3697052,-5.40338707,1,-3.279004812,1,-8.146800041,1,0.19759503,1,-0.904802382,1,0.46159935,1,0.27175802,0,-0.66763556,0,-2.67094326,0
94.37371063,-5.353575706,1,-3.489373922,1,-8.0145998,1,0.169472128,1,-0.948791385,1,0.489961058,1,0.271847934,0,-0.671709418,0,-2.669881105,0
94.37770844,-5.366184235,1,-3.292039394,1,-7.881263733,1,0.161460295,1,-0.983469546,1,0.511568487,1,0.271797478,0,-0.675975978,0,-2.668737888,0
94.38170624,-5.435935497,1,-3.14873004,1,-7.877027035,1,0.16654408,1,-1.012987256,1,0.537718594,1,0.271674544,0,-0.680399656,0,-2.667512894,0
94.38570404,-5.390940189,1,-2.920199394,1,-7.954256058,1,0.174348161,1,-1.039190412,1,0.565764487,1,0.271519035,0,-0.684947431,0,-2.666184425,0
94.38970184,-5.513010025,1,-2.853939295,1,-7.982173443,1,0.163138106,1,-1.07662189,1,0.582615018,1,0.271312624,0,-0.689630985,0,-2.664800406,0
94.39370728,-5.600493908,1,-2.78453064,1,-7.97193718,1,0.145788774,1,-1.104408026,1,0.582857549,1,0.271042407,0,-0.694463491,0,-2.663396358,0
94.39770508,-5.633966923,1,-2.610264301,1,-7.995619774,1,0.131965399,1,-1.137295008,1,0.585604668,1,0.270716876,0,-0.699409366,0,-2.662027836,0
94.40170288,-5.678380013,1,-2.525215626,1,-8.130418777,1,0.121002451,1,-1.173449874,1,0.58290416,1,0.270371079,0,-0.70448643,0,-2.66070056,0
94.40570068,-5.711784363,1,-2.616760969,1,-8.262624741,1,0.101732776,1,-1.208834171,1,0.586255729,1,0.269979954,0,-0.709705174,0,-2.659411907,0
94.40970612,-5.417048931,1,-2.712058544,1,-8.114103317,1,0.083069429,1,-1.25099349,1,0.582795441,1,0.26954326,0,-0.715058744,0,-2.658182383,0
94.41370392,-5.390616417,1,-2.756385088,1,-8.215027809,1,0.078185737,1,-1.310179234,1,0.584516823,1,0.269088686,0,-0.720611215,0,-2.657004356,0
94.41770172,-5.455685139,1,-2.811983585,1,-8.28950119,1,0.075440943,1,-1.358098865,1,0.591739595,1,0.268647015,0,-0.726387203,0,-2.655878782,0
94.42170715,-5.391788006,1,-2.968010426,1,-8.348225594,1,0.072447181,1,-1.420236349,1,0.602827609,1,0.268188953,0,-0.732369363,0,-2.6547575,0
94.42570496,-5.423679829,1,-2.988069773,1,-8.326041222,1,0.063508205,1,-1.480390787,1,0.618831158,1,0.267709792,0,-0.738606215,0,-2.653651237,0
94.42971039,-5.482642651,1,-2.974123955,1,-8.486197472,1,0.051325724,1,-1.546497822,1,0.633272469,1,0.267180681,0,-0.745108724,0,-2.652535677,0
94.43370819,-5.462918282,1,-2.814458132,1,-8.567367554,1,0.051751085,1,-1.617023468,1,0.657018661,1,0.266642243,0,-0.751893699,0,-2.65143919,0
94.43770599,-5.334048271,1,-2.857025623,1,-8.545685768,1,0.047675423,1,-1.69289434,1,0.677293658,1,0.266064703,0,-0.758975804,0,-2.650298357,0
94.4417038,-5.37790966,1,-3.050354481,1,-8.559624672,1,0.040779248,1,-1.771781802,1,0.705210626,1,0.265431643,0,-0.766385972,0,-2.649120331,0
94.44570923,-5.380871773,1,-3.12510252,1,-8.547588348,1,0.030299356,1,-1.852493167,1,0.731948137,1,0.263344467,0,-0.775541365,0,-2.641156435,0
94.44970703,-5.63242054,1,-3.289119244,1,-8.6755867,1,0.016270462,1,-1.93695724,1,0.771463335,1,0.262501061,0,-0.783644199,0,-2.63982296,0
94.45370483,-5.359748363,1,-3.230183601,1,-8.601193428,1,-0.000855902,1,-2.022561312,1,0.808697879,1,0.261523813,0,-0.792113304,0,-2.638408184,0
94.45771027,-5.305924416,1,-3.235707521,1,-8.725287437,1,-0.005903918,1,-2.12808013,1,0.844543338,1,0.260440022,0,-0.80099237,0,-2.636905193,0
94.46170807,-5.291275978,1,-3.065946817,1,-8.797409058,1,-0.009496137,1,-2.230447292,1,0.882900774,1,0.259258419,0,-0.810295582,0,-2.635316372,0
94.46570587,-5.449818611,1,-3.136339903,1,-8.992853165,1,-0.005642866,1,-2.348644495,1,0.931237996,1,0.257998675,0,-0.820080042,0,-2.633619308,0
94.46970367,-5.422378063,1,-3.116263151,1,-9.055143356,1,-0.013149844,1,-2.452347994,1,0.97513926,1,0.256606996,0,-0.830338359,0,-2.631785154,0
94.47370148,-5.192744255,1,-2.998925447,1,-9.020704269,1,-0.004686754,1,-2.592105627,1,1.026173472,1,0.255111337,0,-0.841112375,0,-2.629821539,0
94.47770691,-5.153461933,1,-2.909157038,1,-9.24489212,1,0.006793536,1,-2.735218287,1,1.079723001,1,0.25352791,0,-0.852485776,0,-2.627707958,0
94.48170471,-5.211880207,1,-2.890198708,1,-9.414884567,1,0.031049129,1,-2.889620066,1,1.131216645,1,0.251911879,0,-0.864480257,0,-2.625473738,0
94.48570252,-5.219318867,1,-3.089753866,1,-9.590977669,1,0.03643563,1,-3.044075489,1,1.189516544,1,0.250206053,0,-0.877133906,0,-2.62305975,0
94.48970032,-5.26825428,1,-4.201986313,1,-11.35278416,1,-0.016135091,1,-3.200326443,1,1.230392575,1,0.24834466,0,-0.890465498,0,-2.620517731,0
94.49370575,0.394859165,1,0.721969843,1,-7.978634357,1,0.247628942,1,-3.565218687,1,1.283127189,1,0.246403068,0,-0.90424341,0,-2.617933273,0
94.49770355,-8.953770638,1,-1.820176721,1,-12.78299809,1,0.199810177,1,-3.678500652,1,1.361156106,1,0.24558951,0,-0.919941962,0,-2.615610838,0
94.50170136,-6.375683308,1,-6.21121645,1,-10.19237423,1,0.036233161,1,-3.853487968,1,1.500166178,1,0.243497118,0,-0.93584013,0,-2.612307072,0
94.50569916,-3.285609722,1,-7.607127666,1,-11.25385284,1,-0.098262027,1,-4.210947037,1,1.455377698,1,0.240705639,0,-0.952915549,0,-2.609111309,0
94.50969696,-4.000415325,1,-3.7986269,1,-12.38483143,1,-0.065201297,1,-4.479050636,1,1.599173188,1,0.23787342,0,-0.971262574,0,-2.606049299,0
94.51370239,-4.753582001,1,-4.854604721,1,-12.53260326,1,-0.074728876,1,-4.730342865,1,1.793660522,1,0.234138653,0,-0.990750849,0,-2.601891518,0
94.5177002,-4.654800415,1,-6.493086815,1,-12.60128307,1,-0.095525727,1,-5.055265903,1,1.893129468,1,0.229601413,0,-1.011483312,0,-2.596911669,0
94.521698,-5.735376358,1,-7.044141769,1,-13.16952324,1,-0.118833199,1,-5.360781193,1,2.06135273,1,0.224222302,0,-1.033564925,0,-2.591123819,0
94.5256958,-4.907368183,1,-7.208261013,1,-13.16892338,1,-0.121422216,1,-5.6440835,1,2.251018763,1,0.217535153,0,-1.056905627,0,-2.583950758,0
94.52970123,-4.508696556,1,-7.603514194,1,-12.94645405,1,-0.099566162,1,-6.008497715,1,2.439381361,1,0.20934552,0,-1.081671476,0,-2.575136185,0
94.53369904,-5.604483604,1,-8.170855522,1,-12.29359531,1,-0.083790883,1,-6.314268112,1,2.637389421,1,0.199421719,0,-1.107875705,0,-2.564374685,0
94.53769684,-7.928217411,1,-9.631085396,1,-12.44110489,1,-0.126102,1,-6.52579546,1,2.833392382,1,0.187009066,0,-1.13521409,0,-2.551025152,0
94.54170227,-10.48823643,1,-11.2602005,1,-12.61583328,1,-0.243761957,1,-6.589076042,1,3.02008009,1,0.17098482,0,-1.163132668,0,-2.534267187,0
94.54570007,-12.19478703,1,-10.34010124,1,-12.9790659,1,-0.29406327,1,-6.607028961,1,3.181212664,1,0.150553495,0,-1.19118917,0,-2.513320446,0
94.54970551,-11.72210979,1,-8.561881065,1,-12.62191391,1,-0.327573925,1,-6.597204685,1,3.329785824,1,0.125123665,0,-1.219118118,0,-2.487433195,0
94.55370331,-9.910798073,1,-6.817294121,1,-12.53940868,1,-0.320874512,1,-6.775864124,1,3.545917034,1,0.093133457,0,-1.247193813,0,-2.454916477,0
94.55770111,-13.01533508,1,-6.367763042,1,-13.76444817,1,-0.292681813,1,-6.836897373,1,3.672989368,1,0.052996937,0,-1.275475025,0,-2.414072752,0
94.56169891,-14.98664093,1,-5.813662529,1,-14.06210232,1,-0.124398649,1,-6.874715328,1,3.72512126,1,0.003775774,0,-1.303254485,0,-2.3636868,0
94.56570435,-19.63365746,1,-7.532726765,1,-14.90807629,1,-0.053499177,1,-6.608910561,1,3.756012201,1,-0.056745782,0,-1.329919815,0,-2.301492453,0
94.56970215,-15.90214062,1,-6.69667244,1,-13.10127831,1,-0.080699861,1,-6.47399044,1,3.863441229,1,-0.132847667,0,-1.354465246,0,-2.223629475,0
94.57369995,-15.85924339,1,-9.033699989,1,-12.85918617,1,-0.131457984,1,-6.47274065,1,3.899329662,1,-0.229300767,0,-1.377165437,0,-2.125557661,0
94.57770538,-20.00836563,1,-9.402784348,1,-13.77434731,1,-0.19836551,1,-6.299627304,1,3.846030712,1,-0.349238187,0,-1.397381425,0,-2.004221678,0
94.58170319,-18.2050457,1,-9.725503922,1,-12.46881199,1,-0.428879559,1,-6.094674587,1,3.955029488,1,-0.496603042,0,-1.413555026,0,-1.856089234,0
94.58570099,-15.95895481,1,-10.12046146,1,-11.17998219,1,-0.614620864,1,-6.136412144,1,4.028580189,1,-0.674679399,0,-1.425135255,0,-1.678089499,0
94.58969879,-19.36006546,1,-8.848438263,1,-12.26267529,1,-0.802671552,1,-6.01410532,1,3.995882034,1,-0.876915514,0,-1.431298494,0,-1.476670742,0
94.59369659,-19.75652122,1,-7.956016541,1,-11.2974968,1,-0.921729028,1,-5.732693195,1,3.972170115,1,-1.082614303,0,-1.431202054,0,-1.272442937,0
94.59770203,-17.8563652,1,-7.64359951,1,-10.30544662,1,-1.062480211,1,-5.454564095,1,4.028439045,1,-1.273323059,0,-1.424952984,0,-1.08378613,0
94.60169983,-17.7069912,1,-6.43774271,1,-10.36198521,1,-1.164928913,1,-5.162695408,1,3.926653385,1,-1.436595082,0,-1.413878083,0,-0.923211575,0
94.60569763,-14.69666862,1,-5.106381416,1,-8.849255562,1,-1.125484705,1,-4.752856731,1,3.838302851,1,-1.567368031,0,-1.399757862,0,-0.79531306,0
94.60969544,-8.977689743,1,-3.405236244,1,-8.337136269,1,-1.060473442,1,-4.325553417,1,3.797816992,1,-1.667989492,0,-1.38361001,0,-0.697533369,0
94.61370087,-2.672514439,1,-1.41986692,1,-8.078282356,1,-0.847726583,1,-3.919246912,1,3.69677043,1,-1.743846536,0,-1.366508007,0,-0.6241225,0
94.61769867,-1.146641374,1,0.700029075,1,-8.62213707,1,-0.516229093,1,-3.631696224,1,3.61220336,1,-1.801544189,0,-1.349178672,0,-0.567930996,0
94.62169647,-5.244186401,1,3.314615726,1,-11.30828476,1,0.085783534,1,-3.296597481,1,3.604670763,1,-1.84445703,0,-1.33172822,0,-0.524826884,0
94.6257019,-11.72669029,1,3.123323202,1,-12.78310966,1,0.764756918,1,-2.922317505,1,3.577314138,1,-1.873560786,0,-1.314412951,0,-0.493006974,0
94.62969971,-21.49595642,1,2.505879641,1,-12.43550014,1,1.283192873,1,-2.579719543,1,3.367596626,1,-1.892341495,0,-1.297743082,0,-0.469312012,0
94.63369751,-32.03616714,1,0.810021043,1,-16.02290916,1,1.759319544,1,-1.744991541,1,2.963395119,1,-1.901259542,0,-1.282899857,0,-0.453622073,0
94.63769531,-21.89003754,1,-4.139551163,1,-17.08445549,1,1.934736967,1,-0.639613926,1,2.610144615,1,-1.896732211,0,-1.270849466,0,-0.450586528,0
94.64169312,-10.27610683,1,-5.994112015,1,-14.39422131,1,1.986816168,1,0.13782157,1,2.327929735,1,-1.881747484,0,-1.261209249,0,-0.458060861,0
94.64569855,-4.997081757,1,-6.879207611,1,-11.8800602,1,2.016731262,1,0.53137511,1,2.117050886,1,-1.861472487,0,-1.253158212,0,-0.470946252,0
94.64969635,-6.760073185,1,-8.260696411,1,-11.19312191,1,1.914237738,1,0.809805036,1,1.948730588,1,-1.839062452,0,-1.24608326,0,-0.486225277,0
94.65369415,-8.246354103,1,-8.837651253,1,-11.81222439,1,1.631091118,1,1.189586163,1,1.749099612,1,-1.815093994,0,-1.239929676,0,-0.504012346,0
94.65769196,-6.039243221,1,-8.612950325,1,-11.30284691,1,1.313068628,1,1.532210588,1,1.535286188,1,-1.789479852,0,-1.234790802,0,-0.524900198,0
94.66169739,-3.148504257,1,-8.050793648,1,-9.885931969,1,1.077955008,1,1.720981121,1,1.331728935,1,-1.763158321,0,-1.230526447,0,-0.547744453,0
94.66569519,-1.678424716,1,-7.268512726,1,-9.084832191,1,0.876473308,1,1.814731002,1,1.145254493,1,-1.737191558,0,-1.226911902,0,-0.571157515,0
94.66970062,-0.500305772,1,-6.549927711,1,-8.506567001,1,0.678788006,1,1.909114361,1,0.947732687,1,-1.71183157,0,-1.223911285,0,-0.594808996,0
94.67369843,0.784629405,1,-5.754687786,1,-7.891361237,1,0.519627571,1,1.977168322,1,0.752728641,1,-1.686972022,0,-1.221549869,0,-0.61870563,0
94.67769623,1.408323288,1,-4.843229771,1,-7.391787052,1,0.42894581,1,2.01003027,1,0.555183172,1,-1.662631989,0,-1.219775915,0,-0.642621517,0
94.68169403,1.469624519,1,-4.075561047,1,-7.276842594,1,0.371514082,1,2.025887489,1,0.351669878,1,-1.63873446,0,-1.218616009,0,-0.666385293,0
94.68570709,1.433343768,1,-3.492231607,1,-7.178967476,1,0.346395463,1,2.052764416,1,0.154964343,1,-1.615027547,0,-1.218048811,0,-0.690123558,0
94.6897049,1.448533058,1,-3.155097485,1,-6.971421719,1,0.336917698,1,2.098176956,1,-0.03338683,1,-1.591139078,0,-1.218069553,0,-0.714133978,0
94.69371033,1.550826192,1,-2.934387922,1,-6.809792042,1,0.349151045,1,2.144849062,1,-0.211824492,1,-1.566720128,0,-1.218622208,0,-0.738698483,0
94.69770813,1.515791059,1,-2.83097434,1,-6.714901924,1,0.370517254,1,2.203603745,1,-0.389186263,1,-1.545002699,0,-1.21847868,0,-0.754673004,0
94.70170593,1.360067248,1,-2.824875832,1,-6.682819366,1,0.381397158,1,2.269557238,1,-0.552826107,1,-1.518934965,0,-1.220024347,0,-0.780837715,0
94.70570374,1.165745378,1,-2.829454899,1,-6.667836189,1,0.376704752,1,2.355241299,1,-0.700098455,1,-1.491675973,0,-1.221918464,0,-0.808237672,0
94.70970917,0.916038811,1,-2.934274435,1,-6.709130287,1,0.363682717,1,2.450674295,1,-0.832359076,1,-1.463000298,0,-1.224079609,0,-0.837158322,0
94.71370697,0.850530207,1,-2.886744738,1,-6.734947205,1,0.335832924,1,2.56240344,1,-0.959076047,1,-1.432716012,0,-1.226402402,0,-0.867856026,0
94.71770477,0.724918544,1,-2.800155878,1,-6.816125393,1,0.314207584,1,2.668045759,1,-1.080271125,1,-1.400717258,0,-1.228828669,0,-0.900445223,0
94.72171021,0.540514469,1,-2.508976936,1,-6.931435108,1,0.297248363,1,2.784194231,1,-1.18620193,1,-1.366900206,0,-1.231267333,0,-0.935027719,0
94.72570801,0.34347859,1,-2.231579065,1,-6.991845131,1,0.282805175,1,2.902841091,1,-1.288290739,1,-1.331121922,0,-1.233600974,0,-0.971735001,0
94.72970581,0.061000064,1,-1.897323728,1,-7.137670517,1,0.282301009,1,3.019957304,1,-1.387324452,1,-1.293300509,0,-1.235749483,0,-1.010607123,0
94.73370361,-0.279883415,1,-1.607784867,1,-7.198400021,1,0.294114172,1,3.137352467,1,-1.478614926,1,-1.253370047,0,-1.237621069,0,-1.051653981,0
94.73770142,-0.60585469,1,-1.260270715,1,-7.250372887,1,0.328038067,1,3.266487598,1,-1.574864149,1,-1.211267114,0,-1.239129305,0,-1.094884634,0
94.74170685,-1.044972897,1,-1.063836694,1,-7.349401951,1,0.367060184,1,3.386501312,1,-1.659781098,1,-1.166944385,0,-1.240175962,0,-1.140278816,0
94.74570465,-1.491183758,1,-0.854089141,1,-7.473432541,1,0.415802121,1,3.518595457,1,-1.749144912,1,-1.12049067,0,-1.24066782,0,-1.187729239,0
94.74970245,-2.084896564,1,-0.820055842,1,-7.586794853,1,0.457979321,1,3.653970718,1,-1.836844325,1,-1.072006822,0,-1.240491748,0,-1.237134099,0
94.75370026,-2.579161882,1,-0.91820246,1,-7.654999256,1,0.505919695,1,3.802276134,1,-1.916908026,1,-1.021547198,0,-1.239532113,0,-1.288440228,0
94.75770569,-3.196581364,1,-0.932050347,1,-7.805975437,1,0.547727168,1,3.957209826,1,-1.99597156,1,-0.969345272,0,-1.237658381,0,-1.341428876,0
94.76170349,-3.657356501,1,-0.988005817,1,-7.891606331,1,0.576496005,1,4.130999088,1,-2.08230567,1,-0.915646076,0,-1.234745383,0,-1.395901799,0
94.76570129,-4.248623848,1,-1.010878086,1,-8.01147747,1,0.596965373,1,4.307160854,1,-2.158826351,1,-0.860825181,0,-1.230682611,0,-1.451517463,0
94.7696991,-4.620637894,1,-1.126725316,1,-8.058350563,1,0.610044241,1,4.485526085,1,-2.242676735,1,-0.805323482,0,-1.225364089,0,-1.507875443,0
94.7736969,-4.834859371,1,-1.118225694,1,-8.171206474,1,0.614267766,1,4.658666134,1,-2.320409775,1,-0.749686718,0,-1.218720436,0,-1.564466715,0
94.77770233,-4.906866074,1,-0.951826334,1,-8.281619072,1,0.619668961,1,4.823974133,1,-2.397331953,1,-0.694442332,0,-1.210722446,0,-1.620766759,0
94.78170013,-4.842047691,1,-0.761339664,1,-8.371478081,1,0.631837428,1,4.974398613,1,-2.472411871,1,-0.640131712,0,-1.201359153,0,-1.676215649,0
94.78569794,-4.813652039,1,-0.538992882,1,-8.341879845,1,0.650251865,1,5.099577427,1,-2.53652072,1,-0.587257385,0,-1.190646291,0,-1.730278134,0
94.78970337,-4.838403225,1,-0.331805348,1,-8.341495514,1,0.67925185,1,5.215711117,1,-2.591121197,1,-0.536182165,0,-1.178639412,0,-1.782546401,0
94.7937088,-4.839326859,1,-0.151785448,1,-8.30648613,1,0.71012795,1,5.30833149,1,-2.641915083,1,-0.48724696,0,-1.165401816,0,-1.832632899,0
94.7977066,-4.995267391,1,-0.015815141,1,-8.226825714,1,0.753729403,1,5.391066551,1,-2.676369429,1,-0.440688461,0,-1.151021123,0,-1.88025713,0
94.80170441,-5.02453661,1,0.123420581,1,-8.115366936,1,0.799286008,1,5.461435318,1,-2.692609072,1,-0.396632731,0,-1.135548115,0,-1.925243616,0
94.80570221,-4.978702545,1,0.234064415,1,-8.033628464,1,0.859610558,1,5.523658752,1,-2.697769403,1,-0.355215728,0,-1.11905992,0,-1.967424035,0
94.80970001,-4.997101307,1,0.332483381,1,-7.945392609,1,0.930029392,1,5.568475246,1,-2.68738389,1,-0.316411912,0,-1.101653576,0,-2.006742477,0
94.81370544,-5.079314709,1,0.429042757,1,-7.777737141,1,1.00846076,1,5.604611874,1,-2.651908159,1,-0.280181706,0,-1.083429098,0,-2.043196201,0
94.81770325,-5.240992069,1,0.429667473,1,-7.750187874,1,1.094927073,1,5.630832672,1,-2.614721537,1,-0.246424958,0,-1.064468741,0,-2.076812029,0
94.82170105,-5.440149307,1,0.254100829,1,-7.772029877,1,1.175916553,1,5.652043819,1,-2.573083878,1,-0.214970678,0,-1.044867992,0,-2.107739687,0
94.82569885,-5.612003803,1,-0.089830995,1,-7.684510708,1,1.24603188,1,5.667089939,1,-2.52731967,1,-0.18571277,0,-1.024711967,0,-2.13612318,0
94.82970429,-5.75662899,1,-0.589176357,1,-7.681424141,1,1.287631154,1,5.673725128,1,-2.48342514,1,-0.158513188,0,-1.004083157,0,-2.16217351,0
94.83370209,-5.941493988,1,-1.192104101,1,-7.676979065,1,1.302125096,1,5.668550014,1,-2.440603256,1,-0.1332912,0,-0.983067036,0,-2.186074972,0
94.83769989,-6.195580959,1,-1.790613532,1,-7.712954044,1,1.292166948,1,5.666043758,1,-2.401088715,1,-0.109952956,0,-0.961738884,0,-2.208030701,0
94.84169769,-6.317174911,1,-2.289312124,1,-7.822247028,1,1.257235885,1,5.662432194,1,-2.375247478,1,-0.08837866,0,-0.940134287,0,-2.228267431,0
94.8456955,-6.565593243,1,-2.616834641,1,-8.040452003,1,1.207988739,1,5.645237446,1,-2.351841211,1,-0.06846191,0,-0.918335676,0,-2.246964693,0
94.84970093,-6.752972603,1,-2.776951075,1,-8.269548416,1,1.164577127,1,5.617371082,1,-2.342846155,1,-0.050030172,0,-0.896405101,0,-2.264340878,0
94.85369873,-7.168364525,1,-2.807164907,1,-8.495265007,1,1.124469399,1,5.592507839,1,-2.352756262,1,-0.032855883,0,-0.874396801,0,-2.280627489,0
94.85769653,-7.420790672,1,-2.884780169,1,-8.713376999,1,1.092391849,1,5.562536716,1,-2.373409271,1,-0.016737865,0,-0.852317512,0,-2.296010733,0
94.86169434,-7.746685505,1,-3.067060471,1,-9.006926537,1,1.086199164,1,5.53775692,1,-2.410434008,1,-0.001468281,0,-0.830201387,0,-2.310656071,0
94.86569977,-7.999320984,1,-3.246503115,1,-9.267468452,1,1.077710509,1,5.507204056,1,-2.460478306,1,0.013127802,0,-0.808050632,0,-2.324718952,0
94.86969757,-8.252988815,1,-3.311756134,1,-9.431159973,1,1.078638315,1,5.462534428,1,-2.524166584,1,0.027181705,0,-0.78590554,0,-2.33833003,0
94.87369537,-8.594157219,1,-3.405966997,1,-9.751619339,1,1.077647567,1,5.419660091,1,-2.601290464,1,0.040796567,0,-0.763802767,0,-2.351617813,0
94.87770081,-8.84973526,1,-3.553569317,1,-10.03700066,1,1.082590342,1,5.371234894,1,-2.685506582,1,0.054039661,0,-0.741738021,0,-2.364674568,0
94.88169861,-9.152002335,1,-3.73905611,1,-10.35134506,1,1.086843252,1,5.306788921,1,-2.782418966,1,0.067002915,0,-0.719757676,0,-2.377599239,0
94.88569641,-9.629250526,1,-4.036130905,1,-10.74302006,1,1.087855577,1,5.245718956,1,-2.885948896,1,0.079717785,0,-0.697872519,0,-2.390452385,0
94.88969421,-10.34328365,1,-4.419073582,1,-11.2351017,1,1.087837815,1,5.18767643,1,-3.001458406,1,0.092235468,0,-0.676078677,0,-2.40331769,0
94.89369202,-11.29455757,1,-4.853325367,1,-11.69833755,1,1.084478259,1,5.146505356,1,-3.126946926,1,0.104554713,0,-0.654314518,0,-2.416234016,0
94.89769745,-12.36127853,1,-5.224392414,1,-12.15279293,1,1.074449897,1,5.116342545,1,-3.264443874,1,0.11669717,0,-0.6325109,0,-2.429274321,0
94.90169525,-13.62705135,1,-5.613360405,1,-12.55413532,1,1.067456603,1,5.099370956,1,-3.414164543,1,0.128682971,0,-0.610588908,0,-2.442501783,0
94.90569305,-15.1275835,1,-6.024650097,1,-12.96493244,1,1.043509364,1,5.091732025,1,-3.596147537,1,0.140528023,0,-0.588504016,0,-2.456016064,0
94.90969849,-16.76502419,1,-6.32776165,1,-13.48208141,1,1.009949923,1,5.085120678,1,-3.797140121,1,0.152235448,0,-0.566206634,0,-2.469923019,0
94.91371155,-18.62928009,1,-6.80986166,1,-13.93316174,1,0.958090842,1,5.085512638,1,-4.021235466,1,0.163763717,0,-0.543658078,0,-2.484316111,0
94.91770935,-20.8215313,1,-7.079945087,1,-14.29804134,1,0.887500048,1,5.080016613,1,-4.259171963,1,0.175045654,0,-0.520830393,0,-2.499278545,0
94.92170715,-23.27277756,1,-6.95440197,1,-14.63017368,1,0.790386021,1,5.081528187,1,-4.511878014,1,0.186009228,0,-0.49768725,0,-2.514875174,0
94.92569733,-25.7690773,1,-6.3172369,1,-14.57210732,1,0.699275553,1,5.105041981,1,-4.763962269,1,0.196555868,0,-0.474157423,0,-2.531093121,0
94.92969513,-28.10454178,1,-5.010975361,1,-13.94722366,1,0.638737619,1,5.137585163,1,-5.00637722,1,0.206712812,0,-0.450173736,0,-2.547908545,0
94.93370819,-29.86628914,1,-4.056906223,1,-12.91680145,1,0.630748034,1,5.197835445,1,-5.202649593,1,0.216550589,0,-0.425668925,0,-2.565164089,0
94.93770599,-30.81648445,1,-3.196579933,1,-11.13383579,1,0.680238307,1,5.238178253,1,-5.36918211,1,0.226199135,0,-0.400658786,0,-2.582690477,0
94.9417038,-31.29048538,1,-2.63764739,1,-8.958546638,1,0.761558533,1,5.240422726,1,-5.48712635,1,0.235761166,0,-0.375276208,0,-2.600349665,0
94.9457016,-31.61939812,1,-3.13829565,1,-6.682968616,1,0.794669628,1,5.196072578,1,-5.524119377,1,0.245214283,0,-0.351811588,0,-2.612249851,0
94.94970703,-30.95958519,1,-3.505041361,1,-4.34679842,1,0.768922389,1,5.07764101,1,-5.471807003,1,0.254092067,0,-0.326436043,0,-2.629476547,0
94.95370483,-30.00392723,1,-3.255073547,1,-1.946049452,1,0.702515244,1,4.8304739,1,-5.324580193,1,0.262179852,0,-0.301728338,0,-2.646113873,0
94.95770264,-29.18934059,1,-2.622843504,1,0.32474485,1,0.632522643,1,4.482376099,1,-5.073407173,1,0.269383103,0,-0.278280675,0,-2.661968231,0
94.96170807,-27.86730385,1,-0.972351849,1,2.389938354,1,0.624444902,1,4.04472971,1,-4.751569271,1,0.275809735,0,-0.256521165,0,-2.676837444,0
94.96570587,-26.90349197,1,1.909374356,1,4.342896461,1,0.731260419,1,3.544649601,1,-4.353549004,1,0.281851172,0,-0.236910164,0,-2.690595627,0
94.96970367,-25.57770157,1,5.320414543,1,5.641098022,1,0.986313283,1,3.031441689,1,-3.929938078,1,0.288091838,0,-0.219618887,0,-2.703104258,0
94.97370148,-25.49304581,1,9.844337463,1,7.457535267,1,1.489877224,1,2.507631302,1,-3.48043108,1,0.295325905,0,-0.204704389,0,-2.714439154,0
94.97769928,-24.60548019,1,12.55472946,1,8.183851242,1,2.117640018,1,1.947721958,1,-2.980109453,1,0.304465473,0,-0.192387864,0,-2.724336147,0
94.98170471,-26.66131592,1,13.67008591,1,7.299261093,1,2.808474779,1,1.50681138,1,-2.541995764,1,0.315900087,0,-0.1824864,0,-2.732907772,0
94.98570252,-28.03026772,1,13.4616251,1,7.158177853,1,3.425721169,1,1.170502782,1,-2.134539127,1,0.32971409,0,-0.174456432,0,-2.740190029,0
94.98970032,-29.36116028,1,12.23049068,1,6.983008385,1,3.829447508,1,0.861891866,1,-1.801242709,1,0.345315695,0,-0.168022156,0,-2.746349573,0
94.99369812,-30.50791168,1,10.63209915,1,6.650148392,1,4.024631977,1,0.610554457,1,-1.520019174,1,0.361941576,0,-0.16298236,0,-2.751615047,0
94.99770355,-31.11595726,1,7.797262192,1,6.235499859,1,3.941535473,1,0.444973499,1,-1.286413908,1,0.378678441,0,-0.159013405,0,-2.756138325,0
95.00170136,-30.91377068,1,4.818785667,1,6.017598152,1,3.587827682,1,0.308013856,1,-1.082017303,1,0.394417018,0,-0.155852407,0,-2.760012627,0
95.00569916,-29.89835358,1,2.263741255,1,5.512518406,1,2.993194818,1,0.184938669,1,-0.889838636,1,0.408133507,0,-0.153403863,0,-2.763284206,0
95.00970459,-28.49913216,1,0.115611687,1,5.073516369,1,2.244184494,1,0.06116689,1,-0.690173626,1,0.41904676,0,-0.151689589,0,-2.766010284,0
95.01370239,-3.705219746,1,-11.42567444,1,-1.736666203,1,0.94124198,1,-0.445828766,1,-0.212120473,1,0.426059037,0,-0.15137817,0,-2.768048048,0
95.0177002,-38.14694977,1,-1.118735313,1,6.139323235,1,-0.18683666,1,-1.886249304,1,0.423746049,1,0.427670509,0,-0.155855328,0,-2.769656181,0
95.021698,-28.78504562,1,3.284917116,1,11.00319195,1,-1.043605924,1,-1.949123383,1,0.601908445,1,0.425427347,0,-0.163865641,0,-2.771007061,0
95.0256958,-7.257946014,1,3.29655838,1,10.89733982,1,-1.317243934,1,-2.519759893,1,1.106658936,1,0.420439303,0,-0.173126802,0,-2.771566391,0
95.02970123,1.675899386,1,7.882120609,1,6.5140872,1,-1.022064328,1,-3.115235567,1,1.499340057,1,0.415884793,0,-0.185718209,0,-2.771307945,0
95.03370667,0.162808001,1,1.835713148,1,-3.274723291,1,-1.389048576,1,-3.573050022,1,1.762535214,1,0.411008716,0,-0.200577781,0,-2.770712614,0
95.03770447,-6.764262199,1,-1.783788204,1,-16.05051804,1,-1.379920244,1,-3.725418091,1,1.918911457,1,0.405037522,0,-0.217101842,0,-2.769767284,0
95.04170227,-0.25767675,1,-6.4890728,1,-23.20018768,1,-1.389302135,1,-3.43710804,1,1.97810638,1,0.399323672,0,-0.233267128,0,-2.768117905,0
95.04570007,-1.949123144,1,-12.05137444,1,-24.40254593,1,-1.494768977,1,-3.040089846,1,1.988895297,1,0.392927021,0,-0.248373806,0,-2.765759468,0
95.04969788,0.788078129,1,-13.00182152,1,-18.47557068,1,-1.484488368,1,-2.664493322,1,2.018293858,1,0.386177838,0,-0.261859715,0,-2.762544155,0
95.05370331,6.855140209,1,-7.115334034,1,-14.56969643,1,-1.280648232,1,-2.82053709,1,2.232884645,1,0.379622847,0,-0.275008649,0,-2.758639336,0
95.05770111,-1.300811648,1,-4.482984066,1,-10.9841013,1,-1.533100009,1,-3.38794589,1,2.401326418,1,0.372813404,0,-0.290149927,0,-2.754421234,0
95.06169891,0.878559887,1,0.073049165,1,-9.732106209,1,-1.449119329,1,-3.786815166,1,2.581656933,1,0.365513414,0,-0.307059765,0,-2.750091553,0
95.06569672,0.428978771,1,1.669133067,1,-10.14314079,1,-1.45604527,1,-4.403645515,1,2.77583313,1,0.358330607,0,-0.326113433,0,-2.745691538,0
95.06970215,-8.621257782,1,1.298272014,1,-11.14186478,1,-1.524941087,1,-4.687029839,1,2.859642029,1,0.350868225,0,-0.347252667,0,-2.741131544,0
95.07369995,-15.63652325,1,-0.127407357,1,-14.50055885,1,-1.55395937,1,-4.666309357,1,2.710188389,1,0.343151689,0,-0.368688047,0,-2.736800194,0
95.07769775,-17.64733887,1,0.398314655,1,-16.73102188,1,-1.485443473,1,-4.360831261,1,2.598122597,1,0.335480154,0,-0.389256477,0,-2.732494116,0
95.08170319,-21.80757713,1,1.941313148,1,-17.77828217,1,-1.342535496,1,-4.044998646,1,2.518069267,1,0.32799691,0,-0.408508211,0,-2.727955341,0
95.08570099,-25.83608818,1,-0.599680483,1,-17.78475952,1,-1.351379871,1,-3.601802826,1,2.417379856,1,0.320575625,0,-0.426145852,0,-2.723089933,0
95.08969879,-24.04011154,1,-0.031153219,1,-14.83282566,1,-1.297685742,1,-2.985612631,1,2.345538855,1,0.312925756,0,-0.441644073,0,-2.717621565,0
95.09369659,-21.25978851,1,0.937303066,1,-12.65725613,1,-1.168346405,1,-2.547848225,1,2.297968388,1,0.305446804,0,-0.45493865,0,-2.711540699,0
95.0976944,-17.56219864,1,-1.807626724,1,-10.95025539,1,-1.106261849,1,-2.126127481,1,2.121097565,1,0.298036575,0,-0.466499746,0,-2.705200434,0
95.10169983,-11.90964508,1,-2.37618351,1,-8.665103912,1,-1.028072596,1,-1.888572693,1,1.928691864,1,0.290987104,0,-0.47644645,0,-2.699095488,0
95.10569763,-10.56156349,1,-3.711517334,1,-9.23087883,1,-1.093702316,1,-1.811994314,1,1.78560102,1,0.28419894,0,-0.485707372,0,-2.693431139,0
95.10969544,-13.41960621,1,-5.982084751,1,-10.15180206,1,-1.232174516,1,-1.47732079,1,1.541574955,1,0.277070045,0,-0.493957758,0,-2.688211918,0
95.11369324,-10.98867321,1,-5.364103317,1,-8.7053442,1,-1.176229239,1,-1.198797584,1,1.226463199,1,0.270108432,0,-0.500507236,0,-2.683796883,0
95.11769867,-11.53333187,1,-3.927899837,1,-9.822154999,1,-1.112761378,1,-0.970956862,1,0.989102006,1,0.263838857,0,-0.505910039,0,-2.680263042,0
95.12169647,-13.53368378,1,-1.937811852,1,-10.51053333,1,-1.096147776,1,-0.5761168,1,0.858081102,1,0.257894605,0,-0.509861469,0,-2.677100658,0
95.12569428,-9.049609184,1,1.274814963,1,-8.874717712,1,-0.913807869,1,-0.355645448,1,0.755421281,1,0.252351642,0,-0.512392581,0,-2.674067497,0
95.12969208,-7.164615631,1,-0.488737464,1,-9.315122604,1,-0.797432482,1,-0.328094304,1,0.690442443,1,0.247557342,0,-0.514426291,0,-2.671238184,0
95.13368988,-6.179267883,1,-1.656904459,1,-9.464736938,1,-0.695309222,1,-0.308679819,1,0.623799086,1,0.243319377,0,-0.516281426,0,-2.668661118,0
95.13769531,-6.128873348,1,-3.737858295,1,-9.675839424,1,-0.614155531,1,-0.327418566,1,0.537260234,1,0.239584535,0,-0.518080413,0,-2.666409969,0
95.14169312,-7.064844608,1,-3.609283686,1,-8.722064018,1,-0.535307288,1,-0.29340899,1,0.516813934,1,0.236310855,0,-0.519783258,0,-2.664420843,0
95.14569092,-7.878581524,1,-4.66274929,1,-8.068863869,1,-0.545634091,1,-0.210934758,1,0.502522111,1,0.233161435,0,-0.521233022,0,-2.66240406,0
95.14969635,-5.364783287,1,-4.601398945,1,-8.344486237,1,-0.55701369,1,-0.201224804,1,0.536130965,1,0.229920283,0,-0.522494674,0,-2.660307884,0
95.15370178,-4.876974583,1,-4.462179661,1,-8.68072319,1,-0.56301266,1,-0.193907037,1,0.57553035,1,0.226527438,0,-0.523777127,0,-2.658008337,0
95.15769959,-4.46564436,1,-4.64522028,1,-8.683233261,1,-0.5921368,1,-0.192712903,1,0.594950497,1,0.223000929,0,-0.525042653,0,-2.655569077,0
95.16169739,-4.487192154,1,-4.138694286,1,-8.557613373,1,-0.620750844,1,-0.194519818,1,0.604525387,1,0.21930097,0,-0.526322126,0,-2.653057814,0
95.16569519,-5.392214298,1,-2.81968236,1,-8.684223175,1,-0.615855217,1,-0.182321727,1,0.582165956,1,0.215565369,0,-0.527574122,0,-2.650548458,0
95.16969299,-6.313053131,1,-1.176692247,1,-8.829417229,1,-0.569944859,1,-0.163398445,1,0.540864587,1,0.211980432,0,-0.528731525,0,-2.648177624,0
95.17369843,-6.036271095,1,-0.004377505,1,-8.89766407,1,-0.511201501,1,-0.138901472,1,0.466516405,1,0.208745077,0,-0.529731154,0,-2.646038055,0
95.17769623,-6.020758629,1,0.198137641,1,-9.270917892,1,-0.443774343,1,-0.108870313,1,0.408540964,1,0.205904916,0,-0.530584574,0,-2.64417696,0
95.18169403,-5.004464626,1,-1.05301106,1,-8.94895649,1,-0.40742448,1,-0.106276408,1,0.360409439,1,0.203376278,0,-0.531325221,0,-2.642540455,0
95.18569183,-5.14082098,1,-2.281518936,1,-8.728687286,1,-0.387277484,1,-0.105637699,1,0.341768652,1,0.201027527,0,-0.53201282,0,-2.641050339,0
95.18969727,-5.376892567,1,-2.849369526,1,-8.229657173,1,-0.386940628,1,-0.091733336,1,0.334886014,1,0.198759526,0,-0.532670319,0,-2.639616489,0
95.19369507,-5.405702591,1,-2.675926208,1,-8.202151299,1,-0.389916807,1,-0.065622747,1,0.339590907,1,0.195353433,0,-0.534873545,0,-2.635942936,0
95.19769287,-5.155453682,1,-2.805503368,1,-8.167358398,1,-0.396084309,1,-0.0519851,1,0.347520173,1,0.1930103,0,-0.535367966,0,-2.634426832,0
95.20169067,-4.755857468,1,-3.161492586,1,-8.357156754,1,-0.403271407,1,-0.056085076,1,0.349859685,1,0.190625042,0,-0.535831034,0,-2.632880211,0
95.20568848,-4.50330019,1,-3.102143288,1,-8.602707863,1,-0.411595166,1,-0.067713097,1,0.353780627,1,0.188194633,0,-0.536338508,0,-2.631326437,0
95.20969391,-4.408401012,1,-2.756039858,1,-8.812057495,1,-0.416555971,1,-0.084907316,1,0.370646685,1,0.185726419,0,-0.536912262,0,-2.629735947,0
95.21369171,-4.653874397,1,-2.318463087,1,-8.895619392,1,-0.409770429,1,-0.114138611,1,0.368993372,1,0.183242321,0,-0.537577569,0,-2.628118992,0
95.21768951,-4.838632107,1,-1.919485569,1,-8.938288689,1,-0.392294258,1,-0.127256945,1,0.354322463,1,0.180836424,0,-0.538315773,0,-2.626566887,0
95.22168732,-4.61108923,1,-1.549896121,1,-8.996312141,1,-0.366992503,1,-0.159341678,1,0.335836589,1,0.17856425,0,-0.539134562,0,-2.625109434,0
95.22569275,-4.645469666,1,-1.474232316,1,-9.013685226,1,-0.333644181,1,-0.176015019,1,0.327518433,1,0.176454648,0,-0.540023208,0,-2.623723745,0
95.22969055,-4.614681244,1,-1.568729639,1,-9.009744644,1,-0.310814083,1,-0.194160238,1,0.3052001,1,0.174501345,0,-0.540973544,0,-2.622434616,0
95.23368835,-4.500880241,1,-1.615001321,1,-9.082684517,1,-0.299508095,1,-0.212507755,1,0.291710824,1,0.172665328,0,-0.541978478,0,-2.621225119,0
95.23769379,-5.179090977,1,-1.217242718,1,-9.007048607,1,-0.261252433,1,-0.227758378,1,0.270357609,1,0.170969129,0,-0.543045461,0,-2.620109797,0
95.24169159,-4.770815372,1,-1.088035464,1,-8.859354019,1,-0.230277047,1,-0.236776665,1,0.237668261,1,0.169476837,0,-0.544125915,0,-2.619113922,0
95.24568939,-4.84579134,1,-0.909052789,1,-9.121893883,1,-0.191084057,1,-0.244325012,1,0.218436643,1,0.168199524,0,-0.545226097,0,-2.618240595,0
95.2496872,-4.748692989,1,-0.727602005,1,-8.978257179,1,-0.157083943,1,-0.261062473,1,0.200517401,1,0.167103857,0,-0.546365798,0,-2.617475033,0
95.253685,-4.796776772,1,-0.908645272,1,-8.920330048,1,-0.1241607,1,-0.271373034,1,0.17509982,1,0.166195482,0,-0.547537327,0,-2.616806746,0
95.25769043,-4.853449821,1,-1.129410863,1,-8.737951279,1,-0.090127803,1,-0.271868289,1,0.160004973,1,0.165479362,0,-0.54872191,0,-2.616238356,0
95.26168823,-4.813849926,1,-1.548780918,1,-8.684928894,1,-0.062945798,1,-0.265983135,1,0.144089222,1,0.164912745,0,-0.54987818,0,-2.615745068,0
95.26568604,-4.815494537,1,-1.79361093,1,-8.543779373,1,-0.04756961,1,-0.267485112,1,0.147439122,1,0.164435074,0,-0.551027298,0,-2.615279913,0
95.26969147,-4.936283112,1,-2.050978184,1,-8.454273224,1,-0.041573156,1,-0.261946529,1,0.161029845,1,0.163995206,0,-0.552167952,0,-2.614766598,0
95.2736969,-4.834442616,1,-2.284620047,1,-8.408434868,1,-0.042059571,1,-0.270560443,1,0.175580278,1,0.16353564,0,-0.553321779,0,-2.614200592,0
95.2776947,-4.980081558,1,-2.330653667,1,-8.308261871,1,-0.036061876,1,-0.265965939,1,0.190894842,1,0.163041607,0,-0.554497838,0,-2.613555908,0
95.28169251,-4.886021137,1,-2.548719168,1,-8.277745247,1,-0.03164611,1,-0.263734013,1,0.209002197,1,0.16253683,0,-0.555664361,0,-2.612827301,0
95.28569031,-4.904849529,1,-2.497093678,1,-8.314361572,1,-0.042373799,1,-0.260276705,1,0.226287752,1,0.161948845,0,-0.556840658,0,-2.612008333,0
95.28968811,-5.064096451,1,-2.227009773,1,-8.228559494,1,-0.022398576,1,-0.255977243,1,0.238989741,1,0.161348179,0,-0.558008134,0,-2.61111474,0
95.29368591,-4.897268295,1,-2.318639755,1,-8.360784531,1,-0.023389263,1,-0.263834715,1,0.263036162,1,0.160752699,0,-0.559185445,0,-2.610150814,0
95.29769135,-4.725658417,1,-2.552475691,1,-8.485464096,1,-0.04966734,1,-0.281138659,1,0.268535793,1,0.160052881,0,-0.560423434,0,-2.609111071,0
95.30168915,-4.634633064,1,-2.41983223,1,-8.680931091,1,-0.076827794,1,-0.312440097,1,0.283599019,1,0.15922831,0,-0.561770976,0,-2.60804224,0
95.30568695,-4.634469986,1,-1.704765916,1,-8.590489388,1,-0.068856426,1,-0.328915983,1,0.288253337,1,0.158344626,0,-0.563216031,0,-2.606949091,0
95.30969238,-4.652549744,1,-1.73671937,1,-8.688937187,1,-0.038974926,1,-0.345498204,1,0.293628931,1,0.157550693,0,-0.564733505,0,-2.605837822,0
95.31369019,-4.63771677,1,-1.79492259,1,-8.794718742,1,-0.030310638,1,-0.377240121,1,0.298240304,1,0.15681918,0,-0.566341341,0,-2.604722261,0
95.31768799,-4.810781479,1,-1.746120214,1,-8.812363625,1,-0.016401133,1,-0.401378036,1,0.295340598,1,0.156134039,0,-0.568056107,0,-2.60362792,0
95.32168579,-4.614008427,1,-1.715502739,1,-8.757927895,1,-0.010114526,1,-0.439141631,1,0.298146605,1,0.155506119,0,-0.569911182,0,-2.60255146,0
95.32568359,-4.716346741,1,-1.354988575,1,-8.888223648,1,0.009447113,1,-0.468425721,1,0.290129542,1,0.154929832,0,-0.571879208,0,-2.601499319,0
95.32968903,-4.519926548,1,-1.284128428,1,-8.939648628,1,0.035807546,1,-0.506346643,1,0.273201406,1,0.15450564,0,-0.573985577,0,-2.600538492,0
95.33368683,-4.680866241,1,-1.150728464,1,-8.836905479,1,0.042984605,1,-0.540906966,1,0.256295383,1,0.154173851,0,-0.576221704,0,-2.599658489,0
95.33768463,-4.823084354,1,-1.116012335,1,-8.764627457,1,0.06215474,1,-0.564561009,1,0.242551208,1,0.153965965,0,-0.578561068,0,-2.598891497,0
95.34168243,-4.959165573,1,-1.329117775,1,-8.732860565,1,0.083988369,1,-0.586737931,1,0.232864156,1,0.153879434,0,-0.580986261,0,-2.598189831,0
95.34568787,-4.848337173,1,-1.572476983,1,-8.536998749,1,0.082049266,1,-0.609005928,1,0.219075382,1,0.153867319,0,-0.58349508,0,-2.597558737,0
95.34968567,-5.051076889,1,-1.271831512,1,-8.620711327,1,0.091507673,1,-0.630935848,1,0.206861734,1,0.153919935,0,-0.586088657,0,-2.597013235,0
95.35368347,-5.036709309,1,-1.21757853,1,-8.468445778,1,0.115625061,1,-0.646649182,1,0.206988662,1,0.154054359,0,-0.588735402,0,-2.59649539,0
95.35768127,-5.066626072,1,-1.426637769,1,-8.438203812,1,0.130379438,1,-0.660230517,1,0.200821817,1,0.154274806,0,-0.591453195,0,-2.596010685,0
95.36167908,-5.184533596,1,-1.599623442,1,-8.337327957,1,0.140082195,1,-0.669348776,1,0.200878099,1,0.154557526,0,-0.594206393,0,-2.595544815,0
95.36568451,-5.142631054,1,-1.799048781,1,-8.172374725,1,0.142090365,1,-0.675303519,1,0.203192919,1,0.154859558,0,-0.596995533,0,-2.595086813,0
95.36968231,-5.237037182,1,-1.846739888,1,-8.080761909,1,0.142709792,1,-0.676509619,1,0.210061252,1,0.155158803,0,-0.599794447,0,-2.594613075,0
95.37368012,-5.263031483,1,-1.81854701,1,-8.004476547,1,0.147654504,1,-0.675817728,1,0.211902604,1,0.155455768,0,-0.602593064,0,-2.594115734,0
95.37767792,-5.381371498,1,-1.895902991,1,-8.00594902,1,0.138444275,1,-0.675846636,1,0.214618757,1,0.155734777,0,-0.605397582,0,-2.593600273,0
95.38168335,-5.302439213,1,-1.88109684,1,-7.920427799,1,0.131627277,1,-0.675467312,1,0.220585838,1,0.155962974,0,-0.608206451,0,-2.5930655,0
95.38568115,-5.45126152,1,-1.778438926,1,-7.949923515,1,0.131242558,1,-0.679062247,1,0.217852145,1,0.156178221,0,-0.611021996,0,-2.592528105,0
95.38968658,-5.345786572,1,-1.8189677,1,-7.856489658,1,0.123385154,1,-0.67329818,1,0.219773024,1,0.156375781,0,-0.613825798,0,-2.591976881,0
95.39368439,-5.374809742,1,-1.909971476,1,-7.904286861,1,0.116402425,1,-0.666873157,1,0.214494184,1,0.156533927,0,-0.616609037,0,-2.591424465,0
95.39768219,-5.333179474,1,-1.853943229,1,-7.863344193,1,0.096674293,1,-0.663243175,1,0.212142795,1,0.156635463,0,-0.619357347,0,-2.590886831,0
95.40168762,-5.423027992,1,-1.721313,1,-7.808321953,1,0.07905028,1,-0.662517548,1,0.204233676,1,0.156690866,0,-0.622095048,0,-2.590382576,0
95.40568543,-5.444371223,1,-1.641840696,1,-7.791279793,1,0.07531964,1,-0.653281391,1,0.197633848,1,0.156727538,0,-0.62480706,0,-2.589906454,0
95.40968323,-5.504393101,1,-1.684672356,1,-7.822137833,1,0.071240544,1,-0.653908908,1,0.195330203,1,0.156765193,0,-0.627508163,0,-2.589460373,0
95.41368103,-5.503325939,1,-1.829924941,1,-7.852906704,1,0.067116342,1,-0.640758693,1,0.187383413,1,0.156795204,0,-0.630188346,0,-2.589023829,0
95.41768646,-5.425496101,1,-1.983186603,1,-7.819040298,1,0.060014054,1,-0.64200151,1,0.18834652,1,0.156806603,0,-0.632845223,0,-2.588593483,0
95.42168427,-5.468423367,1,-2.061438799,1,-7.806377888,1,0.048763681,1,-0.640723586,1,0.188515037,1,0.156773448,0,-0.635504007,0,-2.588167191,0
95.42568207,-5.48032093,1,-2.15912199,1,-7.746285915,1,0.044643339,1,-0.636667728,1,0.191635013,1,0.156694129,0,-0.638139725,0,-2.587727547,0
95.42967987,-5.570435524,1,-2.149678946,1,-7.659733772,1,0.035481524,1,-0.633632183,1,0.199076161,1,0.156570017,0,-0.640763879,0,-2.587253809,0
95.43367767,-5.541044712,1,-2.193156242,1,-7.696998596,1,0.032684963,1,-0.624333084,1,0.207828075,1,0.156403288,0,-0.643373013,0,-2.586743832,0
95.43768311,-5.577178001,1,-2.110952854,1,-7.724027634,1,0.030047555,1,-0.620993137,1,0.216781035,1,0.156175643,0,-0.645972908,0,-2.586160183,0
95.44168091,-5.614524364,1,-2.083914042,1,-7.677299976,1,0.030842127,1,-0.620623052,1,0.228585318,1,0.177197367,0,-0.630638599,0,-2.608461142,0
95.44567871,-5.72557354,1,-1.958514929,1,-7.653610706,1,0.032049015,1,-0.613139689,1,0.242484376,1,0.176153392,0,-0.634356081,0,-2.604089022,0
95.44967651,-5.803027153,1,-2.082215309,1,-7.621142864,1,0.026526833,1,-0.612069726,1,0.245200232,1,0.175882146,0,-0.636933982,0,-2.603430748,0
95.45368195,-5.70749855,1,-2.16386795,1,-7.632734299,1,0.025771976,1,-0.607137322,1,0.254881144,1,0.175579548,0,-0.639496088,0,-2.602736473,0
95.45767975,-5.648531437,1,-2.248484135,1,-7.638616085,1,0.020442592,1,-0.599611104,1,0.268712372,1,0.17521289,0,-0.642058253,0,-2.601974726,0
95.46167755,-5.76060009,1,-2.338540792,1,-7.666229725,1,0.010092074,1,-0.596256495,1,0.282073021,1,0.174767748,0,-0.644608319,0,-2.601134539,0
95.46568298,-5.672302723,1,-2.317495823,1,-7.572092056,1,-0.001327463,1,-0.597122967,1,0.309659064,1,0.174225092,0,-0.647165239,0,-2.600179911,0
95.46968079,-5.695905209,1,-2.353095531,1,-7.623538971,1,-0.00103606,1,-0.601576686,1,0.330741227,1,0.173584357,0,-0.649748802,0,-2.599112749,0
95.47367859,-5.666253567,1,-2.399349928,1,-7.842366219,1,-0.007058369,1,-0.604925454,1,0.34939155,1,0.172861636,0,-0.652361393,0,-2.597944021,0
95.47767639,-5.643752575,1,-2.372501612,1,-7.879747868,1,-0.019082302,1,-0.617401063,1,0.367220759,1,0.172036916,0,-0.655013323,0,-2.596681595,0
95.48167419,-5.647674561,1,-2.425188065,1,-7.966237545,1,-0.041382264,1,-0.625361919,1,0.390324116,1,0.171097755,0,-0.657708645,0,-2.595332146,0
95.48567963,-5.577960014,1,-2.373093605,1,-8.002019882,1,-0.059222791,1,-0.641505003,1,0.406109571,1,0.170023754,0,-0.660483003,0,-2.593892336,0
95.48967743,-5.580455303,1,-2.418970346,1,-8.077179909,1,-0.071315445,1,-0.662921786,1,0.423673302,1,0.168826252,0,-0.663331151,0,-2.592373848,0
95.49367523,-5.534111977,1,-2.410652876,1,-8.130432129,1,-0.089042217,1,-0.689728796,1,0.433880091,1,0.167536199,0,-0.666290283,0,-2.590801239,0
95.49767304,-5.448652267,1,-2.398860931,1,-8.057721138,1,-0.108705163,1,-0.717149317,1,0.447091639,1,0.166143537,0,-0.669354379,0,-2.589181662,0
95.50167847,-5.560499191,1,-2.264767408,1,-8.095592499,1,-0.124653988,1,-0.738014281,1,0.455485672,1,0.164645329,0,-0.672528088,0,-2.587519169,0
95.50567627,-5.556919575,1,-2.091627121,1,-8.26910305,1,-0.134938121,1,-0.763090014,1,0.458458811,1,0.163067117,0,-0.675789535,0,-2.585831642,0
95.5096817,-5.468780041,1,-1.975560904,1,-8.43188858,1,-0.149527386,1,-0.796794772,1,0.465210617,1,0.161431596,0,-0.67916435,0,-2.584131956,0
95.5136795,-5.360803604,1,-1.851120114,1,-8.602202415,1,-0.15413399,1,-0.837146282,1,0.476275504,1,0.15973793,0,-0.682686925,0,-2.582414627,0
95.51767731,-5.342562675,1,-1.881776452,1,-8.717652321,1,-0.159464836,1,-0.890473306,1,0.486132264,1,0.158010393,0,-0.686405241,0,-2.580669165,0
95.52167511,-5.339145184,1,-1.915744901,1,-8.890684128,1,-0.154412895,1,-0.949152648,1,0.501223087,1,0.156254351,0,-0.690342784,0,-2.578890085,0
95.52568054,-5.242796898,1,-1.937007904,1,-9.108046532,1,-0.152775928,1,-1.011262894,1,0.524148107,1,0.154459417,0,-0.694529176,0,-2.577044249,0
95.52967835,-5.093550682,1,-1.952583909,1,-9.271905899,1,-0.152521148,1,-1.080502748,1,0.544132769,1,0.152616739,0,-0.698983967,0,-2.575120449,0
95.53367615,-5.120139122,1,-1.914289713,1,-9.473555565,1,-0.157109976,1,-1.159110904,1,0.566803873,1,0.150713935,0,-0.703736722,0,-2.573131084,0
95.53768158,-5.108282566,1,-1.880482674,1,-9.559753418,1,-0.175124332,1,-1.243470669,1,0.589605749,1,0.148718864,0,-0.70883441,0,-2.571074247,0
95.54167938,-5.156638145,1,-1.834418535,1,-9.611504555,1,-0.193311632,1,-1.338994622,1,0.603919387,1,0.146604955,0,-0.714290082,0,-2.568955898,0
95.54567719,-5.048799992,1,-1.817040801,1,-9.60365963,1,-0.21535635,1,-1.433476329,1,0.624281049,1,0.144364133,0,-0.720128894,0,-2.566791058,0
95.54967499,-4.956645012,1,-1.82683897,1,-9.656979561,1,-0.240787268,1,-1.536625147,1,0.646451652,1,0.141988307,0,-0.726376534,0,-2.564572334,0
95.55367279,-4.96912241,1,-1.838345528,1,-9.761077881,1,-0.267123729,1,-1.640194654,1,0.665290654,1,0.139437854,0,-0.733031511,0,-2.562281609,0
95.55767822,-4.866087437,1,-1.687168121,1,-9.682127953,1,-0.286295891,1,-1.746761799,1,0.697128832,1,0.136741623,0,-0.740111113,0,-2.559905291,0
95.56167603,-4.994745255,1,-2.002844334,1,-9.82352829,1,-0.31201607,1,-1.859084129,1,0.727548242,1,0.133852422,0,-0.747651279,0,-2.557396173,0
95.56567383,-4.869111061,1,-2.033112764,1,-9.732564926,1,-0.332000643,1,-1.989302635,1,0.765486538,1,0.13075693,0,-0.755667269,0,-2.554741621,0
95.56967163,-4.844554424,1,-2.303463936,1,-9.949857712,1,-0.357008934,1,-2.11696434,1,0.808637202,1,0.127433077,0,-0.764220417,0,-2.551908731,0
95.57367706,-4.776875973,1,-2.448467255,1,-10.1205883,1,-0.375451505,1,-2.254116774,1,0.851166189,1,0.123849712,0,-0.773311377,0,-2.548855066,0
95.57767487,-4.587047577,1,-2.586503506,1,-10.31695366,1,-0.394465566,1,-2.418475151,1,0.899992168,1,0.119977966,0,-0.783006668,0,-2.545553207,0
95.58167267,-4.523897171,1,-2.665366173,1,-10.41030502,1,-0.402876705,1,-2.584964991,1,0.96680361,1,0.115838684,0,-0.793378174,0,-2.541975021,0
95.5856781,-4.50496912,1,-3.000332594,1,-10.53423023,1,-0.414745212,1,-2.767609596,1,1.045194387,1,0.111340724,0,-0.804457724,0,-2.537992239,0
95.5896759,-4.634135723,1,-3.385576725,1,-10.63032913,1,-0.433260143,1,-2.962775707,1,1.126572728,1,0.106413491,0,-0.816303849,0,-2.533531189,0
95.59367371,-4.751131535,1,-3.962341547,1,-10.9593792,1,-0.452852786,1,-3.154112101,1,1.22982049,1,0.100966766,0,-0.828955948,0,-2.528506517,0
95.59767151,-4.560801029,1,-4.353236675,1,-11.37201309,1,-0.488628715,1,-3.356791019,1,1.348077178,1,0.094798259,0,-0.84241879,0,-2.522725105,0
95.60166931,-4.108018398,1,-4.87383461,1,-11.85803604,1,-0.512473345,1,-3.608194828,1,1.465440989,1,0.087876663,0,-0.856793344,0,-2.516169786,0
95.60566711,-4.187644958,1,-5.649353504,1,-12.60956192,1,-0.561763763,1,-3.870842218,1,1.60469687,1,0.080041133,0,-0.872210205,0,-2.508686066,0
95.60967255,-4.382682323,1,-6.967630386,1,-13.23674774,1,-0.644342959,1,-4.141006947,1,1.762338519,1,0.070969999,0,-0.888680756,0,-2.500043154,0
95.61367035,-4.251152039,1,-7.438853264,1,-13.79603863,1,-0.756518364,1,-4.444910049,1,1.943733811,1,0.060313299,0,-0.906302214,0,-2.489995241,0
95.61766815,-2.869884014,1,-7.04049015,1,-10.58737946,1,-0.824590206,1,-4.601256847,1,1.985854149,1,0.047884732,0,-0.924779654,0,-2.478644609,0
95.62167358,-3.807696581,1,-6.67993784,1,-16.62744141,1,-0.834944963,1,-5.34691906,1,2.417570114,1,0.033890549,0,-0.945577145,0,-2.464926958,0
95.62567139,-10.74204636,1,-10.66642189,1,-13.56213093,1,-1.002966762,1,-5.375201702,1,2.67989397,1,0.016672915,0,-0.96713537,0,-2.448328018,0
95.62966919,-7.864462852,1,-16.40555191,1,-14.10485077,1,-1.432008982,1,-5.567984581,1,2.988662243,1,-0.00484323,0,-0.989059806,0,-2.428199053,0
95.63367462,-5.625228882,1,-14.96539688,1,-14.1914196,1,-1.772706866,1,-5.839184284,1,3.242464066,1,-0.031354666,0,-1.011670589,0,-2.404372692,0
95.63768768,-4.283680916,1,-12.1449337,1,-14.43741798,1,-2.014384985,1,-6.077337742,1,3.588401318,1,-0.06313619,0,-1.034803033,0,-2.376050949,0
95.64168549,-4.48566246,1,-9.90683651,1,-15.24579525,1,-2.162173033,1,-6.35863924,1,3.901675463,1,-0.100910917,0,-1.058370113,0,-2.342086792,0
95.64568329,-8.290220261,1,-7.710102081,1,-16.64674759,1,-2.183689594,1,-6.616817474,1,4.072264194,1,-0.144439518,0,-1.082201838,0,-2.302405119,0
95.64968109,-15.45586014,1,-6.572604179,1,-18.53310776,1,-2.156131744,1,-6.598014355,1,4.10991621,1,-0.193003759,0,-1.105609059,0,-2.257503271,0
95.65368652,-13.15687656,1,-7.285468578,1,-15.63302326,1,-2.113497972,1,-6.587246895,1,4.176923275,1,-0.245993972,0,-1.127599835,0,-2.207948208,0
95.65768433,-13.1826849,1,-8.251490593,1,-16.78891945,1,-2.403928041,1,-6.716525078,1,4.418915272,1,-0.306841671,0,-1.148571491,0,-2.150918245,0
95.66168213,-16.38295174,1,-8.479825974,1,-16.62247658,1,-2.53383112,1,-6.657551765,1,4.408885479,1,-0.375284076,0,-1.167882323,0,-2.08701849,0
95.66567993,-19.97194481,1,-8.01923275,1,-16.35971451,1,-2.641311884,1,-6.386571884,1,4.357113838,1,-0.449402988,0,-1.184826136,0,-2.017954588,0
95.66968536,-18.16953659,1,-8.226971626,1,-16.1132431,1,-2.780580044,1,-6.162690639,1,4.330626965,1,-0.528388858,0,-1.198772073,0,-1.944604039,0
95.67368317,-18.61538124,1,-7.1986022,1,-15.13943386,1,-2.835052013,1,-5.953708172,1,4.184199333,1,-0.611083925,0,-1.209997058,0,-1.868085504,0
95.67768097,-18.30729103,1,-7.906856537,1,-14.86939335,1,-2.88381958,1,-5.740672588,1,4.060362339,1,-0.695774257,0,-1.218579173,0,-1.789904118,0
95.6816864,-17.42053795,1,-7.923156738,1,-13.94986248,1,-2.996828318,1,-5.54045248,1,4.027997494,1,-0.782113791,0,-1.224357605,0,-1.710525274,0
95.6856842,-15.22970676,1,-7.796051979,1,-12.25314331,1,-3.127219439,1,-5.388183117,1,3.983006001,1,-0.86927861,0,-1.227385998,0,-1.630924821,0
95.68968201,-14.42736626,1,-6.837032318,1,-11.52109718,1,-3.221807241,1,-5.286873817,1,3.822114944,1,-0.95608449,0,-1.228051424,0,-1.552262306,0
95.69367981,-13.75186348,1,-6.217803478,1,-9.461843491,1,-3.270577192,1,-5.100409508,1,3.751967907,1,-1.044676304,0,-1.22647047,0,-1.469852567,0
95.69767761,-9.68861866,1,-6.58074379,1,-7.849283218,1,-3.413789034,1,-4.876378536,1,3.734438419,1,-1.126276374,0,-1.222509503,0,-1.397303343,0
95.70168304,-6.451046944,1,-6.818991661,1,-6.495141983,1,-3.574114799,1,-4.613424778,1,3.699453831,1,-1.203850508,0,-1.216358185,0,-1.329557896,0
95.70568085,-4.997090816,1,-6.429173946,1,-5.235744476,1,-3.785023451,1,-4.384840012,1,3.699772358,1,-1.276818275,0,-1.208218813,0,-1.267371416,0
95.70967865,-7.047474861,1,-6.399851799,1,-4.121756077,1,-4.015325069,1,-4.219624043,1,3.728500843,1,-1.34543407,0,-1.198262095,0,-1.210566998,0
95.71367645,-10.0827055,1,-5.06542778,1,-6.299954414,1,-4.139044285,1,-4.068902969,1,3.622292042,1,-1.410013556,0,-1.18695426,0,-1.158706665,0
95.71768189,-12.17585182,1,-2.578938484,1,-10.41904831,1,-3.872753382,1,-3.544632912,1,3.211068153,1,-1.467439294,0,-1.175374746,0,-1.11406064,0
95.72167969,-17.36582947,1,-1.181297541,1,-10.53873634,1,-3.409270525,1,-3.046025991,1,2.857152939,1,-1.515255213,0,-1.164345264,0,-1.077949524,0
95.72567749,-27.13120461,1,0.286293,1,-12.71517944,1,-2.917309761,1,-2.385140181,1,2.398968697,1,-1.553762197,0,-1.154185534,0,-1.049788833,0
95.72967529,-32.56567764,1,-0.6235497,1,-16.94570923,1,-2.445011616,1,-1.3644135,1,1.799458265,1,-1.581469417,0,-1.145797968,0,-1.031086326,0
95.7336731,-21.02500534,1,-3.746518612,1,-16.86763191,1,-2.217368126,1,-0.284461379,1,1.255362272,1,-1.597589135,0,-1.139678359,0,-1.023610115,0
95.73767853,-10.39694786,1,-6.249713421,1,-13.49259949,1,-1.989379406,1,0.374854654,1,0.84946543,1,-1.60509038,0,-1.135516167,0,-1.024622321,0
95.74167633,-7.804012775,1,-8.528676033,1,-11.91311836,1,-1.75661397,1,0.796558917,1,0.570637226,1,-1.607296586,0,-1.132800937,0,-1.030424476,0
95.74567413,-9.218039513,1,-9.885271072,1,-11.65968037,1,-1.750137329,1,1.200719953,1,0.349610865,1,-1.605620861,0,-1.131119132,0,-1.039959192,0
95.74967194,-8.894745827,1,-10.02425766,1,-11.73195171,1,-1.914443493,1,1.622470498,1,0.16207096,1,-1.600847483,0,-1.130293846,0,-1.053309679,0
95.753685,-6.467753887,1,-9.909034729,1,-10.68711472,1,-2.110492945,1,1.945870757,1,-0.001885994,1,-1.5936867,0,-1.130166054,0,-1.070145726,0
95.7576828,-4.136213303,1,-9.603889465,1,-9.22565937,1,-2.231243134,1,2.148540974,1,-0.130023599,1,-1.584994435,0,-1.130591154,0,-1.0893749,0
95.76168823,-2.343012571,1,-9.153871536,1,-8.165261269,1,-2.328862667,1,2.311095953,1,-0.234839976,1,-1.575180054,0,-1.131410122,0,-1.11030364,0
95.76568604,-0.506747305,1,-8.549730301,1,-7.2811656,1,-2.410306454,1,2.447715282,1,-0.320004642,1,-1.564370513,0,-1.132514358,0,-1.132707715,0
95.76968384,0.82763803,1,-7.749243736,1,-6.600204468,1,-2.450830936,1,2.538539886,1,-0.401169568,1,-1.552763104,0,-1.133835793,0,-1.15627718,0
95.77368164,1.268224359,1,-7.029788971,1,-6.252147675,1,-2.462281704,1,2.597833157,1,-0.48312214,1,-1.540466785,0,-1.135341883,0,-1.180694818,0
95.77768707,1.194708824,1,-6.568806171,1,-5.952334881,1,-2.421242476,1,2.65717268,1,-0.572829068,1,-1.527461171,0,-1.137057543,0,-1.205817938,0
95.78168488,1.203906655,1,-6.12597847,1,-5.75254631,1,-2.352025509,1,2.715951681,1,-0.664364755,1,-1.513510108,0,-1.138986111,0,-1.23171258,0
95.78568268,1.179280281,1,-6.030795574,1,-5.498530865,1,-2.252182245,1,2.772498846,1,-0.763879597,1,-1.498485446,0,-1.141122222,0,-1.258392692,0
95.78968811,1.056489468,1,-6.146528244,1,-5.341642857,1,-2.157727957,1,2.835477829,1,-0.852387726,1,-1.482265711,0,-1.143448114,0,-1.285926938,0
95.79368591,0.780757308,1,-6.491409302,1,-5.221743584,1,-2.070301294,1,2.901005983,1,-0.941765666,1,-1.464815736,0,-1.145905972,0,-1.314373732,0
95.79768372,0.311559737,1,-6.888136387,1,-5.113485813,1,-2.005025864,1,2.983206034,1,-1.028374076,1,-1.446047306,0,-1.148463249,0,-1.343895674,0
95.80168152,-0.213877872,1,-7.318327904,1,-5.080674648,1,-1.959376335,1,3.085774899,1,-1.103726625,1,-1.42584157,0,-1.151055098,0,-1.374717593,0
95.80567932,-0.680863857,1,-7.668703079,1,-4.957256317,1,-1.93610096,1,3.201341867,1,-1.184053898,1,-1.404127359,0,-1.153623223,0,-1.407006502,0
95.80968475,-1.106891274,1,-8.059865952,1,-4.96491909,1,-1.930575371,1,3.32310462,1,-1.257302642,1,-1.380829453,0,-1.156118274,0,-1.44091785,0
95.81368256,-1.601830959,1,-8.57130146,1,-4.86067152,1,-1.944555521,1,3.454420805,1,-1.326074004,1,-1.355932593,0,-1.158448339,0,-1.476564288,0
95.81768036,-2.135225773,1,-8.943076134,1,-4.891488075,1,-1.978312969,1,3.601358414,1,-1.390124083,1,-1.329470396,0,-1.160547018,0,-1.513994813,0
95.82167816,-2.627854109,1,-9.278421402,1,-4.776585102,1,-2.022609711,1,3.738399744,1,-1.449978471,1,-1.301424503,0,-1.162338972,0,-1.553290844,0
95.82568359,-3.150047064,1,-9.388651848,1,-4.733736038,1,-2.074365854,1,3.878986835,1,-1.511342406,1,-1.271921754,0,-1.163752556,0,-1.594360948,0
95.8296814,-3.700712919,1,-9.442522049,1,-4.671655178,1,-2.120292425,1,4.014857769,1,-1.578489065,1,-1.241005063,0,-1.164760113,0,-1.637157083,0
95.8336792,-4.293707848,1,-9.459982872,1,-4.601108074,1,-2.155100107,1,4.148553371,1,-1.652350903,1,-1.208686948,0,-1.165315986,0,-1.681628823,0
95.837677,-4.893476963,1,-9.466510773,1,-4.538244247,1,-2.167507172,1,4.289206505,1,-1.737881899,1,-1.174962282,0,-1.165368915,0,-1.727737427,0
95.84167481,-5.625633717,1,-9.540345192,1,-4.52930069,1,-2.174417973,1,4.417548656,1,-1.820555329,1,-1.139897704,0,-1.164894462,0,-1.775355339,0
95.84568024,-6.297480583,1,-9.637038231,1,-4.497717381,1,-2.16730547,1,4.546974182,1,-1.913439155,1,-1.103530407,0,-1.163835406,0,-1.824410081,0
95.84967804,-7.012115479,1,-9.787591934,1,-4.479102135,1,-2.159926653,1,4.679498672,1,-2.021311998,1,-1.065923452,0,-1.162166238,0,-1.874801636,0
95.85367584,-7.756755352,1,-9.996165276,1,-4.452557087,1,-2.141349316,1,4.820298672,1,-2.124317408,1,-1.027135849,0,-1.159824848,0,-1.926471949,0
95.85767365,-8.53302002,1,-10.09004974,1,-4.497300148,1,-2.1061728,1,4.957834721,1,-2.241346359,1,-0.987197697,0,-1.156752825,0,-1.979334593,0
95.86167908,-9.181758881,1,-10.17736053,1,-4.525736809,1,-2.077779293,1,5.098377705,1,-2.368025541,1,-0.946238756,0,-1.152915835,0,-2.03326273,0
95.86567688,-9.758323669,1,-10.15160179,1,-4.559806824,1,-2.028726816,1,5.241461277,1,-2.502306938,1,-0.904355288,0,-1.148251295,0,-2.088126659,0
95.86967468,-10.22215557,1,-9.965025902,1,-4.499051094,1,-1.967663527,1,5.378831863,1,-2.640114307,1,-0.861705184,0,-1.142707467,0,-2.143723249,0
95.87368012,-10.56640148,1,-9.817113876,1,-4.509688854,1,-1.883413315,1,5.5082407,1,-2.790761948,1,-0.818409085,0,-1.136260748,0,-2.199860573,0
95.87768555,-10.83793068,1,-9.655082703,1,-4.526087761,1,-1.793130398,1,5.635959148,1,-2.935120106,1,-0.774675965,0,-1.128859401,0,-2.256278515,0
95.88168335,-10.80567837,1,-9.553507805,1,-4.414812565,1,-1.690644145,1,5.73875618,1,-3.076023817,1,-0.730781257,0,-1.120471835,0,-2.312657595,0
95.88568878,-10.67923164,1,-9.422272682,1,-4.29536581,1,-1.576644301,1,5.816975117,1,-3.198680162,1,-0.687071621,0,-1.111088157,0,-2.368590832,0
95.88968658,-10.67024517,1,-9.411515236,1,-4.150853634,1,-1.465665936,1,5.883656502,1,-3.310276031,1,-0.643926382,0,-1.100704074,0,-2.423666239,0
95.89368439,-10.67197609,1,-9.372673035,1,-4.081018448,1,-1.353553295,1,5.922875404,1,-3.407454252,1,-0.601656377,0,-1.08935082,0,-2.477555037,0
95.89768982,-10.63992405,1,-9.426984787,1,-3.972395182,1,-1.235766649,1,5.954529285,1,-3.48004818,1,-0.560518563,0,-1.077045918,0,-2.529968739,0
95.90168762,-10.71271038,1,-9.471859932,1,-3.96214509,1,-1.130048275,1,5.968619823,1,-3.543945789,1,-0.520769477,0,-1.063833117,0,-2.580657959,0
95.90568543,-10.7971344,1,-9.477262497,1,-3.84820509,1,-1.033407807,1,5.969642162,1,-3.584484816,1,-0.482616454,0,-1.049754381,0,-2.629443884,0
95.90968323,-10.86564541,1,-9.532710075,1,-3.872413874,1,-0.944199443,1,5.963044643,1,-3.614947557,1,-0.446199954,0,-1.034860134,0,-2.676189184,0
95.91368103,-11.00196362,1,-9.55371666,1,-3.900607347,1,-0.852743208,1,5.952246666,1,-3.638159037,1,-0.411565155,0,-1.019223809,0,-2.720847607,0
95.91768646,-11.08903313,1,-9.521672249,1,-3.990200043,1,-0.7691378,1,5.928825378,1,-3.653287888,1,-0.378751755,0,-1.002903938,0,-2.763401985,0
95.92168427,-11.38286591,1,-9.431720734,1,-4.138727665,1,-0.677539229,1,5.905446529,1,-3.658451319,1,-0.347676098,0,-0.985970974,0,-2.803919077,0
95.92568207,-11.72618389,1,-9.350338936,1,-4.296000481,1,-0.585472226,1,5.885237694,1,-3.667960405,1,-0.318270862,0,-0.968474984,0,-2.84245038,0
95.92967987,-11.96256828,1,-9.270945549,1,-4.55691576,1,-0.485356718,1,5.863285542,1,-3.673746586,1,-0.290372491,0,-0.950460494,0,-2.879134178,0
95.9336853,-12.2942934,1,-9.182432175,1,-4.819492817,1,-0.374164104,1,5.847466946,1,-3.685393572,1,-0.263864875,0,-0.931963563,0,-2.914057493,0
95.93768311,-12.4998436,1,-9.119140625,1,-5.013045788,1,-0.259494603,1,5.821321487,1,-3.698479176,1,-0.238601923,0,-0.913033366,0,-2.947346687,0
95.94168091,-12.41384983,1,-8.996477127,1,-5.241674423,1,-0.132487521,1,5.78027916,1,-3.71448946,1,-0.214451373,0,-0.893741429,0,-2.979100466,0
95.94568634,-12.67664337,1,-8.815179825,1,-5.808041573,1,-0.000343446,1,5.698910236,1,-3.73064208,1,-0.187843218,0,-0.878026307,0,-2.997638464,0
95.94968414,-13.21516991,1,-8.668753624,1,-6.138044357,1,0.133688763,1,5.641489983,1,-3.742998838,1,-0.165495202,0,-0.858327031,0,-3.026576042,0
95.95368195,-13.30311966,1,-8.670970917,1,-6.138728619,1,0.25918287,1,5.59455061,1,-3.748522282,1,-0.143983811,0,-0.83843708,0,-3.054204702,0
95.95767975,-13.25248718,1,-8.844715118,1,-6.11681366,1,0.391234159,1,5.545274258,1,-3.753197432,1,-0.123243593,0,-0.818350255,0,-3.080589294,0
95.96167755,-13.36096096,1,-9.032213211,1,-6.304706097,1,0.517783642,1,5.491852283,1,-3.767965794,1,-0.103162661,0,-0.798108935,0,-3.105839968,0
95.96567535,-13.5950098,1,-9.139986038,1,-6.579268456,1,0.647075415,1,5.443785191,1,-3.780250549,1,-0.083670288,0,-0.777747631,0,-3.130050421,0
95.96968079,-13.92040062,1,-9.051604271,1,-7.018471241,1,0.7760638,1,5.385529995,1,-3.796955585,1,-0.064688325,0,-0.757274806,0,3.129899979,0
95.97367859,-14.40543842,1,-9.065052032,1,-7.385163307,1,0.914900541,1,5.338541508,1,-3.811259508,1,-0.046128403,0,-0.736711562,0,3.10756278,0
95.97767639,-15.04277039,1,-9.12463665,1,-7.550167084,1,1.056380987,1,5.302538872,1,-3.838955879,1,-0.027900418,0,-0.716021299,0,3.086045742,0
95.98168182,-15.55372524,1,-9.211966515,1,-7.716585159,1,1.185066223,1,5.279843807,1,-3.878421068,1,-0.009942566,0,-0.695151091,0,3.065258026,0
95.98567963,-15.9517374,1,-9.323530197,1,-7.925841808,1,1.309892058,1,5.257899284,1,-3.934127808,1,0.007825886,0,-0.674090087,0,3.045068979,0
95.98967743,-16.28350449,1,-9.50910759,1,-8.162542343,1,1.42775178,1,5.233123302,1,-4.006405354,1,0.025450477,0,-0.652840972,0,3.025361776,0
95.99368286,-16.7346096,1,-9.676275253,1,-8.53061676,1,1.533871412,1,5.204301834,1,-4.08638382,1,0.042941798,0,-0.631425858,0,3.006058931,0
95.99768829,-17.26312637,1,-9.857907295,1,-8.940927505,1,1.62748456,1,5.173551559,1,-4.18496418,1,0.060318056,0,-0.60984242,0,2.987067938,0
96.0016861,-18.01150703,1,-9.946551323,1,-9.259158134,1,1.707921505,1,5.14031744,1,-4.282567978,1,0.077553153,0,-0.588106751,0,2.96833849,0
96.00569153,-18.64085197,1,-9.86452198,1,-9.405376434,1,1.784221768,1,5.116653442,1,-4.403250217,1,0.094656251,0,-0.566173553,0,2.949793339,0
96.00968933,-19.33236504,1,-9.475398064,1,-9.467618942,1,1.856088877,1,5.081673622,1,-4.52183342,1,0.111643568,0,-0.544053793,0,2.931368351,0
96.01368713,-19.94747925,1,-8.88481617,1,-9.453249931,1,1.949663281,1,5.037071228,1,-4.660086632,1,0.128567338,0,-0.521754026,0,2.91301918,0
96.01768494,-20.4468708,1,-8.21227169,1,-9.26692009,1,2.0595963,1,4.985964298,1,-4.784220695,1,0.145518035,0,-0.49930793,0,2.894708633,0
96.02168274,-21.0734024,1,-7.601067543,1,-8.947237015,1,2.19159174,1,4.923995495,1,-4.908198833,1,0.16256997,0,-0.476749897,0,2.876457691,0
96.02568817,-21.65583992,1,-7.154840946,1,-8.641153336,1,2.343153,1,4.841087341,1,-5.018307209,1,0.179804474,0,-0.454128265,0,2.858279467,0
96.02968597,-22.19106483,1,-6.966936588,1,-8.286306381,1,2.486371279,1,4.749117851,1,-5.107091904,1,0.197195217,0,-0.431488156,0,2.840244055,0
96.03368378,-22.54233742,1,-6.868219376,1,-7.867978573,1,2.62514329,1,4.625676632,1,-5.177336693,1,0.214701384,0,-0.408914089,0,2.822384119,0
96.03768158,-23.08091354,1,-6.939986706,1,-7.418143749,1,2.734158516,1,4.492661953,1,-5.222274303,1,0.23224555,0,-0.386504143,0,2.804762125,0
96.04168701,-23.76541901,1,-6.169892311,1,-6.210228443,1,2.822381973,1,4.358789921,1,-5.288182259,1,0.249732092,0,-0.364318669,0,2.787385941,0
96.04568481,-20.98870277,1,3.338880539,1,-7.771646976,1,3.016067743,1,4.040050983,1,-5.498025417,1,0.267415106,0,-0.342483163,0,2.769799471,0
96.04968262,-16.77767944,1,6.035703182,1,-9.170392036,1,3.270373344,1,3.592182875,1,-5.65836668,1,0.285958707,0,-0.321713328,0,2.751507282,0
96.05368805,-19.02164841,1,4.805827141,1,-6.728931904,1,3.5987041,1,3.357180119,1,-5.842509747,1,0.305460632,0,-0.301774085,0,2.732613802,0
96.05768585,-21.57198906,1,5.120880127,1,-6.315472126,1,3.9581604,1,3.159621,1,-5.952553749,1,0.326121747,0,-0.282043308,0,2.713411093,0
96.06168366,-22.63835716,1,3.246994019,1,-5.515816689,1,4.168998241,1,2.930600405,1,-6.011593342,1,0.34761399,0,-0.262625605,0,2.694118023,0
96.06568146,-23.66825867,1,1.114535213,1,-4.45965004,1,4.165743351,1,2.715023041,1,-5.983764172,1,0.369134694,0,-0.243634269,0,2.674983025,0
96.06967926,-24.72755051,1,-0.734069288,1,-3.444623947,1,3.963558912,1,2.500046492,1,-5.869078636,1,0.389763355,0,-0.225153416,0,2.656293631,0
96.07367706,-25.14326477,1,-1.865825534,1,-2.807376623,1,3.61954236,1,2.264986753,1,-5.714226246,1,0.408825308,0,-0.207357332,0,2.638227701,0
96.0776825,-24.92577553,1,-1.741385341,1,-2.181055784,1,3.186148643,1,2.020099401,1,-5.543292522,1,0.425903082,0,-0.190393001,0,2.620782614,0
96.0816803,-24.85099602,1,-0.781614065,1,-1.23133409,1,2.73156333,1,1.756120324,1,-5.360491276,1,0.440806657,0,-0.174386531,0,2.603877306,0
96.0856781,-25.41284943,1,0.352276206,1,-0.127942339,1,2.252360821,1,1.502488256,1,-5.151753902,1,0.453490078,0,-0.159427807,0,2.587506294,0
96.08968353,-26.08844376,1,1.78655076,1,0.914902806,1,1.81029284,1,1.273626208,1,-4.928663731,1,0.464015514,0,-0.145508841,0,2.571698666,0
96.09368134,-26.64381409,1,3.186690092,1,1.937280774,1,1.431938171,1,1.045532823,1,-4.657166481,1,0.472588778,0,-0.132699579,0,2.556537628,0
96.09767914,-27.11931801,1,4.55080986,1,2.932788372,1,1.149384379,1,0.814783752,1,-4.325857639,1,0.479552835,0,-0.121155992,0,2.542143583,0
96.10167694,-27.47623253,1,6.361724377,1,3.537682772,1,0.967575014,1,0.579950154,1,-3.957642317,1,0.485318571,0,-0.11099229,0,2.528664351,0
96.10567474,-27.84685516,1,8.139950752,1,3.991018295,1,0.918750942,1,0.355121404,1,-3.550214052,1,0.490385532,0,-0.102304198,0,2.516207695,0
96.10968018,-28.09941864,1,9.874320984,1,4.222324371,1,0.972721398,1,0.167914703,1,-3.121333599,1,0.495261788,0,-0.095066726,0,2.50488615,0
96.11368561,-28.02714348,1,10.7905426,1,4.4271245,1,1.097880721,1,-0.005617111,1,-2.685750723,1,0.500315428,0,-0.089248948,0,2.49478364,0
96.11769104,-27.77229881,1,10.92138386,1,4.45552206,1,1.241058469,1,-0.167009279,1,-2.241696358,1,0.505763888,0,-0.084806196,0,2.485950232,0
96.12168884,-27.05175972,1,10.07657909,1,4.335560322,1,1.334441423,1,-0.312231064,1,-1.799013138,1,0.511564374,0,-0.081711903,0,2.478403568,0
96.12568665,-25.92772865,1,8.387592316,1,4.158883572,1,1.31355536,1,-0.469581574,1,-1.361535907,1,0.517398715,0,-0.079956964,0,2.472105742,0
96.12968445,-24.86779404,1,6.169838905,1,3.763870955,1,1.156351209,1,-0.640449405,1,-0.941130817,1,0.522785783,0,-0.079591185,0,2.466997623,0
96.13368988,-23.91724396,1,4.103264809,1,3.195464849,1,0.865215182,1,-0.818800569,1,-0.546083629,1,0.52718544,0,-0.080620281,0,2.462959766,0
96.13768768,-22.98837852,1,2.277217627,1,2.643339157,1,0.475635201,1,-0.995836973,1,-0.177952275,1,0.530142426,0,-0.083032683,0,2.459872246,0
96.14168549,-22.04846764,1,1.11157763,1,1.897307754,1,0.053557329,1,-1.13348937,1,0.155731931,1,0.531390846,0,-0.08667957,0,2.457689285,0
96.14568329,-21.67417717,1,0.621853709,1,0.746882677,1,-0.342358083,1,-1.280887961,1,0.427030087,1,0.53093338,0,-0.091460496,0,2.456251144,0
96.14968872,-12.22820663,1,-8.861748695,1,-6.844429016,1,-1.022611856,1,-1.46893692,1,0.677876115,1,0.52861166,0,-0.097249582,0,2.455415249,0
96.15368652,8.770219803,1,-21.34456635,1,-4.792141914,1,-3.377171516,1,-2.544795752,1,0.68926549,1,0.519416749,0,-0.105359405,0,2.453955889,0
96.15768433,-20.36143684,1,8.612713814,1,-9.574126244,1,-3.152274132,1,-3.050481081,1,1.186583161,1,0.506584704,0,-0.117633849,0,2.451692343,0
96.16168213,11.54171848,1,-0.998057723,1,-13.58965683,1,-3.211803436,1,-2.593660831,1,0.649690211,1,0.494207978,0,-0.129021406,0,2.449547768,0
96.16567993,9.445084572,1,-2.887617111,1,-14.9453373,1,-2.989869118,1,-2.956162691,1,0.719921529,1,0.482080579,0,-0.139985815,0,2.446655512,0
96.16968536,3.825517893,1,3.647961617,1,-15.65640926,1,-2.514965296,1,-3.038559675,1,0.754776001,1,0.471398383,0,-0.152204841,0,2.443775415,0
96.17368317,11.27417183,1,3.29115963,1,-19.05941772,1,-1.860847235,1,-3.036376238,1,0.658140957,1,0.463237345,0,-0.164161086,0,2.440843821,0
96.17768097,5.992235661,1,-1.779616594,1,-19.40844345,1,-1.851523638,1,-3.531446695,1,0.784378052,1,0.45651266,0,-0.177251741,0,2.437472105,0
96.18167877,4.683233738,1,-0.964514375,1,-12.97215462,1,-1.861940742,1,-3.782775402,1,0.933589935,1,0.449648798,0,-0.191875637,0,2.434114695,0
96.18569183,8.112879753,1,6.930706978,1,-10.27664089,1,-1.509850621,1,-4.350186825,1,1.250689149,1,0.443404734,0,-0.208345324,0,2.430943012,0
96.18968201,5.686841488,1,12.52591991,1,-13.79713249,1,-1.045175195,1,-5.09826088,1,1.593137026,1,0.438949585,0,-0.22787571,0,2.427947283,0
96.19367981,-3.9289639,1,11.13920784,1,-17.65050697,1,-0.902402401,1,-5.639186382,1,1.866725683,1,0.438608855,0,-0.253355354,0,2.442076445,0
96.19769287,-12.80689335,1,11.39518356,1,-17.61188126,1,-0.521572828,1,-5.464903355,1,1.934914947,1,0.436412156,0,-0.27685219,0,2.439459562,0
96.20169067,-15.20618725,1,9.48915863,1,-18.33889389,1,-0.298879445,1,-5.157727718,1,2.01325798,1,0.435411841,0,-0.299385607,0,2.437537193,0
96.20568848,-16.70349884,1,7.879291058,1,-19.03735161,1,-0.284569591,1,-4.942139149,1,2.28523159,1,0.434435219,0,-0.321301252,0,2.436722279,0
96.20967865,-18.99938011,1,5.771376133,1,-18.75726509,1,-0.081377327,1,-4.490407467,1,2.421996355,1,0.433411539,0,-0.342446387,0,2.437438965,0
96.21367645,-15.85342884,1,3.557176352,1,-16.86319733,1,0.125257328,1,-4.103513718,1,2.478115082,1,0.432911426,0,-0.36209029,0,2.439228058,0
96.21767426,-13.56855392,1,1.079198003,1,-14.49366093,1,0.233757526,1,-3.87407732,1,2.548472166,1,0.432685196,0,-0.380774975,0,2.441869974,0
96.22168732,-13.83228397,1,-3.755062819,1,-11.62321568,1,0.21859704,1,-3.745413065,1,2.54820466,1,0.432415694,0,-0.398886681,0,2.444980383,0
96.22568512,-15.67623901,1,-8.36588192,1,-10.81999874,1,0.131625324,1,-3.596987009,1,2.499891996,1,0.431857049,0,-0.416377574,0,2.448251009,0
96.22967529,-19.57291603,1,-13.101264,1,-9.098928452,1,-0.155695051,1,-3.360113859,1,2.372811079,1,0.430441588,0,-0.433179885,0,2.451603651,0
96.23368835,-20.22326088,1,-17.44211578,1,-7.884345531,1,-0.416089773,1,-2.970266104,1,2.0964818,1,0.427958071,0,-0.448386848,0,2.45475173,0
96.23769379,-20.74339867,1,-18.73398399,1,-5.990820408,1,-0.746658504,1,-2.57509613,1,1.778261781,1,0.424404711,0,-0.461737067,0,2.457566738,0
96.24169159,-19.44499969,1,-16.36884308,1,-5.498259544,1,-0.932571709,1,-2.281660795,1,1.427823782,1,0.42013225,0,-0.473206967,0,2.459635735,0
96.24569702,-16.81478882,1,-13.24567223,1,-5.609433174,1,-1.245995641,1,-1.864521146,1,1.160387158,1,0.415129751,0,-0.482914895,0,2.461135387,0
96.24969482,-11.52489185,1,-6.116340637,1,-6.490794182,1,-1.451352239,1,-1.58539331,1,1.108350992,1,0.408946574,0,-0.490932792,0,2.462666035,0
96.25369263,-12.49542236,1,-1.771144509,1,-9.111001015,1,-1.51444304,1,-1.349657297,1,1.143784046,1,0.401995063,0,-0.498185545,0,2.464750767,0
96.25769043,-12.12649059,1,2.33236289,1,-12.80967712,1,-1.43354702,1,-0.962411821,1,1.185379624,1,0.394723952,0,-0.504274011,0,2.467597485,0
96.26168823,-11.54414558,1,3.11019516,1,-13.00133228,1,-1.267458677,1,-0.523982167,1,1.140835762,1,0.387494385,0,-0.508764267,0,2.471239328,0
96.26569367,-8.613900185,1,3.024880409,1,-11.30973339,1,-1.085218549,1,-0.308173776,1,1.114830136,1,0.3808406,0,-0.511964619,0,2.475334883,0
96.26969147,-9.082989693,1,-0.590097904,1,-9.464580536,1,-1.006775022,1,-0.161010608,1,1.01461935,1,0.374593914,0,-0.514408529,0,2.479520798,0
96.27368927,-9.169810295,1,-3.949045897,1,-8.435984612,1,-0.9189533,1,-0.110967614,1,0.778953075,1,0.368944049,0,-0.516195893,0,2.483179808,0
96.27768707,-7.416444778,1,-4.873676777,1,-8.601202965,1,-0.839548826,1,-0.17818439,1,0.544411182,1,0.364162803,0,-0.517666519,0,2.48576808,0
96.28169251,-7.484194279,1,-3.711653948,1,-9.648985863,1,-0.77752614,1,-0.202649117,1,0.411340028,1,0.36007297,0,-0.519076943,0,2.487473965,0
96.28569031,-6.576814651,1,-1.239170194,1,-10.52665138,1,-0.697679996,1,-0.161682829,1,0.383852065,1,0.356431484,0,-0.520301461,0,2.488856077,0
96.28968811,-5.591510296,1,0.197165698,1,-10.64779758,1,-0.611443758,1,-0.135765657,1,0.407641947,1,0.353091359,0,-0.52140975,0,2.490335464,0
96.29369354,-5.610702515,1,-0.541599691,1,-9.997299194,1,-0.513733149,1,-0.097196087,1,0.400494695,1,0.350065947,0,-0.522401452,0,2.491914272,0
96.29769135,-5.570856571,1,-1.978248,1,-8.91561985,1,-0.4511244,1,-0.088644676,1,0.347046614,1,0.347404182,0,-0.523258805,0,2.493401527,0
96.30168915,-5.631719589,1,-3.711971998,1,-8.046705246,1,-0.406278312,1,-0.10355448,1,0.290921718,1,0.345085263,0,-0.524047852,0,2.494639158,0
96.30568695,-5.55200386,1,-4.402074337,1,-7.897397995,1,-0.412173957,1,-0.08014717,1,0.272331387,1,0.342929631,0,-0.52477634,0,2.495695829,0
96.30968475,-5.272276402,1,-4.409986496,1,-8.076313019,1,-0.438030005,1,-0.04476833,1,0.299821407,1,0.340681314,0,-0.52538085,0,2.496839285,0
96.31369019,-4.803266525,1,-4.389547348,1,-7.960373878,1,-0.483645678,1,-0.001113697,1,0.340474337,1,0.338156641,0,-0.525897503,0,2.498202801,0
96.31768799,-4.919669628,1,-4.452738285,1,-7.84861517,1,-0.529354155,1,0.020494305,1,0.377727121,1,0.335333377,0,-0.526347518,0,2.499795675,0
96.32168579,-4.87705183,1,-4.251873493,1,-7.690939426,1,-0.57223618,1,0.041710466,1,0.389394104,1,0.332253098,0,-0.526736856,0,2.501521349,0
96.32568359,-5.020018578,1,-3.752592564,1,-7.765091896,1,-0.603139639,1,0.060445625,1,0.403924465,1,0.328978717,0,-0.527068138,0,2.503344297,0
96.32968903,-5.26997757,1,-3.16318059,1,-8.07493782,1,-0.622123778,1,0.077921808,1,0.417379618,1,0.325562596,0,-0.527337432,0,2.505250692,0
96.33368683,-5.061655045,1,-2.851382256,1,-8.257726669,1,-0.627103388,1,0.10253869,1,0.427123874,1,0.32207036,0,-0.527523637,0,2.507240295,0
96.33768463,-4.108161449,1,-2.912932873,1,-8.52052784,1,-0.639110506,1,0.09693034,1,0.42690596,1,0.31851393,0,-0.527672052,0,2.509258509,0
96.34168243,-3.735636473,1,-3.036955833,1,-8.818336487,1,-0.636262059,1,0.061161291,1,0.426276803,1,0.314961463,0,-0.527901053,0,2.511247158,0
96.34568024,-3.406688452,1,-2.743416071,1,-9.148499489,1,-0.625596046,1,0.019816292,1,0.418094635,1,0.311457962,0,-0.528256714,0,2.513172388,0
96.34968567,-3.677656651,1,-2.386532545,1,-9.279150963,1,-0.600894511,1,-0.039887339,1,0.407919765,1,0.308093488,0,-0.528803706,0,2.514986992,0
96.3536911,-4.071455002,1,-1.976287603,1,-9.295893669,1,-0.560977697,1,-0.098192215,1,0.387720019,1,0.304922879,0,-0.529556811,0,2.516650915,0
96.35769653,-4.302631378,1,-1.602231026,1,-9.287818909,1,-0.518614888,1,-0.152901024,1,0.362188458,1,0.302003115,0,-0.530484676,0,2.518138885,0
96.36169434,-4.405970097,1,-1.35865128,1,-9.210841179,1,-0.470110834,1,-0.191517472,1,0.341298878,1,0.299357086,0,-0.531559348,0,2.519466877,0
96.36569214,-4.565346718,1,-1.325847745,1,-9.045824051,1,-0.436205089,1,-0.223454356,1,0.309183449,1,0.296954036,0,-0.532747149,0,2.520622969,0
96.36968994,-4.796551704,1,-1.378110766,1,-8.820069313,1,-0.408305913,1,-0.236472905,1,0.272550017,1,0.294765651,0,-0.53397125,0,2.521610737,0
96.37369537,-4.928866863,1,-1.175315142,1,-8.785787582,1,-0.373227388,1,-0.235763595,1,0.234069675,1,0.292790741,0,-0.535168529,0,2.522422075,0
96.37769318,-4.972737312,1,-1.075165272,1,-8.843622208,1,-0.344419569,1,-0.234916225,1,0.195279568,1,0.291020632,0,-0.536328435,0,2.523057938,0
96.38169098,-4.903343678,1,-0.940997005,1,-8.901702881,1,-0.299982518,1,-0.240035176,1,0.155925378,1,0.289498627,0,-0.537439287,0,2.523524523,0
96.38568878,-4.866583824,1,-1.152711511,1,-8.841154099,1,-0.259357959,1,-0.248296916,1,0.115558386,1,0.288247377,0,-0.538526833,0,2.523795843,0
96.38969421,-5.09817934,1,-1.184195518,1,-8.727405548,1,-0.224488616,1,-0.251072675,1,0.086544596,1,0.287215292,0,-0.539594114,0,2.523919821,0
96.39369202,-5.097498417,1,-1.031960487,1,-8.558701515,1,-0.179238304,1,-0.241302878,1,0.056151453,1,0.286416888,0,-0.54062295,0,2.523902893,0
96.39768982,-5.074016571,1,-0.865296423,1,-8.548410416,1,-0.13638255,1,-0.232487321,1,0.028227512,1,0.285837233,0,-0.54158169,0,2.523792028,0
96.40168762,-4.838522434,1,-1.025801301,1,-8.426639557,1,-0.098692417,1,-0.226126507,1,0.01009135,1,0.285475969,0,-0.542479217,0,2.523578644,0
96.40568543,-4.720409393,1,-1.449117422,1,-8.401938438,1,-0.061858524,1,-0.224594221,1,-0.006997396,1,0.285312057,0,-0.543343067,0,2.523277044,0
96.40969086,-4.693255424,1,-1.918616056,1,-8.364459038,1,-0.041668702,1,-0.22834824,1,-0.019815508,1,0.28529197,0,-0.544184983,0,2.522908211,0
96.41368866,-4.632428646,1,-2.185080767,1,-8.298033714,1,-0.034010369,1,-0.227141201,1,-0.00888916,1,0.285329968,0,-0.545031726,0,2.522536993,0
96.41768646,-4.489728928,1,-2.459805489,1,-8.321091652,1,-0.020018667,1,-0.22641094,1,-0.000382987,1,0.285394192,0,-0.545892477,0,2.522210598,0
96.42168427,-4.397103786,1,-2.655715466,1,-8.490546227,1,-0.014408151,1,-0.222756445,1,0.00696111,1,0.285474598,0,-0.546752751,0,2.521939754,0
96.4256897,-4.335342407,1,-2.678277254,1,-8.570122719,1,-0.016560402,1,-0.227582961,1,0.025946798,1,0.285535425,0,-0.547634542,0,2.521710634,0
96.4296875,-4.357119083,1,-2.808356524,1,-8.480959892,1,-0.016827378,1,-0.235224485,1,0.034760948,1,0.285562515,0,-0.548570991,0,2.521536827,0
96.4336853,-4.436774731,1,-3.075574398,1,-8.277411461,1,-0.027433895,1,-0.238059521,1,0.0558157,1,0.285536766,0,-0.549528122,0,2.521428585,0
96.43769074,-4.623348713,1,-3.476801634,1,-8.143712044,1,-0.045138858,1,-0.22950305,1,0.077726424,1,0.285402179,0,-0.550501943,0,2.52140975,0
96.44168854,-4.821636677,1,-3.805714369,1,-7.941349983,1,-0.072355673,1,-0.224689111,1,0.104964964,1,0.206794485,0,-0.655239701,0,2.41036272,0
96.44568634,-4.623596191,1,-4.018859863,1,-7.854205132,1,-0.107062742,1,-0.202474639,1,0.134610236,1,0.207179233,0,-0.656599522,0,2.429596663,0
96.44968414,-4.857628345,1,-3.769150734,1,-7.930984497,1,-0.139374569,1,-0.184577256,1,0.169334307,1,0.206353813,0,-0.657479763,0,2.430142641,0
96.45368195,-4.99776268,1,-3.319591284,1,-7.874535084,1,-0.166187748,1,-0.165811449,1,0.185454473,1,0.205315784,0,-0.658306837,0,2.430838346,0
96.45768738,-5.152659416,1,-2.821458101,1,-7.978247166,1,-0.17942223,1,-0.141494006,1,0.198137924,1,0.204141065,0,-0.659072399,0,2.431629658,0
96.46168518,-5.250010014,1,-2.57655859,1,-8.063411713,1,-0.195972309,1,-0.124082297,1,0.212222457,1,0.202862263,0,-0.659767866,0,2.4325037,0
96.46568298,-4.744326591,1,-2.235620022,1,-8.198624611,1,-0.194579631,1,-0.126665503,1,0.202472612,1,0.201528728,0,-0.660403132,0,2.433403969,0
96.46968079,-4.937330723,1,-2.185752869,1,-8.183935165,1,-0.19688198,1,-0.12819542,1,0.197307512,1,0.200214177,0,-0.661068201,0,2.434266806,0
96.47368622,-4.866409302,1,-1.876451731,1,-8.230377197,1,-0.185870007,1,-0.123528257,1,0.195208266,1,0.198922038,0,-0.661715627,0,2.435112,0
96.47769165,-4.892072201,1,-1.573861957,1,-8.32489872,1,-0.171575621,1,-0.117303826,1,0.193265423,1,0.197678104,0,-0.66233933,0,2.435948133,0
96.48168945,-4.870599747,1,-1.509217262,1,-8.394695282,1,-0.152772218,1,-0.119299501,1,0.182917267,1,0.196515411,0,-0.662942648,0,2.43676877,0
96.48569489,-4.626831055,1,-1.575763822,1,-8.47257328,1,-0.134603485,1,-0.123686627,1,0.172304928,1,0.195469648,0,-0.663554192,0,2.437531471,0
96.48969269,-4.602785587,1,-1.680345297,1,-8.554729462,1,-0.112555869,1,-0.137830421,1,0.166625455,1,0.194536179,0,-0.664203048,0,2.438243389,0
96.49369049,-4.570536137,1,-1.893277287,1,-8.516791344,1,-0.097300828,1,-0.159446612,1,0.159402639,1,0.193710893,0,-0.664904833,0,2.438900232,0
96.49769592,-4.621199608,1,-2.040461779,1,-8.465567589,1,-0.084735975,1,-0.160283044,1,0.156892061,1,0.192959338,0,-0.665660858,0,2.439527273,0
96.50169373,-4.646608829,1,-2.136637211,1,-8.390761375,1,-0.078365818,1,-0.170380503,1,0.156729639,1,0.192264542,0,-0.666434824,0,2.440134287,0
96.50569153,-4.673498631,1,-2.275436163,1,-8.39330101,1,-0.074645288,1,-0.180817142,1,0.155601308,1,0.191589355,0,-0.667249441,0,2.440736771,0
96.50968933,-4.658508778,1,-2.28116107,1,-8.364941597,1,-0.072182089,1,-0.185512081,1,0.157084331,1,0.190916404,0,-0.668082893,0,2.441351414,0
96.51368713,-4.799970627,1,-2.257324934,1,-8.296736717,1,-0.077536769,1,-0.184764251,1,0.162282452,1,0.190219223,0,-0.668925822,0,2.441976786,0
96.51769257,-4.814658642,1,-2.3253479,1,-8.203516006,1,-0.081436336,1,-0.181762069,1,0.163709521,1,0.189505681,0,-0.669775784,0,2.442615509,0
96.52169037,-4.701312065,1,-2.393053055,1,-8.267721176,1,-0.085806981,1,-0.183504507,1,0.168515921,1,0.188766181,0,-0.670619726,0,2.443274021,0
96.52568817,-4.649627686,1,-2.465808392,1,-8.352939606,1,-0.086651184,1,-0.19318594,1,0.177956045,1,0.187978715,0,-0.671487749,0,2.443976641,0
96.52968597,-4.729923248,1,-2.43619442,1,-8.296533585,1,-0.097652942,1,-0.198543817,1,0.191760898,1,0.187140286,0,-0.672402024,0,2.444723129,0
96.53369141,-4.797861099,1,-2.288598537,1,-8.309761047,1,-0.09338595,1,-0.199320659,1,0.195141807,1,0.186274186,0,-0.673327625,0,2.445502758,0
96.53768921,-5.172570705,1,-2.124174833,1,-8.273029327,1,-0.09934736,1,-0.206292748,1,0.202453911,1,0.18538177,0,-0.674283624,0,2.446306229,0
96.54168701,-4.993891716,1,-2.108738899,1,-8.147266388,1,-0.097774073,1,-0.204233676,1,0.202008963,1,0.184474826,0,-0.675232768,0,2.447118282,0
96.54568481,-5.073496342,1,-2.156686544,1,-8.213853836,1,-0.099515632,1,-0.200570747,1,0.204535663,1,0.183564559,0,-0.676179349,0,2.447950602,0
96.54968262,-4.954554081,1,-2.27055335,1,-8.217647552,1,-0.102212667,1,-0.198595211,1,0.207135513,1,0.182630718,0,-0.677119732,0,2.448797703,0
96.55368805,-4.883280754,1,-2.169458628,1,-8.233011246,1,-0.101148508,1,-0.203661174,1,0.209963411,1,0.181681827,0,-0.678062081,0,2.449658632,0
96.55768585,-4.886806488,1,-2.399140358,1,-8.182781219,1,-0.109146878,1,-0.207862973,1,0.22314401,1,0.180698872,0,-0.679028213,0,2.450562,0
96.56168366,-5.111876011,1,-2.506919384,1,-8.141212463,1,-0.119319655,1,-0.211706057,1,0.228002474,1,0.179644614,0,-0.6800071,0,2.451504946,0
96.56568146,-4.775301933,1,-2.596334696,1,-8.25657177,1,-0.128604576,1,-0.214811578,1,0.242960706,1,0.178506956,0,-0.681019425,0,2.452513695,0
96.56968689,-4.663086414,1,-2.435114622,1,-8.369466782,1,-0.142158851,1,-0.222771466,1,0.255184442,1,0.177285835,0,-0.682062566,0,2.453580379,0
96.57368469,-4.727176666,1,-2.327002525,1,-8.521133423,1,-0.149049565,1,-0.234221458,1,0.268049747,1,0.175996467,0,-0.683146358,0,2.454697371,0
96.5776825,-4.782532215,1,-2.155287266,1,-8.513321877,1,-0.161305547,1,-0.250130922,1,0.275052488,1,0.174641371,0,-0.684286237,0,2.455857992,0
96.58168793,-4.939392567,1,-1.845721722,1,-8.617483139,1,-0.150997341,1,-0.26506117,1,0.278462112,1,0.173267856,0,-0.685496926,0,2.457033157,0
96.58568573,-4.717674732,1,-1.973414421,1,-8.556312561,1,-0.133450314,1,-0.291734219,1,0.28449446,1,0.171949431,0,-0.686796427,0,2.458225965,0
96.58968353,-4.733634472,1,-2.138705492,1,-8.619634628,1,-0.137624532,1,-0.305341989,1,0.29564634,1,0.170643345,0,-0.688181639,0,2.459439993,0
96.59368134,-4.702253819,1,-2.183443069,1,-8.635538101,1,-0.138180137,1,-0.337300926,1,0.297028542,1,0.16931048,0,-0.689651132,0,2.460655689,0
96.59768677,-4.702877045,1,-2.205000877,1,-8.641706467,1,-0.144177496,1,-0.355793387,1,0.307738215,1,0.167962044,0,-0.691223979,0,2.461896658,0
96.60168457,-4.722295761,1,-2.3079319,1,-8.67876339,1,-0.148895591,1,-0.380230725,1,0.316523522,1,0.166555986,0,-0.692873716,0,2.463184357,0
96.60569,-4.768116951,1,-2.422902822,1,-8.736186981,1,-0.159756064,1,-0.401156515,1,0.330524683,1,0.165096134,0,-0.69462496,0,2.464503765,0
96.60968781,-4.729048729,1,-2.032348871,1,-8.813024521,1,-0.158661857,1,-0.434333563,1,0.336894572,1,0.163580433,0,-0.696486473,0,2.46586442,0
96.61368561,-4.674761772,1,-2.011971712,1,-8.795452118,1,-0.139116511,1,-0.463078648,1,0.350593239,1,0.162111938,0,-0.698481321,0,2.467249632,0
96.61768341,-4.784379482,1,-1.999489903,1,-8.935590744,1,-0.126459837,1,-0.497140437,1,0.355423838,1,0.160657704,0,-0.700597465,0,2.46867013,0
96.62168121,-4.670466423,1,-1.840378046,1,-8.965942383,1,-0.117432728,1,-0.530193806,1,0.357364714,1,0.159258381,0,-0.702848375,0,2.470091581,0
96.62568665,-4.757995129,1,-1.807087421,1,-9.035827637,1,-0.108073041,1,-0.565177262,1,0.363373429,1,0.157903582,0,-0.70524168,0,2.471491098,0
96.62968445,-4.739796638,1,-1.846272588,1,-9.125349998,1,-0.106700018,1,-0.606754303,1,0.369526923,1,0.156542346,0,-0.707786739,0,2.472913504,0
96.63368225,-4.604972363,1,-1.846671104,1,-9.096505165,1,-0.100065172,1,-0.645507932,1,0.371639431,1,0.155205145,0,-0.710490882,0,2.474330664,0
96.63768005,-4.593026638,1,-1.84092474,1,-9.147026062,1,-0.100987539,1,-0.688813984,1,0.379989713,1,0.153876662,0,-0.713361859,0,2.4757514,0
96.64168549,-4.618814945,1,-1.788899183,1,-9.182332039,1,-0.107593149,1,-0.734206736,1,0.382692754,1,0.15252313,0,-0.716412127,0,2.477166176,0
96.64568329,-4.617588997,1,-1.747440457,1,-9.18228817,1,-0.116744094,1,-0.786921382,1,0.380830437,1,0.151162997,0,-0.719643235,0,2.478558302,0
96.64968109,-4.784882545,1,-1.810641408,1,-9.315800667,1,-0.12438672,1,-0.833052754,1,0.384367287,1,0.149780914,0,-0.723073125,0,2.479930878,0
96.65368652,-4.755999565,1,-1.873852968,1,-9.219524384,1,-0.146673396,1,-0.889237702,1,0.389329463,1,0.148341626,0,-0.726695895,0,2.481287718,0
96.65768433,-4.880852699,1,-1.71241653,1,-9.252792358,1,-0.154430628,1,-0.938886046,1,0.389203072,1,0.146841481,0,-0.730543911,0,2.482628822,0
96.66168213,-5.045601845,1,-1.51213038,1,-9.352829933,1,-0.138340995,1,-0.997527003,1,0.387500197,1,0.145367727,0,-0.734609663,0,2.483939648,0
96.66567993,-4.917497158,1,-2.173363924,1,-9.403547287,1,-0.138199612,1,-1.04718709,1,0.413483113,1,0.143926457,0,-0.738866746,0,2.485278606,0
96.66967773,-4.578820229,1,-2.828579426,1,-9.257457733,1,-0.178209245,1,-1.104198217,1,0.431969225,1,0.142324552,0,-0.743358374,0,2.486717463,0
96.67367554,-4.594274998,1,-2.987931013,1,-9.326595306,1,-0.218771189,1,-1.165973067,1,0.468273818,1,0.140493169,0,-0.748106241,0,2.488249063,0
96.67768097,-4.837555885,1,-2.976702929,1,-9.469410896,1,-0.252447575,1,-1.222276092,1,0.506062269,1,0.138378292,0,-0.753105283,0,2.489974499,0
96.68167877,-4.595138073,1,-3.084042072,1,-9.322685242,1,-0.295619816,1,-1.286467552,1,0.543092906,1,0.135974094,0,-0.758357167,0,2.491881847,0
96.68567658,-4.771047592,1,-3.062420845,1,-9.369117737,1,-0.337075591,1,-1.360157967,1,0.582766354,1,0.133258358,0,-0.763911963,0,2.493976355,0
96.68968201,-4.862251759,1,-3.002034426,1,-9.346293449,1,-0.376740456,1,-1.43264389,1,0.624428749,1,0.130240992,0,-0.769762814,0,2.496267319,0
96.69367981,-4.874992847,1,-2.998317719,1,-9.478088379,1,-0.408504665,1,-1.505716324,1,0.661214352,1,0.127917781,0,-0.77703166,0,2.518064499,0
96.69767761,-5.189937115,1,-3.200295687,1,-9.735788345,1,-0.43329531,1,-1.571738839,1,0.707701802,1,0.124311358,0,-0.783487797,0,2.520787001,0
96.70167542,-4.794280529,1,-3.356544256,1,-9.696697235,1,-0.47269392,1,-1.647467613,1,0.764666319,1,0.120364897,0,-0.790236115,0,2.523815155,0
96.70567322,-4.628822803,1,-3.764340878,1,-9.590106964,1,-0.509657383,1,-1.724746585,1,0.829190969,1,0.116009034,0,-0.79730165,0,2.527187586,0
96.70967865,-4.592063427,1,-3.879157543,1,-9.702783585,1,-0.56420064,1,-1.824359655,1,0.903911293,1,0.111144282,0,-0.804740071,0,2.530972242,0
96.71367645,-4.755092144,1,-3.967588186,1,-9.754434586,1,-0.620787382,1,-1.92104888,1,0.985033989,1,0.105695359,0,-0.81259203,0,2.535229683,0
96.71768189,-4.700854778,1,-3.862770319,1,-9.817712784,1,-0.676763296,1,-2.021135092,1,1.063494325,1,0.099628568,0,-0.82084918,0,2.539992809,0
96.72167969,-4.552147388,1,-3.757896423,1,-9.917507172,1,-0.72895813,1,-2.142271042,1,1.153014898,1,0.092909619,0,-0.829554975,0,2.545317888,0
96.72568512,-4.696444511,1,-3.77821064,1,-10.04887867,1,-0.766111493,1,-2.267323017,1,1.235463142,1,0.08553014,0,-0.838772893,0,2.551236391,0
96.72967529,-4.447249889,1,-3.753014088,1,-10.30148792,1,-0.809234142,1,-2.404286861,1,1.329247713,1,0.077486575,0,-0.848492026,0,2.557773829,0
96.73368073,-4.564238071,1,-4.022713661,1,-10.39030552,1,-0.859135509,1,-2.539322138,1,1.422708511,1,0.06868317,0,-0.85875237,0,2.56502986,0
96.73767853,-4.12295723,1,-4.398231983,1,-10.60196495,1,-0.905465007,1,-2.702805042,1,1.52522409,1,0.059033196,0,-0.869582653,0,2.573077917,0
96.74167633,-4.010669231,1,-4.430819035,1,-10.74008751,1,-0.944755495,1,-2.882919312,1,1.636535525,1,0.048492264,0,-0.881080508,0,2.581993103,0
96.74567413,-4.333312035,1,-4.766940117,1,-11.39356232,1,-1.015619278,1,-3.058936596,1,1.786837101,1,0.036827378,0,-0.893257976,0,2.592003584,0
96.74967957,-3.760399818,1,-4.727111816,1,-11.52253914,1,-1.05976975,1,-3.262627363,1,1.907586575,1,0.023857033,0,-0.906102777,0,2.603275061,0
96.75367737,-3.074643373,1,-4.96689415,1,-12.09382534,1,-1.100163579,1,-3.519778728,1,2.017397642,1,0.009675269,0,-0.919800341,0,2.615749836,0
96.75767517,-3.138924122,1,-5.393048763,1,-12.34662056,1,-1.118208289,1,-3.777487993,1,2.093381405,1,-0.005706403,0,-0.934408128,0,2.629392862,0
96.7616806,-3.819293976,1,-6.554659367,1,-14.53863811,1,-1.26446414,1,-4.045047283,1,2.2840271,1,-0.02278487,0,-0.949981093,0,2.64472723,0
96.76567841,1.609490871,1,-1.007293224,1,-11.15100193,1,-1.071895719,1,-4.407100677,1,2.331012726,1,-0.041432362,0,-0.96600008,0,2.661255598,0
96.76967621,-5.724047184,1,-5.644309521,1,-16.42848396,1,-1.250817299,1,-4.755867481,1,2.598047256,1,-0.062289089,0,-0.984267116,0,2.680884361,0
96.77367401,-8.466882706,1,-9.916574478,1,-13.54137611,1,-1.462409496,1,-4.894483089,1,2.865271807,1,-0.086466298,0,-1.002674818,0,2.703402519,0
96.77767181,-4.578472614,1,-12.69681835,1,-14.49888515,1,-1.811661363,1,-5.149988174,1,3.011296511,1,-0.115067258,0,-1.02141583,0,2.729363203,0
96.78167725,-4.081017017,1,-9.940559387,1,-13.71055984,1,-2.004859209,1,-5.462311268,1,3.221866846,1,-0.147966966,0,-1.040879607,0,2.758765697,0
96.78567505,-5.592185974,1,-9.877884865,1,-13.56055164,1,-2.121964931,1,-5.608066559,1,3.525921345,1,-0.185880989,0,-1.060486674,0,2.792949677,0
96.78967285,-6.488744259,1,-11.04520321,1,-14.14858055,1,-2.299173117,1,-5.768224716,1,3.803258181,1,-0.229554161,0,-1.07972753,0,2.83265543,0
96.79367065,-6.128335953,1,-11.05403042,1,-14.4522934,1,-2.487487793,1,-5.965721607,1,3.990794659,1,-0.279299796,0,-1.098493814,0,2.877972364,0
96.79767609,-7.738884926,1,-10.86416817,1,-15.03590202,1,-2.702878952,1,-6.135206699,1,4.165433884,1,-0.335502625,0,-1.116666675,0,2.929200888,0
96.80167389,-11.24076939,1,-10.59954262,1,-15.454566,1,-2.926020861,1,-6.186337471,1,4.307581425,1,-0.398434818,0,-1.133622289,0,2.98646307,0
96.80567169,-16.8618412,1,-9.869595528,1,-16.37462616,1,-3.13890934,1,-6.081717968,1,4.434980392,1,-0.467749,0,-1.148625135,0,3.049355268,0
96.8096695,-17.93182945,1,-9.562791824,1,-15.67654991,1,-3.378893375,1,-5.817396164,1,4.552289009,1,-0.542431653,0,-1.160746813,0,3.116754055,0
96.8136673,-16.37539864,1,-9.513942719,1,-13.66647148,1,-3.611649275,1,-5.655595303,1,4.640220642,1,-0.62154609,0,-1.169803023,0,-3.095558882,0
96.81767273,-17.51212502,1,-9.799966812,1,-13.80583763,1,-3.768420696,1,-5.616971016,1,4.606840134,1,-0.704190433,0,-1.176185369,0,-3.021995306,0
96.82167053,-21.58667374,1,-8.308550835,1,-13.89473724,1,-3.775800943,1,-5.331209183,1,4.523189545,1,-0.78763473,0,-1.179918528,0,-2.948055267,0
96.82566834,-19.33344078,1,-7.12018919,1,-12.99694824,1,-3.729830027,1,-5.072412491,1,4.478785038,1,-0.869337797,0,-1.180669785,0,-2.875932217,0
96.82966614,-18.96041679,1,-6.693411827,1,-13.45393276,1,-3.662282705,1,-4.939583302,1,4.372306824,1,-0.94896096,0,-1.179027319,0,-2.805817127,0
96.83367157,-18.54922485,1,-7.577070236,1,-11.5188179,1,-3.634144783,1,-4.725826263,1,4.398675919,1,-1.025591612,0,-1.175067663,0,-2.73860836,0
96.83768463,-15.0356245,1,-8.741736412,1,-9.648732185,1,-3.729781628,1,-4.552364826,1,4.498402119,1,-1.09930861,0,-1.168529153,0,-2.674577475,0
96.84168243,-12.8695507,1,-9.329502106,1,-7.700339317,1,-3.918741226,1,-4.367076874,1,4.487241745,1,-1.169775128,0,-1.159759045,0,-2.614467621,0
96.84568024,-10.25733185,1,-8.294240952,1,-6.860187531,1,-4.190635681,1,-4.045827389,1,4.423419952,1,-1.236094952,0,-1.149152994,0,-2.559676647,0
96.84967804,-9.626210213,1,-7.38753891,1,-6.721189976,1,-4.416640759,1,-3.685652494,1,4.197130203,1,-1.297048807,0,-1.137319922,0,-2.511651278,0
96.85368347,-11.48203659,1,-5.953554153,1,-5.646896362,1,-4.561944962,1,-3.366419792,1,4.084429741,1,-1.35261023,0,-1.124708533,0,-2.470101357,0
96.85768127,-13.35807705,1,-4.094009399,1,-8.115664482,1,-4.585567951,1,-3.066043854,1,3.800389528,1,-1.403185129,0,-1.111625433,0,-2.43423605,0
96.86167908,-13.81092072,1,-3.698904037,1,-10.65433216,1,-4.40195322,1,-2.6770854,1,3.209050417,1,-1.447979212,0,-1.099350572,0,-2.40430212,0
96.86567688,-14.35191822,1,-3.496145725,1,-11.63214779,1,-4.03088665,1,-2.274163961,1,2.532651663,1,-1.486217141,0,-1.088998556,0,-2.380313635,0
96.86968231,-21.31214333,1,0.594309509,1,-11.54476738,1,-3.271214485,1,-2.049935341,1,1.873904586,1,-1.518398881,0,-1.080765367,0,-2.360566854,0
96.87368012,-26.32102966,1,1.44671452,1,-14.60394192,1,-2.498272657,1,-1.419915199,1,1.310897946,1,-1.543494821,0,-1.074742317,0,-2.345026731,0
96.87767792,-17.84897423,1,-3.87732482,1,-15.16382694,1,-2.179264545,1,-0.611193895,1,0.840073943,1,-1.560326695,0,-1.070489407,0,-2.336478233,0
96.88167572,-9.300563812,1,-7.622450829,1,-11.99098873,1,-1.86884594,1,-0.121157557,1,0.261211962,1,-1.570986867,0,-1.068309546,0,-2.333580017,0
96.88567352,-7.536103249,1,-9.093816757,1,-9.762804985,1,-1.54161644,1,0.132657036,1,-0.205248296,1,-1.57770586,0,-1.068231583,0,-2.333693743,0
96.88967896,-9.100090027,1,-9.527400017,1,-9.768314362,1,-1.397188783,1,0.396911055,1,-0.512195587,1,-1.581652999,0,-1.069711804,0,-2.335797071,0
96.89367676,-8.536250114,1,-10.03441811,1,-9.801117897,1,-1.534162879,1,0.706175983,1,-0.714812517,1,-1.583458543,0,-1.072205544,0,-2.340366364,0
96.89767456,-6.130283833,1,-10.18823433,1,-8.659603119,1,-1.718095541,1,0.924924374,1,-0.888256669,1,-1.58398962,0,-1.075462818,0,-2.347183704,0
96.90167236,-4.050765038,1,-9.84484005,1,-7.39087534,1,-1.82947731,1,1.044322133,1,-1.056092739,1,-1.583824992,0,-1.079421401,0,-2.355439425,0
96.9056778,-2.819126129,1,-9.20463562,1,-6.597319603,1,-1.901392937,1,1.147837043,1,-1.18575871,1,-1.583131075,0,-1.083970189,0,-2.364666224,0
96.9096756,-1.736565471,1,-8.313579559,1,-6.059904575,1,-1.979442954,1,1.241017699,1,-1.281565785,1,-1.58193481,0,-1.088961124,0,-2.374790192,0
96.9136734,-0.751873255,1,-7.396348476,1,-5.615067959,1,-2.041934729,1,1.301108837,1,-1.346465707,1,-1.580283403,0,-1.094267011,0,-2.385725021,0
96.9176712,-0.31245026,1,-6.563765526,1,-5.309727192,1,-2.059407949,1,1.34811151,1,-1.402029634,1,-1.578253508,0,-1.099803448,0,-2.397235394,0
96.92166901,-0.229416594,1,-5.960463047,1,-5.156116486,1,-2.035996437,1,1.376103878,1,-1.465591311,1,-1.57577014,0,-1.10556376,0,-2.409208059,0
96.92567444,-0.018669574,1,-5.531784534,1,-4.97230196,1,-1.983991265,1,1.40724802,1,-1.517627001,1,-1.572695374,0,-1.111551404,0,-2.42164135,0
96.92967224,0.270963848,1,-5.137238503,1,-4.73323822,1,-1.909913659,1,1.44810915,1,-1.55935359,1,-1.568857789,0,-1.117711544,0,-2.434601068,0
96.93367004,0.4268426,1,-4.89422226,1,-4.55864954,1,-1.831502795,1,1.488062263,1,-1.597609401,1,-1.564118385,0,-1.123997688,0,-2.448170185,0
96.93766785,0.513743103,1,-4.792161942,1,-4.465695858,1,-1.737809896,1,1.537825227,1,-1.623763204,1,-1.558383703,0,-1.130381823,0,-2.46241045,0
96.94167328,0.310012281,1,-4.802546978,1,-4.42953825,1,-1.656903148,1,1.595424414,1,-1.658577085,1,-1.551551819,0,-1.136847258,0,-2.477444649,0
96.94567108,0.116088659,1,-4.84264946,1,-4.417360783,1,-1.580814838,1,1.678236485,1,-1.685882449,1,-1.547263145,0,-1.144030213,0,-2.471642256,0
96.94966888,-0.066729277,1,-5.014302254,1,-4.391043663,1,-1.51978755,1,1.765558243,1,-1.716423512,1,-1.537755251,0,-1.150640368,0,-2.48887682,0
96.95367432,-0.356825531,1,-5.243693829,1,-4.442824364,1,-1.466186404,1,1.871896386,1,-1.735009909,1,-1.526707292,0,-1.157256842,0,-2.507484436,0
96.95767212,-0.705133796,1,-5.459085464,1,-4.505608559,1,-1.4279567,1,1.998110056,1,-1.753638029,1,-1.51390183,0,-1.163843989,0,-2.527754068,0
96.96167755,-0.869661868,1,-5.559585571,1,-4.470221996,1,-1.391631246,1,2.124647856,1,-1.777483344,1,-1.499207377,0,-1.170369148,0,-2.54985714,0
96.96567535,-1.202159405,1,-5.499660492,1,-4.585426807,1,-1.361418843,1,2.263599157,1,-1.800638676,1,-1.482489586,0,-1.176801682,0,-2.573958635,0
96.96967316,-1.45262289,1,-5.42767334,1,-4.603622437,1,-1.31501174,1,2.418559551,1,-1.833953381,1,-1.463512063,0,-1.18311429,0,-2.600267887,0
96.97367096,-1.786490083,1,-5.29491663,1,-4.644172668,1,-1.265166879,1,2.577222109,1,-1.872041583,1,-1.44203341,0,-1.189298034,0,-2.629009247,0
96.97767639,-1.94514823,1,-5.131540298,1,-4.741311073,1,-1.198796034,1,2.735872269,1,-1.917720199,1,-1.417826295,0,-1.195308208,0,-2.660369873,0
96.98167419,-2.204660892,1,-5.004155636,1,-4.789919376,1,-1.120295644,1,2.904471874,1,-1.978608131,1,-1.390684009,0,-1.201128244,0,-2.694493532,0
96.985672,-2.393458605,1,-4.857145309,1,-4.918959141,1,-1.029116392,1,3.062672138,1,-2.037950993,1,-1.360447884,0,-1.206705093,0,-2.731490612,0
96.98967743,-2.609131098,1,-4.820081711,1,-4.930021286,1,-0.929837406,1,3.220387459,1,-2.114943981,1,-1.32702446,0,-1.211959362,0,-2.771406889,0
96.99367523,-2.8223176,1,-4.750226021,1,-4.966013908,1,-0.826265812,1,3.377030134,1,-2.179643154,1,-1.290342927,0,-1.216834664,0,-2.814299583,0
96.99767304,-3.033509731,1,-4.73901701,1,-5.005525589,1,-0.723003507,1,3.518438816,1,-2.264436245,1,-1.250380158,0,-1.221244931,0,-2.860158443,0
97.00167084,-3.319106102,1,-4.688397408,1,-5.005000591,1,-0.61039108,1,3.666027546,1,-2.346292019,1,-1.207166553,0,-1.225110054,0,-2.908954382,0
97.00566101,-3.485104322,1,-4.728613853,1,-4.989621639,1,-0.499320567,1,3.798781872,1,-2.429856539,1,-1.160719275,0,-1.228319526,0,-2.96064496,0
97.00966644,-3.703555107,1,-4.76000452,1,-5.026455402,1,-0.398524851,1,3.930066347,1,-2.515043259,1,-1.111292958,0,-1.23077178,0,-3.015000582,0
97.01366425,-3.924237013,1,-4.853440285,1,-5.028812885,1,-0.305515915,1,4.053496838,1,-2.597524405,1,-1.0591681,0,-1.232355475,0,-3.071778297,0
97.01766205,-4.087123871,1,-4.904844761,1,-4.99211216,1,-0.217709497,1,4.157104969,1,-2.678037167,1,-1.004721045,0,-1.232986093,0,-3.130600452,0
97.02165985,-4.249386311,1,-4.971999168,1,-4.980860233,1,-0.131661966,1,4.256249905,1,-2.751161337,1,-0.948436677,0,-1.232555628,0,3.092188597,0
97.02565765,-4.471271992,1,-4.956967354,1,-5.054116249,1,-0.057158966,1,4.340696812,1,-2.820376635,1,-0.890843451,0,-1.230992198,0,3.030718088,0
97.02965546,-4.639882565,1,-4.978467941,1,-5.076721191,1,0.017832099,1,4.415475368,1,-2.884824991,1,-0.832562864,0,-1.228240728,0,2.9687922,0
97.03365326,-4.881040096,1,-4.971930504,1,-5.113631725,1,0.090753123,1,4.478824139,1,-2.942357779,1,-0.774118423,0,-1.22427547,0,2.906934738,0
97.03765106,-5.23566246,1,-4.936635017,1,-5.135883808,1,0.167313501,1,4.537190914,1,-2.994437695,1,-0.71602416,0,-1.219064832,0,2.845661163,0
97.04164887,-5.549468994,1,-4.864068985,1,-5.231249332,1,0.248103112,1,4.59629488,1,-3.047315836,1,-0.658692837,0,-1.212616444,0,2.78540802,0
97.04564667,-5.818293095,1,-4.810459137,1,-5.349226952,1,0.3281371,1,4.643205166,1,-3.098068714,1,-0.602522552,0,-1.204932332,0,2.726586342,0
97.04964447,-6.172872543,1,-4.714067459,1,-5.523919106,1,0.414106101,1,4.68628931,1,-3.143173695,1,-0.5479182,0,-1.196066856,0,2.669597149,0
97.05364227,-6.615646362,1,-4.734644413,1,-5.666458607,1,0.49793905,1,4.728350163,1,-3.176381111,1,-0.495100439,0,-1.186042547,0,2.614697456,0
97.05764008,-7.091766834,1,-4.861818314,1,-5.791743279,1,0.583519995,1,4.78629303,1,-3.207760334,1,-0.444319665,0,-1.174857378,0,2.562120914,0
97.06163025,-7.600063801,1,-4.897733688,1,-5.91857338,1,0.673478901,1,4.856928825,1,-3.245084047,1,-0.395614117,0,-1.162521839,0,2.511924982,0
97.06562805,-7.956852913,1,-4.923217297,1,-6.057941914,1,0.758321822,1,4.921197891,1,-3.276952505,1,-0.349021614,0,-1.149051428,0,2.464135408,0
97.06962585,-8.148239136,1,-4.905238152,1,-6.211880684,1,0.841111541,1,4.994646072,1,-3.314569712,1,-0.304611504,0,-1.134489179,0,2.418817043,0
97.07362366,-8.407611847,1,-4.946798325,1,-6.331466675,1,0.930032194,1,5.060533524,1,-3.349823713,1,-0.262349248,0,-1.118909955,0,2.375946522,0
97.07763672,-8.584500313,1,-4.986055374,1,-6.471617222,1,1.004879713,1,5.115478516,1,-3.389669418,1,-0.222226709,0,-1.102375507,0,2.335487127,0
97.08163452,-8.683933258,1,-5.051223755,1,-6.602192402,1,1.083643794,1,5.16648674,1,-3.419171333,1,-0.184210032,0,-1.084980726,0,2.297400951,0
97.0856247,-8.654493332,1,-5.075371742,1,-6.689071655,1,1.162648439,1,5.196608543,1,-3.447784901,1,-0.14824596,0,-1.066795826,0,2.261640549,0
97.0896225,-8.599921227,1,-5.142597198,1,-6.81305933,1,1.241772652,1,5.210529804,1,-3.474632978,1,-0.114263579,0,-1.047957778,0,2.228147745,0
97.0936203,-8.630382538,1,-5.172100544,1,-6.894548416,1,1.32877624,1,5.206005573,1,-3.49129653,1,-0.082127944,0,-1.028586984,0,2.196816444,0
97.0976181,-8.68108654,1,-5.229169846,1,-7.030812263,1,1.416234374,1,5.180724621,1,-3.49775219,1,-0.051732019,0,-1.008789897,0,2.167566776,0
97.10161591,-8.813979149,1,-5.28653717,1,-7.166202545,1,1.506450295,1,5.145313263,1,-3.511902809,1,-0.022915184,0,-0.988672376,0,2.140253544,0
97.10561371,-8.99938488,1,-5.393704414,1,-7.36320591,1,1.605187774,1,5.101901054,1,-3.519495249,1,0.004472279,0,-0.968305051,0,2.114741087,0
97.10961151,-9.288103104,1,-5.521589279,1,-7.587705612,1,1.706219792,1,5.043866634,1,-3.525079012,1,0.030623127,0,-0.947766066,0,2.090864658,0
97.11360931,-9.622309685,1,-5.70518589,1,-7.839733601,1,1.805153012,1,4.992350578,1,-3.534146309,1,0.055669755,0,-0.927093923,0,2.068499804,0
97.11760712,-9.959296227,1,-5.872447491,1,-8.066743851,1,1.907372713,1,4.934783459,1,-3.542981386,1,0.07978338,0,-0.906322122,0,2.047472715,0
97.12161255,-10.37777615,1,-6.115933895,1,-8.401371956,1,2.010430574,1,4.874021053,1,-3.565210581,1,0.103080437,0,-0.885494947,0,2.027680397,0
97.12561035,-10.94208241,1,-6.405112743,1,-8.74491787,1,2.105376244,1,4.812408924,1,-3.596433878,1,0.125721395,0,-0.864613116,0,2.008921862,0
97.12960815,-11.55400372,1,-6.70304203,1,-9.189428329,1,2.198199511,1,4.762109756,1,-3.637587309,1,0.147776559,0,-0.843667805,0,1.991085649,0
97.13360596,-12.24467468,1,-7.092087746,1,-9.699541092,1,2.275904655,1,4.71441412,1,-3.694586039,1,0.169362679,0,-0.822649121,0,1.974009156,0
97.13760376,-13.06051159,1,-7.488019943,1,-10.28146267,1,2.347838402,1,4.661325455,1,-3.754817009,1,0.190533757,0,-0.801539123,0,1.957595944,0
97.14160919,-13.97481728,1,-7.847249031,1,-10.96197605,1,2.412198067,1,4.628212452,1,-3.834757328,1,0.211338609,0,-0.780291915,0,1.941730499,0
97.14559937,-14.95220089,1,-8.137682915,1,-11.55967045,1,2.469573021,1,4.607303143,1,-3.923594475,1,0.231825888,0,-0.758861482,0,1.926313281,0
97.14959717,-15.77795792,1,-8.334213257,1,-12.16702271,1,2.523265839,1,4.584340096,1,-4.02771759,1,0.252045035,0,-0.737208784,0,1.91125834,0
97.1536026,-16.65831947,1,-8.567388535,1,-12.77976799,1,2.575954437,1,4.558897972,1,-4.137451649,1,0.272050798,0,-0.715314567,0,1.896499515,0
97.15759277,-17.6447506,1,-8.639492035,1,-13.40193748,1,2.640463829,1,4.522324085,1,-4.245208263,1,0.291873574,0,-0.693200469,0,1.882001519,0
97.16159058,-18.77070045,1,-8.609217644,1,-13.8801775,1,2.715569735,1,4.485615253,1,-4.36490345,1,0.311592579,0,-0.670886874,0,1.867711306,0
97.16559601,-20.19088936,1,-8.479150772,1,-14.24541378,1,2.796949625,1,4.435519218,1,-4.481460571,1,0.331253052,0,-0.648369014,0,1.853611231,0
97.16958618,-21.80710983,1,-8.147610664,1,-14.32868004,1,2.899833918,1,4.385090351,1,-4.598405361,1,0.350936055,0,-0.62567234,0,1.839663148,0
97.17358398,-23.58163834,1,-7.719363689,1,-14.11716175,1,3.020088911,1,4.339041233,1,-4.721489429,1,0.370711625,0,-0.602767467,0,1.825870037,0
97.17758942,-25.30126572,1,-5.874780655,1,-12.72700405,1,3.144661903,1,4.310626507,1,-4.861943722,1,0.390655041,0,-0.579607725,0,1.8121984,0
97.18157959,-22.483675,1,4.163054943,1,-14.16072083,1,3.397244692,1,4.097829819,1,-5.140611172,1,0.41120851,0,-0.556258082,0,1.79818511,0
97.18557739,-20.79376411,1,4.594296932,1,-13.90043068,1,3.685057878,1,3.831459284,1,-5.394948959,1,0.433079779,0,-0.533183992,0,1.783304334,0
97.18958283,-23.53993797,1,2.607434511,1,-12.01865196,1,4.013296604,1,3.735832214,1,-5.659221649,1,0.456201732,0,-0.510022879,0,1.767762184,0
97.193573,-25.27004814,1,2.043132544,1,-10.86426449,1,4.290220737,1,3.620065212,1,-5.790140152,1,0.493090689,0,-0.492196232,0,1.770289898,0
97.19757843,-26.46096802,1,0.811677635,1,-9.789774895,1,4.384842396,1,3.459615231,1,-5.82416296,1,0.517528296,0,-0.46855557,0,1.75508368,0
97.20157623,-27.25331497,1,-0.280035734,1,-8.580733299,1,4.290595531,1,3.306918383,1,-5.794099331,1,0.541422546,0,-0.445128202,0,1.740340352,0
97.20557404,-28.03813934,1,-0.639117301,1,-7.127254963,1,4.070840359,1,3.135378361,1,-5.73431778,1,0.564121425,0,-0.422036707,0,1.726161957,0
97.20957184,-27.95326042,1,-0.394028604,1,-5.731242657,1,3.761974812,1,2.943450212,1,-5.631408691,1,0.585232854,0,-0.399455249,0,1.712554693,0
97.21357727,-27.22797775,1,0.321544945,1,-4.363619804,1,3.412835836,1,2.712678432,1,-5.481050014,1,0.60452956,0,-0.377617687,0,1.699507833,0
97.21756744,-26.47920418,1,1.888197303,1,-2.977484226,1,3.030400991,1,2.4422822,1,-5.294309616,1,0.621917844,0,-0.356781483,0,1.686974645,0
97.22156525,-26.33614731,1,4.131029606,1,-1.811084628,1,2.658788443,1,2.130737305,1,-5.096747398,1,0.637410641,0,-0.337150216,0,1.674840808,0
97.22557068,-27.06180382,1,6.648487091,1,-0.53699106,1,2.353678703,1,1.815835476,1,-4.888543606,1,0.651234746,0,-0.318835318,0,1.662976861,0
97.22956085,-28.36034012,1,9.284033775,1,0.688888669,1,2.14116168,1,1.500576258,1,-4.667076588,1,0.663755774,0,-0.301896483,0,1.651340842,0
97.23355866,-29.97122955,1,12.15158176,1,1.951502085,1,2.044859171,1,1.198736906,1,-4.422757626,1,0.675401747,0,-0.286382824,0,1.639942765,0
97.23756409,-31.2050457,1,15.2065649,1,3.019890785,1,2.066535234,1,0.899627686,1,-4.142858505,1,0.686648846,0,-0.272342503,0,1.628840208,0
97.24155426,-31.80277634,1,18.14548874,1,3.746655703,1,2.212853193,1,0.6134547,1,-3.84839654,1,0.698009849,0,-0.259798169,0,1.618081808,0
97.24555206,-31.99475861,1,19.67294693,1,4.605353355,1,2.434484243,1,0.364244401,1,-3.513109446,1,0.709892988,0,-0.24877663,0,1.607774734,0
97.2495575,-31.37432289,1,19.04678154,1,5.156405926,1,2.609759331,1,0.135212868,1,-3.125525236,1,0.722334146,0,-0.239293367,0,1.598116636,0
97.2535553,-30.57631302,1,16.36740875,1,5.771175861,1,2.652227879,1,-0.092691347,1,-2.660078764,1,0.734969497,0,-0.231518582,0,1.589264393,0
97.2575531,-29.34044075,1,11.88756847,1,6.032385349,1,2.427099705,1,-0.304212719,1,-2.10084939,1,0.746974707,0,-0.225651547,0,1.581470728,0
97.2615509,-21.70848274,1,0.543302238,1,1.939366102,1,1.683018446,1,-0.626786828,1,-1.399867177,1,0.756955266,0,-0.222102985,0,1.574934244,0
97.26554871,-17.03928185,1,-10.56653976,1,5.936305046,1,-0.336981595,1,-1.569155574,1,-0.280324072,1,0.760848999,0,-0.222742632,0,1.569377542,0
97.26954651,-34.03301239,1,-5.413367271,1,9.985759735,1,-2.022400618,1,-2.428336859,1,0.859569788,1,0.75717783,0,-0.229602367,0,1.564493895,0
97.27354431,-25.47983932,1,-3.955721617,1,13.39482498,1,-3.631328821,1,-2.755328655,1,1.819895029,1,0.746562481,0,-0.240819409,0,1.561221838,0
97.27754211,-11.33834934,1,5.859028339,1,11.16237545,1,-4.069800854,1,-3.191240311,1,2.786433697,1,0.731022,0,-0.255840331,0,1.559972763,0
97.28153992,4.556264877,1,9.988925934,1,4.864391327,1,-4.198856831,1,-3.332573414,1,3.426163197,1,0.714465737,0,-0.273930967,0,1.560773492,0
97.28553772,-1.788988233,1,7.507808685,1,-7.691233158,1,-4.504964828,1,-3.441632271,1,3.70244813,1,0.696296453,0,-0.293564111,0,1.56292057,0
97.28953552,-12.31433392,1,1.812695265,1,-20.50645256,1,-4.221953869,1,-3.176063061,1,3.615488768,1,0.677768946,0,-0.313244522,0,1.56600678,0
97.29353333,-9.419865608,1,-7.222869873,1,-26.20849037,1,-3.828089476,1,-2.589791536,1,3.256321669,1,0.660547614,0,-0.330818951,0,1.569854379,0
97.29753113,-1.468227625,1,-14.50618744,1,-26.76364708,1,-3.591823578,1,-2.12969923,1,2.916006565,1,0.644367397,0,-0.345738679,0,1.574211001,0
97.30152893,0.588603377,1,-16.04913139,1,-21.55519104,1,-3.470287085,1,-2.040047884,1,2.537917376,1,0.628874898,0,-0.358915091,0,1.578304291,0
97.30552673,-0.015297623,1,-12.3426857,1,-15.05226612,1,-3.444685698,1,-2.237449169,1,2.271084547,1,0.613975823,0,-0.371350616,0,1.581341624,0
97.30953217,-0.620356083,1,-2.264489889,1,-10.64726639,1,-3.283126593,1,-2.560439825,1,2.15505147,1,0.599748373,0,-0.384222686,0,1.583278537,0
97.31352234,2.021475077,1,5.399544716,1,-9.143633842,1,-2.952425718,1,-3.24346137,1,2.16863203,1,0.586882651,0,-0.398611128,0,1.583991766,0
97.31752777,-0.629804194,1,7.771495342,1,-9.252637863,1,-2.727010727,1,-3.962943316,1,2.244428158,1,0.575754821,0,-0.415534317,0,1.583429098,0
97.32152557,-4.192122936,1,9.213643074,1,-13.08915138,1,-2.426109076,1,-4.332403183,1,2.239765644,1,0.566143095,0,-0.434423536,0,1.581830621,0
97.32552338,-10.07226276,1,9.042884827,1,-15.49257088,1,-2.170408249,1,-4.398721695,1,2.226573467,1,0.557792187,0,-0.454043835,0,1.579828501,0
97.32952118,-16.99423599,1,9.316571236,1,-19.27085876,1,-1.938355803,1,-4.068884373,1,2.169404984,1,0.550279498,0,-0.47317791,0,1.578171849,0
97.33351898,-22.43313599,1,7.533519268,1,-20.64101601,1,-1.740214944,1,-3.527257681,1,2.188879728,1,0.543203235,0,-0.490706474,0,1.577632308,0
97.33751679,-24.28746796,1,6.100803375,1,-18.6997509,1,-1.554868579,1,-2.889569521,1,2.256279945,1,0.535964608,0,-0.506297648,0,1.578816056,0
97.34151459,-22.62207222,1,6.122582912,1,-16.9008503,1,-1.198258996,1,-2.369715452,1,2.211591959,1,0.529059231,0,-0.519835949,0,1.581581473,0
97.34551239,-21.35852051,1,3.715185642,1,-14.37992954,1,-0.901561379,1,-1.992863894,1,2.029751778,1,0.523168623,0,-0.531658649,0,1.585034847,0
97.34951019,-16.80610847,1,-0.869024038,1,-11.07429886,1,-0.701389134,1,-1.670792699,1,1.791251659,1,0.518220127,0,-0.541796863,0,1.58853364,0
97.353508,-10.8760376,1,-4.537927628,1,-7.914246559,1,-0.601425886,1,-1.598989129,1,1.521523476,1,0.514080107,0,-0.550680876,0,1.591520548,0
97.35751343,-8.757573128,1,-6.355134964,1,-6.966973782,1,-0.598087609,1,-1.671771407,1,1.355345488,1,0.510619581,0,-0.559207559,0,1.593644023,0
97.3615036,-6.894086361,1,-8.236656189,1,-6.804611683,1,-0.703616977,1,-1.667618752,1,1.179759979,1,0.507291973,0,-0.567531765,0,1.595006108,0
97.3655014,-5.513176441,1,-8.905565262,1,-6.929036617,1,-0.892414749,1,-1.572826266,1,1.049313188,1,0.50365603,0,-0.575392783,0,1.595927119,0
97.36950684,-4.72028017,1,-7.313925743,1,-8.66866684,1,-1.094343901,1,-1.437294602,1,1.000811815,1,0.499211311,0,-0.582586288,0,1.596719265,0
97.37349701,-7.010003567,1,-5.155556679,1,-8.336315155,1,-1.1917485,1,-1.309584379,1,1.024685979,1,0.493981034,0,-0.589363337,0,1.597829223,0
97.37749481,-8.553256989,1,-1.635680676,1,-10.40147686,1,-1.285166264,1,-1.090077758,1,1.118283629,1,0.48803091,0,-0.595654368,0,1.599650621,0
97.38150024,-9.186037064,1,-0.772360444,1,-10.60233974,1,-1.24856627,1,-0.736101687,1,1.097180128,1,0.48138532,0,-0.600912511,0,1.602357268,0
97.38549805,-10.52693748,1,-1.050452352,1,-10.67139435,1,-1.214839339,1,-0.53143245,1,1.033623695,1,0.47465691,0,-0.605157971,0,1.60556829,0
97.38949585,-12.12493515,1,-1.95874846,1,-10.0515089,1,-1.099148035,1,-0.279319406,1,0.885483027,1,0.468140423,0,-0.608324528,0,1.608840704,0
97.39349365,-10.9918232,1,-3.01012516,1,-9.606176376,1,-1.021081209,1,-0.175290838,1,0.690388203,1,0.462181151,0,-0.61051631,0,1.611827731,0
97.39749146,-7.379042625,1,-3.748385191,1,-8.721154213,1,-0.962570369,1,-0.142940849,1,0.588840067,1,0.456881195,0,-0.612183273,0,1.614224672,0
97.40148926,-5.923604965,1,-3.284675837,1,-10.05721664,1,-0.9214589,1,-0.149938866,1,0.574034274,1,0.451783866,0,-0.613726795,0,1.616471052,0
97.40548706,-4.547111988,1,-3.152975082,1,-10.01356888,1,-0.889734268,1,-0.156290203,1,0.608833492,1,0.446868747,0,-0.615283191,0,1.618747473,0
97.40948486,-4.330985069,1,-3.514752388,1,-9.422564507,1,-0.850610316,1,-0.191325665,1,0.645823002,1,0.441970676,0,-0.6169824,0,1.621171236,0
97.41348267,-6.044546127,1,-4.076305389,1,-8.736574173,1,-0.833570063,1,-0.185789198,1,0.645525336,1,0.437171757,0,-0.618780375,0,1.623662353,0
97.4174881,-6.704471588,1,-3.846152544,1,-8.449842453,1,-0.811654031,1,-0.158478111,1,0.609676421,1,0.432476759,0,-0.620453775,0,1.62609303,0
97.42147827,-5.188153744,1,-2.770963669,1,-8.417048454,1,-0.811211467,1,-0.178700492,1,0.585577846,1,0.427841544,0,-0.622041047,0,1.628430724,0
97.42547607,-4.964509487,1,-1.081222057,1,-9.234417915,1,-0.737681508,1,-0.190679461,1,0.540756404,1,0.423487514,0,-0.623647332,0,1.630580664,0
97.42948151,-4.909127712,1,0.182975486,1,-9.510374069,1,-0.660256803,1,-0.201620728,1,0.518888891,1,0.419527531,0,-0.625235736,0,1.632565618,0
97.43347168,-5.159604549,1,0.38008827,1,-9.443935394,1,-0.569307685,1,-0.220573142,1,0.484636217,1,0.415987819,0,-0.626827955,0,1.634400368,0
97.43747711,-5.331510067,1,-0.453018129,1,-9.421061516,1,-0.494128853,1,-0.215627745,1,0.453694761,1,0.412863255,0,-0.628380239,0,1.636088848,0
97.44147492,-5.787690639,1,-1.260116577,1,-9.487971306,1,-0.434403956,1,-0.219057351,1,0.426872849,1,0.410078794,0,-0.629900038,0,1.637662292,0
97.44547272,-4.43856287,1,-2.002587557,1,-9.255220413,1,-0.398145199,1,-0.243560508,1,0.410079777,1,0.409438312,0,-0.630939364,0,1.645370722,0
97.44947052,-4.598828793,1,-1.704820871,1,-9.287851334,1,-0.353764862,1,-0.265637398,1,0.413892597,1,0.407115102,0,-0.632541955,0,1.646745324,0
97.45346832,-4.872914314,1,-1.707004189,1,-8.99579525,1,-0.328744143,1,-0.274806529,1,0.404712021,1,0.404949546,0,-0.634185016,0,1.648087144,0
97.45746613,-4.926088333,1,-2.034862041,1,-8.91680336,1,-0.306780398,1,-0.285973758,1,0.39173457,1,0.402933121,0,-0.63584435,0,1.649353743,0
97.46146393,-5.092961788,1,-2.240468502,1,-8.751974106,1,-0.290607244,1,-0.287111729,1,0.366257727,1,0.401045203,0,-0.637494624,0,1.650529861,0
97.46546936,-4.978681087,1,-2.191955805,1,-8.708652496,1,-0.265400738,1,-0.300696671,1,0.336996078,1,0.399314702,0,-0.639121175,0,1.65156889,0
97.46945953,-5.069496155,1,-1.645788312,1,-8.753046989,1,-0.242085367,1,-0.301655918,1,0.313808769,1,0.397749811,0,-0.640736401,0,1.652487516,0
97.47345734,-5.115550995,1,-0.986394286,1,-8.733997345,1,-0.204421639,1,-0.30481866,1,0.281053811,1,0.396381885,0,-0.642314792,0,1.653272748,0
97.47746277,-4.776948929,1,-0.725420594,1,-8.889686584,1,-0.152282462,1,-0.314465553,1,0.237081066,1,0.395316362,0,-0.64384973,0,1.653871059,0
97.48145294,-4.679886341,1,-0.765708864,1,-9.003684998,1,-0.102260724,1,-0.327074081,1,0.193611264,1,0.394576937,0,-0.645366788,0,1.654249191,0
97.48545075,-4.699328423,1,-0.84151727,1,-8.959287643,1,-0.052941125,1,-0.352569431,1,0.156986222,1,0.394162714,0,-0.646898031,0,1.654411912,0
97.48945618,-4.810949802,1,-1.123155713,1,-8.955120087,1,-0.013211326,1,-0.373738348,1,0.122154139,1,0.394065917,0,-0.64845103,0,1.654354811,0
97.49345398,-4.779612541,1,-1.831775665,1,-8.897756577,1,0.020284846,1,-0.395993799,1,0.095143333,1,0.394230366,0,-0.650040627,0,1.654111147,0
97.49745178,-4.251260281,1,-2.837849617,1,-8.990063667,1,0.016261693,1,-0.418332338,1,0.089752227,1,0.394530118,0,-0.651683152,0,1.653747797,0
97.50144959,-4.514550686,1,-3.155231953,1,-8.877919197,1,0.003937097,1,-0.443991125,1,0.094087541,1,0.394816279,0,-0.653420031,0,1.653332472,0
97.50544739,-4.571330547,1,-3.140190601,1,-8.664662361,1,-0.019150913,1,-0.454923838,1,0.097827464,1,0.395047903,0,-0.6552248,0,1.652908802,0
97.50944519,-4.962244034,1,-2.910574675,1,-8.504421234,1,-0.020992856,1,-0.467242509,1,0.117225215,1,0.39520824,0,-0.657099843,0,1.652516484,0
97.51344299,-4.969679356,1,-3.149032116,1,-8.251995087,1,-0.030600887,1,-0.451119125,1,0.132900104,1,0.395287454,0,-0.658980727,0,1.652210951,0
97.51743317,-4.947368622,1,-3.834472656,1,-8.039048195,1,-0.064615332,1,-0.442569882,1,0.155173063,1,0.395225912,0,-0.660850286,0,1.652008057,0
97.52143097,-5.264649391,1,-3.910868645,1,-7.740553379,1,-0.087582678,1,-0.419924498,1,0.164415941,1,0.394987732,0,-0.662700415,0,1.651907206,0
97.52544403,-5.230144978,1,-3.697078466,1,-7.643702507,1,-0.112623915,1,-0.402496308,1,0.18352659,1,0.394575477,0,-0.664482832,0,1.651912212,0
97.52942658,-4.940668106,1,-3.235024214,1,-7.904251575,1,-0.144883558,1,-0.39190048,1,0.200564981,1,0.393980563,0,-0.666236758,0,1.652048588,0
97.53343964,-4.965163708,1,-2.143703699,1,-8.094511986,1,-0.132307693,1,-0.390679002,1,0.20370318,1,0.393290579,0,-0.668005109,0,1.652249217,0
97.53742981,-5.221818924,1,-1.401408195,1,-8.285861969,1,-0.098575138,1,-0.381424636,1,0.193846285,1,0.392719388,0,-0.669730067,0,1.652438164,0
97.54142761,-4.915347099,1,-1.076624036,1,-8.419714928,1,-0.057519004,1,-0.384385943,1,0.184303343,1,0.392303824,0,-0.671425223,0,1.652586102,0
97.54542542,-4.977150917,1,-1.332422376,1,-8.501268387,1,-0.008086883,1,-0.395097047,1,0.179435372,1,0.39212805,0,-0.673144221,0,1.652672887,0
97.54942322,-4.789060593,1,-2.211898565,1,-8.581126213,1,0.005268395,1,-0.424407333,1,0.188006431,1,0.392106652,0,-0.674937129,0,1.652734756,0
97.55342102,-4.75972271,1,-2.473071575,1,-8.523162842,1,-0.018060587,1,-0.456820965,1,0.197753564,1,0.392033249,0,-0.676873505,0,1.652792096,0
97.55741882,-4.876645565,1,-2.004886389,1,-8.543581009,1,0.026855748,1,-0.480933905,1,0.209316,1,0.392029643,0,-0.67891562,0,1.652819872,0
97.56142426,-4.624218464,1,-2.426524401,1,-8.763970375,1,0.046068955,1,-0.506624758,1,0.224499375,1,0.392162263,0,-0.681064963,0,1.652869463,0
97.56542206,-4.713945389,1,-2.623180389,1,-8.647934914,1,0.013309378,1,-0.543100536,1,0.233538389,1,0.392230749,0,-0.683368802,0,1.652938366,0
97.56941986,-4.93005228,1,-2.406478167,1,-8.467612267,1,0.042690367,1,-0.560288548,1,0.230614349,1,0.392321587,0,-0.685767651,0,1.652965307,0
97.57341766,-4.809539318,1,-2.630399227,1,-8.306524277,1,0.063040376,1,-0.575436413,1,0.249760211,1,0.392529964,0,-0.688236654,0,1.65299046,0
97.57741547,-4.923036098,1,-2.652478218,1,-8.325741768,1,0.051998921,1,-0.587746143,1,0.26171717,1,0.392718077,0,-0.690771759,0,1.653059483,0
97.58141327,-4.857164383,1,-2.467100143,1,-8.222367287,1,0.060295198,1,-0.593371511,1,0.26421231,1,0.392884612,0,-0.693358064,0,1.653143406,0
97.58541107,-4.918121338,1,-2.420880556,1,-8.255775452,1,0.062683299,1,-0.599973023,1,0.279474825,1,0.393069476,0,-0.695983768,0,1.653255343,0
97.58940888,-5.035617352,1,-2.169910192,1,-8.157621384,1,0.060177356,1,-0.605881512,1,0.280709118,1,0.393219054,0,-0.698643923,0,1.653403759,0
97.59340668,-5.199743748,1,-2.039835453,1,-8.11673069,1,0.077742949,1,-0.610830426,1,0.280315101,1,0.393404305,0,-0.70132637,0,1.653538227,0
97.59740448,-5.42826128,1,-2.142695904,1,-8.141608238,1,0.078522988,1,-0.615151942,1,0.276692748,1,0.393645108,0,-0.704015911,0,1.653646111,0
97.60140228,-5.230364323,1,-2.318069696,1,-8.000922203,1,0.060929779,1,-0.616017759,1,0.274803966,1,0.393858492,0,-0.706711829,0,1.653755426,0
97.60540009,-5.28054142,1,-2.338948011,1,-7.914378166,1,0.069007501,1,-0.616104007,1,0.272615314,1,0.394068956,0,-0.709409952,0,1.653830647,0
97.60939789,-5.26832962,1,-2.29473567,1,-7.939328194,1,0.069358863,1,-0.610516131,1,0.269086719,1,0.394297659,0,-0.712088048,0,1.653905988,0
97.61339569,-5.311356068,1,-2.386427641,1,-7.912248135,1,0.068415686,1,-0.609852612,1,0.273967445,1,0.394511461,0,-0.714768112,0,1.65399909,0
97.61739349,-5.403774738,1,-2.4172647,1,-7.830777645,1,0.065806471,1,-0.608820677,1,0.270816177,1,0.394718975,0,-0.717441499,0,1.654099584,0
97.6213913,-5.471224308,1,-2.464998245,1,-7.749251366,1,0.063305654,1,-0.605021954,1,0.277998626,1,0.394899666,0,-0.720110893,0,1.65421319,0
97.6253891,-5.659704685,1,-2.56052351,1,-7.778157711,1,0.047040071,1,-0.607618392,1,0.280094504,1,0.395031452,0,-0.722781003,0,1.654342055,0
97.6293869,-5.541075706,1,-2.590856314,1,-7.669182777,1,0.03953626,1,-0.602231145,1,0.283078343,1,0.395100981,0,-0.725439072,0,1.654494166,0
97.63338471,-5.522023678,1,-2.555727005,1,-7.758096218,1,0.024121474,1,-0.599442542,1,0.283885688,1,0.395113766,0,-0.728092194,0,1.65465641,0
97.63738251,-5.303682327,1,-2.412074566,1,-7.745415688,1,0.016189402,1,-0.592989922,1,0.281930536,1,0.395083845,0,-0.73072499,0,1.654821038,0
97.64138031,-5.488921642,1,-2.360319376,1,-7.733228683,1,0.008017529,1,-0.593268752,1,0.277773947,1,0.395020634,0,-0.733355224,0,1.65498817,0
97.64537811,-5.484893799,1,-2.281023264,1,-7.656050682,1,0.007328086,1,-0.588467538,1,0.279669374,1,0.394943237,0,-0.73596096,0,1.655149102,0
97.64937592,-5.621665001,1,-2.312343359,1,-7.68389225,1,-0.002279658,1,-0.579564929,1,0.274998337,1,0.394843012,0,-0.738544464,0,1.655318141,0
97.65337372,-5.626030922,1,-2.319993973,1,-7.678757668,1,-0.015695479,1,-0.576413691,1,0.278033882,1,0.394677341,0,-0.741106689,0,1.655503511,0
97.65737152,-5.556540966,1,-2.228127003,1,-7.60020113,1,-0.024720762,1,-0.574764371,1,0.275795072,1,0.394465625,0,-0.743660808,0,1.655689478,0
97.66136932,-5.609541893,1,-2.121358156,1,-7.596936703,1,-0.021725312,1,-0.564431727,1,0.276680619,1,0.394237578,0,-0.746183574,0,1.655881882,0
97.66536713,-5.671653271,1,-2.153242588,1,-7.55752039,1,-0.029552918,1,-0.551340342,1,0.269429237,1,0.393996239,0,-0.748669207,0,1.656082153,0
97.66936493,-5.725488186,1,-2.325481653,1,-7.538878918,1,-0.040086363,1,-0.546955824,1,0.273459852,1,0.393711746,0,-0.751118422,0,1.656299233,0
97.67336273,-5.665557384,1,-2.487503052,1,-7.538921833,1,-0.058826074,1,-0.54158169,1,0.272920936,1,0.393358529,0,-0.753540933,0,1.656536698,0
97.67736054,-5.599634171,1,-2.534896374,1,-7.542488098,1,-0.075529546,1,-0.537451386,1,0.27559644,1,0.392915368,0,-0.755951285,0,1.656798601,0
97.68136597,-5.597617626,1,-2.513143778,1,-7.579381943,1,-0.089330018,1,-0.536523759,1,0.281031996,1,0.392388433,0,-0.758357644,0,1.657090783,0
97.6853714,-5.620419025,1,-2.494836569,1,-7.595898151,1,-0.108031131,1,-0.535996556,1,0.287976265,1,0.391772538,0,-0.760768473,0,1.657416105,0
97.6893692,-5.641563416,1,-2.453245401,1,-7.609656811,1,-0.11103306,1,-0.53319031,1,0.291867316,1,0.391097784,0,-0.763184071,0,1.657759905,0
97.693367,-5.621271133,1,-2.376275063,1,-7.618413925,1,-0.113007337,1,-0.529904962,1,0.301154673,1,0.318510026,0,-0.697691739,0,1.572042823,0
97.69736481,-5.591552258,1,-2.423208952,1,-7.613018513,1,-0.120408684,1,-0.535196126,1,0.304903686,1,0.317629695,0,-0.700095832,0,1.57267642,0
97.70136261,-5.673232555,1,-2.317847252,1,-7.655451775,1,-0.122955374,1,-0.543916404,1,0.307536185,1,0.316726446,0,-0.702521324,0,1.573315382,0
97.70536041,-5.639574528,1,-2.20804739,1,-7.626607895,1,-0.129312292,1,-0.547989666,1,0.311985672,1,0.315787554,0,-0.704978466,0,1.573971033,0
97.70935822,-5.645988464,1,-2.110488892,1,-7.647101402,1,-0.13173905,1,-0.548770785,1,0.30769062,1,0.314854562,0,-0.707450449,0,1.574611902,0
97.71335602,-5.699816704,1,-2.128998518,1,-7.655200005,1,-0.123175852,1,-0.560939789,1,0.308142245,1,0.313935071,0,-0.70994395,0,1.575248003,0
97.71735382,-5.696778774,1,-2.156601906,1,-7.677645683,1,-0.124354742,1,-0.562229872,1,0.30775103,1,0.313038141,0,-0.712447166,0,1.575874209,0
97.72135162,-5.708392143,1,-2.152320385,1,-7.686442852,1,-0.123046942,1,-0.569879413,1,0.308276534,1,0.312138319,0,-0.714976609,0,1.576502919,0
97.72534943,-5.773302078,1,-1.966370583,1,-7.651715279,1,-0.122418784,1,-0.575508296,1,0.307062149,1,0.311245859,0,-0.717531204,0,1.577115893,0
97.72934723,-5.783939838,1,-1.86523509,1,-7.618301392,1,-0.112550363,1,-0.580401361,1,0.304001659,1,0.310370922,0,-0.720104098,0,1.577726483,0
97.73334503,-5.805762291,1,-1.872923374,1,-7.633541584,1,-0.106633641,1,-0.580501318,1,0.304133177,1,0.30953303,0,-0.722688973,0,1.578325391,0
97.73734283,-5.921982288,1,-1.862585187,1,-7.677173615,1,-0.106436238,1,-0.583965063,1,0.299938679,1,0.308716685,0,-0.725268483,0,1.578908086,0
97.74134827,-5.825358868,1,-1.977242947,1,-7.61827755,1,-0.108928308,1,-0.581438839,1,0.300369143,1,0.307893097,0,-0.727844536,0,1.579495668,0
97.74533844,-5.822908878,1,-2.05620265,1,-7.608809948,1,-0.118462995,1,-0.586621702,1,0.300807089,1,0.307041109,0,-0.730424643,0,1.58008635,0
97.74933624,-5.907653332,1,-2.047235012,1,-7.62805891,1,-0.127493411,1,-0.588063598,1,0.30224964,1,0.306147695,0,-0.733028948,0,1.580675244,0
97.75334168,-5.902271271,1,-1.948813319,1,-7.596652031,1,-0.134473503,1,-0.594852924,1,0.305079669,1,0.305219203,0,-0.73565197,0,1.581287265,0
97.75733185,-5.933445454,1,-1.884626269,1,-7.613849163,1,-0.127968475,1,-0.595876455,1,0.31296894,1,0.304278433,0,-0.738291025,0,1.581907511,0
97.76132965,-5.974966526,1,-1.894670367,1,-7.561544418,1,-0.137625098,1,-0.602738261,1,0.311132193,1,0.303314477,0,-0.740947604,0,1.582546473,0
97.76533508,-5.951302052,1,-1.899600506,1,-7.585998058,1,-0.131196976,1,-0.606992424,1,0.315936297,1,0.302344918,0,-0.743629754,0,1.583193183,0
97.76932526,-5.98388958,1,-1.933805466,1,-7.642594814,1,-0.137971565,1,-0.611068666,1,0.315682739,1,0.301365674,0,-0.74633348,0,1.583842397,0
97.77333069,-5.893874645,1,-1.831237316,1,-7.659295559,1,-0.139195412,1,-0.623641133,1,0.319954753,1,0.300357074,0,-0.749068797,0,1.584514141,0
97.77732849,-5.842511177,1,-1.772099972,1,-7.797951221,1,-0.132798225,1,-0.640058935,1,0.316552609,1,0.299381226,0,-0.75185889,0,1.585154891,0
97.78132629,-5.856417179,1,-1.629954338,1,-7.949939728,1,-0.127485469,1,-0.658547401,1,0.317412466,1,0.298437417,0,-0.754707694,0,1.585771799,0
97.7853241,-5.729811192,1,-1.633982062,1,-8.036157608,1,-0.102430351,1,-0.689383924,1,0.312995791,1,0.297591686,0,-0.757659435,0,1.586338401,0
97.7893219,-5.697962284,1,-1.786860228,1,-8.293980598,1,-0.094626851,1,-0.71985507,1,0.310160905,1,0.29684478,0,-0.760722518,0,1.58684957,0
97.7933197,-5.717272282,1,-2.049714804,1,-8.409802437,1,-0.085982017,1,-0.759408832,1,0.323120326,1,0.296150327,0,-0.763920069,0,1.587334752,0
97.79731751,-5.687020302,1,-2.556709528,1,-8.564911842,1,-0.098591723,1,-0.803358376,1,0.346770167,1,0.295426071,0,-0.767298639,0,1.587853193,0
97.80132294,-5.534576893,1,-2.978675127,1,-8.687659264,1,-0.123963542,1,-0.852600932,1,0.381890476,1,0.294568658,0,-0.77088654,0,1.588448882,0
97.80532074,-5.431814194,1,-3.04894352,1,-8.768533707,1,-0.154193699,1,-0.915143967,1,0.418935835,1,0.293525219,0,-0.774734497,0,1.589153767,0
97.80931854,-5.627319336,1,-2.984138727,1,-8.801707268,1,-0.180468187,1,-0.968678176,1,0.458324343,1,0.292263925,0,-0.778852522,0,1.589990139,0
97.81332398,-5.5233531,1,-2.743927956,1,-8.761725426,1,-0.212580428,1,-1.025178313,1,0.493961632,1,0.290787429,0,-0.783226192,0,1.590958238,0
97.81731415,-5.608890057,1,-2.577587605,1,-8.763636589,1,-0.236648306,1,-1.092089295,1,0.527910888,1,0.289153367,0,-0.787863731,0,1.592010736,0
97.82131195,-5.686119556,1,-2.446823359,1,-8.768229485,1,-0.260792196,1,-1.155432463,1,0.559782982,1,0.287339449,0,-0.792798638,0,1.593149543,0
97.82531738,-5.608648777,1,-2.42606616,1,-8.807483673,1,-0.290089667,1,-1.232472062,1,0.587853968,1,0.285358906,0,-0.798022747,0,1.594374657,0
97.82931519,-5.547587872,1,-2.387089729,1,-8.890963554,1,-0.321228355,1,-1.300589561,1,0.604849815,1,0.283240736,0,-0.803563297,0,1.595628619,0
97.83331299,-5.63162756,1,-2.410551786,1,-8.920238495,1,-0.352955312,1,-1.3846066,1,0.638405204,1,0.280962795,0,-0.809415758,0,1.596924186,0
97.83731079,-5.567821503,1,-2.61179018,1,-8.871528625,1,-0.383397639,1,-1.463015199,1,0.67209506,1,0.278499544,0,-0.815626025,0,1.598302126,0
97.84130859,-5.488418579,1,-2.670175314,1,-8.904959679,1,-0.416734874,1,-1.546968818,1,0.704293072,1,0.275829494,0,-0.822157264,0,1.599758625,0
97.8453064,-5.57428503,1,-2.803742886,1,-8.962844849,1,-0.447047472,1,-1.632943988,1,0.742918611,1,0.272936881,0,-0.829055488,0,1.601331234,0
97.8493042,-5.557487488,1,-2.91696763,1,-8.947309494,1,-0.468383402,1,-1.718234777,1,0.791472614,1,0.269830674,0,-0.836334348,0,1.603057265,0
97.853302,-5.485732079,1,-3.120200396,1,-9.090331078,1,-0.48600179,1,-1.81290853,1,0.841301799,1,0.266486138,0,-0.844014525,0,1.60498786,0
97.85729981,-5.483510494,1,-2.907211781,1,-9.084733009,1,-0.491912723,1,-1.921786904,1,0.91624248,1,0.262919754,0,-0.852141619,0,1.607125521,0
97.86129761,-5.563980103,1,-3.175080776,1,-9.228393555,1,-0.501578212,1,-2.030349016,1,0.980725467,1,0.259044021,0,-0.860770762,0,1.609613657,0
97.86529541,-5.273620605,1,-3.200806856,1,-9.120204926,1,-0.502589226,1,-2.153756618,1,1.058636427,1,0.254925132,0,-0.869893193,0,1.612400174,0
97.86929321,-5.346265316,1,-3.321248293,1,-9.421203613,1,-0.515716791,1,-2.2805233,1,1.131444454,1,0.250463933,0,-0.879584432,0,1.615558863,0
97.87329102,-5.888454437,1,-3.949581385,1,-10.35311413,1,-0.558330655,1,-2.371905088,1,1.190602064,1,0.245640159,0,-0.889802337,0,1.619078398,0
97.87728882,0.594446003,1,1.610116839,1,-7.507953167,1,-0.294910312,1,-2.764948845,1,1.324061036,1,0.240794942,0,-0.900357723,0,1.62277174,0
97.88128662,-9.60461235,1,-2.364646673,1,-11.94288349,1,-0.370728493,1,-2.761261702,1,1.388052702,1,0.236161396,0,-0.912629247,0,1.626943946,0
97.88528442,-6.481139183,1,-6.811963081,1,-9.283565521,1,-0.469662875,1,-2.918106556,1,1.551672459,1,0.230475947,0,-0.925008595,0,1.632122397,0
97.88928223,-3.045137405,1,-6.098407269,1,-11.16766453,1,-0.61208868,1,-3.223101616,1,1.525426149,1,0.223854572,0,-0.938330293,0,1.637538433,0
97.89328003,-3.40213871,1,-2.350242138,1,-11.53537369,1,-0.583832324,1,-3.499767065,1,1.71702075,1,0.216825649,0,-0.952876687,0,1.643253326,0
97.89728546,-4.627103329,1,-3.773624182,1,-11.9630537,1,-0.553312421,1,-3.721487284,1,1.865698099,1,0.208850369,0,-0.968481302,0,1.650218487,0
97.90127564,-4.959583282,1,-5.225934029,1,-11.86711597,1,-0.565639436,1,-4.007455349,1,1.974460721,1,0.200161293,0,-0.985179901,0,1.658022165,0
97.90527344,-5.033409119,1,-6.138877869,1,-11.99079514,1,-0.623573899,1,-4.293212891,1,2.136088371,1,0.190359846,0,-1.003070593,0,1.666885853,0
97.90927887,-4.861430168,1,-6.721312523,1,-12.25974846,1,-0.720174193,1,-4.575468063,1,2.314972878,1,0.178894177,0,-1.022123933,0,1.677250147,0
97.91327667,-5.03323698,1,-6.879153728,1,-12.25456333,1,-0.809329629,1,-4.872795582,1,2.530343533,1,0.165278345,0,-1.042406082,0,1.689551473,0
97.91727448,-6.084421635,1,-8.104132652,1,-12.22808266,1,-0.945196807,1,-5.133070469,1,2.758364201,1,0.148931548,0,-1.063847899,0,1.704336882,0
97.92127991,-7.724102974,1,-10.30270481,1,-12.62472534,1,-1.131970286,1,-5.305615902,1,3.006230593,1,0.129045904,0,-1.086149573,0,1.722252846,0
97.92527771,-7.576169491,1,-12.36946106,1,-12.957798,1,-1.391386986,1,-5.446910381,1,3.261758804,1,0.104574643,0,-1.108968377,0,1.744084001,0
97.92927551,-6.083964825,1,-12.24358463,1,-12.97750187,1,-1.653321743,1,-5.657975674,1,3.531903505,1,0.074611604,0,-1.132273197,0,1.770581365,0
97.93327332,-5.012820244,1,-11.14394951,1,-13.66771507,1,-1.838036418,1,-5.93893671,1,3.820651054,1,0.038174149,0,-1.156257272,0,1.802913785,0
97.93727112,-7.329690933,1,-9.661650658,1,-14.3543911,1,-1.937131643,1,-6.181857109,1,4.06930685,1,-0.005605155,0,-1.180788755,0,1.842246532,0
97.94126892,-13.90899563,1,-9.009838104,1,-15.0795393,1,-2.002140045,1,-6.254099369,1,4.229457855,1,-0.057350818,0,-1.205204964,0,1.889424205,0
97.94527435,-19.60517311,1,-8.711718559,1,-14.40219212,1,-2.07301116,1,-6.022002697,1,4.334199429,1,-0.119811319,0,-1.226805568,0,1.969955444,0
97.94926453,-18.32904053,1,-8.867445946,1,-13.95918846,1,-2.21199131,1,-5.807592869,1,4.459402084,1,-0.189001858,0,-1.247430801,0,2.034119129,0
97.95326233,-18.28360748,1,-9.141935349,1,-12.83636761,1,-2.365053177,1,-5.729114056,1,4.591209412,1,-0.268594503,0,-1.265827417,0,2.108164549,0
97.95726776,-21.84406853,1,-8.862395287,1,-13.94668674,1,-2.446905851,1,-5.514715195,1,4.607595921,1,-0.358159363,0,-1.281594872,0,2.191741943,0
97.96126556,-23.98601532,1,-7.503259659,1,-14.18900108,1,-2.456464767,1,-5.097890377,1,4.514904976,1,-0.45477435,0,-1.293924212,0,2.282114506,0
97.96526337,-22.15674019,1,-8.454239845,1,-12.75121403,1,-2.313858271,1,-4.912591457,1,4.440175533,1,-0.554632664,0,-1.30275178,0,2.37596488,0
97.96926117,-24.85438728,1,-8.73898983,1,-15.40108681,1,-2.356735706,1,-4.66011858,1,4.475801945,1,-0.658474028,0,-1.308436871,0,2.473896027,0
97.97325897,-24.66707611,1,-8.975364685,1,-13.38818264,1,-2.370397329,1,-4.306698799,1,4.477385521,1,-0.762191176,0,-1.310295939,0,2.571468592,0
97.97725678,-21.07867813,1,-11.60598755,1,-11.10152531,1,-2.502470255,1,-4.166625023,1,4.56229353,1,-0.864331007,0,-1.308803082,0,2.667151928,0
97.98125458,-20.16849709,1,-11.76762199,1,-10.67742538,1,-2.789511681,1,-4.013749599,1,4.584387302,1,-0.964276373,0,-1.30427289,0,2.759749174,0
97.98525238,-19.58184624,1,-11.69082737,1,-9.22527504,1,-3.051124573,1,-3.767373323,1,4.450112343,1,-1.058366656,0,-1.297233462,0,2.84523797,0
97.98925018,-14.09255123,1,-10.05029583,1,-6.686659813,1,-3.467330933,1,-3.420674086,1,4.357320309,1,-1.144199252,0,-1.287984133,0,2.920998335,0
97.99324799,-7.450110912,1,-8.318516731,1,-5.103576183,1,-3.899747372,1,-3.041017771,1,4.082309246,1,-1.221011162,0,-1.277234435,0,2.985723257,0
97.99724579,-4.219818115,1,-5.181442261,1,-5.116078377,1,-4.267003059,1,-2.581787109,1,3.680858374,1,-1.287547827,0,-1.265965462,0,3.038194656,0
98.00124359,-8.288149834,1,-3.015957355,1,-7.347989082,1,-4.261097908,1,-2.419155359,1,3.326651812,1,-1.345962405,0,-1.254899502,0,3.081536531,0
98.00524139,-9.552079201,1,-3.042863607,1,-9.408553123,1,-4.033827305,1,-2.106559992,1,2.730732679,1,-1.396569729,0,-1.244757533,0,3.117355108,0
98.0092392,-11.64324474,1,0.299730778,1,-10.32733822,1,-3.55200839,1,-2.064013958,1,2.123443604,1,-1.439963818,0,-1.236422062,0,-3.136122704,0
98.01322937,-22.60676575,1,4.898006916,1,-11.95423222,1,-2.501326084,1,-2.041836739,1,1.446051717,1,-1.477916121,0,-1.230280399,0,-3.10880661,0
98.01722717,-20.61626244,1,1.885736108,1,-12.81222916,1,-1.826191187,1,-1.404194951,1,1.041550279,1,-1.506886363,0,-1.225911856,0,-3.087075949,0
98.02122498,-10.4212656,1,-2.701901197,1,-11.12954235,1,-1.41425693,1,-0.903717637,1,0.614845634,1,-1.526519418,0,-1.222823501,0,-3.073077202,0
98.02522278,-4.000267982,1,-5.897984982,1,-8.119076729,1,-1.039832115,1,-0.642279208,1,0.167821795,1,-1.539875984,0,-1.221402168,0,-3.064087629,0
98.02923584,-3.762967825,1,-6.972316265,1,-6.789660931,1,-0.730017424,1,-0.560099483,1,-0.114935011,1,-1.549955368,0,-1.221411228,0,-3.057072639,0
98.03321838,-6.086558342,1,-6.974627972,1,-7.36656189,1,-0.647258341,1,-0.479699582,1,-0.230395302,1,-1.558372259,0,-1.222171903,0,-3.050988674,0
98.03721619,-7.103233337,1,-7.203131676,1,-8.021837234,1,-0.746494472,1,-0.300933272,1,-0.306402773,1,-1.565465927,0,-1.223257184,0,-3.046387434,0
98.04122162,-5.598112583,1,-7.308306217,1,-7.405035019,1,-0.863238156,1,-0.127579555,1,-0.386479318,1,-1.571014285,0,-1.224636555,0,-3.043937683,0
98.04523468,-4.101894379,1,-7.01645565,1,-6.420677185,1,-0.902952671,1,-0.005114702,1,-0.474369258,1,-1.575298071,0,-1.226357102,0,-3.043162584,0
98.04923248,-3.238196373,1,-6.227986336,1,-6.015899181,1,-0.91509223,1,0.105257846,1,-0.534038067,1,-1.57840836,0,-1.228372812,0,-3.043717623,0
98.05323029,-2.82403636,1,-5.203961849,1,-6.057496071,1,-0.916977346,1,0.237716094,1,-0.572505891,1,-1.580238342,0,-1.230592132,0,-3.045670748,0
98.05722046,-2.615753412,1,-4.164390087,1,-6.170910835,1,-0.88627547,1,0.392848223,1,-0.610977352,1,-1.580360413,0,-1.232969046,0,-3.049373388,0
98.06121826,-2.577849627,1,-3.447240591,1,-6.263688564,1,-0.782343566,1,0.548983395,1,-0.660131454,1,-1.578409195,0,-1.235518456,0,-3.054992199,0
98.06523132,-2.465658665,1,-2.82915473,1,-6.225949287,1,-0.622824907,1,0.715402365,1,-0.718478978,1,-1.573962569,0,-1.238293886,0,-3.062680721,0
98.06921387,-1.998006225,1,-2.432374001,1,-6.10417223,1,-0.453332394,1,0.897683024,1,-0.783726692,1,-1.566751003,0,-1.241292834,0,-3.072588444,0
98.07321167,-1.353502631,1,-2.2286129,1,-5.971094131,1,-0.272108376,1,1.069050908,1,-0.835282743,1,-1.556545258,0,-1.244490147,0,-3.084892035,0
98.0772171,-0.715190887,1,-1.983602881,1,-5.830843925,1,-0.096634619,1,1.237493634,1,-0.88626045,1,-1.543395996,0,-1.247844696,0,-3.099553823,0
98.08120728,-0.352135956,1,-1.958560824,1,-5.764863968,1,0.06305524,1,1.411023617,1,-0.942735314,1,-1.527153015,0,-1.251320362,0,-3.116734743,0
98.08521271,-0.086068578,1,-2.127970219,1,-5.721011639,1,0.220701635,1,1.575434208,1,-0.998886347,1,-1.507800579,0,-1.254883051,0,-3.136498213,0
98.08921051,0.2809138,1,-2.191519737,1,-5.63070488,1,0.350729585,1,1.727794886,1,-1.055002809,1,-1.485423923,0,-1.258485436,0,3.12436986,0
98.09320831,0.661349118,1,-2.211969137,1,-5.531915188,1,0.466417849,1,1.872575045,1,-1.1056602,1,-1.460138559,0,-1.262089014,0,3.099537611,0
98.09720612,0.95076412,1,-2.162966013,1,-5.472265244,1,0.564402282,1,2.002260923,1,-1.155917883,1,-1.432031393,0,-1.265609741,0,3.07220912,0
98.10120392,1.10176301,1,-2.147268772,1,-5.502475739,1,0.656492352,1,2.123156786,1,-1.214976192,1,-1.401208282,0,-1.269033432,0,3.042463541,0
98.10520172,1.107226729,1,-2.085050821,1,-5.532453537,1,0.73923701,1,2.25685215,1,-1.282379508,1,-1.367631793,0,-1.272322774,0,3.010241508,0
98.10919952,1.019950151,1,-1.924566269,1,-5.631015301,1,0.80897665,1,2.391248941,1,-1.355946779,1,-1.331150532,0,-1.275421381,0,2.975325346,0
98.11319733,0.863069534,1,-1.67810595,1,-5.721829891,1,0.896671951,1,2.524754524,1,-1.453209281,1,-1.291560769,0,-1.278331757,0,2.937527418,0
98.11719513,0.603505611,1,-1.557219625,1,-5.891041279,1,0.97306633,1,2.6715312,1,-1.551079273,1,-1.248721361,0,-1.280991077,0,2.896716118,0
98.12119293,0.61249423,1,-1.340503573,1,-6.032661438,1,1.054439068,1,2.816740274,1,-1.656285524,1,-1.202556968,0,-1.283305645,0,2.852789402,0
98.12519074,0.736700833,1,-1.133698702,1,-6.09864521,1,1.135801196,1,2.955952168,1,-1.770472288,1,-1.153086305,0,-1.285217524,0,2.805778742,0
98.12918854,0.646223843,1,-1.037790179,1,-6.192760944,1,1.2187047,1,3.076948404,1,-1.879332542,1,-1.100474,0,-1.286634803,0,2.755859852,0
98.13318634,0.696759403,1,-0.909402966,1,-6.229415417,1,1.287745714,1,3.187714338,1,-1.987874031,1,-1.045014262,0,-1.287446022,0,2.703310013,0
98.13718414,0.63111496,1,-0.890506446,1,-6.380586147,1,1.358095288,1,3.287069082,1,-2.091770887,1,-0.987114012,0,-1.287557721,0,2.648518324,0
98.14118195,0.46779424,1,-0.897375047,1,-6.388934135,1,1.419027448,1,3.375011444,1,-2.186847687,1,-0.927250445,0,-1.286870837,0,2.591953754,0
98.14517975,0.339197397,1,-0.894371271,1,-6.568837643,1,1.469889998,1,3.45905757,1,-2.271342993,1,-0.865934432,0,-1.285289049,0,2.53409481,0
98.14918518,0.023699528,1,-0.98992914,1,-6.741605282,1,1.508596182,1,3.526437759,1,-2.340923786,1,-0.803845525,0,-1.282749891,0,2.475572109,0
98.15317535,-0.287298828,1,-1.052965403,1,-6.889597416,1,1.538044691,1,3.598176003,1,-2.408642054,1,-0.741566956,0,-1.279181838,0,2.416948318,0
98.15717316,-0.541557908,1,-1.148458838,1,-7.082069397,1,1.561524749,1,3.672524214,1,-2.464809418,1,-0.679653168,0,-1.274526834,0,2.358733177,0
98.16117859,-0.765932679,1,-1.087444305,1,-7.460437298,1,1.578465819,1,3.73495388,1,-2.510597706,1,-0.618608952,0,-1.268734574,0,2.301430941,0
98.16518402,-1.069453716,1,-0.968334913,1,-7.711594582,1,1.60728085,1,3.81097579,1,-2.549058199,1,-0.558994591,0,-1.261803031,0,2.245605707,0
98.16918182,-1.413073301,1,-0.783749104,1,-7.842604637,1,1.643458605,1,3.88875556,1,-2.580448151,1,-0.501098275,0,-1.253707528,0,2.191584587,0
98.17317963,-1.848507047,1,-0.596645415,1,-8.069226265,1,1.690125465,1,3.972121477,1,-2.60577178,1,-0.445281982,0,-1.244442225,0,2.139760494,0
98.17717743,-2.225374222,1,-0.476898313,1,-8.280153275,1,1.744632363,1,4.060530186,1,-2.620959759,1,-0.391708434,0,-1.23401463,0,2.090364456,0
98.18117523,-2.517322302,1,-0.318724871,1,-8.39467907,1,1.803901196,1,4.149825573,1,-2.634016752,1,-0.340580821,0,-1.22244978,0,2.043620586,0
98.18517304,-2.775171995,1,-0.187875733,1,-8.530797005,1,1.871995211,1,4.240767956,1,-2.627402067,1,-0.292119086,0,-1.209776163,0,1.999783397,0
98.18917084,-3.068158627,1,-0.098173998,1,-8.629199028,1,1.949119687,1,4.33321619,1,-2.614356995,1,-0.246400654,0,-1.196038842,0,1.958978891,0
98.19316864,-3.442768812,1,-0.127979681,1,-8.768026352,1,2.021673918,1,4.425965786,1,-2.589194775,1,-0.187002718,0,-1.186935067,0,1.931736827,0
98.19717407,-3.755777597,1,-0.14597407,1,-8.863661766,1,2.101669073,1,4.528522968,1,-2.556348324,1,-0.147002563,0,-1.170978665,0,1.897376657,0
98.20116425,-3.91444397,1,-0.180952668,1,-8.912976265,1,2.17111063,1,4.628847122,1,-2.513596535,1,-0.10978163,0,-1.154104829,0,1.866140604,0
98.20516205,-4.060700417,1,-0.243573576,1,-9.061491013,1,2.236055613,1,4.720704079,1,-2.46883893,1,-0.075264364,0,-1.136393309,0,1.837934375,0
98.20916748,-4.227412701,1,-0.312680691,1,-9.117124557,1,2.29894495,1,4.80657196,1,-2.419498444,1,-0.043279339,0,-1.117945433,0,1.812571645,0
98.21316528,-4.347177505,1,-0.353385836,1,-9.110752106,1,2.355681419,1,4.88229847,1,-2.365442038,1,-0.013662558,0,-1.098851442,0,1.789884686,0
98.21716309,-4.470299244,1,-0.559923887,1,-9.105558395,1,2.407438517,1,4.942060471,1,-2.310567379,1,0.013735231,0,-1.079205394,0,1.76972127,0
98.22116089,-4.629210472,1,-0.659965932,1,-9.20813179,1,2.455928802,1,5.003019333,1,-2.251658916,1,0.039137606,0,-1.059075713,0,1.751847029,0
98.22515869,-4.741114616,1,-0.759320319,1,-9.170390129,1,2.505402565,1,5.051947117,1,-2.196916103,1,0.062737346,0,-1.038541317,0,1.736083388,0
98.22915649,-4.856520653,1,-0.843841672,1,-9.233848572,1,2.562996626,1,5.081624985,1,-2.134548426,1,0.084718652,0,-1.017684698,0,1.722253799,0
98.2331543,-4.929939747,1,-0.976590991,1,-9.352122307,1,2.622461557,1,5.096021652,1,-2.076787949,1,0.105292983,0,-0.99661094,0,1.710176706,0
98.2371521,-5.080076218,1,-1.019117594,1,-9.503172874,1,2.686721087,1,5.099359035,1,-2.02015233,1,0.124673329,0,-0.975414634,0,1.699661016,0
98.2411499,-5.302138329,1,-1.069977999,1,-9.701793671,1,2.7590909,1,5.087143898,1,-1.979061961,1,0.143070549,0,-0.954161465,0,1.690524697,0
98.24514771,-5.586316586,1,-1.115122199,1,-9.895379066,1,2.836487055,1,5.064019203,1,-1.941316485,1,0.160705954,0,-0.932908356,0,1.682570457,0
98.24914551,-5.917831421,1,-1.27146101,1,-10.17662716,1,2.929382801,1,5.040900707,1,-1.921700954,1,0.177785516,0,-0.911684453,0,1.675600648,0
98.25314331,-6.223340034,1,-1.400645614,1,-10.40077591,1,3.019167185,1,5.006053448,1,-1.915488482,1,0.19450815,0,-0.890523791,0,1.669443011,0
98.25714874,-6.597143173,1,-1.54235673,1,-10.79360294,1,3.115813971,1,4.970067024,1,-1.929818988,1,0.211042404,0,-0.869423509,0,1.663923979,0
98.26113892,-6.924351692,1,-1.655664921,1,-11.08621025,1,3.21093297,1,4.937743187,1,-1.955993772,1,0.227487102,0,-0.848390698,0,1.658913732,0
98.26513672,-7.343453407,1,-1.909006834,1,-11.517519,1,3.308217287,1,4.911836147,1,-1.995154023,1,0.243949637,0,-0.827389121,0,1.654319644,0
98.26914215,-7.690515518,1,-2.220837355,1,-11.95358658,1,3.398650169,1,4.876668453,1,-2.04955411,1,0.260495484,0,-0.806419551,0,1.650025249,0
98.27313995,-8.105760574,1,-2.497964382,1,-12.44876766,1,3.486335754,1,4.83903265,1,-2.106445789,1,0.277166933,0,-0.785474539,0,1.645964026,0
98.27713776,-8.527640343,1,-2.8016541,1,-12.97762775,1,3.552095652,1,4.804686069,1,-2.179999352,1,0.293977737,0,-0.764548421,0,1.642046809,0
98.28114319,-8.94695282,1,-2.956893682,1,-13.59236717,1,3.618625641,1,4.767249584,1,-2.262427568,1,0.310924262,0,-0.743621469,0,1.638229609,0
98.28514099,-9.577548981,1,-3.114840984,1,-14.20663166,1,3.67282486,1,4.736206532,1,-2.348421574,1,0.328013599,0,-0.722683609,0,1.634479046,0
98.28913879,-10.19950867,1,-3.155829668,1,-14.95583057,1,3.732813597,1,4.709774494,1,-2.441567659,1,0.345255524,0,-0.701688707,0,1.630773067,0
98.29314423,-10.9598856,1,-3.074569941,1,-15.72296524,1,3.79347086,1,4.696983337,1,-2.548872232,1,0.362663448,0,-0.680581927,0,1.627081275,0
98.2971344,-11.86221981,1,-2.912528515,1,-16.42906761,1,3.835698366,1,4.680122375,1,-2.66454649,1,0.380236804,0,-0.659322441,0,1.623364091,0
98.3011322,-12.84848213,1,-2.701008081,1,-17.07287025,1,3.875928164,1,4.675243855,1,-2.789675713,1,0.39794898,0,-0.637866795,0,1.619600058,0
98.30513763,-13.82672596,1,-2.701699257,1,-17.49349403,1,3.895196199,1,4.68889904,1,-2.914610624,1,0.415711671,0,-0.616157591,0,1.615822434,0
98.30913544,-14.91069031,1,-2.563869953,1,-17.79806709,1,3.901463032,1,4.698430061,1,-3.038782835,1,0.433455884,0,-0.594151497,0,1.612036347,0
98.31313324,-15.70637798,1,-1.724171281,1,-18.00902939,1,3.890973806,1,4.706702709,1,-3.147966146,1,0.451097906,0,-0.571856618,0,1.608298659,0
98.31713104,-16.68417931,1,-0.133683965,1,-18.19749641,1,3.896381617,1,4.691990376,1,-3.252784491,1,0.468636513,0,-0.549334168,0,1.604596853,0
98.32112885,-17.77511406,1,2.35330987,1,-18.56280708,1,3.950399637,1,4.67302227,1,-3.34779048,1,0.486178696,0,-0.526636958,0,1.60095942,0
98.32512665,-19.12590599,1,4.813810349,1,-18.2818718,1,4.079575062,1,4.662502766,1,-3.404494286,1,0.503937483,0,-0.503787279,0,1.597475767,0
98.32912445,-20.53846931,1,6.170855999,1,-17.93536377,1,4.25434494,1,4.688582897,1,-3.4109447,1,0.522040784,0,-0.480799407,0,1.59440434,0
98.33312225,-21.83197212,1,6.740974426,1,-17.02591705,1,4.44581604,1,4.735750675,1,-3.369604111,1,0.540537894,0,-0.457681298,0,1.591976643,0
98.33712006,-23.72989273,1,5.321045876,1,-15.55825329,1,4.572235107,1,4.813261509,1,-3.273860931,1,0.559267938,0,-0.434456676,0,1.590455651,0
98.34111786,-25.49538612,1,3.180912018,1,-13.84216118,1,4.546814919,1,4.918478489,1,-3.122416735,1,0.577690363,0,-0.411150157,0,1.590104103,0
98.34511566,-26.63687515,1,1.50043869,1,-11.95681286,1,4.373013496,1,4.976606846,1,-2.922716141,1,0.595193505,0,-0.38796103,0,1.591059089,0
98.34911346,-27.18854141,1,1.051257253,1,-9.996899605,1,4.094263554,1,4.963886261,1,-2.691565275,1,0.611344457,0,-0.365210652,0,1.59324944,0
98.35311127,-26.95944595,1,2.09417367,1,-7.768772125,1,3.805280924,1,4.855568886,1,-2.467226028,1,0.626025558,0,-0.343199015,0,1.596454263,0
98.35710907,-26.77034569,1,4.026912689,1,-5.520103931,1,3.541845798,1,4.646027088,1,-2.246946812,1,0.639449,0,-0.322281182,0,1.60030365,0
98.36110687,-26.51494789,1,6.267092228,1,-3.202069998,1,3.3451159,1,4.360899925,1,-2.009400129,1,0.651890337,0,-0.302741468,0,1.604562044,0
98.36511231,-26.31167221,1,9.034366608,1,-1.15962851,1,3.246500254,1,3.990558147,1,-1.772055745,1,0.663763881,0,-0.284876436,0,1.608988285,0
98.36910248,-26.29705429,1,12.00963783,1,0.744023323,1,3.246980667,1,3.55177784,1,-1.53254962,1,0.675529957,0,-0.268932968,0,1.613352418,0
98.37310791,-26.72859955,1,14.9551363,1,2.237481117,1,3.356814384,1,3.068490028,1,-1.281279683,1,0.687651932,0,-0.255098462,0,1.617459416,0
98.37710571,-27.52939987,1,17.74679756,1,3.298772097,1,3.545226336,1,2.593721867,1,-1.050839543,1,0.700497091,0,-0.243407682,0,1.621228576,0
98.38110352,-27.78322792,1,20.01275444,1,4.041353703,1,3.771811485,1,2.118812084,1,-0.839288473,1,0.714336872,0,-0.233788431,0,1.624580979,0
98.38510132,-28.08810043,1,21.40366745,1,4.254516602,1,3.989340544,1,1.664532542,1,-0.653761625,1,0.729224384,0,-0.226150751,0,1.62740922,0
98.38909912,-28.04072762,1,21.41811371,1,4.19739151,1,4.10481739,1,1.249899745,1,-0.494391322,1,0.744933069,0,-0.220291346,0,1.629674673,0
98.39309692,-28.76790047,1,19.61787796,1,4.113961697,1,4.052718163,1,0.893849194,1,-0.369860291,1,0.760925949,0,-0.215991959,0,1.631378889,0
98.39709473,-29.7512207,1,15.92380142,1,3.915432215,1,3.728361368,1,0.608111858,1,-0.266690373,1,0.776302397,0,-0.212953925,0,1.632572293,0
98.40110016,-30.20356369,1,10.97643948,1,3.252281666,1,3.064851761,1,0.359189928,1,-0.151930496,1,0.789807677,0,-0.210993931,0,1.633357644,0
98.40510559,-30.09372902,1,5.736064434,1,2.944977522,1,2.08520484,1,0.136860073,1,-0.002482488,1,0.800073445,0,-0.210070148,0,1.633859277,0
98.40910339,-29.10460281,1,2.427887917,1,2.418741226,1,0.910652459,1,-0.10212294,1,0.161480919,1,0.806043148,0,-0.210242867,0,1.634135604,0
98.4131012,-27.62212753,1,1.545602202,1,1.98032856,1,-0.28094995,1,-0.355501562,1,0.330489665,1,0.807282507,0,-0.211582482,0,1.634161234,0
98.417099,-26.12347412,1,2.800452471,1,1.171288967,1,-1.306472778,1,-0.61807853,1,0.521303713,1,0.804088891,0,-0.214165166,0,1.633931041,0
98.4210968,-7.478313446,1,-8.670208931,1,-7.57074213,1,-2.555291176,1,-1.250465631,1,1.085416198,1,0.796574712,0,-0.218832642,0,1.633439779,0
98.4250946,-15.92335415,1,10.06957245,1,-5.904104233,1,-2.290893555,1,-1.840781689,1,2.023458242,1,0.786594808,0,-0.227864638,0,1.633374572,0
98.42909241,-9.718907356,1,4.617916584,1,-8.216986656,1,-2.545469284,1,-1.607189894,1,1.884263277,1,0.776901007,0,-0.238474742,0,1.634085774,0
98.43309021,2.955240726,1,-11.14893246,1,-13.26601982,1,-2.441538811,1,-1.010946631,1,1.608436584,1,0.766397297,0,-0.247043401,0,1.635438442,0
98.43708801,6.924733162,1,-25.88908005,1,-15.72406387,1,-2.56051302,1,-0.786750436,1,1.788396597,1,0.756034732,0,-0.254211694,0,1.637998819,0
98.44108582,2.963319778,1,-34.78093719,1,-14.79149246,1,-3.323354244,1,-0.613136232,1,2.047439575,1,0.743267179,0,-0.261546403,0,1.641725659,0
98.44508362,13.01244259,1,-36.39640808,1,-11.91364002,1,-3.843874931,1,-0.321583778,1,2.455315351,1,0.741730273,0,-0.278268039,0,1.674607277,0
98.44908905,15.81195641,1,-36.40085983,1,-7.7353158,1,-4.824533939,1,-0.722862422,1,2.696728468,1,0.722513318,0,-0.286625803,0,1.68119967,0
98.45307922,16.32168198,1,-26.08285522,1,-2.656275988,1,-5.182142735,1,-1.254874229,1,3.016260386,1,0.700686634,0,-0.297062039,0,1.687481403,0
98.45707703,14.04179192,1,-18.05867767,1,-1.977401018,1,-5.95123148,1,-1.964372277,1,3.313022852,1,0.676529765,0,-0.310070246,0,1.693532944,0
98.46108246,10.97065735,1,-7.890906811,1,-2.327270508,1,-6.094445229,1,-2.693244696,1,3.494673252,1,0.650846481,0,-0.325814486,0,1.698818326,0
98.46508026,5.606534004,1,-2.127465487,1,-4.351093769,1,-6.072978973,1,-3.393556118,1,3.521066427,1,0.624936104,0,-0.343993366,0,1.703026533,0
98.46907806,-0.062854044,1,2.27359581,1,-9.353457451,1,-5.879173756,1,-4.052284718,1,3.54569149,1,0.599656641,0,-0.364430785,0,1.706316233,0
98.47307587,-11.62761497,1,9.062613487,1,-12.52039623,1,-5.367098331,1,-4.104364872,1,3.052791595,1,0.576571584,0,-0.385498166,0,1.708402634,0
98.47707367,-20.70146751,1,13.96290016,1,-16.86151505,1,-5.044686317,1,-3.735552311,1,2.444785595,1,0.555337846,0,-0.404694498,0,1.709249854,0
98.48107147,-20.29027939,1,17.35814285,1,-17.63061523,1,-4.684613705,1,-3.333044052,1,2.039019585,1,0.535670221,0,-0.421354026,0,1.709619403,0
98.48506928,-19.82936096,1,21.27474403,1,-17.99795532,1,-3.988810062,1,-3.132486582,1,1.642919302,1,0.518370748,0,-0.436203063,0,1.70949769,0
98.48906708,-17.29038429,1,21.19630623,1,-18.86884499,1,-3.215508699,1,-3.033264399,1,1.38059628,1,0.504233956,0,-0.449867398,0,1.708620787,0
98.49306488,-16.19732666,1,18.46118546,1,-18.56962204,1,-2.56715107,1,-3.001661539,1,1.278735042,1,0.493367463,0,-0.462992489,0,1.707384944,0
98.49706268,-15.19150925,1,13.57130432,1,-18.29859161,1,-2.049802303,1,-2.751509428,1,1.24593246,1,0.484620333,0,-0.475566328,0,1.706261754,0
98.50106049,-14.7665863,1,7.104146481,1,-17.68455887,1,-1.659127235,1,-2.495367289,1,1.311632037,1,0.477426618,0,-0.487192899,0,1.705916286,0
98.50505829,-16.81268883,1,0.883002222,1,-16.57899475,1,-1.427673459,1,-2.176600218,1,1.238196135,1,0.471106678,0,-0.497909814,0,1.706262708,0
98.50906372,-15.97772121,1,-4.540367603,1,-14.33677387,1,-1.356349468,1,-1.783074021,1,1.045502067,1,0.465297937,0,-0.507057071,0,1.70683217,0
98.51305389,-12.47419453,1,-5.645080566,1,-10.35544872,1,-1.324907184,1,-1.513538361,1,0.821453691,1,0.459684342,0,-0.514532924,0,1.707313776,0
98.51705933,-8.376844406,1,-5.710567951,1,-8.135586739,1,-1.254727483,1,-1.46453464,1,0.62508291,1,0.454544425,0,-0.521135092,0,1.707290888,0
98.52106476,-6.991514206,1,-4.825043201,1,-7.942146301,1,-1.268692017,1,-1.464977503,1,0.53378433,1,0.449839175,0,-0.527385712,0,1.706710815,0
98.52506256,-7.728676319,1,-3.431729078,1,-9.113704681,1,-1.302021742,1,-1.33518219,1,0.497089118,1,0.445010483,0,-0.533356428,0,1.70601368,0
98.52906036,-9.550266266,1,-0.799706638,1,-10.51733589,1,-1.280305266,1,-1.171826243,1,0.515067339,1,0.440053165,0,-0.538767159,0,1.705632925,0
98.5330658,-12.76233864,1,0.586517453,1,-11.29383183,1,-1.200738192,1,-0.762507975,1,0.508511305,1,0.434952676,0,-0.54317975,0,1.7058357,0
98.53705597,-10.22448444,1,2.274957418,1,-9.602441788,1,-1.068651557,1,-0.4636316,1,0.552931726,1,0.429863572,0,-0.546224058,0,1.706924081,0
98.54105377,-10.2199707,1,0.882575095,1,-9.482146263,1,-0.962111831,1,-0.315625221,1,0.507099569,1,0.424997717,0,-0.548541427,0,1.708463669,0
98.5450592,-8.357421875,1,0.072280623,1,-8.623450279,1,-0.826318502,1,-0.161709741,1,0.410761923,1,0.420647889,0,-0.550133228,0,1.709989667,0
98.54905701,-6.681826115,1,-1.652731419,1,-8.450667381,1,-0.745927036,1,-0.14368698,1,0.326288074,1,0.41683349,0,-0.551282406,0,1.711298227,0
98.55305481,-6.551395893,1,-2.860721111,1,-8.961256027,1,-0.67587471,1,-0.114185952,1,0.231391504,1,0.413496733,0,-0.552203774,0,1.712248683,0
98.55705261,-7.16946125,1,-3.237521648,1,-9.523454666,1,-0.625418127,1,-0.01683341,1,0.171298221,1,0.410504162,0,-0.552769363,0,1.712972999,0
98.56105042,-5.92518568,1,-2.371625423,1,-8.865971565,1,-0.585418522,1,0.062424708,1,0.174665436,1,0.407675982,0,-0.552934885,0,1.713765144,0
98.56504822,-5.077578068,1,-2.094656706,1,-8.926508904,1,-0.551080465,1,0.060120624,1,0.18473129,1,0.404928535,0,-0.552987337,0,1.714663506,0
98.56904602,-4.674046516,1,-2.046129227,1,-9.211271286,1,-0.528331339,1,0.053614516,1,0.17988719,1,0.402295947,0,-0.553068042,0,1.715560913,0
98.57304382,-4.862665653,1,-2.158230305,1,-9.493887901,1,-0.489805192,1,0.05131273,1,0.181760773,1,0.399798125,0,-0.55316931,0,1.716434956,0
98.57704163,-4.939937592,1,-2.250016689,1,-9.338267326,1,-0.445644319,1,0.080921777,1,0.18936868,1,0.397468448,0,-0.553218305,0,1.71733582,0
98.58103943,-4.689021587,1,-2.287797689,1,-9.040298462,1,-0.414088547,1,0.070056334,1,0.208188266,1,0.395219445,0,-0.553244054,0,1.718340397,0
98.58503723,-4.612970829,1,-2.604975462,1,-8.805867195,1,-0.393442601,1,0.063861839,1,0.222523049,1,0.393045366,0,-0.553333402,0,1.719406247,0
98.58903503,-4.365249634,1,-2.899719954,1,-8.749070168,1,-0.38747099,1,0.051318493,1,0.239729226,1,0.390899599,0,-0.553474844,0,1.720508456,0
98.59304047,-4.208200932,1,-3.074125528,1,-8.665304184,1,-0.371725261,1,0.03603784,1,0.246261522,1,0.388782471,0,-0.553688467,0,1.721650362,0
98.59703064,-4.313968658,1,-3.063363552,1,-8.562861443,1,-0.367671669,1,0.022519466,1,0.259815961,1,0.386702508,0,-0.553970098,0,1.72279644,0
98.60102844,-4.31612587,1,-2.983608961,1,-8.619421959,1,-0.355589032,1,0.004742544,1,0.277095109,1,0.384638727,0,-0.554323435,0,1.723987341,0
98.60503388,-4.270225525,1,-2.885703325,1,-8.628918648,1,-0.355770081,1,-0.006504213,1,0.290229946,1,0.382566512,0,-0.554748297,0,1.725227833,0
98.60903168,-4.349142551,1,-2.699176311,1,-8.545269966,1,-0.356506377,1,-0.010984327,1,0.29684788,1,0.380470455,0,-0.555214882,0,1.726496696,0
98.61302948,-4.384013176,1,-2.449478388,1,-8.680464745,1,-0.340369433,1,-0.018473323,1,0.299867362,1,0.378409564,0,-0.555718243,0,1.727775931,0
98.61702728,-4.626556873,1,-1.96613574,1,-8.78668499,1,-0.314574152,1,-0.036631823,1,0.290290862,1,0.376445293,0,-0.55625701,0,1.72901082,0
98.62102509,-4.613703728,1,-1.757812142,1,-8.770072937,1,-0.284903944,1,-0.049308736,1,0.281389415,1,0.37462762,0,-0.556833744,0,1.730187893,0
98.62502289,-4.488628387,1,-1.69300437,1,-8.907264709,1,-0.2548711,1,-0.050193921,1,0.26940465,1,0.372959793,0,-0.557423055,0,1.731299877,0
98.62902069,-4.366820812,1,-1.715750337,1,-9.030687332,1,-0.233465791,1,-0.06914451,1,0.258054078,1,0.371424556,0,-0.558033347,0,1.732363343,0
98.63301849,-4.236674786,1,-1.765076518,1,-9.115089417,1,-0.206903607,1,-0.083356112,1,0.249529302,1,0.370026618,0,-0.558677495,0,1.733353138,0
98.6370163,-4.161604881,1,-1.787060142,1,-9.166895866,1,-0.180960208,1,-0.106043383,1,0.242892519,1,0.368750095,0,-0.559388995,0,1.734277725,0
98.6410141,-4.301695824,1,-1.707482338,1,-9.250941277,1,-0.148105264,1,-0.129624605,1,0.238646254,1,0.367628932,0,-0.560175419,0,1.735137701,0
98.64501953,-4.286479473,1,-1.849959373,1,-9.109801292,1,-0.112406358,1,-0.144400269,1,0.225891739,1,0.366691887,0,-0.561021566,0,1.735929728,0
98.64901733,-4.336025715,1,-2.081494331,1,-8.918320656,1,-0.088188782,1,-0.172456518,1,0.218499094,1,0.365914285,0,-0.561935544,0,1.736640573,0
98.65301514,-4.360073566,1,-2.180470943,1,-8.859210968,1,-0.062517278,1,-0.183831513,1,0.208595112,1,0.365271568,0,-0.562892318,0,1.737274051,0
98.65701294,-4.288636684,1,-2.263626575,1,-8.697443962,1,-0.049223948,1,-0.199533343,1,0.198613852,1,0.364734828,0,-0.563897789,0,1.737856507,0
98.66101074,-4.286905289,1,-2.187114954,1,-8.71733284,1,-0.026457753,1,-0.211626098,1,0.190756261,1,0.364310235,0,-0.564939141,0,1.738367319,0
98.66501617,-4.262984276,1,-2.047576666,1,-8.668539047,1,-0.001545928,1,-0.223742381,1,0.175653964,1,0.364006847,0,-0.566025257,0,1.738812685,0
98.66901398,-4.31019783,1,-1.90656817,1,-8.555711746,1,0.022570986,1,-0.241953954,1,0.169264793,1,0.363850117,0,-0.567141294,0,1.739186287,0
98.67301178,-4.360850811,1,-1.81682992,1,-8.508225441,1,0.054253027,1,-0.256053925,1,0.152176201,1,0.363846481,0,-0.568302214,0,1.739477634,0
98.67700958,-4.423449993,1,-1.690117598,1,-8.553495407,1,0.082265288,1,-0.271821946,1,0.141161337,1,0.36401397,0,-0.569501519,0,1.73968029,0
98.68100739,-4.526097775,1,-1.629028916,1,-8.471263885,1,0.120048247,1,-0.275384277,1,0.123818263,1,0.364358306,0,-0.570716143,0,1.739805102,0
98.68500519,-4.554288387,1,-1.771488309,1,-8.424928665,1,0.151962519,1,-0.291157514,1,0.11230702,1,0.364880919,0,-0.571946383,0,1.739844561,0
98.68900299,-4.505467892,1,-2.037358761,1,-8.354845047,1,0.174891204,1,-0.294031143,1,0.103253968,1,0.365548581,0,-0.573190212,0,1.739821076,0
98.69300079,-4.36902523,1,-2.498995304,1,-8.279973984,1,0.195305943,1,-0.300682992,1,0.096114889,1,0.223746985,0,-0.572311103,0,1.728742003,0
98.6969986,-4.401161671,1,-3.031298399,1,-8.130750656,1,0.198361725,1,-0.31090942,1,0.098556899,1,0.224469736,0,-0.573593974,0,1.728864312,0
98.70098877,-4.358623028,1,-3.622439384,1,-8.157320976,1,0.185836792,1,-0.321852714,1,0.107368633,1,0.225165784,0,-0.574911237,0,1.729011774,0
98.70498657,-4.513415337,1,-3.888301134,1,-8.027276993,1,0.173371151,1,-0.315763712,1,0.124800988,1,0.225767925,0,-0.576261342,0,1.729211688,0
98.70898438,-4.625668049,1,-4.237131119,1,-7.954856873,1,0.141960844,1,-0.318471313,1,0.149196014,1,0.226246938,0,-0.577626407,0,1.729498982,0
98.71299744,-4.642654419,1,-4.457671165,1,-7.76889801,1,0.105744608,1,-0.30720976,1,0.175206944,1,0.226502985,0,-0.578982353,0,1.729924083,0
98.71699524,-4.687583447,1,-4.519925594,1,-7.743898869,1,0.062345967,1,-0.296642631,1,0.203249976,1,0.226529092,0,-0.580333114,0,1.730481982,0
98.72098541,-4.982806683,1,-4.2181077,1,-7.727447033,1,0.034804814,1,-0.28437072,1,0.216747105,1,0.226350263,0,-0.58166182,0,1.731141925,0
98.72498322,-4.628658772,1,-4.046382904,1,-7.647502422,1,0.02041959,1,-0.280511349,1,0.209316269,1,0.226051137,0,-0.582950413,0,1.731837511,0
98.72898102,-4.700813293,1,-3.434383392,1,-7.928389549,1,-0.011411,1,-0.263641864,1,0.235162035,1,0.22565335,0,-0.584222913,0,1.732592225,0
98.73297882,-4.724026203,1,-3.168804407,1,-8.076213837,1,-0.025149615,1,-0.257992357,1,0.247285485,1,0.225111887,0,-0.585461736,0,1.733438134,0
98.73697662,-4.876987457,1,-2.808013201,1,-8.10637188,1,-0.029303325,1,-0.24613528,1,0.243542999,1,0.224518269,0,-0.586666107,0,1.734311938,0
98.74097443,-4.663666725,1,-2.557260275,1,-8.194220543,1,-0.030166635,1,-0.245406494,1,0.233809024,1,0.223931,0,-0.587833405,0,1.73516655,0
98.74497223,-4.674048901,1,-2.362239361,1,-8.339235306,1,-0.016133696,1,-0.248747125,1,0.223478004,1,0.223383293,0,-0.589006484,0,1.735974908,0
98.74897003,-4.379612923,1,-2.280516624,1,-8.413791656,1,-0.016728656,1,-0.257242858,1,0.221284047,1,0.222890437,0,-0.590191424,0,1.736754894,0
98.75296783,-4.611074448,1,-2.136681557,1,-8.487891197,1,-0.004721932,1,-0.267932594,1,0.216835588,1,0.222429037,0,-0.591409743,0,1.737505913,0
98.75696564,-4.471466064,1,-2.35209465,1,-8.484498024,1,-0.003572545,1,-0.277457982,1,0.221982166,1,0.222011313,0,-0.592661023,0,1.738240361,0
98.76097107,-4.703070641,1,-2.273764849,1,-8.361905098,1,-0.007145089,1,-0.285576761,1,0.224459961,1,0.221579358,0,-0.593958616,0,1.738979936,0
98.76496887,-4.815981388,1,-2.522598505,1,-8.185084343,1,0.002369072,1,-0.285657793,1,0.215067521,1,0.221164256,0,-0.595271647,0,1.739714146,0
98.76896668,-4.851144791,1,-2.649030447,1,-8.170359612,1,0.008903993,1,-0.284127742,1,0.220092967,1,0.220775589,0,-0.596565366,0,1.740439534,0
98.77297211,-4.732038498,1,-2.809299469,1,-8.057661057,1,0.005597943,1,-0.281611979,1,0.219345123,1,0.220388785,0,-0.597857475,0,1.741179943,0
98.77696991,-4.751012802,1,-2.710627794,1,-8.144141197,1,0.005913667,1,-0.276401907,1,0.227169335,1,0.219976678,0,-0.599136651,0,1.741938829,0
98.78096771,-4.634460926,1,-2.663335085,1,-8.124951363,1,-0.00112963,1,-0.276255161,1,0.226435125,1,0.219552636,0,-0.600415707,0,1.742712259,0
98.78496552,-4.704217434,1,-2.602705956,1,-8.131025314,1,0.001653608,1,-0.280933857,1,0.230047822,1,0.219100147,0,-0.601695359,0,1.743505239,0
98.78896332,-4.836490154,1,-2.562969923,1,-8.117959976,1,0.004756369,1,-0.276430696,1,0.224148735,1,0.218674779,0,-0.602980733,0,1.744282246,0
98.79296112,-4.867155552,1,-2.519586563,1,-8.099430084,1,0.010694075,1,-0.279503554,1,0.222971812,1,0.218269423,0,-0.604262292,0,1.745059252,0
98.79695892,-4.914103508,1,-2.689138174,1,-8.08893013,1,0.014988808,1,-0.278877735,1,0.22631897,1,0.21787475,0,-0.605540693,0,1.745832562,0
98.80095673,-4.737848759,1,-2.941598177,1,-8.115020752,1,0.005530423,1,-0.282744229,1,0.230115473,1,0.21747379,0,-0.606828094,0,1.746618867,0
98.80495453,-4.778281689,1,-2.921931505,1,-8.08488369,1,-0.000588999,1,-0.283667833,1,0.240887478,1,0.217008203,0,-0.608135223,0,1.747438192,0
98.80895233,-4.874474049,1,-2.794988155,1,-8.155376434,1,-0.005696265,1,-0.281112462,1,0.253528833,1,0.216494963,0,-0.60944587,0,1.748311877,0
98.81295013,-4.907191753,1,-2.658227682,1,-8.167562485,1,-0.001248842,1,-0.289333045,1,0.260357857,1,0.215947926,0,-0.610779285,0,1.749242544,0
98.81694794,-5.050374031,1,-2.549288034,1,-8.157280922,1,0.001475391,1,-0.289478898,1,0.264776975,1,0.215401039,0,-0.61213088,0,1.750195622,0
98.82095337,-5.221405029,1,-2.598326921,1,-8.131551743,1,0.003414324,1,-0.296383709,1,0.265731364,1,0.214857593,0,-0.613494933,0,1.751167178,0
98.82494354,-4.970883369,1,-2.513640881,1,-8.074462891,1,0.010196362,1,-0.295992792,1,0.268597603,1,0.214334205,0,-0.614879489,0,1.752136707,0
98.82894135,-5.014101505,1,-2.275748491,1,-8.211447716,1,0.020766566,1,-0.30063504,1,0.278449267,1,0.213829339,0,-0.616278708,0,1.753127098,0
98.83294678,-4.90940094,1,-2.53248167,1,-8.213599205,1,0.015624845,1,-0.306826234,1,0.288121194,1,0.213313624,0,-0.617694855,0,1.754162312,0
98.83694458,-4.896764278,1,-2.439456701,1,-8.138646126,1,0.007519163,1,-0.31462574,1,0.292315096,1,0.212732941,0,-0.619162321,0,1.755230188,0
98.84094238,-4.957751751,1,-2.588161945,1,-8.243157387,1,0.013277173,1,-0.320159882,1,0.296819389,1,0.212157011,0,-0.620654166,0,1.756308913,0
98.84494019,-4.839390278,1,-2.67704916,1,-8.236154556,1,-0.009118162,1,-0.334135711,1,0.306149811,1,0.21151197,0,-0.622201145,0,1.757419825,0
98.84893799,-4.81667757,1,-2.461636543,1,-8.231444359,1,-0.010052884,1,-0.35253191,1,0.314683378,1,0.21081233,0,-0.623798609,0,1.758550882,0
98.85293579,-4.972602844,1,-2.338291645,1,-8.267765999,1,0.002979903,1,-0.362275273,1,0.323109239,1,0.210104823,0,-0.625468373,0,1.75972116,0
98.85693359,-4.830756664,1,-2.36441803,1,-8.296126366,1,0.005926251,1,-0.371854097,1,0.336001337,1,0.209415421,0,-0.627178609,0,1.760935307,0
98.8609314,-4.906544685,1,-2.414236546,1,-8.374341011,1,0.018489139,1,-0.385438085,1,0.345506549,1,0.208725631,0,-0.628950298,0,1.76219213,0
98.8649292,-4.814498901,1,-2.607157469,1,-8.448180199,1,0.020380195,1,-0.406219393,1,0.357247353,1,0.208057433,0,-0.630783796,0,1.763481021,0
98.86893463,-4.738069057,1,-2.759351015,1,-8.478132248,1,0.010836152,1,-0.430033982,1,0.371698052,1,0.207334936,0,-0.632717073,0,1.764810443,0
98.87292481,-4.818334103,1,-2.459318399,1,-8.519686699,1,0.022639351,1,-0.456002265,1,0.385301173,1,0.206566527,0,-0.634756863,0,1.766202331,0
98.87692261,-4.783298969,1,-2.46593833,1,-8.638195038,1,0.034527216,1,-0.473351687,1,0.404711217,1,0.205821946,0,-0.636906505,0,1.767657757,0
98.88092804,-4.774953842,1,-2.622285843,1,-8.508898735,1,0.049206454,1,-0.506266713,1,0.422065258,1,0.205095768,0,-0.639160752,0,1.769172072,0
98.88492584,-4.836641312,1,-2.808467627,1,-8.325193405,1,0.050381638,1,-0.53560406,1,0.441526413,1,0.204346791,0,-0.641552925,0,1.770753145,0
98.88892365,-4.869809151,1,-2.928846359,1,-8.258073807,1,0.04626194,1,-0.557172716,1,0.460049242,1,0.203549311,0,-0.6440534,0,1.772402406,0
98.89292908,-4.830081463,1,-3.098860741,1,-8.29186058,1,0.033279471,1,-0.573500633,1,0.475207716,1,0.20266974,0,-0.646649837,0,1.774132729,0
98.89692688,-4.760035992,1,-2.769946814,1,-8.28224659,1,0.018637352,1,-0.593323767,1,0.477514714,1,0.201704875,0,-0.649316728,0,1.775900722,0
98.90092468,-4.798431396,1,-2.265542746,1,-8.3814888,1,0.016155941,1,-0.618072748,1,0.479032338,1,0.200712726,0,-0.652079701,0,1.777654529,0
98.90492249,-4.951199532,1,-2.072844982,1,-8.418998718,1,0.024320867,1,-0.631934583,1,0.470975786,1,0.199740335,0,-0.654896855,0,1.779383898,0
98.90892029,-5.010020256,1,-2.145282269,1,-8.533329964,1,0.027142633,1,-0.662100017,1,0.462846667,1,0.198822215,0,-0.657807112,0,1.781044483,0
98.91291809,-4.959465027,1,-2.252532244,1,-8.514289856,1,0.028284021,1,-0.69184351,1,0.449059039,1,0.197966665,0,-0.660822272,0,1.782623768,0
98.91691589,-4.955426216,1,-2.487498522,1,-8.644327164,1,0.02632368,1,-0.716519833,1,0.436250716,1,0.197156906,0,-0.663922668,0,1.78411746,0
98.9209137,-4.885050297,1,-2.819671392,1,-8.789672852,1,0.004682661,1,-0.764113247,1,0.446090877,1,0.196317166,0,-0.667166829,0,1.785577416,0
98.9249115,-4.717937946,1,-3.034383774,1,-8.83400631,1,-0.011963688,1,-0.815262198,1,0.457985848,1,0.195392817,0,-0.67062223,0,1.787058711,0
98.9289093,-4.888908386,1,-3.182985783,1,-8.924146652,1,-0.023293972,1,-0.859413803,1,0.475074917,1,0.194379598,0,-0.674264193,0,1.788566828,0
98.9329071,-4.796599865,1,-3.352879524,1,-8.979336739,1,-0.048619863,1,-0.916506708,1,0.49889335,1,0.193251953,0,-0.678135097,0,1.790143967,0
98.93690491,-4.934188843,1,-3.487159014,1,-9.171794891,1,-0.083523631,1,-0.977253616,1,0.531654596,1,0.191945508,0,-0.682249606,0,1.791799664,0
98.94091034,-4.740365505,1,-3.173302174,1,-9.095723152,1,-0.114767618,1,-1.04386127,1,0.556490719,1,0.190425843,0,-0.686631203,0,1.793563247,0
98.94490814,-4.842466354,1,-2.929393291,1,-9.173322678,1,-0.120996244,1,-1.115077734,1,0.5873276,1,0.190541491,0,-0.691265106,0,1.807326436,0
98.94890595,-4.908390999,1,-2.840177298,1,-9.204545021,1,-0.131805345,1,-1.19068265,1,0.614411116,1,0.188806176,0,-0.696229815,0,1.809265733,0
98.95290375,-5.008273125,1,-2.748445511,1,-9.221547127,1,-0.142550275,1,-1.267121553,1,0.639914751,1,0.186956644,0,-0.701528668,0,1.811287999,0
98.95690155,-5.334154606,1,-2.851280928,1,-9.223626137,1,-0.169932649,1,-1.332854152,1,0.669538796,1,0.184966952,0,-0.707122624,0,1.813403845,0
98.96089935,-5.126471043,1,-2.741343737,1,-9.303647041,1,-0.19858849,1,-1.422710657,1,0.689378738,1,0.182807058,0,-0.713021636,0,1.815595746,0
98.96489716,-4.781654835,1,-2.604180098,1,-9.422897339,1,-0.226794273,1,-1.497378111,1,0.715097904,1,0.18046692,0,-0.719261885,0,1.81786418,0
98.96889496,-4.788846493,1,-2.544637442,1,-9.64811039,1,-0.230222076,1,-1.577303648,1,0.739006162,1,0.177999616,0,-0.725824654,0,1.820201397,0
98.97289276,-4.898483276,1,-2.963464499,1,-9.803471565,1,-0.252617717,1,-1.66531086,1,0.77664578,1,0.175403655,0,-0.732732177,0,1.822658539,0
98.97689819,-4.748594284,1,-3.546741486,1,-9.913847923,1,-0.288406283,1,-1.773402572,1,0.823871911,1,0.172529876,0,-0.740054011,0,1.825312376,0
98.98088837,-4.488940716,1,-3.584030151,1,-10.05093384,1,-0.31149593,1,-1.892303109,1,0.881931782,1,0.169368431,0,-0.747854292,0,1.828190327,0
98.98488617,-4.662525177,1,-3.576518297,1,-10.5088253,1,-0.313922137,1,-2.018881083,1,0.9379251,1,0.165990308,0,-0.756179988,0,1.831304073,0
98.9888916,-4.724714279,1,-3.566858768,1,-10.89084911,1,-0.307673573,1,-2.163805962,1,1.024221182,1,0.162366137,0,-0.765060902,0,1.834766388,0
98.9928894,-4.200557232,1,-3.466819763,1,-11.03734112,1,-0.290492564,1,-2.320953608,1,1.08292222,1,0.158538699,0,-0.774581671,0,1.838555813,0
98.99688721,-3.957327843,1,-3.41537261,1,-11.26660061,1,-0.270840436,1,-2.526878834,1,1.173565388,1,0.154485807,0,-0.784852743,0,1.842717171,0
99.00088501,-4.116616249,1,-3.539185762,1,-11.59658146,1,-0.255285859,1,-2.726710081,1,1.238199472,1,0.150237292,0,-0.795969248,0,1.84722507,0
99.00489044,-4.017449856,1,-3.370709181,1,-11.98010635,1,-0.239230797,1,-2.959869623,1,1.329051137,1,0.145733207,0,-0.807956934,0,1.852125764,0
99.00888825,-3.983394146,1,-3.6582973,1,-12.6001358,1,-0.236890718,1,-3.19736886,1,1.424943447,1,0.140868932,0,-0.820924878,0,1.857504368,0
99.01288605,-3.647595406,1,-3.651029348,1,-12.998559,1,-0.207224458,1,-3.467448235,1,1.518501639,1,0.135621756,0,-0.834946334,0,1.863414407,0
99.01688385,-3.158869982,1,-4.115503311,1,-13.50332355,1,-0.170451701,1,-3.752765179,1,1.633708,1,0.130002975,0,-0.850089788,0,1.869920731,0
99.02088165,-2.594241381,1,-4.635058403,1,-13.84244251,1,-0.118854314,1,-4.07755661,1,1.758701682,1,0.123946168,0,-0.866461515,0,1.877163529,0
99.02487946,-2.381812572,1,-5.176543236,1,-14.0308857,1,-0.07200589,1,-4.442470074,1,1.919644237,1,0.117277063,0,-0.884253204,0,1.885356426,0
99.02887726,-3.302945614,1,-6.372563362,1,-14.3613472,1,-0.024051888,1,-4.833366394,1,2.096654415,1,0.10978888,0,-0.903621495,0,1.894734621,0
99.03287506,-3.898738146,1,-7.733063221,1,-14.41069508,1,-0.034496177,1,-5.183214188,1,2.284487247,1,0.101104379,0,-0.924462318,0,1.905559063,0
99.03688049,-3.970648527,1,-9.314108849,1,-14.47636604,1,-0.087088376,1,-5.537442684,1,2.478365898,1,0.090800256,0,-0.946725488,0,1.918075442,0
99.0408783,-4.629299164,1,-11.33444595,1,-12.69151688,1,-0.235388532,1,-5.694206238,1,2.603929281,1,0.078323439,0,-0.970000088,0,1.932440639,0
99.0448761,-2.119138002,1,-8.103285789,1,-13.91667271,1,-0.207661837,1,-6.32646656,1,2.960660458,1,0.063570105,0,-0.994852602,0,1.949300289,0
99.0488739,-5.769026756,1,-10.1208992,1,-14.24397182,1,-0.390681773,1,-6.543562889,1,3.241355181,1,0.044885498,0,-1.021256804,0,1.969952703,0
99.0528717,-6.451492786,1,-10.44265556,1,-14.63612938,1,-0.575758874,1,-6.75465107,1,3.495293856,1,0.021788713,0,-1.048284411,0,1.994558215,0
99.05686951,-7.365293503,1,-10.57671928,1,-14.55195808,1,-0.705473185,1,-6.922769547,1,3.664746523,1,-0.006139602,0,-1.075753093,0,2.02359271,0
99.06086731,-6.488583565,1,-8.691843987,1,-14.59498692,1,-0.783438027,1,-7.143428802,1,3.848190784,1,-0.039039556,0,-1.103529215,0,2.057358027,0
99.06486511,-12.67074394,1,-9.028112411,1,-16.12053871,1,-0.861443579,1,-7.209192753,1,4.011745453,1,-0.078089178,0,-1.131365895,0,2.097113609,0
99.06886292,-19.60210609,1,-8.587738991,1,-17.05948067,1,-0.956629872,1,-6.791590214,1,4.119019985,1,-0.123540945,0,-1.157667637,0,2.143065214,0
99.07286835,-16.4127388,1,-9.239737511,1,-15.65765858,1,-1.044881105,1,-6.539588451,1,4.189586639,1,-0.175627664,0,-1.181456685,0,2.195286512,0
99.07685852,-17.25445557,1,-8.987829208,1,-16.16025925,1,-1.005655646,1,-6.437024117,1,4.128900051,1,-0.234217361,0,-1.203526497,0,2.253840923,0
99.08086395,-19.71990776,1,-8.828040123,1,-15.28996563,1,-0.927883029,1,-6.117008209,1,4.198377132,1,-0.298493236,0,-1.223402143,0,2.318382502,0
99.08486176,-17.13823891,1,-9.640509605,1,-13.98584843,1,-1.076131821,1,-5.907579422,1,4.421721458,1,-0.37116009,0,-1.240414143,0,2.391200304,0
99.08885956,-15.40510941,1,-11.74399567,1,-13.22107601,1,-1.277244687,1,-5.820821285,1,4.52542448,1,-0.452928752,0,-1.254718423,0,2.472474575,0
99.09285736,-17.61900711,1,-13.27041054,1,-13.37914658,1,-1.520273089,1,-5.645572662,1,4.557597637,1,-0.542555511,0,-1.266258359,0,2.560736656,0
99.09685516,-17.70401001,1,-12.9657011,1,-12.71929264,1,-1.839607,1,-5.418558598,1,4.56520319,1,-0.637961507,0,-1.274476051,0,2.65358448,0
99.10085297,-15.42535114,1,-12.25081635,1,-11.56116199,1,-2.231168747,1,-5.264970303,1,4.609460831,1,-0.737795472,0,-1.279346466,0,2.749403,0
99.10485077,-15.91211891,1,-10.48344898,1,-12.10579872,1,-2.550612211,1,-5.051071644,1,4.465775967,1,-0.839335382,0,-1.280996442,0,2.845333099,0
99.10884857,-14.27228642,1,-8.710242271,1,-10.50121689,1,-2.72748661,1,-4.731081486,1,4.380147457,1,-0.937997818,0,-1.279627919,0,2.937301874,0
99.11284638,-10.01054001,1,-6.963824272,1,-9.295015335,1,-2.926349878,1,-4.445036888,1,4.295082569,1,-1.031803608,0,-1.275294423,0,3.023461819,0
99.11684418,-5.184387207,1,-4.334180355,1,-8.908355713,1,-2.986597061,1,-4.167096615,1,4.173697472,1,-1.119035721,0,-1.268574715,0,3.102320194,0
99.12084961,-2.260534286,1,-2.05885458,1,-8.968213081,1,-2.859173536,1,-3.942387581,1,4.005218983,1,-1.198332429,0,-1.260061741,0,-3.110015631,0
99.12484741,-3.280409575,1,-0.466087818,1,-8.663961411,1,-2.572149277,1,-3.887111902,1,3.88532114,1,-1.270481229,0,-1.250332355,0,-3.045584679,0
99.12884522,-3.716590643,1,1.513943195,1,-9.664800644,1,-2.028542757,1,-3.771086931,1,3.675783157,1,-1.335382104,0,-1.239797354,0,-2.986855984,0
99.13285065,-7.73499918,1,5.105737686,1,-8.474584579,1,-1.230058789,1,-3.767692089,1,3.477039099,1,-1.392482877,0,-1.228822947,0,-2.933344603,0
99.13684845,-19.99643135,1,6.509627342,1,-11.35483456,1,-0.16231136,1,-3.580578089,1,3.072183847,1,-1.441405892,0,-1.218135715,0,-2.884270906,0
99.14084625,-22.33400917,1,3.984850645,1,-15.01083279,1,0.587656975,1,-2.685651302,1,2.593171597,1,-1.477346778,0,-1.208242774,0,-2.844911575,0
99.14484406,-12.12960911,1,-0.062083751,1,-13.65987587,1,1.165217638,1,-1.903145671,1,2.175511122,1,-1.49943459,0,-1.199522138,0,-2.817470789,0
99.14884186,-6.633877277,1,-3.529093504,1,-10.40421772,1,1.616761804,1,-1.522727251,1,1.903452277,1,-1.51237464,0,-1.191835284,0,-2.797543049,0
99.15283966,-7.425012112,1,-5.67565918,1,-9.683709145,1,1.887114763,1,-1.21508801,1,1.681067586,1,-1.519925356,0,-1.184976459,0,-2.781792641,0
99.15683746,-8.50237751,1,-7.246164799,1,-10.18427753,1,1.920686841,1,-0.816170096,1,1.451200604,1,-1.522950768,0,-1.178909779,0,-2.770230532,0
99.16083527,-6.274156094,1,-8.099106789,1,-9.744777679,1,1.771944404,1,-0.438277215,1,1.240986705,1,-1.52210474,0,-1.173666358,0,-2.763126373,0
99.16483307,-3.974826813,1,-8.317092896,1,-8.583925247,1,1.583763123,1,-0.197240427,1,1.063114762,1,-1.518881798,0,-1.169130445,0,-2.759339094,0
99.1688385,-2.720359087,1,-8.135465622,1,-7.836817265,1,1.372051001,1,-0.01604731,1,0.906610489,1,-1.514439344,0,-1.165216446,0,-2.757744074,0
99.1728363,-1.584201336,1,-7.442112923,1,-7.303938866,1,1.168467045,1,0.159330338,1,0.739138186,1,-1.509148479,0,-1.16191864,0,-2.757987499,0
99.17683411,-0.458067268,1,-6.320651531,1,-6.918423176,1,1.001285911,1,0.302446872,1,0.5735569,1,-1.503069401,0,-1.159227014,0,-2.7599051,0
99.18083191,0.222466588,1,-5.063666344,1,-6.55689764,1,0.908569753,1,0.41828528,1,0.400015503,1,-1.4963094,0,-1.15718174,0,-2.763142824,0
99.18482971,0.624312937,1,-3.960287094,1,-6.403798103,1,0.876102984,1,0.513674378,1,0.217714474,1,-1.488734961,0,-1.155804515,0,-2.767542362,0
99.18882752,1.187120795,1,-3.086965799,1,-6.195566177,1,0.90142554,1,0.604474127,1,0.032618344,1,-1.480228305,0,-1.15511024,0,-2.772972822,0
99.19282532,1.612031817,1,-2.432809353,1,-5.966089725,1,0.967328727,1,0.689717531,1,-0.142302632,1,-1.474170566,0,-1.157641649,0,-2.779819012,0
99.19682312,1.906921625,1,-2.015009642,1,-5.8019104,1,1.06727767,1,0.768414915,1,-0.309319794,1,-1.463299036,0,-1.15824151,0,-2.787264347,0
99.20082092,1.874688029,1,-1.82195425,1,-5.755820751,1,1.175363421,1,0.856403112,1,-0.461400181,1,-1.451030135,0,-1.159400702,0,-2.795755386,0
99.20482636,1.696042299,1,-1.89901948,1,-5.776443005,1,1.271773815,1,0.955485702,1,-0.597406924,1,-1.437283754,0,-1.161048532,0,-2.805404425,0
99.20882416,1.565128088,1,-2.143234015,1,-5.836565018,1,1.343595028,1,1.067156196,1,-0.721677423,1,-1.421965718,0,-1.163101077,0,-2.816393137,0
99.21282196,1.522724628,1,-2.256771803,1,-5.835550785,1,1.394390821,1,1.190810442,1,-0.836000681,1,-1.404988408,0,-1.165472865,0,-2.828917027,0
99.21681976,1.464740157,1,-2.312409878,1,-5.906498432,1,1.426036596,1,1.318774223,1,-0.93022275,1,-1.386350632,0,-1.168087244,0,-2.843053579,0
99.22081757,1.349867225,1,-2.229061365,1,-5.95756197,1,1.446206808,1,1.45977962,1,-1.013168812,1,-1.365996122,0,-1.170835614,0,-2.858921289,0
99.22481537,1.094783902,1,-2.065461397,1,-6.071127415,1,1.466157794,1,1.613119841,1,-1.091368914,1,-1.343761444,0,-1.173632383,0,-2.876724243,0
99.22881317,0.886927009,1,-1.80810678,1,-6.328848839,1,1.499577522,1,1.769528151,1,-1.167367578,1,-1.319537163,0,-1.176419377,0,-2.896548033,0
99.23281097,0.574744821,1,-1.463084936,1,-6.509652138,1,1.534589648,1,1.938574195,1,-1.238434553,1,-1.293174505,0,-1.179117084,0,-2.918529749,0
99.23680878,0.294936091,1,-1.203326464,1,-6.659276009,1,1.582881451,1,2.116956234,1,-1.310846686,1,-1.264482141,0,-1.18166554,0,-2.942823648,0
99.24081421,0.120283641,1,-0.781103551,1,-6.81822443,1,1.647043705,1,2.291873932,1,-1.381077409,1,-1.23336935,0,-1.183982849,0,-2.969464779,0
99.24481201,-0.066868648,1,-0.508615792,1,-6.938509941,1,1.72206521,1,2.469001532,1,-1.448367834,1,-1.199793935,0,-1.185991049,0,-2.99843502,0
99.24880981,-0.235802367,1,-0.323475003,1,-7.063448906,1,1.79914093,1,2.642178297,1,-1.509780288,1,-1.163799644,0,-1.187590003,0,-3.029661655,0
99.25281525,-0.426715374,1,-0.262060374,1,-7.109252453,1,1.889054894,1,2.805346966,1,-1.567495227,1,-1.125466108,0,-1.188695312,0,-3.063037872,0
99.25681305,-0.505253315,1,-0.190891519,1,-7.116612434,1,1.968322992,1,2.961908579,1,-1.620993495,1,-1.084957719,0,-1.189211369,0,-3.098385572,0
99.26081085,-0.763273776,1,-0.217048511,1,-7.217759132,1,2.041507244,1,3.104347944,1,-1.669494271,1,-1.042517424,0,-1.189073086,0,-3.13546443,0
99.26480866,-0.856773555,1,-0.204842389,1,-7.27011919,1,2.112123251,1,3.241441965,1,-1.714650154,1,-0.998449922,0,-1.18820405,0,3.10918355,0
99.26880646,-0.953879118,1,-0.217569649,1,-7.298317432,1,2.156879425,1,3.362550974,1,-1.765140176,1,-0.953127086,0,-1.186561823,0,3.069511652,0
99.27280426,-1.042058468,1,-0.266466022,1,-7.319342613,1,2.193041563,1,3.479198217,1,-1.802053571,1,-0.906873643,0,-1.18409574,0,3.028988838,0
99.27680206,-1.173248291,1,-0.308863968,1,-7.432299137,1,2.23020792,1,3.581246138,1,-1.852956414,1,-0.860005081,0,-1.180786014,0,2.987908125,0
99.28079987,-1.318984151,1,-0.384914309,1,-7.487465382,1,2.252457857,1,3.673897266,1,-1.886504769,1,-0.812866688,0,-1.176605225,0,2.946604013,0
99.28479767,-1.474925876,1,-0.385354072,1,-7.686896801,1,2.273229361,1,3.757811308,1,-1.926199794,1,-0.765794754,0,-1.171552181,0,2.905386448,0
99.2888031,-1.787759066,1,-0.366810352,1,-7.832034111,1,2.284202099,1,3.830190897,1,-1.967854738,1,-0.719053686,0,-1.16563642,0,2.864502192,0
99.2928009,-2.133505106,1,-0.298431873,1,-7.988246918,1,2.293740749,1,3.91682148,1,-2.009653568,1,-0.672827184,0,-1.158842802,0,2.824119568,0
99.29679871,-2.534968615,1,-0.272554427,1,-8.166594505,1,2.303826809,1,4.000282764,1,-2.051497936,1,-0.627288222,0,-1.15115273,0,2.784392834,0
99.30079651,-2.76508379,1,-0.275853693,1,-8.359853745,1,2.321964264,1,4.076462746,1,-2.086535454,1,-0.582582891,0,-1.142584562,0,2.745503426,0
99.30479431,-3.044929266,1,-0.249551252,1,-8.514966011,1,2.330721617,1,4.157625198,1,-2.127825737,1,-0.538904548,0,-1.133108497,0,2.707623959,0
99.30879211,-3.263002872,1,-0.184662312,1,-8.709657669,1,2.346956253,1,4.235503197,1,-2.159242153,1,-0.496346861,0,-1.122759938,0,2.670882702,0
99.31278992,-3.495613337,1,-0.101248749,1,-8.892597198,1,2.361622572,1,4.310465336,1,-2.180971861,1,-0.455062956,0,-1.111542821,0,2.635432005,0
99.31678772,-3.777313471,1,-0.058573801,1,-9.032968521,1,2.386770248,1,4.39384222,1,-2.197012663,1,-0.415123105,0,-1.099456549,0,2.601371527,0
99.32078552,-3.921504021,1,0.090465248,1,-9.137015343,1,2.411103487,1,4.470952034,1,-2.209068775,1,-0.376630843,0,-1.086492777,0,2.568825722,0
99.32479096,-4.080624104,1,0.176413134,1,-9.262343407,1,2.443354607,1,4.551267147,1,-2.204990387,1,-0.339645207,0,-1.072687149,0,2.537893295,0
99.32878876,-4.317966461,1,0.178019539,1,-9.39385891,1,2.476098061,1,4.624191284,1,-2.197972059,1,-0.304212213,0,-1.058061004,0,2.508643866,0
99.33278656,-4.369184017,1,0.296485901,1,-9.482704163,1,2.517214537,1,4.702211857,1,-2.18099308,1,-0.270339012,0,-1.04265368,0,2.481110573,0
99.33678436,-4.347817421,1,0.405705988,1,-9.565950394,1,2.567289591,1,4.763629436,1,-2.149490356,1,-0.238042399,0,-1.026509881,0,2.455370426,0
99.34078217,-4.435369968,1,0.549190998,1,-9.706875801,1,2.624021053,1,4.818899155,1,-2.119050264,1,-0.207298025,0,-1.009702563,0,2.431447268,0
99.34477997,-4.491221905,1,0.595294952,1,-9.801199913,1,2.683699131,1,4.86337471,1,-2.080627203,1,-0.178030998,0,-0.992303073,0,2.409297228,0
99.34877777,-4.607345104,1,0.563216627,1,-9.925803185,1,2.748560667,1,4.909148216,1,-2.036851645,1,-0.150155365,0,-0.974355519,0,2.388869286,0
99.35277557,-4.725126743,1,0.550027192,1,-10.00418472,1,2.825353861,1,4.947171211,1,-1.994555354,1,-0.12358357,0,-0.95593214,0,2.370119095,0
99.35677338,-4.72392416,1,0.409083009,1,-10.05768681,1,2.895168066,1,4.97086668,1,-1.957226038,1,-0.098192349,0,-0.937088728,0,2.352922678,0
99.36077881,-4.855550766,1,0.279298812,1,-10.19305325,1,2.960088968,1,4.98349905,1,-1.916666746,1,-0.073906101,0,-0.917919695,0,2.337206602,0
99.36477661,-5.090593815,1,0.090925731,1,-10.3529377,1,3.030004263,1,4.989948273,1,-1.896450877,1,-0.050563671,0,-0.898475587,0,2.322802305,0
99.36877441,-5.309828281,1,-0.166450933,1,-10.51620197,1,3.087202787,1,4.99226141,1,-1.875688553,1,-0.028084399,0,-0.87880969,0,2.309600115,0
99.37277985,-5.625490189,1,-0.528091013,1,-10.66061974,1,3.134004831,1,4.986701965,1,-1.872963786,1,-0.006365599,0,-0.858973145,0,2.297451258,0
99.37677765,-6.166394711,1,-0.924605489,1,-10.86755848,1,3.166033506,1,4.992238045,1,-1.887751937,1,0.014681125,0,-0.838984609,0,2.286206484,0
99.38077545,-6.713230133,1,-1.28489089,1,-11.14081573,1,3.183749914,1,5.000049114,1,-1.923778534,1,0.035153255,0,-0.818818092,0,2.275681496,0
99.38477325,-7.114133358,1,-1.63443327,1,-11.36307335,1,3.20207572,1,5.007745743,1,-1.973026872,1,0.055124722,0,-0.798470795,0,2.26572752,0
99.38877106,-7.423075676,1,-1.963515878,1,-11.69324303,1,3.198728085,1,5.011100769,1,-2.040876389,1,0.074664369,0,-0.777953029,0,2.256224394,0
99.39276886,-7.753797531,1,-2.180033445,1,-12.05527687,1,3.205928564,1,5.007187843,1,-2.13713479,1,0.093882971,0,-0.757284045,0,2.246988058,0
99.39676666,-8.105973244,1,-2.327280998,1,-12.50600529,1,3.209303141,1,4.998912334,1,-2.245946884,1,0.112862818,0,-0.736462891,0,2.237936497,0
99.40076447,-8.446036339,1,-2.358495235,1,-12.98151207,1,3.214256048,1,4.988173485,1,-2.373445749,1,0.131679073,0,-0.715511858,0,2.228937387,0
99.40476227,-8.830188751,1,-2.55850482,1,-13.36374474,1,3.22128129,1,4.964959145,1,-2.512559175,1,0.150395259,0,-0.694436967,0,2.219913483,0
99.4087677,-9.163090706,1,-2.686702728,1,-13.81773472,1,3.225214005,1,4.934111118,1,-2.665448189,1,0.169060335,0,-0.673241913,0,2.210795164,0
99.41275787,-9.543401718,1,-2.903613329,1,-14.26096344,1,3.223468781,1,4.88980484,1,-2.831342697,1,0.187681481,0,-0.651946187,0,2.201481819,0
99.41676331,-10.0306263,1,-3.113771439,1,-14.72519302,1,3.2111063,1,4.840596676,1,-2.998461246,1,0.206245169,0,-0.630567253,0,2.191964865,0
99.42076111,-10.5358839,1,-3.305276394,1,-15.20265675,1,3.183883905,1,4.771544456,1,-3.175985098,1,0.224708229,0,-0.609137237,0,2.182192087,0
99.42475891,-11.04112244,1,-3.39879179,1,-15.67676735,1,3.138268232,1,4.699355602,1,-3.354039669,1,0.243009925,0,-0.587681174,0,2.172139883,0
99.42875671,-11.65245533,1,-3.553079605,1,-16.02928162,1,3.072627306,1,4.610534191,1,-3.52037859,1,0.26107803,0,-0.566220403,0,2.161791563,0
99.43275452,-12.43578339,1,-3.443077564,1,-16.35133171,1,2.986621618,1,4.507260799,1,-3.691288948,1,0.27881819,0,-0.544797003,0,2.15114665,0
99.43675232,-13.28966141,1,-2.732849598,1,-16.61232567,1,2.891480684,1,4.387550831,1,-3.841730118,1,0.296139717,0,-0.523461819,0,2.140222311,0
99.44075012,-14.30018139,1,-1.205884218,1,-17.07692528,1,2.810048342,1,4.243952751,1,-3.974757433,1,0.313013196,0,-0.502298832,0,2.129047155,0
99.44475555,-15.90952015,1,0.471152097,1,-17.26291084,1,2.797559023,1,4.104720116,1,-4.070088387,1,0.329570502,0,-0.481374204,0,2.117688656,0
99.44875336,-17.92660904,1,1.480320573,1,-17.14221954,1,2.849634171,1,4.013544083,1,-4.124978065,1,0.349189937,0,-0.461751461,0,2.116351604,0
99.45275116,-19.76137733,1,2.419785976,1,-16.94976997,1,2.960970402,1,3.965773344,1,-4.1195364,1,0.365597129,0,-0.441029429,0,2.10537672,0
99.45674896,-22.25886345,1,2.040723085,1,-17.18442917,1,3.021686077,1,4.024017811,1,-4.152606487,1,0.381986201,0,-0.420179814,0,2.0948596,0
99.46074677,-23.52553558,1,2.308546782,1,-14.3639183,1,3.154046774,1,4.0254879,1,-3.997232437,1,0.39829725,0,-0.39905557,0,2.085085154,0
99.46474457,-26.2449131,1,0.971813262,1,-13.07674599,1,3.188456297,1,4.007823944,1,-3.809178829,1,0.414277405,0,-0.378155172,0,2.076438189,0
99.46874237,-27.8001442,1,0.481671005,1,-11.64109612,1,3.153048277,1,4.056174278,1,-3.595499516,1,0.429638714,0,-0.357386053,0,2.069032431,0
99.47273254,-28.28553581,1,0.846182764,1,-9.578074455,1,3.044238806,1,4.089254379,1,-3.370696306,1,0.44410494,0,-0.336717308,0,2.062940598,0
99.47673035,-28.20535851,1,2.515222788,1,-7.127694607,1,2.944307566,1,4.035181046,1,-3.136372328,1,0.457635939,0,-0.316411316,0,2.058043957,0
99.48074341,-27.89488983,1,4.838757515,1,-4.777589798,1,2.907983541,1,3.895241022,1,-2.875573397,1,0.470472991,0,-0.296811342,0,2.054229736,0
99.48474121,-27.09367561,1,6.90102911,1,-2.488470554,1,2.910735369,1,3.684105396,1,-2.590291023,1,0.482900649,0,-0.278304636,0,2.051376581,0
99.48873901,-25.62780952,1,9.558506966,1,-0.543380141,1,2.973450661,1,3.358367682,1,-2.302641392,1,0.495197505,0,-0.261254221,0,2.04928875,0
99.49274445,-24.37736893,1,12.68266201,1,1.130532146,1,3.11136961,1,2.943133354,1,-2.033805132,1,0.507750869,0,-0.246019378,0,2.047702074,0
99.49672699,-23.832201,1,15.46728325,1,2.338816166,1,3.314395428,1,2.475248814,1,-1.780310154,1,0.520907342,0,-0.232824102,0,2.046355724,0
99.50074005,-24.17864037,1,17.41564941,1,3.156103373,1,3.531913996,1,1.996071219,1,-1.558951497,1,0.53489691,0,-0.221740007,0,2.045065165,0
99.50473785,-25.26551819,1,18.20489883,1,3.810435772,1,3.725909472,1,1.550266027,1,-1.350690126,1,0.549721301,0,-0.212687492,0,2.043706894,0
99.50873566,-26.55810356,1,17.51123428,1,4.106388092,1,3.832466602,1,1.162486672,1,-1.167027235,1,0.565166652,0,-0.205429003,0,2.042268515,0
99.51272583,-27.67631531,1,16.52280426,1,4.223758221,1,3.760502338,1,0.793448329,1,-0.991657376,1,0.580702007,0,-0.199810147,0,2.040722132,0
99.51672363,-28.67159843,1,14.25161171,1,4.333309174,1,3.509595394,1,0.488024175,1,-0.821122468,1,0.595634222,0,-0.195684448,0,2.03908062,0
99.52072144,-29.00649071,1,11.03388405,1,4.23869276,1,3.025970936,1,0.213915393,1,-0.613926351,1,0.609066784,0,-0.192907631,0,2.037479639,0
99.52471924,-28.56806564,1,7.586676598,1,4.131060123,1,2.336589336,1,-0.034737002,1,-0.36013639,1,0.62012136,0,-0.191499799,0,2.036044598,0
99.5287323,-27.41742706,1,4.844273567,1,3.48995924,1,1.504446507,1,-0.295546681,1,-0.05947376,1,0.628033042,0,-0.191533104,0,2.034954071,0
99.53271484,-11.86540604,1,-13.95888615,1,-2.034042835,1,-0.431630075,1,-0.861818492,1,0.452401102,1,0.630866289,0,-0.193729803,0,2.034245729,0
99.53672028,-25.56430817,1,-14.58526993,1,4.537632465,1,-2.97115016,1,-2.024968147,1,1.457829356,1,0.623981416,0,-0.200494111,0,2.033905745,0
99.54071808,-33.03133011,1,1.079090238,1,7.562505245,1,-4.124297142,1,-2.658541203,1,2.370625496,1,0.608945906,0,-0.212851718,0,2.034632444,0
99.54471588,0.874749362,1,11.53210735,1,5.418910027,1,-3.792247772,1,-2.245019674,1,2.879149437,1,0.592500687,0,-0.227018997,0,2.037979841,0
99.54871368,10.02270031,1,5.748048306,1,-3.455099821,1,-3.827605247,1,-2.485336542,1,3.203903198,1,0.576148391,0,-0.241429895,0,2.043088198,0
99.55271149,-9.625853539,1,-3.841922283,1,-13.43745613,1,-4.174568176,1,-2.73316431,1,3.530314922,1,0.55873841,0,-0.25767079,0,2.048987389,0
99.55670929,-12.0783987,1,-11.50045967,1,-19.13368607,1,-4.055737019,1,-1.964584351,1,3.533608675,1,0.540169477,0,-0.273210555,0,2.056324959,0
99.56070709,0.203791916,1,-19.15452385,1,-22.61511421,1,-4.00901556,1,-1.432339072,1,3.447655678,1,0.521685541,0,-0.28601706,0,2.065409184,0
99.56471252,5.352030277,1,-24.3334446,1,-19.57252884,1,-4.154605389,1,-1.274177909,1,3.346802235,1,0.502565682,0,-0.297339499,0,2.075026035,0
99.5687027,3.697139978,1,-23.64492416,1,-15.56275082,1,-4.382497311,1,-1.381280661,1,3.205194235,1,0.482618511,0,-0.308184803,0,2.084494591,0
99.57270813,5.004696846,1,-17.17071152,1,-11.03262043,1,-4.519708633,1,-1.551864266,1,3.160329819,1,0.461996675,0,-0.319093436,0,2.093700409,0
99.57670593,2.156341553,1,-6.009494305,1,-8.102865219,1,-4.532134056,1,-2.085310221,1,2.986684322,1,0.441092134,0,-0.330985785,0,2.102029562,0
99.58070374,2.386488199,1,2.507017374,1,-8.008319855,1,-4.413589478,1,-2.663233519,1,2.968536139,1,0.42068392,0,-0.344542325,0,2.109324932,0
99.58470154,1.265541315,1,5.800466061,1,-8.122971535,1,-4.218553543,1,-3.403588772,1,2.947985888,1,0.401328802,0,-0.360354722,0,2.115778208,0
99.58869934,-3.406967402,1,8.24553299,1,-10.04250622,1,-3.950486898,1,-3.94270277,1,2.717347383,1,0.382987976,0,-0.378424764,0,2.121004105,0
99.59269714,-9.47089386,1,11.18817425,1,-15.16948223,1,-3.571064472,1,-4.069430351,1,2.262976885,1,0.366588771,0,-0.397037625,0,2.124688387,0
99.59669495,-20.03613853,1,15.31513309,1,-18.33989716,1,-3.111594915,1,-3.921085835,1,1.85940218,1,0.352336824,0,-0.415010571,0,2.126931906,0
99.60070038,-23.98550797,1,15.06322098,1,-21.8709259,1,-2.635520697,1,-3.421416283,1,1.586215615,1,0.340132535,0,-0.431143373,0,2.128483534,0
99.60469818,-26.59741402,1,13.89065075,1,-20.07952499,1,-2.176913261,1,-3.002111435,1,1.525211334,1,0.329799175,0,-0.4452914,0,2.130302429,0
99.60869598,-24.34654427,1,11.50182915,1,-18.99929237,1,-1.685257196,1,-2.413614988,1,1.495518684,1,0.3209517,0,-0.457512408,0,2.132807732,0
99.61270142,-20.69433784,1,8.825949669,1,-16.89170837,1,-1.308511853,1,-1.971091509,1,1.485563159,1,0.313527375,0,-0.467671275,0,2.136112452,0
99.61669922,-17.17308617,1,3.771226406,1,-14.72998524,1,-0.992689431,1,-1.681075931,1,1.33906877,1,0.307340324,0,-0.476336122,0,2.139672041,0
99.62069702,-10.96704769,1,-2.642752886,1,-11.87243652,1,-0.836748123,1,-1.423749089,1,1.12550199,1,0.302226722,0,-0.483739078,0,2.142899036,0
99.62469482,-5.561673641,1,-4.673887253,1,-9.908085823,1,-0.848473907,1,-1.346038938,1,0.985552728,1,0.297634959,0,-0.49020493,0,2.145585299,0
99.62869263,-4.083405495,1,-5.625828743,1,-7.991417885,1,-0.835922301,1,-1.437330008,1,0.872687161,1,0.293209285,0,-0.496599793,0,2.147761345,0
99.63269043,-5.837213993,1,-6.167048454,1,-8.189021111,1,-0.950564325,1,-1.412745833,1,0.878652036,1,0.288776278,0,-0.503118753,0,2.149693966,0
99.63668823,-6.085579872,1,-4.694647789,1,-7.872048378,1,-1.007653236,1,-1.268914342,1,0.833509564,1,0.283801317,0,-0.509235263,0,2.151721478,0
99.64068604,-9.728004456,1,-2.579976559,1,-8.699626923,1,-1.053757191,1,-1.066491604,1,0.806213498,1,0.278670728,0,-0.51469183,0,2.153858662,0
99.64468384,-10.56040573,1,-0.662522316,1,-8.691659927,1,-1.047171593,1,-0.69868654,1,0.808719158,1,0.273248494,0,-0.518961191,0,2.156289101,0
99.64868927,-11.06563187,1,0.306745023,1,-8.436743736,1,-1.056564808,1,-0.443852425,1,0.845645785,1,0.26753664,0,-0.522033274,0,2.159286261,0
99.65268707,-11.08285713,1,-0.748142302,1,-8.655635834,1,-1.014733791,1,-0.19059895,1,0.817694664,1,0.261728287,0,-0.524132848,0,2.162631035,0
99.65668488,-10.96527958,1,-2.288648844,1,-8.902493477,1,-0.990030408,1,0.020123186,1,0.729800403,1,0.256001115,0,-0.525228798,0,2.166032314,0
99.66068268,-8.971859932,1,-3.552579165,1,-8.491108894,1,-0.912019789,1,0.168251395,1,0.585260928,1,0.250674486,0,-0.52550298,0,2.16907239,0
99.66468048,-6.240841389,1,-3.872867346,1,-8.262376785,1,-0.913819194,1,0.187901095,1,0.531619787,1,0.245672777,0,-0.525319815,0,2.171773672,0
99.66867828,-5.663343906,1,-3.678064346,1,-8.775611877,1,-0.875346303,1,0.185876384,1,0.486077845,1,0.240852192,0,-0.525093079,0,2.174248695,0
99.67267609,-4.80003643,1,-2.981282234,1,-9.504940033,1,-0.840084791,1,0.197122231,1,0.472005695,1,0.236236066,0,-0.524800241,0,2.176607132,0
99.67667389,-4.807734489,1,-2.236731291,1,-9.499178886,1,-0.787890255,1,0.189790323,1,0.477264076,1,0.231801301,0,-0.524496675,0,2.178952217,0
99.68067169,-4.755254745,1,-1.960897923,1,-9.40454483,1,-0.739163399,1,0.148961574,1,0.49311021,1,0.227558941,0,-0.524273932,0,2.18132782,0
99.68467712,-4.913852692,1,-2.314499378,1,-9.30300045,1,-0.676209867,1,0.126205564,1,0.481238455,1,0.223547474,0,-0.524172127,0,2.183678627,0
99.68867493,-4.732792854,1,-2.723761559,1,-8.979456902,1,-0.627022684,1,0.09667021,1,0.469334066,1,0.219832018,0,-0.524159253,0,2.185917377,0
99.69267273,-4.618258953,1,-2.791780949,1,-9.100205421,1,-0.574988723,1,0.078391626,1,0.463245094,1,0.220015064,0,-0.524772882,0,2.210057497,0
99.69667053,-3.878599167,1,-2.960984707,1,-8.74361515,1,-0.56084621,1,0.031998798,1,0.478547066,1,0.216664165,0,-0.524969816,0,2.212237358,0
99.70066834,-3.846290588,1,-2.83874464,1,-8.965929031,1,-0.542753875,1,0.000935799,1,0.495616585,1,0.213332966,0,-0.525326312,0,2.214468002,0
99.70466614,-4.0751791,1,-2.516239882,1,-8.924688339,1,-0.527947485,1,-0.026553649,1,0.502210855,1,0.210057676,0,-0.525796831,0,2.216713428,0
99.70866394,-4.350511551,1,-2.054219007,1,-8.865225792,1,-0.492291659,1,-0.064537764,1,0.487334043,1,0.206904456,0,-0.526392102,0,2.218913555,0
99.71266174,-5.15528059,1,-1.258957386,1,-9.045014381,1,-0.445898712,1,-0.07325241,1,0.43456465,1,0.204003885,0,-0.5270316,0,2.220938921,0
99.71665955,-5.313731194,1,-0.606279552,1,-9.141692162,1,-0.372717917,1,-0.089485049,1,0.381992906,1,0.20147112,0,-0.527676284,0,2.222714901,0
99.72066498,-5.274073124,1,-0.16410692,1,-9.343634605,1,-0.293372661,1,-0.084673718,1,0.343148828,1,0.199354947,0,-0.528303802,0,2.224270344,0
99.72466278,-4.426307678,1,-0.82414794,1,-9.264554024,1,-0.240115628,1,-0.104673132,1,0.323877603,1,0.197556272,0,-0.528919697,0,2.225699902,0
99.72866821,-3.983282804,1,-2.190438032,1,-9.202010155,1,-0.202201068,1,-0.140674621,1,0.304942757,1,0.196021661,0,-0.529643059,0,2.227011442,0
99.73266602,-4.032876015,1,-3.131101131,1,-8.944748878,1,-0.20239912,1,-0.181334332,1,0.300673246,1,0.194595933,0,-0.530502439,0,2.228230715,0
99.73666382,-4.329549789,1,-3.326350927,1,-8.777852058,1,-0.202144831,1,-0.206397593,1,0.301044554,1,0.193188369,0,-0.531499803,0,2.229432583,0
99.74066162,-4.623849392,1,-2.963476896,1,-8.785415649,1,-0.199144095,1,-0.235525355,1,0.30634138,1,0.191793725,0,-0.532602847,0,2.230613232,0
99.74465942,-5.059710026,1,-2.25211072,1,-8.856859207,1,-0.192431942,1,-0.248212576,1,0.289994061,1,0.190425932,0,-0.533782661,0,2.23175931,0
99.74865723,-5.217995167,1,-1.877043366,1,-8.831861496,1,-0.179391667,1,-0.251386732,1,0.270589292,1,0.189127013,0,-0.534983933,0,2.232834816,0
99.75265503,-5.166982174,1,-1.735206723,1,-8.720680237,1,-0.165684491,1,-0.249251872,1,0.243264452,1,0.187954605,0,-0.536161482,0,2.233788967,0
99.75666046,-5.074826717,1,-1.828447819,1,-8.744460106,1,-0.145584032,1,-0.251559615,1,0.207325205,1,0.186918065,0,-0.537315845,0,2.234601498,0
99.76065826,-5.049390316,1,-1.811126471,1,-8.70758152,1,-0.129182413,1,-0.249689668,1,0.174064204,1,0.186043203,0,-0.538440764,0,2.235251427,0
99.76465607,-5.02431345,1,-1.498345971,1,-8.730688095,1,-0.09703321,1,-0.258506924,1,0.149099022,1,0.185318589,0,-0.539557695,0,2.235779524,0
99.76865387,-4.912693024,1,-1.224772334,1,-8.805744171,1,-0.059480008,1,-0.261831731,1,0.124658868,1,0.184799686,0,-0.540680826,0,2.236182928,0
99.77265167,-4.685963631,1,-1.059196115,1,-8.870521545,1,-0.014692497,1,-0.272628874,1,0.110392638,1,0.18447718,0,-0.541809976,0,2.236497402,0
99.77664948,-4.572793961,1,-1.14424324,1,-8.822508812,1,0.022124257,1,-0.291848511,1,0.089448415,1,0.184375346,0,-0.542984784,0,2.236713409,0
99.78064728,-4.587187767,1,-1.423034668,1,-8.762634277,1,0.065376855,1,-0.307859719,1,0.067619517,1,0.184500232,0,-0.544222832,0,2.236813784,0
99.78464508,-4.561568737,1,-1.692529917,1,-8.758106232,1,0.097249605,1,-0.327952862,1,0.053060781,1,0.184829816,0,-0.545515478,0,2.236820459,0
99.78864288,-4.501644611,1,-1.947851658,1,-8.663858414,1,0.124763288,1,-0.342729747,1,0.041873597,1,0.185325056,0,-0.546872616,0,2.236747026,0
99.79264832,-4.533453941,1,-2.089272738,1,-8.593015671,1,0.152410343,1,-0.355072767,1,0.033433586,1,0.185946018,0,-0.54828316,0,2.236624241,0
99.79664612,-4.533930779,1,-2.327937841,1,-8.544401169,1,0.168688536,1,-0.370270073,1,0.027570052,1,0.186678246,0,-0.549733341,0,2.236447334,0
99.80064392,-4.49911356,1,-2.725599051,1,-8.430745125,1,0.170128152,1,-0.380171269,1,0.037127707,1,0.187462077,0,-0.551228583,0,2.236256838,0
99.80464172,-4.448078632,1,-3.281813145,1,-8.293776512,1,0.163510382,1,-0.379970908,1,0.051542733,1,0.188211441,0,-0.552751243,0,2.2361238,0
99.80863953,-4.463286877,1,-3.861091137,1,-8.162078857,1,0.137714937,1,-0.384916395,1,0.079202212,1,0.188834906,0,-0.55429697,0,2.236089706,0
99.81263733,-4.593601704,1,-4.203857899,1,-7.983219624,1,0.099632129,1,-0.380859703,1,0.117570408,1,0.189248592,0,-0.555882335,0,2.236208439,0
99.81663513,-4.670479298,1,-4.396688938,1,-7.751868248,1,0.060026444,1,-0.37624076,1,0.145690948,1,0.189425796,0,-0.557474971,0,2.236479044,0
99.82063294,-5.044251442,1,-4.225538731,1,-7.642818451,1,0.037319675,1,-0.36143437,1,0.165056899,1,0.189418152,0,-0.559038818,0,2.236871004,0
99.82463074,-5.042084694,1,-3.789247274,1,-7.627533436,1,0.007462809,1,-0.338376731,1,0.193328708,1,0.189223945,0,-0.560541987,0,2.237394571,0
99.82863617,-5.101801872,1,-3.248638153,1,-7.77115202,1,-0.00542768,1,-0.311898977,1,0.199110731,1,0.188890442,0,-0.561963558,0,2.238028526,0
99.83263397,-5.003204346,1,-2.82983017,1,-7.802121162,1,-0.018102843,1,-0.299494535,1,0.204655886,1,0.188482299,0,-0.563322783,0,2.238700151,0
99.83663178,-5.080346107,1,-2.247367144,1,-7.936695099,1,-0.011472135,1,-0.282283634,1,0.202344567,1,0.188038588,0,-0.564613163,0,2.239393234,0
99.84062958,-4.968998432,1,-2.056745768,1,-7.962086678,1,-0.004813117,1,-0.268599272,1,0.194529459,1,0.18764469,0,-0.565847337,0,2.240075827,0
99.84462738,-4.965463638,1,-1.773428798,1,-8.124136925,1,0.00616423,1,-0.268489242,1,0.180509001,1,0.187294319,0,-0.567045689,0,2.240726948,0
99.84863281,-4.948284626,1,-1.521051884,1,-8.214913368,1,0.034635331,1,-0.257352263,1,0.168539986,1,0.187061176,0,-0.56820035,0,2.241312265,0
99.85263062,-4.860445499,1,-1.451603532,1,-8.296239853,1,0.052282318,1,-0.258269489,1,0.148525894,1,0.186963037,0,-0.569332004,0,2.241816521,0
99.85662842,-4.853881836,1,-1.473040581,1,-8.292840958,1,0.063286066,1,-0.26342386,1,0.137150541,1,0.186955392,0,-0.570463717,0,2.242265463,0
99.86062622,-4.907723427,1,-1.542776346,1,-8.255124092,1,0.096194111,1,-0.266029775,1,0.117778279,1,0.187080026,0,-0.571593106,0,2.242630243,0
99.86463165,-4.714691639,1,-1.922273755,1,-8.337023735,1,0.108404547,1,-0.278984815,1,0.113424361,1,0.187323079,0,-0.572744548,0,2.242941141,0
99.86862946,-4.745257854,1,-2.07326889,1,-8.303652763,1,0.11459931,1,-0.289265007,1,0.113327272,1,0.187606812,0,-0.573942184,0,2.243223667,0
99.87262726,-4.726068497,1,-2.280925274,1,-8.280761719,1,0.131172106,1,-0.301163465,1,0.111214705,1,0.18795757,0,-0.575186968,0,2.243487597,0
99.87662506,-4.782657146,1,-2.481329203,1,-8.243995667,1,0.139276013,1,-0.310886085,1,0.125300407,1,0.18833895,0,-0.576471508,0,2.243777514,0
99.88062286,-4.773641109,1,-2.663448811,1,-8.240628242,1,0.146693364,1,-0.32068935,1,0.135501772,1,0.188740104,0,-0.577794611,0,2.244110823,0
99.88462067,-4.758545399,1,-2.731044531,1,-8.138741493,1,0.141671389,1,-0.327791989,1,0.145566434,1,0.189109907,0,-0.579174399,0,2.24448514,0
99.88861847,-4.690594673,1,-2.712950706,1,-8.133870125,1,0.132346973,1,-0.340865284,1,0.157257304,1,0.189438775,0,-0.580603421,0,2.24489212,0
99.89261627,-4.811924458,1,-2.646065235,1,-8.213294029,1,0.136182502,1,-0.350171089,1,0.160973758,1,0.189734906,0,-0.582077444,0,2.245326757,0
99.89661408,-4.734835148,1,-2.647936106,1,-8.195119858,1,0.115322605,1,-0.359875113,1,0.167835519,1,0.189987615,0,-0.583598197,0,2.245776176,0
99.90061951,-4.824128628,1,-2.380838633,1,-8.253887177,1,0.127628043,1,-0.371630967,1,0.171829805,1,0.190217033,0,-0.585166216,0,2.246250153,0
99.90461731,-4.907329082,1,-2.115252972,1,-8.199659348,1,0.136714697,1,-0.379183799,1,0.175799236,1,0.190473795,0,-0.586773217,0,2.246735811,0
99.90861511,-5.118832111,1,-2.07319808,1,-8.21707058,1,0.149368644,1,-0.375878245,1,0.184208855,1,0.190757722,0,-0.588396251,0,2.247240543,0
99.91261292,-5.096978188,1,-2.148686409,1,-8.105869293,1,0.153099507,1,-0.383151889,1,0.178468585,1,0.191083476,0,-0.590031087,0,2.24774766,0
99.91661072,-5.115459919,1,-2.237206221,1,-8.080442429,1,0.162456378,1,-0.385493368,1,0.182299912,1,0.191429451,0,-0.591672421,0,2.248261452,0
99.92060852,-5.108674049,1,-2.29937005,1,-8.110473633,1,0.159486696,1,-0.388123691,1,0.184177577,1,0.191784039,0,-0.593328416,0,2.248773336,0
99.92461395,-5.025327206,1,-2.358429193,1,-8.083264351,1,0.147028327,1,-0.391949624,1,0.18554543,1,0.192113221,0,-0.594994247,0,2.249272823,0
99.92860413,-5.069005013,1,-2.243730783,1,-8.026691437,1,0.156547889,1,-0.402293116,1,0.185370937,1,0.192427039,0,-0.596701562,0,2.2497859,0
99.93260956,-5.140110493,1,-2.338855982,1,-8.061009407,1,0.161752179,1,-0.395500809,1,0.187170163,1,0.192778498,0,-0.598414838,0,2.250296831,0
99.93660736,-5.120969296,1,-2.425462008,1,-8.021759987,1,0.164140135,1,-0.402842104,1,0.19597365,1,0.193129987,0,-0.600131273,0,2.250832796,0
99.94060516,-5.035290718,1,-2.622690201,1,-7.989233971,1,0.159888864,1,-0.405450851,1,0.197114453,1,0.225611135,0,-0.580746412,0,2.270596027,0
99.94460297,-5.054136276,1,-2.619236231,1,-8.0597229,1,0.158588544,1,-0.418466091,1,0.212161914,1,0.227947071,0,-0.583665669,0,2.287007809,0
99.94860077,-4.93102026,1,-2.67422843,1,-8.113257408,1,0.162511304,1,-0.42529875,1,0.226808071,1,0.228275985,0,-0.585505605,0,2.287573814,0
99.95259857,-4.932853222,1,-2.721473694,1,-8.100458145,1,0.158030242,1,-0.429386884,1,0.23669748,1,0.228574246,0,-0.58737272,0,2.288200617,0
99.95659638,-5.006716251,1,-2.691857815,1,-8.089046478,1,0.166109562,1,-0.43377769,1,0.251753867,1,0.228856534,0,-0.589276731,0,2.288883209,0
99.96060181,-5.126376629,1,-2.796017647,1,-8.077999115,1,0.15879783,1,-0.4451029,1,0.268322289,1,0.229101986,0,-0.591230214,0,2.289619684,0
99.96459961,-5.170771599,1,-2.759277105,1,-8.01943779,1,0.157755941,1,-0.451433152,1,0.282155722,1,0.229278877,0,-0.5932253,0,2.290426254,0
99.96859741,-5.12666893,1,-2.896715403,1,-8.034870148,1,0.144506946,1,-0.45826605,1,0.292880327,1,0.229411811,0,-0.595253468,0,2.291268826,0
99.97260284,-5.133076668,1,-2.765284061,1,-7.946684361,1,0.133562058,1,-0.465095282,1,0.303635776,1,0.229463264,0,-0.597320855,0,2.292167664,0
99.97660065,-5.223909378,1,-2.72436595,1,-7.930623055,1,0.133218661,1,-0.467389375,1,0.31064859,1,0.229468137,0,-0.599413335,0,2.293107986,0
99.98059845,-5.142655373,1,-2.714958668,1,-7.875091076,1,0.132608265,1,-0.471540242,1,0.325918943,1,0.229443148,0,-0.60152334,0,2.294090748,0
99.98459625,-5.226975918,1,-2.776902914,1,-7.888277531,1,0.122881383,1,-0.476630658,1,0.328928441,1,0.229376867,0,-0.603666544,0,2.295113564,0
99.98859406,-5.170126438,1,-2.854012489,1,-8.066040039,1,0.115781501,1,-0.483590513,1,0.337701052,1,0.229261756,0,-0.605851889,0,2.296156406,0
99.99259186,-5.220476151,1,-2.661850452,1,-7.981158257,1,0.108722597,1,-0.495644003,1,0.350272626,1,0.229093865,0,-0.608071148,0,2.297245026,0
99.99659729,-5.202391624,1,-2.713852882,1,-7.906310081,1,0.107478194,1,-0.504590034,1,0.35432747,1,0.228882551,0,-0.610343218,0,2.298372746,0
100.0005875,-5.255231857,1,-2.877128124,1,-7.845137119,1,0.099103451,1,-0.519582391,1,0.366717815,1,0.228636295,0,-0.612668633,0,2.299520493,0
100.0045929,-5.165590763,1,-3.038103819,1,-7.844560623,1,0.084528446,1,-0.529048979,1,0.370498717,1,0.228331223,0,-0.615047038,0,2.300697327,0
100.0085907,-5.005328655,1,-2.971540928,1,-7.89228487,1,0.064644799,1,-0.545732677,1,0.380218089,1,0.227940708,0,-0.617480516,0,2.301895142,0
100.0125885,-5.108407021,1,-2.815962553,1,-7.99432373,1,0.051381957,1,-0.565748036,1,0.385944575,1,0.227475286,0,-0.619988024,0,2.303113461,0
100.0165863,-5.180698395,1,-2.752909422,1,-7.983716965,1,0.02629061,1,-0.579366267,1,0.389191091,1,0.226930797,0,-0.622572184,0,2.304330826,0
100.0205841,-5.305615425,1,-2.612272263,1,-8.022330284,1,0.013509362,1,-0.596312523,1,0.389109045,1,0.226294726,0,-0.625217855,0,2.3055439,0
100.0245819,-5.193089485,1,-2.481451988,1,-8.129948616,1,-0.002762374,1,-0.61415565,1,0.389273912,1,0.225608781,0,-0.627926052,0,2.306748867,0
100.0285797,-5.146900177,1,-2.43995285,1,-8.170946121,1,-0.007099723,1,-0.637385249,1,0.390639842,1,0.224901661,0,-0.630722165,0,2.307922602,0
100.0325851,-5.264793873,1,-2.526509762,1,-8.289196014,1,-0.008328488,1,-0.668712497,1,0.388254285,1,0.224181473,0,-0.633618593,0,2.309082508,0
100.0365829,-5.201751709,1,-2.840617418,1,-8.412005424,1,-0.013854372,1,-0.696125746,1,0.397147775,1,0.223452136,0,-0.636630893,0,2.310231924,0
100.0405808,-5.087267399,1,-2.897015572,1,-8.564692497,1,-0.030190825,1,-0.733377457,1,0.407017201,1,0.222671136,0,-0.639764249,0,2.311386108,0
100.0445786,-5.040807247,1,-2.865025759,1,-8.736969948,1,-0.03501752,1,-0.775894225,1,0.422522694,1,0.221817881,0,-0.643072963,0,2.312574863,0
100.0485764,-5.06353569,1,-3.007799864,1,-8.830253601,1,-0.045559797,1,-0.835775733,1,0.439409733,1,0.220931754,0,-0.646588624,0,2.31378293,0
100.0525742,-5.116030216,1,-3.258088589,1,-8.912861824,1,-0.068082392,1,-0.890882194,1,0.456821024,1,0.219965264,0,-0.650349736,0,2.315023899,0
100.056572,-5.039083004,1,-3.098903894,1,-8.853960037,1,-0.087427489,1,-0.956787586,1,0.479887277,1,0.218864128,0,-0.654367447,0,2.316318512,0
100.0605698,-5.127241135,1,-2.859208107,1,-8.937015533,1,-0.0971568,1,-1.023101091,1,0.508063495,1,0.217667803,0,-0.658664525,0,2.317678928,0
100.0645676,-5.206599712,1,-2.686167479,1,-8.949659348,1,-0.106915399,1,-1.083768725,1,0.525147319,1,0.216402918,0,-0.663231313,0,2.319087029,0
100.068573,-5.425597668,1,-2.48151207,1,-9.126109123,1,-0.10931161,1,-1.147200942,1,0.543147504,1,0.215086922,0,-0.668045521,0,2.320516586,0
100.0725708,-5.188568592,1,-2.361821651,1,-9.108857155,1,-0.131688714,1,-1.212418675,1,0.54810971,1,0.213693693,0,-0.673119664,0,2.321968079,0
100.0765686,-5.338205814,1,-2.39308548,1,-9.262104988,1,-0.160095349,1,-1.288392425,1,0.556718528,1,0.212236091,0,-0.678475618,0,2.323379517,0
100.0805664,-5.517745972,1,-2.32241869,1,-9.249292374,1,-0.190732837,1,-1.346666217,1,0.56596005,1,0.210640118,0,-0.684106171,0,2.324795723,0
100.0845642,-4.977093697,1,-2.18234086,1,-9.152842522,1,-0.203939393,1,-1.422049999,1,0.573387027,1,0.208971471,0,-0.689990342,0,2.326186657,0
100.0885696,-4.964307308,1,-2.320405245,1,-9.33900547,1,-0.21286799,1,-1.50063014,1,0.591229975,1,0.207259253,0,-0.696193576,0,2.327568293,0
100.0925674,-5.083474159,1,-2.570704699,1,-9.535451889,1,-0.220522106,1,-1.589553714,1,0.609777927,1,0.205476403,0,-0.702722192,0,2.328989267,0
100.0965652,-5.090635777,1,-2.67109561,1,-9.673165321,1,-0.220633551,1,-1.673580885,1,0.635685503,1,0.20364587,0,-0.709611416,0,2.330445766,0
100.100563,-4.592172623,1,-2.797958374,1,-9.659252167,1,-0.218057722,1,-1.779703617,1,0.672640264,1,0.201762408,0,-0.716899395,0,2.331988573,0
100.1045685,-4.659855366,1,-3.118924856,1,-9.897867203,1,-0.227659777,1,-1.902602077,1,0.724309206,1,0.199755922,0,-0.724678338,0,2.333678722,0
100.1085663,-4.787032604,1,-3.140628576,1,-10.06722355,1,-0.232878059,1,-2.031194687,1,0.768877983,1,0.197610557,0,-0.732985735,0,2.33551693,0
100.1125641,-4.811084747,1,-3.229617357,1,-10.4212656,1,-0.238495022,1,-2.169032097,1,0.829567254,1,0.195321083,0,-0.741845429,0,2.337538242,0
100.1165619,-4.438887596,1,-3.073292732,1,-10.61288548,1,-0.226864368,1,-2.332069397,1,0.883149266,1,0.192882076,0,-0.751332223,0,2.339746475,0
100.1205597,-4.468153,1,-3.252779007,1,-10.85784531,1,-0.227958575,1,-2.503085375,1,0.951194525,1,0.190310284,0,-0.761518955,0,2.342172146,0
100.1245575,-4.54321909,1,-3.160054445,1,-11.18061256,1,-0.220146373,1,-2.699441195,1,1.01028347,1,0.187584102,0,-0.772472143,0,2.344816685,0
100.1285629,-4.261447906,1,-3.316281557,1,-11.43155098,1,-0.199258894,1,-2.904032707,1,1.090228319,1,0.184728354,0,-0.784258008,0,2.347689152,0
100.1325531,-3.889726877,1,-3.583106518,1,-11.91249943,1,-0.184295267,1,-3.146878481,1,1.175393462,1,0.1816829,0,-0.796975911,0,2.350893021,0
100.1365585,-3.701991558,1,-4.031511307,1,-12.24908733,1,-0.150411919,1,-3.40745163,1,1.282275677,1,0.178451508,0,-0.810730577,0,2.354454279,0
100.1405563,-3.720068932,1,-4.561838627,1,-12.60907078,1,-0.118715249,1,-3.6813097,1,1.401495337,1,0.174926937,0,-0.825632274,0,2.35853529,0
100.1445541,-3.142286777,1,-4.927946568,1,-12.88113213,1,-0.081345193,1,-4.00659132,1,1.563737392,1,0.171019167,0,-0.84177947,0,2.363272905,0
100.1485519,-2.90638876,1,-5.33384943,1,-13.2345829,1,-0.038501058,1,-4.360125542,1,1.727277756,1,0.166580707,0,-0.859391093,0,2.368859291,0
100.1525497,-3.085631371,1,-6.334300518,1,-13.61875439,1,-0.025731057,1,-4.703907013,1,1.926529646,1,0.161425501,0,-0.878470302,0,2.375445843,0
100.1565475,-3.799772024,1,-8.566065788,1,-13.79166985,1,-0.106105283,1,-5.029997826,1,2.135009766,1,0.155093387,0,-0.898982882,0,2.383303881,0
100.1605453,-5.619299412,1,-11.48612499,1,-13.74496365,1,-0.318511099,1,-5.288555622,1,2.360143185,1,0.146836117,0,-0.920764208,0,2.392717361,0
100.1645508,-5.956849098,1,-13.39841366,1,-12.89675903,1,-0.586680114,1,-5.498508453,1,2.611658096,1,0.13587679,0,-0.943533361,0,2.404112339,0
100.1685486,-4.311761379,1,-14.82985115,1,-13.37404346,1,-0.884387136,1,-5.733504295,1,2.867104769,1,0.121685609,0,-0.967226326,0,2.417928219,0
100.1725464,-1.330441594,1,-12.23472404,1,-10.6707592,1,-0.943513513,1,-5.961402893,1,3.130384684,1,0.104035482,0,-0.991502762,0,2.434435368,0
100.1765442,-4.616014004,1,-9.473403931,1,-13.35503292,1,-0.956266165,1,-6.339767456,1,3.455461264,1,0.083176002,0,-1.017543435,0,2.454639912,0
100.180542,-11.04407406,1,-11.57050896,1,-14.19844913,1,-1.115402699,1,-6.328258038,1,3.820231915,1,0.057816803,0,-1.043881536,0,2.479453564,0
100.1845398,-8.492232323,1,-11.85621452,1,-13.55669498,1,-1.297616482,1,-6.377886295,1,4.011334419,1,0.027105954,0,-1.069832802,0,2.509153128,0
100.1885452,-6.806021214,1,-9.16858387,1,-13.92846394,1,-1.404758692,1,-6.664559364,1,4.160868168,1,-0.008689577,0,-1.096060395,0,2.543504953,0
100.1925354,-12.20898533,1,-5.94961834,1,-15.51669025,1,-1.381725907,1,-6.758749962,1,4.262327671,1,-0.054068178,0,-1.122153163,0,2.60238862,0
100.1965408,-15.56391239,1,-5.291698933,1,-15.97829056,1,-1.358033538,1,-6.629851341,1,4.401413441,1,-0.10110727,0,-1.147524834,0,2.648237944,0
100.2005386,-14.54611206,1,-5.560660362,1,-15.45748425,1,-1.329172611,1,-6.53773737,1,4.467670441,1,-0.154542521,0,-1.17134881,0,2.700656652,0
100.2045364,-16.88824081,1,-7.771052361,1,-16.02136421,1,-1.320088387,1,-6.488114834,1,4.475776672,1,-0.214562267,0,-1.193728209,0,2.759782791,0
100.2085419,-17.15295792,1,-6.75854826,1,-15.21625233,1,-1.387190938,1,-6.220598221,1,4.500733376,1,-0.28148663,0,-1.213964224,0,2.825680256,0
100.2125397,-12.36654091,1,-7.953192711,1,-13.15134335,1,-1.475563884,1,-6.244674206,1,4.530364513,1,-0.356022,0,-1.231884122,0,2.898865938,0
100.2165375,-12.78709126,1,-7.848130226,1,-13.53663254,1,-1.483721495,1,-6.355030537,1,4.474441528,1,-0.438871324,0,-1.248174906,0,2.980185032,0
100.2205353,-16.18832779,1,-7.291591644,1,-13.84516621,1,-1.457068205,1,-6.252718449,1,4.386518955,1,-0.528712451,0,-1.262340307,0,3.068525076,0
100.2245331,-16.96167374,1,-7.553307056,1,-13.17712879,1,-1.548170686,1,-6.073186398,1,4.420145512,1,-0.624915719,0,-1.27339828,0,-3.120153666,0
100.2285309,-15.56150436,1,-8.565023422,1,-11.7544632,1,-1.679151535,1,-5.961575985,1,4.437432289,1,-0.726926327,0,-1.281105399,0,-3.020325899,0
100.2325287,-16.58629036,1,-8.05553627,1,-13.22156525,1,-1.788947701,1,-5.727490425,1,4.330216408,1,-0.831905842,0,-1.285393715,0,-2.918115616,0
100.2365341,-16.41657639,1,-7.867815495,1,-11.67202377,1,-1.82205689,1,-5.430259228,1,4.203890324,1,-0.934922338,0,-1.286402225,0,-2.818292856,0
100.2405319,-13.46172047,1,-8.013329506,1,-10.41105652,1,-1.923880339,1,-5.120129108,1,4.201406002,1,-1.034029961,0,-1.284082532,0,-2.722821951,0
100.2445297,-10.21467781,1,-6.603981972,1,-9.466773033,1,-1.978974462,1,-4.755610943,1,4.108431339,1,-1.126748323,0,-1.278684258,0,-2.634240389,0
100.2485275,-5.799966812,1,-5.009016514,1,-8.965100288,1,-1.931552529,1,-4.387217045,1,3.909589052,1,-1.210384727,0,-1.271077156,0,-2.555023432,0
100.2525253,-4.350126743,1,-3.13884306,1,-8.694314003,1,-1.796555996,1,-4.067537308,1,3.789655447,1,-1.284440398,0,-1.261851072,0,-2.48523283,0
100.2565231,-3.359068632,1,0.480024368,1,-9.939297676,1,-1.53058064,1,-3.790482283,1,3.666079044,1,-1.349539042,0,-1.251336694,0,-2.42384696,0
100.2605286,-6.422586441,1,1.768790364,1,-13.10977554,1,-0.95252645,1,-3.488954782,1,3.417619705,1,-1.405090332,0,-1.240190148,0,-2.370529175,0
100.2645264,-15.12303638,1,1.410142183,1,-13.73461246,1,-0.340408683,1,-3.110002756,1,3.073707342,1,-1.450464606,0,-1.229178667,0,-2.325191975,0
100.2685242,-27.82243919,1,3.189232826,1,-16.10233116,1,0.429506332,1,-2.433842421,1,2.495725393,1,-1.484332919,0,-1.219245195,0,-2.289036274,0
100.272522,-25.06945038,1,-0.468443006,1,-18.41628838,1,0.969151497,1,-1.319443107,1,2.035782814,1,-1.503424406,0,-1.210826516,0,-2.265559673,0
100.2765198,-13.15146923,1,-5.453464985,1,-17.09701538,1,1.18328917,1,-0.446478397,1,1.620330334,1,-1.509362578,0,-1.203747392,0,-2.254552603,0
100.2805176,-5.216665745,1,-7.783671856,1,-13.85324574,1,1.282539845,1,0.049141891,1,1.233628631,1,-1.507162452,0,-1.198108077,0,-2.251603603,0
100.2845154,-4.411015987,1,-9.165852547,1,-12.27248859,1,1.287899256,1,0.379912704,1,0.952904463,1,-1.500521541,0,-1.193714142,0,-2.253160477,0
100.2885132,-5.928547382,1,-9.927735329,1,-12.36745262,1,1.074493408,1,0.74821198,1,0.712454259,1,-1.490795374,0,-1.190229297,0,-2.258494377,0
100.2925186,-4.279503822,1,-9.726013184,1,-11.93904209,1,0.758185089,1,1.092591166,1,0.489237428,1,-1.478428364,0,-1.187511444,0,-2.267862558,0
100.2965164,-1.895036221,1,-9.016206741,1,-10.67895317,1,0.489541501,1,1.293601274,1,0.275405914,1,-1.464496374,0,-1.185515404,0,-2.280207872,0
100.3005142,-0.344940007,1,-7.938061237,1,-9.593514442,1,0.289586693,1,1.406809926,1,0.083247259,1,-1.449928284,0,-1.184190631,0,-2.294270515,0
100.304512,0.787178636,1,-6.689127445,1,-8.935699463,1,0.130736604,1,1.503208756,1,-0.093116179,1,-1.434914947,0,-1.183463454,0,-2.309588671,0
100.3085098,1.804679751,1,-5.373027325,1,-8.422424316,1,0.026467493,1,1.577504158,1,-0.259132385,1,-1.419403076,0,-1.18328321,0,-2.326017618,0
100.3125076,2.399237633,1,-4.243535042,1,-7.987099171,1,-0.006326106,1,1.614575028,1,-0.41997388,1,-1.403378963,0,-1.183611631,0,-2.343299389,0
100.3165054,2.5074265,1,-3.301936865,1,-7.755815029,1,0.027495191,1,1.640557766,1,-0.566815734,1,-1.386754513,0,-1.18441987,0,-2.361227036,0
100.3205109,2.317413807,1,-2.748076439,1,-7.619177818,1,0.090577729,1,1.672980905,1,-0.718160152,1,-1.36932528,0,-1.185677528,0,-2.379793882,0
100.3245087,2.124694824,1,-2.453508139,1,-7.354373455,1,0.168707177,1,1.71374929,1,-0.843661547,1,-1.350811958,0,-1.187325001,0,-2.39920187,0
100.3285065,2.216944933,1,-2.381039858,1,-7.068082809,1,0.245412722,1,1.785592675,1,-0.963328362,1,-1.330978394,0,-1.189256668,0,-2.419684887,0
100.3325119,2.159588337,1,-2.45204401,1,-6.879859924,1,0.32132256,1,1.854151249,1,-1.06033361,1,-1.309714675,0,-1.191372991,0,-2.441358566,0
100.3365097,1.786457062,1,-2.607645273,1,-6.88025713,1,0.372415215,1,1.937649369,1,-1.149133563,1,-1.286959767,0,-1.193593383,0,-2.464339256,0
100.3405075,1.41028595,1,-2.865296364,1,-6.874817371,1,0.404189646,1,2.038254261,1,-1.227300167,1,-1.262640476,0,-1.195827842,0,-2.488804817,0
100.3445053,0.992536843,1,-3.063997269,1,-6.822951317,1,0.406306654,1,2.147315979,1,-1.289764762,1,-1.236695766,0,-1.197969437,0,-2.514927387,0
100.3485031,0.650524437,1,-3.150492907,1,-6.876692772,1,0.403037608,1,2.284220695,1,-1.348186135,1,-1.209122419,0,-1.199900866,0,-2.54279089,0
100.3525009,0.236736715,1,-3.058729887,1,-6.918783665,1,0.39013055,1,2.416214466,1,-1.395766497,1,-1.179814696,0,-1.201553345,0,-2.572521448,0
100.3565063,-0.126100779,1,-2.828534126,1,-7.022425175,1,0.389554054,1,2.575832367,1,-1.445363522,1,-1.148684502,0,-1.202827334,0,-2.604235411,0
100.3605042,-0.456807792,1,-2.534353495,1,-7.103934765,1,0.387862027,1,2.734316111,1,-1.491222739,1,-1.115694642,0,-1.20362854,0,-2.637933254,0
100.364502,-0.850399077,1,-2.220120192,1,-7.218598843,1,0.409665227,1,2.896698236,1,-1.534908295,1,-1.080845237,0,-1.203891039,0,-2.673573256,0
100.3684998,-1.229763627,1,-1.800974846,1,-7.30936718,1,0.451141477,1,3.064562082,1,-1.586221099,1,-1.044135451,0,-1.203531504,0,-2.711064577,0
100.3724976,-1.628994584,1,-1.415562391,1,-7.403008461,1,0.521467268,1,3.23208642,1,-1.636877418,1,-1.005583525,0,-1.202504754,0,-2.750295162,0
100.3764954,-1.980726004,1,-1.135228634,1,-7.451069355,1,0.608179092,1,3.395534277,1,-1.693028212,1,-0.965259552,0,-1.200734854,0,-2.791113853,0
100.3805008,-2.198774099,1,-0.928740919,1,-7.450579166,1,0.703771889,1,3.552638054,1,-1.746906281,1,-0.923340261,0,-1.198158741,0,-2.833274841,0
100.384491,-2.400582552,1,-0.832051158,1,-7.394104958,1,0.803762972,1,3.710388184,1,-1.812253952,1,-0.880074143,0,-1.194729805,0,-2.876523972,0
100.3884964,-2.46619153,1,-0.930353463,1,-7.286861897,1,0.898254097,1,3.853964567,1,-1.865525603,1,-0.835757494,0,-1.190405726,0,-2.92054987,0
100.3924942,-2.409000874,1,-0.929109454,1,-7.145368099,1,0.979797184,1,3.978177309,1,-1.924264193,1,-0.790814161,0,-1.18514061,0,-2.964946508,0
100.396492,-2.42183876,1,-0.968370259,1,-7.075104237,1,1.051501989,1,4.09107542,1,-1.973764539,1,-0.745685577,0,-1.178944468,0,-3.009323835,0
100.4004898,-2.51721096,1,-1.113791823,1,-7.081040382,1,1.106882453,1,4.182970524,1,-2.026602745,1,-0.700744271,0,-1.171834588,0,-3.053333759,0
100.4044876,-2.63977313,1,-1.221117377,1,-7.044072628,1,1.149381757,1,4.256307125,1,-2.078050613,1,-0.656364083,0,-1.163842559,0,-3.096664429,0
100.4084854,-2.743672609,1,-1.382546067,1,-7.055472374,1,1.172663569,1,4.320207119,1,-2.132010221,1,-0.612835288,0,-1.155004263,0,-3.139090061,0
100.4124832,-2.919318438,1,-1.434481978,1,-7.09823513,1,1.183489799,1,4.373506069,1,-2.178240776,1,-0.570452154,0,-1.145377874,0,3.102829218,0
100.4164886,-3.036639214,1,-1.460851908,1,-7.216965199,1,1.186020732,1,4.407257557,1,-2.224380493,1,-0.529370308,0,-1.135007024,0,3.062851191,0
100.4204865,-3.224001884,1,-1.43697083,1,-7.32570982,1,1.190398216,1,4.437677383,1,-2.264594793,1,-0.489736676,0,-1.123942256,0,3.024285793,0
100.4244843,-3.534022331,1,-1.35117352,1,-7.353713989,1,1.200383544,1,4.462857723,1,-2.305869579,1,-0.45160678,0,-1.112223387,0,2.987205982,0
100.4284821,-3.891760111,1,-1.209928393,1,-7.435000896,1,1.216286778,1,4.48893261,1,-2.341794014,1,-0.414954782,0,-1.099868417,0,2.951616764,0
100.4324799,-4.335434914,1,-1.160765052,1,-7.538939476,1,1.236504436,1,4.520850658,1,-2.376705885,1,-0.379747838,0,-1.0868994,0,2.917506456,0
100.4364777,-4.779597282,1,-1.086611748,1,-7.67656517,1,1.258410454,1,4.557648182,1,-2.407095671,1,-0.345950335,0,-1.073325515,0,2.88484478,0
100.4404831,-5.324949741,1,-1.153986573,1,-7.79079771,1,1.288487792,1,4.610415459,1,-2.435188055,1,-0.313500643,0,-1.059109211,0,2.853589773,0
100.4444809,-5.731674194,1,-1.129536867,1,-7.950527191,1,1.316237926,1,4.6711483,1,-2.464403868,1,-0.279991627,0,-1.04645443,0,2.83641386,0
100.4484787,-6.055478096,1,-1.170873761,1,-8.111662865,1,1.353540063,1,4.74880743,1,-2.482415438,1,-0.250042409,0,-1.030860066,0,2.807867765,0
100.4524841,-6.415724277,1,-1.219834447,1,-8.251194,1,1.387642741,1,4.823357582,1,-2.512751341,1,-0.221328959,0,-1.014571428,0,2.78064394,0
100.4564819,-6.675471783,1,-1.246333003,1,-8.405529976,1,1.424915433,1,4.908976078,1,-2.530572653,1,-0.193797246,0,-0.997597635,0,2.754704475,0
100.4604797,-6.826359272,1,-1.311808586,1,-8.55514431,1,1.457201958,1,4.99222374,1,-2.555835247,1,-0.167432055,0,-0.97994554,0,2.730035543,0
100.4644775,-6.953410625,1,-1.428159356,1,-8.706871986,1,1.490826249,1,5.054209709,1,-2.58056426,1,-0.14217709,0,-0.961665273,0,2.70657897,0
100.4684753,-7.094435215,1,-1.582564831,1,-8.884613991,1,1.523502111,1,5.12653017,1,-2.599852324,1,-0.117996782,0,-0.94281143,0,2.684309244,0
100.4724731,-7.245080471,1,-1.713045597,1,-9.105606079,1,1.56067276,1,5.187264919,1,-2.634071112,1,-0.094814308,0,-0.923408091,0,2.663132191,0
100.4764786,-7.444291592,1,-1.776541591,1,-9.273965836,1,1.599727869,1,5.237058163,1,-2.669137239,1,-0.072539516,0,-0.903519809,0,2.64298749,0
100.4804764,-7.712319374,1,-1.93652451,1,-9.475423813,1,1.629049659,1,5.283961296,1,-2.712334156,1,-0.051121015,0,-0.883187532,0,2.623780966,0
100.4844742,-7.788016319,1,-2.12021637,1,-9.606712341,1,1.654295564,1,5.320156097,1,-2.756842136,1,-0.030486686,0,-0.862433732,0,2.605428934,0
100.488472,-7.92350769,1,-2.352263451,1,-9.732234955,1,1.679332137,1,5.349245071,1,-2.804354191,1,-0.010617234,0,-0.841321349,0,2.587886333,0
100.4924698,-8.009884834,1,-2.572046995,1,-9.859838486,1,1.694533348,1,5.362571716,1,-2.853504419,1,0.008553662,0,-0.819905519,0,2.571056128,0
100.4964676,-8.088720322,1,-2.822455645,1,-9.977622032,1,1.709952116,1,5.360596657,1,-2.909572124,1,0.027057167,0,-0.798247218,0,2.554909468,0
100.5004654,-8.245807648,1,-3.007972002,1,-10.15008259,1,1.7128582,1,5.338303566,1,-2.96648097,1,0.044917792,0,-0.77643764,0,2.539366007,0
100.5044632,-8.428665161,1,-3.20118165,1,-10.37368107,1,1.718809843,1,5.314015865,1,-3.02110672,1,0.062181536,0,-0.754511595,0,2.524376392,0
100.5084686,-8.825304985,1,-3.401749134,1,-10.5855875,1,1.723598123,1,5.277623653,1,-3.0870502,1,0.078907423,0,-0.732515454,0,2.509847403,0
100.5124664,-9.307995796,1,-3.606300592,1,-10.82488155,1,1.724349618,1,5.249595642,1,-3.170931101,1,0.095159717,0,-0.710456252,0,2.495680571,0
100.5164642,-9.535136223,1,-3.778356075,1,-12.08725739,1,1.679212093,1,5.224891186,1,-3.307418108,1,0.110989772,0,-0.688304901,0,2.481711864,0
100.520462,-10.30767059,1,-3.810750246,1,-11.31301212,1,1.695285201,1,5.189115047,1,-3.398476124,1,0.126508012,0,-0.665981412,0,2.467729568,0
100.5244598,-10.89818668,1,-3.704952002,1,-11.4650259,1,1.711396217,1,5.093523979,1,-3.505648613,1,0.141704097,0,-0.643741667,0,2.453929424,0
100.5284576,-12.1186142,1,-4.407853603,1,-12.29236984,1,1.688806772,1,5.029646873,1,-3.630345345,1,0.156650037,0,-0.62161684,0,2.440161943,0
100.5324554,-13.28688526,1,-5.088993073,1,-12.84172821,1,1.631016016,1,4.99198103,1,-3.809985638,1,0.171275005,0,-0.599409938,0,2.426249266,0
100.5364609,-14.35641289,1,-5.386918545,1,-13.21556568,1,1.547387838,1,4.953330517,1,-4.030866623,1,0.185576752,0,-0.577055812,0,2.411946774,0
100.5404587,-15.54266357,1,-5.523628235,1,-13.56168556,1,1.437398434,1,4.904925823,1,-4.267283916,1,0.19950445,0,-0.554531038,0,2.397122383,0
100.5444565,-16.95779991,1,-5.779248238,1,-13.93903637,1,1.298826933,1,4.845304489,1,-4.52009964,1,0.212965876,0,-0.531844974,0,2.381695509,0
100.5484543,-18.41927147,1,-5.643126011,1,-14.21990681,1,1.131552815,1,4.780673504,1,-4.775609016,1,0.225839525,0,-0.509002507,0,2.365604877,0
100.5524521,-20.19062042,1,-5.361018658,1,-14.24301624,1,0.945438147,1,4.715056419,1,-5.027999878,1,0.237982467,0,-0.486016512,0,2.348858833,0
100.5564499,-21.94239998,1,-4.365755558,1,-13.99249268,1,0.771514237,1,4.649612904,1,-5.260523319,1,0.249342218,0,-0.462881714,0,2.331481695,0
100.5604553,-24.16264725,1,-3.288262606,1,-13.2860136,1,0.659473002,1,4.579778194,1,-5.451028824,1,0.259985954,0,-0.43962574,0,2.31360364,0
100.5644455,-26.24740601,1,-2.847296715,1,-12.27088261,1,0.599050164,1,4.54355526,1,-5.595899582,1,0.270040274,0,-0.416222394,0,2.295406818,0
100.5684509,-27.66908646,1,-1.957712889,1,-10.97276306,1,0.58619386,1,4.504714966,1,-5.682818413,1,0.279600888,0,-0.392674208,0,2.277119637,0
100.5724564,-28.73252106,1,-1.35334599,1,-9.097870827,1,0.601430535,1,4.447827816,1,-5.714099884,1,0.288727373,0,-0.369082093,0,2.258945227,0
100.5764542,-29.65196037,1,-1.912601709,1,-7.06148243,1,0.591374993,1,4.376616001,1,-5.663025379,1,0.29735899,0,-0.345601439,0,2.241110563,0
100.580452,-29.55162621,1,-2.25059104,1,-5.131103516,1,0.579970479,1,4.25328207,1,-5.528419495,1,0.305346966,0,-0.322452754,0,2.223886967,0
100.5844498,-28.91949463,1,-1.989753127,1,-3.239876032,1,0.547201097,1,4.050476551,1,-5.317005157,1,0.31262666,0,-0.300014108,0,2.207473993,0
100.5884476,-28.01464081,1,-1.095775127,1,-1.372400999,1,0.55707252,1,3.784225941,1,-5.029592991,1,0.31923002,0,-0.278670698,0,2.192029476,0
100.5924454,-27.13787079,1,0.781170845,1,0.090062529,1,0.639799654,1,3.451655626,1,-4.686627388,1,0.32542336,0,-0.258767813,0,2.177647114,0
100.5964508,-25.70498466,1,3.978590727,1,1.349982858,1,0.84574312,1,3.076018572,1,-4.328100204,1,0.331621826,0,-0.240564227,0,2.164386272,0
100.6004486,-24.47599411,1,6.972084045,1,2.553021431,1,1.195441604,1,2.662279367,1,-3.948812485,1,0.33848089,0,-0.22429581,0,2.152187586,0
100.6044464,-23.42482567,1,9.887667656,1,2.982863665,1,1.683339834,1,2.255944014,1,-3.57613349,1,0.346613109,0,-0.209980458,0,2.141071558,0
100.6084442,-23.32987976,1,12.07944107,1,3.219092131,1,2.253858328,1,1.862001777,1,-3.237057447,1,0.356535047,0,-0.197561845,0,2.130907059,0
100.612442,-24.13134384,1,13.03604984,1,3.427048922,1,2.811933994,1,1.522645712,1,-2.93368125,1,0.368447542,0,-0.186869562,0,2.121606827,0
100.6164398,-25.1847229,1,13.06968307,1,3.722483873,1,3.306390762,1,1.230379224,1,-2.647668123,1,0.382249773,0,-0.177643582,0,2.113105774,0
100.6204453,-26.53622627,1,12.2845068,1,3.728571415,1,3.669975519,1,0.960572481,1,-2.379836321,1,0.397593737,0,-0.169772729,0,2.105356216,0
100.6244354,-27.77441216,1,11.12352467,1,3.846046448,1,3.861542463,1,0.722847402,1,-2.13097477,1,0.413879335,0,-0.163137704,0,2.098291159,0
100.6284409,-28.6964817,1,9.377376556,1,4.101269722,1,3.849123955,1,0.527613401,1,-1.89299047,1,0.430370539,0,-0.157570675,0,2.091892719,0
100.6324387,-29.06424713,1,6.977149963,1,4.346119404,1,3.607410192,1,0.377408236,1,-1.661581993,1,0.446224153,0,-0.152912185,0,2.086144924,0
100.6364365,-28.65074539,1,4.606861591,1,4.342292786,1,3.143725395,1,0.217156991,1,-1.424647927,1,0.460540831,0,-0.14912501,0,2.081057787,0
100.6404343,-27.84374237,1,2.433994532,1,4.374731064,1,2.499409676,1,0.066144057,1,-1.161749959,1,0.472524822,0,-0.146299258,0,2.076625586,0
100.6444321,-26.71604729,1,0.632358849,1,3.947716475,1,1.738754392,1,-0.125928953,1,-0.863451898,1,0.481567919,0,-0.144537181,0,2.072927475,0
100.6484299,-9.493448257,1,-10.72726727,1,0.692668617,1,0.298238754,1,-0.757215261,1,-0.19141385,1,0.486258119,0,-0.144849911,0,2.070196152,0
100.6524277,-34.97615433,1,-1.068414807,1,6.325778008,1,-0.655581295,1,-2.029132605,1,0.831884086,1,0.485571295,0,-0.150505885,0,2.068716526,0
100.6564331,-31.53037834,1,5.954936028,1,11.48801613,1,-1.295546055,1,-2.294846296,1,1.477758765,1,0.481672883,0,-0.160478652,0,2.068707943,0
100.6604309,-13.31480408,1,7.027079582,1,13.02481842,1,-1.446296096,1,-2.606953382,1,2.147001743,1,0.475604147,0,-0.172378555,0,2.070711613,0
100.6644287,-0.843230486,1,8.586600304,1,8.438426018,1,-1.238449693,1,-3.026269197,1,2.719737053,1,0.469719321,0,-0.186928719,0,2.074335098,0
100.6684265,-1.221991658,1,4.297792912,1,-1.904773712,1,-1.490116119,1,-3.40417695,1,3.08058095,1,0.463372082,0,-0.203617901,0,2.07906723,0
100.6724243,-11.58958912,1,-1.534621954,1,-15.06542873,1,-1.587963581,1,-3.515220642,1,3.135589361,1,0.456077278,0,-0.221737206,0,2.084203482,0
100.6764221,-9.16991806,1,-6.040788174,1,-24.04869461,1,-1.41891396,1,-3.184350967,1,3.041918755,1,0.448807031,0,-0.239233613,0,2.08959198,0
100.6804276,-6.077291489,1,-12.87826252,1,-26.45670128,1,-1.264966011,1,-2.551846743,1,2.780345917,1,0.442105412,0,-0.254634023,0,2.09540987,0
100.6844254,-4.74881506,1,-16.23423386,1,-22.12833405,1,-1.276857615,1,-2.120437622,1,2.460676193,1,0.435519278,0,-0.267467171,0,2.10108161,0
100.6884232,-0.753849208,1,-15.80220222,1,-15.54170418,1,-1.381766438,1,-2.042904377,1,2.309148312,1,0.428745747,0,-0.278980792,0,2.106461525,0
100.6924286,-0.678607047,1,-9.61046505,1,-10.29856205,1,-1.317130208,1,-2.319602489,1,2.298520088,1,0.424277246,0,-0.291646659,0,2.125082731,0
100.696434,0.979725122,1,-6.27697897,1,-6.699055195,1,-1.375956774,1,-2.897087097,1,2.250384569,1,0.417770028,0,-0.304809153,0,2.129351854,0
100.7004318,2.216792583,1,-2.866411448,1,-5.822214127,1,-1.500069261,1,-3.652476549,1,2.324593782,1,0.410975397,0,-0.320485055,0,2.132531404,0
100.7044296,1.57249248,1,-3.034239769,1,-6.869663715,1,-1.562432528,1,-4.277256489,1,2.452881336,1,0.404025793,0,-0.338861763,0,2.135195494,0
100.7084274,-5.957286835,1,-5.097172737,1,-9.976059914,1,-1.686387539,1,-4.659556866,1,2.4398067,1,0.396784872,0,-0.359247386,0,2.137340307,0
100.7124252,-12.72284412,1,-2.90461421,1,-14.26038361,1,-1.711396456,1,-4.538823128,1,2.274619102,1,0.389292121,0,-0.379972547,0,2.139102221,0
100.7164307,-18.71154022,1,-2.367596388,1,-15.96234322,1,-1.733628869,1,-4.191103458,1,2.167817354,1,0.381683916,0,-0.399516374,0,2.140853882,0
100.7204285,-20.70630074,1,-2.53119874,1,-17.554533,1,-1.691951036,1,-3.686221361,1,2.069877625,1,0.37396735,0,-0.417261213,0,2.143096447,0
100.7244263,-22.67427635,1,1.640912533,1,-16.11454201,1,-1.549302578,1,-3.268019199,1,2.088200808,1,0.36628446,0,-0.433221817,0,2.146079779,0
100.7284241,-21.16577911,1,3.614590168,1,-14.42276287,1,-1.322483301,1,-2.752250671,1,1.968974352,1,0.358916283,0,-0.447396189,0,2.149791956,0
100.7324219,-19.32835579,1,4.589821815,1,-11.9574461,1,-1.093977094,1,-2.315884352,1,1.923658609,1,0.352256536,0,-0.459617883,0,2.153985023,0
100.7364197,-17.46165085,1,3.885255337,1,-10.84429741,1,-0.863390505,1,-1.997431874,1,1.811488509,1,0.346312284,0,-0.470243007,0,2.158532619,0
100.7404251,-15.11559677,1,1.752817512,1,-10.20636368,1,-0.691142619,1,-1.686768532,1,1.610686064,1,0.341139644,0,-0.479502618,0,2.16301918,0
100.7444153,-12.22486591,1,-0.596159756,1,-9.903794289,1,-0.734205782,1,-1.379160166,1,1.493748784,1,0.336355865,0,-0.487342745,0,2.167302132,0
100.7484207,-12.00444603,1,-0.90752542,1,-9.283421516,1,-0.688107729,1,-1.190117478,1,1.299414873,1,0.331464142,0,-0.493996024,0,2.17146492,0
100.7524185,-9.490655899,1,-2.899844408,1,-9.27600193,1,-0.582671404,1,-1.024850368,1,1.112933874,1,0.327310205,0,-0.499769449,0,2.174955606,0
100.7564163,-8.499180794,1,-3.258798599,1,-9.293694496,1,-0.572604179,1,-0.854007065,1,0.969492257,1,0.323438495,0,-0.504639745,0,2.178107977,0
100.7604141,-8.237236977,1,-2.839354992,1,-9.133250237,1,-0.534672856,1,-0.723464608,1,0.886397541,1,0.319877923,0,-0.508812845,0,2.180963278,0
100.7644119,-10.12030506,1,-2.99454999,1,-8.893637657,1,-0.551479042,1,-0.528941274,1,0.762813628,1,0.316346943,0,-0.512227654,0,2.183677912,0
100.7684097,-9.838133812,1,-2.097381115,1,-9.003142357,1,-0.479285568,1,-0.40203467,1,0.594344854,1,0.313143671,0,-0.514822662,0,2.185990572,0
100.7724152,-8.856516838,1,-2.318700314,1,-9.145242691,1,-0.421371311,1,-0.279634714,1,0.457327157,1,0.310449958,0,-0.516739368,0,2.18780303,0
100.776413,-7.165536404,1,-1.854342103,1,-8.942424774,1,-0.344195783,1,-0.271838725,1,0.379686147,1,0.308197856,0,-0.518271208,0,2.189258099,0
100.7804108,-7.20177412,1,-2.340521812,1,-9.779493332,1,-0.25859049,1,-0.227536604,1,0.288769066,1,0.306449175,0,-0.519645274,0,2.190379858,0
100.7844086,-6.148636818,1,-2.521807671,1,-9.226164818,1,-0.211255565,1,-0.203536794,1,0.255316615,1,0.305094242,0,-0.520774305,0,2.191256046,0
100.7884064,-5.836965084,1,-3.131588459,1,-8.93731308,1,-0.18066825,1,-0.189712316,1,0.251448184,1,0.303902119,0,-0.521819174,0,2.192103386,0
100.7924042,-5.848360062,1,-3.846334457,1,-8.687139511,1,-0.170921177,1,-0.185314789,1,0.230091989,1,0.302802682,0,-0.52282095,0,2.192902565,0
100.796402,-5.465357304,1,-4.09956646,1,-8.37220192,1,-0.156792477,1,-0.182075381,1,0.228415087,1,0.301771164,0,-0.523790002,0,2.193653822,0
100.8004074,-5.263691425,1,-4.512672901,1,-8.141578674,1,-0.161968172,1,-0.172458366,1,0.254126996,1,0.30071336,0,-0.52476126,0,2.194473267,0
100.8044052,-5.229634762,1,-4.657709122,1,-8.361893654,1,-0.175027668,1,-0.159198016,1,0.279238313,1,0.2995556,0,-0.525711477,0,2.195436954,0
100.808403,-4.10769558,1,-4.588183403,1,-8.581778526,1,-0.170903042,1,-0.170907006,1,0.287994444,1,0.298338324,0,-0.526650548,0,2.196469784,0
100.8124084,-3.074688673,1,-3.936113596,1,-8.907822609,1,-0.168194637,1,-0.228797927,1,0.308401763,1,0.29712674,0,-0.527769923,0,2.197517633,0
100.8164139,-3.215586662,1,-3.176750183,1,-9.362751007,1,-0.150017738,1,-0.298538864,1,0.325961649,1,0.295951843,0,-0.529152572,0,2.198565483,0
100.8204117,-4.35124588,1,-2.46944046,1,-9.214308739,1,-0.119875155,1,-0.340448171,1,0.335077882,1,0.294883668,0,-0.530775249,0,2.199606895,0
100.8244095,-5.330204964,1,-2.145476341,1,-8.875344276,1,-0.07182847,1,-0.362992287,1,0.317853659,1,0.293993145,0,-0.532499313,0,2.200580835,0
100.8284073,-5.435553551,1,-2.133628368,1,-8.801060677,1,-0.028215788,1,-0.365949303,1,0.278601825,1,0.293349743,0,-0.534252167,0,2.201422215,0
100.8324051,-4.537418365,1,-2.257379293,1,-9.07865715,1,0.016312409,1,-0.394819021,1,0.250317514,1,0.293000638,0,-0.536017954,0,2.202081203,0
100.8364105,-4.455650806,1,-2.421504498,1,-9.298019409,1,0.056810599,1,-0.422943592,1,0.243980974,1,0.292861819,0,-0.537871182,0,2.202636957,0
100.8404007,-4.414293766,1,-2.874799013,1,-8.978265762,1,0.06417165,1,-0.455183029,1,0.252907693,1,0.292851269,0,-0.539852083,0,2.203146935,0
100.8444061,-4.920185089,1,-3.388803244,1,-8.730672836,1,0.06307283,1,-0.479148239,1,0.247072265,1,0.292864978,0,-0.541921735,0,2.203621387,0
100.8484039,-5.291973114,1,-3.329110861,1,-8.566847801,1,0.05839603,1,-0.487508744,1,0.241427451,1,0.292872369,0,-0.544046402,0,2.204059601,0
100.8524017,-5.289770126,1,-3.148288965,1,-8.383878708,1,0.051039916,1,-0.48480016,1,0.227581233,1,0.29288888,0,-0.546187282,0,2.204459667,0
100.8563995,-5.559497833,1,-3.128722429,1,-8.373247147,1,0.044157982,1,-0.485587955,1,0.227594838,1,0.292887449,0,-0.548305869,0,2.204838037,0
100.8603973,-5.746207237,1,-3.219730139,1,-8.106016159,1,0.031187072,1,-0.467602849,1,0.198204741,1,0.29287228,0,-0.550376058,0,2.205145359,0
100.8643951,-5.53883791,1,-3.127446651,1,-8.009633064,1,0.015702754,1,-0.463009179,1,0.175494179,1,0.292857111,0,-0.552373052,0,2.205366135,0
100.8683929,-5.732052326,1,-2.90085125,1,-8.077115059,1,0.010746898,1,-0.448488206,1,0.154579774,1,0.292840898,0,-0.554309845,0,2.205496788,0
100.8723984,-5.755306721,1,-2.693053961,1,-7.964191437,1,0.00429543,1,-0.428535491,1,0.123809114,1,0.292859703,0,-0.556152523,0,2.205523729,0
100.8763962,-5.698882103,1,-2.609643221,1,-7.987308979,1,0.001491,1,-0.409688205,1,0.09721227,1,0.292915225,0,-0.557887554,0,2.205449343,0
100.880394,-5.46849823,1,-2.662189484,1,-8.148424149,1,0.006618024,1,-0.395873368,1,0.065617733,1,0.293024689,0,-0.559520543,0,2.205269575,0
100.8843918,-5.245690823,1,-2.618381977,1,-8.195402145,1,0.005028987,1,-0.392583281,1,0.045120914,1,0.293204993,0,-0.561102927,0,2.204977036,0
100.8883896,-5.409691334,1,-2.433289528,1,-8.233517647,1,0.01204755,1,-0.395812958,1,0.028976833,1,0.293429226,0,-0.562651932,0,2.204619646,0
100.8923874,-5.542183399,1,-2.238872528,1,-8.163657188,1,0.026935752,1,-0.385411739,1,0.014713764,1,0.293745458,0,-0.5641734,0,2.204179764,0
100.8963928,-5.469047546,1,-2.324716806,1,-8.081585884,1,0.046528131,1,-0.386653244,1,-0.003810356,1,0.294163465,0,-0.565664172,0,2.203669786,0
100.9003906,-5.314863682,1,-2.294008255,1,-8.138443947,1,0.06408491,1,-0.378166527,1,-0.019719597,1,0.294700891,0,-0.567101717,0,2.203091145,0
100.9043884,-5.154597759,1,-2.231199026,1,-8.120373726,1,0.091592826,1,-0.374352247,1,-0.034118313,1,0.295357168,0,-0.568512559,0,2.202447414,0
100.9083862,-5.031856537,1,-2.374899387,1,-8.20096302,1,0.11865925,1,-0.373545557,1,-0.034147456,1,0.296147406,0,-0.569899321,0,2.201766253,0
100.912384,-4.883770943,1,-2.63476944,1,-8.21681881,1,0.132547304,1,-0.387035191,1,-0.036236815,1,0.297026396,0,-0.571302533,0,2.201066017,0
100.9163818,-4.941516399,1,-2.770220518,1,-8.137446404,1,0.143910065,1,-0.383740246,1,-0.030604813,1,0.297950685,0,-0.572738469,0,2.200365543,0
100.9203873,-4.956550598,1,-3.085762739,1,-8.022229195,1,0.152391627,1,-0.383437455,1,-0.01431545,1,0.298894495,0,-0.574179947,0,2.19972086,0
100.9243851,-4.955636978,1,-3.464107513,1,-7.889820099,1,0.144462436,1,-0.37991336,1,0.001472891,1,0.299809813,0,-0.575636983,0,2.199148893,0
100.9283829,-5.050925255,1,-3.863655806,1,-7.811802864,1,0.131741792,1,-0.374540299,1,0.022558438,1,0.300628215,0,-0.577095687,0,2.198673725,0
100.9323883,-4.935619354,1,-4.157735348,1,-7.681968689,1,0.114084087,1,-0.360600322,1,0.048234656,1,0.301317692,0,-0.57853651,0,2.198309183,0
100.9363937,-4.914574146,1,-4.098511219,1,-7.656594753,1,0.095052443,1,-0.354118854,1,0.074184917,1,0.301852733,0,-0.57998091,0,2.198082209,0
100.9403915,-5.147933483,1,-3.946007967,1,-7.540061474,1,0.071972087,1,-0.336031169,1,0.097809061,1,0.277687579,0,-0.647420943,0,2.186636925,0
100.9443893,-5.217371464,1,-3.841487885,1,-7.413454533,1,0.066992372,1,-0.313806087,1,0.120909356,1,0.279436171,0,-0.649538457,0,2.198177814,0
100.9483871,-5.198235989,1,-3.810335636,1,-7.469975471,1,0.058034461,1,-0.299890697,1,0.136060357,1,0.279558003,0,-0.650853574,0,2.19837451,0
100.9523849,-5.053090572,1,-3.692643642,1,-7.651885986,1,0.04038633,1,-0.289968222,1,0.152702659,1,0.279592097,0,-0.652138829,0,2.198659897,0
100.9563904,-5.049706936,1,-3.203911066,1,-7.820068359,1,0.031284332,1,-0.294099063,1,0.165015459,1,0.279512167,0,-0.65343833,0,2.199019909,0
100.9603882,-5.126196861,1,-2.636425018,1,-7.858304024,1,0.029626949,1,-0.302864581,1,0.167140529,1,0.279376805,0,-0.654776573,0,2.199412346,0
100.964386,-5.308578014,1,-2.262219429,1,-7.916173458,1,0.068364434,1,-0.299746096,1,0.163156465,1,0.279346079,0,-0.656112134,0,2.199795961,0
100.9683838,-5.225208759,1,-2.284538507,1,-7.901241779,1,0.099481627,1,-0.297123194,1,0.159784719,1,0.279456764,0,-0.657430232,0,2.200162888,0
100.9723816,-5.130595684,1,-2.378118753,1,-7.93505621,1,0.117973953,1,-0.299665838,1,0.146858051,1,0.279697299,0,-0.658742726,0,2.200493813,0
100.9763794,-5.109907627,1,-2.387390375,1,-7.969237328,1,0.138731226,1,-0.307154834,1,0.139648363,1,0.280045807,0,-0.660070598,0,2.200767279,0
100.9803848,-5.166565418,1,-2.367029667,1,-7.910738468,1,0.138081372,1,-0.316135049,1,0.136386424,1,0.280458212,0,-0.661418378,0,2.201001644,0
100.9843826,-5.280887127,1,-2.362815619,1,-7.833405972,1,0.154077336,1,-0.319895178,1,0.128721029,1,0.280917883,0,-0.662777245,0,2.201208353,0
100.9883804,-5.251572609,1,-2.789791346,1,-7.779168606,1,0.150545508,1,-0.311826795,1,0.124774925,1,0.281428516,0,-0.664140284,0,2.201387405,0
100.9923782,-5.151193619,1,-2.967416048,1,-7.700437546,1,0.133060589,1,-0.318639398,1,0.132180035,1,0.281881005,0,-0.665504456,0,2.201569319,0
100.996376,-5.206954956,1,-3.355411768,1,-7.588996887,1,0.122985728,1,-0.310673326,1,0.137746856,1,0.282266706,0,-0.666864991,0,2.201770067,0
101.0003738,-5.169231892,1,-3.681138039,1,-7.579171658,1,0.095110558,1,-0.310368299,1,0.157630712,1,0.282532334,0,-0.66821897,0,2.202052116,0
101.0043793,-5.161393166,1,-3.950707912,1,-7.505448341,1,0.047923703,1,-0.307441562,1,0.177973583,1,0.282583416,0,-0.669577122,0,2.202427387,0
101.0083771,-5.227975845,1,-3.84951663,1,-7.444842815,1,0.021404773,1,-0.299536914,1,0.196432799,1,0.282420635,0,-0.670951366,0,2.202907562,0
101.0123749,-5.301864624,1,-3.706215858,1,-7.435027599,1,0.005817059,1,-0.291351438,1,0.22083284,1,0.282095015,0,-0.672320366,0,2.203513145,0
101.0163727,-5.339033127,1,-3.712050676,1,-7.388072491,1,-0.006522761,1,-0.276645005,1,0.240790263,1,0.28162545,0,-0.673665762,0,2.204245329,0
101.0203705,-5.375751019,1,-3.654747486,1,-7.398741722,1,-0.028881347,1,-0.264941931,1,0.251972735,1,0.281038642,0,-0.674975991,0,2.205080032,0
101.0243683,-5.481027126,1,-3.487873554,1,-7.423250675,1,-0.040635876,1,-0.255143464,1,0.268968433,1,0.280321717,0,-0.676266015,0,2.205994606,0
101.0283737,-5.566102505,1,-3.287407398,1,-7.374635696,1,-0.043145433,1,-0.241988331,1,0.273558497,1,0.279524505,0,-0.677523971,0,2.206986904,0
101.0323715,-5.489524364,1,-3.188521862,1,-7.370613098,1,-0.052054401,1,-0.226082474,1,0.279431552,1,0.278668851,0,-0.678722322,0,2.208033562,0
101.0363693,-5.447875977,1,-3.261368275,1,-7.468657017,1,-0.071691141,1,-0.213941053,1,0.286236078,1,0.277742624,0,-0.679877281,0,2.209122896,0
101.0403671,-5.355873108,1,-3.156564474,1,-7.434598923,1,-0.101481326,1,-0.211178333,1,0.28233391,1,0.27670154,0,-0.681003213,0,2.210225105,0
101.0443649,-5.427546024,1,-2.876162291,1,-7.451182365,1,-0.101666704,1,-0.202453956,1,0.276896864,1,0.275604546,0,-0.682102323,0,2.211317539,0
101.0483627,-5.49219656,1,-2.735187292,1,-7.521962643,1,-0.099414356,1,-0.194760397,1,0.277626991,1,0.274503469,0,-0.68316716,0,2.212422371,0
101.0523682,-5.428768158,1,-2.745197296,1,-7.510063171,1,-0.105169468,1,-0.192691237,1,0.276091456,1,0.27339232,0,-0.684206069,0,2.213537455,0
101.0563736,-5.464420795,1,-2.740173101,1,-7.577961922,1,-0.103514448,1,-0.190882325,1,0.269346029,1,0.272296578,0,-0.685224473,0,2.214620352,0
101.0603714,-5.50458765,1,-2.646885395,1,-7.641619205,1,-0.106940739,1,-0.187365949,1,0.268228233,1,0.271192729,0,-0.686233401,0,2.215697527,0
101.0643768,-5.439793587,1,-2.70271349,1,-7.637597084,1,-0.107024886,1,-0.184322938,1,0.2649014,1,0.270098209,0,-0.687228799,0,2.216756105,0
101.068367,-5.445081234,1,-2.768182039,1,-7.647688866,1,-0.101184092,1,-0.180718571,1,0.262575984,1,0.269019365,0,-0.688207984,0,2.217818022,0
101.0723724,-5.469078541,1,-3.046799183,1,-7.617738724,1,-0.115760945,1,-0.177151933,1,0.266475141,1,0.267910391,0,-0.689176679,0,2.218890429,0
101.0763702,-5.306095123,1,-3.077477932,1,-7.548203945,1,-0.132165805,1,-0.180637464,1,0.271690547,1,0.266711771,0,-0.690150678,0,2.219986677,0
101.080368,-5.414592743,1,-2.996245623,1,-7.601004124,1,-0.136547968,1,-0.174061567,1,0.276491523,1,0.265447319,0,-0.691125035,0,2.221115589,0
101.0843658,-5.299093246,1,-2.91574049,1,-7.655716419,1,-0.131881967,1,-0.168326303,1,0.289813399,1,0.264156818,0,-0.692077637,0,2.222306967,0
101.0883636,-5.342867851,1,-2.9816854,1,-7.699759483,1,-0.129858494,1,-0.172489345,1,0.29764086,1,0.262850076,0,-0.693039238,0,2.22355032,0
101.0923615,-5.497414589,1,-2.850005627,1,-7.680665016,1,-0.129731461,1,-0.177268252,1,0.309028268,1,0.261511266,0,-0.694027305,0,2.224837303,0
101.0963593,-5.43992281,1,-2.914447546,1,-7.628284931,1,-0.123783313,1,-0.182585761,1,0.318879962,1,0.2601524,0,-0.695042849,0,2.226174831,0
101.1003647,-5.399254799,1,-3.023711681,1,-7.741632462,1,-0.121935166,1,-0.185736388,1,0.328045487,1,0.258777738,0,-0.696089625,0,2.227553606,0
101.1043625,-5.352096081,1,-3.03146863,1,-7.831997871,1,-0.121315189,1,-0.196759596,1,0.340076059,1,0.257374376,0,-0.697174013,0,2.228979349,0
101.1083603,-5.360033512,1,-3.001453161,1,-7.870789051,1,-0.115974881,1,-0.209347799,1,0.351291358,1,0.255955189,0,-0.698309004,0,2.230452061,0
101.1123581,-5.347872257,1,-2.977339983,1,-7.928057194,1,-0.113600954,1,-0.219926879,1,0.369696915,1,0.254513025,0,-0.699504077,0,2.231990337,0
101.1163559,-5.344167709,1,-2.965901136,1,-7.925927162,1,-0.109500907,1,-0.242468804,1,0.382409334,1,0.253040403,0,-0.700772882,0,2.233579397,0
101.1203537,-5.33185339,1,-2.972756624,1,-7.939885139,1,-0.111299872,1,-0.258701384,1,0.394348621,1,0.25152725,0,-0.702133,0,2.235234499,0
101.1243591,-5.285982609,1,-2.9680233,1,-8.042876244,1,-0.106765211,1,-0.281490505,1,0.405175656,1,0.250014037,0,-0.70356369,0,2.236907005,0
101.1283569,-5.244205952,1,-3.072223186,1,-8.096404076,1,-0.120909341,1,-0.301904827,1,0.422761828,1,0.248438343,0,-0.705103517,0,2.238635778,0
101.1323547,-5.195144176,1,-2.911901951,1,-8.056606293,1,-0.126274794,1,-0.328568012,1,0.433325022,1,0.246785209,0,-0.706748426,0,2.240417242,0
101.1363525,-5.237867355,1,-2.802220821,1,-8.069283485,1,-0.123273186,1,-0.357561707,1,0.446186036,1,0.245124251,0,-0.708504379,0,2.242214918,0
101.1403503,-5.241175652,1,-2.855352402,1,-8.104239464,1,-0.125888675,1,-0.377636164,1,0.45793879,1,0.243421972,0,-0.710365534,0,2.244058132,0
101.1443481,-5.210441589,1,-2.88943243,1,-8.110237122,1,-0.133936837,1,-0.409463257,1,0.459694266,1,0.241695553,0,-0.71232456,0,2.245908022,0
101.1483536,-5.21229744,1,-2.715843201,1,-8.173325539,1,-0.139916301,1,-0.436127782,1,0.45685938,1,0.239951938,0,-0.71439898,0,2.247731686,0
101.1523514,-5.125809669,1,-2.575217485,1,-8.317284584,1,-0.147369266,1,-0.465737581,1,0.450493664,1,0.238209546,0,-0.716589928,0,2.249510527,0
101.1563492,-5.162429333,1,-2.175976276,1,-8.398952484,1,-0.143145517,1,-0.503072858,1,0.448793232,1,0.236489266,0,-0.718887031,0,2.251228571,0
101.160347,-5.270170212,1,-2.162428617,1,-8.561605453,1,-0.140267208,1,-0.531781316,1,0.439100355,1,0.234833121,0,-0.721315205,0,2.252879143,0
101.1643448,-5.184967041,1,-2.359233141,1,-8.698155403,1,-0.141291231,1,-0.585361719,1,0.427902013,1,0.233254373,0,-0.723890662,0,2.254422188,0
101.1683426,-5.126678944,1,-2.448448658,1,-8.700039864,1,-0.154658481,1,-0.635806322,1,0.422271162,1,0.231693372,0,-0.726646185,0,2.255874157,0
101.172348,-5.112708569,1,-2.446443796,1,-8.811953545,1,-0.148108646,1,-0.699836731,1,0.418342382,1,0.230183676,0,-0.729635775,0,2.257241488,0
101.1763535,-5.155599594,1,-2.432780743,1,-8.882917404,1,-0.135516435,1,-0.755938649,1,0.422566831,1,0.228736013,0,-0.732850134,0,2.25855732,0
101.1803513,-5.050889015,1,-2.504003525,1,-9.005434036,1,-0.123367481,1,-0.820241868,1,0.424356312,1,0.227383956,0,-0.736302435,0,2.259818554,0
101.1843567,-4.945700645,1,-2.536556959,1,-9.145042419,1,-0.104595736,1,-0.89440763,1,0.432107627,1,0.226110771,0,-0.740026474,0,2.261038065,0
101.1883545,-4.896917343,1,-2.449346781,1,-9.239495277,1,-0.101383433,1,-0.967170835,1,0.437728494,1,0.224890009,0,-0.74405551,0,2.262218475,0
101.1923523,-5.012519836,1,-2.286721945,1,-9.326378822,1,-0.093006067,1,-1.042930722,1,0.445340961,1,0.225162774,0,-0.748976648,0,2.272455454,0
101.1963501,-5.209437847,1,-2.271628141,1,-9.471545219,1,-0.077327378,1,-1.12827301,1,0.451668829,1,0.224095553,0,-0.753602564,0,2.273525238,0
101.2003479,-5.025287628,1,-2.345155001,1,-9.565979958,1,-0.078440361,1,-1.209213018,1,0.455793887,1,0.223083153,0,-0.758553326,0,2.274540901,0
101.2043457,-5.176086903,1,-2.445111036,1,-9.775956154,1,-0.079415202,1,-1.297827959,1,0.479490727,1,0.222093225,0,-0.76385051,0,2.275519609,0
101.2083511,-4.978585243,1,-2.606623411,1,-9.737435341,1,-0.09459915,1,-1.378529429,1,0.495498955,1,0.221030101,0,-0.769496083,0,2.276542664,0
101.2123489,-4.653047085,1,-2.726968765,1,-9.526646614,1,-0.098320164,1,-1.473527551,1,0.520957589,1,0.219928667,0,-0.775498271,0,2.277567863,0
101.2163467,-4.888381004,1,-2.827928543,1,-9.626899719,1,-0.104489647,1,-1.561386108,1,0.549010396,1,0.218773752,0,-0.781889081,0,2.278636217,0
101.2203445,-4.964113235,1,-3.123158932,1,-9.52166748,1,-0.129330948,1,-1.653997898,1,0.578224182,1,0.217505559,0,-0.788653135,0,2.279784679,0
101.2243423,-5.145941734,1,-3.462855101,1,-9.597311974,1,-0.154371813,1,-1.7591573,1,0.61863476,1,0.216061339,0,-0.795831084,0,2.281011343,0
101.2283401,-5.056166649,1,-3.578515053,1,-9.480113029,1,-0.211454555,1,-1.849323034,1,0.655113518,1,0.214340195,0,-0.803418696,0,2.28237319,0
101.2323456,-4.769320488,1,-3.316641569,1,-9.347905159,1,-0.231150419,1,-1.969740868,1,0.695653975,1,0.212387994,0,-0.811453998,0,2.283846855,0
101.2363434,-4.840978622,1,-3.262355804,1,-9.546276093,1,-0.236565351,1,-2.081519604,1,0.743316948,1,0.210274875,0,-0.81998992,0,2.285472393,0
101.2403412,-4.927550316,1,-3.495092154,1,-9.59926033,1,-0.238406479,1,-2.20139122,1,0.803286731,1,0.20798412,0,-0.829008937,0,2.287307978,0
101.244339,-5.047480106,1,-3.81377244,1,-10.00019741,1,-0.26109764,1,-2.336854696,1,0.865239382,1,0.205448449,0,-0.838560462,0,2.289390564,0
101.2483368,-4.721822739,1,-3.899735212,1,-10.26964092,1,-0.294373095,1,-2.479875565,1,0.930535793,1,0.202571675,0,-0.848716617,0,2.291761875,0
101.2523346,-4.575917244,1,-4.236196995,1,-10.61283493,1,-0.344199955,1,-2.656473637,1,1.004308343,1,0.199299842,0,-0.859546602,0,2.294414282,0
101.25634,-4.348083496,1,-4.613820553,1,-10.95569324,1,-0.379015774,1,-2.854788542,1,1.087403297,1,0.195570558,0,-0.871166945,0,2.297406912,0
101.2603302,-4.187339783,1,-5.214139938,1,-11.22603226,1,-0.417554438,1,-3.07840085,1,1.189016581,1,0.19134225,0,-0.883667827,0,2.300825834,0
101.2643356,-4.16848135,1,-5.953850746,1,-11.49630165,1,-0.450709701,1,-3.317715406,1,1.321074009,1,0.186484233,0,-0.897179186,0,2.304835558,0
101.2683334,-4.262996197,1,-6.718288898,1,-11.66336632,1,-0.474055409,1,-3.568342447,1,1.482646823,1,0.180824414,0,-0.911736429,0,2.309673071,0
101.2723312,-3.625199795,1,-7.37396574,1,-11.79348183,1,-0.493648559,1,-3.840866327,1,1.674679279,1,0.174155563,0,-0.92742908,0,2.315613985,0
101.276329,-3.284475088,1,-7.78850317,1,-11.88643456,1,-0.492482662,1,-4.146658421,1,1.874747872,1,0.166371718,0,-0.944375873,0,2.322830439,0
101.2803345,-3.42932868,1,-8.822962761,1,-12.1318388,1,-0.51342392,1,-4.43374157,1,2.109333754,1,0.15720281,0,-0.962605357,0,2.331627607,0
101.2843246,-3.164911747,1,-10.31242657,1,-12.14947224,1,-0.594407141,1,-4.733211994,1,2.347113848,1,0.14614138,0,-0.982069194,0,2.342359304,0
101.2883301,-3.252359629,1,-11.14178371,1,-12.38154602,1,-0.727615356,1,-5.042850018,1,2.597984076,1,0.132697374,0,-1.002818108,0,2.355272532,0
101.2923355,-3.982064009,1,-11.25090981,1,-12.83398914,1,-0.91018796,1,-5.347709179,1,2.879226923,1,0.116103247,0,-1.024804354,0,2.370963097,0
101.2963333,-5.126060963,1,-11.48622894,1,-12.61357689,1,-1.090399384,1,-5.60644722,1,3.114117384,1,0.095861562,0,-1.047895789,0,2.389820814,0
101.3003387,-6.721692085,1,-12.89614582,1,-13.00903034,1,-1.350284457,1,-5.857253075,1,3.415045023,1,0.07121259,0,-1.071846128,0,2.412542343,0
101.3043365,-8.56486702,1,-13.2216444,1,-13.58422852,1,-1.627373338,1,-5.981098652,1,3.622453451,1,0.041198719,0,-1.096299648,0,2.439735889,0
101.3083344,-10.40295887,1,-12.97156811,1,-13.71946716,1,-1.906050444,1,-6.03264904,1,3.88287425,1,0.005152684,0,-1.120701432,0,2.472118139,0
101.3123322,-10.63251781,1,-11.42254829,1,-14.6176157,1,-2.118936539,1,-6.048731804,1,4.085680962,1,-0.037818711,0,-1.144609213,0,2.510668278,0
101.31633,-12.10950565,1,-8.993922234,1,-14.60329533,1,-2.22584486,1,-6.017933846,1,4.18411541,1,-0.087493882,0,-1.167675734,0,2.555405855,0
101.3203278,-12.80687237,1,-7.923616886,1,-14.6368475,1,-2.310172319,1,-5.961506844,1,4.321615696,1,-0.144071028,0,-1.189510107,0,2.606822014,0
101.3243256,-12.72146988,1,-6.766479492,1,-14.75039959,1,-2.391285419,1,-5.955897331,1,4.420284748,1,-0.208546087,0,-1.209910154,0,2.665895939,0
101.328331,-16.1090374,1,-7.232630253,1,-14.63704205,1,-2.477702618,1,-5.903375149,1,4.381347656,1,-0.280699372,0,-1.228679061,0,2.732327938,0
101.3323288,-16.895401,1,-6.409948349,1,-13.98760796,1,-2.450939894,1,-5.740385056,1,4.302156925,1,-0.359111905,0,-1.245334268,0,2.80489254,0
101.3363266,-16.55551338,1,-6.000733852,1,-13.19725323,1,-2.4563241,1,-5.681294918,1,4.280559063,1,-0.444115818,0,-1.259640932,0,2.884012222,0
101.3403244,-19.26156616,1,-5.89282608,1,-13.89300346,1,-2.409525394,1,-5.544898033,1,4.197999954,1,-0.534988999,0,-1.271541357,0,2.969068289,0
101.3443222,-18.37555504,1,-6.465437889,1,-12.35159302,1,-2.346546888,1,-5.347573757,1,4.145143986,1,-0.629713297,0,-1.280535579,0,3.058125019,0
101.34832,-17.40217018,1,-8.976947784,1,-11.70140553,1,-2.415474653,1,-5.209523678,1,4.222599506,1,-0.728096783,0,-1.286512375,0,-3.132352829,0
101.3523254,-18.7404747,1,-8.740726471,1,-12.14113712,1,-2.579666138,1,-4.985887527,1,4.208385944,1,-0.82895726,0,-1.289143443,0,-3.037739754,0
101.3563232,-18.84299278,1,-8.353913307,1,-11.4260664,1,-2.653453827,1,-4.691822052,1,4.019177914,1,-0.927110553,0,-1.288852215,0,-2.946473837,0
101.360321,-16.86201286,1,-10.04130173,1,-9.904873848,1,-2.749889374,1,-4.386617661,1,3.992225647,1,-1.020372868,0,-1.285850525,0,-2.860564709,0
101.3643188,-14.90048409,1,-10.36062622,1,-9.531575203,1,-3.030414343,1,-4.016673088,1,3.92797184,1,-1.107614994,0,-1.280115485,0,-2.781602621,0
101.3683167,-10.83863926,1,-9.224923134,1,-9.162783623,1,-3.458403111,1,-3.476971149,1,3.672202349,1,-1.186524153,0,-1.272399783,0,-2.712767363,0
101.3723145,-4.493629456,1,-8.312819481,1,-6.687987328,1,-3.701095819,1,-3.297488213,1,3.453698635,1,-1.256878614,0,-1.263726711,0,-2.653987169,0
101.3763199,-6.081241608,1,-7.021802902,1,-7.504320621,1,-4.150164604,1,-3.14442277,1,3.437003613,1,-1.322871685,0,-1.254029393,0,-2.601169586,0
101.3803177,-6.941506863,1,-5.770949841,1,-9.775625229,1,-4.268410683,1,-2.884510517,1,3.144990683,1,-1.383747816,0,-1.243743539,0,-2.554838419,0
101.3843155,-11.83725262,1,-2.576845884,1,-10.51135635,1,-4.230091572,1,-2.682823896,1,2.829759598,1,-1.438230515,0,-1.233699322,0,-2.515239239,0
101.3883133,-22.28298759,1,2.092323065,1,-13.75027752,1,-3.698405266,1,-2.273068905,1,2.281383514,1,-1.485293388,0,-1.224620104,0,-2.482320786,0
101.3923111,-26.01979828,1,2.902032614,1,-16.3705349,1,-2.946648121,1,-1.521927118,1,1.803227186,1,-1.520933032,0,-1.217004538,0,-2.458445311,0
101.3963089,-16.10698509,1,0.744806945,1,-15.88160515,1,-2.433587313,1,-0.818491399,1,1.424335957,1,-1.544730306,0,-1.21077013,0,-2.444510698,0
101.4003143,-7.227028847,1,-1.784082532,1,-13.4367342,1,-2.015347719,1,-0.351083398,1,1.099438667,1,-1.559836388,0,-1.205760479,0,-2.437859297,0
101.4043121,-3.933602333,1,-4.02943325,1,-11.24639988,1,-1.616213322,1,-0.121031918,1,0.816590905,1,-1.569567084,0,-1.201946378,0,-2.435206413,0
101.4083099,-4.711193562,1,-5.358671665,1,-10.7776165,1,-1.333198428,1,0.085211359,1,0.628531158,1,-1.575582743,0,-1.199079156,0,-2.435026169,0
101.4123154,-5.646752357,1,-5.887404442,1,-10.8982172,1,-1.218586326,1,0.307198763,1,0.504338443,1,-1.578620076,0,-1.19682169,0,-2.437211037,0
101.4163208,-4.566759109,1,-6.669752598,1,-10.52031136,1,-1.219431162,1,0.501839101,1,0.455533653,1,-1.579303265,0,-1.194928885,0,-2.441693783,0
101.4203186,-2.907583714,1,-7.390185356,1,-9.428894997,1,-1.271361589,1,0.623880386,1,0.434532166,1,-1.57851398,0,-1.193176031,0,-2.447898388,0
101.4243164,-2.101830006,1,-7.830149174,1,-8.513496399,1,-1.346678853,1,0.720089674,1,0.42327863,1,-1.576986432,0,-1.191482544,0,-2.455174685,0
101.4283142,-1.49867332,1,-8.087734222,1,-8.000083923,1,-1.455028057,1,0.823780775,1,0.41510883,1,-1.57487452,0,-1.189823031,0,-2.463484526,0
101.432312,-0.88045001,1,-7.935385704,1,-7.603795528,1,-1.583469868,1,0.92581439,1,0.405946493,1,-1.572189212,0,-1.188197255,0,-2.472930193,0
101.4363174,-0.681982279,1,-7.652500153,1,-7.367003441,1,-1.700324297,1,1.019648552,1,0.402509093,1,-1.569098473,0,-1.18658042,0,-2.483343601,0
101.4403152,-0.875715554,1,-7.287346363,1,-7.282567501,1,-1.796495795,1,1.11834085,1,0.394589812,1,-1.565594673,0,-1.184960246,0,-2.494674683,0
101.444313,-1.008193135,1,-6.912634373,1,-7.282372952,1,-1.861533642,1,1.224854112,1,0.369409591,1,-1.563948393,0,-1.184638262,0,-2.493537664,0
101.4483109,-0.926447332,1,-6.592367649,1,-7.068357468,1,-1.896741986,1,1.348261356,1,0.330088735,1,-1.558893204,0,-1.183184385,0,-2.507128716,0
101.4523087,-0.826939225,1,-6.327959061,1,-6.853569984,1,-1.902821898,1,1.481414199,1,0.287286013,1,-1.55270803,0,-1.181868076,0,-2.522027493,0
101.4563065,-0.766981423,1,-6.058339119,1,-6.784841537,1,-1.879252553,1,1.614726543,1,0.227291852,1,-1.545271158,0,-1.180702329,0,-2.538249493,0
101.4603119,-0.833242178,1,-6.01150322,1,-6.703979492,1,-1.836567402,1,1.766576052,1,0.176509708,1,-1.536334395,0,-1.179691911,0,-2.555954456,0
101.4643097,-0.937098563,1,-5.92399025,1,-6.632874966,1,-1.776162386,1,1.930232882,1,0.112946868,1,-1.52572906,0,-1.178821325,0,-2.57525444,0
101.4683075,-1.175318956,1,-5.992461205,1,-6.612018108,1,-1.710235119,1,2.096580267,1,0.042683415,1,-1.513317108,0,-1.178094745,0,-2.596233606,0
101.4723053,-1.430364251,1,-6.030895233,1,-6.54753828,1,-1.63377142,1,2.280722857,1,-0.036306966,1,-1.498935938,0,-1.177515268,0,-2.619035959,0
101.4763031,-1.598090529,1,-6.120674133,1,-6.555192947,1,-1.557143927,1,2.467403173,1,-0.122682974,1,-1.482466936,0,-1.177062154,0,-2.643776894,0
101.4803009,-1.778258801,1,-6.305450439,1,-6.503356934,1,-1.483971357,1,2.66054225,1,-0.21496819,1,-1.46384263,0,-1.176730752,0,-2.670529604,0
101.4843063,-1.926013947,1,-6.469486237,1,-6.45618391,1,-1.414171934,1,2.85033989,1,-0.307023704,1,-1.443018198,0,-1.176479816,0,-2.699365616,0
101.4883041,-2.209991455,1,-6.624562263,1,-6.389936447,1,-1.348406315,1,3.047486067,1,-0.411126971,1,-1.419996858,0,-1.176263928,0,-2.730275631,0
101.4923019,-2.327035189,1,-6.758954048,1,-6.251011372,1,-1.275784969,1,3.246946573,1,-0.513880789,1,-1.394699216,0,-1.176039696,0,-2.763364315,0
101.4962997,-2.414490938,1,-6.884011269,1,-6.167162418,1,-1.212768316,1,3.440342903,1,-0.625430286,1,-1.367150068,0,-1.175749302,0,-2.798609734,0
101.5002975,-2.425474882,1,-6.980445385,1,-6.049300194,1,-1.153099418,1,3.621243,1,-0.741718352,1,-1.337423444,0,-1.175357699,0,-2.835948467,0
101.5042953,-2.263249159,1,-7.069645882,1,-5.925354004,1,-1.092045188,1,3.78811121,1,-0.85373354,1,-1.305653811,0,-1.174784422,0,-2.875240088,0
101.5083008,-2.188767433,1,-7.185042858,1,-5.734923363,1,-1.038731813,1,3.93641305,1,-0.959904253,1,-1.272066832,0,-1.173966885,0,-2.916277409,0
101.5122986,-2.118013382,1,-7.263335705,1,-5.631917953,1,-0.989688814,1,4.062569618,1,-1.067227721,1,-1.236887693,0,-1.172840238,0,-2.958834171,0
101.5162964,-2.118523359,1,-7.306584358,1,-5.494254112,1,-0.934951663,1,4.16660738,1,-1.183189273,1,-1.200345039,0,-1.171382427,0,-3.002662659,0
101.5202942,-2.277098417,1,-7.311528206,1,-5.388011932,1,-0.877009034,1,4.266448975,1,-1.296419859,1,-1.162641406,0,-1.169563413,0,-3.047529697,0
101.524292,-2.559909344,1,-7.364147663,1,-5.33242321,1,-0.814504802,1,4.354762077,1,-1.403753042,1,-1.123893261,0,-1.167328238,0,-3.093317032,0
101.5282898,-2.855529785,1,-7.31152916,1,-5.222951412,1,-0.743964016,1,4.4407897,1,-1.521497965,1,-1.084180832,0,-1.164632559,0,-3.139915228,0
101.5322952,-3.12659955,1,-7.346797466,1,-5.210408688,1,-0.670103014,1,4.523841858,1,-1.635949969,1,-1.043639421,0,-1.161448836,0,3.096010923,0
101.5363007,-3.588468075,1,-7.281455994,1,-5.167158127,1,-0.588558435,1,4.610882759,1,-1.758414268,1,-1.002283096,0,-1.157730699,0,3.048140764,0
101.5402985,-3.944648266,1,-7.253919601,1,-5.123867989,1,-0.502962708,1,4.693799496,1,-1.891518116,1,-0.960166335,0,-1.153448224,0,2.999722958,0
101.5443039,-4.182980061,1,-7.362081528,1,-5.072626591,1,-0.422956049,1,4.772515297,1,-2.018441677,1,-0.917441607,0,-1.148560643,0,2.950904369,0
101.5482941,-4.47815752,1,-7.387089252,1,-5.070827484,1,-0.338475019,1,4.849025726,1,-2.144145012,1,-0.874247551,0,-1.143027544,0,2.901819468,0
101.5522995,-4.623147488,1,-7.432929993,1,-4.974308014,1,-0.266437888,1,4.921097755,1,-2.273694754,1,-0.830805957,0,-1.136821985,0,2.852679729,0
101.5562973,-4.692573547,1,-7.475970268,1,-4.995846272,1,-0.188567415,1,4.976228237,1,-2.391307592,1,-0.787308574,0,-1.129910707,0,2.803657293,0
101.5602951,-4.77612114,1,-7.447221279,1,-4.914315701,1,-0.117326871,1,5.02419281,1,-2.509194613,1,-0.743998706,0,-1.122277975,0,2.755003691,0
101.5642929,-4.922940731,1,-7.377836227,1,-4.897251129,1,-0.040366836,1,5.060275555,1,-2.617237091,1,-0.701075554,0,-1.113930464,0,2.706918955,0
101.5682983,-5.018060684,1,-7.360751152,1,-4.848576546,1,0.031761475,1,5.078604221,1,-2.718661785,1,-0.65873909,0,-1.104872584,0,2.659623861,0
101.5722961,-5.162138462,1,-7.258642197,1,-4.804929256,1,0.109503768,1,5.095866203,1,-2.812001467,1,-0.617173672,0,-1.095097303,0,2.613294363,0
101.5762939,-5.274222851,1,-7.239759922,1,-4.838582993,1,0.184109151,1,5.094918251,1,-2.898211956,1,-0.5764938,0,-1.084658146,0,2.568066597,0
101.5802917,-5.376173496,1,-7.187024593,1,-4.849592686,1,0.259201676,1,5.087769508,1,-2.975814581,1,-0.536864102,0,-1.07357192,0,2.52412343,0
101.5842896,-5.467891216,1,-7.144728661,1,-4.960527897,1,0.342934519,1,5.066431046,1,-3.042203903,1,-0.498376608,0,-1.061884403,0,2.481565952,0
101.5882874,-5.79409647,1,-7.085855484,1,-5.138839722,1,0.429732859,1,5.035259724,1,-3.10106945,1,-0.461096942,0,-1.049625635,0,2.440502405,0
101.5922928,-6.165277481,1,-7.097394466,1,-5.265244007,1,0.513244271,1,5.016274452,1,-3.152225733,1,-0.425035298,0,-1.036826372,0,2.400948524,0
101.596283,-6.540761471,1,-7.104806423,1,-5.411802769,1,0.605558693,1,4.99754858,1,-3.197295189,1,-0.39015615,0,-1.023475289,0,2.362878084,0
101.6002884,-6.897268295,1,-7.135780811,1,-5.561873913,1,0.692183673,1,4.984874725,1,-3.236596584,1,-0.356464505,0,-1.00957334,0,2.326294422,0
101.6042862,-7.216444969,1,-7.220354557,1,-5.715741158,1,0.780347526,1,4.971971989,1,-3.272854805,1,-0.323904335,0,-0.995147109,0,2.291149616,0
101.608284,-7.627213955,1,-7.276746273,1,-5.981800079,1,0.864278495,1,4.960804462,1,-3.309004784,1,-0.292450964,0,-0.980210423,0,2.25741744,0
101.6122818,-8.127999306,1,-7.354261875,1,-6.327749729,1,0.958125055,1,4.952668667,1,-3.345496655,1,-0.262047648,0,-0.964789271,0,2.225049496,0
101.6162796,-8.60438633,1,-7.460599899,1,-6.653774261,1,1.054100394,1,4.954842567,1,-3.376760483,1,-0.232643291,0,-0.94887197,0,2.193997383,0
101.6202774,-9.154111862,1,-7.576178074,1,-6.996797085,1,1.147889018,1,4.965834141,1,-3.416682243,1,-0.204165205,0,-0.932439268,0,2.164202929,0
101.6242828,-9.626187325,1,-7.655201912,1,-7.3689394,1,1.241207838,1,4.976353645,1,-3.450465918,1,-0.176552951,0,-0.915511131,0,2.135593414,0
101.6282806,-10.23215389,1,-7.711845398,1,-7.729493618,1,1.353720546,1,4.996109962,1,-3.493319511,1,-0.149716437,0,-0.8980847,0,2.108105659,0
101.6322784,-10.8279171,1,-7.725699425,1,-8.097974777,1,1.452989936,1,5.026070118,1,-3.547538042,1,-0.123543948,0,-0.880156398,0,2.081636906,0
101.6362762,-11.38855934,1,-7.837351799,1,-8.457029343,1,1.562876463,1,5.061032295,1,-3.613442183,1,-0.097965926,0,-0.861688852,0,2.056081295,0
101.640274,-11.93602657,1,-7.971086025,1,-8.762087822,1,1.671851039,1,5.114346027,1,-3.68653059,1,-0.072890908,0,-0.842658103,0,2.031359434,0
101.6442719,-12.34762287,1,-8.204463005,1,-8.979441643,1,1.777520776,1,5.160380363,1,-3.755071402,1,-0.048282836,0,-0.823052824,0,2.007428885,0
101.6482697,-12.65036106,1,-8.531597137,1,-9.244300842,1,1.874308944,1,5.193271637,1,-3.832413912,1,-0.024161223,0,-0.802901804,0,1.984277368,0
101.6522827,-12.9286108,1,-8.836799622,1,-9.470823288,1,1.970910192,1,5.216150284,1,-3.913889885,1,-0.000491331,0,-0.782270312,0,1.961846352,0
101.6562805,-13.37185955,1,-9.170334816,1,-9.773463249,1,2.051212549,1,5.222043037,1,-4.000937939,1,0.022708913,0,-0.761213541,0,1.940103054,0
101.6602783,-13.79734421,1,-9.446106911,1,-10.06429672,1,2.119744301,1,5.197179794,1,-4.100052834,1,0.045495659,0,-0.739829719,0,1.918930769,0
101.6642838,-14.42050457,1,-9.766435623,1,-10.36574745,1,2.177168846,1,5.154547691,1,-4.208165646,1,0.067866139,0,-0.718211651,0,1.898268342,0
101.6682816,-15.19535637,1,-10.21875858,1,-10.68452835,1,2.223316193,1,5.086621761,1,-4.329145908,1,0.089848205,0,-0.69644022,0,1.878000379,0
101.6722794,-16.04250908,1,-10.58906937,1,-11.00728035,1,2.244041681,1,4.993017673,1,-4.466089249,1,0.111438438,0,-0.674595118,0,1.858011246,0
101.6762772,-17.1063385,1,-10.87443638,1,-11.35834789,1,2.245267153,1,4.878450871,1,-4.620820522,1,0.132652894,0,-0.652776241,0,1.8381567,0
101.680275,-18.28154564,1,-11.0312252,1,-11.75577164,1,2.223008871,1,4.739063263,1,-4.790568829,1,0.153463557,0,-0.631038547,0,1.818322897,0
101.6842728,-19.84251785,1,-10.94286823,1,-12.04567909,1,2.207414389,1,4.59030962,1,-4.971075535,1,0.173905686,0,-0.609440386,0,1.798399329,0
101.6882782,-21.70874786,1,-10.74514961,1,-12.17805576,1,2.19519496,1,4.443859577,1,-5.16108942,1,0.1940386,0,-0.587962985,0,1.778286457,0
101.692276,-23.69013023,1,-10.54164696,1,-12.08076763,1,2.190070629,1,4.298926353,1,-5.371667862,1,0.218111455,0,-0.568180084,0,1.763680816,0
101.6962738,-25.8381958,1,-10.31725502,1,-11.87918949,1,2.190711975,1,4.157067776,1,-5.585709095,1,0.237801194,0,-0.546752691,0,1.743034124,0
101.7002716,-27.89093208,1,-10.19204998,1,-11.46551037,1,2.18413949,1,4.033205032,1,-5.78793335,1,0.257255703,0,-0.525299132,0,1.722059488,0
101.7042694,-29.78241539,1,-9.858370781,1,-10.68472004,1,2.15166235,1,3.899119616,1,-5.979944229,1,0.276397884,0,-0.503782988,0,1.700786352,0
101.7082672,-30.64041138,1,-6.526250362,1,-8.86591053,1,2.111219645,1,3.767297983,1,-6.222496986,1,0.29514271,0,-0.4821769,0,1.679176807,0
101.7122726,-26.38108063,1,4.402088165,1,-10.90058327,1,2.228951216,1,3.376517296,1,-6.557971478,1,0.314054042,0,-0.460838795,0,1.656594396,0
101.7162704,-24.30485916,1,3.363306999,1,-10.25994968,1,2.408185244,1,2.972590446,1,-6.795201302,1,0.333601415,0,-0.440354466,0,1.632955194,0
101.7202683,-25.76228142,1,3.520474434,1,-7.676598549,1,2.657530785,1,2.686191797,1,-6.976866245,1,0.353914142,0,-0.420396686,0,1.608584881,0
101.7242661,-27.30938911,1,2.809455872,1,-6.373123646,1,2.776022911,1,2.387609243,1,-7.008140087,1,0.374643803,0,-0.400952667,0,1.583983779,0
101.7282639,-27.66638756,1,1.268622637,1,-4.910114288,1,2.701701164,1,2.096396923,1,-6.907101154,1,0.394917697,0,-0.382180482,0,1.559693456,0
101.7322617,-28.61800194,1,0.030710589,1,-3.337293386,1,2.426211357,1,1.803134322,1,-6.671895504,1,0.413801014,0,-0.364309967,0,1.536145329,0
101.7362671,-29.48443985,1,0.390277207,1,-2.239074469,1,2.060923338,1,1.521972418,1,-6.359819412,1,0.430601895,0,-0.347554862,0,1.513678789,0
101.7402649,-29.54159164,1,2.382912874,1,-1.191629648,1,1.7144835,1,1.260531664,1,-5.992441177,1,0.44520852,0,-0.332029104,0,1.492455721,0
101.7442627,-29.6746788,1,5.57313633,1,-0.348440707,1,1.470800042,1,1.006023049,1,-5.598669529,1,0.457909107,0,-0.31783098,0,1.472531676,0
101.7482605,-30.9258976,1,9.061578751,1,0.44067651,1,1.370233536,1,0.794778883,1,-5.214949608,1,0.469257474,0,-0.304965377,0,1.45391047,0
101.7522583,-32.38293839,1,12.43023205,1,0.87562865,1,1.390384078,1,0.618763328,1,-4.869102478,1,0.479884565,0,-0.293249458,0,1.436496735,0
101.7562561,-33.67952728,1,14.89140129,1,1.419384837,1,1.490996838,1,0.46889472,1,-4.55428648,1,0.490269244,0,-0.282539755,0,1.420169115,0
101.7602615,-34.21346664,1,16.48013115,1,2.19606781,1,1.632124782,1,0.329039335,1,-4.263623238,1,0.500704706,0,-0.272748023,0,1.404832125,0
101.7642593,-34.08230209,1,17.49625587,1,2.888767958,1,1.798730731,1,0.19728142,1,-3.95821619,1,0.511389732,0,-0.263844848,0,1.39044714,0
101.7682571,-33.69690323,1,17.99206734,1,3.419506073,1,1.95949173,1,0.085526988,1,-3.648134947,1,0.522356093,0,-0.255837798,0,1.377042294,0
101.7722549,-32.79627991,1,17.11065865,1,3.853967905,1,2.04569602,1,-0.033692367,1,-3.310635328,1,0.533480227,0,-0.248730585,0,1.364667773,0
101.7762604,-31.93115616,1,15.11862564,1,4.226108551,1,2.028537035,1,-0.138505414,1,-2.935633421,1,0.54440856,0,-0.242606565,0,1.353413105,0
101.7802582,-30.87548637,1,11.98534584,1,4.532566547,1,1.837542772,1,-0.248649985,1,-2.494611263,1,0.554556072,0,-0.237583876,0,1.343442917,0
101.784256,-22.64844704,1,3.590666294,1,0.905388772,1,1.296639204,1,-0.463385314,1,-1.899904132,1,0.563017607,0,-0.233985528,0,1.334968448,0
101.7882538,-18.7728138,1,-5.310845375,1,5.633853912,1,-0.235670283,1,-1.639706254,1,-0.715485215,1,0.566593051,0,-0.234381869,0,1.328202605,0
101.7922516,-44.1126442,1,5.472790241,1,9.101474762,1,-1.142210007,1,-2.481788397,1,0.308109701,1,0.564978778,0,-0.24140729,0,1.322839856,0
101.796257,-23.1375618,1,6.393675804,1,14.94752693,1,-1.838126063,1,-2.534524441,1,0.989619613,1,0.559717476,0,-0.251187444,0,1.319642067,0
101.8002548,-6.060682297,1,10.92776394,1,13.7454052,1,-1.75190556,1,-3.171730995,1,1.816395879,1,0.552729726,0,-0.263725609,0,1.318347216,0
101.8042526,-1.677583456,1,9.370271683,1,6.15542841,1,-1.928608298,1,-3.648531914,1,2.441353559,1,0.545464635,0,-0.279944479,0,1.318511605,0
101.8082504,-2.745462418,1,5.995253563,1,-7.588537693,1,-2.134891987,1,-3.907040358,1,2.820465803,1,0.536809266,0,-0.298390508,0,1.319809198,0
101.8122482,-9.134436607,1,1.613993406,1,-21.14988518,1,-1.962299347,1,-3.880779505,1,3.015156984,1,0.527895153,0,-0.317911029,0,1.322106481,0
101.8162537,-7.919528961,1,-8.836488724,1,-26.77102661,1,-1.817900777,1,-3.443135262,1,2.727627754,1,0.519485772,0,-0.336374938,0,1.324896693,0
101.8202515,-3.815634727,1,-14.55260563,1,-26.01354218,1,-1.770862579,1,-2.930424452,1,2.508296728,1,0.511306524,0,-0.352580249,0,1.327924013,0
101.8242493,-0.996335924,1,-9.584451675,1,-20.81917381,1,-1.426092386,1,-2.706155062,1,2.343630075,1,0.503664076,0,-0.367036313,0,1.331185818,0
101.8282471,-4.632013798,1,-10.98042679,1,-15.36913013,1,-1.369728565,1,-2.951882839,1,2.078905821,1,0.497295439,0,-0.381106555,0,1.333764553,0
101.8322449,-3.92724824,1,-4.664313793,1,-10.8183651,1,-1.337194085,1,-3.341376066,1,2.04472661,1,0.491330445,0,-0.396069407,0,1.335089445,0
101.8362427,-1.025619149,1,-3.115667582,1,-7.397300243,1,-1.39435637,1,-3.990528822,1,2.111918926,1,0.485657156,0,-0.412835062,0,1.335630894,0
101.8402405,-4.904896736,1,-2.580348492,1,-9.319405556,1,-1.438744068,1,-4.637859344,1,2.126158476,1,0.480185211,0,-0.432156682,0,1.33507812,0
101.8442459,-12.67707253,1,-1.744751811,1,-11.84174061,1,-1.56744647,1,-4.927159309,1,2.08367157,1,0.474783301,0,-0.453126043,0,1.333576202,0
101.8482437,-22.04377937,1,-3.670452118,1,-18.23372269,1,-1.69843936,1,-4.672494411,1,2.00751853,1,0.468992472,0,-0.473958313,0,1.331888556,0
101.8522415,-34.04190063,1,0.791551173,1,-18.95757866,1,-1.67968595,1,-3.995938063,1,1.912587881,1,0.46263814,0,-0.493205488,0,1.331001997,0
101.8562393,-35.2652359,1,2.407971382,1,-18.57911491,1,-1.41650188,1,-2.947981596,1,1.690160394,1,0.456226975,0,-0.508894444,0,1.331332684,0
101.8602371,-26.75921249,1,8.060263634,1,-15.93520069,1,-0.977480054,1,-2.152969122,1,1.473881125,1,0.450705945,0,-0.520647347,0,1.332759857,0
101.8642349,-19.90646362,1,8.643698692,1,-14.43772793,1,-0.688418508,1,-1.650321007,1,1.349470258,1,0.44637385,0,-0.529933393,0,1.334837437,0
101.8682404,-11.31459332,1,6.033669472,1,-12.85996342,1,-0.49304074,1,-1.291997313,1,1.326239109,1,0.442720145,0,-0.537471414,0,1.337469935,0
101.8722382,-7.27808094,1,2.499974012,1,-10.7878809,1,-0.419080079,1,-1.205514789,1,1.328718424,1,0.43927449,0,-0.544209242,0,1.340644598,0
101.876236,-5.69429636,1,-2.779176712,1,-9.793774605,1,-0.318302989,1,-1.181748271,1,1.163609385,1,0.436250776,0,-0.550666511,0,1.343589544,0
101.8802338,-5.01350069,1,-5.607007027,1,-8.947126389,1,-0.282874972,1,-1.173324943,1,0.940506458,1,0.433928519,0,-0.556707323,0,1.345737934,0
101.8842316,-7.167532921,1,-6.72145319,1,-8.157175064,1,-0.295172751,1,-1.092455626,1,0.695852041,1,0.432097793,0,-0.562217236,0,1.346991301,0
101.8882294,-8.404760361,1,-5.006395817,1,-7.272257805,1,-0.305696845,1,-1.009583354,1,0.575083375,1,0.430596769,0,-0.567103446,0,1.34760797,0
101.8922348,-12.33181,1,-4.413461685,1,-8.16713047,1,-0.394861728,1,-0.781169772,1,0.476857334,1,0.428908885,0,-0.571273685,0,1.34810257,0
101.8962326,-12.68979263,1,-2.384414434,1,-9.983408928,1,-0.319057584,1,-0.484946042,1,0.338123858,1,0.427147418,0,-0.57425499,0,1.348636985,0
101.900238,-9.427550316,1,-0.836055815,1,-9.849973679,1,-0.209265843,1,-0.328470945,1,0.27845946,1,0.425829291,0,-0.576200604,0,1.349172711,0
101.9042358,-6.1616292,1,-0.987747431,1,-9.282560349,1,-0.133958071,1,-0.301039517,1,0.251721978,1,0.424846172,0,-0.577760398,0,1.349718213,0
101.9082336,-4.39439106,1,-2.704735994,1,-9.039642334,1,-0.0487414,1,-0.326183766,1,0.217802241,1,0.424282193,0,-0.579274714,0,1.350114584,0
101.9122314,-5.084979534,1,-4.397742748,1,-8.824000359,1,-0.057695895,1,-0.348458439,1,0.214455947,1,0.423913538,0,-0.580869436,0,1.350389004,0
101.9162369,-5.966448784,1,-5.51854229,1,-8.672895432,1,-0.049597256,1,-0.300416946,1,0.220427066,1,0.423540533,0,-0.582416296,0,1.350676894,0
101.9202271,-5.649346352,1,-5.644608974,1,-8.375088692,1,-0.080161519,1,-0.295156449,1,0.243021116,1,0.423057884,0,-0.583873749,0,1.351102471,0
101.9242325,-5.28271246,1,-5.273579597,1,-8.51288414,1,-0.118287109,1,-0.301788539,1,0.264281064,1,0.422360778,0,-0.585381269,0,1.351629615,0
101.9282303,-5.017359734,1,-4.848571777,1,-8.600072861,1,-0.13184242,1,-0.298604906,1,0.272594184,1,0.421543062,0,-0.586921811,0,1.352210522,0
101.9322281,-5.224264145,1,-3.946242094,1,-8.732704163,1,-0.122024499,1,-0.284845769,1,0.282401234,1,0.420670152,0,-0.588440299,0,1.352856636,0
101.9362259,-4.809953213,1,-2.684540033,1,-8.65243721,1,-0.10788697,1,-0.286891162,1,0.286695391,1,0.41983375,0,-0.589947045,0,1.353545547,0
101.9402313,-4.654366016,1,-2.226891756,1,-8.779013634,1,-0.071689278,1,-0.293089986,1,0.277222276,1,0.453382969,0,-0.920892894,0,1.035211325,0
101.9442291,-5.381715298,1,-1.904319763,1,-8.646496773,1,-0.024671212,1,-0.296570539,1,0.244476825,1,0.448158145,0,-0.921916127,0,1.057225943,0
101.9482269,-5.34944725,1,-1.87225163,1,-8.541004181,1,0.024127346,1,-0.283909589,1,0.211434484,1,0.447734565,0,-0.923358679,0,1.057749867,0
101.9522247,-5.004106045,1,-2.045107365,1,-8.632137299,1,0.065962225,1,-0.283330858,1,0.177435845,1,0.447651684,0,-0.924720943,0,1.058077335,0
101.9562225,-4.62778759,1,-2.323975325,1,-8.792051315,1,0.104453444,1,-0.29833433,1,0.148987979,1,0.447875112,0,-0.926055551,0,1.058214664,0
101.9602203,-4.574602604,1,-2.694102049,1,-8.817479134,1,0.126424402,1,-0.314738512,1,0.13393268,1,0.448369652,0,-0.927398443,0,1.058178425,0
101.9642258,-4.861177444,1,-2.938941956,1,-8.636421204,1,0.141214594,1,-0.327264011,1,0.114820749,1,0.449068785,0,-0.9287799,0,1.057972312,0
101.9682236,-5.250083447,1,-3.059850693,1,-8.489320755,1,0.146148562,1,-0.338124007,1,0.09156058,1,0.449930817,0,-0.930158436,0,1.057624459,0
101.9722214,-5.084315777,1,-3.156542778,1,-8.441037178,1,0.147019774,1,-0.343538433,1,0.065885775,1,0.450908422,0,-0.931530356,0,1.057123661,0
101.9762192,-4.801645756,1,-3.250625849,1,-8.418690681,1,0.13654384,1,-0.354621977,1,0.052858412,1,0.452012569,0,-0.932883143,0,1.056458831,0
101.980217,-4.567061424,1,-3.665704727,1,-8.278799057,1,0.121622831,1,-0.368564487,1,0.048731364,1,0.453119457,0,-0.934267104,0,1.055719852,0
101.9842148,-4.631866932,1,-3.926174164,1,-8.220134735,1,0.088187605,1,-0.382121474,1,0.046137996,1,0.454189301,0,-0.935696959,0,1.05490458,0
101.9882202,-4.783125401,1,-3.972893476,1,-8.213036537,1,0.051391907,1,-0.391103953,1,0.044208601,1,0.455176592,0,-0.937172711,0,1.054026127,0
101.992218,-4.824537754,1,-3.778011322,1,-8.225631714,1,0.025569782,1,-0.401829362,1,0.037050214,1,0.456081837,0,-0.938674212,0,1.053087831,0
101.9962158,-4.86625576,1,-3.508049011,1,-8.237020493,1,-0.000984393,1,-0.395099163,1,0.02420653,1,0.456940293,0,-0.940158069,0,1.052078366,0
102.0002136,-4.817571163,1,-3.292490005,1,-8.281270027,1,-0.012211561,1,-0.416691631,1,0.021700591,1,0.457800865,0,-0.941662848,0,1.050994754,0
102.0042114,-4.785736561,1,-3.08134985,1,-8.228147507,1,-0.017233418,1,-0.420301378,1,0.020192068,1,0.4586505,0,-0.94320327,0,1.049874187,0
102.0082092,-4.688165188,1,-3.011271477,1,-8.369314194,1,-0.026043497,1,-0.424009979,1,0.014566445,1,0.459513992,0,-0.944741428,0,1.048697948,0
102.0122147,-4.765868664,1,-2.992698431,1,-8.323400497,1,-0.025927326,1,-0.430595398,1,0.003850517,1,0.46042943,0,-0.946296751,0,1.047448635,0
102.0162125,-4.924595356,1,-2.905344009,1,-8.260929108,1,-0.020548351,1,-0.443563402,1,-0.007181766,1,0.461447716,0,-0.947863638,0,1.046092033,0
102.0202179,-5.095239639,1,-2.792584181,1,-8.270942688,1,-0.00944245,1,-0.448742986,1,-0.029113697,1,0.462580621,0,-0.949429393,0,1.044615746,0
102.0242157,-5.009109497,1,-2.651819229,1,-8.28225708,1,0.010925001,1,-0.455126345,1,-0.04419034,1,0.463870674,0,-0.950984597,0,1.043029904,0
102.0282135,-4.69111681,1,-2.476370335,1,-8.31632328,1,0.041077301,1,-0.455236763,1,-0.051422592,1,0.465354145,0,-0.952524066,0,1.041326046,0
102.0322113,-4.36521244,1,-2.634336948,1,-8.472061157,1,0.068705529,1,-0.471002579,1,-0.049021218,1,0.467003167,0,-0.954090238,0,1.039582729,0
102.0362091,-4.351331711,1,-3.003496885,1,-8.554583549,1,0.087886944,1,-0.486951381,1,-0.045320839,1,0.468780905,0,-0.955703139,0,1.037794709,0
102.0402069,-4.45027256,1,-3.579001904,1,-8.434307098,1,0.095014259,1,-0.49624449,1,-0.035826929,1,0.470631629,0,-0.957378864,0,1.035989642,0
102.0442123,-4.728322506,1,-3.997473717,1,-8.144376755,1,0.083255678,1,-0.507477522,1,-0.016656663,1,0.472433716,0,-0.959123015,0,1.03423655,0
102.0482101,-4.878746033,1,-4.471246243,1,-7.967090607,1,0.058128659,1,-0.507948518,1,0.012679744,1,0.474047631,0,-0.960934162,0,1.032620788,0
102.0522079,-4.996888638,1,-4.861024857,1,-7.676380157,1,0.028495526,1,-0.500644922,1,0.046691518,1,0.475409061,0,-0.962780893,0,1.031180501,0
102.0562058,-4.951541901,1,-5.016940117,1,-7.462839127,1,-0.003870951,1,-0.47897613,1,0.079136312,1,0.476433069,0,-0.96463263,0,1.029996872,0
102.0602036,-4.702959061,1,-4.96110487,1,-7.485634804,1,-0.044705052,1,-0.459813356,1,0.129717976,1,0.477053285,0,-0.966492414,0,1.029110909,0
102.0642014,-4.788430691,1,-4.78517437,1,-7.460517883,1,-0.07799831,1,-0.439626634,1,0.172638565,1,0.477221876,0,-0.968380272,0,1.028610349,0
102.0682068,-4.921556473,1,-4.626934052,1,-7.497539043,1,-0.111950904,1,-0.426019341,1,0.204995617,1,0.477014363,0,-0.97026962,0,1.028403282,0
102.0722046,-5.05300808,1,-3.925542116,1,-7.693809986,1,-0.116046503,1,-0.40291968,1,0.222449645,1,0.476555437,0,-0.972122967,0,1.028405666,0
102.0762024,-4.813922882,1,-3.324612617,1,-7.956929207,1,-0.101791352,1,-0.393880397,1,0.233502373,1,0.475993961,0,-0.973967731,0,1.028555512,0
102.0802002,-5.051203251,1,-2.501646757,1,-8.091617584,1,-0.067258641,1,-0.391815007,1,0.23490651,1,0.475462735,0,-0.97579813,0,1.02878058,0
102.084198,-4.855099201,1,-2.362827063,1,-8.293031693,1,-0.025919238,1,-0.396872461,1,0.234863564,1,0.475105226,0,-0.977626562,0,1.028998017,0
102.0881958,-4.787173748,1,-2.320286512,1,-8.329494476,1,0.015058203,1,-0.412700772,1,0.219371989,1,0.474969298,0,-0.979481936,0,1.029115438,0
102.0922012,-4.752883434,1,-2.482851982,1,-8.195849419,1,0.067236066,1,-0.420856237,1,0.209365472,1,0.475134969,0,-0.981351137,0,1.029115677,0
102.096199,-4.727159023,1,-2.960883141,1,-8.169910431,1,0.098816976,1,-0.439525306,1,0.216394588,1,0.475511551,0,-0.983269334,0,1.029067636,0
102.1001968,-4.664591312,1,-3.145248175,1,-8.215732574,1,0.110954672,1,-0.456116289,1,0.221196041,1,0.475980103,0,-0.985258043,0,1.029001594,0
102.1041946,-4.66117382,1,-3.441613436,1,-8.168187141,1,0.119691953,1,-0.483776629,1,0.231758133,1,0.476522774,0,-0.987339556,0,1.028922439,0
102.1081924,-4.789849281,1,-3.051556826,1,-8.10304451,1,0.130788401,1,-0.496628702,1,0.236384228,1,0.477105439,0,-0.989512861,0,1.028805971,0
102.1121902,-4.903378487,1,-3.232899904,1,-8.095750809,1,0.14448224,1,-0.505325139,1,0.243089616,1,0.477767736,0,-0.991731048,0,1.028687835,0
102.1161957,-4.892933846,1,-3.089555502,1,-7.993780613,1,0.151157334,1,-0.516504824,1,0.250262409,1,0.478457332,0,-0.994003892,0,1.028568387,0
102.1201935,-5.223567486,1,-3.198328733,1,-7.990128994,1,0.169601649,1,-0.526846707,1,0.254799634,1,0.479217917,0,-0.996327937,0,1.028437972,0
102.1241913,-5.011209488,1,-3.345219135,1,-7.863171101,1,0.172864586,1,-0.522746563,1,0.265043527,1,0.479962945,0,-0.998668313,0,1.028366446,0
102.1281891,-5.00636816,1,-4.112034321,1,-7.961882114,1,0.132981375,1,-0.537481308,1,0.281090587,1,0.480628639,0,-1.001063943,0,1.028335452,0
102.1321945,-4.916978836,1,-3.585667372,1,-7.747024536,1,0.101013556,1,-0.55791539,1,0.284529477,1,0.4810763,0,-1.003531575,0,1.028322458,0
102.1361923,-5.328887939,1,-3.370073318,1,-7.635662556,1,0.111849204,1,-0.552513659,1,0.300643086,1,0.481514931,0,-1.006043196,0,1.028310418,0
102.1401901,-5.372126102,1,-3.480010033,1,-7.547690868,1,0.111547887,1,-0.535430431,1,0.318222255,1,0.481827497,0,-1.008545876,0,1.028469563,0
102.1441956,-5.390389442,1,-3.761845112,1,-7.448034763,1,0.092608243,1,-0.535758734,1,0.326157153,1,0.482006699,0,-1.011044621,0,1.028739095,0
102.1481934,-5.404188633,1,-4.125657082,1,-7.467718601,1,0.032119364,1,-0.542482674,1,0.336888373,1,0.482003808,0,-1.013571262,0,1.029057026,0
102.1521912,-5.455002308,1,-3.471511126,1,-7.226342678,1,0.006405809,1,-0.556159616,1,0.340421498,1,0.481767774,0,-1.016146541,0,1.029392123,0
102.156189,-5.703636646,1,-3.169122219,1,-7.323372841,1,0.018273208,1,-0.540657103,1,0.344614893,1,0.481489837,0,-1.01872015,0,1.029776335,0
102.1601868,-5.723264217,1,-3.208879471,1,-7.304136753,1,0.017480591,1,-0.527841687,1,0.360008925,1,0.481151998,0,-1.021263719,0,1.030280352,0
102.1641846,-5.603557587,1,-3.844191074,1,-7.336718082,1,-0.010068308,1,-0.527597129,1,0.364834189,1,0.480673254,0,-1.023799658,0,1.030875683,0
102.16819,-5.318675518,1,-3.73991847,1,-7.205777645,1,-0.069460496,1,-0.538290739,1,0.366160125,1,0.479972482,0,-1.02636838,0,1.031481981,0
102.1721878,-5.432778835,1,-3.353367329,1,-7.337911129,1,-0.063688844,1,-0.538320303,1,0.38024193,1,0.479160845,0,-1.028960347,0,1.032109857,0
102.1761856,-5.48933506,1,-3.41356349,1,-7.416316032,1,-0.060406681,1,-0.526592612,1,0.39841494,1,0.478236735,0,-1.031562686,0,1.032886386,0
102.1801834,-5.544838428,1,-3.75240922,1,-7.395384789,1,-0.071715578,1,-0.523129642,1,0.412615895,1,0.477188975,0,-1.034169316,0,1.033799052,0
102.1841812,-5.562066078,1,-3.950902939,1,-7.425487041,1,-0.111286551,1,-0.5265764,1,0.42404604,1,0.475935817,0,-1.036802292,0,1.03483665,0
102.188179,-5.539448738,1,-3.990807295,1,-7.487381458,1,-0.153882429,1,-0.528092444,1,0.433173478,1,0.474450529,0,-1.039461732,0,1.035954356,0
102.1921844,-5.495387077,1,-3.321035147,1,-7.626842022,1,-0.17131409,1,-0.537732124,1,0.445127159,1,0.451062649,0,-0.924102783,0,0.988786519,0
102.1961823,-5.486422062,1,-3.011406422,1,-7.657635212,1,-0.157281518,1,-0.540361047,1,0.457578957,1,0.449491709,0,-0.926820695,0,0.989935458,0
102.2001801,-5.567404747,1,-3.159457684,1,-7.604820728,1,-0.141968384,1,-0.548299789,1,0.462277621,1,0.447943747,0,-0.92956984,0,0.991126359,0
102.2041779,-5.691668034,1,-3.180085182,1,-7.558356762,1,-0.14439562,1,-0.548273623,1,0.464420557,1,0.446383715,0,-0.932353854,0,0.992346704,0
102.2081757,-5.640548706,1,-3.076478481,1,-7.565741062,1,-0.147035107,1,-0.555514812,1,0.468615621,1,0.444809258,0,-0.935162008,0,0.993586659,0
102.2121811,-5.562713623,1,-2.910832405,1,-7.660567284,1,-0.137737855,1,-0.561430097,1,0.470956713,1,0.443240106,0,-0.937995911,0,0.994832039,0
102.2161789,-5.494411945,1,-2.622024059,1,-7.735537529,1,-0.11911834,1,-0.573189735,1,0.47519657,1,0.441704184,0,-0.94085443,0,0.996090651,0
102.2201767,-5.643831253,1,-2.415591478,1,-7.771521091,1,-0.10568428,1,-0.580168247,1,0.464880735,1,0.44026944,0,-0.943749487,0,0.997305095,0
102.2241745,-5.621809483,1,-2.276793003,1,-7.644856453,1,-0.081865594,1,-0.592995286,1,0.464740425,1,0.438933969,0,-0.946652114,0,0.998489618,0
102.2281799,-5.78860569,1,-2.307537556,1,-7.731284618,1,-0.084298074,1,-0.60411495,1,0.455888838,1,0.437712073,0,-0.949596226,0,0.999602139,0
102.2321701,-5.688315868,1,-2.109788418,1,-7.722768307,1,-0.074519418,1,-0.622830868,1,0.443012446,1,0.436562866,0,-0.952577353,0,1.000618577,0
102.2361755,-5.642817497,1,-1.899917126,1,-7.856256962,1,-0.054571483,1,-0.64351666,1,0.430423886,1,0.435576171,0,-0.955610991,0,1.001505613,0
102.2401733,-5.616698265,1,-2.088021994,1,-7.850673676,1,-0.036703087,1,-0.666024923,1,0.425266504,1,0.43476221,0,-0.958706677,0,1.002280116,0
102.2441711,-5.526301384,1,-2.436682701,1,-7.797368526,1,-0.024681909,1,-0.692862511,1,0.417150438,1,0.434093952,0,-0.961881578,0,1.002940416,0
102.2481689,-5.522831917,1,-2.662425518,1,-7.897578716,1,-0.022018198,1,-0.725221515,1,0.422378361,1,0.433540344,0,-0.965155184,0,1.003505707,0
102.2521744,-5.481253624,1,-2.888525248,1,-7.950766563,1,-0.014758479,1,-0.749191463,1,0.43562448,1,0.433019072,0,-0.96855557,0,1.004049182,0
102.2561722,-5.483503342,1,-3.032690525,1,-7.965870857,1,-0.01788453,1,-0.78406924,1,0.451546878,1,0.432509214,0,-0.972089469,0,1.004590034,0
102.26017,-5.577865124,1,-3.23785162,1,-7.906709194,1,-0.01076813,1,-0.822306395,1,0.469766498,1,0.431983471,0,-0.97578311,0,1.005164504,0
102.2641754,-5.535724163,1,-3.629571199,1,-7.803184509,1,-0.022027852,1,-0.851867735,1,0.498517215,1,0.431394726,0,-0.979638219,0,1.005800009,0
102.2681732,-5.579395294,1,-4.092360973,1,-7.719557285,1,-0.05807507,1,-0.87597698,1,0.522449732,1,0.430635959,0,-0.983638167,0,1.006535053,0
102.272171,-5.592348576,1,-4.01720047,1,-7.767037868,1,-0.108328998,1,-0.906898975,1,0.557969451,1,0.429581046,0,-0.987774968,0,1.007404804,0
102.2761688,-5.527876854,1,-3.562753916,1,-7.71615839,1,-0.151291668,1,-0.938132107,1,0.573774993,1,0.428237468,0,-0.992077887,0,1.008373499,0
102.2801666,-5.544162273,1,-3.064805746,1,-7.55628252,1,-0.171754673,1,-0.977255881,1,0.588738561,1,0.426770866,0,-0.996524692,0,1.009344101,0
102.2841644,-5.871335506,1,-2.873627663,1,-7.715387344,1,-0.182533547,1,-0.995053351,1,0.589145899,1,0.425271392,0,-1.001087427,0,1.010282159,0
102.2881699,-5.769561291,1,-3.046922207,1,-7.785561085,1,-0.205252737,1,-1.022151828,1,0.597335577,1,0.423708022,0,-1.005740404,0,1.01121676,0
102.2921677,-5.70569706,1,-3.227490425,1,-7.947475433,1,-0.232782364,1,-1.061372519,1,0.596128285,1,0.422087193,0,-1.010519028,0,1.012092471,0
102.2961655,-5.655097961,1,-3.367130518,1,-8.027237892,1,-0.261067957,1,-1.105681896,1,0.606610954,1,0.420419067,0,-1.015443802,0,1.01290226,0
102.3001633,-5.567534924,1,-3.58630228,1,-8.04190731,1,-0.289018035,1,-1.144399881,1,0.628181636,1,0.418637276,0,-1.020559192,0,1.013710737,0
102.3041611,-5.582353115,1,-3.785537481,1,-8.119481087,1,-0.317421794,1,-1.194078803,1,0.647541583,1,0.416736126,0,-1.025870204,0,1.014520526,0
102.3081665,-5.437179089,1,-3.684050798,1,-8.189574242,1,-0.335281521,1,-1.257119417,1,0.680392087,1,0.414695859,0,-1.031439185,0,1.015381336,0
102.3121643,-5.658980846,1,-3.621524096,1,-8.367842674,1,-0.367810279,1,-1.314120412,1,0.71627152,1,0.412480772,0,-1.037274241,0,1.016325355,0
102.3161621,-5.406774521,1,-3.265422344,1,-8.417131424,1,-0.393758923,1,-1.382035375,1,0.740075469,1,0.410094827,0,-1.043372035,0,1.017330647,0
102.3201599,-5.439143658,1,-2.904273748,1,-8.56939888,1,-0.405411184,1,-1.459975123,1,0.75651592,1,0.407659709,0,-1.049778342,0,1.018302202,0
102.3241577,-5.518547058,1,-2.615005016,1,-8.717072487,1,-0.414113134,1,-1.538637757,1,0.777863681,1,0.405234545,0,-1.056492686,0,1.019205451,0
102.3281555,-5.471402645,1,-2.54117012,1,-8.809810638,1,-0.417916685,1,-1.615483046,1,0.790901959,1,0.402840197,0,-1.063523173,0,1.020039558,0
102.332161,-5.519023418,1,-2.568645,1,-8.945883751,1,-0.432775706,1,-1.707239509,1,0.812086761,1,0.400470018,0,-1.070889354,0,1.020789862,0
102.3361588,-5.621580124,1,-2.782944202,1,-9.087143898,1,-0.458383143,1,-1.801544428,1,0.835142314,1,0.398119301,0,-1.078628063,0,1.0214324,0
102.3401566,-5.325969219,1,-2.885966539,1,-8.962018013,1,-0.482371241,1,-1.903965712,1,0.867481232,1,0.395729244,0,-1.086772084,0,1.022015095,0
102.3441544,-5.346276283,1,-3.075120211,1,-8.988501549,1,-0.494727612,1,-2.015758038,1,0.900570273,1,0.393292695,0,-1.095368385,0,1.022563696,0
102.3481598,-5.34073925,1,-3.008489847,1,-8.982013702,1,-0.488735855,1,-2.132498503,1,0.947462976,1,0.390854001,0,-1.104442,0,1.023097277,0
102.3521576,-5.258523464,1,-2.952264786,1,-9.093683243,1,-0.480445862,1,-2.258813143,1,0.996600688,1,0.388385653,0,-1.114046693,0,1.023683548,0
102.3561554,-5.256276608,1,-3.074442148,1,-9.2370224,1,-0.467526704,1,-2.389984608,1,1.044474959,1,0.385925949,0,-1.124201059,0,1.024309635,0
102.3601532,-4.99944973,1,-3.00370717,1,-9.507191658,1,-0.450207621,1,-2.537555456,1,1.097791195,1,0.383499622,0,-1.134937644,0,1.024956107,0
102.364151,-5.187522411,1,-2.993745804,1,-9.908730507,1,-0.434930474,1,-2.70212245,1,1.152083039,1,0.381163061,0,-1.146345496,0,1.025577426,0
102.3681488,-4.984587669,1,-3.016844511,1,-10.29526901,1,-0.417042136,1,-2.885305166,1,1.211615205,1,0.378906727,0,-1.158458591,0,1.02619195,0
102.3721542,-4.887906075,1,-3.378376245,1,-10.71455288,1,-0.412932843,1,-3.084984541,1,1.27815938,1,0.376739711,0,-1.171383977,0,1.026753545,0
102.376152,-4.591338158,1,-3.735931396,1,-10.98529243,1,-0.406473815,1,-3.322729826,1,1.351156354,1,0.374646306,0,-1.185225606,0,1.027250409,0
102.3801575,-4.52278471,1,-4.527307034,1,-11.23180008,1,-0.422440141,1,-3.572436333,1,1.442344546,1,0.372554958,0,-1.200098515,0,1.02771771,0
102.3841553,-4.963166714,1,-5.490548611,1,-11.74500561,1,-0.456285089,1,-3.835199118,1,1.565263987,1,0.370238036,0,-1.216082573,0,1.028321624,0
102.3881531,-4.849727154,1,-6.58034277,1,-11.89356518,1,-0.502244651,1,-4.095786572,1,1.702818394,1,0.367281526,0,-1.233223915,0,1.029428005,0
102.3921509,-4.312572002,1,-7.392343521,1,-12.23229408,1,-0.541769683,1,-4.407862186,1,1.882401466,1,0.363362849,0,-1.251663446,0,1.031351924,0
102.3961487,-4.185186386,1,-8.097788811,1,-12.14827633,1,-0.580017805,1,-4.728734493,1,2.086625099,1,0.358096093,0,-1.271558762,0,1.034546018,0
102.4001465,-5.168457985,1,-9.446576118,1,-12.20565033,1,-0.659157097,1,-5.0422225,1,2.332249165,1,0.350625515,0,-1.292979479,0,1.039775252,0
102.4041519,-5.888655186,1,-10.75246525,1,-12.28911209,1,-0.789949775,1,-5.308140278,1,2.577729464,1,0.339479089,0,-1.315780044,0,1.048313618,0
102.4081497,-5.81998539,1,-12.19588566,1,-12.61502171,1,-0.958349645,1,-5.567946434,1,2.861323118,1,0.323135257,0,-1.339877009,0,1.061578035,0
102.4121475,-5.225197792,1,-11.91758156,1,-12.7322216,1,-1.1479671,1,-5.852989674,1,3.179331541,1,0.298618734,0,-1.365330935,0,1.082367182,0
102.4161453,-7.047843456,1,-11.92385006,1,-12.45180607,1,-1.353640199,1,-6.074638844,1,3.462620258,1,0.261937767,0,-1.391966343,0,1.114601731,0
102.4201508,-10.61786556,1,-12.92011738,1,-13.17480659,1,-1.655421615,1,-6.210997581,1,3.786579609,1,0.205352724,0,-1.419322968,0,1.165904999,0
102.4241486,-12.63974762,1,-13.41805267,1,-12.98206806,1,-1.934356332,1,-6.164208412,1,4.026399136,1,0.115654409,0,-1.446263552,0,1.249188662,0
102.4281464,-15.6861372,1,-13.31295013,1,-14.09680939,1,-2.214951754,1,-6.071455479,1,4.21524334,1,-0.03025401,0,-1.471521497,0,1.387632608,0
102.4321442,-15.18880939,1,-11.3608408,1,-13.53101826,1,-2.415562153,1,-5.934549809,1,4.423232079,1,-0.272750258,0,-1.49278748,0,1.621749878,0
102.436142,-13.81370068,1,-9.63703537,1,-13.62458611,1,-2.53643918,1,-5.875070095,1,4.625050068,1,-0.659223258,0,-1.505955696,0,1.999228477,0
102.4401398,-14.31614304,1,-8.888251305,1,-15.03554058,1,-2.604529619,1,-5.869553566,1,4.747377396,1,-1.137331486,0,-1.505926251,0,2.46800518,0
102.4441452,-17.3451786,1,-6.246191978,1,-14.18999577,1,-2.537583828,1,-5.790042877,1,4.671731949,1,-1.51598978,0,-1.492235661,0,2.855070114,0
102.448143,-16.4907856,1,-5.440873146,1,-13.19162655,1,-2.427692175,1,-5.717878819,1,4.646166325,1,-1.768827081,0,-1.471863747,0,3.098905563,0
102.4521408,-19.51437759,1,-5.331852913,1,-13.40151691,1,-2.224147797,1,-5.649984837,1,4.542387009,1,-1.929797173,0,-1.447857261,0,-3.031694889,0
102.4561386,-21.51131248,1,-5.180827618,1,-12.76763439,1,-2.063791752,1,-5.421677113,1,4.476547241,1,-2.034523249,0,-1.422416449,0,-2.934653759,0
102.4601364,-19.47352982,1,-7.449465752,1,-11.39445496,1,-2.018523455,1,-5.293503284,1,4.537852764,1,-2.105239391,0,-1.39638412,0,-2.871237516,0
102.4641342,-19.55916214,1,-8.145421982,1,-10.45838642,1,-2.11732626,1,-5.187317848,1,4.667211533,1,-2.155460596,0,-1.369625926,0,-2.828518867,0
102.4681396,-19.7059269,1,-7.22705698,1,-11.69341946,1,-2.183423758,1,-5.040330887,1,4.521509171,1,-2.193408728,0,-1.342811108,0,-2.798528433,0
102.4721375,-18.53458214,1,-7.259448051,1,-9.792204857,1,-2.118719339,1,-4.904716015,1,4.421653271,1,-2.223911524,0,-1.316638947,0,-2.775972605,0
102.4761353,-17.03726387,1,-7.78587532,1,-9.331383705,1,-2.14580369,1,-4.652467251,1,4.467661381,1,-2.247358322,0,-1.290833354,0,-2.760484219,0
102.4801331,-14.76852608,1,-6.754886627,1,-9.112445831,1,-2.174253225,1,-4.323729515,1,4.392239094,1,-2.264935255,0,-1.265713334,0,-2.751167297,0
102.4841309,-9.119678497,1,-5.684588432,1,-8.261567116,1,-2.230619669,1,-3.935708284,1,4.27571249,1,-2.278150797,0,-1.241793871,0,-2.746500492,0
102.4881287,-3.757579565,1,-5.11392355,1,-8.059477806,1,-2.341243505,1,-3.572014809,1,4.115777016,1,-2.288389921,0,-1.219308972,0,-2.745353699,0
102.4921341,-4.458657265,1,-3.920429707,1,-8.977365494,1,-2.37890172,1,-3.303775072,1,3.963037968,1,-2.296843052,0,-1.198090792,0,-2.74642849,0
102.4961395,-8.798404694,1,-4.112256527,1,-9.415316582,1,-2.271705151,1,-3.052682638,1,3.686566353,1,-2.304401398,0,-1.178174734,0,-2.74835062,0
102.5001373,-15.44260311,1,-2.011330128,1,-11.00143528,1,-1.938374281,1,-2.789419889,1,3.193646193,1,-2.311328411,0,-1.160087228,0,-2.750056505,0
102.5041351,-30.1580143,1,0.847047687,1,-14.99947739,1,-1.19986701,1,-2.303107738,1,2.660605907,1,-2.317012787,0,-1.144502401,0,-2.750748873,0
102.5081329,-27.82147217,1,-2.040626049,1,-17.13360405,1,-0.74425292,1,-1.358343959,1,2.190387964,1,-2.318236113,0,-1.132410884,0,-2.753548145,0
102.5121307,-15.90643978,1,-4.955025196,1,-16.02303505,1,-0.543976247,1,-0.55993706,1,1.806309819,1,-2.315156221,0,-1.123967886,0,-2.759757757,0
102.5161362,-7.161651611,1,-7.741587162,1,-12.51588726,1,-0.384057552,1,-0.096753262,1,1.393565416,1,-2.309922695,0,-1.118432641,0,-2.767638683,0
102.520134,-4.891666889,1,-8.951059341,1,-10.76990891,1,-0.247542575,1,0.177709803,1,1.060963511,1,-2.304151058,0,-1.114922404,0,-2.775443792,0
102.5241318,-5.835009098,1,-9.39938736,1,-10.61059284,1,-0.227750257,1,0.424880207,1,0.81971097,1,-2.298141718,0,-1.112938762,0,-2.783159018,0
102.5281296,-6.195296764,1,-9.635982513,1,-10.77554512,1,-0.323521078,1,0.687349319,1,0.644111156,1,-2.291963816,0,-1.112228036,0,-2.791243315,0
102.5321274,-4.754920483,1,-9.809315681,1,-10.19488621,1,-0.490301967,1,0.918462932,1,0.508410394,1,-2.285592794,0,-1.112624526,0,-2.800156116,0
102.5361252,-2.649557114,1,-9.691108704,1,-9.16071701,1,-0.646881223,1,1.060621738,1,0.395579517,1,-2.279358625,0,-1.113854408,0,-2.809650183,0
102.5401306,-1.193220139,1,-9.429680824,1,-8.221750259,1,-0.766949475,1,1.131007195,1,0.290714234,1,-2.27357316,0,-1.115660548,0,-2.819238901,0
102.5441284,-0.204981431,1,-9.190740585,1,-7.529571056,1,-0.886871755,1,1.197014213,1,0.196994692,1,-2.26830101,0,-1.117919803,0,-2.82878232,0
102.5481262,0.394132227,1,-8.418094635,1,-8.289770126,1,-1.03768599,1,1.299232244,1,0.072933912,1,-2.263510227,0,-1.120647669,0,-2.838353395,0
102.552124,1.496444583,1,-8.167237282,1,-6.315011501,1,-1.078996062,1,1.327011824,1,0.003170971,1,-2.25914669,0,-1.123963356,0,-2.847903013,0
102.5561218,1.858076096,1,-7.409593582,1,-6.590727806,1,-1.144465446,1,1.296894431,1,-0.069567956,1,-2.25525713,0,-1.127357721,0,-2.857155323,0
102.5601196,0.802965105,1,-7.526845932,1,-6.58536768,1,-1.174664855,1,1.356236339,1,-0.146312073,1,-2.251769304,0,-1.131037951,0,-2.866137028,0
102.5641251,0.83013767,1,-7.33864069,1,-6.445694447,1,-1.216129899,1,1.430422783,1,-0.245807722,1,-2.248320103,0,-1.135144949,0,-2.875222683,0
102.5681229,0.583455801,1,-7.044892311,1,-6.290933132,1,-1.217285991,1,1.525256515,1,-0.363128513,1,-2.2448771,0,-1.139775634,0,-2.884375095,0
102.5721207,0.367279321,1,-6.693853378,1,-6.236068726,1,-1.19232142,1,1.634144068,1,-0.478364736,1,-2.241164207,0,-1.14502573,0,-2.89376092,0
102.5761185,-0.066475838,1,-6.391773701,1,-6.218319893,1,-1.152183771,1,1.773896456,1,-0.599506855,1,-2.236963987,0,-1.150941372,0,-2.903511286,0
102.5801163,-0.571949959,1,-6.542559147,1,-6.256755352,1,-1.109739065,1,1.948191047,1,-0.723846436,1,-2.231948376,0,-1.157613039,0,-2.9139359,0
102.5841141,-0.956493318,1,-6.436193466,1,-6.258543968,1,-1.074085951,1,2.134759665,1,-0.852888227,1,-2.225870132,0,-1.165100813,0,-2.925328016,0
102.5881195,-0.927878618,1,-6.492136478,1,-6.084963799,1,-1.041122556,1,2.332047939,1,-0.98354578,1,-2.218610764,0,-1.173441052,0,-2.937809706,0
102.5921173,-1.092020392,1,-6.548645973,1,-5.978852272,1,-1.010032535,1,2.522884369,1,-1.097713113,1,-2.21000123,0,-1.182599187,0,-2.951569796,0
102.5961151,-0.945468903,1,-6.445505142,1,-5.79249239,1,-0.99024719,1,2.710282564,1,-1.211768746,1,-2.199886322,0,-1.192528844,0,-2.966792583,0
102.6001129,-0.77019006,1,-6.345386028,1,-5.675170422,1,-0.958909333,1,2.882240057,1,-1.325985432,1,-2.188149929,0,-1.203177691,0,-2.98358345,0
102.6041107,-0.721117318,1,-6.270218849,1,-5.606657982,1,-0.931384265,1,3.036508322,1,-1.429677367,1,-2.174659491,0,-1.214488626,0,-3.002060652,0
102.6081085,-0.649600685,1,-6.108408928,1,-5.531092644,1,-0.89565444,1,3.178772926,1,-1.524335623,1,-2.159233809,0,-1.22636044,0,-3.022377729,0
102.612114,-0.700968087,1,-5.93590498,1,-5.491220474,1,-0.849850595,1,3.3062675,1,-1.60977304,1,-2.141639233,0,-1.238707185,0,-3.044737816,0
102.6161194,-0.834539652,1,-5.694168568,1,-5.446661949,1,-0.79109776,1,3.42434144,1,-1.692593336,1,-2.121548653,0,-1.251467705,0,-3.06940341,0
102.6201172,-1.125840187,1,-5.513019562,1,-5.488567352,1,-0.724979997,1,3.541383982,1,-1.770715117,1,-2.098597765,0,-1.26456964,0,-3.096709967,0
102.624115,-1.547898054,1,-5.38831234,1,-5.463371277,1,-0.643455803,1,3.65632391,1,-1.849329829,1,-2.072302103,0,-1.277959943,0,-3.127092123,0
102.6281128,-1.94745183,1,-5.281182766,1,-5.496956825,1,-0.556033254,1,3.773418903,1,-1.92539978,1,-2.04204917,0,-1.2915802,0,3.122066259,0
102.6321106,-2.494160414,1,-5.211467743,1,-5.548440933,1,-0.457141578,1,3.891649246,1,-2.006631613,1,-2.007082462,0,-1.305365801,0,3.083666801,0
102.636116,-2.927067518,1,-5.170318604,1,-5.584658623,1,-0.360614568,1,4.009947777,1,-2.085122824,1,-1.966556907,0,-1.319242597,0,3.040058374,0
102.6401138,-3.354771614,1,-5.153511047,1,-5.604607105,1,-0.260267735,1,4.135766983,1,-2.165627003,1,-1.919410944,0,-1.333090186,0,2.990185738,0
102.6441116,-3.835572958,1,-5.241605759,1,-5.626477718,1,-0.172294408,1,4.255778313,1,-2.251766205,1,-1.864408731,0,-1.346770048,0,2.932796717,0
102.6481094,-4.295039654,1,-5.338435173,1,-5.634014606,1,-0.084705375,1,4.387004375,1,-2.328440905,1,-1.800034881,0,-1.360099554,0,2.866346121,0
102.6521072,-4.725207806,1,-5.408545971,1,-5.654472351,1,-0.010112993,1,4.515042782,1,-2.408133984,1,-1.724560857,0,-1.372800946,0,2.789080381,0
102.656105,-5.05851841,1,-5.45096302,1,-5.623134136,1,0.054696117,1,4.64731741,1,-2.482798338,1,-1.636256933,0,-1.384544969,0,2.699225903,0
102.6601105,-5.391044617,1,-5.465664387,1,-5.675152779,1,0.113989487,1,4.773804665,1,-2.557239294,1,-1.533732414,0,-1.394910932,0,2.59534049,0
102.6641083,-5.54341507,1,-5.517521858,1,-5.71380806,1,0.16953136,1,4.90227747,1,-2.630478621,1,-1.416254878,0,-1.403408766,0,2.476692677,0
102.6681061,-5.617494583,1,-5.496937752,1,-5.731837273,1,0.217312098,1,5.015404701,1,-2.697472095,1,-1.284632444,0,-1.409489155,0,2.344060659,0
102.6721039,-5.756011486,1,-5.451230049,1,-5.642725468,1,0.262485355,1,5.11513567,1,-2.761291265,1,-1.141993046,0,-1.412632465,0,2.200567245,0
102.6761017,-5.801995277,1,-5.413276672,1,-5.636929989,1,0.310782671,1,5.204882622,1,-2.810602665,1,-0.993747532,0,-1.412445903,0,2.051613808,0
102.6800995,-5.914646149,1,-5.306072712,1,-5.643346786,1,0.361698657,1,5.275082111,1,-2.85496974,1,-0.846592426,0,-1.408755898,0,1.903922677,0
102.6841049,-5.965558529,1,-5.186600208,1,-5.741223812,1,0.424899787,1,5.326973915,1,-2.897074938,1,-0.706797719,0,-1.40168345,0,1.763799906,0
102.6881027,-6.06836462,1,-5.080569267,1,-5.789178371,1,0.494936347,1,5.368796825,1,-2.927474976,1,-0.578992844,0,-1.391520858,0,1.635909915,0
102.6921005,-6.24812746,1,-4.900228024,1,-5.860124111,1,0.573390961,1,5.397190571,1,-2.948055267,1,0.198910505,0,-1.154235959,0,0.924251974,0
102.6960983,-6.346963406,1,-4.924442768,1,-5.921609402,1,0.652123868,1,5.425227642,1,-2.97484374,1,0.216957331,0,-1.130603433,0,0.90710324,0
102.7000961,-6.61041832,1,-4.90078783,1,-6.011302471,1,0.74014926,1,5.447564125,1,-2.990417957,1,0.233679786,0,-1.106742144,0,0.891604424,0
102.7041016,-6.793654919,1,-4.89138937,1,-6.091090202,1,0.832388878,1,5.470891476,1,-3.00071311,1,0.249277681,0,-1.082663774,0,0.877595901,0
102.7080994,-7.093963146,1,-4.935238838,1,-6.263380051,1,0.932199895,1,5.493746758,1,-3.017304897,1,0.263932973,0,-1.058400869,0,0.864931166,0
102.7120972,-7.298016548,1,-4.9456563,1,-6.461716652,1,1.043232799,1,5.508220673,1,-3.021610737,1,0.277825475,0,-1.033970594,0,0.853456318,0
102.716095,-7.496328354,1,-5.040512562,1,-6.66687727,1,1.161376834,1,5.514016628,1,-3.030635357,1,0.291120172,0,-1.009413004,0,0.843037009,0
102.7200928,-7.759561539,1,-5.02021122,1,-6.975357056,1,1.28194344,1,5.516337872,1,-3.037522793,1,0.303977013,0,-0.98476088,0,0.833557606,0
102.7240906,-8.013515472,1,-5.103274345,1,-7.210419178,1,1.413380623,1,5.504518986,1,-3.048467398,1,0.316511214,0,-0.960059881,0,0.824913621,0
102.728096,-8.396839142,1,-5.244678974,1,-7.462083817,1,1.537909269,1,5.490512848,1,-3.05608201,1,0.328811646,0,-0.935322285,0,0.817035556,0
102.7320938,-8.657357216,1,-5.475417614,1,-7.736502647,1,1.655844688,1,5.474372864,1,-3.06830287,1,0.340948045,0,-0.910576582,0,0.809821963,0
102.7360916,-9.085057259,1,-5.801402092,1,-7.989580154,1,1.769235253,1,5.45973444,1,-3.08319068,1,0.352983803,0,-0.885827065,0,0.80319798,0
102.740097,-9.673003197,1,-6.214091301,1,-8.258648872,1,1.875827193,1,5.443470478,1,-3.106874943,1,0.364966214,0,-0.861067474,0,0.797082186,0
102.7440948,-10.16589642,1,-6.554484367,1,-8.533269882,1,1.970172524,1,5.430066586,1,-3.134420633,1,0.376920402,0,-0.836272955,0,0.791411161,0
102.7480927,-10.62514496,1,-6.956109524,1,-8.811576843,1,2.039395332,1,5.415739059,1,-3.172550917,1,0.388827235,0,-0.811445653,0,0.786125779,0
102.7520981,-11.10677338,1,-7.419223309,1,-9.078839302,1,2.099560261,1,5.393706322,1,-3.215121269,1,0.400677115,0,-0.786580026,0,0.781146049,0
102.7560959,-11.56923199,1,-7.834598064,1,-9.355651855,1,2.141931534,1,5.364790916,1,-3.262153149,1,0.412477434,0,-0.761683762,0,0.776405573,0
102.7600937,-12.05354404,1,-8.287202835,1,-9.698958397,1,2.17602253,1,5.330245495,1,-3.322338581,1,0.424237728,0,-0.73677814,0,0.771833479,0
102.7640915,-12.6967392,1,-8.763946533,1,-10.04524231,1,2.195896864,1,5.280643463,1,-3.392007113,1,0.435941756,0,-0.711898327,0,0.767361522,0
102.7680969,-13.37454796,1,-9.264518738,1,-10.49255562,1,2.20081687,1,5.220154285,1,-3.474203348,1,0.44761911,0,-0.687041044,0,0.762883544,0
102.7720871,-14.02884102,1,-9.642938614,1,-10.89582348,1,2.198452473,1,5.143960953,1,-3.563396692,1,0.459272742,0,-0.662231624,0,0.758316994,0
102.7760925,-14.87772942,1,-9.965614319,1,-11.42888641,1,2.184779167,1,5.047063828,1,-3.666377068,1,0.470915973,0,-0.637526929,0,0.753569484,0
102.7800903,-16.04941177,1,-10.2823019,1,-11.91345692,1,2.175367117,1,4.929717541,1,-3.790896416,1,0.482585073,0,-0.612949669,0,0.748526692,0
102.7840881,-17.48324203,1,-10.35914803,1,-12.26469707,1,2.161607742,1,4.81515789,1,-3.932043791,1,0.4943344,0,-0.588490546,0,0.743083715,0
102.7880859,-19.10114098,1,-10.33689404,1,-12.51916218,1,2.156857491,1,4.684943199,1,-4.102528095,1,0.506202698,0,-0.564106524,0,0.737145603,0
102.7920914,-21.00788689,1,-10.28523731,1,-12.52588177,1,2.171318293,1,4.554346085,1,-4.287851334,1,0.518280327,0,-0.539783001,0,0.730612755,0
102.7960892,-23.09169388,1,-10.23899937,1,-12.51460171,1,2.191805601,1,4.414944172,1,-4.486277103,1,0.530615509,0,-0.515473247,0,0.723438621,0
102.800087,-25.17041779,1,-10.07426834,1,-12.35544586,1,2.218104362,1,4.270092964,1,-4.706102371,1,0.543231964,0,-0.491148829,0,0.715547979,0
102.8040848,-27.19400597,1,-9.505194664,1,-11.97170925,1,2.256737232,1,4.110321999,1,-4.932536602,1,0.556161284,0,-0.466791183,0,0.706894636,0
102.8080826,-28.47472954,1,-6.407273769,1,-10.78984642,1,2.319133997,1,3.946846247,1,-5.219705105,1,0.569478273,0,-0.442328364,0,0.697393358,0
102.8120804,-26.28095245,1,1.963506341,1,-12.58865547,1,2.506606102,1,3.620390415,1,-5.602885723,1,0.583646238,0,-0.41783303,0,0.686500847,0
102.8160858,-25.67860603,1,0.829371393,1,-12.02652645,1,2.740771055,1,3.309952736,1,-5.927879333,1,0.599032581,0,-0.393497407,0,0.674031615,0
102.8200836,-27.25725937,1,0.608080983,1,-10.13532257,1,3.052134037,1,3.085761309,1,-6.189727306,1,0.6156739,0,-0.369142234,0,0.660430253,0
102.8240814,-29.08489609,1,0.210789084,1,-8.421350479,1,3.29625082,1,2.869445086,1,-6.322627544,1,0.633376598,0,-0.34485352,0,0.646167755,0
102.8280792,-30.1790123,1,-0.109646313,1,-7.27755022,1,3.4022789,1,2.643340111,1,-6.407219887,1,0.651595414,0,-0.320776701,0,0.631576359,0
102.832077,-31.12148285,1,-0.223313659,1,-5.888956547,1,3.345510483,1,2.432868481,1,-6.442941189,1,0.669616282,0,-0.296982914,0,0.616800666,0
102.8360748,-31.33852959,1,0.069483362,1,-4.350402832,1,3.167562485,1,2.235866308,1,-6.414311886,1,0.686814547,0,-0.273570925,0,0.602029264,0
102.8400803,-30.67866135,1,0.999406517,1,-2.898998499,1,2.962575674,1,2.032835484,1,-6.315968037,1,0.702863395,0,-0.250694603,0,0.587427258,0
102.8440781,-29.53850174,1,2.54829216,1,-1.475931287,1,2.742926121,1,1.80629909,1,-6.164246559,1,0.717664182,0,-0.228571251,0,0.57310307,0
102.8480759,-28.52755928,1,5.20240593,1,-0.304276139,1,2.552921057,1,1.545605898,1,-5.97698307,1,0.731294572,0,-0.207445741,0,0.559021056,0
102.8520737,-28.18037605,1,8.255727768,1,0.759205759,1,2.433383226,1,1.280512214,1,-5.765768051,1,0.743971884,0,-0.187460542,0,0.545158386,0
102.8560715,-28.86186981,1,10.63738823,1,1.76422143,1,2.370315552,1,1.029272437,1,-5.539163113,1,0.755959153,0,-0.168664813,0,0.531551063,0
102.8600769,-30.03334427,1,12.5592041,1,2.564650059,1,2.355057955,1,0.792214036,1,-5.277526855,1,0.76752466,0,-0.151100725,0,0.518235683,0
102.8640823,-31.05675697,1,13.99863434,1,3.320043087,1,2.36353898,1,0.561822593,1,-4.980159283,1,0.778808177,0,-0.134825081,0,0.505301893,0
102.8680801,-31.61891747,1,14.65141296,1,4.25308466,1,2.349169731,1,0.341329545,1,-4.634472847,1,0.789819837,0,-0.119959794,0,0.492850721,0
102.8720779,-32.06749344,1,14.96380615,1,5.011766434,1,2.314933062,1,0.126339436,1,-4.254044533,1,0.800489187,0,-0.106617212,0,0.480981231,0
102.8760757,-32.15953064,1,14.3408289,1,5.716949463,1,2.241627932,1,-0.053036958,1,-3.804474831,1,0.810731649,0,-0.094889738,0,0.469840586,0
102.8800735,-32.02923965,1,13.33273602,1,6.086645603,1,2.14456749,1,-0.197217718,1,-3.314991236,1,0.820423841,0,-0.084857188,0,0.459667027,0
102.884079,-31.18622971,1,11.08411026,1,5.96312809,1,1.946473002,1,-0.307366908,1,-2.746845961,1,0.829360664,0,-0.076623589,0,0.450651258,0
102.8880768,-15.03786755,1,-6.676102161,1,2.231434345,1,0.800133348,1,-0.735366642,1,-1.852295041,1,0.835878134,0,-0.071018785,0,0.442926288,0
102.8920746,-33.11935043,1,-2.743647575,1,7.038322449,1,-0.584909976,1,-1.73591876,1,-0.638910353,1,0.836670876,0,-0.070702583,0,0.435902625,0
102.8960724,-34.78784943,1,1.938389659,1,9.744931221,1,-1.652154207,1,-2.051015854,1,0.129009083,1,0.832670689,0,-0.075171299,0,0.429507554,0
102.9000702,-21.31001091,1,0.490723342,1,12.32676888,1,-2.856668711,1,-2.302228689,1,0.900850594,1,0.824038148,0,-0.082488388,0,0.424550384,0
102.904068,-16.2400589,1,4.130145073,1,12.54977608,1,-3.736860752,1,-2.997857094,1,1.736523747,1,0.811087489,0,-0.09351334,0,0.420423448,0
102.9080734,-19.17193222,1,11.06870556,1,10.5233984,1,-4.227017403,1,-3.52237463,1,2.611230135,1,0.795414567,0,-0.10893181,0,0.417004198,0
102.9120712,-10.7137022,1,14.88139057,1,1.745521665,1,-4.151380539,1,-3.548404217,1,3.160489321,1,0.778782487,0,-0.127224028,0,0.415110946,0
102.916069,-2.657317162,1,11.71822262,1,-10.0991869,1,-3.942498684,1,-3.5204494,1,3.395158529,1,0.76256305,0,-0.146537796,0,0.414681584,0
102.9200668,-9.951338768,1,6.861879349,1,-21.65037155,1,-3.59882164,1,-3.393615723,1,3.251264811,1,0.747351587,0,-0.16586259,0,0.414923012,0
102.9240723,-8.25295639,1,-1.59149158,1,-28.1220932,1,-3.060398817,1,-2.907711744,1,2.827171087,1,0.734023988,0,-0.183425888,0,0.415402651,0
102.9280701,-3.848847866,1,-6.018268108,1,-29.02764893,1,-2.853298903,1,-2.593888044,1,2.434928417,1,0.722106755,0,-0.198563635,0,0.41595608,0
102.9320679,0.164985552,1,-3.360517263,1,-25.47165298,1,-2.40960598,1,-2.491011143,1,2.256125689,1,0.711440384,0,-0.2123124,0,0.416393131,0
102.9360657,-3.423183203,1,0.247389331,1,-18.51534843,1,-1.96180582,1,-2.703316927,1,2.187564373,1,0.702849507,0,-0.225928158,0,0.416460574,0
102.9400635,-7.981057644,1,5.372082233,1,-15.94606876,1,-1.706456304,1,-2.903205872,1,2.21795392,1,0.695668101,0,-0.240182251,0,0.415879697,0
102.9440613,-6.676559925,1,7.951601028,1,-13.13341427,1,-1.346224546,1,-3.036855459,1,2.416574717,1,0.692465663,0,-0.25483036,0,0.42295894,0
102.9480667,-7.877034664,1,6.634759426,1,-14.21132755,1,-1.342879176,1,-3.508390427,1,2.66537261,1,0.687212706,0,-0.27137199,0,0.422380447,0
102.9520645,-13.93533421,1,4.257601261,1,-16.08694267,1,-1.36973083,1,-3.484252214,1,2.831445694,1,0.681989491,0,-0.289297402,0,0.422021389,0
102.9560623,-20.68374062,1,1.80586338,1,-18.517416,1,-1.317284346,1,-3.195666313,1,2.822103977,1,0.676448166,0,-0.306896925,0,0.422424495,0
102.9600601,-27.9546814,1,-2.095626593,1,-18.45197105,1,-1.161072373,1,-2.627759695,1,2.575088263,1,0.67117846,0,-0.322852105,0,0.423673689,0
102.9640579,-29.88337326,1,-5.29542923,1,-15.41292381,1,-0.986319602,1,-1.871573448,1,2.148293257,1,0.666232228,0,-0.335819423,0,0.42563799,0
102.9680557,-21.25003624,1,-5.42572546,1,-10.61527443,1,-0.804008543,1,-1.410278559,1,1.681795359,1,0.661933541,0,-0.345583081,0,0.42781046,0
102.9720612,-12.93265915,1,-4.313846588,1,-8.151539803,1,-0.77157867,1,-1.364384651,1,1.479183555,1,0.658277869,0,-0.35378021,0,0.42951557,0
102.976059,-6.859544277,1,-5.766223907,1,-6.695614338,1,-0.947029054,1,-1.413969398,1,1.27560389,1,0.654474676,0,-0.361552238,0,0.430554926,0
102.9800644,-4.163079739,1,-3.207569122,1,-7.471475124,1,-1.055668473,1,-1.547328949,1,1.164455056,1,0.650310457,0,-0.369186223,0,0.430879891,0
102.9840622,-6.22164917,1,-3.317784548,1,-8.704825401,1,-1.055909395,1,-1.596129179,1,1.111507416,1,0.646185815,0,-0.376967549,0,0.430624574,0
102.98806,-7.880550385,1,-3.478381395,1,-10.04700089,1,-1.097622991,1,-1.37250185,1,1.117451429,1,0.641870618,0,-0.384433299,0,0.43061161,0
102.9920578,-7.274075508,1,-1.363107562,1,-9.916734695,1,-1.068375587,1,-1.101101756,1,1.113964677,1,0.637280226,0,-0.391051114,0,0.431287944,0
102.9960632,-7.937842369,1,-0.627799809,1,-9.404084206,1,-1.045211554,1,-0.882217765,1,1.130782843,1,0.632549107,0,-0.396892011,0,0.432662308,0
103.000061,-10.33334827,1,-1.296577454,1,-8.915950775,1,-1.086566806,1,-0.656179667,1,1.151542902,1,0.627518833,0,-0.402081013,0,0.434712052,0
103.0040588,-9.31845665,1,-3.092284918,1,-8.736563683,1,-1.09836638,1,-0.47838971,1,1.004814267,1,0.622188509,0,-0.406428128,0,0.437111914,0
103.0080566,-10.46346378,1,-5.015473843,1,-9.654477119,1,-1.081959844,1,-0.371738225,1,0.827122211,1,0.616974413,0,-0.409955621,0,0.439279616,0
103.0120544,-9.56943512,1,-4.316309929,1,-9.461139679,1,-1.022250056,1,-0.225662082,1,0.702705562,1,0.611971319,0,-0.412662268,0,0.441217333,0
103.0160522,-6.764854431,1,-3.880882263,1,-9.422681808,1,-0.975533009,1,-0.162681639,1,0.664638817,1,0.607192397,0,-0.414836317,0,0.443183273,0
103.0200577,-5.304800034,1,-3.427169561,1,-9.507982254,1,-0.968609214,1,-0.140085667,1,0.685876727,1,0.602482617,0,-0.41686511,0,0.445220232,0
103.0240555,-4.781269073,1,-3.054400921,1,-9.850289345,1,-0.954802811,1,-0.130726323,1,0.701254666,1,0.597738087,0,-0.418873727,0,0.447397828,0
103.0280533,-4.956815243,1,-3.110602856,1,-9.673894882,1,-0.91042906,1,-0.106023476,1,0.689021587,1,0.593115687,0,-0.420811892,0,0.44962427,0
103.0320511,-5.991383553,1,-3.159736872,1,-9.55109024,1,-0.859735072,1,-0.106257185,1,0.665539742,1,0.588663459,0,-0.422674268,0,0.451834083,0
103.0360489,-5.83506155,1,-2.361784458,1,-8.703038216,1,-0.81618613,1,-0.099880233,1,0.657804191,1,0.584418893,0,-0.424478412,0,0.453989923,0
103.0400543,-6.285512447,1,-2.715522289,1,-8.69733429,1,-0.782023907,1,-0.072980091,1,0.648121893,1,0.580318451,0,-0.426223993,0,0.456167459,0
103.0440521,-5.258735657,1,-2.866572857,1,-8.580594063,1,-0.744781256,1,-0.052269626,1,0.623859406,1,0.576365888,0,-0.427808821,0,0.458368689,0
103.0480499,-4.284741879,1,-2.676002979,1,-8.478636742,1,-0.717532754,1,-0.077221945,1,0.594566107,1,0.57256937,0,-0.429347903,0,0.460463434,0
103.0520477,-4.630437374,1,-2.145036697,1,-8.770018578,1,-0.678837597,1,-0.104753301,1,0.560215533,1,0.568974555,0,-0.430917561,0,0.462375939,0
103.0560532,-6.016919613,1,-1.267029047,1,-9.03032589,1,-0.616718829,1,-0.095739171,1,0.506036878,1,0.565637231,0,-0.432410181,0,0.464116633,0
103.0600433,-5.588493347,1,-0.761867523,1,-8.802195549,1,-0.553839326,1,-0.093503386,1,0.457289666,1,0.562632263,0,-0.43376106,0,0.46569553,0
103.0640488,-4.989979267,1,-1.020020723,1,-9.259208679,1,-0.495218486,1,-0.105448596,1,0.391944259,1,0.559959769,0,-0.435001642,0,0.467050165,0
103.0680466,-4.229333401,1,-1.456163287,1,-9.598996162,1,-0.435244322,1,-0.146682665,1,0.349830925,1,0.557645679,0,-0.436208278,0,0.468137473,0
103.0720444,-3.984645367,1,-1.90950799,1,-9.454343796,1,-0.396751165,1,-0.194645822,1,0.332296759,1,0.555610597,0,-0.437506795,0,0.469007552,0
103.0760422,-4.680037022,1,-2.333609104,1,-8.973608971,1,-0.380363375,1,-0.223394051,1,0.327886343,1,0.553746581,0,-0.4389202,0,0.469751358,0
103.0800476,-5.070539951,1,-2.79968071,1,-8.598139763,1,-0.379152447,1,-0.224953875,1,0.332713753,1,0.551922143,0,-0.440371037,0,0.470470399,0
103.0840454,-4.943245411,1,-3.292578697,1,-8.328930855,1,-0.396650165,1,-0.230944216,1,0.332539618,1,0.550077558,0,-0.441848338,0,0.471188724,0
103.0880432,-4.48341608,1,-3.486763954,1,-8.597925186,1,-0.413033813,1,-0.244761273,1,0.336216003,1,0.548156798,0,-0.443349004,0,0.471906811,0
103.092041,-4.410418987,1,-3.42743516,1,-8.670862198,1,-0.437997937,1,-0.252839983,1,0.324422032,1,0.546161771,0,-0.444898456,0,0.472584963,0
103.0960388,-4.584331512,1,-2.896553278,1,-8.739440918,1,-0.446241081,1,-0.272347033,1,0.30677253,1,0.544116557,0,-0.446455538,0,0.473186076,0
103.1000443,-5.243548393,1,-2.243974447,1,-8.705025673,1,-0.441748321,1,-0.276052892,1,0.279460132,1,0.542126,0,-0.448020518,0,0.473675668,0
103.1040497,-5.258658886,1,-1.414016247,1,-8.656032562,1,-0.408778816,1,-0.272532344,1,0.239640534,1,0.540265322,0,-0.449498773,0,0.47403264,0
103.1080399,-5.129576683,1,-0.953625977,1,-8.857637405,1,-0.362655103,1,-0.274031907,1,0.195905909,1,0.538621247,0,-0.450877577,0,0.474239826,0
103.1120453,-4.892703533,1,-0.790710151,1,-8.809567451,1,-0.306139767,1,-0.263673872,1,0.150454789,1,0.537264287,0,-0.452159822,0,0.474290788,0
103.1160431,-4.599012375,1,-1.01263833,1,-8.953413963,1,-0.248165011,1,-0.267447203,1,0.104195982,1,0.53620261,0,-0.453323901,0,0.474165142,0
103.1200409,-4.977641582,1,-1.284944057,1,-8.917700768,1,-0.19621025,1,-0.288544774,1,0.070207894,1,0.535450578,0,-0.454458594,0,0.473858207,0
103.1240387,-5.019814968,1,-1.45783174,1,-8.770482063,1,-0.151430771,1,-0.302656919,1,0.048575878,1,0.534942567,0,-0.45559904,0,0.473415494,0
103.1280441,-5.014815807,1,-1.664586902,1,-8.766506195,1,-0.119113594,1,-0.295546263,1,0.038942341,1,0.534626007,0,-0.456716537,0,0.472904533,0
103.1320419,-4.890927792,1,-2.16482091,1,-8.721405983,1,-0.093366176,1,-0.311299026,1,0.028717866,1,0.534459174,0,-0.457835615,0,0.472338349,0
103.1360397,-4.772543907,1,-2.604189873,1,-8.533751488,1,-0.090350375,1,-0.31087482,1,0.035340488,1,0.534356773,0,-0.458974451,0,0.471749455,0
103.1400375,-4.562712669,1,-2.989149332,1,-8.443756104,1,-0.092603214,1,-0.318778872,1,0.055345561,1,0.534236312,0,-0.460161299,0,0.471201539,0
103.1440353,-4.828398228,1,-3.170480013,1,-8.292450905,1,-0.097511105,1,-0.316898853,1,0.081445418,1,0.534069896,0,-0.461402506,0,0.470740706,0
103.1480331,-4.992855549,1,-3.496306181,1,-8.080136299,1,-0.104806475,1,-0.306352079,1,0.111792535,1,0.533810854,0,-0.462673962,0,0.470409274,0
103.1520386,-4.994179726,1,-3.67932415,1,-7.920528412,1,-0.134748995,1,-0.304006368,1,0.144458801,1,0.533407032,0,-0.463985056,0,0.47021085,0
103.1560364,-5.120718956,1,-3.553192139,1,-7.798019886,1,-0.150040552,1,-0.285945415,1,0.166071028,1,0.532877445,0,-0.465315759,0,0.470137894,0
103.1600342,-5.013932705,1,-3.295176029,1,-7.811837196,1,-0.160742447,1,-0.270239651,1,0.188259244,1,0.532229543,0,-0.466636568,0,0.470200747,0
103.164032,-5.059045792,1,-2.790602684,1,-7.859838963,1,-0.169496194,1,-0.249603614,1,0.196008503,1,0.531492591,0,-0.467921078,0,0.470359236,0
103.1680298,-4.907851696,1,-2.358778238,1,-7.93388176,1,-0.15815036,1,-0.234754741,1,0.203521833,1,0.530733764,0,-0.469158977,0,0.470579535,0
103.1720276,-4.687090874,1,-2.071854353,1,-8.242640495,1,-0.15650408,1,-0.238745213,1,0.207069397,1,0.529981017,0,-0.470397472,0,0.470839232,0
103.176033,-4.584746361,1,-1.782488704,1,-8.33665657,1,-0.130411178,1,-0.239148244,1,0.201416671,1,0.529301107,0,-0.471632719,0,0.471077383,0
103.1800308,-4.419909,1,-1.684565544,1,-8.474520683,1,-0.095642641,1,-0.25293386,1,0.20239529,1,0.528754294,0,-0.472891867,0,0.471300602,0
103.1840286,-4.359183788,1,-1.953990102,1,-8.671995163,1,-0.069558017,1,-0.27338326,1,0.201541066,1,0.528336346,0,-0.47420153,0,0.471486181,0
103.1880341,-4.2552104,1,-2.490143061,1,-8.73404789,1,-0.064136051,1,-0.298583716,1,0.209426269,1,0.528002739,0,-0.475603431,0,0.471638471,0
103.1920242,-4.169013977,1,-2.838896751,1,-8.697706223,1,-0.061823443,1,-0.328944355,1,0.221742257,1,0.383168221,0,-0.580930948,0,0.175430298,0
103.1960297,-4.344326973,1,-2.813642979,1,-8.622321129,1,-0.050949514,1,-0.346468389,1,0.244718298,1,0.382708549,0,-0.582536995,0,0.175861731,0
103.2000275,-4.365879059,1,-2.92597127,1,-8.608940125,1,-0.050087322,1,-0.36712876,1,0.273932874,1,0.38223362,0,-0.584242761,0,0.176373288,0
103.2040253,-4.441349983,1,-2.791264534,1,-8.599998474,1,-0.039656617,1,-0.387699276,1,0.29151839,1,0.381729543,0,-0.586064756,0,0.176953837,0
103.2080231,-4.227988243,1,-2.893778563,1,-8.726202965,1,-0.043037724,1,-0.414807558,1,0.3167229,1,0.381216526,0,-0.588011563,0,0.177599758,0
103.2120285,-4.477523804,1,-2.937719345,1,-8.833778381,1,-0.049192514,1,-0.45035547,1,0.34901914,1,0.380638033,0,-0.590113699,0,0.178313538,0
103.2160263,-4.357674599,1,-2.697560072,1,-8.757739067,1,-0.070259735,1,-0.485602856,1,0.360638291,1,0.379969478,0,-0.592378855,0,0.179070219,0
103.2200394,-4.637384415,1,-2.354146957,1,-8.903279305,1,-0.032808878,1,-0.520746827,1,0.383737087,1,0.379336149,0,-0.594804645,0,0.179842696,0
103.2240295,-4.536730766,1,-2.953332663,1,-8.963510513,1,-0.047907274,1,-0.551630914,1,0.404390633,1,0.378747135,0,-0.597374618,0,0.180656239,0
103.2280273,-4.437040329,1,-2.613494396,1,-8.7827425,1,-0.087282777,1,-0.59507823,1,0.407034397,1,0.378000379,0,-0.600106478,0,0.181461379,0
103.2320251,-4.824019909,1,-2.172308445,1,-8.80365181,1,-0.052657217,1,-0.62718153,1,0.413577944,1,0.377286017,0,-0.602983773,0,0.182224482,0
103.2360382,-4.75951767,1,-2.24627161,1,-8.638298988,1,-0.035708189,1,-0.642546237,1,0.431069136,1,0.376677155,0,-0.605968595,0,0.182997391,0
103.2400208,-4.999120712,1,-2.580843925,1,-8.665804863,1,-0.060542174,1,-0.67278415,1,0.439849257,1,0.376025945,0,-0.609060228,0,0.183808178,0
103.2440262,-4.769974709,1,-2.103956461,1,-8.505627632,1,-0.066959158,1,-0.704265654,1,0.42639941,1,0.375343084,0,-0.612251997,0,0.184535146,0
103.248024,-4.967638016,1,-1.536969185,1,-8.515170097,1,-0.050035119,1,-0.723880708,1,0.421459407,1,0.374729812,0,-0.615534961,0,0.185175568,0
103.2520218,-5.057247162,1,-1.49552083,1,-8.409105301,1,-0.020710032,1,-0.737906396,1,0.417714775,1,0.374234527,0,-0.618866146,0,0.185773775,0
103.2560196,-5.185341835,1,-1.966458201,1,-8.442641258,1,-0.009474332,1,-0.751242757,1,0.414174855,1,0.373862267,0,-0.622247756,0,0.186329141,0
103.2600327,-5.110196114,1,-2.552363634,1,-8.305688858,1,-0.036477558,1,-0.776027381,1,0.410811812,1,0.373469591,0,-0.62569201,0,0.186851501,0
103.2640228,-4.975212574,1,-2.277846098,1,-8.233682632,1,-0.05555407,1,-0.797339559,1,0.404731452,1,0.373009443,0,-0.629215062,0,0.187305361,0
103.2680206,-5.099578857,1,-1.948151708,1,-8.294009209,1,-0.047096066,1,-0.816887975,1,0.404064149,1,0.372564167,0,-0.632811904,0,0.187704489,0
103.2720184,-5.226334095,1,-1.848338246,1,-8.424651146,1,-0.037778042,1,-0.833113551,1,0.401029438,1,0.372166306,0,-0.636470497,0,0.188075021,0
103.2760162,-5.237543106,1,-1.999303579,1,-8.449584007,1,-0.040003173,1,-0.853499293,1,0.402822495,1,0.371823609,0,-0.640197635,0,0.188404903,0
103.280014,-5.077625751,1,-2.088932276,1,-8.313578606,1,-0.048085507,1,-0.872933805,1,0.399944484,1,0.371463835,0,-0.644000053,0,0.18871434,0
103.2840271,-5.135046959,1,-1.960286736,1,-8.328790665,1,-0.044971798,1,-0.897214353,1,0.39838022,1,0.371132374,0,-0.647878289,0,0.188961104,0
103.2880173,-5.21582365,1,-1.932229042,1,-8.306407928,1,-0.03278983,1,-0.911642373,1,0.402377516,1,0.37083745,0,-0.651841998,0,0.189182967,0
103.2920151,-5.194797039,1,-2.201248407,1,-8.277386665,1,-0.035400555,1,-0.933915913,1,0.409943879,1,0.370570958,0,-0.655868173,0,0.189409405,0
103.2960281,-5.3569417,1,-2.547990322,1,-8.290186882,1,-0.046741463,1,-0.949574709,1,0.419235885,1,0.370260626,0,-0.659981847,0,0.189645842,0
103.3000107,-5.27364254,1,-2.625300884,1,-8.200474739,1,-0.075424649,1,-0.966110826,1,0.433270961,1,0.369850934,0,-0.664161325,0,0.189906418,0
103.3040237,-5.290932655,1,-2.470097065,1,-8.122781754,1,-0.075293757,1,-0.987051964,1,0.447156817,1,0.369366825,0,-0.668430984,0,0.19020839,0
103.3080139,-5.537289143,1,-2.446394682,1,-8.072142601,1,-0.082892187,1,-1.002344966,1,0.467997581,1,0.368842959,0,-0.67279315,0,0.190554291,0
103.3120117,-5.412658215,1,-2.455582142,1,-7.995174885,1,-0.082722321,1,-1.015816689,1,0.482670188,1,0.368248343,0,-0.677249789,0,0.190973788,0
103.3160095,-5.463424206,1,-2.389325619,1,-7.991299629,1,-0.081432231,1,-1.032810569,1,0.502554595,1,0.367626339,0,-0.681777656,0,0.191441178,0
103.3200226,-5.546229839,1,-2.342291594,1,-8.021181107,1,-0.078235492,1,-1.054668188,1,0.512874186,1,0.366979331,0,-0.686407924,0,0.191956922,0
103.3240204,-5.516600609,1,-2.314391851,1,-7.962647438,1,-0.082812808,1,-1.069887042,1,0.524278224,1,0.366312325,0,-0.691122472,0,0.192503422,0
103.3280106,-5.491803169,1,-2.402203321,1,-7.995184898,1,-0.078519739,1,-1.087907434,1,0.540217996,1,0.365627587,0,-0.695915639,0,0.193080351,0
103.3320084,-5.52627182,1,-2.452148914,1,-7.954473972,1,-0.083254769,1,-1.107636929,1,0.557820797,1,0.364900172,0,-0.70080018,0,0.193703651,0
103.3360062,-5.565137386,1,-2.452748775,1,-8.042980194,1,-0.07921432,1,-1.127632737,1,0.579867184,1,0.364122868,0,-0.705791354,0,0.194404021,0
103.3400192,-5.465366364,1,-2.463358402,1,-7.969181538,1,-0.088918872,1,-1.151100516,1,0.606694877,1,0.36327678,0,-0.710891247,0,0.195189387,0
103.3440247,-5.57275486,1,-2.467875242,1,-8.029683113,1,-0.089071028,1,-1.175983548,1,0.624098599,1,0.362365723,0,-0.716113091,0,0.196045622,0
103.3480225,-5.914447308,1,-2.49332428,1,-8.146699905,1,-0.093290001,1,-1.194774866,1,0.650581717,1,0.361363828,0,-0.721459746,0,0.196995899,0
103.3520203,-5.612510681,1,-2.346991301,1,-7.948849678,1,-0.097495079,1,-1.216524243,1,0.673051059,1,0.360283673,0,-0.726899505,0,0.198039234,0
103.3560181,-5.555639744,1,-2.37027359,1,-7.915388584,1,-0.101874255,1,-1.24394536,1,0.695034146,1,0.359141618,0,-0.732458413,0,0.199145406,0
103.3600159,-5.877496243,1,-2.248919725,1,-7.897278786,1,-0.106013313,1,-1.263733149,1,0.713170171,1,0.357933313,0,-0.738147438,0,0.200322211,0
103.3640137,-5.822748184,1,-2.112537146,1,-7.807201385,1,-0.115939982,1,-1.288037539,1,0.733981013,1,0.356639117,0,-0.743942857,0,0.201575264,0
103.3680191,-5.784886837,1,-2.01757741,1,-7.714174747,1,-0.123912595,1,-1.314543843,1,0.742717266,1,0.355267107,0,-0.749848485,0,0.202882633,0
103.3720169,-5.786033154,1,-1.885890245,1,-7.764201164,1,-0.128373787,1,-1.334707141,1,0.755704403,1,0.353855908,0,-0.755856276,0,0.204219282,0
103.3760147,-5.858474255,1,-1.76861763,1,-7.746249676,1,-0.135045305,1,-1.358469248,1,0.763734102,1,0.352376044,0,-0.761958003,0,0.205591902,0
103.3800125,-5.895625591,1,-1.786136508,1,-7.772828102,1,-0.143009558,1,-1.380799532,1,0.76584816,1,0.350864023,0,-0.768153787,0,0.206963345,0
103.3840103,-5.884680271,1,-1.8322649,1,-7.762868404,1,-0.160050899,1,-1.405745268,1,0.768285692,1,0.349310577,0,-0.774439216,0,0.20832032,0
103.3880157,-5.831465721,1,-1.858566999,1,-7.772124767,1,-0.175435692,1,-1.434870958,1,0.768814147,1,0.347713232,0,-0.780823946,0,0.209649011,0
103.3920136,-5.920360088,1,-1.928107381,1,-7.792867661,1,-0.192732826,1,-1.469446778,1,0.770449162,1,0.346053869,0,-0.787335694,0,0.210956797,0
103.3960114,-5.936868191,1,-2.100757599,1,-7.91560936,1,-0.215262651,1,-1.511272669,1,0.77221185,1,0.344343305,0,-0.79399544,0,0.212216452,0
103.4000092,-5.86798811,1,-2.235010386,1,-7.935704231,1,-0.2423345,1,-1.553738117,1,0.787415385,1,0.342526019,0,-0.800814033,0,0.21347031,0
103.4040146,-5.768365383,1,-2.323719978,1,-8.074489594,1,-0.262913525,1,-1.596584201,1,0.80323869,1,0.340592295,0,-0.80781728,0,0.214742303,0
103.4080124,-5.759982586,1,-2.282915354,1,-8.062882423,1,-0.280728668,1,-1.65480125,1,0.821575165,1,0.338563025,0,-0.815039754,0,0.216043517,0
103.4120102,-5.865998745,1,-2.164712906,1,-8.097332001,1,-0.288893968,1,-1.711588979,1,0.846700728,1,0.336437702,0,-0.822496414,0,0.217389315,0
103.416008,-5.920297623,1,-2.075648069,1,-8.227018356,1,-0.299615592,1,-1.762539506,1,0.864805937,1,0.334235609,0,-0.830194712,0,0.218788445,0
103.4200058,-5.777310371,1,-1.972969055,1,-8.345236778,1,-0.303847104,1,-1.840303063,1,0.885022938,1,0.331986189,0,-0.838154435,0,0.220198527,0
103.4240036,-5.750090599,1,-1.855227828,1,-8.416485786,1,-0.311892688,1,-1.917337894,1,0.900396168,1,0.329695284,0,-0.846417546,0,0.221613482,0
103.428009,-5.794365883,1,-1.772610664,1,-8.481450081,1,-0.323329091,1,-1.992803216,1,0.920470238,1,0.327364266,0,-0.854982972,0,0.223017544,0
103.4320068,-5.720450878,1,-1.736874342,1,-8.575636864,1,-0.342478573,1,-2.084393978,1,0.935851395,1,0.324988753,0,-0.863905609,0,0.22439982,0
103.4360046,-5.585568428,1,-1.734645128,1,-8.657269478,1,-0.356322616,1,-2.174197435,1,0.957630932,1,0.322543472,0,-0.873181701,0,0.225769058,0
103.4400024,-5.668772221,1,-1.717547297,1,-8.739864349,1,-0.369036943,1,-2.277033329,1,0.97541368,1,0.3200804,0,-0.882852852,0,0.227096051,0
103.4440002,-5.659152985,1,-1.829503536,1,-8.828495979,1,-0.378458858,1,-2.385642052,1,0.999688387,1,0.318503976,0,-0.891269922,0,0.241253555,0
103.4480057,-5.520792007,1,-2.014755726,1,-8.940692902,1,-0.38640362,1,-2.500400543,1,1.038448691,1,0.315952152,0,-0.901818633,0,0.242562577,0
103.4520035,-5.451248169,1,-2.138951063,1,-9.109265327,1,-0.400071383,1,-2.627894402,1,1.07811594,1,0.313278794,0,-0.912872493,0,0.243946746,0
103.4560013,-5.424996853,1,-2.276297569,1,-9.293422699,1,-0.407990366,1,-2.768362761,1,1.131812215,1,0.310510516,0,-0.924498379,0,0.245402962,0
103.4600067,-5.207818985,1,-2.448364258,1,-9.50165844,1,-0.416410506,1,-2.908387899,1,1.195447564,1,0.307554513,0,-0.936724246,0,0.247035608,0
103.4640045,-5.079630852,1,-2.71587801,1,-9.747918129,1,-0.435443431,1,-3.086501598,1,1.261291623,1,0.304374516,0,-0.949638844,0,0.248865232,0
103.4680023,-5.036625385,1,-3.117670536,1,-10.01920986,1,-0.466365069,1,-3.279876947,1,1.342527032,1,0.300899923,0,-0.963338375,0,0.250908464,0
103.4720001,-5.104797363,1,-3.471740961,1,-10.16257191,1,-0.491848707,1,-3.471702814,1,1.40649724,1,0.297131896,0,-0.977848887,0,0.253144503,0
103.4760056,-5.177154064,1,-3.896595716,1,-10.89557076,1,-0.559976935,1,-3.711601019,1,1.521563649,1,0.29287833,0,-0.993301034,0,0.255738258,0
103.4800034,-5.194935799,1,-4.082197666,1,-11.4269743,1,-0.616402566,1,-3.938567162,1,1.623754263,1,0.287951082,0,-1.009753466,0,0.258785844,0
103.4840012,-5.12350893,1,-4.606739044,1,-11.90244102,1,-0.691482842,1,-4.20035696,1,1.753250957,1,0.282246172,0,-1.027272344,0,0.2624228,0
103.4880066,-5.265710354,1,-5.213442802,1,-12.38737011,1,-0.763313293,1,-4.483091831,1,1.889506578,1,0.275564492,0,-1.045972347,0,0.266799986,0
103.4920044,-4.966946125,1,-5.765154362,1,-12.8054285,1,-0.845288515,1,-4.782838821,1,2.065386772,1,0.267674923,0,-1.065953851,0,0.272170722,0
103.4960022,-4.813596725,1,-6.442166805,1,-13.26415539,1,-0.933413744,1,-5.087647915,1,2.263319016,1,0.258120328,0,-1.087264299,0,0.278980672,0
103.5,-6.090700626,1,-7.390188694,1,-13.63047028,1,-1.053344846,1,-5.357755661,1,2.499241114,1,0.246334389,0,-1.109897256,0,0.287777483,0
103.5039978,-7.558820724,1,-8.302043915,1,-13.35766697,1,-1.211490035,1,-5.553196907,1,2.721319675,1,0.231487706,0,-1.133565426,0,0.299238563,0
103.5079956,-8.453418732,1,-9.898743629,1,-12.9672718,1,-1.417646646,1,-5.723396778,1,2.932468653,1,0.212856278,0,-1.158060193,0,0.313935876,0
103.512001,-9.515771866,1,-10.91556168,1,-12.28144646,1,-1.677642107,1,-5.863227367,1,3.16820097,1,0.189379409,0,-1.183216453,0,0.332707644,0
103.5159988,-12.04089642,1,-16.0808773,1,-13.76981354,1,-2.246696711,1,-5.808060646,1,3.413459778,1,0.159084216,0,-1.20865798,0,0.357032895,0
103.5199966,-8.205745697,1,-8.783155441,1,-11.25872898,1,-2.226964712,1,-6.202881336,1,3.719236135,1,0.120695084,0,-1.234110117,0,0.388320088,0
103.5239944,-19.29654694,1,-9.751270294,1,-12.74606419,1,-2.435665607,1,-5.901445389,1,3.771196365,1,0.073771827,0,-1.259756804,0,0.427903533,0
103.5279922,-18.63753891,1,-10.00509167,1,-12.23692322,1,-2.492560863,1,-5.605861187,1,3.917791843,1,0.017646434,0,-1.283433199,0,0.476339847,0
103.5319977,-13.30261517,1,-8.139202118,1,-12.03122044,1,-2.584666491,1,-5.638061047,1,4.102766037,1,-0.050434958,0,-1.305575132,0,0.536526442,0
103.5359955,-14.22750473,1,-5.082702637,1,-12.98293972,1,-2.553320646,1,-5.706276894,1,4.180922508,1,-0.132304743,0,-1.326725125,0,0.610459387,0
103.5399933,-14.72251225,1,-2.42278266,1,-12.61188984,1,-2.340806246,1,-5.708443642,1,4.082781792,1,-0.227491751,0,-1.346235633,0,0.698209584,0
103.5439911,-15.17416382,1,-2.415821791,1,-12.86648273,1,-2.080050468,1,-5.786193848,1,3.988590479,1,-0.336223722,0,-1.363832831,0,0.800470471,0
103.5479965,-18.38216972,1,-2.295608282,1,-13.14645195,1,-1.819369674,1,-5.721243858,1,3.886671543,1,-0.460164368,0,-1.379028797,0,0.918971777,0
103.5519943,-20.69787598,1,-2.690486431,1,-13.12240028,1,-1.608177185,1,-5.481053352,1,3.802719355,1,-0.59786731,0,-1.390639544,0,1.052108645,0
103.5559921,-19.26896667,1,-4.183363914,1,-11.61030579,1,-1.448237538,1,-5.302724838,1,3.770004749,1,-0.745569587,0,-1.398113132,0,1.195956945,0
103.5599899,-17.60988808,1,-5.400429726,1,-10.38517189,1,-1.407675385,1,-5.231379509,1,3.849245548,1,-0.900601983,0,-1.40126431,0,1.347513318,0
103.5639877,-18.02525902,1,-4.676050186,1,-11.16194248,1,-1.384757638,1,-5.170901775,1,3.800228119,1,-1.056979418,0,-1.400134444,0,1.50048542,0
103.5679855,-18.57731247,1,-3.655072927,1,-10.43118763,1,-1.284105659,1,-5.028505325,1,3.698250055,1,-1.204533339,0,-1.395277143,0,1.644836783,0
103.571991,-16.90834999,1,-3.629107475,1,-9.122019768,1,-1.110775232,1,-4.793545723,1,3.642174244,1,-1.336648822,0,-1.387026668,0,1.774201274,0
103.5759888,-14.26430702,1,-2.929597616,1,-8.254241943,1,-0.928861618,1,-4.5658741,1,3.567228317,1,-1.450315714,0,-1.376128316,0,1.885795116,0
103.5799942,-10.32714462,1,-3.080800533,1,-8.488488197,1,-0.770204842,1,-4.279859543,1,3.430029154,1,-1.545469642,0,-1.363422513,0,1.979408145,0
103.583992,-9.077055931,1,-3.262281895,1,-7.393076897,1,-0.615100741,1,-3.953191757,1,3.249372005,1,-1.622976065,0,-1.349840522,0,2.055910826,0
103.5879898,-9.836723328,1,-3.861079931,1,-7.234473705,1,-0.471554399,1,-3.746591568,1,3.071636438,1,-1.686693549,0,-1.335959911,0,2.119071484,0
103.5919876,-10.54928589,1,-3.735595942,1,-8.983352661,1,-0.271783739,1,-3.477056265,1,2.893945694,1,-1.739437103,0,-1.322076917,0,2.171848536,0
103.595993,-12.05421734,1,-4.339761257,1,-10.56974411,1,-0.086646281,1,-3.099497318,1,2.652025223,1,-1.78167212,0,-1.308693528,0,2.214802265,0
103.5999908,-17.23642921,1,-3.544885635,1,-9.919561386,1,0.029038604,1,-2.808428764,1,2.418186426,1,-1.81519413,0,-1.29613471,0,2.249437094,0
103.6039886,-28.9004612,1,-1.505757689,1,-12.03143978,1,0.247824848,1,-2.25453186,1,2.079332352,1,-1.841296911,0,-1.284811497,0,2.277191639,0
103.6079865,-25.25302124,1,-5.556657791,1,-15.07477665,1,0.149076611,1,-1.264300823,1,1.820318937,1,-1.855958462,0,-1.275362849,0,2.293390751,0
103.6119843,-15.72774601,1,-9.784113884,1,-13.46652222,1,-0.008968996,1,-0.463581264,1,1.42781806,1,-1.860165238,0,-1.268185258,0,2.298067331,0
103.6159897,-9.637120247,1,-10.12408924,1,-10.73903561,1,-0.089461625,1,-0.029766209,1,1.083668947,1,-1.8586514,0,-1.263133883,0,2.296254396,0
103.6199875,-9.074151993,1,-8.707247734,1,-9.966275215,1,-0.198640674,1,0.287760615,1,0.881566167,1,-1.854231596,0,-1.25953424,0,2.291032076,0
103.6239853,-9.894637108,1,-8.214647293,1,-10.69080162,1,-0.405102193,1,0.658641696,1,0.726433039,1,-1.847101688,0,-1.256973743,0,2.282281399,0
103.6279831,-8.446890831,1,-7.80281496,1,-10.55349827,1,-0.599013686,1,0.996015072,1,0.542133033,1,-1.837161422,0,-1.255408525,0,2.269684553,0
103.6319885,-6.160606384,1,-6.982602596,1,-9.704759598,1,-0.663403928,1,1.199200034,1,0.366208881,1,-1.825230122,0,-1.25480783,0,2.254440546,0
103.6359863,-4.626719952,1,-5.984610558,1,-9.031042099,1,-0.659175813,1,1.340085626,1,0.209149152,1,-1.811950326,0,-1.254936099,0,2.237663031,0
103.6399841,-3.118336201,1,-5.169506073,1,-8.449635506,1,-0.608223081,1,1.454703569,1,0.069832042,1,-1.797412395,0,-1.255690098,0,2.219697475,0
103.6439819,-1.847243547,1,-4.530920029,1,-7.82480526,1,-0.53737402,1,1.550459623,1,-0.048306741,1,-1.781641245,0,-1.256955981,0,2.200691223,0
103.6479797,-0.862559795,1,-4.196220398,1,-7.25934124,1,-0.432516783,1,1.612410903,1,-0.148871318,1,-1.764684916,0,-1.258614898,0,2.180813074,0
103.6519775,-0.242935941,1,-4.166832924,1,-6.880186558,1,-0.314254433,1,1.658725977,1,-0.243580431,1,-1.746627808,0,-1.260592818,0,2.160267115,0
103.655983,0.182241961,1,-4.276922703,1,-6.563884258,1,-0.196464568,1,1.691782355,1,-0.328119069,1,-1.727574944,0,-1.262833118,0,2.139208555,0
103.6599808,0.491670132,1,-4.37804985,1,-6.283963203,1,-0.091071643,1,1.703966498,1,-0.405581772,1,-1.707600832,0,-1.265286207,0,2.117659569,0
103.6639786,0.808986068,1,-4.518292904,1,-6.060504913,1,-0.007487098,1,1.722183585,1,-0.462630481,1,-1.686827779,0,-1.267874241,0,2.095685959,0
103.6679764,1.077556372,1,-4.676405907,1,-5.741212368,1,0.064809717,1,1.743956089,1,-0.509691656,1,-1.665219545,0,-1.270539999,0,2.073179245,0
103.6719742,1.160217524,1,-4.801590443,1,-5.628214836,1,0.127773777,1,1.76327467,1,-0.550639808,1,-1.642725348,0,-1.273236275,0,2.050047874,0
103.675972,0.943881869,1,-4.96491909,1,-5.520201206,1,0.163787067,1,1.797262669,1,-0.598030627,1,-1.619276881,0,-1.275959015,0,2.026152611,0
103.6799774,0.682651281,1,-5.228813171,1,-5.446971416,1,0.185677528,1,1.849988818,1,-0.644159794,1,-1.594791174,0,-1.278702497,0,2.001309156,0
103.6839752,0.214312762,1,-5.400665283,1,-5.461071491,1,0.192270279,1,1.92874825,1,-0.697050273,1,-1.568925738,0,-1.281467557,0,1.975105047,0
103.687973,-0.318745553,1,-5.542657852,1,-5.481950283,1,0.18406944,1,2.025420904,1,-0.758225203,1,-1.541350365,0,-1.284257531,0,1.947131395,0
103.6919785,-0.78108716,1,-5.568730831,1,-5.540659904,1,0.182117701,1,2.163853645,1,-0.825656295,1,-1.504228115,0,-1.288712502,0,1.925548196,0
103.6959686,-1.139338732,1,-5.596084595,1,-5.605989933,1,0.173952162,1,2.309737206,1,-0.90791589,1,-1.471621275,0,-1.291427374,0,1.89235878,0
103.6999741,-1.457036853,1,-5.500637054,1,-5.688397884,1,0.171399415,1,2.472136497,1,-0.995001733,1,-1.436072826,0,-1.294092178,0,1.856119514,0
103.7039795,-1.816404462,1,-5.283612728,1,-5.796282291,1,0.173610806,1,2.639120579,1,-1.096297383,1,-1.397355795,0,-1.296657801,0,1.816608787,0
103.7079773,-2.094192505,1,-5.129079819,1,-5.837155342,1,0.180845231,1,2.806724548,1,-1.201917648,1,-1.355325937,0,-1.299052,0,1.77369833,0
103.7119751,-2.458708525,1,-4.989414692,1,-5.903460503,1,0.194142312,1,2.972084284,1,-1.312964916,1,-1.309802532,0,-1.301206112,0,1.727242351,0
103.7159729,-2.789470434,1,-4.95848608,1,-5.869257927,1,0.216940582,1,3.147658587,1,-1.433286071,1,-1.260716796,0,-1.303030491,0,1.677180052,0
103.7199707,-2.94845295,1,-4.874649048,1,-5.790712357,1,0.241036832,1,3.318636179,1,-1.550153255,1,-1.208010674,0,-1.304391742,0,1.623481274,0
103.7239761,-3.085702658,1,-4.777812958,1,-5.728299141,1,0.262084335,1,3.471550226,1,-1.669491768,1,-1.151913643,0,-1.305176139,0,1.566389441,0
103.7279739,-3.125281334,1,-4.72094202,1,-5.606361389,1,0.289843678,1,3.610913992,1,-1.787221193,1,-1.092801094,0,-1.305263519,0,1.506276488,0
103.7319717,-3.230973005,1,-4.675461769,1,-5.574982643,1,0.312514216,1,3.741174698,1,-1.902795792,1,-1.031200171,0,-1.304541349,0,1.443686128,0
103.7359695,-3.295993805,1,-4.66437149,1,-5.489069939,1,0.330597699,1,3.845987797,1,-2.015000105,1,-0.967741549,0,-1.302921295,0,1.379237533,0
103.739975,-3.321331501,1,-4.703522205,1,-5.434682846,1,0.348852724,1,3.92913723,1,-2.119272709,1,-0.903196692,0,-1.30034101,0,1.313688517,0
103.7439728,-3.534047604,1,-4.643097401,1,-5.454204082,1,0.358782887,1,3.999154091,1,-2.224267483,1,-0.83826077,0,-1.296759725,0,1.247754574,0
103.7479706,-3.90904808,1,-4.618703365,1,-5.458882332,1,0.37365678,1,4.070059776,1,-2.327176809,1,-0.773458302,0,-1.292151332,0,1.181927085,0
103.7519684,-4.37899828,1,-4.70172739,1,-5.50975275,1,0.399799019,1,4.138671875,1,-2.427801132,1,-0.70929724,0,-1.286456227,0,1.116743922,0
103.7559662,-4.913026333,1,-4.719081402,1,-5.584107399,1,0.41445151,1,4.219528198,1,-2.532765627,1,-0.646137178,0,-1.279652834,0,1.052570224,0
103.759964,-5.656683445,1,-4.671975136,1,-5.768709183,1,0.433997154,1,4.30683136,1,-2.642746449,1,-0.584279954,0,-1.271698713,0,0.989693165,0
103.7639694,-6.244419098,1,-4.677315235,1,-5.925498486,1,0.453153402,1,4.411040783,1,-2.75462079,1,-0.523924649,0,-1.262564778,0,0.928305209,0
103.7679672,-6.887346745,1,-4.694787025,1,-6.020298958,1,0.466184855,1,4.521447659,1,-2.875052929,1,-0.465343386,0,-1.25219357,0,0.868667006,0
103.771965,-7.210702896,1,-4.808440685,1,-6.123255253,1,0.47116974,1,4.639939785,1,-2.992197514,1,-0.408811271,0,-1.240560651,0,0.811007917,0
103.7759628,-7.503285885,1,-4.861591816,1,-6.27395916,1,0.472046971,1,4.764658451,1,-3.097046614,1,-0.35460183,0,-1.227638245,0,0.755582213,0
103.7799606,-7.617706776,1,-4.850120068,1,-6.27872467,1,0.463801235,1,4.886785507,1,-3.205606222,1,-0.303003371,0,-1.213430882,0,0.702641368,0
103.7839661,-7.491798878,1,-4.683492661,1,-6.293586254,1,0.464578956,1,4.990976334,1,-3.3036654,1,-0.254151434,0,-1.198010802,0,0.652335346,0
103.7879639,-7.379516602,1,-4.557900906,1,-6.307247639,1,0.475775391,1,5.076098442,1,-3.389873266,1,-0.20821932,0,-1.181472778,0,0.604882836,0
103.7919617,-7.32033062,1,-4.402886868,1,-6.439398289,1,0.486249536,1,5.129647255,1,-3.465203762,1,-0.165248409,0,-1.163954616,0,0.560343683,0
103.7959595,-7.393370152,1,-4.240107536,1,-6.506545067,1,0.501362264,1,5.162986279,1,-3.521525383,1,-0.125200734,0,-1.145605564,0,0.518726051,0
103.7999649,-7.354372978,1,-4.048071861,1,-6.462909222,1,0.52690047,1,5.190165043,1,-3.571668863,1,-0.0880116,0,-1.1265167,0,0.479991496,0
103.8039627,-7.297834396,1,-3.928204775,1,-6.438532352,1,0.562068224,1,5.205731392,1,-3.602210045,1,-0.053495899,0,-1.106777549,0,0.444012761,0
103.8079605,-7.102321625,1,-3.867751837,1,-6.431860924,1,0.608194172,1,5.207803726,1,-3.625672102,1,-0.021468196,0,-1.086500525,0,0.410642445,0
103.8119583,-7.181201935,1,-3.774039507,1,-6.514542103,1,0.662048817,1,5.193151474,1,-3.640911818,1,0.008281567,0,-1.065783858,0,0.379723698,0
103.8159561,-7.298793793,1,-3.702181816,1,-6.595475197,1,0.725592256,1,5.185209274,1,-3.647216797,1,0.035966303,0,-1.044703484,0,0.351096809,0
103.8199539,-7.505939484,1,-3.625648737,1,-6.796209812,1,0.796230853,1,5.162403107,1,-3.646108866,1,0.061797068,0,-1.023321509,0,0.324587882,0
103.823967,-7.612883568,1,-3.649401665,1,-6.992276192,1,0.881057024,1,5.14050436,1,-3.632192135,1,0.085957654,0,-1.001690149,0,0.300054252,0
103.8279648,-7.838910103,1,-3.733836889,1,-7.156290054,1,0.961011708,1,5.114899158,1,-3.598445415,1,0.108577937,0,-0.979867816,0,0.277419537,0
103.8319626,-8.198889732,1,-3.907519102,1,-7.382637024,1,1.045898557,1,5.084551334,1,-3.569085836,1,0.12979956,0,-0.957911789,0,0.256550759,0
103.835968,-8.614665985,1,-4.098309994,1,-7.708884716,1,1.138795614,1,5.066809654,1,-3.537164211,1,0.149802968,0,-0.93583405,0,0.237293512,0
103.8399658,-9.010155678,1,-4.217636585,1,-7.977530956,1,1.230496526,1,5.04983139,1,-3.507196426,1,0.16872713,0,-0.91362983,0,0.219519436,0
103.8439636,-9.322911263,1,-4.403645992,1,-8.219003677,1,1.314404488,1,5.033683777,1,-3.467842817,1,0.186689481,0,-0.891317785,0,0.203121185,0
103.8479691,-9.719094276,1,-4.550486565,1,-8.560847282,1,1.406721592,1,5.018021107,1,-3.439723015,1,0.203818068,0,-0.868913889,0,0.187963426,0
103.8519669,-10.1204586,1,-4.701863766,1,-8.835583687,1,1.496049047,1,5.013015747,1,-3.4152174,1,0.220228091,0,-0.846417427,0,0.173942804,0
103.8559647,-10.49690437,1,-4.8152771,1,-9.112375259,1,1.579229712,1,5.01055336,1,-3.3985672,1,0.236029834,0,-0.823808014,0,0.160923749,0
103.8599625,-10.84701157,1,-4.979828835,1,-9.498150826,1,1.656572461,1,5.003372192,1,-3.397848606,1,0.25133425,0,-0.801089764,0,0.148768812,0
103.8639603,-11.11120415,1,-5.246915817,1,-9.881908417,1,1.725287437,1,4.994202614,1,-3.407469034,1,0.266217858,0,-0.778275371,0,0.137343138,0
103.8679581,-11.50281906,1,-5.56125927,1,-10.32000256,1,1.788546801,1,4.987166405,1,-3.42483449,1,0.280735075,0,-0.755366147,0,0.126560047,0
103.8719635,-12.00892639,1,-5.754606247,1,-10.73447609,1,1.844285607,1,4.984180927,1,-3.465573788,1,0.294932812,0,-0.732335985,0,0.116310813,0
103.8759613,-12.38368893,1,-6.11810112,1,-10.97235298,1,1.90492332,1,4.967444897,1,-3.484396458,1,0.308870375,0,-0.709207654,0,0.106537379,0
103.8799591,-13.23932838,1,-6.617596626,1,-11.43640804,1,1.957944036,1,4.940454483,1,-3.52208209,1,0.322599649,0,-0.686032891,0,0.097186662,0
103.8839569,-14.22357082,1,-7.247297764,1,-11.9603672,1,1.99583137,1,4.936885357,1,-3.582869768,1,0.336146355,0,-0.662741005,0,0.088156804,0
103.8879547,-15.23823452,1,-7.803246021,1,-12.38814449,1,2.017934561,1,4.939896107,1,-3.672922134,1,0.34951508,0,-0.639250338,0,0.079335846,0
103.8919525,-16.29710579,1,-8.164415359,1,-12.79531097,1,2.029308319,1,4.927663326,1,-3.772638798,1,0.362747967,0,-0.615557313,0,0.070594355,0
103.8959579,-17.4100914,1,-8.340091705,1,-13.12595367,1,2.035891294,1,4.903203964,1,-3.905908823,1,0.375850171,0,-0.591671884,0,0.061829641,0
103.8999558,-18.48835373,1,-8.610243797,1,-13.41922092,1,2.035624981,1,4.871918201,1,-4.059411049,1,0.38889432,0,-0.567589879,0,0.052891616,0
103.9039536,-19.60461807,1,-8.717524529,1,-13.54421711,1,2.025020838,1,4.8271451,1,-4.233902931,1,0.401867598,0,-0.543290317,0,0.043677073,0
103.9079514,-20.73177147,1,-8.705578804,1,-13.41852856,1,2.015694618,1,4.76650238,1,-4.420235157,1,0.414809644,0,-0.518806398,0,0.034091223,0
103.9119492,-21.67538071,1,-6.343703747,1,-12.39539242,1,2.024085522,1,4.694701672,1,-4.655427456,1,0.42776525,0,-0.494117856,0,0.024031226,0
103.9159546,-19.88294792,1,1.54780519,1,-13.9780407,1,2.124021769,1,4.457845688,1,-4.997081757,1,0.441156566,0,-0.469366819,0,0.012957039,0
103.9199524,-20.82164764,1,0.239181772,1,-13.2139492,1,2.319341183,1,4.265900135,1,-5.249181271,1,0.455385298,0,-0.444780082,0,0.000770335,0
103.9239502,-22.98769379,1,-0.232071936,1,-11.89862347,1,2.609624147,1,4.19532299,1,-5.435787201,1,0.470595121,0,-0.420095623,0,-0.01199272,0
103.927948,-25.06604767,1,-0.663971901,1,-10.69128704,1,2.829517126,1,4.110342503,1,-5.525341988,1,0.486598849,0,-0.395241827,0,-0.024864778,0
103.9319534,-26.52432442,1,-0.956561148,1,-9.331823349,1,2.951475859,1,4.002260208,1,-5.564297676,1,0.502948403,0,-0.370429665,0,-0.037605271,0
103.9359512,-27.47755432,1,-0.927093983,1,-7.818432331,1,2.958088875,1,3.887384892,1,-5.540537834,1,0.51914531,0,-0.3458004,0,-0.050058544,0
103.939949,-27.99833298,1,-0.409682423,1,-6.134531975,1,2.930580378,1,3.759822369,1,-5.457894325,1,0.534859717,0,-0.321505725,0,-0.062039856,0
103.9439545,-28.06835747,1,0.673745632,1,-4.543302059,1,2.886373043,1,3.577885628,1,-5.32661438,1,0.554827511,0,-0.29756254,0,-0.065207243,0
103.9479599,-26.77774239,1,2.545619011,1,-2.90566659,1,2.865258217,1,3.341201782,1,-5.146486759,1,0.569369078,0,-0.274657369,0,-0.075988032,0
103.9519577,-25.24251938,1,5.39716959,1,-1.445276976,1,2.896992207,1,3.025561571,1,-4.927781105,1,0.583564281,0,-0.252991796,0,-0.086302549,0
103.9559555,-23.93680573,1,8.454935074,1,-0.305777192,1,3.012676239,1,2.656656265,1,-4.689157963,1,0.597747922,0,-0.232835382,0,-0.096241787,0
103.9599533,-23.46369171,1,11.27243328,1,0.639828503,1,3.194469452,1,2.271770954,1,-4.438055515,1,0.612284422,0,-0.214341462,0,-0.105886586,0
103.9639587,-24.15893555,1,13.22428799,1,1.511054993,1,3.421186447,1,1.91197598,1,-4.194451332,1,0.627426684,0,-0.197505966,0,-0.11528483,0
103.9679565,-25.86302376,1,14.626297,1,2.483253956,1,3.630175591,1,1.568719149,1,-3.934998512,1,0.643264055,0,-0.182253346,0,-0.124404177,0
103.9719543,-28.4858017,1,15.76736355,1,3.274149895,1,3.825291634,1,1.25199914,1,-3.6799016,1,0.659725666,0,-0.168538272,0,-0.133230627,0
103.9759521,-31.49199677,1,16.57238007,1,4.001289845,1,3.966517448,1,0.985907435,1,-3.441370249,1,0.676699996,0,-0.156216308,0,-0.14175427,0
103.9799576,-33.74468994,1,16.63451385,1,4.586069107,1,3.991728783,1,0.787020147,1,-3.220462799,1,0.69387269,0,-0.145048633,0,-0.149913162,0
103.9839554,-35.12239456,1,15.64248371,1,5.144538403,1,3.85520649,1,0.629187882,1,-3.006625175,1,0.710691094,0,-0.134848461,0,-0.157677338,0
103.9879532,-34.60916138,1,13.64982796,1,5.718835831,1,3.506480932,1,0.477486908,1,-2.773491621,1,0.726416647,0,-0.125546888,0,-0.165004835,0
103.991951,-32.77027893,1,10.26214218,1,6.255478382,1,2.922834158,1,0.290566623,1,-2.441357374,1,0.740143597,0,-0.11739403,0,-0.171779156,0
103.9959488,-30.46795273,1,7.228719711,1,6.463171959,1,2.176006794,1,0.043520633,1,-2.011651516,1,0.75107491,0,-0.110838518,0,-0.177914724,0
103.9999466,-28.01292419,1,4.679776669,1,6.376029968,1,1.330494404,1,-0.23390536,1,-1.499556184,1,0.758691609,0,-0.106290013,0,-0.183326244,0
104.003952,-26.26717567,1,3.568972111,1,6.047533989,1,0.468424231,1,-0.536648035,1,-0.931418121,1,0.76276499,0,-0.104059763,0,-0.187948897,0
104.0079498,-16.07823944,1,-5.444307327,1,-0.642454982,1,-0.661464155,1,-0.982825398,1,-0.236395478,1,0.763069153,0,-0.104468763,0,-0.191747651,0
104.0119476,-14.14725685,1,-11.67729473,1,5.305312634,1,-2.621044159,1,-2.232442617,1,1.057025909,1,0.756504416,0,-0.109939858,0,-0.19492805,0
104.0159454,-40.06019592,1,2.59319067,1,8.833745956,1,-3.523953438,1,-3.262432337,1,2.175638199,1,0.744439721,0,-0.122849002,0,-0.197799101,0
104.0199432,-11.87656307,1,6.717433453,1,8.822647095,1,-3.904765606,1,-2.947793961,1,2.562145233,1,0.72965306,0,-0.138625711,0,-0.199238002,0
104.0239487,14.61159992,1,2.781928062,1,1.23380506,1,-3.933366776,1,-3.068883181,1,2.935461521,1,0.713905931,0,-0.15467523,0,-0.198762,0
104.0279465,-2.006105423,1,-2.428762197,1,-9.77735424,1,-4.209733486,1,-3.510539293,1,3.229407549,1,0.697564125,0,-0.172794238,0,-0.197899699,0
104.0319443,-10.25936413,1,-4.845197678,1,-17.57135773,1,-4.225558758,1,-3.172852278,1,3.252392292,1,0.680289328,0,-0.191579148,0,-0.19645454,0
104.0359421,-0.47093147,1,-9.59808445,1,-25.43467903,1,-3.948061705,1,-2.677335024,1,3.033551455,1,0.663337052,0,-0.208540395,0,-0.193832532,0
104.0399475,2.047492981,1,-15.34881878,1,-23.85387611,1,-3.872067928,1,-2.575290442,1,2.742193222,1,0.647144556,0,-0.22387749,0,-0.190927193,0
104.0439453,3.437461853,1,-13.64976692,1,-17.39875031,1,-3.836214781,1,-2.573065281,1,2.433432817,1,0.631214678,0,-0.238209769,0,-0.188779786,0
104.0479431,4.212283134,1,-3.245605707,1,-13.32628822,1,-3.583812714,1,-2.916756392,1,2.511832476,1,0.615927815,0,-0.252811521,0,-0.18713519,0
104.0519409,2.656296253,1,4.704214573,1,-10.48726082,1,-3.422485352,1,-3.500425577,1,2.673186064,1,0.601638079,0,-0.269184202,0,-0.1859079,0
104.0559387,-0.174882114,1,7.823801994,1,-10.76975727,1,-3.349718094,1,-4.252969742,1,2.956174374,1,0.587890744,0,-0.288342178,0,-0.185313657,0
104.0599365,-4.429761887,1,8.674495697,1,-14.54016209,1,-3.230844975,1,-4.594102859,1,3.198494911,1,0.574518621,0,-0.310013354,0,-0.184704646,0
104.0639496,-10.73693085,1,9.754847527,1,-16.41811752,1,-3.102945089,1,-4.704341888,1,3.202962875,1,0.561583281,0,-0.33265996,0,-0.18389982,0
104.0679474,-19.43517113,1,11.78509045,1,-18.57391548,1,-2.98244977,1,-4.520713329,1,3.145779371,1,0.548929453,0,-0.355112493,0,-0.182800904,0
104.0719528,-25.71233559,1,11.54576969,1,-21.34902954,1,-2.580979347,1,-4.150686741,1,3.003186703,1,0.537180066,0,-0.376271546,0,-0.181125313,0
104.0759506,-31.6756134,1,6.181513786,1,-20.18870926,1,-2.274016619,1,-3.68153429,1,2.789651155,1,0.526561439,0,-0.395774484,0,-0.178934589,0
104.0799484,-31.73448753,1,4.015625954,1,-18.44893265,1,-1.819224834,1,-3.010001421,1,2.432156086,1,0.517327011,0,-0.412554264,0,-0.176292479,0
104.0839462,-28.06652832,1,1.328840256,1,-13.59069061,1,-1.467782736,1,-2.444403648,1,1.881373644,1,0.509751439,0,-0.426283538,0,-0.173887804,0
104.0879517,-14.14400101,1,-2.31517911,1,-9.968585968,1,-1.268195629,1,-1.99028492,1,1.348068357,1,0.503740907,0,-0.437058091,0,-0.172422782,0
104.0919495,-11.80443001,1,0.835192859,1,-9.836820602,1,-1.263924837,1,-2.043065786,1,1.170431495,1,0.498446763,0,-0.446472406,0,-0.171803549,0
104.0959473,-15.69696045,1,-0.805994928,1,-10.55245686,1,-1.20612824,1,-1.789099455,1,1.070876718,1,0.493401587,0,-0.455424339,0,-0.17159839,0
104.0999451,-13.45002747,1,-0.226466998,1,-13.59138393,1,-1.17109704,1,-1.34506309,1,1.045786381,1,0.488232315,0,-0.463006556,0,-0.170693889,0
104.1039429,-12.77664948,1,-0.208137512,1,-13.06050968,1,-1.028629065,1,-0.885656416,1,0.931428194,1,0.483103275,0,-0.468758285,0,-0.16910331,0
104.1079407,-12.41972828,1,0.392338127,1,-10.97986889,1,-0.918085158,1,-0.514691174,1,0.871967375,1,0.478282034,0,-0.472872853,0,-0.166967228,0
104.1119461,-8.459399223,1,1.247878551,1,-8.228380203,1,-0.853940725,1,-0.353986621,1,0.816763997,1,0.473547429,0,-0.475920945,0,-0.164424852,0
104.1159439,-9.77734375,1,-1.438388109,1,-8.304049492,1,-0.769772828,1,-0.309000492,1,0.607326567,1,0.469303906,0,-0.478431761,0,-0.162228569,0
104.1199417,-9.430372238,1,-2.866931438,1,-8.893721581,1,-0.682359338,1,-0.187479213,1,0.402277797,1,0.465691626,0,-0.480201364,0,-0.16072385,0
104.1239395,-9.061097145,1,-2.639166355,1,-9.199552536,1,-0.5958758,1,-0.095431082,1,0.285411596,1,0.462636948,0,-0.481338501,0,-0.15965347,0
104.1279373,-7.506975651,1,-2.083442211,1,-8.977819443,1,-0.536945164,1,-0.00307926,1,0.254611909,1,0.459935069,0,-0.481980085,0,-0.158684671,0
104.1319351,-6.002343655,1,-1.95808959,1,-8.709795952,1,-0.495159239,1,0.023840969,1,0.260838866,1,0.457361192,0,-0.482400328,0,-0.157613114,0
104.1359406,-5.258894444,1,-2.497610331,1,-8.958595276,1,-0.442197323,1,0.038976498,1,0.222596481,1,0.454981208,0,-0.482696563,0,-0.156557277,0
104.1399384,-5.190644741,1,-2.922057152,1,-8.901388168,1,-0.412479103,1,0.031900354,1,0.176631957,1,0.452858657,0,-0.482915998,0,-0.155675888,0
104.1439362,-5.269404888,1,-2.876686811,1,-8.742822647,1,-0.367135793,1,0.018893093,1,0.150729626,1,0.450974345,0,-0.483111203,0,-0.154982418,0
104.1479416,-4.716242313,1,-3.013293028,1,-9.091522217,1,-0.331661135,1,0.008493903,1,0.157103255,1,0.449274331,0,-0.483314723,0,-0.154331699,0
104.1519394,-4.081033707,1,-3.147484779,1,-9.240200996,1,-0.304852277,1,-0.031698782,1,0.176355079,1,0.447701871,0,-0.483645022,0,-0.153672159,0
104.1559372,-3.461183548,1,-3.576927185,1,-8.999409676,1,-0.298304588,1,-0.08005169,1,0.207161799,1,0.446182489,0,-0.484165728,0,-0.152998254,0
104.159935,-3.399871349,1,-4.020291805,1,-8.411014557,1,-0.298590451,1,-0.118564501,1,0.246310905,1,0.444659054,0,-0.484912485,0,-0.152275175,0
104.1639328,-4.02913332,1,-4.329481602,1,-8.119146347,1,-0.313885748,1,-0.133900538,1,0.288924128,1,0.443045437,0,-0.485842705,0,-0.151434422,0
104.1679306,-5.023612022,1,-4.11733532,1,-8.08052063,1,-0.341874808,1,-0.121446088,1,0.315106988,1,0.44125998,0,-0.486833632,0,-0.150447309,0
104.171936,-4.883879185,1,-3.729851961,1,-8.182543755,1,-0.373302579,1,-0.106204748,1,0.331872195,1,0.439311683,0,-0.487796068,0,-0.149337247,0
104.1759338,-4.466658115,1,-3.147657394,1,-8.567269325,1,-0.382790893,1,-0.100580752,1,0.33671394,1,0.437253833,0,-0.4887321,0,-0.148159042,0
104.1799316,-4.42134285,1,-2.169877768,1,-8.873705864,1,-0.377170026,1,-0.106951639,1,0.331719428,1,0.435174793,0,-0.489663988,0,-0.146986812,0
104.1839371,-4.693558693,1,-1.274168134,1,-9.096048355,1,-0.353876024,1,-0.117949903,1,0.306085408,1,0.433187425,0,-0.490614414,0,-0.145882964,0
104.1879425,-5.193619728,1,-0.919800043,1,-8.977900505,1,-0.307111353,1,-0.129703015,1,0.260769308,1,0.431429058,0,-0.491553128,0,-0.144944921,0
104.1919403,-5.058441162,1,-1.166401267,1,-9.123683929,1,-0.254096955,1,-0.126280054,1,0.20644933,1,0.426801115,0,-0.485811114,0,-0.11634551,0
104.1959457,-4.540567398,1,-1.643653512,1,-9.165559769,1,-0.220277473,1,-0.149525821,1,0.171159789,1,0.425606608,0,-0.48663798,0,-0.115829878,0
104.1999435,-4.118125439,1,-2.356029987,1,-9.235610008,1,-0.200398982,1,-0.184127644,1,0.153279513,1,0.424606085,0,-0.487513095,0,-0.115476742,0
104.2039413,-4.195291996,1,-2.680771589,1,-9.069980621,1,-0.19658795,1,-0.212099954,1,0.157856256,1,0.4236871,0,-0.488489389,0,-0.115196511,0
104.2079391,-4.605338573,1,-2.890945196,1,-8.698226929,1,-0.192126617,1,-0.246019021,1,0.17383562,1,0.422796547,0,-0.489595979,0,-0.114942536,0
104.211937,-4.864988804,1,-2.913339376,1,-8.628298759,1,-0.181555137,1,-0.259413779,1,0.170404196,1,0.421944231,0,-0.490803003,0,-0.11470551,0
104.2159348,-4.775244236,1,-2.67021966,1,-8.590299606,1,-0.178382263,1,-0.267761946,1,0.167692751,1,0.421124339,0,-0.492037177,0,-0.114501864,0
104.2199402,-4.403740883,1,-2.4621346,1,-8.736561775,1,-0.162305236,1,-0.275130987,1,0.165146574,1,0.42035383,0,-0.493290424,0,-0.11430753,0
104.223938,-4.42147398,1,-2.538208485,1,-8.838468552,1,-0.158614591,1,-0.283477396,1,0.148841992,1,0.419648349,0,-0.494573563,0,-0.114178509,0
104.2279358,-4.427350521,1,-2.531606436,1,-8.8161726,1,-0.140307143,1,-0.292513192,1,0.131254062,1,0.419022441,0,-0.495850563,0,-0.114124194,0
104.2319336,-4.988294601,1,-2.269227505,1,-8.758156776,1,-0.125384554,1,-0.29767549,1,0.112352617,1,0.418498874,0,-0.497135133,0,-0.114158116,0
104.2359314,-5.128918171,1,-1.934726,1,-8.691666603,1,-0.098426178,1,-0.300982356,1,0.096590601,1,0.418101221,0,-0.498402983,0,-0.11427331,0
104.2399368,-4.972170353,1,-1.503877759,1,-8.723166466,1,-0.068413235,1,-0.298759848,1,0.085493706,1,0.417856395,0,-0.499637157,0,-0.114453472,0
104.2439346,-4.72413826,1,-1.227195382,1,-8.663455963,1,-0.024709381,1,-0.306358814,1,0.07204511,1,0.417778432,0,-0.50086242,0,-0.114696547,0
104.2479324,-4.811314106,1,-1.08244288,1,-8.708771706,1,0.017572075,1,-0.317254692,1,0.054441888,1,0.417907178,0,-0.502092957,0,-0.115007743,0
104.2519302,-4.660628796,1,-1.186594844,1,-8.728775978,1,0.05895732,1,-0.319671094,1,0.040336031,1,0.418239862,0,-0.503332317,0,-0.115387365,0
104.2559357,-4.770897388,1,-1.514509082,1,-8.758667946,1,0.099898115,1,-0.330114365,1,0.031846754,1,0.418785274,0,-0.504586518,0,-0.115846604,0
104.2599335,-4.674139023,1,-1.830904484,1,-8.704288483,1,0.136964753,1,-0.3401393,1,0.021772012,1,0.419507205,0,-0.505861104,0,-0.116368644,0
104.2639313,-4.673707008,1,-2.030252695,1,-8.647602081,1,0.158898801,1,-0.352987945,1,0.029918578,1,0.420360148,0,-0.507172465,0,-0.116914682,0
104.2679291,-4.563851833,1,-2.249972343,1,-8.602581978,1,0.180857882,1,-0.356330186,1,0.032834195,1,0.421295166,0,-0.508511841,0,-0.117444955,0
104.2719269,-4.54799509,1,-2.684260845,1,-8.528238297,1,0.188033998,1,-0.358123749,1,0.049303513,1,0.422286391,0,-0.509882867,0,-0.117944829,0
104.2759323,-4.583693027,1,-3.169491768,1,-8.392495155,1,0.182632357,1,-0.366052896,1,0.073799156,1,0.423241556,0,-0.51130563,0,-0.118367806,0
104.2799301,-4.777632236,1,-3.644109726,1,-8.12725544,1,0.174839765,1,-0.359624594,1,0.106818885,1,0.424107552,0,-0.512776732,0,-0.118676051,0
104.2839279,-4.849670887,1,-4.145324707,1,-7.898908615,1,0.144180849,1,-0.34811613,1,0.136954635,1,0.424823374,0,-0.514266372,0,-0.118830912,0
104.2879257,-4.749364376,1,-4.45147562,1,-7.750829697,1,0.103494786,1,-0.347544223,1,0.160942033,1,0.42533201,0,-0.515781164,0,-0.118858792,0
104.2919312,-4.799333572,1,-4.172887325,1,-7.640313148,1,0.071800135,1,-0.323173791,1,0.190214813,1,0.425637871,0,-0.517296791,0,-0.118763328,0
104.295929,-4.857596874,1,-3.827164888,1,-7.661991119,1,0.035925597,1,-0.311513931,1,0.221686125,1,0.425718457,0,-0.51880604,0,-0.11849913,0
104.2999268,-4.986074448,1,-3.35231781,1,-7.789006233,1,0.018295478,1,-0.297225773,1,0.233503878,1,0.425633639,0,-0.520284295,0,-0.11812035,0
104.3039322,-4.801856995,1,-2.910741091,1,-8.009473801,1,0.008164844,1,-0.282810688,1,0.235191926,1,0.425465405,0,-0.521731138,0,-0.117685907,0
104.3079376,-4.689238548,1,-2.500137329,1,-8.215202332,1,0.014699878,1,-0.27585575,1,0.240501091,1,0.425270885,0,-0.523139358,0,-0.117211156,0
104.3119354,-4.627400398,1,-2.293893576,1,-8.44107151,1,0.017450392,1,-0.281042099,1,0.247170657,1,0.425071537,0,-0.524557292,0,-0.116712406,0
104.3159332,-4.79112196,1,-2.051001549,1,-8.338171005,1,0.034024812,1,-0.286681741,1,0.247255832,1,0.424917877,0,-0.525997043,0,-0.11621955,0
104.319931,-4.888108253,1,-2.075829268,1,-8.352537155,1,0.053334828,1,-0.289773852,1,0.239895746,1,0.424866438,0,-0.527452886,0,-0.115748771,0
104.3239441,-4.698797226,1,-2.323081732,1,-8.358490944,1,0.072589979,1,-0.294410795,1,0.241705015,1,0.424901932,0,-0.52891016,0,-0.115287967,0
104.3279343,-4.463237286,1,-2.683185577,1,-8.492025375,1,0.068119548,1,-0.316922635,1,0.241568148,1,0.424965173,0,-0.530422449,0,-0.114851199,0
104.3319321,-4.654384136,1,-2.376282215,1,-8.452964783,1,0.084616475,1,-0.333290964,1,0.242771968,1,0.425071418,0,-0.532005489,0,-0.114453167,0
104.3359299,-4.712809086,1,-2.242687702,1,-8.462713242,1,0.109603003,1,-0.331780463,1,0.240633756,1,0.425256461,0,-0.533615768,0,-0.114065439,0
104.3399429,-4.793756485,1,-2.399618149,1,-8.349358559,1,0.132421747,1,-0.346231639,1,0.244513601,1,0.425540924,0,-0.535252631,0,-0.113677397,0
104.3439407,-4.715485096,1,-2.686830282,1,-8.311185837,1,0.129457831,1,-0.359482646,1,0.24828589,1,0.42587927,0,-0.536937535,0,-0.113309175,0
104.3479309,-4.795274734,1,-2.689020157,1,-8.317543983,1,0.129308373,1,-0.373866856,1,0.254389852,1,0.426213026,0,-0.538685322,0,-0.112947784,0
104.3519287,-4.614598751,1,-2.438299179,1,-8.335196495,1,0.120053031,1,-0.391775668,1,0.264049858,1,0.426516652,0,-0.540510416,0,-0.112579644,0
104.3559265,-4.738158226,1,-2.14570713,1,-8.387661934,1,0.13672182,1,-0.412154108,1,0.267021388,1,0.426857114,0,-0.542414844,0,-0.112235405,0
104.3599243,-4.867277622,1,-2.065855503,1,-8.334879875,1,0.14915511,1,-0.423281759,1,0.270488322,1,0.427257627,0,-0.544381022,0,-0.111898035,0
104.3639374,-4.945193768,1,-2.413664103,1,-8.423204422,1,0.157441586,1,-0.440687895,1,0.264158487,1,0.427725613,0,-0.54639262,0,-0.111602619,0
104.3679352,-4.828676224,1,-2.478111029,1,-8.3303442,1,0.141296819,1,-0.466751277,1,0.26317656,1,0.428189784,0,-0.548482418,0,-0.111360744,0
104.3719254,-4.945923805,1,-2.17774415,1,-8.254058838,1,0.150267363,1,-0.477730304,1,0.259447545,1,0.428664505,0,-0.550640762,0,-0.111166678,0
104.3759232,-4.868190765,1,-2.150426149,1,-8.308181763,1,0.169557899,1,-0.483029306,1,0.260409087,1,0.429217905,0,-0.55281812,0,-0.110991448,0
104.379921,-4.849615574,1,-2.424758434,1,-8.325720787,1,0.171444207,1,-0.497643441,1,0.263546884,1,0.429819584,0,-0.555045187,0,-0.110825412,0
104.383934,-4.904409409,1,-2.84610939,1,-8.270202637,1,0.13960582,1,-0.515669763,1,0.266292334,1,0.430381298,0,-0.557327628,0,-0.110683784,0
104.3879318,-4.801260471,1,-2.520397902,1,-8.175208092,1,0.127734944,1,-0.536445141,1,0.266364098,1,0.430846423,0,-0.559681654,0,-0.110584691,0
104.391922,-4.976455688,1,-2.305337191,1,-8.199023247,1,0.143032372,1,-0.545681298,1,0.264665842,1,0.431354105,0,-0.562087119,0,-0.110513635,0
104.3959198,-4.880473137,1,-2.364280224,1,-8.205452919,1,0.155292377,1,-0.548302233,1,0.277088791,1,0.431908041,0,-0.56451875,0,-0.110429324,0
104.3999329,-4.984110832,1,-2.515013933,1,-8.215567589,1,0.160338387,1,-0.558354676,1,0.275879562,1,0.432483107,0,-0.566990197,0,-0.11033535,0
104.4039307,-5.042156696,1,-2.526379108,1,-8.195504189,1,0.157228887,1,-0.572815418,1,0.284544915,1,0.433067173,0,-0.569511473,0,-0.110256597,0
104.4079285,-5.158088684,1,-2.538505793,1,-8.134386063,1,0.157225654,1,-0.585765481,1,0.289173275,1,0.433653772,0,-0.57208699,0,-0.110172369,0
104.4119186,-5.134030819,1,-2.727163315,1,-8.133067131,1,0.139866889,1,-0.595216393,1,0.299486637,1,0.434201509,0,-0.574721992,0,-0.110090271,0
104.4159164,-5.127497196,1,-2.526690483,1,-8.028824806,1,0.134489462,1,-0.614910066,1,0.301008672,1,0.434699357,0,-0.577427387,0,-0.110005401,0
104.4199142,-5.133580685,1,-2.38803196,1,-8.13503933,1,0.139423385,1,-0.626634121,1,0.307615608,1,0.435219824,0,-0.580194473,0,-0.109943449,0
104.4239349,-5.147498608,1,-2.318403482,1,-8.183559418,1,0.153158024,1,-0.640399456,1,0.317966372,1,0.435772777,0,-0.583024263,0,-0.109864935,0
104.4279327,-5.090992928,1,-2.335315466,1,-8.162539482,1,0.165243015,1,-0.659228086,1,0.321087569,1,0.436371148,0,-0.585913301,0,-0.109785967,0
104.4319382,-5.18124342,1,-2.501824856,1,-8.117602348,1,0.158366144,1,-0.67453599,1,0.335676014,1,0.436972857,0,-0.588887811,0,-0.109702691,0
104.435936,-5.064552784,1,-2.565262556,1,-8.116924286,1,0.158458933,1,-0.693308592,1,0.343655676,1,0.437576383,0,-0.591947258,0,-0.109618761,0
104.4399338,-5.134572506,1,-2.651334286,1,-8.169491768,1,0.159486219,1,-0.711359501,1,0.353352129,1,0.376483411,0,-0.589986563,0,-0.150139257,0
104.4439316,-5.126366615,1,-2.684943914,1,-8.259329796,1,0.150511995,1,-0.736967266,1,0.364907682,1,0.377590597,0,-0.591204524,0,-0.133625105,0
104.447937,-5.015433311,1,-2.622267008,1,-8.177737236,1,0.138436601,1,-0.757463157,1,0.373341113,1,0.377976775,0,-0.594522417,0,-0.13329795,0
104.4519348,-5.12456131,1,-2.426782608,1,-8.189870834,1,0.149510533,1,-0.780471504,1,0.384035021,1,0.378362358,0,-0.597938001,0,-0.132964015,0
104.4559326,-5.150233269,1,-2.39199996,1,-8.17353344,1,0.155621111,1,-0.794804692,1,0.395949841,1,0.378775597,0,-0.601440549,0,-0.132621333,0
104.4599304,-5.254162788,1,-2.529356718,1,-8.103266716,1,0.164787412,1,-0.817584097,1,0.402536184,1,0.3792153,0,-0.605031312,0,-0.132258058,0
104.4639282,-5.288555145,1,-2.591667414,1,-8.073285103,1,0.174177736,1,-0.84006536,1,0.415978163,1,0.379680097,0,-0.608714819,0,-0.131891564,0
104.467926,-5.239291668,1,-2.790599823,1,-8.018133163,1,0.16609481,1,-0.862004638,1,0.426853955,1,0.380144298,0,-0.612502635,0,-0.13151592,0
104.4719315,-5.220559597,1,-3.059289217,1,-7.935999393,1,0.16206266,1,-0.888028622,1,0.443104684,1,0.380585372,0,-0.616394281,0,-0.13113606,0
104.4759293,-5.162933826,1,-2.884790182,1,-7.990201473,1,0.143400699,1,-0.909455657,1,0.450531334,1,0.380969048,0,-0.620399117,0,-0.130751729,0
104.4799271,-5.463681698,1,-2.760374069,1,-7.989302635,1,0.136144474,1,-0.942020237,1,0.467010081,1,0.381309927,0,-0.62452805,0,-0.13035737,0
104.4839249,-5.424146175,1,-2.801877499,1,-7.845242023,1,0.11644543,1,-0.957318068,1,0.468578398,1,0.381572425,0,-0.62874341,0,-0.129947692,0
104.4879227,-5.351861477,1,-2.67592597,1,-7.987071514,1,0.108253278,1,-0.98112452,1,0.475116223,1,0.381798655,0,-0.633041203,0,-0.129565686,0
104.4919281,-5.403445721,1,-2.763990402,1,-8.115278244,1,0.092660077,1,-1.004049659,1,0.475689262,1,0.381987393,0,-0.637440622,0,-0.129215255,0
104.4959259,-5.330263615,1,-2.860614538,1,-8.21723175,1,0.063606329,1,-1.033824205,1,0.485390127,1,0.382090777,0,-0.641934097,0,-0.128871113,0
104.4999237,-5.397260666,1,-2.882911444,1,-8.304040909,1,0.041808162,1,-1.065704584,1,0.485475808,1,0.382122338,0,-0.646556556,0,-0.128579915,0
104.5039215,-5.32911253,1,-2.84059763,1,-8.329423904,1,0.013938366,1,-1.101476908,1,0.49815315,1,0.382077575,0,-0.65130955,0,-0.128320679,0
104.5079269,-5.513050079,1,-3.130964518,1,-8.452126503,1,-0.008983515,1,-1.139007449,1,0.509570718,1,0.381927848,0,-0.656224489,0,-0.128063127,0
104.5119247,-5.302725315,1,-3.335131407,1,-8.411046982,1,-0.040047575,1,-1.180484414,1,0.535478711,1,0.381674141,0,-0.661299169,0,-0.127800524,0
104.5159225,-5.352806568,1,-3.539011955,1,-8.534028053,1,-0.063822612,1,-1.230229855,1,0.567341268,1,0.381265879,0,-0.666585207,0,-0.127483293,0
104.5199203,-5.545660973,1,-3.892905951,1,-8.587557793,1,-0.110543206,1,-1.28110528,1,0.608204424,1,0.380670905,0,-0.67211622,0,-0.127081022,0
104.5239182,-5.429410458,1,-3.786856413,1,-8.306772232,1,-0.155645669,1,-1.344753981,1,0.644589067,1,0.379833043,0,-0.677908838,0,-0.126592919,0
104.527916,-5.437594414,1,-3.581789255,1,-8.600257874,1,-0.191265002,1,-1.408268332,1,0.672714651,1,0.378795981,0,-0.684005797,0,-0.126056254,0
104.5319214,-5.263800144,1,-3.232888222,1,-8.84894371,1,-0.228818744,1,-1.476516366,1,0.712197483,1,0.377583802,0,-0.690380931,0,-0.125469059,0
104.5359192,-5.136797428,1,-3.144256115,1,-8.975714684,1,-0.254742563,1,-1.55199337,1,0.743707836,1,0.37622261,0,-0.697084308,0,-0.124839298,0
104.539917,-5.238975048,1,-3.131494522,1,-9.096624374,1,-0.289295793,1,-1.629709482,1,0.769935668,1,0.374731183,0,-0.704106033,0,-0.124206193,0
104.5439224,-5.347702026,1,-3.17432642,1,-9.134404182,1,-0.325323611,1,-1.713120937,1,0.798778057,1,0.373092234,0,-0.711479604,0,-0.123570696,0
104.5479279,-5.553664684,1,-3.271426201,1,-9.26360321,1,-0.370339423,1,-1.792505026,1,0.83349514,1,0.371271521,0,-0.719204485,0,-0.122914635,0
104.5519257,-5.199969769,1,-3.115453482,1,-9.120129585,1,-0.400466114,1,-1.886863351,1,0.872635722,1,0.369277239,0,-0.727291405,0,-0.122225225,0
104.5559311,-5.110975266,1,-2.902536392,1,-9.244563103,1,-0.412098438,1,-1.996757269,1,0.914657891,1,0.367169857,0,-0.735825002,0,-0.12150909,0
104.5599289,-5.19963026,1,-2.761185884,1,-9.45798111,1,-0.416384786,1,-2.106532097,1,0.958458543,1,0.364998043,0,-0.744835019,0,-0.120745502,0
104.5639267,-5.116107464,1,-2.736294508,1,-9.446191788,1,-0.417629778,1,-2.218376398,1,1.005626559,1,0.362765908,0,-0.754312634,0,-0.119932465,0
104.5679245,-5.004307747,1,-2.81913352,1,-9.503071785,1,-0.426580578,1,-2.347754478,1,1.049710035,1,0.360485911,0,-0.76430136,0,-0.119086027,0
104.5719223,-5.576815128,1,-3.658182859,1,-8.809476852,1,-0.520825684,1,-2.235417366,1,1.027836084,1,0.357986867,0,-0.774516642,0,-0.118184082,0
104.5759201,-4.439145565,1,1.034505963,1,-12.19990444,1,-0.225161344,1,-2.865309238,1,1.116406679,1,0.356282711,0,-0.785803437,0,-0.117522202,0
104.5799255,-7.916784286,1,-2.440560102,1,-9.257905006,1,-0.262577206,1,-2.700971127,1,1.235535264,1,0.354638278,0,-0.797716141,0,-0.116629042,0
104.5839233,-3.513209581,1,-7.75710392,1,-9.378369331,1,-0.442442268,1,-2.986957788,1,1.239025235,1,0.352501094,0,-0.810115218,0,-0.115589403,0
104.5879211,-3.20000267,1,-3.857860804,1,-11.11260605,1,-0.462053686,1,-3.226181269,1,1.295234084,1,0.350175112,0,-0.823507667,0,-0.114967115,0
104.5919189,-4.148771286,1,-2.094604492,1,-10.77025223,1,-0.389722705,1,-3.403997183,1,1.470927477,1,0.347737938,0,-0.837879956,0,-0.113964908,0
104.5959167,-4.53177309,1,-4.1071105,1,-11.23751545,1,-0.353858382,1,-3.631341934,1,1.546562433,1,0.345213592,0,-0.853146017,0,-0.112571552,0
104.5999222,-4.126387119,1,-4.462109566,1,-11.71238613,1,-0.372678876,1,-3.89688158,1,1.634716868,1,0.342740297,0,-0.869466066,0,-0.11119251,0
104.60392,-4.14654541,1,-5.034148216,1,-12.22873974,1,-0.422371805,1,-4.181148052,1,1.76908803,1,0.339960873,0,-0.886956573,0,-0.109645188,0
104.6079178,-4.018208981,1,-6.149339676,1,-12.71724796,1,-0.497751772,1,-4.473103046,1,1.902154803,1,0.336643249,0,-0.905699492,0,-0.107771575,0
104.6119156,-4.217861176,1,-6.902245998,1,-13.0792675,1,-0.565621614,1,-4.799201488,1,2.096944094,1,0.332629055,0,-0.925858676,0,-0.105381683,0
104.615921,-4.69055891,1,-8.233057022,1,-13.12526608,1,-0.668406308,1,-5.10679388,1,2.327048302,1,0.327505708,0,-0.947459519,0,-0.102089494,0
104.6199188,-4.699652672,1,-9.429668427,1,-13.3083744,1,-0.773044229,1,-5.392311573,1,2.540807724,1,0.320994377,0,-0.970450163,0,-0.097661018,0
104.6239166,-4.39088583,1,-10.94065952,1,-13.21546364,1,-0.902789533,1,-5.721342087,1,2.800219774,1,0.31284681,0,-0.994888723,0,-0.091879703,0
104.6279144,-4.833117962,1,-12.0115633,1,-13.06517696,1,-1.069343328,1,-5.967197418,1,3.029531479,1,0.30247888,0,-1.020728827,0,-0.084318154,0
104.6319122,-5.683336735,1,-12.43874264,1,-13.01181889,1,-1.310515881,1,-6.266267776,1,3.419655085,1,0.289033353,0,-1.047915816,0,-0.07414066,0
104.6359177,-8.78830719,1,-13.23736763,1,-12.91340065,1,-1.56618762,1,-6.402798653,1,3.719305754,1,0.271309286,0,-1.076218009,0,-0.060430981,0
104.6399155,-12.19105816,1,-14.66562653,1,-12.6821146,1,-1.873078823,1,-6.380502701,1,4.007867336,1,0.248311996,0,-1.104947448,0,-0.042279694,0
104.6439133,-10.89942074,1,-14.60987473,1,-12.38415337,1,-2.169539213,1,-6.409818649,1,4.278532505,1,0.219193667,0,-1.133636117,0,-0.018914817,0
104.6479111,-12.22245026,1,-11.62065983,1,-13.90334797,1,-2.371663332,1,-6.473057747,1,4.472035885,1,0.183338061,0,-1.162420154,0,0.010389317,0
104.6519165,-16.06882286,1,-8.120729446,1,-15.12623501,1,-2.387207508,1,-6.339394093,1,4.564682961,1,0.140823171,0,-1.190668583,0,0.046079777,0
104.6559143,-14.50694847,1,-6.907450199,1,-15.19798183,1,-2.356110573,1,-6.25054884,1,4.695590019,1,0.091047958,0,-1.217794538,0,0.08925461,0
104.6599121,-13.52113056,1,-5.399363518,1,-15.16466904,1,-2.326804161,1,-6.266561508,1,4.768779755,1,0.032492578,0,-1.243950844,0,0.141403884,0
104.6639175,-16.46467972,1,-5.635229588,1,-14.14944553,1,-2.255292654,1,-6.29005909,1,4.696398735,1,-0.035015285,0,-1.269118071,0,0.202762008,0
104.667923,-17.38537788,1,-5.134624481,1,-14.19134712,1,-2.189476967,1,-6.219073296,1,4.650994778,1,-0.112742953,0,-1.292676687,0,0.274573803,0
104.6719208,-20.23577118,1,-4.389098167,1,-14.34634209,1,-2.006618977,1,-6.031298161,1,4.478545189,1,-0.200933069,0,-1.314065456,0,0.357293844,0
104.6759186,-19.60837555,1,-5.064394474,1,-13.63709354,1,-1.82126689,1,-5.850325584,1,4.346849442,1,-0.299511135,0,-1.332762361,0,0.451076895,0
104.6799164,-18.99115372,1,-6.43884182,1,-13.06628704,1,-1.790681362,1,-5.713172436,1,4.402463913,1,-0.411016226,0,-1.348389387,0,0.55821836,0
104.6839142,-17.19841766,1,-6.588799477,1,-11.67702484,1,-1.838409185,1,-5.643116474,1,4.430797577,1,-0.537053943,0,-1.360515475,0,0.679821491,0
104.6879196,-16.56438065,1,-5.842916489,1,-11.76659203,1,-1.815618992,1,-5.587929726,1,4.264339924,1,-0.674257696,0,-1.369063497,0,0.812473059,0
104.6919174,-15.58195782,1,-5.821269512,1,-10.00597954,1,-1.705697894,1,-5.500409603,1,4.215384007,1,-0.812374234,0,-1.368269205,0,0.962750137,0
104.6959152,-14.51573753,1,-5.629570007,1,-9.293754578,1,-1.688199401,1,-5.319711208,1,4.221980572,1,-0.953302383,0,-1.368962049,0,1.099669933,0
104.699913,-11.60440445,1,-4.539967537,1,-8.617746353,1,-1.627887249,1,-5.008146763,1,4.177626133,1,-1.087978721,0,-1.365446329,0,1.230400801,0
104.7039108,-6.672922611,1,-4.394301414,1,-7.980359554,1,-1.539311886,1,-4.658305645,1,4.066012859,1,-1.209504128,0,-1.358311892,0,1.348146677,0
104.7079163,-3.986792803,1,-4.926148891,1,-8.110098839,1,-1.434927344,1,-4.285185337,1,3.973765612,1,-1.314586043,0,-1.348404408,0,1.449681163,0
104.7119141,-6.762265205,1,-4.914788723,1,-8.829794884,1,-1.397934318,1,-4.0384655,1,3.850691557,1,-1.404480457,0,-1.336560845,0,1.536154747,0
104.7159119,-9.341328621,1,-5.050128937,1,-10.46529961,1,-1.269287348,1,-3.787170649,1,3.665364742,1,-1.480931997,0,-1.323637724,0,1.609345913,0
104.7199097,-13.65294456,1,-4.817247868,1,-10.54285049,1,-1.109270334,1,-3.425908327,1,3.46679759,1,-1.544366956,0,-1.310195088,0,1.669953585,0
104.7239151,-26.90243912,1,-2.763647556,1,-12.37114143,1,-0.756708801,1,-3.044261217,1,2.994436264,1,-1.595855713,0,-1.2972368,0,1.719385743,0
104.7279129,-32.00190353,1,-2.564674854,1,-16.79210281,1,-0.45479694,1,-2.024539948,1,2.473492861,1,-1.632275581,0,-1.285885453,0,1.754850864,0
104.7319107,-20.27319908,1,-6.032857418,1,-17.32850266,1,-0.384657472,1,-0.977343976,1,2.028004408,1,-1.651662707,0,-1.276471138,0,1.773324132,0
104.7359085,-10.68172741,1,-8.370884895,1,-14.32561016,1,-0.291292727,1,-0.301624358,1,1.562422037,1,-1.659063935,0,-1.269118667,0,1.779639721,0
104.7399063,-7.623963356,1,-8.607192039,1,-12.72275543,1,-0.167704895,1,0.12534301,1,1.177710652,1,-1.65948534,0,-1.263652563,0,1.779117703,0
104.7439041,-9.506368637,1,-8.546935081,1,-12.79797745,1,-0.136189282,1,0.502187967,1,0.866661131,1,-1.655110359,0,-1.259693861,0,1.77393055,0
104.7479095,-9.763619423,1,-8.710542679,1,-13.14692879,1,-0.22742933,1,0.968315363,1,0.571835756,1,-1.64599812,0,-1.257072449,0,1.763624191,0
104.7519073,-7.292914391,1,-8.805121422,1,-12.25697803,1,-0.33510533,1,1.355860591,1,0.310571015,1,-1.632392764,0,-1.255633235,0,1.748111367,0
104.7559052,-4.548864841,1,-8.584513664,1,-10.82264805,1,-0.392138124,1,1.600014806,1,0.0692387,1,-1.615548253,0,-1.255206823,0,1.728839993,0
104.759903,-2.544164419,1,-8.152889252,1,-9.774065018,1,-0.425239146,1,1.770929933,1,-0.12574771,1,-1.596501708,0,-1.255569935,0,1.707092524,0
104.7639008,-0.895350456,1,-7.637130737,1,-8.973966599,1,-0.479827046,1,1.914440632,1,-0.286302894,1,-1.575674295,0,-1.256518006,0,1.683296919,0
104.7679062,0.655345201,1,-7.02493763,1,-8.338936806,1,-0.518702209,1,2.028964758,1,-0.420734674,1,-1.553309679,0,-1.257889271,0,1.657682538,0
104.771904,1.56137991,1,-6.5092659,1,-7.766334534,1,-0.541201293,1,2.077842951,1,-0.529397368,1,-1.529798508,0,-1.25954926,0,1.630738139,0
104.7759018,2.005452156,1,-6.195090294,1,-7.287620544,1,-0.54534173,1,2.11245966,1,-0.625236154,1,-1.50552547,0,-1.26141119,0,1.602949023,0
104.7798996,2.219439507,1,-5.951185226,1,-6.857611656,1,-0.536445439,1,2.140916824,1,-0.709406555,1,-1.480472803,0,-1.263406515,0,1.574371576,0
104.783905,2.248846054,1,-5.736759186,1,-6.566986084,1,-0.519376814,1,2.178427458,1,-0.776045382,1,-1.454439998,0,-1.265482426,0,1.544859409,0
104.7879028,2.402517319,1,-5.513469696,1,-6.300149918,1,-0.494625688,1,2.214494705,1,-0.838811159,1,-1.427419662,0,-1.267546892,0,1.514415979,0
104.7919083,2.303925037,1,-5.340154648,1,-6.196304321,1,-0.468716741,1,2.256575346,1,-0.887356579,1,-1.399282694,0,-1.269563317,0,1.482920766,0
104.7959061,1.885733366,1,-5.260820866,1,-6.151961803,1,-0.438164055,1,2.317724705,1,-0.939669013,1,-1.369885921,0,-1.271466374,0,1.450250149,0
104.7999039,1.394539833,1,-5.270000458,1,-6.086590767,1,-0.404910326,1,2.39195919,1,-0.979788661,1,-1.338970423,0,-1.273189306,0,1.416146755,0
104.8039017,0.783077002,1,-5.276130676,1,-6.096539497,1,-0.374190986,1,2.486798525,1,-1.019168258,1,-1.306384325,0,-1.274657726,0,1.380439639,0
104.8079071,0.261303157,1,-5.3002491,1,-6.004320145,1,-0.34156388,1,2.606912613,1,-1.056958199,1,-1.271882892,0,-1.275830388,0,1.34287405,0
104.8119049,-0.292504132,1,-5.389689445,1,-6.087804794,1,-0.309297979,1,2.749646902,1,-1.111330032,1,-1.235183477,0,-1.276617289,0,1.303158641,0
104.8159027,-0.759485781,1,-5.319591522,1,-6.154950619,1,-0.274301171,1,2.898994923,1,-1.165088296,1,-1.196177959,0,-1.276958227,0,1.26118207,0
104.8199005,-1.115734696,1,-5.13414669,1,-6.212853909,1,-0.238872319,1,3.056041718,1,-1.225306392,1,-1.154792786,0,-1.276781559,0,1.216871142,0
104.8238983,-1.579078078,1,-5.01800108,1,-6.286502361,1,-0.198711023,1,3.225518227,1,-1.290982604,1,-1.111076951,0,-1.276008964,0,1.170269966,0
104.8279037,-2.081277132,1,-4.924444199,1,-6.323773384,1,-0.152090833,1,3.397236824,1,-1.367266536,1,-1.065156102,0,-1.274573565,0,1.121526599,0
104.8319016,-2.584735394,1,-4.870769501,1,-6.371565819,1,-0.106451154,1,3.567852736,1,-1.448527932,1,-1.017166615,0,-1.272389531,0,1.070795059,0
104.8358994,-3.017555475,1,-4.95882988,1,-6.392352581,1,-0.058776695,1,3.745646,1,-1.536515236,1,-0.967352569,0,-1.269388556,0,1.018310428,0
104.8398972,-4.083056927,1,-4.81625843,1,-5.68248558,1,0.002187888,1,3.960340738,1,-1.703900933,1,-0.915409744,0,-1.265568972,0,0.963701069,0
104.8439026,-2.750328779,1,-4.307819366,1,-6.118047714,1,0.070323676,1,4.059228897,1,-1.731839895,1,-0.862482607,0,-1.260743618,0,0.908340752,0
104.8479004,-3.777739048,1,-4.573976517,1,-6.031490803,1,0.161800817,1,4.178227901,1,-1.814912677,1,-0.809514523,0,-1.254986763,0,0.853174448,0
104.8518982,-4.041279793,1,-4.878704071,1,-6.175338745,1,0.206612915,1,4.315439224,1,-1.903119922,1,-0.756546259,0,-1.24817729,0,0.79816556,0
104.855896,-4.2293396,1,-5.041593552,1,-6.059886456,1,0.240177169,1,4.435965538,1,-2.004041195,1,-0.703972101,0,-1.240342379,0,0.743606865,0
104.8598938,-4.582849979,1,-4.960354805,1,-5.93854475,1,0.273484051,1,4.532721519,1,-2.107027054,1,-0.652182937,0,-1.231526613,0,0.689861774,0
104.8638916,-4.855368137,1,-4.923015594,1,-5.88618803,1,0.305138618,1,4.621011257,1,-2.213428974,1,-0.601504743,0,-1.221763492,0,0.63726747,0
104.867897,-5.26561451,1,-4.976451874,1,-5.850720406,1,0.330129862,1,4.710312366,1,-2.314877987,1,-0.552174509,0,-1.211054564,0,0.58602941,0
104.8718948,-5.694198608,1,-5.026926994,1,-5.82455492,1,0.349901289,1,4.795646667,1,-2.421898842,1,-0.504395783,0,-1.199402809,0,0.536332369,0
104.8758926,-5.942818165,1,-5.057984829,1,-5.789960861,1,0.361362487,1,4.877759933,1,-2.529040575,1,-0.458257884,0,-1.186829448,0,0.488225043,0
104.8798981,-6.281098366,1,-4.942070961,1,-5.82505846,1,0.373449862,1,4.958345413,1,-2.642445803,1,-0.413864374,0,-1.17336762,0,0.441806704,0
104.8838959,-6.510557652,1,-4.935024261,1,-5.8976264,1,0.391064256,1,5.025953293,1,-2.757411242,1,-0.371189952,0,-1.159050465,0,0.397059917,0
104.8878937,-6.977538586,1,-4.861241341,1,-5.979197979,1,0.416986525,1,5.098212719,1,-2.862422705,1,-0.330310673,0,-1.143892765,0,0.35408172,0
104.8918915,-7.411576748,1,-4.770130634,1,-5.993210316,1,0.436838478,1,5.186259747,1,-2.973150492,1,-0.291169256,0,-1.12787962,0,0.31279546,0
104.8958893,-7.712091923,1,-4.652500629,1,-6.094604492,1,0.467453539,1,5.268969536,1,-3.083678007,1,-0.253677517,0,-1.111002684,0,0.2731435,0
104.8998871,-7.845618248,1,-4.495481014,1,-6.115933895,1,0.505419612,1,5.351806164,1,-3.19371438,1,-0.217828616,0,-1.09328115,0,0.235133678,0
104.9038925,-7.798157692,1,-4.358888149,1,-6.19246912,1,0.543679118,1,5.41898489,1,-3.298939228,1,-0.183566824,0,-1.074751496,0,0.198735207,0
104.9078903,-7.789018154,1,-4.23082304,1,-6.289047241,1,0.587764204,1,5.462910652,1,-3.393024683,1,-0.150905043,0,-1.055514812,0,0.163990453,0
104.9118958,-7.790620327,1,-4.207758904,1,-6.314691067,1,0.641058564,1,5.495968342,1,-3.482322454,1,-0.119813032,0,-1.035649538,0,0.130900651,0
104.9158936,-7.799313545,1,-4.242111683,1,-6.316002369,1,0.682737648,1,5.519133091,1,-3.549267769,1,-0.090303861,0,-1.015205383,0,0.099480428,0
104.9198914,-7.70034647,1,-4.242134094,1,-6.344038963,1,0.737020433,1,5.533820629,1,-3.608934641,1,-0.062351923,0,-0.994258761,0,0.069731064,0
104.9238892,-7.578249454,1,-4.250040054,1,-6.292258263,1,0.785090148,1,5.52227354,1,-3.650316477,1,-0.035862319,0,-0.972881973,0,0.041584216,0
104.9278946,-7.449751377,1,-4.327980518,1,-6.383266926,1,0.837425292,1,5.497449398,1,-3.684798956,1,-0.010841074,0,-0.951179206,0,0.01503483,0
104.9318924,-7.546056271,1,-4.345707417,1,-6.483315468,1,0.889074981,1,5.459889889,1,-3.704006195,1,0.012821709,0,-0.929243624,0,-0.009980993,0
104.9358902,-7.722681999,1,-4.424778461,1,-6.605762005,1,0.947347462,1,5.417258263,1,-3.711315632,1,0.035207435,0,-0.907142937,0,-0.033529878,0
104.939888,-7.96746254,1,-4.510676861,1,-6.849947453,1,1.009439468,1,5.36904192,1,-3.708252668,1,0.056429677,0,-0.884918511,0,-0.055693746,0
104.9438858,-8.281906128,1,-4.666914463,1,-7.122873306,1,1.074804664,1,5.317420006,1,-3.692960024,1,0.086017504,0,-0.862782717,0,-0.067498557,0
104.9478912,-8.608604431,1,-4.836676121,1,-7.396663189,1,1.144814134,1,5.264826775,1,-3.677790165,1,0.104908414,0,-0.840308249,0,-0.08670719,0
104.951889,-9.117417336,1,-5.061447144,1,-7.706290245,1,1.212902784,1,5.216091633,1,-3.65993619,1,0.122941934,0,-0.817821145,0,-0.104768954,0
104.9558868,-9.611408234,1,-5.262822628,1,-8.002479553,1,1.283575892,1,5.17794323,1,-3.644014597,1,0.140202448,0,-0.79528451,0,-0.121758513,0
104.9598846,-10.03103542,1,-5.484186649,1,-8.329575539,1,1.351058602,1,5.149315357,1,-3.624709606,1,0.156759813,0,-0.772700965,0,-0.1377455,0
104.9638901,-10.59789467,1,-5.725138187,1,-8.730269432,1,1.415180206,1,5.124232769,1,-3.622218609,1,0.172719166,0,-0.750056207,0,-0.1528503,0
104.9678879,-11.08887959,1,-5.926495552,1,-9.157487869,1,1.480649352,1,5.110163212,1,-3.62709713,1,0.188146085,0,-0.727324188,0,-0.167156264,0
104.9718857,-11.67875385,1,-6.175230503,1,-9.596189499,1,1.549462676,1,5.117593765,1,-3.641830683,1,0.203138247,0,-0.704434931,0,-0.180783287,0
104.9758835,-12.2482233,1,-6.402812958,1,-10.07817936,1,1.614106059,1,5.130124569,1,-3.675746202,1,0.217794284,0,-0.681339085,0,-0.193814635,0
104.9798813,-12.82172585,1,-6.556531906,1,-10.62261772,1,1.696841836,1,5.155903339,1,-3.724404812,1,0.232198939,0,-0.657988369,0,-0.20634748,0
104.9838791,-13.36551857,1,-6.742574215,1,-11.09937096,1,1.770627379,1,5.177740097,1,-3.78496933,1,0.246436536,0,-0.634349704,0,-0.218481451,0
104.9878845,-13.94763184,1,-6.978400707,1,-11.56427765,1,1.840630412,1,5.203135967,1,-3.869779348,1,0.260560215,0,-0.610419512,0,-0.230321169,0
104.9918823,-14.40259933,1,-7.297336578,1,-11.8469162,1,1.914131999,1,5.222530842,1,-3.962365866,1,0.274604857,0,-0.586167991,0,-0.241926551,0
104.9958801,-14.82304192,1,-7.680585384,1,-12.23303509,1,1.984557629,1,5.198256969,1,-4.053088665,1,0.288611859,0,-0.561688602,0,-0.253359139,0
104.9998779,-15.65324593,1,-8.170077324,1,-12.77114773,1,2.04075098,1,5.161436081,1,-4.155352116,1,0.30256632,0,-0.537085474,0,-0.264678538,0
105.0038757,-16.70372009,1,-8.734510422,1,-13.23449993,1,2.0751791,1,5.131447315,1,-4.274519444,1,0.316464007,0,-0.512344539,0,-0.275983274,0
105.0078812,-17.93757248,1,-9.108663559,1,-13.56507683,1,2.09542799,1,5.084937572,1,-4.418679237,1,0.330250442,0,-0.487455368,0,-0.287360877,0
105.011879,-19.27132034,1,-9.406376839,1,-13.70320702,1,2.09446764,1,5.038112164,1,-4.56879425,1,0.343912125,0,-0.4623999,0,-0.298901081,0
105.0158768,-20.77378654,1,-9.419847488,1,-13.7179451,1,2.092903376,1,5.001428127,1,-4.732145309,1,0.357401431,0,-0.437152982,0,-0.310635865,0
105.0198746,-22.03412247,1,-7.776581764,1,-13.01577282,1,2.093601465,1,4.963349342,1,-4.934336185,1,0.370713085,0,-0.411657065,0,-0.322646797,0
105.02388,-20.9771595,1,-1.524912,1,-14.09688473,1,2.186329365,1,4.798814297,1,-5.220129013,1,0.3841694,0,-0.385991752,0,-0.335314274,0
105.0278778,-21.51114464,1,-1.457566381,1,-13.93110275,1,2.310646296,1,4.628277779,1,-5.469526291,1,0.398086369,0,-0.360426307,0,-0.348837972,0
105.0318832,-23.19863701,1,-1.765878797,1,-13.35195255,1,2.514129639,1,4.547534943,1,-5.664601326,1,0.412524015,0,-0.334781468,0,-0.362922847,0
105.035881,-25.16292381,1,-1.404077411,1,-12.39670753,1,2.733359575,1,4.469137192,1,-5.788268566,1,0.427552909,0,-0.308963656,0,-0.377225727,0
105.0398788,-26.61541557,1,-1.656476259,1,-10.97298241,1,2.883567572,1,4.39557457,1,-5.853151321,1,0.442974627,0,-0.283055812,0,-0.391506851,0
105.0438766,-27.47849274,1,-2.061438084,1,-9.498364449,1,2.951437712,1,4.287804604,1,-5.85648632,1,0.458420873,0,-0.257207215,0,-0.405546993,0
105.0478821,-28.09000397,1,-2.225632906,1,-7.679682732,1,2.935700655,1,4.14155674,1,-5.803433895,1,0.473523051,0,-0.231652111,0,-0.419214666,0
105.0518799,-28.19028854,1,-2.041926622,1,-5.818246365,1,2.860912561,1,3.943090677,1,-5.691385746,1,0.488017648,0,-0.206661209,0,-0.432459205,0
105.0558777,-27.50209618,1,-1.022575378,1,-3.984893084,1,2.745303392,1,3.670531034,1,-5.522662163,1,0.501700282,0,-0.18257542,0,-0.44521445,0
105.0598755,-26.24464989,1,1.110852122,1,-2.299319506,1,2.662774563,1,3.304971933,1,-5.300655842,1,0.514599323,0,-0.159828871,0,-0.457518518,0
105.0638733,-24.86193657,1,4.137076378,1,-0.930867672,1,2.648203373,1,2.865897417,1,-5.030638695,1,0.526984155,0,-0.13883552,0,-0.469439983,0
105.0678711,-23.91281128,1,7.344512939,1,0.039424699,1,2.721000195,1,2.408936739,1,-4.754671097,1,0.539186954,0,-0.119798541,0,-0.48102656,0
105.0718765,-23.91096306,1,10.43908787,1,0.984797537,1,2.891287327,1,1.948194742,1,-4.477730274,1,0.551641285,0,-0.10278596,0,-0.492367774,0
105.0758743,-25.06955147,1,12.6150589,1,1.855801702,1,3.121440887,1,1.53880024,1,-4.202874184,1,0.564713657,0,-0.087688275,0,-0.503457189,0
105.0798721,-26.36311722,1,13.98990345,1,2.450050116,1,3.366206169,1,1.153053403,1,-3.933579206,1,0.578572273,0,-0.07435517,0,-0.514289379,0
105.0838776,-28.51932144,1,15.19002819,1,2.96237421,1,3.579704285,1,0.787928045,1,-3.668727398,1,0.593181849,0,-0.06271103,0,-0.524842918,0
105.0878677,-30.64707756,1,15.32563877,1,3.410235167,1,3.704859495,1,0.484633386,1,-3.408305168,1,0.608363211,0,-0.052616835,0,-0.535102367,0
105.0918732,-32.88834381,1,14.99178886,1,3.629158735,1,3.730626822,1,0.23561126,1,-3.150860071,1,0.623759925,0,-0.043876372,0,-0.545000255,0
105.095871,-33.90559006,1,13.00195599,1,3.909174681,1,3.571686029,1,0.074340843,1,-2.881639719,1,0.63878727,0,-0.036256894,0,-0.554392099,0
105.0998688,-34.28290939,1,10.23109055,1,4.157971859,1,3.156667233,1,-0.062919214,1,-2.595012188,1,0.652596772,0,-0.029645089,0,-0.56313014,0
105.1038666,-33.34196472,1,7.159193516,1,4.316286087,1,2.497188568,1,-0.183163092,1,-2.26113224,1,0.664166868,0,-0.024071708,0,-0.5711146,0
105.107872,-31.15904236,1,4.482784748,1,4.288710594,1,1.674022675,1,-0.354612619,1,-1.869604707,1,0.672696471,0,-0.019774757,0,-0.578283191,0
105.1118698,-29.28210449,1,2.875799417,1,4.348020077,1,0.776843727,1,-0.511486471,1,-1.419442296,1,0.677723408,0,-0.017004848,0,-0.584506989,0
105.1158676,-16.32785606,1,-5.25718832,1,-1.679726243,1,-0.348680794,1,-0.867611229,1,-0.78029263,1,0.678864837,0,-0.016204545,0,-0.58967942,0
105.1198654,-23.98405647,1,-1.627192378,1,2.801711321,1,-1.398715854,1,-1.915952086,1,0.388395011,1,0.675261319,0,-0.01991016,0,-0.593723774,0
105.1238632,-37.0205307,1,7.804717064,1,7.041025162,1,-2.097849846,1,-2.512715101,1,1.24916327,1,0.668265224,0,-0.029106021,0,-0.596724212,0
105.1278687,-23.07225418,1,7.507624149,1,9.340694427,1,-2.469055891,1,-2.712160349,1,1.967747092,1,0.659039974,0,-0.041287564,0,-0.598048151,0
105.1318665,-7.156231403,1,8.028882027,1,7.864628315,1,-2.365288258,1,-3.025447845,1,2.573090315,1,0.649345279,0,-0.056011066,0,-0.597812474,0
105.1358643,-0.280210227,1,4.326153755,1,-0.043994099,1,-2.639044285,1,-3.140363693,1,2.978730679,1,0.639327347,0,-0.072520576,0,-0.596298873,0
105.1398621,-12.15843964,1,-0.473097444,1,-12.43663883,1,-2.859024286,1,-3.240664482,1,3.222600698,1,0.628074884,0,-0.090252422,0,-0.593842924,0
105.1438675,-10.31265068,1,-5.714626312,1,-21.37105942,1,-2.727473259,1,-2.776151657,1,3.17181325,1,0.616444528,0,-0.107621409,0,-0.590493798,0
105.1478653,-1.25370419,1,-11.55764389,1,-24.66974258,1,-2.602508307,1,-2.328089952,1,3.02942729,1,0.605343103,0,-0.123074688,0,-0.586101949,0
105.1518707,0.981753767,1,-14.32806492,1,-21.89985466,1,-2.489391088,1,-2.057902098,1,2.772899151,1,0.594616532,0,-0.136833906,0,-0.581415892,0
105.1558685,3.548870325,1,-15.76455784,1,-16.04166412,1,-2.669252157,1,-2.193609476,1,2.539128065,1,0.583735168,0,-0.149710938,0,-0.577257335,0
105.1598663,4.563395023,1,-7.676343918,1,-10.2484293,1,-2.626097918,1,-2.648931503,1,2.605718374,1,0.572531104,0,-0.163395494,0,-0.573925734,0
105.1638641,5.238243103,1,-1.636574149,1,-7.933921814,1,-2.480080843,1,-3.346934557,1,2.69666338,1,0.561813474,0,-0.179138467,0,-0.571302354,0
105.1678696,4.373033047,1,-0.231136665,1,-7.317204475,1,-2.523500204,1,-4.251022816,1,2.815637827,1,0.551642001,0,-0.19782041,0,-0.569967389,0
105.1718674,0.879804969,1,1.707295895,1,-11.09340096,1,-2.426640987,1,-4.866032124,1,2.966865778,1,0.541656911,0,-0.219526723,0,-0.569560528,0
105.1758652,-8.185397148,1,0.523286164,1,-15.00542164,1,-2.387527704,1,-5.157998085,1,2.852953911,1,0.532073379,0,-0.242806733,0,-0.569829583,0
105.179863,-18.97739029,1,0.915656805,1,-18.3826828,1,-2.322832584,1,-4.886630535,1,2.627590895,1,0.52278173,0,-0.265828699,0,-0.570560038,0
105.1838608,-25.92633057,1,0.91247499,1,-19.36208153,1,-2.254630566,1,-4.309548378,1,2.532752514,1,0.51367569,0,-0.286912501,0,-0.570774078,0
105.1878586,-26.20923042,1,1.286502838,1,-19.43505287,1,-2.10822916,1,-3.6005795,1,2.440839529,1,0.504650533,0,-0.305588692,0,-0.569737852,0
105.191864,-24.24361038,1,5.684164047,1,-16.831007,1,-1.861451864,1,-3.110543966,1,2.435060263,1,0.496138066,0,-0.317679942,0,-0.53881532,0
105.1958618,-21.40410233,1,5.977212429,1,-14.735425,1,-1.605955482,1,-2.699225426,1,2.273190737,1,0.488191187,0,-0.332395196,0,-0.535816789,0
105.1998596,-14.91296005,1,4.216145515,1,-12.66679668,1,-1.300389886,1,-2.418917179,1,2.103011131,1,0.481386811,0,-0.345419854,0,-0.532648623,0
105.2038651,-15.2184763,1,1.089154005,1,-10.566185,1,-1.185676098,1,-2.305969715,1,1.968808293,1,0.475364536,0,-0.35762316,0,-0.529565036,0
105.2078629,-14.20515251,1,-1.967250943,1,-10.16379356,1,-1.041420102,1,-2.109700441,1,1.692683697,1,0.469943404,0,-0.368809015,0,-0.526875913,0
105.2118607,-12.49983025,1,-4.264423847,1,-9.023981094,1,-0.987901688,1,-1.890427947,1,1.450164676,1,0.465127617,0,-0.378783405,0,-0.524747312,0
105.2158585,-10.30567265,1,-4.994707584,1,-8.661879539,1,-1.015948892,1,-1.709733844,1,1.289399028,1,0.460475564,0,-0.387649357,0,-0.522943497,0
105.2198563,-9.31798172,1,-5.275038719,1,-7.976044655,1,-1.093182325,1,-1.53512907,1,1.185320735,1,0.455635965,0,-0.395635843,0,-0.521270931,0
105.2238541,-8.892407417,1,-5.925508022,1,-8.451253891,1,-1.214591503,1,-1.323139548,1,1.095995545,1,0.450285345,0,-0.402778208,0,-0.519524574,0
105.2278595,-8.677516937,1,-2.819159985,1,-9.140060425,1,-1.254599929,1,-1.148117304,1,1.064026952,1,0.444593072,0,-0.409075379,0,-0.517603099,0
105.2318573,-11.26324558,1,-2.118730545,1,-10.83234882,1,-1.258362889,1,-0.891494274,1,0.978980422,1,0.438653409,0,-0.41457361,0,-0.515473783,0
105.2358551,-9.469934464,1,-0.167986378,1,-10.71962833,1,-1.176073909,1,-0.673336029,1,0.919296265,1,0.432859093,0,-0.418967783,0,-0.513140559,0
105.2398529,-11.40446758,1,-0.477777749,1,-11.34468269,1,-1.063233733,1,-0.485286623,1,0.784400821,1,0.427413523,0,-0.42252785,0,-0.510797501,0
105.2438507,-10.19505596,1,0.063473903,1,-10.29910183,1,-0.896449506,1,-0.291294873,1,0.65449512,1,0.422590315,0,-0.425056607,0,-0.508628786,0
105.2478561,-7.055869102,1,-1.009441853,1,-9.542561531,1,-0.77737689,1,-0.276520044,1,0.5739972,1,0.418435931,0,-0.427091241,0,-0.506662309,0
105.2518539,-5.951271534,1,-2.379559994,1,-9.944260597,1,-0.677130461,1,-0.2602624,1,0.496766001,1,0.414860725,0,-0.428945452,0,-0.505006254,0
105.2558517,-3.661454916,1,-3.486031294,1,-9.1983881,1,-0.631721199,1,-0.287731916,1,0.498615652,1,0.411607355,0,-0.430716872,0,-0.503491998,0
105.2598495,-4.03676796,1,-4.257967472,1,-9.413154602,1,-0.616594195,1,-0.307618797,1,0.514713168,1,0.408475161,0,-0.432635427,0,-0.50197345,0
105.263855,-5.008683205,1,-4.585416317,1,-9.008406639,1,-0.605491042,1,-0.292626619,1,0.549927175,1,0.405377209,0,-0.434578538,0,-0.500346303,0
105.2678528,-4.902839184,1,-4.448016644,1,-8.281357765,1,-0.621691942,1,-0.302595139,1,0.584482193,1,0.402166963,0,-0.436565369,0,-0.498555988,0
105.2718582,-4.804122448,1,-4.46953392,1,-8.084052086,1,-0.640735626,1,-0.301191449,1,0.607643783,1,0.39882952,0,-0.438601166,0,-0.496636122,0
105.275856,-5.063921928,1,-4.334257126,1,-8.554122925,1,-0.649767876,1,-0.276789755,1,0.609298408,1,0.395402014,0,-0.440618604,0,-0.494657248,0
105.2798538,-5.135218143,1,-3.38442874,1,-8.638917923,1,-0.641658604,1,-0.257727623,1,0.596161067,1,0.391948283,0,-0.44251889,0,-0.492636204,0
105.2838516,-4.719574451,1,-2.043636322,1,-9.048332214,1,-0.621281981,1,-0.275079519,1,0.554967463,1,0.388586819,0,-0.444372177,0,-0.490710527,0
105.2878571,-5.895724773,1,-0.565149009,1,-9.4099226,1,-0.555063725,1,-0.271562934,1,0.504555523,1,0.385481268,0,-0.446191102,0,-0.488992512,0
105.2918549,-5.739228249,1,0.005492633,1,-9.225281715,1,-0.482554168,1,-0.266811788,1,0.451758116,1,0.382743061,0,-0.447915405,0,-0.4874686,0
105.2958527,-5.235879898,1,-1.011422396,1,-9.191781044,1,-0.420746028,1,-0.263792992,1,0.394673765,1,0.3803882,0,-0.449524283,0,-0.486171633,0
105.2998505,-4.606565475,1,-2.363232374,1,-9.172247887,1,-0.388033628,1,-0.280101925,1,0.35209012,1,0.378304601,0,-0.45106703,0,-0.485085338,0
105.3038483,-4.288345337,1,-3.2228508,1,-8.980679512,1,-0.373102218,1,-0.298627228,1,0.332535505,1,0.376379788,0,-0.452645779,0,-0.484149545,0
105.3078537,-4.903822899,1,-3.202467918,1,-8.697901726,1,-0.366134375,1,-0.310087353,1,0.339351386,1,0.374514937,0,-0.454282284,0,-0.483264297,0
105.3118515,-5.474612236,1,-2.979577065,1,-8.481819153,1,-0.349846065,1,-0.300020248,1,0.349087298,1,0.37268436,0,-0.455931604,0,-0.482333153,0
105.3158493,-5.382270813,1,-3.067734957,1,-8.205652237,1,-0.358947903,1,-0.283973604,1,0.341587096,1,0.37084803,0,-0.457523882,0,-0.481373757,0
105.3198471,-5.217013359,1,-3.136119366,1,-8.284842491,1,-0.367405206,1,-0.270855069,1,0.3198964,1,0.368988812,0,-0.459038138,0,-0.48044771,0
105.3238525,-5.170799732,1,-2.665318966,1,-8.245203972,1,-0.359156698,1,-0.261076689,1,0.293473363,1,0.36715588,0,-0.460463643,0,-0.479599267,0
105.3278503,-5.078154564,1,-2.010576248,1,-8.348848343,1,-0.342915118,1,-0.255231589,1,0.264521092,1,0.365409493,0,-0.461818933,0,-0.478839785,0
105.3318481,-5.568683624,1,-1.413763762,1,-8.438991547,1,-0.312187821,1,-0.236249849,1,0.219905615,1,0.363823116,0,-0.463092804,0,-0.47821939,0
105.3358459,-5.109962463,1,-1.069379449,1,-8.660980225,1,-0.257895231,1,-0.237520471,1,0.185007021,1,0.362472177,0,-0.464262456,0,-0.477738917,0
105.3398438,-5.251693249,1,-0.854967475,1,-8.731846809,1,-0.224365681,1,-0.235308334,1,0.138813779,1,0.361377656,0,-0.465398073,0,-0.47743693,0
105.3438416,-4.682528019,1,-0.894649565,1,-8.98277092,1,-0.167981699,1,-0.240490943,1,0.114828385,1,0.360526711,0,-0.466453224,0,-0.477290094,0
105.347847,-4.960617542,1,-1.315429926,1,-8.893324852,1,-0.125179812,1,-0.264243424,1,0.099173002,1,0.35992077,0,-0.467556119,0,-0.477246404,0
105.3518448,-5.094038486,1,-1.752520204,1,-8.769145966,1,-0.088605314,1,-0.276033521,1,0.069721811,1,0.359527886,0,-0.468693554,0,-0.477319568,0
105.3558426,-4.872280598,1,-2.129007578,1,-8.821439743,1,-0.070452072,1,-0.284556419,1,0.058813367,1,0.359290957,0,-0.469824374,0,-0.477500767,0
105.359848,-4.706132412,1,-2.123507261,1,-8.767971992,1,-0.059314907,1,-0.295855701,1,0.056641389,1,0.359135836,0,-0.470995098,0,-0.477718413,0
105.3638458,-4.935927391,1,-2.077762604,1,-8.705308914,1,-0.040613391,1,-0.297237039,1,0.047428645,1,0.359044611,0,-0.472184092,0,-0.477960855,0
105.3678436,-4.77966404,1,-2.073764324,1,-8.609107971,1,-0.022672407,1,-0.303256452,1,0.03753541,1,0.359059244,0,-0.473361701,0,-0.478265673,0
105.3718414,-4.905921459,1,-2.11195302,1,-8.646704674,1,-0.010175944,1,-0.310851097,1,0.037946485,1,0.359141171,0,-0.474571526,0,-0.478594869,0
105.3758392,-4.997258186,1,-2.423910379,1,-8.428667068,1,-0.008521546,1,-0.31609416,1,0.04667427,1,0.359241545,0,-0.475806624,0,-0.478904516,0
105.379837,-5.116200447,1,-2.884174824,1,-8.180621147,1,-0.009653538,1,-0.308986455,1,0.05566046,1,0.3593418,0,-0.477045357,0,-0.479187727,0
105.3838425,-4.99845314,1,-3.301960945,1,-7.952393532,1,-0.017354593,1,-0.297391474,1,0.06893535,1,0.359393597,0,-0.478266418,0,-0.479408592,0
105.3878403,-4.876982212,1,-3.447351217,1,-7.917476654,1,-0.031239895,1,-0.279267579,1,0.08862412,1,0.359358668,0,-0.479458898,0,-0.479537547,0
105.3918457,-4.953546524,1,-3.259228945,1,-7.930201054,1,-0.046997197,1,-0.268284738,1,0.105658576,1,0.359209001,0,-0.480625391,0,-0.479553223,0
105.3958435,-4.9842453,1,-3.000349522,1,-7.948543549,1,-0.050690003,1,-0.249178499,1,0.119003713,1,0.358979374,0,-0.481749356,0,-0.479486138,0
105.3998413,-4.836655617,1,-2.873159647,1,-8.081456184,1,-0.054992609,1,-0.243331999,1,0.127104297,1,0.358706743,0,-0.482843876,0,-0.479356915,0
105.4038391,-4.876733303,1,-2.480257034,1,-8.193804741,1,-0.048371561,1,-0.241218969,1,0.135350123,1,0.358411014,0,-0.48393175,0,-0.479176909,0
105.4078522,-4.818917274,1,-2.224669218,1,-8.30513382,1,-0.032071367,1,-0.237510189,1,0.144706234,1,0.358153641,0,-0.48502925,0,-0.478957891,0
105.4118423,-4.80757618,1,-2.097931623,1,-8.408144951,1,-0.009788953,1,-0.246822923,1,0.154233277,1,0.357948542,0,-0.486139417,0,-0.478705615,0
105.4158401,-4.570215702,1,-2.305427551,1,-8.572828293,1,-0.011029388,1,-0.266236782,1,0.168258041,1,0.35777986,0,-0.487313807,0,-0.478431344,0
105.419838,-4.740737438,1,-2.27549839,1,-8.520295143,1,0.015666641,1,-0.288757652,1,0.177726403,1,0.357653379,0,-0.48859933,0,-0.478136361,0
105.4238358,-4.740759373,1,-2.271440029,1,-8.489878654,1,0.040641375,1,-0.293925554,1,0.180196241,1,0.357623756,0,-0.489936769,0,-0.477847844,0
105.4278488,-4.695066929,1,-2.484691143,1,-8.555417061,1,0.054410353,1,-0.304818302,1,0.190123558,1,0.357670903,0,-0.491315067,0,-0.477540314,0
105.4318466,-4.551884174,1,-2.687755585,1,-8.499778748,1,0.063727066,1,-0.322265059,1,0.20193857,1,0.357756615,0,-0.492771536,0,-0.477203816,0
105.4358368,-4.672329426,1,-2.631455183,1,-8.443584442,1,0.07355579,1,-0.34791854,1,0.219262525,1,0.357847035,0,-0.494320661,0,-0.476848751,0
105.4398346,-4.586983204,1,-2.866852283,1,-8.499426842,1,0.064102367,1,-0.3647497,1,0.230326802,1,0.288074553,0,-0.594193399,0,-0.695502222,0
105.4438477,-4.620779037,1,-2.515758276,1,-8.543477058,1,0.084067486,1,-0.397807062,1,0.24570328,1,0.286370635,0,-0.592587233,0,-0.665811658,0
105.4478455,-4.516998291,1,-2.888130426,1,-8.734875679,1,0.078279994,1,-0.425879359,1,0.267454028,1,0.286353946,0,-0.594458103,0,-0.66519165,0
105.4518433,-4.600912571,1,-2.618902445,1,-8.643600464,1,0.051952638,1,-0.464193583,1,0.275306076,1,0.286233008,0,-0.596461415,0,-0.664545238,0
105.4558334,-4.835159779,1,-2.326504469,1,-8.496525764,1,0.090511441,1,-0.475671738,1,0.283168316,1,0.286150575,0,-0.598584116,0,-0.663895905,0
105.4598312,-4.838033676,1,-2.417934656,1,-8.592470169,1,0.114544503,1,-0.497667819,1,0.29608959,1,0.286184579,0,-0.600775957,0,-0.663218439,0
105.4638443,-4.88266325,1,-3.211378098,1,-8.522136688,1,0.094610676,1,-0.526925683,1,0.318157464,1,0.286212564,0,-0.603086889,0,-0.662492752,0
105.4678421,-4.799809933,1,-2.781697035,1,-8.378743172,1,0.052261267,1,-0.55963093,1,0.306409329,1,0.286076367,0,-0.605525136,0,-0.661778867,0
105.4718399,-4.933453083,1,-2.297097921,1,-8.382600784,1,0.069641434,1,-0.576616049,1,0.317458957,1,0.285930693,0,-0.608061433,0,-0.661101699,0
105.4758301,-4.858832836,1,-2.122335434,1,-8.463541031,1,0.086931922,1,-0.583787739,1,0.323523492,1,0.285838008,0,-0.610654533,0,-0.66039896,0
105.4798431,-4.90191555,1,-2.221484661,1,-8.35498333,1,0.096926466,1,-0.609824538,1,0.319642633,1,0.285810471,0,-0.613312602,0,-0.659716249,0
105.4838409,-5.038781643,1,-2.61088109,1,-8.33324337,1,0.08604347,1,-0.62833941,1,0.324411929,1,0.28581053,0,-0.616048872,0,-0.659060895,0
105.4878387,-4.97783041,1,-2.409371138,1,-8.16261673,1,0.062238853,1,-0.640350103,1,0.319846481,1,0.285729498,0,-0.618831336,0,-0.658414841,0
105.4918442,-5.148042202,1,-2.060184956,1,-8.110764503,1,0.071386263,1,-0.651573718,1,0.31667009,1,0.285649836,0,-0.62167567,0,-0.657808602,0
105.495842,-5.243759632,1,-1.962701678,1,-8.052182198,1,0.087429091,1,-0.655692518,1,0.313437998,1,0.285634428,0,-0.624530196,0,-0.657224655,0
105.4998398,-5.219007492,1,-2.015450716,1,-8.025558472,1,0.103173994,1,-0.663246334,1,0.303259432,1,0.28570506,0,-0.62740922,0,-0.656676054,0
105.5038376,-5.226691723,1,-2.161076307,1,-8.011361122,1,0.105405666,1,-0.671668828,1,0.298592389,1,0.285823882,0,-0.630309522,0,-0.656165063,0
105.507843,-5.344688416,1,-2.153730392,1,-8.107569695,1,0.09374328,1,-0.680946827,1,0.292006016,1,0.28595227,0,-0.633234918,0,-0.655700862,0
105.5118408,-5.246622086,1,-2.291177273,1,-8.119422913,1,0.075999297,1,-0.693044841,1,0.289524317,1,0.286036223,0,-0.636192679,0,-0.655262947,0
105.5158463,-5.085445404,1,-2.078728676,1,-8.031285286,1,0.061626762,1,-0.701621652,1,0.282755971,1,0.286060631,0,-0.639188886,0,-0.654873729,0
105.5198441,-5.232410431,1,-2.028847933,1,-8.052186012,1,0.074908644,1,-0.70634985,1,0.275162488,1,0.286129832,0,-0.642202377,0,-0.654538512,0
105.5238419,-5.174048424,1,-2.264341354,1,-8.028501511,1,0.082184777,1,-0.716905177,1,0.280367136,1,0.286243975,0,-0.645254672,0,-0.654202223,0
105.5278397,-5.232450962,1,-2.596320868,1,-7.96389246,1,0.083457388,1,-0.725199878,1,0.284591347,1,0.286371171,0,-0.648338974,0,-0.653872192,0
105.5318375,-5.173628807,1,-2.716507196,1,-7.921859264,1,0.073124349,1,-0.74175334,1,0.301997095,1,0.286445349,0,-0.651477098,0,-0.653491616,0
105.5358353,-5.208118439,1,-2.692097664,1,-7.927638054,1,0.071732707,1,-0.74714011,1,0.316812307,1,0.28647083,0,-0.654674411,0,-0.653066516,0
105.5398407,-5.234325409,1,-2.716407776,1,-7.940415859,1,0.07075569,1,-0.755272508,1,0.331009388,1,0.286457121,0,-0.657919586,0,-0.652580321,0
105.5438385,-5.361023903,1,-2.899314404,1,-7.917414188,1,0.056642625,1,-0.766515732,1,0.351213068,1,0.28636834,0,-0.661232531,0,-0.652014315,0
105.5478363,-5.277311802,1,-2.887145281,1,-7.883769035,1,0.043262627,1,-0.782401979,1,0.369366974,1,0.286159754,0,-0.664613843,0,-0.651365876,0
105.5518417,-5.353412628,1,-2.866204262,1,-7.935445309,1,0.024535688,1,-0.794287741,1,0.387886107,1,0.285852969,0,-0.66807121,0,-0.650654256,0
105.5558395,-5.47324419,1,-2.922626734,1,-7.918297768,1,0.012889609,1,-0.804301798,1,0.412055075,1,0.285430849,0,-0.671592414,0,-0.649844348,0
105.5598373,-5.452614307,1,-2.925370216,1,-7.918626785,1,-0.001476213,1,-0.825938344,1,0.436417878,1,0.284883201,0,-0.675204873,0,-0.648938715,0
105.5638351,-5.385962009,1,-2.846251249,1,-7.971012592,1,-0.01132348,1,-0.840748847,1,0.450467676,1,0.284232676,0,-0.678906262,0,-0.6479491,0
105.5678329,-5.439902306,1,-2.779247046,1,-8.000981331,1,-0.014454592,1,-0.860282958,1,0.482094109,1,0.283493757,0,-0.682700753,0,-0.646866024,0
105.5718308,-5.429127216,1,-2.753365755,1,-7.987411499,1,-0.017201871,1,-0.881667376,1,0.504482567,1,0.282677919,0,-0.686593473,0,-0.645683944,0
105.5758362,-5.582395077,1,-2.889650106,1,-8.068181992,1,-0.027161902,1,-0.902609229,1,0.531993151,1,0.281770825,0,-0.690590858,0,-0.644394457,0
105.579834,-5.574878693,1,-3.055609226,1,-8.087696075,1,-0.049972158,1,-0.915759146,1,0.554612756,1,0.280721784,0,-0.694688559,0,-0.642990589,0
105.5838318,-5.507684231,1,-2.83484292,1,-8.156011581,1,-0.055356555,1,-0.944653213,1,0.58137238,1,0.279549807,0,-0.698892236,0,-0.641488373,0
105.5878372,-5.413014889,1,-2.760244131,1,-8.07859993,1,-0.06268914,1,-0.974890649,1,0.606717706,1,0.278282523,0,-0.703234613,0,-0.639888346,0
105.591835,-5.399828911,1,-2.834948063,1,-8.089096069,1,-0.063689709,1,-1.009750247,1,0.630920231,1,0.276930392,0,-0.707725465,0,-0.638183951,0
105.5958328,-5.484122753,1,-2.910285234,1,-8.056257248,1,-0.071583048,1,-1.036990881,1,0.65892452,1,0.275494039,0,-0.712366223,0,-0.636391401,0
105.5998306,-5.469439983,1,-2.803491354,1,-8.023868561,1,-0.08417663,1,-1.07115221,1,0.67854327,1,0.273949802,0,-0.717149079,0,-0.634502649,0
105.6038284,-5.574690819,1,-2.664259434,1,-7.900996685,1,-0.093568549,1,-1.108749032,1,0.703693926,1,0.2722812,0,-0.722097933,0,-0.632526636,0
105.6078262,-5.611886024,1,-2.54279995,1,-7.862402916,1,-0.11467956,1,-1.141700029,1,0.714242935,1,0.27052024,0,-0.727198303,0,-0.630498946,0
105.6118317,-5.672583103,1,-2.305012941,1,-7.92414856,1,-0.126205638,1,-1.170901895,1,0.726318121,1,0.26865083,0,-0.732412577,0,-0.628419459,0
105.6158295,-5.499638081,1,-2.146743059,1,-8.02172184,1,-0.144988969,1,-1.203777671,1,0.728536546,1,0.266699761,0,-0.737760186,0,-0.626323223,0
105.6198273,-5.653715611,1,-2.154918194,1,-8.164620399,1,-0.164569959,1,-1.235608935,1,0.724238753,1,0.264699936,0,-0.743234396,0,-0.624266148,0
105.6238251,-5.633692265,1,-2.177615643,1,-8.145133972,1,-0.197335973,1,-1.266506791,1,0.726421773,1,0.262592226,0,-0.748825788,0,-0.622215629,0
105.6278305,-5.555952072,1,-2.114327192,1,-8.130630493,1,-0.224473178,1,-1.304326177,1,0.715289474,1,0.260378927,0,-0.754535496,0,-0.620224476,0
105.6318283,-5.530559063,1,-2.184910774,1,-8.291676521,1,-0.248041287,1,-1.34781146,1,0.708230495,1,0.25810957,0,-0.760384202,0,-0.618298173,0
105.6358337,-5.671640873,1,-2.125615835,1,-8.409064293,1,-0.271012157,1,-1.399101853,1,0.718105853,1,0.255771786,0,-0.766430855,0,-0.616414428,0
105.6398315,-5.703174591,1,-2.37694931,1,-8.487748146,1,-0.284500152,1,-1.451970935,1,0.723546326,1,0.253355563,0,-0.772673488,0,-0.614537835,0
105.6438293,-5.619511604,1,-2.866093397,1,-8.619069099,1,-0.321180344,1,-1.51320529,1,0.745961607,1,0.250801682,0,-0.77915597,0,-0.612626135,0
105.6478271,-5.525938034,1,-3.005578279,1,-8.763251305,1,-0.351790011,1,-1.585818052,1,0.769270122,1,0.248061895,0,-0.785902321,0,-0.610654175,0
105.651825,-5.483059883,1,-3.182438612,1,-8.845928192,1,-0.376318842,1,-1.661925912,1,0.818546116,1,0.245091707,0,-0.792965293,0,-0.608523726,0
105.6558304,-5.338108063,1,-3.255027771,1,-8.788349152,1,-0.402081788,1,-1.739828348,1,0.862191916,1,0.241877481,0,-0.800371706,0,-0.606209636,0
105.6598282,-5.415612221,1,-3.233661175,1,-8.889967918,1,-0.424973965,1,-1.831485271,1,0.917568564,1,0.238397256,0,-0.808163404,0,-0.603675127,0
105.663826,-5.359303474,1,-3.117230177,1,-8.945103645,1,-0.454904556,1,-1.92328012,1,0.963958621,1,0.234628841,0,-0.816353798,0,-0.60091728,0
105.6678238,-5.400569916,1,-2.929233074,1,-9.159641266,1,-0.475385517,1,-2.028553724,1,1.009663105,1,0.230600327,0,-0.824955463,0,-0.597943425,0
105.6718292,-6.363785267,1,-4.074137211,1,-10.61817169,1,-0.588807762,1,-1.992848277,1,0.996237397,1,0.22624512,0,-0.833829641,0,-0.594816804,0
105.675827,-1.316815495,1,1.928957939,1,-8.987944603,1,-0.300873965,1,-2.480789661,1,1.066287518,1,0.222118944,0,-0.843065023,0,-0.591757417,0
105.6798248,-8.997508049,1,-1.134452224,1,-10.3458147,1,-0.345447361,1,-2.337146759,1,1.115449429,1,0.218444228,0,-0.853435934,0,-0.588558137,0
105.6838226,-4.843817234,1,-5.140555382,1,-8.634858131,1,-0.459587961,1,-2.523492098,1,1.102445722,1,0.214218557,0,-0.863850653,0,-0.585081816,0
105.6878204,-3.81186223,1,-3.514065981,1,-10.00042057,1,-0.525127113,1,-2.727746487,1,1.115393996,1,0.209716663,0,-0.875031888,0,-0.581842422,0
105.6918259,-4.655319214,1,-1.114285588,1,-9.827819824,1,-0.496055573,1,-2.858659029,1,1.230108976,1,0.200047597,0,-0.882839441,0,-0.549137831,0
105.6958237,-5.024860382,1,-2.155313969,1,-9.699063301,1,-0.443148136,1,-3.005256653,1,1.2815907,1,0.194906399,0,-0.895324588,0,-0.544940174,0
105.6998215,-5.004546642,1,-2.176560402,1,-9.862546921,1,-0.423675299,1,-3.204796553,1,1.313944578,1,0.18974492,0,-0.90848875,0,-0.540576041,0
105.7038193,-4.99099493,1,-2.286126614,1,-10.30117321,1,-0.423410982,1,-3.381536961,1,1.380912185,1,0.184364751,0,-0.922455668,0,-0.535902619,0
105.7078247,-5.04678154,1,-2.742180109,1,-10.70007324,1,-0.42012015,1,-3.57318449,1,1.429510474,1,0.178633571,0,-0.937140048,0,-0.53087616,0
105.7118225,-4.552335262,1,-3.079056501,1,-11.28299713,1,-0.454689473,1,-3.839247942,1,1.539422393,1,0.172355086,0,-0.952782989,0,-0.525272071,0
105.7158203,-4.483604431,1,-3.535483837,1,-11.73699474,1,-0.463174224,1,-4.101113796,1,1.629976511,1,0.16542998,0,-0.969496846,0,-0.519051969,0
105.7198181,-4.385979176,1,-4.376994133,1,-12.31204987,1,-0.503950179,1,-4.371081829,1,1.735854268,1,0.157674506,0,-0.987293482,0,-0.512051165,0
105.7238159,-4.360721588,1,-5.08396101,1,-12.72054958,1,-0.589352965,1,-4.688808918,1,1.870132565,1,0.14873524,0,-1.006300807,0,-0.50402391,0
105.7278214,-4.218599796,1,-5.884641171,1,-13.19330597,1,-0.665817022,1,-5.029903889,1,1.997493148,1,0.138359547,0,-1.02664423,0,-0.494762272,0
105.7318192,-5.037582397,1,-6.749192715,1,-13.5468359,1,-0.758550227,1,-5.352710724,1,2.164801359,1,0.126192346,0,-1.048322558,0,-0.483940423,0
105.735817,-5.462688446,1,-8.547771454,1,-13.57138443,1,-0.894270122,1,-5.651003838,1,2.368412256,1,0.111495294,0,-1.071274042,0,-0.470876634,0
105.7398148,-6.1404953,1,-10.270051,1,-13.68653202,1,-1.089638114,1,-5.937846661,1,2.627337217,1,0.093291119,0,-1.09535706,0,-0.454733014,0
105.7438202,-8.398331642,1,-11.57641029,1,-13.99096966,1,-1.320248723,1,-6.140149117,1,2.894234419,1,0.0703502,0,-1.120363474,0,-0.434486806,0
105.747818,-10.1294775,1,-12.38280106,1,-13.47231579,1,-1.582978487,1,-6.269587517,1,3.153268814,1,0.041760422,0,-1.145833969,0,-0.409312278,0
105.7518234,-10.1719017,1,-13.32656956,1,-13.13530731,1,-1.904837251,1,-6.399649143,1,3.457491159,1,0.00597967,0,-1.171459794,0,-0.377848148,0
105.7558212,-11.84607983,1,-13.067976,1,-13.52512074,1,-2.240064621,1,-6.489291668,1,3.763457775,1,-0.038893718,0,-1.197027564,0,-0.338381737,0
105.759819,-17.49334908,1,-11.60083103,1,-15.24683762,1,-2.434640884,1,-6.368365765,1,3.905896664,1,-0.093364805,0,-1.221746922,0,-0.290184021,0
105.7638168,-16.22576904,1,-10.29771233,1,-15.20919609,1,-2.512929916,1,-6.234398842,1,4.039129257,1,-0.157097384,0,-1.244740963,0,-0.23314099,0
105.7678223,-14.38406372,1,-8.912158012,1,-15.27890873,1,-2.670452833,1,-6.247437,1,4.23994875,1,-0.232031405,0,-1.266009808,0,-0.165230408,0
105.7718201,-15.19652843,1,-7.303359985,1,-15.37853241,1,-2.747374535,1,-6.300933838,1,4.264000416,1,-0.319539666,0,-1.285537004,0,-0.085157402,0
105.7758179,-17.72977066,1,-5.774581432,1,-15.18424702,1,-2.694017887,1,-6.242425919,1,4.217636108,1,-0.417957813,0,-1.302862525,0,0.005821409,0
105.7798157,-20.45474434,1,-5.235561371,1,-15.73253536,1,-2.577974081,1,-6.132094383,1,4.129310608,1,-0.526672781,0,-1.317366123,0,0.107400425,0
105.7838135,-22.20476532,1,-4.984945297,1,-14.89092064,1,-2.42705965,1,-5.901321411,1,4.03908968,1,-0.643100321,0,-1.328445315,0,0.217162743,0
105.7878113,-21.17770004,1,-7.693144321,1,-13.40528488,1,-2.366441965,1,-5.716155529,1,4.051721096,1,-0.764912784,0,-1.335726976,0,0.332692415,0
105.7918167,-20.97758293,1,-8.792800903,1,-12.03702927,1,-2.515748024,1,-5.564929485,1,4.176431656,1,-0.89137733,0,-1.338846684,0,0.452640474,0
105.7958145,-19.98547554,1,-7.884754658,1,-12.41305828,1,-2.630831003,1,-5.445157051,1,4.150489807,1,-1.018564582,0,-1.337908268,0,0.572742283,0
105.7998123,-18.76290321,1,-7.290726662,1,-10.52854729,1,-2.617498875,1,-5.366232872,1,4.06955862,1,-1.141063571,0,-1.333651543,0,0.687895477,0
105.8038177,-17.06279182,1,-7.401500225,1,-9.518817902,1,-2.657912254,1,-5.209624767,1,4.156511784,1,-1.256286621,0,-1.326002002,0,0.795687556,0
105.8078156,-13.97534561,1,-5.811504841,1,-8.778383255,1,-2.660443544,1,-4.954501152,1,4.137909412,1,-1.360752344,0,-1.31522727,0,0.892504394,0
105.8118134,-7.589130878,1,-4.685122013,1,-7.877110004,1,-2.642962217,1,-4.598294258,1,4.05832243,1,-1.451777339,0,-1.302153111,0,0.975751936,0
105.8158112,-4.140575409,1,-4.305735111,1,-7.625651836,1,-2.568858385,1,-4.269656181,1,4.012843609,1,-1.529146075,0,-1.28750205,0,1.045304656,0
105.819809,-7.065808296,1,-2.398080349,1,-10.08200836,1,-2.457611084,1,-3.99377346,1,3.890416145,1,-1.594970226,0,-1.271749139,0,1.103504539,0
105.8238068,-10.78632069,1,-3.079437256,1,-9.720710754,1,-2.05105114,1,-3.829271078,1,3.590877771,1,-1.650775194,0,-1.255996704,0,1.152582049,0
105.8278122,-13.08443642,1,-1.855644822,1,-9.949816704,1,-1.734960556,1,-3.606659889,1,3.363083601,1,-1.698318362,0,-1.240593433,0,1.194728494,0
105.83181,-25.86536598,1,1.360704184,1,-13.03903294,1,-1.15950954,1,-3.338636637,1,2.986608267,1,-1.738186002,0,-1.225950599,0,1.230708241,0
105.8358078,-33.77167511,1,0.074455835,1,-16.93240929,1,-0.597500443,1,-2.386960983,1,2.5483284,1,-1.76728344,0,-1.212980747,0,1.258116484,0
105.8398132,-22.12161446,1,-4.350200653,1,-17.5300808,1,-0.457050174,1,-1.37101841,1,2.222112894,1,-1.783433557,0,-1.202117085,0,1.273155451,0
105.8438034,-11.94072056,1,-7.836597443,1,-14.61461163,1,-0.279836267,1,-0.704509616,1,1.795912027,1,-1.790615559,0,-1.193389177,0,1.279280782,0
105.8478088,-8.608045578,1,-9.323295593,1,-12.17885876,1,-0.113411255,1,-0.288741469,1,1.462150455,1,-1.79257381,0,-1.186644077,0,1.280567765,0
105.8518066,-10.1536274,1,-9.462235451,1,-12.14122105,1,-0.089665249,1,0.070453838,1,1.216345787,1,-1.791149139,0,-1.181332827,0,1.278636932,0
105.8558044,-10.91243935,1,-9.678242683,1,-12.85288239,1,-0.23814027,1,0.51507318,1,1.037080526,1,-1.786664963,0,-1.177191496,0,1.273123384,0
105.8598022,-8.580635071,1,-9.764442444,1,-12.1334877,1,-0.433971375,1,0.896130383,1,0.853272259,1,-1.779423118,0,-1.1740942,0,1.263804913,0
105.8638077,-6.176886082,1,-9.699302673,1,-10.87602234,1,-0.570536852,1,1.158924222,1,0.694271863,1,-1.770307064,0,-1.171903372,0,1.251726985,0
105.8678055,-4.271244049,1,-9.16069603,1,-9.839713097,1,-0.670574844,1,1.346649289,1,0.551262915,1,-1.760008097,0,-1.170433164,0,1.237840295,0
105.8718109,-2.683769226,1,-8.563397408,1,-9.111455917,1,-0.765173733,1,1.49937439,1,0.430106372,1,-1.748823881,0,-1.16955328,0,1.222571731,0
105.8758087,-1.214137077,1,-7.989836693,1,-8.449393272,1,-0.849159539,1,1.630723715,1,0.331520915,1,-1.736881733,0,-1.169133067,0,1.206086755,0
105.8798065,-0.285345674,1,-7.363806725,1,-7.96101284,1,-0.911900103,1,1.725952268,1,0.247536987,1,-1.724363327,0,-1.169061899,0,1.188649178,0
105.883812,0.111775465,1,-6.898057461,1,-7.544524193,1,-0.928406119,1,1.798687696,1,0.16149357,1,-1.711345673,0,-1.169282675,0,1.170503259,0
105.8878098,0.47208932,1,-6.564167976,1,-7.21683836,1,-0.921639383,1,1.867888689,1,0.081783965,1,-1.697772264,0,-1.16979146,0,1.151720285,0
105.8918076,0.682886899,1,-6.140619278,1,-6.875854492,1,-0.886080861,1,1.930775404,1,-0.006428139,1,-1.683526278,0,-1.170552015,0,1.132316589,0
105.8958054,0.949340522,1,-5.83066082,1,-6.672805309,1,-0.840117395,1,1.988371491,1,-0.081066735,1,-1.668566227,0,-1.171555996,0,1.112329125,0
105.8998108,1.145489693,1,-5.619829178,1,-6.345850945,1,-0.779304624,1,2.049688101,1,-0.161059529,1,-1.652822137,0,-1.172761559,0,1.091727018,0
105.9038086,1.131445527,1,-5.542298794,1,-6.24758482,1,-0.71114397,1,2.111506462,1,-0.236074761,1,-1.636139393,0,-1.174175978,0,1.070404172,0
105.9078064,0.881606877,1,-5.612206936,1,-6.075124741,1,-0.64359659,1,2.190793991,1,-0.318748623,1,-1.618441224,0,-1.175762892,0,1.048283935,0
105.9118042,0.589266479,1,-5.752721786,1,-5.89073801,1,-0.585595071,1,2.274092436,1,-0.398455411,1,-1.599577785,0,-1.177537203,0,1.025195837,0
105.915802,0.030377941,1,-5.940252304,1,-5.757449627,1,-0.544736803,1,2.385315895,1,-0.487953871,1,-1.579404116,0,-1.179483652,0,1.000935912,0
105.9198074,-0.44208172,1,-6.149044037,1,-5.634932995,1,-0.503694832,1,2.493394613,1,-0.571467042,1,-1.557805181,0,-1.181583524,0,0.975320935,0
105.9238052,-0.840123415,1,-6.3015275,1,-5.551733494,1,-0.488049269,1,2.632167101,1,-0.668905258,1,-1.534573078,0,-1.183814406,0,0.948091865,0
105.927803,-1.226357222,1,-6.369712353,1,-5.486835957,1,-0.475975275,1,2.761898041,1,-0.762121856,1,-1.509627819,0,-1.186137557,0,0.919089139,0
105.9318008,-1.581001878,1,-6.367091179,1,-5.427558422,1,-0.469410658,1,2.911266327,1,-0.863064587,1,-1.482870102,0,-1.188530922,0,0.888189912,0
105.9358063,-1.95690608,1,-6.382146835,1,-5.414568901,1,-0.468009025,1,3.060034037,1,-0.970927417,1,-1.454155564,0,-1.190955758,0,0.855232179,0
105.9398041,-2.258196831,1,-6.310964584,1,-5.386776924,1,-0.466372222,1,3.207085848,1,-1.081109285,1,-1.423443198,0,-1.193377972,0,0.820166588,0
105.9438019,-2.616402149,1,-6.2746768,1,-5.333586693,1,-0.457735658,1,3.350281477,1,-1.198968887,1,-1.371160984,0,-1.189692974,0,0.797486603,0
105.9477997,-2.837721586,1,-6.183460712,1,-5.276209354,1,-0.453982681,1,3.495929003,1,-1.316272259,1,-1.336808681,0,-1.191663504,0,0.75853157,0
105.9517975,-3.140841484,1,-6.136387825,1,-5.199650764,1,-0.440697879,1,3.629399776,1,-1.436248422,1,-1.300427914,0,-1.193443656,0,0.717454314,0
105.9558029,-3.310074806,1,-6.053986073,1,-5.132521629,1,-0.421224594,1,3.756500721,1,-1.551524997,1,-1.262019992,0,-1.19495213,0,0.674296379,0
105.9598007,-3.481347084,1,-5.84724617,1,-5.097772121,1,-0.407116085,1,3.878246069,1,-1.679057002,1,-1.221656442,0,-1.196127653,0,0.629137218,0
105.9637985,-3.669142246,1,-5.766817093,1,-5.002702713,1,-0.374869913,1,3.981354952,1,-1.792135835,1,-1.17949748,0,-1.196908832,0,0.582162261,0
105.9677963,-3.993588209,1,-5.657557011,1,-4.971202374,1,-0.336090475,1,4.079919815,1,-1.911145091,1,-1.135658145,0,-1.197217703,0,0.533548057,0
105.9718018,-4.276301861,1,-5.49204874,1,-4.945660114,1,-0.295811236,1,4.178215981,1,-2.032347918,1,-1.090262175,0,-1.196987033,0,0.483421326,0
105.9757996,-4.729261875,1,-5.298407555,1,-4.928356647,1,-0.246369794,1,4.267754555,1,-2.148299932,1,-1.043395042,0,-1.19615984,0,0.431906462,0
105.9797974,-5.001951694,1,-5.10465765,1,-4.903942108,1,-0.192328066,1,4.358467579,1,-2.277802706,1,-0.995187402,0,-1.194655061,0,0.379152775,0
105.9837952,-5.348315239,1,-5.139052391,1,-4.779123306,1,-0.143412977,1,4.450994492,1,-2.393246651,1,-0.945824385,0,-1.192411542,0,0.325343221,0
105.987793,-5.71282196,1,-5.219276905,1,-4.769534111,1,-0.084590718,1,4.539412022,1,-2.512570143,1,-0.895533562,0,-1.189335227,0,0.270702749,0
105.9917984,-5.976429462,1,-5.200005531,1,-4.783396244,1,-0.036856469,1,4.626732349,1,-2.631671667,1,-0.844572306,0,-1.185379267,0,0.215493068,0
105.9958038,-6.362001896,1,-5.167610168,1,-4.854384899,1,0.007466206,1,4.705623627,1,-2.740424633,1,-0.793313861,0,-1.180476904,0,0.160060018,0
105.9998016,-6.585000038,1,-5.227244377,1,-4.814752102,1,0.041245531,1,4.791909695,1,-2.850203276,1,-0.74202466,0,-1.174568653,0,0.104641557,0
106.0037994,-6.863391399,1,-5.2768507,1,-4.836627483,1,0.06622605,1,4.873566628,1,-2.9529531,1,-0.691021144,0,-1.167613149,0,0.049512852,0
106.0077972,-7.082349777,1,-5.342521191,1,-4.812848568,1,0.088454604,1,4.956038475,1,-3.048630953,1,-0.640666246,0,-1.159575343,0,-0.004984628,0
106.011795,-7.228964806,1,-5.355443954,1,-4.846367359,1,0.110811055,1,5.027002811,1,-3.138847828,1,-0.591262102,0,-1.150433898,0,-0.058552969,0
106.0158005,-7.315192699,1,-5.358462811,1,-4.83471489,1,0.120219618,1,5.093268871,1,-3.216924191,1,-0.543116271,0,-1.140197396,0,-0.110895447,0
106.0197983,-7.356071472,1,-5.315931797,1,-4.83041954,1,0.134218305,1,5.146850586,1,-3.289025545,1,-0.496564299,0,-1.128887534,0,-0.161684602,0
106.0237961,-7.390559196,1,-5.308235168,1,-4.898897171,1,0.146385863,1,5.186206341,1,-3.342697382,1,-0.451793104,0,-1.116557837,0,-0.210724622,0
106.0277939,-7.544029236,1,-5.261036396,1,-4.951883793,1,0.169120118,1,5.223194122,1,-3.395107031,1,-0.408983499,0,-1.103255749,0,-0.257816046,0
106.0317993,-7.63643074,1,-5.262822628,1,-4.993842602,1,0.191166192,1,5.248568058,1,-3.430169582,1,-0.368216246,0,-1.08903873,0,-0.302832961,0
106.0357971,-7.74969101,1,-5.193995476,1,-5.125262737,1,0.228574738,1,5.26220274,1,-3.457459927,1,-0.329562694,0,-1.073984742,0,-0.34567064,0
106.0397949,-8.032047272,1,-5.168543339,1,-5.294891357,1,0.272539467,1,5.265273094,1,-3.472558498,1,-0.292980731,0,-1.058190823,0,-0.386317015,0
106.0437927,-8.345637321,1,-5.117207527,1,-5.467663765,1,0.325511426,1,5.273905277,1,-3.490512848,1,-0.258424252,0,-1.04170692,0,-0.424772024,0
106.0477905,-8.653408051,1,-5.130256653,1,-5.604473114,1,0.38902995,1,5.281764984,1,-3.498565674,1,-0.225755721,0,-1.024562597,0,-0.461142659,0
106.051796,-9.004874229,1,-5.227884293,1,-5.841368198,1,0.460372955,1,5.294743538,1,-3.502227783,1,-0.194836155,0,-1.006789446,0,-0.495520443,0
106.0557938,-9.404925346,1,-5.332342625,1,-6.093661308,1,0.545500994,1,5.321277142,1,-3.511793375,1,-0.165538266,0,-0.98841387,0,-0.527988136,0
106.0597916,-9.774682999,1,-5.395915508,1,-6.329428196,1,0.628452301,1,5.347894192,1,-3.52050209,1,-0.137714028,0,-0.969446123,0,-0.558686733,0
106.0637894,-10.09509945,1,-5.401141167,1,-6.535614491,1,0.72648865,1,5.37241745,1,-3.528305531,1,-0.1112196,0,-0.949916482,0,-0.587713957,0
106.0677948,-10.365942,1,-5.52683115,1,-6.836567402,1,0.827535152,1,5.39975071,1,-3.545747995,1,-0.08591859,0,-0.929867983,0,-0.615185082,0
106.0717926,-10.64363194,1,-5.711557865,1,-7.048140526,1,0.92969358,1,5.412157059,1,-3.55502367,1,-0.06170363,0,-0.909347415,0,-0.6412009,0
106.0757904,-10.93841648,1,-5.935814857,1,-7.296416759,1,1.045214534,1,5.419946194,1,-3.571537256,1,-0.038476504,0,-0.888416469,0,-0.665822566,0
106.0797882,-11.30907536,1,-6.174451351,1,-7.51986742,1,1.146354318,1,5.429254532,1,-3.594522238,1,-0.016127942,0,-0.867116272,0,-0.689172268,0
106.083786,-11.6106205,1,-6.410820484,1,-7.827683926,1,1.251368046,1,5.437588692,1,-3.623599529,1,0.005443875,0,-0.845447779,0,-0.711370766,0
106.0877914,-11.97919178,1,-6.61197567,1,-8.098583221,1,1.352564216,1,5.44040966,1,-3.662934303,1,0.026343958,0,-0.823454916,0,-0.732550561,0
106.0917892,-12.37344265,1,-6.811981678,1,-8.354563713,1,1.447586656,1,5.443178177,1,-3.699827194,1,0.046640635,0,-0.801154017,0,-0.752787411,0
106.095787,-12.7217474,1,-7.138830662,1,-8.522821426,1,1.535219073,1,5.436191082,1,-3.745425701,1,0.066365398,0,-0.778586566,0,-0.772154927,0
106.0997849,-13.13786983,1,-7.482019424,1,-8.824337006,1,1.619436979,1,5.418148041,1,-3.799014091,1,0.085580952,0,-0.755788565,0,-0.790749669,0
106.1037903,-13.71352768,1,-7.765814781,1,-9.208065987,1,1.697516918,1,5.397762775,1,-3.850711346,1,0.104338206,0,-0.732804,0,-0.808657587,0
106.1077881,-14.42593575,1,-8.15140152,1,-9.626464844,1,1.764665961,1,5.371816635,1,-3.917834044,1,0.122692779,0,-0.709642947,0,-0.825956523,0
106.1117935,-15.24327564,1,-8.496037483,1,-9.986721039,1,1.828362107,1,5.339073181,1,-3.994891644,1,0.140673965,0,-0.686328173,0,-0.842755437,0
106.1157913,-16.27032661,1,-8.896658897,1,-10.43836021,1,1.878762126,1,5.312491894,1,-4.084967613,1,0.158320755,0,-0.662863135,0,-0.859136701,0
106.1197891,-17.37207794,1,-9.34935379,1,-10.85752106,1,1.923223376,1,5.283740044,1,-4.190320015,1,0.175682798,0,-0.639218569,0,-0.87522459,0
106.1237869,-18.48432922,1,-9.757666588,1,-11.31945992,1,1.959489703,1,5.246603012,1,-4.305720329,1,0.192773193,0,-0.615413308,0,-0.891098082,0
106.1277924,-19.7502861,1,-10.03025341,1,-11.73366547,1,1.97600019,1,5.193740845,1,-4.441647053,1,0.209583491,0,-0.591453731,0,-0.906847656,0
106.1317902,-21.15039635,1,-10.17997837,1,-12.09029198,1,1.995310187,1,5.14071846,1,-4.585991859,1,0.226149514,0,-0.567370415,0,-0.922576308,0
106.135788,-22.76209831,1,-10.00381756,1,-12.37202644,1,2.015047312,1,5.078147411,1,-4.746817589,1,0.24248752,0,-0.543162942,0,-0.938356996,0
106.1397858,-24.51210976,1,-9.649378777,1,-12.27627087,1,2.054219484,1,5.015515804,1,-4.912368774,1,0.258668661,0,-0.518815815,0,-0.95425427,0
106.1437836,-26.33339691,1,-9.069732666,1,-11.92571163,1,2.110114336,1,4.968604088,1,-5.07454586,1,0.27475816,0,-0.494288623,0,-0.970270813,0
106.147789,-27.94572449,1,-6.812283516,1,-10.56889534,1,2.192442417,1,4.923867226,1,-5.271079063,1,0.290840864,0,-0.469529092,0,-0.98643738,0
106.1517868,-26.07807541,1,2.116757393,1,-11.76157475,1,2.415420771,1,4.694254398,1,-5.574895382,1,0.30741477,0,-0.444723189,0,-1.003218293,0
106.1557846,-24.88400269,1,2.034725189,1,-11.0755167,1,2.693625212,1,4.448541164,1,-5.802951813,1,0.324987292,0,-0.420291245,0,-1.0207901,0
106.1597824,-26.35248756,1,1.126443624,1,-9.21739769,1,3.055323362,1,4.308784962,1,-6.00520277,1,0.34364149,0,-0.396005273,0,-1.038845778,0
106.1637878,-28.46944618,1,0.924713552,1,-7.805059433,1,3.364162207,1,4.151036739,1,-6.122806072,1,0.363331169,0,-0.371715009,0,-1.057094693,0
106.1677856,-28.98669243,1,0.426349133,1,-6.638390064,1,3.514993429,1,3.951409101,1,-6.16853714,1,0.383514762,0,-0.347635418,0,-1.075253725,0
106.1717834,-29.07395363,1,-0.544045568,1,-5.228640556,1,3.503372192,1,3.716350794,1,-6.141019821,1,0.403480947,0,-0.324013531,0,-1.09313035,0
106.1757889,-29.29570961,1,-0.934348285,1,-3.893239737,1,3.381124973,1,3.456046581,1,-6.039820194,1,0.422616243,0,-0.301077485,0,-1.11053288,0
106.1797791,-29.22640228,1,-0.197910398,1,-2.682356596,1,3.218971729,1,3.168146133,1,-5.881620884,1,0.440622061,0,-0.279066831,0,-1.12736249,0
106.1837845,-27.52318192,1,1.879330993,1,-1.540450335,1,3.093202591,1,2.844021082,1,-5.646560669,1,0.457505077,0,-0.258195996,0,-1.143494129,0
106.1877823,-25.73529243,1,5.722172737,1,-0.57000345,1,3.06383872,1,2.445732355,1,-5.390402317,1,0.473592371,0,-0.238829985,0,-1.158952951,0
106.1917801,-25.20087051,1,9.862685204,1,0.11859528,1,3.153430939,1,2.049893856,1,-5.134349346,1,0.489360482,0,-0.220320836,0,-1.133187771,0
106.1957779,-26.8914547,1,12.65155697,1,0.90096271,1,3.348287344,1,1.706449747,1,-4.914072514,1,0.505380392,0,-0.204147786,0,-1.147604465,0
106.1997833,-29.06257248,1,14.43010807,1,1.58658886,1,3.605494738,1,1.425805569,1,-4.686745167,1,0.522002578,0,-0.189251021,0,-1.161524892,0
106.2037811,-31.02835274,1,15.55535507,1,2.336647034,1,3.85377574,1,1.160037041,1,-4.432059288,1,0.539340794,0,-0.175564528,0,-1.174852014,0
106.2077789,-33.12751389,1,16.105793,1,3.248919725,1,4.034238338,1,0.911732554,1,-4.163538456,1,0.557270527,0,-0.163075343,0,-1.187548876,0
106.2117767,-34.97952652,1,16.0533371,1,4.567525387,1,4.099431992,1,0.691656351,1,-3.886021137,1,0.575448573,0,-0.151738018,0,-1.199582219,0
106.2157745,-36.27057266,1,14.8187418,1,5.470876217,1,3.997998238,1,0.538485527,1,-3.576369524,1,0.593325555,0,-0.141447499,0,-1.210792065,0
106.21978,-36.15134048,1,12.34947491,1,6.463498116,1,3.677262068,1,0.387199461,1,-3.211744547,1,0.610136747,0,-0.132235855,0,-1.221045256,0
106.2237778,-34.77157593,1,9.344041824,1,6.802359581,1,3.138153315,1,0.217299283,1,-2.764308691,1,0.624991894,0,-0.124306507,0,-1.230169654,0
106.2277756,-32.80966187,1,6.861303329,1,7.111721516,1,2.423081398,1,-0.004950894,1,-2.23627758,1,0.637097239,0,-0.118052579,0,-1.23806119,0
106.231781,-30.26087189,1,4.377756596,1,7.298593998,1,1.576768517,1,-0.234607533,1,-1.634345412,1,0.645878494,0,-0.113791957,0,-1.244613171,0
106.2357864,-27.7184391,1,3.08966136,1,6.965353012,1,0.70482862,1,-0.484152943,1,-0.978803396,1,0.651003957,0,-0.111775436,0,-1.249664426,0
106.2397842,-23.33948898,1,0.347821355,1,4.321889877,1,-0.200209886,1,-0.802571595,1,-0.259306818,1,0.652459979,0,-0.112249799,0,-1.25321877,0
106.243782,-3.350094795,1,-15.56013489,1,2.668323755,1,-2.113651991,1,-1.77365756,1,0.914371014,1,0.648154736,0,-0.116843663,0,-1.255250931,0
106.2477798,-36.70485306,1,-2.365125418,1,7.989145279,1,-3.508573294,1,-3.133170366,1,2.205414057,1,0.636895418,0,-0.128804639,0,-1.256187916,0
106.2517776,-20.22197723,1,6.444478035,1,7.660284996,1,-3.904276133,1,-2.914815664,1,2.619972944,1,0.621731341,0,-0.144575268,0,-1.255573273,0
106.2557755,17.04537392,1,2.375495434,1,1.311495781,1,-3.859796762,1,-2.918145418,1,2.893400908,1,0.605773926,0,-0.160145208,0,-1.253086329,0
106.2597809,2.584583759,1,-0.410749733,1,-10.1860342,1,-4.159161568,1,-3.524002552,1,3.067711353,1,0.589376509,0,-0.177646905,0,-1.25043273,0
106.2637787,-11.29489136,1,-4.404803753,1,-18.6743412,1,-4.302275658,1,-3.311493397,1,2.997285128,1,0.571751773,0,-0.195951551,0,-1.247776031,0
106.2677765,-0.84909004,1,-6.680528164,1,-24.56699371,1,-3.80376339,1,-2.777891636,1,2.734392405,1,0.554905534,0,-0.212270349,0,-1.244471073,0
106.2717819,4.23928833,1,-10.04576492,1,-24.75222969,1,-3.521683455,1,-2.626205206,1,2.435931206,1,0.539583445,0,-0.226856738,0,-1.241137743,0
106.2757797,3.352666855,1,-11.59661388,1,-17.74670029,1,-3.498030424,1,-2.749595165,1,2.008770704,1,0.524985671,0,-0.240578666,0,-1.238870978,0
106.2797775,5.052035332,1,-5.491339207,1,-11.70165348,1,-3.420197725,1,-3.115721941,1,1.923443794,1,0.510843337,0,-0.254571438,0,-1.237849593,0
106.2837753,7.007238865,1,8.966213226,1,-9.784560204,1,-2.848664284,1,-3.789239645,1,2.113609314,1,0.498107165,0,-0.270459652,0,-1.237469912,0
106.2877731,2.346124172,1,9.493676186,1,-9.27050972,1,-2.69378829,1,-4.729068756,1,2.312556505,1,0.487165838,0,-0.28962785,0,-1.237674594,0
106.2917709,-0.693021655,1,10.55937386,1,-13.15970135,1,-2.419723988,1,-5.307148933,1,2.501479387,1,0.477096856,0,-0.312016487,0,-1.2385782,0
106.2957764,-6.042033195,1,9.551860809,1,-16.32364655,1,-2.172694445,1,-5.564342022,1,2.611999035,1,0.468244582,0,-0.336080253,0,-1.239375114,0
106.2997742,-19.1037941,1,8.038209915,1,-20.99625015,1,-2.104166985,1,-5.378320217,1,2.651036739,1,0.459821761,0,-0.360546529,0,-1.23989439,0
106.303772,-28.30186653,1,7.694871902,1,-22.65016747,1,-2.010376215,1,-4.623100281,1,2.764445782,1,0.451159984,0,-0.383321762,0,-1.238946199,0
106.3077774,-30.7328949,1,6.858901024,1,-22.65891457,1,-1.756100893,1,-3.733372688,1,2.856470585,1,0.442268163,0,-0.403187275,0,-1.235764742,0
106.3117752,-34.44281769,1,6.586507797,1,-20.03173828,1,-1.447521329,1,-2.945529461,1,2.881399393,1,0.433757365,0,-0.420173466,0,-1.23055768,0
106.315773,-33.00086594,1,3.437293768,1,-17.08086777,1,-1.114361644,1,-2.024101257,1,2.705425024,1,0.425897419,0,-0.433882475,0,-1.223913193,0
106.3197708,-22.07676315,1,0.044772841,1,-11.25751209,1,-0.836341441,1,-1.396826386,1,2.369082451,1,0.418937951,0,-0.444157839,0,-1.216668248,0
106.3237686,-14.03263474,1,-2.50434351,1,-7.438800335,1,-0.735058963,1,-1.366196394,1,2.064256907,1,0.413036525,0,-0.452720791,0,-1.21007967,0
106.3277664,-5.684002876,1,-7.083320618,1,-6.118938923,1,-0.871679783,1,-1.443209529,1,1.672053218,1,0.407670021,0,-0.460851401,0,-1.205010653,0
106.3317719,-5.559382439,1,-5.142972469,1,-6.915705204,1,-1.087093711,1,-1.656674027,1,1.522759438,1,0.401957691,0,-0.469018817,0,-1.201134562,0
106.3357697,-10.09226418,1,-7.459035397,1,-8.264388084,1,-1.180755138,1,-1.644421935,1,1.297569871,1,0.396077275,0,-0.477406263,0,-1.198221803,0
106.3397675,-10.39889526,1,-6.600036621,1,-10.42285442,1,-1.269846678,1,-1.361419916,1,1.126576662,1,0.390044749,0,-0.484853089,0,-1.195798516,0
106.3437729,-11.45054531,1,-3.334559441,1,-10.70501041,1,-1.273646832,1,-1.003807425,1,1.005615592,1,0.383779943,0,-0.4908427,0,-1.193380594,0
106.3477707,-10.74486732,1,0.116427727,1,-10.11456203,1,-1.233735085,1,-0.680725992,1,1.045038581,1,0.377433658,0,-0.495454222,0,-1.190516472,0
106.3517685,-9.035461426,1,0.237038612,1,-9.055170059,1,-1.264431238,1,-0.447094619,1,1.102071047,1,0.370685458,0,-0.499095649,0,-1.18685925,0
106.3557739,-7.823378563,1,-1.670073867,1,-9.139573097,1,-1.220586181,1,-0.387712359,1,1.018459797,1,0.36381942,0,-0.502165079,0,-1.182968855,0
106.3597717,-11.08139801,1,-3.946281672,1,-10.93472385,1,-1.18670845,1,-0.278324962,1,0.784026563,1,0.357408881,0,-0.504744232,0,-1.179641485,0
106.3637695,-12.9621563,1,-2.734513044,1,-11.15869713,1,-1.009276032,1,-0.027373075,1,0.56739074,1,0.351749718,0,-0.506250262,0,-1.177063465,0
106.3677826,-7.792327404,1,-0.559092402,1,-8.921871185,1,-0.926172853,1,0.116145782,1,0.578731298,1,0.346687317,0,-0.506779313,0,-1.174547672,0
106.3717728,-4.865585327,1,-1.356132984,1,-8.796785355,1,-0.87642926,1,0.071712062,1,0.586903512,1,0.34175697,0,-0.507206678,0,-1.171853065,0
106.3757706,-4.590492725,1,-3.50221467,1,-9.855930328,1,-0.812938392,1,0.057497814,1,0.531183422,1,0.337165356,0,-0.507723093,0,-1.169338942,0
106.3797684,-4.414623737,1,-4.073420048,1,-9.216334343,1,-0.760705471,1,0.030927118,1,0.49493897,1,0.332924902,0,-0.508211493,0,-1.167080879,0
106.3837662,-5.729971409,1,-3.863247871,1,-8.905833244,1,-0.726774812,1,0.015640479,1,0.502378106,1,0.328879505,0,-0.508797228,0,-1.164891243,0
106.3877792,-5.743973732,1,-3.66083765,1,-8.498346329,1,-0.717319071,1,0.026388276,1,0.512183666,1,0.324917614,0,-0.509360731,0,-1.16266191,0
106.3917694,-4.89221859,1,-3.082681656,1,-8.215228081,1,-0.703139067,1,0.023574438,1,0.52647531,1,0.320947677,0,-0.509934068,0,-1.160365939,0
106.3957672,-4.543749809,1,-2.879634142,1,-8.532925606,1,-0.69384557,1,0.016801376,1,0.523331821,1,0.317020118,0,-0.510528088,0,-1.15803659,0
106.399765,-4.5146451,1,-2.914888144,1,-8.532911301,1,-0.672297299,1,0.019202471,1,0.523981392,1,0.313172221,0,-0.511117518,0,-1.15572989,0
106.4037781,-4.45846796,1,-2.984274149,1,-8.485808372,1,-0.667075217,1,0.003615159,1,0.519095778,1,0.309371591,0,-0.511704445,0,-1.153434515,0
106.4077759,-4.560783386,1,-2.539522886,1,-8.445977211,1,-0.640074432,1,-0.008852847,1,0.495371163,1,0.305677533,0,-0.512327075,0,-1.151210904,0
106.4117661,-4.402424335,1,-1.734734058,1,-8.81518364,1,-0.59837991,1,-0.04230243,1,0.460523665,1,0.302181214,0,-0.512992084,0,-1.149150729,0
106.4157639,-4.500784397,1,-0.937191844,1,-9.124002457,1,-0.542077839,1,-0.059204631,1,0.424541146,1,0.298975289,0,-0.513713539,0,-1.14728713,0
106.4197617,-4.389744282,1,-0.638058364,1,-9.389935493,1,-0.492229581,1,-0.093947574,1,0.396433592,1,0.296073526,0,-0.514486015,0,-1.145586848,0
106.4237747,-4.341319561,1,-1.464462996,1,-9.40541935,1,-0.442284971,1,-0.117719397,1,0.375259638,1,0.29344663,0,-0.515344441,0,-1.144044995,0
106.4277725,-4.185771942,1,-2.325204611,1,-9.306488991,1,-0.415580571,1,-0.152224958,1,0.368981481,1,0.291008651,0,-0.516279876,0,-1.142600775,0
106.4317703,-3.847149372,1,-3.09624815,1,-8.869585991,1,-0.410113543,1,-0.198605984,1,0.37433812,1,0.288666606,0,-0.517368555,0,-1.141196609,0
106.4357605,-3.988493919,1,-3.068501472,1,-8.821497917,1,-0.410727382,1,-0.232407451,1,0.386396199,1,0.286327779,0,-0.518636167,0,-1.139790773,0
106.4397736,-4.254862785,1,-2.597372532,1,-8.872564316,1,-0.41119948,1,-0.262841851,1,0.393600494,1,0.230625182,0,-0.835635662,0,-1.686885715,0
106.4437714,-4.327069759,1,-2.015967607,1,-9.028820992,1,-0.394249648,1,-0.293299913,1,0.383457899,1,0.220598772,0,-0.836726069,0,-1.664131045,0
106.4477692,-4.726827621,1,-1.602255583,1,-9.005166054,1,-0.383446068,1,-0.312340438,1,0.3460536,1,0.217736438,0,-0.838227153,0,-1.662386298,0
106.451767,-5.139530659,1,-1.223779321,1,-9.036232948,1,-0.357372165,1,-0.319794744,1,0.29479453,1,0.21516338,0,-0.839738369,0,-1.660919666,0
106.4557571,-5.372396469,1,-0.773504674,1,-9.064800262,1,-0.31694147,1,-0.322262734,1,0.236815944,1,0.212948263,0,-0.841213703,0,-1.659770608,0
106.4597702,-5.161775589,1,-0.777711451,1,-8.968691826,1,-0.281169474,1,-0.320966154,1,0.187741399,1,0.211128607,0,-0.8426525,0,-1.658925772,0
106.463768,-4.91323185,1,-0.821098685,1,-9.019210815,1,-0.241963848,1,-0.325270891,1,0.138948604,1,0.20966965,0,-0.844050169,0,-1.658373952,0
106.4677658,-4.846848488,1,-0.538882136,1,-9.070695877,1,-0.204071537,1,-0.329340607,1,0.094788723,1,0.208576202,0,-0.845426798,0,-1.658106685,0
106.4717712,-4.966563702,1,-0.151613772,1,-9.066837311,1,-0.147922873,1,-0.342621207,1,0.058743723,1,0.207850292,0,-0.846802533,0,-1.658075213,0
106.4757767,-5.077014446,1,-0.084169351,1,-9.070220947,1,-0.091097176,1,-0.34344551,1,0.017492272,1,0.207526818,0,-0.848176897,0,-1.658286691,0
106.4797745,-5.037775517,1,-0.72316283,1,-9.076165199,1,-0.050610691,1,-0.357617289,1,-0.013071671,1,0.207579032,0,-0.849554777,0,-1.658713937,0
106.4837723,-4.739852428,1,-1.522035837,1,-8.82757473,1,-0.026505599,1,-0.363748848,1,-0.027534168,1,0.207878262,0,-0.850944519,0,-1.659301758,0
106.4877701,-4.598664761,1,-2.216573238,1,-8.755721092,1,-0.014571683,1,-0.363959789,1,-0.017556798,1,0.208253682,0,-0.852354646,0,-1.659902573,0
106.4917679,-4.483567715,1,-2.570391655,1,-8.638090134,1,-0.011148745,1,-0.376650274,1,0.008067245,1,0.20858638,0,-0.853793442,0,-1.660405993,0
106.4957657,-4.48409605,1,-3.149016857,1,-8.45364666,1,-0.024828065,1,-0.381145,1,0.043558724,1,0.208759055,0,-0.85528332,0,-1.660731316,0
106.4997711,-4.805240631,1,-3.349585772,1,-8.236600876,1,-0.041867077,1,-0.374782771,1,0.074038692,1,0.208719403,0,-0.85682267,0,-1.660854459,0
106.5037689,-4.662611485,1,-3.50167799,1,-8.092524529,1,-0.056570865,1,-0.372730911,1,0.108266063,1,0.208464086,0,-0.8583619,0,-1.660784245,0
106.5077667,-4.730914593,1,-3.496365547,1,-8.116597176,1,-0.087654375,1,-0.360786557,1,0.146143943,1,0.207956523,0,-0.859902561,0,-1.660487771,0
106.5117722,-4.83999157,1,-3.392379999,1,-8.091990471,1,-0.111412086,1,-0.357408613,1,0.180081606,1,0.207152516,0,-0.861447692,0,-1.659960628,0
106.51577,-4.720565796,1,-3.216286659,1,-8.041460037,1,-0.133257657,1,-0.348304331,1,0.196304083,1,0.206141368,0,-0.862978458,0,-1.659278274,0
106.5197678,-4.677203655,1,-2.673391581,1,-8.174777031,1,-0.137263894,1,-0.338780493,1,0.223106623,1,0.204953268,0,-0.864498317,0,-1.658430338,0
106.5237656,-4.380008698,1,-2.14469862,1,-8.392186165,1,-0.127741084,1,-0.341223896,1,0.23738423,1,0.20367977,0,-0.866010368,0,-1.657460809,0
106.5277634,-4.274931431,1,-1.917930722,1,-8.704900742,1,-0.116943911,1,-0.35659641,1,0.253500313,1,0.202389881,0,-0.867575467,0,-1.656407118,0
106.5317612,-4.403664589,1,-2.067627668,1,-8.956692696,1,-0.112733662,1,-0.387669712,1,0.268701196,1,0.201092213,0,-0.869245172,0,-1.655310392,0
106.5357666,-4.349104881,1,-2.341867447,1,-8.819543839,1,-0.106105499,1,-0.420241177,1,0.278665632,1,0.199751258,0,-0.87104404,0,-1.654146314,0
106.5397644,-4.688454151,1,-2.542708635,1,-8.733381271,1,-0.10588856,1,-0.441429347,1,0.289444953,1,0.198405132,0,-0.872957885,0,-1.652943015,0
106.5437622,-4.453025341,1,-2.732724667,1,-8.794937134,1,-0.099549711,1,-0.46162951,1,0.308924258,1,0.197020859,0,-0.874955177,0,-1.651665092,0
106.5477676,-4.203767776,1,-2.895473242,1,-9.057038307,1,-0.129333645,1,-0.510264277,1,0.327266574,1,0.195508644,0,-0.877112508,0,-1.650288582,0
106.5517654,-4.401093006,1,-2.024975538,1,-8.888999939,1,-0.129443288,1,-0.540862501,1,0.337265849,1,0.193892419,0,-0.879432201,0,-1.648882985,0
106.5557632,-4.438907146,1,-1.623898506,1,-8.912498474,1,-0.083457828,1,-0.562378764,1,0.34605667,1,0.19235827,0,-0.881858289,0,-1.647444248,0
106.559761,-4.481793404,1,-1.990274191,1,-9.057598114,1,-0.083082452,1,-0.601731241,1,0.36761421,1,0.190864429,0,-0.884410024,0,-1.645933032,0
106.5637589,-4.509707928,1,-1.901391745,1,-9.008999825,1,-0.068189934,1,-0.645965993,1,0.362797201,1,0.189371094,0,-0.88713789,0,-1.644397736,0
106.5677567,-4.385115623,1,-1.945908308,1,-9.013136864,1,-0.053905971,1,-0.68852061,1,0.380278409,1,0.187961519,0,-0.890034676,0,-1.642871022,0
106.5717621,-4.7391572,1,-1.798454642,1,-8.999160767,1,-0.057396077,1,-0.717376232,1,0.380786091,1,0.186526984,0,-0.893083036,0,-1.64133358,0
106.5757599,-4.727556705,1,-1.825685859,1,-8.986058235,1,-0.050289065,1,-0.759759963,1,0.381609261,1,0.185114369,0,-0.896269083,0,-1.639799356,0
106.5797577,-4.59214592,1,-1.988449693,1,-8.800477982,1,-0.028353812,1,-0.79196614,1,0.387284458,1,0.183803156,0,-0.89960587,0,-1.638296247,0
106.5837555,-4.655508518,1,-1.93215096,1,-8.864058495,1,-0.03675773,1,-0.823871672,1,0.393562227,1,0.182476014,0,-0.9030689,0,-1.636764884,0
106.5877533,-5.02259016,1,-1.627967119,1,-9.015864372,1,-0.011132839,1,-0.853621781,1,0.391818523,1,0.181174546,0,-0.906645238,0,-1.635243535,0
106.5917587,-4.700560093,1,-1.744362235,1,-8.665999413,1,-0.00131408,1,-0.878200114,1,0.396463305,1,0.179951951,0,-0.910324395,0,-1.633727193,0
106.5957642,-5.00051403,1,-1.763444543,1,-8.622790337,1,0.000413886,1,-0.901578546,1,0.399092376,1,0.178731874,0,-0.914120317,0,-1.632187843,0
106.599762,-4.964912891,1,-1.694950223,1,-8.505570412,1,0.001627939,1,-0.927448273,1,0.403918684,1,0.177514225,0,-0.918005228,0,-1.630654573,0
106.6037598,-5.26530838,1,-1.72739017,1,-8.545163155,1,0.013950803,1,-0.947673202,1,0.407096773,1,0.176321805,0,-0.92198354,0,-1.62911272,0
106.6077652,-5.077880383,1,-1.924603701,1,-8.343336105,1,0.00156335,1,-0.962298274,1,0.406988978,1,0.175112426,0,-0.926029265,0,-1.627557755,0
106.611763,-5.124019146,1,-1.963486791,1,-8.250607491,1,-0.00900552,1,-0.983480513,1,0.408945948,1,0.173848823,0,-0.930139899,0,-1.625994325,0
106.6157608,-5.286098003,1,-1.864702702,1,-8.299224854,1,-0.008233258,1,-0.999721229,1,0.412489325,1,0.172572583,0,-0.934333801,0,-1.624445319,0
106.6197586,-5.179698944,1,-1.907854199,1,-8.29857254,1,-0.013558598,1,-1.01461041,1,0.414179057,1,0.171255305,0,-0.938578427,0,-1.622864127,0
106.6237564,-5.280938625,1,-1.751873732,1,-8.366774559,1,-0.016360119,1,-1.039195061,1,0.413212419,1,0.169904038,0,-0.942908823,0,-1.62127614,0
106.6277542,-5.411480904,1,-1.778420687,1,-8.397109032,1,-0.00329619,1,-1.056131363,1,0.419477969,1,0.168568194,0,-0.947315454,0,-1.619679809,0
106.6317596,-4.97739315,1,-1.785327435,1,-8.293072701,1,0.000806385,1,-1.075898886,1,0.421699107,1,0.167229757,0,-0.951793969,0,-1.618045568,0
106.6357574,-5.223727226,1,-1.810306311,1,-8.373743057,1,0.010457227,1,-1.09664309,1,0.424331665,1,0.16591242,0,-0.956354201,0,-1.616408825,0
106.6397552,-5.220100403,1,-1.81757164,1,-8.374132156,1,0.016235013,1,-1.116250277,1,0.431726694,1,0.164593831,0,-0.960998237,0,-1.614734173,0
106.6437607,-5.373470783,1,-1.797997713,1,-8.244123459,1,0.028545311,1,-1.133090973,1,0.44184956,1,0.163257569,0,-0.965726018,0,-1.6130023,0
106.6477585,-5.440111637,1,-1.751283169,1,-8.217624664,1,0.035775147,1,-1.15164113,1,0.444800228,1,0.161924139,0,-0.970522523,0,-1.611233234,0
106.6517563,-5.477192402,1,-1.797693491,1,-8.113928795,1,0.040225551,1,-1.169090152,1,0.451163679,1,0.16057083,0,-0.975393176,0,-1.609409213,0
106.6557541,-5.595667362,1,-1.882465959,1,-8.163539886,1,0.037714832,1,-1.18972981,1,0.461161017,1,0.159175098,0,-0.980341077,0,-1.60753262,0
106.6597519,-5.556614399,1,-1.652694583,1,-8.054456711,1,0.039917372,1,-1.201022029,1,0.464035273,1,0.157730445,0,-0.985341787,0,-1.605613828,0
106.6637497,-5.604876041,1,-1.677907586,1,-7.941756248,1,0.041429177,1,-1.219379187,1,0.470758885,1,0.156241804,0,-0.990416467,0,-1.603637695,0
106.6677551,-5.678142071,1,-1.708601952,1,-8.025263786,1,0.041515119,1,-1.240970016,1,0.470068187,1,0.154713929,0,-0.995570064,0,-1.601618528,0
106.6717529,-5.593482018,1,-1.567295909,1,-8.0281353,1,0.045953117,1,-1.252038717,1,0.476900637,1,0.153150469,0,-1.000780344,0,-1.599558592,0
106.6757507,-5.683001995,1,-1.485079408,1,-8.139450073,1,0.054465532,1,-1.264059663,1,0.48606953,1,0.151577324,0,-1.006045818,0,-1.597454429,0
106.6797562,-5.461015224,1,-1.64490521,1,-8.030938148,1,0.059733242,1,-1.290004969,1,0.495301425,1,0.149957016,0,-1.011384368,0,-1.595268607,0
106.683754,-5.569085598,1,-2.040878773,1,-7.933969021,1,0.046834446,1,-1.315926552,1,0.512119472,1,0.148218974,0,-1.016827226,0,-1.592970371,0
106.6877518,-5.847282887,1,-2.304775953,1,-8.010130882,1,0.022851616,1,-1.338329077,1,0.530385613,1,0.146281794,0,-1.022384524,0,-1.590523958,0
106.6917496,-5.685835361,1,-2.337221146,1,-7.969404221,1,0.00142438,1,-1.358440638,1,0.554246783,1,0.158569813,0,-0.914144874,0,-1.569890499,0
106.6957474,-5.61426115,1,-2.285923004,1,-7.960080624,1,-0.003322637,1,-1.392682314,1,0.577464819,1,0.156767607,0,-0.919938564,0,-1.567630529,0
106.6997528,-5.760410309,1,-2.405333042,1,-7.93780899,1,-0.008450549,1,-1.425407887,1,0.610073924,1,0.154806137,0,-0.925886214,0,-1.565201521,0
106.7037506,-5.850856781,1,-2.697290182,1,-7.787473679,1,-0.021524206,1,-1.451338053,1,0.642659247,1,0.152625784,0,-0.931942046,0,-1.562546492,0
106.7077484,-5.743391991,1,-2.867527962,1,-7.781873226,1,-0.042760402,1,-1.480238438,1,0.675193608,1,0.150161862,0,-0.938135326,0,-1.559646964,0
106.7117538,-5.737957001,1,-2.86626029,1,-7.770520687,1,-0.070873678,1,-1.514921308,1,0.713648975,1,0.1473995,0,-0.944479406,0,-1.556510568,0
106.7157593,-5.723340034,1,-2.656599283,1,-7.755287647,1,-0.095901929,1,-1.546045303,1,0.751587033,1,0.144283637,0,-0.950972319,0,-1.553083062,0
106.7197571,-5.732291222,1,-2.543217421,1,-7.766669273,1,-0.114085726,1,-1.584252715,1,0.785239458,1,0.140834197,0,-0.957613766,0,-1.549359322,0
106.7237549,-5.836942196,1,-2.431815147,1,-7.737935066,1,-0.132283092,1,-1.614570975,1,0.812363267,1,0.137075856,0,-0.964385629,0,-1.545371056,0
106.7277527,-5.95925045,1,-2.332899332,1,-7.883430004,1,-0.15672341,1,-1.652487397,1,0.838676333,1,0.133042082,0,-0.971304774,0,-1.54117322,0
106.7317505,-6.161323547,1,-2.338608503,1,-8.028169632,1,-0.189104497,1,-1.683665752,1,0.856072366,1,0.128696367,0,-0.978361249,0,-1.536754489,0
106.7357483,-5.88424015,1,-2.232099533,1,-8.038814545,1,-0.22695592,1,-1.733374,1,0.877238572,1,0.124009259,0,-0.985580683,0,-1.532116532,0
106.7397537,-5.715201378,1,-2.276833534,1,-8.154462814,1,-0.261298358,1,-1.783153415,1,0.885020494,1,0.119002424,0,-0.992991924,0,-1.527288914,0
106.7437515,-5.726057053,1,-1.96399343,1,-8.121105194,1,-0.281587839,1,-1.854045033,1,0.917029083,1,0.113725223,0,-1.000626445,0,-1.522292137,0
106.7477493,-5.830677032,1,-2.143715858,1,-8.345757484,1,-0.30867967,1,-1.922333837,1,0.932309568,1,0.108041726,0,-1.00854969,0,-1.516967535,0
106.7517548,-5.720679283,1,-1.987852335,1,-8.37316227,1,-0.329379022,1,-1.99406004,1,0.968500733,1,0.10202378,0,-1.016728044,0,-1.511372685,0
106.7557526,-5.679029942,1,-2.076593399,1,-8.4243927,1,-0.344590902,1,-2.073195457,1,0.994189858,1,0.095614865,0,-1.025200486,0,-1.505438805,0
106.7597504,-5.765545845,1,-1.897813201,1,-8.514810562,1,-0.367602706,1,-2.165751696,1,1.016757846,1,0.088830352,0,-1.034017563,0,-1.49919045,0
106.7637482,-5.59231329,1,-1.926603913,1,-8.607336044,1,-0.396214962,1,-2.257998228,1,1.050042748,1,0.081587479,0,-1.043176889,0,-1.492565751,0
106.767746,-5.434490204,1,-1.757820964,1,-8.69540596,1,-0.418914616,1,-2.358090162,1,1.072866678,1,0.073868744,0,-1.052708387,0,-1.48553741,0
106.7717438,-5.422327518,1,-1.61398387,1,-8.901586533,1,-0.436747402,1,-2.484225273,1,1.097469091,1,0.065662935,0,-1.062663555,0,-1.478082776,0
106.7757492,-5.58241415,1,-1.508312464,1,-8.91269207,1,-0.444217592,1,-2.591979504,1,1.119317889,1,0.056962524,0,-1.073058486,0,-1.47017169,0
106.779747,-5.357336044,1,-1.487989664,1,-8.9658041,1,-0.45650965,1,-2.726600647,1,1.154168606,1,0.047712147,0,-1.083906531,0,-1.461722255,0
106.7837448,-5.594470024,1,-1.474312425,1,-9.105923653,1,-0.45393461,1,-2.863767624,1,1.19801414,1,0.037819378,0,-1.095282316,0,-1.45261085,0
106.7877502,-5.481066704,1,-1.716443658,1,-9.332486153,1,-0.458562881,1,-3.011894703,1,1.234345555,1,0.027194595,0,-1.107175708,0,-1.442737937,0
106.791748,-5.471557617,1,-2.01750493,1,-9.388936043,1,-0.479164124,1,-3.176321983,1,1.289551139,1,0.015600921,0,-1.119666696,0,-1.431903124,0
106.7957459,-5.360908508,1,-2.694917202,1,-10.54084492,1,-0.532278061,1,-3.337981939,1,1.344959736,1,0.002784198,0,-1.132737279,0,-1.419905424,0
106.7997437,-0.264210105,1,2.749966145,1,-7.332828045,1,-0.315030009,1,-3.66715312,1,1.401055217,1,-0.010801724,0,-1.146214724,0,-1.407252431,0
106.8037415,-7.664881706,1,-0.213608846,1,-12.005126,1,-0.341210723,1,-3.803071022,1,1.456619501,1,-0.025848338,0,-1.161380291,0,-1.392289877,0
106.8077469,-8.129684448,1,-3.942498207,1,-10.25181103,1,-0.376725882,1,-3.945940971,1,1.555830598,1,-0.042695101,0,-1.17661798,0,-1.375478745,0
106.8117447,-3.538218975,1,-4.158504009,1,-11.13707352,1,-0.452544361,1,-4.269527435,1,1.552698374,1,-0.061724808,0,-1.192653775,0,-1.356763363,0
106.8157425,-3.872702122,1,-2.082632065,1,-12.71853733,1,-0.460242093,1,-4.581177235,1,1.647829533,1,-0.083370879,0,-1.209874868,0,-1.335534453,0
106.8197403,-6.070130348,1,-1.886485338,1,-13.38255024,1,-0.429502636,1,-4.833073616,1,1.720454335,1,-0.108349122,0,-1.227983117,0,-1.310808301,0
106.8237457,-6.860507488,1,-3.381350279,1,-13.69560909,1,-0.453222245,1,-5.083785534,1,1.773590803,1,-0.137139946,0,-1.246815443,0,-1.282195807,0
106.8277435,-8.110642433,1,-5.701806068,1,-13.84770966,1,-0.571219265,1,-5.317232132,1,1.851694584,1,-0.170953676,0,-1.266275644,0,-1.248776436,0
106.8317413,-8.492684364,1,-7.966887951,1,-13.94775009,1,-0.793454409,1,-5.525190353,1,1.982401609,1,-0.212080523,0,-1.286113977,0,-1.208634138,0
106.8357468,-8.418544769,1,-9.270878792,1,-13.95283413,1,-1.055938721,1,-5.739239216,1,2.167525768,1,-0.26315853,0,-1.306074381,0,-1.159413576,0
106.8397522,-9.999685287,1,-10.01682949,1,-14.00856304,1,-1.362801075,1,-5.94037199,1,2.412545919,1,-0.327707231,0,-1.325801492,0,-1.097711802,0
106.84375,-12.96889496,1,-9.981446266,1,-14.2310009,1,-1.642521977,1,-6.041162014,1,2.635068178,1,-0.409065127,0,-1.344558716,0,-1.020254612,0
106.8477554,-17.47947311,1,-10.88476753,1,-14.08028316,1,-1.869373202,1,-5.9379673,1,2.831030369,1,-0.508319318,0,-1.361269236,0,-0.925798297,0
106.8517532,-13.21319866,1,-11.582201,1,-13.45560551,1,-2.150523424,1,-5.892763615,1,3.081203699,1,-0.62662524,0,-1.374835014,0,-0.813239515,0
106.855751,-12.3693676,1,-11.60511684,1,-13.89759636,1,-2.465291262,1,-6.037503719,1,3.361147881,1,-0.766156077,0,-1.384901643,0,-0.680509746,0
106.8597488,-13.1013546,1,-9.701569557,1,-14.66814709,1,-2.709346056,1,-6.082148075,1,3.522435665,1,-0.924334884,0,-1.390661478,0,-0.530253172,0
106.8637466,-15.89872456,1,-7.067211628,1,-15.59930325,1,-2.756898403,1,-6.057743073,1,3.548377275,1,-1.090231419,0,-1.391732216,0,-0.372790664,0
106.8677444,-15.35486507,1,-5.932219505,1,-15.02557373,1,-2.708468676,1,-6.056583881,1,3.602385283,1,-1.253552675,0,-1.387905836,0,-0.217893824,0
106.8717499,-18.89681244,1,-6.07606411,1,-14.94759083,1,-2.639208794,1,-5.956575394,1,3.610672235,1,-1.406074882,0,-1.379644275,0,-0.073544435,0
106.8757477,-19.9425106,1,-6.388877392,1,-14.25663185,1,-2.611130953,1,-5.762184143,1,3.606497526,1,-1.540487647,0,-1.367522359,0,0.052815162,0
106.8797455,-18.89884758,1,-8.604553223,1,-12.64969063,1,-2.654025793,1,-5.660479546,1,3.668314695,1,-1.6558218,0,-1.352372885,0,0.16002965,0
106.8837509,-18.82224846,1,-9.032779694,1,-11.372859,1,-2.812864304,1,-5.530567169,1,3.799115181,1,-1.754013062,0,-1.334555745,0,0.249598399,0
106.8877487,-18.39879227,1,-7.493311405,1,-12.33605385,1,-2.943539143,1,-5.422329426,1,3.780659676,1,-1.837068796,0,-1.314817071,0,0.323340505,0
106.8917465,-17.80401802,1,-6.073423862,1,-10.31798363,1,-2.913761854,1,-5.31020546,1,3.665454388,1,-1.907802224,0,-1.294234514,0,0.384426594,0
106.8957443,-15.80666256,1,-5.899262428,1,-9.436821938,1,-2.791302681,1,-5.275863647,1,3.739727497,1,-1.968250275,0,-1.272823811,0,0.435583353,0
106.8997421,-14.45323086,1,-4.169659138,1,-9.9053936,1,-2.69618392,1,-5.108759403,1,3.744400501,1,-2.019347191,0,-1.250571251,0,0.477680534,0
106.9037476,-10.45694542,1,-2.363108158,1,-8.951828957,1,-2.520279884,1,-4.846571445,1,3.647369146,1,-2.06202507,0,-1.22836709,0,0.511751652,0
106.9077454,-5.867375851,1,-2.011104107,1,-8.642524719,1,-2.260948181,1,-4.529281616,1,3.582159996,1,-2.096957207,0,-1.206599236,0,0.538761079,0
106.9117432,-5.74737978,1,-2.148846626,1,-8.862090111,1,-1.945249438,1,-4.26168108,1,3.557664871,1,-2.125019312,0,-1.185334206,0,0.559866369,0
106.915741,-9.59493351,1,-1.585805774,1,-10.29873657,1,-1.568424463,1,-4.031703949,1,3.473409891,1,-2.147497654,0,-1.164512634,0,0.576591253,0
106.9197464,-13.87004852,1,-1.661042094,1,-11.22994041,1,-1.07841599,1,-3.65393877,1,3.256398916,1,-2.164969206,0,-1.144765139,0,0.589912534,0
106.9237442,-16.77413368,1,-1.125416279,1,-11.03729916,1,-0.675338328,1,-3.268686533,1,2.986275911,1,-2.177837849,0,-1.126615286,0,0.600248694,0
106.927742,-27.90037155,1,1.695418715,1,-12.82749748,1,-0.16744867,1,-2.828625202,1,2.740078688,1,-2.186705828,0,-1.110209942,0,0.60819006,0
106.9317398,-32.59561539,1,-1.332709908,1,-16.54186249,1,0.184661612,1,-1.827975512,1,2.401330948,1,-2.189996719,0,-1.096349478,0,0.612036884,0
106.9357376,-22.38276863,1,-5.132709026,1,-16.85711479,1,0.266896605,1,-0.770160854,1,2.114004374,1,-2.187052011,0,-1.08600986,0,0.609755337,0
106.939743,-13.10186577,1,-8.130480766,1,-13.54824162,1,0.339916795,1,-0.075646654,1,1.765692949,1,-2.179902077,0,-1.078757405,0,0.603028297,0
106.9437408,-9.704992294,1,-10.12516212,1,-11.19618607,1,0.364781141,1,0.34640795,1,1.519200921,1,-2.150800467,0,-1.067180037,0,0.595752835,0
106.9477386,-10.16765404,1,-10.92532921,1,-11.10936832,1,0.218511522,1,0.706953704,1,1.336089253,1,-2.140789509,0,-1.063536644,0,0.585693598,0
106.9517365,-10.40476322,1,-10.97053337,1,-11.38551331,1,-0.085082099,1,1.073667288,1,1.205769897,1,-2.130224705,0,-1.061157107,0,0.573933184,0
106.9557419,-8.048599243,1,-10.89047146,1,-10.81243896,1,-0.427000225,1,1.371229529,1,1.092344642,1,-2.119472742,0,-1.05984807,0,0.560434937,0
106.9597473,-5.562226772,1,-10.40113735,1,-9.706695557,1,-0.713922918,1,1.539087653,1,0.979118347,1,-2.109032631,0,-1.059329629,0,0.545817614,0
106.9637451,-4.10795927,1,-9.636884689,1,-8.722517967,1,-0.90673238,1,1.639937758,1,0.864298224,1,-2.099184275,0,-1.059387565,0,0.530785918,0
106.9677505,-2.798504353,1,-8.661745071,1,-7.946564674,1,-1.04054153,1,1.694408774,1,0.750504792,1,-2.089902878,0,-1.059930444,0,0.51566875,0
106.9717484,-1.588727117,1,-7.819587231,1,-7.380850315,1,-1.136994123,1,1.745415211,1,0.624001145,1,-2.081159592,0,-1.060925841,0,0.500644684,0
106.9757462,-0.667035282,1,-7.044043541,1,-6.909677505,1,-1.189567208,1,1.764097452,1,0.509995103,1,-2.072853327,0,-1.062342882,0,0.485787064,0
106.9797516,-0.281350344,1,-6.509009838,1,-6.593809128,1,-1.191190124,1,1.76808691,1,0.377435654,1,-2.064947605,0,-1.064148068,0,0.471274704,0
106.9837494,-0.230413929,1,-6.116618633,1,-6.338536739,1,-1.160333395,1,1.762919307,1,0.241356343,1,-2.057355881,0,-1.066380978,0,0.45720461,0
106.9877472,-0.286763191,1,-5.874243736,1,-6.081763744,1,-1.109214664,1,1.762669325,1,0.104544617,1,-2.049971104,0,-1.06903851,0,0.443584442,0
106.991745,-0.245903224,1,-5.867593288,1,-5.819687366,1,-1.054663181,1,1.775632262,1,-0.020337388,1,-2.042651415,0,-1.072131634,0,0.430320799,0
106.9957428,-0.374277294,1,-6.013365746,1,-5.608500481,1,-1.00606966,1,1.808709145,1,-0.137330309,1,-2.035244226,0,-1.075642467,0,0.417213023,0
106.9997406,-0.645391822,1,-6.319888115,1,-5.443855762,1,-0.971789777,1,1.860460997,1,-0.250355929,1,-2.027627468,0,-1.079606295,0,0.404077262,0
107.003746,-1.024759889,1,-6.602034569,1,-5.306952477,1,-0.955856919,1,1.935803652,1,-0.366467804,1,-2.019661427,0,-1.084046006,0,0.390691221,0
107.0077438,-1.264159918,1,-6.892817497,1,-5.139987946,1,-0.952199042,1,2.045012474,1,-0.471686631,1,-2.011193991,0,-1.088975906,0,0.376814783,0
107.0117416,-1.500302196,1,-7.015136242,1,-5.085977554,1,-0.959569573,1,2.159396887,1,-0.573070109,1,-2.002058506,0,-1.094419003,0,0.362211972,0
107.0157471,-1.689317465,1,-7.06578207,1,-5.030928135,1,-0.981046259,1,2.28465867,1,-0.667638183,1,-1.992141962,0,-1.100349188,0,0.346712887,0
107.0197449,-1.737547636,1,-7.030667782,1,-4.947669983,1,-1.003413916,1,2.412935734,1,-0.763851285,1,-1.98137331,0,-1.106761098,0,0.330204397,0
107.0237427,-1.785813451,1,-6.843677998,1,-4.902248383,1,-1.018921733,1,2.541368008,1,-0.854471266,1,-1.969649434,0,-1.113647938,0,0.312599599,0
107.0277405,-1.837381959,1,-6.635522366,1,-4.92719841,1,-1.023105979,1,2.656921148,1,-0.958185792,1,-1.956858158,0,-1.120976567,0,0.293823123,0
107.0317383,-1.962494016,1,-6.492208958,1,-4.924734592,1,-1.019221663,1,2.76872611,1,-1.057840824,1,-1.942976117,0,-1.128738761,0,0.273900867,0
107.0357361,-2.274980545,1,-6.324700832,1,-4.93499136,1,-0.998762846,1,2.883268833,1,-1.159633279,1,-1.927855134,0,-1.13691473,0,0.252749622,0
107.0397415,-2.723059654,1,-6.248449802,1,-4.905391216,1,-0.968639672,1,2.997389555,1,-1.265452027,1,-1.911283851,0,-1.145494938,0,0.230192736,0
107.0437393,-3.256006956,1,-6.282047272,1,-4.981834412,1,-0.943652272,1,3.124194145,1,-1.371484637,1,-1.893077731,0,-1.154460192,0,0.206062168,0
107.0477371,-3.827881098,1,-6.31994772,1,-5.048368931,1,-0.912832618,1,3.261193037,1,-1.484696031,1,-1.87297821,0,-1.163810849,0,0.18008323,0
107.0517426,-4.422904015,1,-6.317287445,1,-5.111593246,1,-0.881385267,1,3.422592163,1,-1.599654198,1,-1.850601196,0,-1.17355907,0,0.151867434,0
107.0557404,-4.965109348,1,-6.350474834,1,-5.186555862,1,-0.850453854,1,3.596991777,1,-1.726008058,1,-1.825590491,0,-1.183681607,0,0.121045828,0
107.0597382,-5.288928986,1,-6.293960094,1,-5.194411278,1,-0.822998822,1,3.771698475,1,-1.844963431,1,-1.797561407,0,-1.194132924,0,0.087230042,0
107.063736,-5.701513767,1,-6.176586151,1,-5.160270691,1,-0.786970139,1,3.949558258,1,-1.962956071,1,-1.766113877,0,-1.20481658,0,0.050026491,0
107.0677338,-5.917128086,1,-6.096591949,1,-5.157597065,1,-0.746915996,1,4.114703655,1,-2.071958065,1,-1.730875373,0,-1.215614676,0,0.009074487,0
107.0717316,-6.216037273,1,-5.896072388,1,-5.211809635,1,-0.694745719,1,4.284674644,1,-2.19473958,1,-1.69141078,0,-1.226426601,0,-0.035999458,0
107.0757446,-6.25416708,1,-5.701194763,1,-5.225561619,1,-0.638279498,1,4.438746929,1,-2.303076267,1,-1.647334695,0,-1.237093806,0,-0.085566074,0
107.0797424,-6.375389576,1,-5.461800098,1,-5.222129345,1,-0.570306361,1,4.586856842,1,-2.419597864,1,-1.598291993,0,-1.247462034,0,-0.139938042,0
107.0837479,-6.715901375,1,-5.252848148,1,-5.209630489,1,-0.497643769,1,4.721160889,1,-2.524336815,1,-1.543976188,0,-1.257363796,0,-0.199371323,0
107.0877457,-6.8189888,1,-5.161924362,1,-5.137340069,1,-0.421111643,1,4.853225708,1,-2.639414787,1,-1.484048009,0,-1.266598821,0,-0.264202029,0
107.0917435,-6.859069824,1,-5.151272297,1,-5.096140862,1,-0.353178799,1,4.966126442,1,-2.744572878,1,-1.418391943,0,-1.274952054,0,-0.334550977,0
107.0957413,-6.852702618,1,-5.200156689,1,-4.981167316,1,-0.292985618,1,5.069558144,1,-2.84354949,1,-1.347168207,0,-1.282188535,0,-0.410262823,0
107.0997467,-6.874176502,1,-5.279231071,1,-4.934423923,1,-0.244534999,1,5.147816181,1,-2.928183556,1,-1.270854712,0,-1.288057566,0,-0.490913689,0
107.1037445,-6.813746452,1,-5.407919884,1,-4.832028389,1,-0.214048997,1,5.219822884,1,-3.004013538,1,-1.190183043,0,-1.292330384,0,-0.575814068,0
107.1077423,-6.822957993,1,-5.592372417,1,-4.851502895,1,-0.185766593,1,5.270154953,1,-3.063021421,1,-1.106193185,0,-1.294790387,0,-0.663957119,0
107.1117401,-6.741597652,1,-5.617747784,1,-4.829939842,1,-0.167621985,1,5.315323353,1,-3.104385614,1,-1.020298958,0,-1.295281172,0,-0.753949225,0
107.1157379,-6.763771534,1,-5.644919395,1,-4.804620743,1,-0.14764446,1,5.340147972,1,-3.136666775,1,-0.933966875,0,-1.293704867,0,-0.844332933,0
107.1197433,-6.828910828,1,-5.540019512,1,-4.883060932,1,-0.120387062,1,5.354218483,1,-3.156270981,1,-0.848786891,0,-1.290056109,0,-0.933487356,0
107.1237412,-6.99981308,1,-5.335121632,1,-4.902650833,1,-0.084451176,1,5.359136581,1,-3.166152954,1,-0.766045094,0,-1.284373283,0,-1.020096183,0
107.127739,-7.118697643,1,-5.248985291,1,-4.928555965,1,-0.041633267,1,5.357778549,1,-3.173480749,1,-0.686882973,0,-1.276774168,0,-1.102969289,0
107.1317368,-7.349688053,1,-5.157864571,1,-5.086868286,1,0.013734011,1,5.355559349,1,-3.171990156,1,-0.611991048,0,-1.267379045,0,-1.181381345,0
107.1357498,-7.637691975,1,-5.078540802,1,-5.174785614,1,0.088479303,1,5.360223293,1,-3.175746202,1,-0.541813195,0,-1.256340981,0,-1.254829049,0
107.13974,-7.92770052,1,-5.071169376,1,-5.35853672,1,0.17118831,1,5.36175251,1,-3.174217224,1,-0.476427376,0,-1.243804336,0,-1.32317996,0
107.1437378,-8.279387474,1,-5.037764072,1,-5.586857319,1,0.265797734,1,5.373734951,1,-3.175871372,1,-0.41579923,0,-1.229913712,0,-1.38642621,0
107.1477356,-8.757853508,1,-4.995007515,1,-5.809066296,1,0.368017673,1,5.389586449,1,-3.184589624,1,-0.359708399,0,-1.21478951,0,-1.44475019,0
107.1517334,-9.137040138,1,-5.087719917,1,-6.018768787,1,0.471304774,1,5.421806335,1,-3.18905735,1,-0.307866573,0,-1.198527455,0,-1.498429775,0
107.1557465,-9.508918762,1,-5.164056301,1,-6.300728798,1,0.585385442,1,5.457738876,1,-3.19317174,1,-0.259941667,0,-1.181219816,0,-1.547779799,0
107.1597366,-9.749949455,1,-5.348980427,1,-6.419027328,1,0.697201908,1,5.48372221,1,-3.203886986,1,-0.215584114,0,-1.162965655,0,-1.593120694,0
107.1637344,-10.04397011,1,-5.443143368,1,-6.662344456,1,0.804469466,1,5.511386395,1,-3.221481323,1,-0.174547926,0,-1.143880129,0,-1.634720325,0
107.1677322,-10.25281048,1,-5.600342751,1,-6.928184509,1,0.905012548,1,5.535135269,1,-3.236087799,1,-0.136473835,0,-1.124049306,0,-1.672955394,0
107.1717453,-10.37475395,1,-5.71002388,1,-7.165398598,1,1.016112924,1,5.552089214,1,-3.253616095,1,-0.101062506,0,-1.103562951,0,-1.708137393,0
107.1757431,-10.54896641,1,-5.894770622,1,-7.326425552,1,1.112486243,1,5.563184738,1,-3.268154144,1,-0.068084188,0,-1.082515597,0,-1.740484118,0
107.1797333,-10.68462276,1,-6.10047102,1,-7.443326473,1,1.206548333,1,5.555518627,1,-3.289028406,1,-0.037263311,0,-1.06099689,0,-1.770305395,0
107.1837311,-10.9016037,1,-6.229132175,1,-7.639081478,1,1.298817396,1,5.549193382,1,-3.313312292,1,-0.008361873,0,-1.039097905,0,-1.797836185,0
107.1877289,-11.07159615,1,-6.415112019,1,-7.867902279,1,1.396091223,1,5.531103134,1,-3.339397669,1,0.01888979,0,-1.016869068,0,-1.823359013,0
107.1917419,-11.3032856,1,-6.587949276,1,-8.122250557,1,1.487848997,1,5.494127274,1,-3.372960091,1,0.041463159,0,-0.996054769,0,-1.827931404,0
107.1957474,-11.67850685,1,-6.802314281,1,-8.461953163,1,1.578732491,1,5.459805489,1,-3.418413639,1,0.066252388,0,-0.973436952,0,-1.850323439,0
107.1997528,-12.20048428,1,-7.011528015,1,-8.898062706,1,1.664286137,1,5.416605949,1,-3.478569031,1,0.090034649,0,-0.950677514,0,-1.871399641,0
107.2037506,-12.84916782,1,-7.308411121,1,-9.334205627,1,1.753011584,1,5.376317024,1,-3.541974068,1,0.112957433,0,-0.927779734,0,-1.891337395,0
107.2077484,-13.81484318,1,-7.653530121,1,-9.846066475,1,1.8422153,1,5.341903687,1,-3.619816542,1,0.135201648,0,-0.904732108,0,-1.910321355,0
107.2117462,-15.08408356,1,-8.133192062,1,-10.42247772,1,1.925406933,1,5.32756567,1,-3.724477053,1,0.156923264,0,-0.881485224,0,-1.928532124,0
107.2157516,-16.50750732,1,-8.584848404,1,-11.03714657,1,1.996809602,1,5.329572201,1,-3.851658344,1,0.178258732,0,-0.857944429,0,-1.946184397,0
107.2197495,-18.03439522,1,-9.032627106,1,-11.63288021,1,2.050707579,1,5.350976467,1,-4.014469624,1,0.199269071,0,-0.834002078,0,-1.963432908,0
107.2237473,-19.47200203,1,-9.559597015,1,-12.19302368,1,2.096252203,1,5.381314278,1,-4.194766045,1,0.220035627,0,-0.809584677,0,-1.980456352,0
107.2277451,-20.80931091,1,-9.949629784,1,-12.60868168,1,2.112630844,1,5.4052701,1,-4.405618668,1,0.240562245,0,-0.784656048,0,-1.99737215,0
107.2317505,-22.279953,1,-10.24689293,1,-12.79179001,1,2.120543242,1,5.419454098,1,-4.626801968,1,0.260831833,0,-0.759200871,0,-2.014285088,0
107.2357483,-23.73028183,1,-10.21420002,1,-12.8303194,1,2.109672785,1,5.421316624,1,-4.858080864,1,0.280821204,0,-0.733231246,0,-2.03126502,0
107.2397461,-25.00475311,1,-9.932637215,1,-12.57864761,1,2.104663134,1,5.402204037,1,-5.094481945,1,0.300543249,0,-0.706779718,0,-2.048369408,0
107.2437439,-26.08350372,1,-9.233393669,1,-11.90104485,1,2.114225626,1,5.355594635,1,-5.313583851,1,0.319990933,0,-0.679918408,0,-2.065594673,0
107.2477417,-26.31492615,1,-5.284743309,1,-10.49734688,1,2.153046608,1,5.273386478,1,-5.577911854,1,0.339269996,0,-0.652732074,0,-2.082996368,0
107.2517471,-23.38915062,1,2.705727577,1,-11.83674145,1,2.3685987,1,4.956044674,1,-5.892777443,1,0.359150589,0,-0.625606835,0,-2.101191044,0
107.2557449,-22.59445953,1,0.667317569,1,-10.64015388,1,2.606576204,1,4.666696548,1,-6.086237431,1,0.379907489,0,-0.599039614,0,-2.12003231,0
107.2597427,-24.65439606,1,0.554296196,1,-8.658308029,1,2.953909874,1,4.461915493,1,-6.189795017,1,0.401501119,0,-0.572792113,0,-2.138968229,0
107.2637405,-26.516819,1,0.936216712,1,-7.489517212,1,3.243385553,1,4.205282688,1,-6.197524548,1,0.423797071,0,-0.546955705,0,-2.157568932,0
107.267746,-26.8830719,1,0.899536848,1,-6.476628304,1,3.404976606,1,3.921423197,1,-6.129551411,1,0.446309626,0,-0.521827579,0,-2.175615788,0
107.2717438,-27.32917023,1,0.692957342,1,-4.955956936,1,3.471106529,1,3.621475697,1,-5.989614964,1,0.468523353,0,-0.497579664,0,-2.192920446,0
107.2757416,-28.14287186,1,1.157628536,1,-3.694641113,1,3.508592367,1,3.328060627,1,-5.791760921,1,0.490157396,0,-0.474378824,0,-2.209333181,0
107.2797394,-28.10992432,1,2.017022371,1,-2.496371508,1,3.551705599,1,3.062560797,1,-5.530014992,1,0.511130393,0,-0.452296197,0,-2.224688292,0
107.2837372,-27.23641777,1,4.195240021,1,-1.445899844,1,3.656501293,1,2.773864269,1,-5.202059269,1,0.531588435,0,-0.431472868,0,-2.238850832,0
107.2877426,-26.4978199,1,7.280456066,1,-0.863429904,1,3.828150988,1,2.470536709,1,-4.876255512,1,0.551863611,0,-0.412081093,0,-2.251847267,0
107.2917404,-26.6094799,1,10.24711704,1,-0.50168258,1,4.042469501,1,2.177016258,1,-4.60251379,1,0.572325706,0,-0.394123703,0,-2.263900518,0
107.2957382,-27.76835442,1,11.99115181,1,0.025220821,1,4.235412121,1,1.906184673,1,-4.362524033,1,0.593140244,0,-0.377452493,0,-2.275212288,0
107.299736,-29.3449688,1,12.87298679,1,0.790559173,1,4.390498638,1,1.661619186,1,-4.142196178,1,0.614275813,0,-0.361917913,0,-2.285881758,0
107.3037415,-30.79272842,1,13.22240353,1,1.840875745,1,4.433811665,1,1.422232628,1,-3.933562517,1,0.635488212,0,-0.347472668,0,-2.296020985,0
107.3077393,-32.3126297,1,13.05513954,1,3.093141794,1,4.338232517,1,1.189457655,1,-3.713455677,1,0.656281054,0,-0.334106982,0,-2.305651426,0
107.3117371,-33.62199783,1,11.95627022,1,4.516674042,1,4.076988697,1,1.002310514,1,-3.459700346,1,0.676077485,0,-0.321789116,0,-2.314711809,0
107.3157425,-34.41508484,1,10.45436478,1,5.641330719,1,3.640587568,1,0.83797586,1,-3.150170565,1,0.694139302,0,-0.310564786,0,-2.323035479,0
107.3197479,-33.7028389,1,8.707314491,1,6.473063946,1,3.050536394,1,0.653170049,1,-2.765590429,1,0.709824324,0,-0.300617129,0,-2.330514431,0
107.3237457,-32.36510849,1,7.209901333,1,7.050590515,1,2.360204697,1,0.41358763,1,-2.286433935,1,0.72257328,0,-0.292356133,0,-2.337049961,0
107.3277512,-30.28004074,1,6.04115057,1,7.589425087,1,1.646220922,1,0.172027215,1,-1.716690898,1,0.732133389,0,-0.286130309,0,-2.342483521,0
107.331749,-28.29627419,1,5.578442097,1,7.360915661,1,0.944226801,1,-0.081944555,1,-1.107892752,1,0.738503516,0,-0.282208025,0,-2.346744299,0
107.3357468,-26.53398705,1,5.293539047,1,6.98236227,1,0.309001327,1,-0.345876992,1,-0.479454607,1,0.741836667,0,-0.280701578,0,-2.349785328,0
107.3397446,-25.13534164,1,5.292645454,1,6.188640118,1,-0.24281083,1,-0.606532395,1,0.151218638,1,0.742447853,0,-0.28167218,0,-2.351625919,0
107.3437424,-9.161224365,1,-7.837823391,1,-2.545492649,1,-1.175952435,1,-1.03856647,1,0.903056562,1,0.740198731,0,-0.285345048,0,-2.352308273,0
107.3477478,-19.03041077,1,-11.62815857,1,5.899835587,1,-3.045639277,1,-2.403453588,1,1.982093334,1,0.731718421,0,-0.294121742,0,-2.352531195,0
107.3517456,-38.99842453,1,-0.856971145,1,7.642069817,1,-4.382028103,1,-3.009048939,1,2.590978384,1,0.716701865,0,-0.308797538,0,-2.352952003,0
107.3557434,0.960593224,1,6.005324841,1,3.593770981,1,-4.199294567,1,-2.6167593,1,2.772712946,1,0.699061275,0,-0.324289024,0,-2.352071047,0
107.3597412,12.25817013,1,2.354668617,1,-4.544866562,1,-4.080596447,1,-3.093992472,1,2.895126343,1,0.682193458,0,-0.340263724,0,-2.350418806,0
107.3637466,-9.990082741,1,1.973379493,1,-14.37980461,1,-4.349652767,1,-3.364082098,1,2.743738651,1,0.664879501,0,-0.357619792,0,-2.349715233,0
107.3677444,-6.878097057,1,1.382936716,1,-22.88402176,1,-3.707127571,1,-2.936302185,1,2.359250069,1,0.648426533,0,-0.373883247,0,-2.349294186,0
107.3717422,1.389123321,1,-3.293418169,1,-25.51505852,1,-3.095075846,1,-2.643441439,1,1.920278549,1,0.635007322,0,-0.387892872,0,-2.349009275,0
107.3757401,-0.036405858,1,-8.991987228,1,-21.22511101,1,-3.068225145,1,-2.714720726,1,1.496124625,1,0.622989118,0,-0.400533974,0,-2.349904537,0
107.3797379,6.031315327,1,-3.42933321,1,-16.9720211,1,-2.816218853,1,-3.003563166,1,1.360431075,1,0.611945212,0,-0.413056135,0,-2.352028608,0
107.3837433,4.837955952,1,8.166585922,1,-12.39532089,1,-2.178216934,1,-3.586407185,1,1.636539459,1,0.603409529,0,-0.427188396,0,-2.354779005,0
107.3877411,-3.504446983,1,9.52867794,1,-13.50892162,1,-2.090625048,1,-4.306484222,1,1.815791726,1,0.596350849,0,-0.44421348,0,-2.358449697,0
107.3917389,0.176175654,1,11.76236725,1,-13.74931526,1,-1.861799002,1,-4.684632301,1,2.188476801,1,0.590116203,0,-0.463527918,0,-2.362338305,0
107.3957367,-2.416059017,1,9.473532677,1,-16.86880302,1,-1.73812151,1,-5.053396702,1,2.688146591,1,0.584337354,0,-0.485220015,0,-2.365305901,0
107.3997421,-14.87718201,1,8.689894676,1,-21.81296158,1,-1.596130848,1,-5.002193928,1,2.880016088,1,0.578574836,0,-0.508331656,0,-2.367329836,0
107.4037399,-22.50502014,1,7.904016972,1,-23.54589272,1,-1.380553961,1,-4.403605938,1,2.88817668,1,0.572978973,0,-0.530430496,0,-2.368001938,0
107.4077377,-25.76397324,1,8.445846558,1,-21.93636322,1,-1.032917976,1,-3.753882647,1,2.891563416,1,0.567561388,0,-0.550430417,0,-2.366919518,0
107.4117355,-29.69049072,1,3.352838993,1,-19.02633667,1,-0.826097786,1,-3.190862894,1,2.833451509,1,0.562425613,0,-0.568292737,0,-2.364253759,0
107.4157333,-26.47480583,1,-0.787891388,1,-14.63316917,1,-0.702048838,1,-2.548073053,1,2.656205177,1,0.557210565,0,-0.58384192,0,-2.360375166,0
107.4197388,-20.65603638,1,-5.586401939,1,-10.68472576,1,-0.631390691,1,-2.211076736,1,2.416926861,1,0.552184343,0,-0.597159207,0,-2.355995417,0
107.4237366,-17.46900368,1,-9.855596542,1,-7.200810909,1,-0.738164246,1,-2.06175828,1,2.050340652,1,0.54723233,0,-0.609132946,0,-2.3520751,0
107.4277344,-11.86043167,1,-11.99526024,1,-5.847176075,1,-0.83548671,1,-2.068230391,1,1.659266949,1,0.54269278,0,-0.620020807,0,-2.349602699,0
107.4317322,-8.114564896,1,-12.65580463,1,-4.805491924,1,-1.103680968,1,-2.09250474,1,1.359018087,1,0.53820008,0,-0.630244732,0,-2.348507643,0
107.4357376,-7.19712162,1,-9.324399948,1,-6.751342297,1,-1.35813725,1,-2.033564091,1,1.19064486,1,0.5331074,0,-0.639920592,0,-2.348296404,0
107.439743,-9.015083313,1,-7.545133114,1,-7.777160168,1,-1.52961421,1,-1.945931196,1,1.099575281,1,0.527442098,0,-0.649143696,0,-2.348482132,0
107.4437408,-10.16312313,1,-3.076093197,1,-9.678442001,1,-1.622992754,1,-1.627973437,1,1.131979585,1,0.514732659,0,-0.658778906,0,-2.324974537,0
107.4477463,-12.79359245,1,0.061623044,1,-12.06508827,1,-1.621483088,1,-1.187570333,1,1.130275011,1,0.507234097,0,-0.665970087,0,-2.323448658,0
107.4517441,-12.32304764,1,2.842533588,1,-11.99690056,1,-1.524276733,1,-0.76641643,1,1.146699429,1,0.499297231,0,-0.671545863,0,-2.320739031,0
107.4557419,-14.06155205,1,0.949469626,1,-11.65287876,1,-1.388093352,1,-0.426769286,1,1.026135564,1,0.491243929,0,-0.67573899,0,-2.317250252,0
107.4597473,-10.84312344,1,0.225587815,1,-10.07209301,1,-1.210451245,1,-0.231639355,1,0.846025884,1,0.483857155,0,-0.678584337,0,-2.313726664,0
107.4637451,-9.344107628,1,-2.483686447,1,-9.454650879,1,-1.05467701,1,-0.169142827,1,0.635491371,1,0.477542788,0,-0.680640578,0,-2.310865164,0
107.4677429,-5.943956375,1,-3.220716,1,-9.076583862,1,-1.016710162,1,-0.165354416,1,0.544816852,1,0.471950948,0,-0.682281017,0,-2.308546066,0
107.4717407,-6.267767429,1,-3.880746365,1,-9.834478378,1,-0.942814767,1,-0.138720185,1,0.486217022,1,0.466795146,0,-0.683780193,0,-2.30657649,0
107.4757385,-5.233228683,1,-3.478323221,1,-9.35414505,1,-0.912820101,1,-0.100872077,1,0.525638521,1,0.461791337,0,-0.685101449,0,-2.304516315,0
107.479744,-5.320705891,1,-3.094367743,1,-8.961567879,1,-0.887720644,1,-0.104410857,1,0.550277531,1,0.456752211,0,-0.686427534,0,-2.302240849,0
107.4837418,-6.26488924,1,-3.204870224,1,-8.846693993,1,-0.845192969,1,-0.085823849,1,0.512332678,1,0.451838136,0,-0.687694371,0,-2.299972534,0
107.4877396,-6.062283516,1,-2.98042798,1,-8.372063637,1,-0.807530761,1,-0.085022174,1,0.47111237,1,0.447200179,0,-0.688858151,0,-2.297887087,0
107.4917374,-5.990306854,1,-2.146347523,1,-8.407592773,1,-0.748511434,1,-0.04996936,1,0.456346869,1,0.44281593,0,-0.689899623,0,-2.295874834,0
107.4957428,-4.613186359,1,-2.059441805,1,-8.439856529,1,-0.715438724,1,-0.052029654,1,0.458204538,1,0.438588142,0,-0.690856516,0,-2.293832302,0
107.4997406,-4.472455025,1,-1.829265237,1,-8.613371849,1,-0.67543298,1,-0.062604725,1,0.434651285,1,0.434542835,0,-0.691833675,0,-2.291851521,0
107.5037384,-4.509850979,1,-1.467511177,1,-8.563409805,1,-0.612371206,1,-0.08861699,1,0.398272753,1,0.430809826,0,-0.692793846,0,-2.290038586,0
107.5077362,-4.772117138,1,-1.207579017,1,-8.967816353,1,-0.541741133,1,-0.108374014,1,0.349768519,1,0.427498817,0,-0.693776608,0,-2.288495064,0
107.511734,-4.797028065,1,-1.100277781,1,-9.377185822,1,-0.482642531,1,-0.121610023,1,0.309077114,1,0.424607813,0,-0.69474268,0,-2.287188053,0
107.5157394,-4.168610096,1,-1.484404445,1,-9.512419701,1,-0.428689629,1,-0.144758865,1,0.286880285,1,0.422088474,0,-0.695712268,0,-2.286073923,0
107.5197372,-3.549250126,1,-2.277281046,1,-9.546946526,1,-0.394226372,1,-0.200102508,1,0.28098765,1,0.419811666,0,-0.696796,0,-2.285092831,0
107.523735,-3.612761259,1,-2.972029209,1,-9.488419533,1,-0.384653747,1,-0.257644594,1,0.281330615,1,0.417731822,0,-0.69809413,0,-2.284248352,0
107.5277328,-4.253142834,1,-3.034119129,1,-9.038757324,1,-0.371185005,1,-0.302103341,1,0.302144408,1,0.415710628,0,-0.699593186,0,-2.283455849,0
107.5317383,-5.259933472,1,-2.89895153,1,-8.672636986,1,-0.367547423,1,-0.309345633,1,0.321244061,1,0.413684636,0,-0.701219499,0,-2.282613039,0
107.5357361,-5.445189476,1,-2.746648073,1,-8.263562202,1,-0.362637073,1,-0.280233711,1,0.32373786,1,0.411621392,0,-0.702825665,0,-2.281668901,0
107.5397339,-5.087833405,1,-2.382206202,1,-8.335911751,1,-0.357251465,1,-0.27763781,1,0.30980444,1,0.409564227,0,-0.704355955,0,-2.280723333,0
107.5437317,-5.041436672,1,-1.477529287,1,-8.656020164,1,-0.324719548,1,-0.265321791,1,0.277965605,1,0.407636434,0,-0.705814183,0,-2.279860258,0
107.5477295,-4.882612228,1,-0.515856147,1,-8.744992256,1,-0.275378287,1,-0.262586087,1,0.240216956,1,0.405975461,0,-0.707196653,0,-2.279158354,0
107.5517349,-4.966392517,1,-0.335677594,1,-8.850042343,1,-0.216271311,1,-0.27338171,1,0.200719506,1,0.404670388,0,-0.708534479,0,-2.27865696,0
107.5557404,-4.524396896,1,-0.666980565,1,-8.998052597,1,-0.158447802,1,-0.284473062,1,0.157577962,1,0.403716207,0,-0.709841132,0,-2.278358698,0
107.5597458,-4.285438538,1,-0.613328874,1,-9.401428223,1,-0.099040106,1,-0.317381859,1,0.123685196,1,0.403152496,0,-0.711166024,0,-2.278284073,0
107.5637436,-4.575723648,1,-0.441768408,1,-9.478011131,1,-0.037348296,1,-0.348376751,1,0.101436347,1,0.402982473,0,-0.712567925,0,-2.278428555,0
107.5677414,-4.771073818,1,-0.709667683,1,-9.251516342,1,0.01894014,1,-0.372950941,1,0.072649971,1,0.403162986,0,-0.714042664,0,-2.278755665,0
107.5717392,-4.722867012,1,-1.706264615,1,-9.152807236,1,0.040279783,1,-0.3995336,1,0.061619438,1,0.403614879,0,-0.715582132,0,-2.27923727,0
107.575737,-4.484435558,1,-2.749960899,1,-8.926906586,1,0.041739948,1,-0.410242468,1,0.057221439,1,0.404150099,0,-0.717157602,0,-2.279797077,0
107.5797424,-4.318214417,1,-3.306239367,1,-8.737003326,1,0.017552994,1,-0.427835464,1,0.077874027,1,0.404631972,0,-0.71880722,0,-2.280353785,0
107.5837402,-4.643166065,1,-3.411576748,1,-8.454678535,1,0.002279211,1,-0.431773067,1,0.099835306,1,0.404978901,0,-0.720537663,0,-2.280816793,0
107.587738,-4.928404331,1,-3.73935318,1,-8.431446075,1,-0.029170118,1,-0.436101884,1,0.134886533,1,0.405152678,0,-0.722318292,0,-2.281155348,0
107.5917435,-5.143826008,1,-3.881036758,1,-8.054191589,1,-0.064077646,1,-0.436787635,1,0.16247718,1,0.405090004,0,-0.724165797,0,-2.281343222,0
107.5957413,-5.092204571,1,-3.951272726,1,-7.944358349,1,-0.091485158,1,-0.412449449,1,0.185733363,1,0.404811561,0,-0.725989938,0,-2.281389713,0
107.5997391,-5.050141335,1,-3.583820343,1,-7.862870216,1,-0.122954741,1,-0.396443963,1,0.208536223,1,0.404301286,0,-0.727779388,0,-2.281263828,0
107.6037369,-5.091264248,1,-3.301903486,1,-7.897332668,1,-0.143479094,1,-0.375164092,1,0.227846295,1,0.403594375,0,-0.729530096,0,-2.280994177,0
107.6077347,-4.971479893,1,-2.903391361,1,-7.89450264,1,-0.155197918,1,-0.353036016,1,0.2436914,1,0.402720928,0,-0.731229603,0,-2.280595541,0
107.6117325,-4.834249973,1,-2.499251604,1,-8.083222389,1,-0.153956637,1,-0.332545489,1,0.243314013,1,0.401789635,0,-0.732866824,0,-2.280121803,0
107.6157379,-4.736010075,1,-1.791588664,1,-8.433470726,1,-0.144502342,1,-0.338570356,1,0.253595024,1,0.400831819,0,-0.734496593,0,-2.279590845,0
107.6197357,-4.680210114,1,-1.295601964,1,-8.675354004,1,-0.114864901,1,-0.364479065,1,0.263314873,1,0.399952352,0,-0.736186206,0,-2.279049158,0
107.6237335,-4.690333366,1,-1.224740624,1,-8.866727829,1,-0.06946528,1,-0.389791638,1,0.249920607,1,0.399259061,0,-0.737973571,0,-2.278575182,0
107.627739,-4.524298668,1,-1.587815523,1,-8.928586006,1,-0.036930736,1,-0.419129997,1,0.243944868,1,0.398796141,0,-0.739841044,0,-2.278200626,0
107.6317368,-4.484676361,1,-1.958183646,1,-8.774457932,1,-0.002764503,1,-0.443490863,1,0.244688168,1,0.398496628,0,-0.741814971,0,-2.277886152,0
107.6357346,-4.483845711,1,-2.43232584,1,-8.907855988,1,0.025068656,1,-0.47431469,1,0.266762763,1,0.39832449,0,-0.743901134,0,-2.277576923,0
107.6397324,-4.335921764,1,-3.258296013,1,-9.083395004,1,-0.023292828,1,-0.535196006,1,0.301358104,1,0.39810735,0,-0.746200562,0,-2.277219057,0
107.6437302,-4.667942524,1,-2.532154322,1,-8.720154762,1,-0.018178241,1,-0.578946829,1,0.304760486,1,0.397758245,0,-0.748733699,0,-2.276872158,0
107.647728,-4.61012888,1,-2.079544544,1,-9.282887459,1,0.021248,1,-0.613707542,1,0.322501123,1,0.397561312,0,-0.751413286,0,-2.276570082,0
107.6517334,-4.085207939,1,-2.753982067,1,-9.406860352,1,0.003961908,1,-0.695040286,1,0.351336896,1,0.39741087,0,-0.754351735,0,-2.276246548,0
107.6557312,-4.346910954,1,-2.490559578,1,-9.215033531,1,0.002780171,1,-0.747617185,1,0.354518503,1,0.397254646,0,-0.757567942,0,-2.276007652,0
107.659729,-4.539982796,1,-2.113746643,1,-9.334033966,1,0.033050042,1,-0.798710585,1,0.352500975,1,0.397211671,0,-0.760961115,0,-2.275857925,0
107.6637344,-4.804784775,1,-2.439872742,1,-9.228191376,1,0.043697633,1,-0.856294394,1,0.375025481,1,0.397311091,0,-0.764576912,0,-2.275775433,0
107.6677322,-4.820672989,1,-2.186080694,1,-9.03016758,1,0.047999479,1,-0.904354811,1,0.374533176,1,0.397454262,0,-0.768406391,0,-2.275748014,0
107.67173,-4.808852673,1,-2.007836819,1,-8.913301468,1,0.054855276,1,-0.94425106,1,0.378966928,1,0.397710383,0,-0.772399366,0,-2.275823832,0
107.6757355,-4.785216331,1,-1.991355896,1,-8.859135628,1,0.066254415,1,-0.973721325,1,0.388948888,1,0.398031414,0,-0.776516736,0,-2.275932074,0
107.6797409,-5.091350079,1,-2.142666101,1,-8.807069778,1,0.064967126,1,-1.006013274,1,0.395293444,1,0.398391366,0,-0.780775428,0,-2.276058674,0
107.6837387,-5.058595657,1,-2.274216413,1,-8.525325775,1,0.061960794,1,-1.035540819,1,0.402029604,1,0.398758322,0,-0.785160422,0,-2.276219606,0
107.6877365,-5.184716702,1,-2.223384619,1,-8.398186684,1,0.052679896,1,-1.055051684,1,0.41176641,1,0.399113595,0,-0.789649963,0,-2.276391029,0
107.6917343,-5.293367386,1,-1.92180109,1,-8.464082718,1,0.051928613,1,-1.075865746,1,0.408462644,1,0.31884259,0,-0.736186624,0,-2.190237999,0
107.6957397,-5.396097183,1,-1.896761537,1,-8.473217964,1,0.064170979,1,-1.095792651,1,0.417408586,1,0.318899155,0,-0.740839005,0,-2.189970493,0
107.6997375,-5.130526066,1,-2.343810081,1,-8.180293083,1,0.051501233,1,-1.113528132,1,0.427168131,1,0.318924844,0,-0.745561182,0,-2.189663887,0
107.7037354,-5.245281696,1,-2.503133297,1,-8.064419746,1,0.039068516,1,-1.12763989,1,0.434249341,1,0.318901122,0,-0.750356495,0,-2.189349174,0
107.7077332,-5.465096951,1,-2.554601431,1,-8.135590553,1,0.026643051,1,-1.138326287,1,0.452666491,1,0.318791479,0,-0.755227089,0,-2.188990593,0
107.7117386,-5.678379059,1,-2.879952669,1,-7.989166737,1,-0.0013314,1,-1.141317606,1,0.469242901,1,0.318545729,0,-0.760141492,0,-2.18855238,0
107.7157364,-5.474089146,1,-2.905931234,1,-7.851404667,1,-0.031281732,1,-1.148317814,1,0.483632207,1,0.318122447,0,-0.765092969,0,-2.188028812,0
107.7197342,-5.515996933,1,-2.812315226,1,-7.820872307,1,-0.04575802,1,-1.151607275,1,0.504159629,1,0.317545712,0,-0.770077229,0,-2.187422037,0
107.723732,-5.518067837,1,-2.638359547,1,-7.80043745,1,-0.066367231,1,-1.149932265,1,0.517271638,1,0.316825449,0,-0.775085747,0,-2.186723948,0
107.7277298,-5.685824394,1,-2.505959034,1,-7.721345425,1,-0.080546804,1,-1.155142188,1,0.532440245,1,0.315998435,0,-0.780124903,0,-2.185947895,0
107.7317352,-5.900075436,1,-2.433158159,1,-7.573170185,1,-0.085455909,1,-1.169354439,1,0.54154408,1,0.315065801,0,-0.785214543,0,-2.185102463,0
107.735733,-6.002971172,1,-2.344315767,1,-7.582577229,1,-0.097791597,1,-1.162834764,1,0.550530016,1,0.314057589,0,-0.790330768,0,-2.184205532,0
107.7397308,-5.996176243,1,-2.167325258,1,-7.641891956,1,-0.081603974,1,-1.165045857,1,0.548820913,1,0.313034505,0,-0.795447588,0,-2.183282375,0
107.7437286,-5.631701946,1,-2.111765385,1,-7.445488453,1,-0.060995355,1,-1.16213882,1,0.562224209,1,0.312044322,0,-0.800555766,0,-2.182310104,0
107.7477341,-5.788868427,1,-2.449455738,1,-7.477915764,1,-0.053156264,1,-1.172657728,1,0.58592695,1,0.311053514,0,-0.805700541,0,-2.181228876,0
107.7517319,-5.745330811,1,-2.618085861,1,-7.400514126,1,-0.061077356,1,-1.167323112,1,0.596405804,1,0.309966862,0,-0.810875416,0,-2.180038452,0
107.7557297,-5.775434017,1,-2.478818417,1,-7.418907642,1,-0.077315845,1,-1.176288128,1,0.607436597,1,0.308772206,0,-0.816076219,0,-2.17876935,0
107.7597275,-6.04607296,1,-2.37336278,1,-7.468601227,1,-0.085863613,1,-1.17860949,1,0.631673634,1,0.307450235,0,-0.821318865,0,-2.177402258,0
107.7637253,-6.021758556,1,-2.212652445,1,-7.330106258,1,-0.096574999,1,-1.176685452,1,0.641274512,1,0.306001008,0,-0.826582074,0,-2.175931454,0
107.7677307,-5.983432293,1,-2.104571104,1,-7.385546684,1,-0.102955721,1,-1.181842566,1,0.648399234,1,0.304468691,0,-0.831860542,0,-2.174384356,0
107.7717285,-6.017637253,1,-2.008514404,1,-7.433409214,1,-0.106879011,1,-1.191046715,1,0.656678677,1,0.302862048,0,-0.837161779,0,-2.17278409,0
107.7757263,-5.954164982,1,-2.087204456,1,-7.482062817,1,-0.115693867,1,-1.191390395,1,0.668819368,1,0.301184505,0,-0.842494965,0,-2.171119452,0
107.7797241,-5.977937222,1,-2.029436111,1,-7.440416813,1,-0.125889271,1,-1.201874733,1,0.672210038,1,0.299411714,0,-0.847860634,0,-2.169394255,0
107.7837296,-6.107928276,1,-1.976185799,1,-7.418795586,1,-0.12418662,1,-1.213439465,1,0.681822717,1,0.297590494,0,-0.853282213,0,-2.167630672,0
107.7877274,-6.138302326,1,-1.853581786,1,-7.426194668,1,-0.1182542,1,-1.222800493,1,0.687276781,1,0.295720875,0,-0.8587358,0,-2.165799618,0
107.7917252,-6.127492905,1,-1.750214338,1,-7.434531212,1,-0.10980311,1,-1.237159491,1,0.69664973,1,0.293834984,0,-0.86423403,0,-2.163918018,0
107.7957382,-6.062180519,1,-1.844135761,1,-7.537191391,1,-0.111543529,1,-1.250315905,1,0.711405873,1,0.291900635,0,-0.869805813,0,-2.161962032,0
107.7997437,-6.083004475,1,-2.0000844,1,-7.593682289,1,-0.119890243,1,-1.268879771,1,0.71851331,1,0.28989929,0,-0.875444889,0,-2.15994978,0
107.8037415,-6.149162292,1,-2.013838291,1,-7.507127285,1,-0.134044826,1,-1.287546992,1,0.73021251,1,0.28780207,0,-0.881174743,0,-2.157876253,0
107.8077469,-6.285810471,1,-2.109061956,1,-7.51760149,1,-0.141252369,1,-1.308940887,1,0.749879122,1,0.285565048,0,-0.887004077,0,-2.155708551,0
107.8117447,-6.105359554,1,-2.134789228,1,-7.412760258,1,-0.15929465,1,-1.326011419,1,0.764012098,1,0.283190489,0,-0.892898977,0,-2.153431892,0
107.8157425,-6.111671925,1,-2.086005449,1,-7.421859264,1,-0.172944099,1,-1.353271842,1,0.779083431,1,0.280696243,0,-0.898900509,0,-2.151082754,0
107.8197479,-6.195195675,1,-2.057635069,1,-7.423467159,1,-0.188048512,1,-1.370245934,1,0.790769219,1,0.278045535,0,-0.905007482,0,-2.148633718,0
107.8237381,-6.137389183,1,-1.863817573,1,-7.319961548,1,-0.203511491,1,-1.399254799,1,0.809063673,1,0.275259554,0,-0.911211133,0,-2.146102667,0
107.8277435,-6.229833126,1,-1.776403785,1,-7.439327717,1,-0.21592994,1,-1.429224253,1,0.820043743,1,0.272313267,0,-0.917540193,0,-2.143452883,0
107.8317413,-6.217080593,1,-1.631531477,1,-7.49834156,1,-0.223120227,1,-1.459940791,1,0.82875073,1,0.269277066,0,-0.923986912,0,-2.140737295,0
107.8357391,-6.236824989,1,-1.564821124,1,-7.531473637,1,-0.237641394,1,-1.487002492,1,0.84071964,1,0.266138673,0,-0.930548906,0,-2.13796258,0
107.8397369,-6.208191872,1,-1.680365086,1,-7.561082363,1,-0.258502066,1,-1.526156187,1,0.851711631,1,0.262852609,0,-0.937249243,0,-2.135105848,0
107.8437424,-6.185424328,1,-1.678976297,1,-7.668847084,1,-0.283374757,1,-1.567733049,1,0.85595113,1,0.259423286,0,-0.944108963,0,-2.132203579,0
107.8477402,-6.132190228,1,-1.7299999,1,-7.784931183,1,-0.304649323,1,-1.622601271,1,0.87139523,1,0.255879849,0,-0.951156795,0,-2.129283428,0
107.851738,-6.203953743,1,-1.924103975,1,-7.857827187,1,-0.333568007,1,-1.670561194,1,0.884068191,1,0.252122313,0,-0.958414018,0,-2.126255512,0
107.8557434,-6.249670506,1,-2.034333467,1,-7.948035717,1,-0.36245212,1,-1.729765654,1,0.906503975,1,0.248174593,0,-0.9658916,0,-2.123142481,0
107.8597412,-6.252119064,1,-2.203421831,1,-7.946167469,1,-0.385088056,1,-1.794628859,1,0.933712959,1,0.243975312,0,-0.973627687,0,-2.119860649,0
107.863739,-6.07983017,1,-2.404684067,1,-8.049518585,1,-0.4114981,1,-1.858297944,1,0.971517384,1,0.239486963,0,-0.981628954,0,-2.11636281,0
107.8677368,-6.132157326,1,-2.440943003,1,-8.103595734,1,-0.427727461,1,-1.932208657,1,1.005491972,1,0.234683707,0,-0.989931107,0,-2.112620115,0
107.8717346,-6.083109856,1,-2.258559942,1,-8.120634079,1,-0.44955942,1,-2.007226944,1,1.045469761,1,0.229593337,0,-0.998536766,0,-2.108639956,0
107.8757324,-6.126325607,1,-2.048961639,1,-8.175663948,1,-0.463621169,1,-2.091633558,1,1.082968473,1,0.224147022,0,-1.007476091,0,-2.104349136,0
107.8797379,-7.184702873,1,-3.93817687,1,-8.428240776,1,-0.584864974,1,-1.979124784,1,0.995630145,1,0.218380168,0,-1.016513586,0,-2.099931955,0
107.8837357,-3.978525639,1,1.229796171,1,-10.36754704,1,-0.370676249,1,-2.459699631,1,1.125102878,1,0.213001236,0,-1.026275516,0,-2.095535278,0
107.8877335,-9.99557972,1,-1.549421549,1,-8.134884834,1,-0.410349339,1,-2.328111887,1,1.185235739,1,0.207303554,0,-1.036480069,0,-2.090659618,0
107.8917389,-5.760362148,1,-4.665541172,1,-7.835755825,1,-0.546355963,1,-2.442649364,1,1.176137924,1,0.200720295,0,-1.046773434,0,-2.085276365,0
107.8957367,-4.605537415,1,-2.09981823,1,-8.5110569,1,-0.592258751,1,-2.606956482,1,1.201627016,1,0.193790212,0,-1.057609916,0,-2.079940081,0
107.8997345,-5.690382481,1,-1.045618653,1,-8.54942894,1,-0.576403856,1,-2.709274054,1,1.297301769,1,0.186200961,0,-1.069009662,0,-2.073940754,0
107.9037323,-6.178566456,1,-1.343335152,1,-8.393369675,1,-0.568368912,1,-2.831938744,1,1.341049314,1,0.178004548,0,-1.080855489,0,-2.067242146,0
107.9077301,-6.185096264,1,-1.198578477,1,-8.168399811,1,-0.561299205,1,-2.977542877,1,1.367949963,1,0.169441774,0,-1.093229532,0,-2.060116291,0
107.9117279,-6.087390423,1,-1.185685396,1,-8.381538391,1,-0.545579076,1,-3.12814188,1,1.420263171,1,0.160339758,0,-1.106190443,0,-2.052383423,0
107.9157333,-5.89896822,1,-1.16565156,1,-8.748357773,1,-0.546804726,1,-3.281883478,1,1.466499925,1,0.150587559,0,-1.119735837,0,-2.043969631,0
107.9197388,-5.763635635,1,-1.308180332,1,-8.885140419,1,-0.543866634,1,-3.460151672,1,1.534196734,1,0.140048042,0,-1.13394475,0,-2.034702778,0
107.9237366,-5.765254021,1,-1.479104161,1,-9.306172371,1,-0.531800985,1,-3.656617165,1,1.585650563,1,0.128561974,0,-1.14888227,0,-2.024431229,0
107.9277344,-6.056229115,1,-1.578305483,1,-9.61671257,1,-0.520252824,1,-3.854477167,1,1.649285913,1,0.116028823,0,-1.164575577,0,-2.013047695,0
107.9317322,-5.910846233,1,-1.591770053,1,-10.14330673,1,-0.507479012,1,-4.072924614,1,1.6927706,1,0.10230194,0,-1.18106246,0,-2.000371456,0
107.93573,-6.022785664,1,-2.164419413,1,-11.64642334,1,-0.492421329,1,-4.29491806,1,1.700353742,1,0.087295271,0,-1.198383451,0,-1.98634994,0
107.9397354,-5.503171444,1,-0.768340707,1,-11.35622692,1,-0.42094934,1,-4.604129791,1,1.791656256,1,0.071259119,0,-1.216590881,0,-1.971053958,0
107.9437332,-7.515521526,1,-1.947631717,1,-12.75512123,1,-0.421799064,1,-4.81223011,1,1.802294612,1,0.038464706,0,-1.234827876,0,-1.919880867,0
107.947731,-7.814383507,1,-2.806874275,1,-12.97594357,1,-0.416855931,1,-5.055047035,1,1.84693861,1,0.016869307,0,-1.254754663,0,-1.898823023,0
107.9517365,-8.536507607,1,-5.012011051,1,-13.11755371,1,-0.50808996,1,-5.293358803,1,1.908874154,1,-0.008466793,0,-1.275493622,0,-1.874182463,0
107.9557343,-10.15195847,1,-6.616623402,1,-13.33793163,1,-0.655322373,1,-5.505955696,1,1.996464372,1,-0.039170224,0,-1.296919942,0,-1.84460175,0
107.9597321,-12.38583946,1,-7.740850449,1,-13.95139217,1,-0.824472249,1,-5.643093109,1,2.121659517,1,-0.077568695,0,-1.318737626,0,-1.807924032,0
107.9637299,-15.73310947,1,-7.762424946,1,-13.60385036,1,-0.975121796,1,-5.652964115,1,2.266412258,1,-0.125905365,0,-1.340359211,0,-1.761847496,0
107.9677277,-14.49252033,1,-9.10562706,1,-12.23518467,1,-1.20953393,1,-5.616407871,1,2.545490265,1,-0.188462883,0,-1.36111176,0,-1.702189684,0
107.9717255,-12.39962482,1,-11.51270199,1,-12.04404736,1,-1.52028966,1,-5.720986843,1,2.809711933,1,-0.271037906,0,-1.380719066,0,-1.62351048,0
107.9757309,-13.92385483,1,-10.6267643,1,-13.71984577,1,-1.792805076,1,-5.763139248,1,3.014184475,1,-0.378197134,0,-1.398830652,0,-1.521327496,0
107.9797287,-15.97581959,1,-8.743231773,1,-15.16137028,1,-1.940400839,1,-5.700638294,1,3.133595943,1,-0.512423277,0,-1.41428256,0,-1.392870545,0
107.9837265,-15.38411617,1,-8.108444214,1,-15.34698582,1,-2.050900936,1,-5.630653381,1,3.283172131,1,-0.673942089,0,-1.425933242,0,-1.237586021,0
107.9877319,-14.6568346,1,-7.904568195,1,-14.85540867,1,-2.130155325,1,-5.641559601,1,3.363699913,1,-0.859813094,0,-1.432911396,0,-1.058321357,0
107.9917297,-18.28976631,1,-7.797766209,1,-14.94647217,1,-2.151955605,1,-5.558773518,1,3.346593618,1,-1.057860136,0,-1.43482399,0,-0.867048979,0
107.9957275,-19.6516571,1,-7.536252975,1,-14.06110764,1,-2.194868565,1,-5.365332603,1,3.37251544,1,-1.250259161,0,-1.431392312,0,-0.681602836,0
107.9997253,-19.10120773,1,-9.003026009,1,-12.84925842,1,-2.326429367,1,-5.282613277,1,3.508724451,1,-1.424687147,0,-1.422909975,0,-0.514484584,0
108.0037231,-19.23057365,1,-9.327811241,1,-11.92879677,1,-2.510426998,1,-5.183635712,1,3.633624315,1,-1.575223684,0,-1.410089612,0,-0.371932477,0
108.0077286,-21.09684753,1,-8.829944611,1,-12.14418793,1,-2.65814209,1,-5.002371311,1,3.5856359,1,-1.699540377,0,-1.394282937,0,-0.256375909,0
108.0117264,-19.04886627,1,-8.472053528,1,-10.70429897,1,-2.712052107,1,-4.875204086,1,3.613522053,1,-1.800356865,0,-1.376599431,0,-0.164716199,0
108.0157242,-16.83810234,1,-8.165888786,1,-9.988899231,1,-2.768296242,1,-4.788464069,1,3.645787716,1,-1.882641315,0,-1.357406735,0,-0.091892071,0
108.019722,-15.41299629,1,-7.127987862,1,-10.06982803,1,-2.735693455,1,-4.640755653,1,3.575872421,1,-1.950336218,0,-1.337411642,0,-0.033805948,0
108.0237274,-12.03043461,1,-6.078298569,1,-9.167737007,1,-2.655602455,1,-4.448401451,1,3.535813332,1,-2.005616188,0,-1.31714952,0,0.012047893,0
108.0277252,-7.063678265,1,-5.301252842,1,-8.06275177,1,-2.584011793,1,-4.22238493,1,3.51320219,1,-2.050695896,0,-1.296841502,0,0.047893569,0
108.031723,-5.146429062,1,-5.354537964,1,-6.935209274,1,-2.494297981,1,-4.031979084,1,3.509698391,1,-2.087461948,0,-1.276645422,0,0.075609528,0
108.0357208,-6.715754986,1,-4.373901844,1,-7.42246151,1,-2.371730804,1,-3.928030968,1,3.478955269,1,-2.11831665,0,-1.256508946,0,0.097723357,0
108.0397263,-9.333144188,1,-2.931666374,1,-9.310565948,1,-2.039426565,1,-3.702863693,1,3.33112359,1,-2.144222736,0,-1.236803293,0,0.11568822,0
108.0437241,-12.15542412,1,-1.193124413,1,-9.555150986,1,-1.622815371,1,-3.465919018,1,3.143575907,1,-2.164975166,0,-1.218098283,0,0.12995626,0
108.0477295,-18.97261238,1,1.703192115,1,-10.535285,1,-1.144931197,1,-3.199295998,1,2.831945419,1,-2.181763411,0,-1.200702548,0,0.141918555,0
108.0517273,-30.53763771,1,3.202556372,1,-13.35145664,1,-0.576811075,1,-2.596289396,1,2.640657187,1,-2.193310738,0,-1.184969306,0,0.150681555,0
108.0557251,-26.11628151,1,-1.143177629,1,-15.48240185,1,-0.255433202,1,-1.638147354,1,2.354367018,1,-2.197395802,0,-1.171918392,0,0.153341964,0
108.0597229,-17.17800903,1,-4.231184483,1,-14.11694431,1,0.009497024,1,-0.845627427,1,2.016145706,1,-2.195141315,0,-1.161938429,0,0.150348768,0
108.0637207,-11.24890804,1,-6.180249691,1,-10.90653515,1,0.302898258,1,-0.351782918,1,1.682973981,1,-2.189077377,0,-1.154588461,0,0.144419506,0
108.0677261,-10.06899929,1,-7.405827522,1,-9.69936657,1,0.440897256,1,0.033441685,1,1.483416557,1,-2.180511475,0,-1.149074674,0,0.136725679,0
108.0717239,-11.38459587,1,-7.924788952,1,-9.927069664,1,0.363610476,1,0.422192901,1,1.361707091,1,-2.170064926,0,-1.144911528,0,0.127083391,0
108.0757217,-10.9993515,1,-8.562994957,1,-10.16735172,1,0.168273047,1,0.827602625,1,1.240246058,1,-2.158037424,0,-1.141998887,0,0.115039937,0
108.0797195,-9.210560799,1,-9.062779427,1,-9.488554955,1,-0.041275389,1,1.142558813,1,1.140357614,1,-2.144876719,0,-1.140197873,0,0.100826047,0
108.083725,-7.568149567,1,-9.183188438,1,-8.617497444,1,-0.215610698,1,1.368976712,1,1.038992643,1,-2.131069422,0,-1.139232516,0,0.085064448,0
108.0877228,-6.18503046,1,-8.841848373,1,-7.918843746,1,-0.383857459,1,1.543055892,1,0.963745356,1,-2.116931677,0,-1.138890266,0,0.06816449,0
108.0917206,-4.967694759,1,-8.424985886,1,-7.315693855,1,-0.560438454,1,1.692865729,1,0.897473693,1,-2.10259366,0,-1.139021516,0,0.050299555,0
108.0957184,-3.897306681,1,-7.990392685,1,-6.843919277,1,-0.714386046,1,1.809929848,1,0.844171226,1,-2.088133812,0,-1.139507055,0,0.031583846,0
108.0997162,-3.146196604,1,-7.441501141,1,-6.484629154,1,-0.837125659,1,1.889908791,1,0.789332807,1,-2.073706865,0,-1.140278816,0,0.01227267,0
108.1037216,-2.863465786,1,-7.029896259,1,-6.255018711,1,-0.926422358,1,1.958940744,1,0.72828126,1,-2.059330463,0,-1.141272783,0,-0.007431368,0
108.1077194,-2.783534527,1,-6.702597141,1,-6.073174,1,-0.986105978,1,2.018657446,1,0.661347687,1,-2.044902563,0,-1.142493606,0,-0.027506977,0
108.1117172,-2.620290995,1,-6.316103458,1,-5.782760143,1,-1.011666775,1,2.08201766,1,0.598355412,1,-2.030304432,0,-1.143934965,0,-0.047946133,0
108.115715,-2.531023502,1,-6.137962341,1,-5.577262878,1,-1.021507859,1,2.154929876,1,0.528638363,1,-2.015395164,0,-1.145602226,0,-0.06878709,0
108.1197205,-2.517102242,1,-5.882525444,1,-5.385440826,1,-1.01022172,1,2.225641251,1,0.453702897,1,-2.000060081,0,-1.147527456,0,-0.090076849,0
108.1237183,-2.587237835,1,-5.662120819,1,-5.280552387,1,-0.977670729,1,2.31172514,1,0.366383016,1,-1.984099507,0,-1.149748445,0,-0.111938007,0
108.1277161,-2.766496897,1,-5.54511404,1,-5.212358952,1,-0.929108977,1,2.416828156,1,0.263224751,1,-1.967333794,0,-1.152317405,0,-0.134484008,0
108.1317139,-2.964216948,1,-5.455352306,1,-5.146997452,1,-0.862253428,1,2.537456989,1,0.159914821,1,-1.94949472,0,-1.155275941,0,-0.157912686,0
108.1357117,-3.286836624,1,-5.377209663,1,-5.162342548,1,-0.7941854,1,2.672339201,1,0.038905811,1,-1.930361867,0,-1.158657312,0,-0.182429984,0
108.1397171,-3.525942802,1,-5.394809246,1,-5.110612869,1,-0.721108973,1,2.822459459,1,-0.091465384,1,-1.909734726,0,-1.162515283,0,-0.208227694,0
108.1437149,-3.626658916,1,-5.529529572,1,-5.034260273,1,-0.659935832,1,2.978156567,1,-0.228757888,1,-1.887440085,0,-1.166864872,0,-0.235507637,0
108.1477127,-3.707978487,1,-5.650103569,1,-4.973246098,1,-0.605095088,1,3.134652138,1,-0.372831225,1,-1.863357186,0,-1.171687007,0,-0.264414698,0
108.1517105,-3.60185957,1,-5.821599007,1,-4.861812115,1,-0.566157877,1,3.289626122,1,-0.522472441,1,-1.837352276,0,-1.176962495,0,-0.295131862,0
108.1557159,-3.60634923,1,-6.055348396,1,-4.759075642,1,-0.533699632,1,3.433242083,1,-0.66596663,1,-1.80940032,0,-1.18262732,0,-0.327724904,0
108.1597214,-3.507112503,1,-6.207484722,1,-4.615217209,1,-0.512527466,1,3.564545155,1,-0.813097715,1,-1.779455304,0,-1.188623071,0,-0.362288237,0
108.1637192,-3.33643055,1,-6.397962093,1,-4.49410677,1,-0.516206086,1,3.667711973,1,-0.949347258,1,-1.747561693,0,-1.194846272,0,-0.398837566,0
108.167717,-3.42016387,1,-6.518746376,1,-4.345359802,1,-0.531867802,1,3.765044212,1,-1.085038543,1,-1.713784218,0,-1.201233387,0,-0.437352777,0
108.1717148,-3.519061327,1,-6.605522633,1,-4.227023602,1,-0.550992846,1,3.846159935,1,-1.22516644,1,-1.678056836,0,-1.207718492,0,-0.477936894,0
108.1757202,-3.74917531,1,-6.553526402,1,-4.193323612,1,-0.572346449,1,3.924352646,1,-1.360156417,1,-1.640371084,0,-1.214240909,0,-0.52060771,0
108.179718,-3.944786072,1,-6.566660404,1,-4.105536938,1,-0.591297686,1,4.003035545,1,-1.502008796,1,-1.600515485,0,-1.220744967,0,-0.565569878,0
108.1837158,-4.218049526,1,-6.533231735,1,-4.112771988,1,-0.608083963,1,4.06962204,1,-1.640304327,1,-1.558377028,0,-1.227176428,0,-0.612916827,0
108.1877136,-4.659197807,1,-6.468324184,1,-4.114331245,1,-0.603866339,1,4.146846771,1,-1.777716041,1,-1.513739347,0,-1.233440399,0,-0.662837982,0
108.1917191,-5.350922108,1,-6.320323467,1,-4.217737675,1,-0.58890909,1,4.237394333,1,-1.92279911,1,-1.471862078,0,-1.239509463,0,-0.691540718,0
108.1957169,-5.946298122,1,-6.131515026,1,-4.25299263,1,-0.556341887,1,4.34215641,1,-2.0778687,1,-1.421267986,0,-1.245325208,0,-0.747410297,0
108.1997147,-6.595242023,1,-5.921207428,1,-4.351658821,1,-0.513466299,1,4.466820717,1,-2.244888783,1,-1.367027998,0,-1.250745654,0,-0.80686444,0
108.2037125,-7.027437687,1,-5.758694649,1,-4.478391647,1,-0.466347367,1,4.595935822,1,-2.42008543,1,-1.308738947,0,-1.255644321,0,-0.870280743,0
108.2077103,-7.3456707,1,-5.686885834,1,-4.493523598,1,-0.410750866,1,4.725671768,1,-2.602943897,1,-1.246355534,0,-1.259873867,0,-0.937688649,0
108.2117157,-7.502857685,1,-5.682237625,1,-4.601991653,1,-0.352454901,1,4.850099564,1,-2.777559996,1,-1.179890275,0,-1.263247371,0,-1.009063721,0
108.2157135,-7.60283947,1,-5.689202309,1,-4.629350185,1,-0.301678836,1,4.968035221,1,-2.948566675,1,-1.109660149,0,-1.26556015,0,-1.084093571,0
108.2197113,-7.663472652,1,-5.669142246,1,-4.630114555,1,-0.252294064,1,5.074570179,1,-3.115028858,1,-1.036218405,0,-1.266632438,0,-1.162251353,0
108.2237091,-7.521895409,1,-5.699499607,1,-4.574192047,1,-0.225037172,1,5.164436817,1,-3.262660742,1,-0.960355937,0,-1.266272545,0,-1.242762089,0
108.2277145,-7.368236065,1,-5.758520603,1,-4.566541195,1,-0.201388121,1,5.218477726,1,-3.398286581,1,-0.883165956,0,-1.264330864,0,-1.324595332,0
108.2317123,-7.192282677,1,-5.798613548,1,-4.612190723,1,-0.196103185,1,5.249418259,1,-3.512520075,1,-0.80596751,0,-1.260751367,0,-1.406440735,0
108.2357101,-6.880690575,1,-5.865208626,1,-4.561891079,1,-0.190451562,1,5.251460075,1,-3.609426498,1,-0.729815602,0,-1.255531669,0,-1.487272382,0
108.2397079,-6.867117882,1,-5.903596401,1,-4.449576378,1,-0.186641589,1,5.252685547,1,-3.679751873,1,-0.65585351,0,-1.248676419,0,-1.565942287,0
108.2437058,-6.972774029,1,-5.828600883,1,-4.55751133,1,-0.176681101,1,5.236872673,1,-3.735989571,1,-0.584851861,0,-1.240229607,0,-1.641665459,0
108.2477112,-7.261607647,1,-5.723997116,1,-4.738912106,1,-0.162237778,1,5.209316254,1,-3.779674768,1,-0.517420352,0,-1.230301857,0,-1.713789821,0
108.251709,-7.634684563,1,-5.621376514,1,-4.84256506,1,-0.144002795,1,5.19131422,1,-3.808773756,1,-0.453894317,0,-1.218984008,0,-1.781965852,0
108.2557068,-8.021064758,1,-5.571458817,1,-4.905256748,1,-0.126828238,1,5.18434,1,-3.821492195,1,-0.394438982,0,-1.206351519,0,-1.84601748,0
108.2597046,-8.411030769,1,-5.643444538,1,-4.959767342,1,-0.097471938,1,5.189614296,1,-3.828357935,1,-0.339083314,0,-1.192465067,0,-1.905904889,0
108.26371,-8.78446579,1,-5.796941757,1,-5.086791515,1,-0.071081653,1,5.214820862,1,-3.830849409,1,-0.287741482,0,-1.177388549,0,-1.961681962,0
108.2677078,-9.120894432,1,-5.88014555,1,-5.273882866,1,-0.025264714,1,5.243398666,1,-3.823931456,1,-0.240255132,0,-1.161190748,0,-2.013471365,0
108.2717056,-9.357201576,1,-5.766059399,1,-5.521748543,1,0.026128329,1,5.284063339,1,-3.817747593,1,-0.196416065,0,-1.14394176,0,-2.061444998,0
108.2757111,-9.582229614,1,-5.64847374,1,-5.663924217,1,0.088268697,1,5.32533741,1,-3.809304476,1,-0.155957982,0,-1.125718832,0,-2.105827093,0
108.2797089,-9.743379593,1,-5.558529377,1,-5.86494875,1,0.167491764,1,5.365664959,1,-3.798874855,1,-0.118611962,0,-1.106606007,0,-2.146823168,0
108.2837067,-9.869848251,1,-5.518489838,1,-6.083282948,1,0.258845121,1,5.39693737,1,-3.786427259,1,-0.084101126,0,-1.086724639,0,-2.184645176,0
108.2877121,-9.956508636,1,-5.457596302,1,-6.295303822,1,0.366217881,1,5.416753292,1,-3.781659365,1,-0.05210695,0,-1.066174984,0,-2.21957469,0
108.2917099,-9.957439423,1,-5.458343029,1,-6.419494629,1,0.483157516,1,5.422646046,1,-3.766114473,1,-0.022351665,0,-1.045061588,0,-2.251831532,0
108.2957077,-10.09440613,1,-5.452343464,1,-6.66108799,1,0.609535635,1,5.422932625,1,-3.765743494,1,0.005472169,0,-1.023496985,0,-2.281673431,0
108.2997131,-10.23090744,1,-5.533515453,1,-6.852831841,1,0.740929902,1,5.40251112,1,-3.762401581,1,0.031631507,0,-1.001571536,0,-2.309337616,0
108.3037109,-10.41463566,1,-5.614850521,1,-7.058524609,1,0.877118289,1,5.38122654,1,-3.758294582,1,0.056327406,0,-0.97937423,0,-2.335007668,0
108.3077087,-10.6678791,1,-5.724370956,1,-7.233118057,1,1.017021179,1,5.350808144,1,-3.75346446,1,0.079776466,0,-0.956939399,0,-2.358870506,0
108.3117065,-10.97656727,1,-5.935617447,1,-7.434217453,1,1.152573586,1,5.328239918,1,-3.752429247,1,0.102122135,0,-0.93430233,0,-2.381080627,0
108.3157043,-11.30782795,1,-6.276293278,1,-7.598890781,1,1.275738597,1,5.302931309,1,-3.756358147,1,0.123539224,0,-0.911484599,0,-2.401838541,0
108.3197098,-11.62666893,1,-6.538253307,1,-7.896224499,1,1.396884322,1,5.281769753,1,-3.769336939,1,0.14413093,0,-0.888495207,0,-2.421290398,0
108.3237076,-12.05443764,1,-6.946938992,1,-8.154585838,1,1.500867605,1,5.260815144,1,-3.780069828,1,0.163972005,0,-0.865351915,0,-2.439564228,0
108.3277054,-12.5410881,1,-7.282624722,1,-8.498323441,1,1.586190581,1,5.248251438,1,-3.796461105,1,0.183108211,0,-0.842029214,0,-2.456750393,0
108.3317032,-13.08390427,1,-7.674118519,1,-8.838717461,1,1.665450335,1,5.255108833,1,-3.820274353,1,0.201589584,0,-0.818498135,0,-2.47297287,0
108.3357086,-13.64817142,1,-7.950341702,1,-9.218632698,1,1.728299022,1,5.259539604,1,-3.860221863,1,0.219468102,0,-0.79472065,0,-2.488341331,0
108.3397064,-14.25948429,1,-8.242284775,1,-9.676195145,1,1.783319592,1,5.280259609,1,-3.914183617,1,0.23681882,0,-0.77068162,0,-2.502983093,0
108.3437042,-14.85680103,1,-8.40473175,1,-10.17815876,1,1.83770299,1,5.304563522,1,-3.97778964,1,0.25370568,0,-0.746315539,0,-2.516982794,0
108.347702,-15.28909683,1,-8.6307621,1,-10.60409355,1,1.887690067,1,5.336454868,1,-4.047327518,1,0.270154655,0,-0.721614659,0,-2.530422926,0
108.3516998,-15.58287716,1,-8.882177353,1,-11.1260376,1,1.934043765,1,5.34143877,1,-4.114944935,1,0.286229968,0,-0.696595788,0,-2.54336977,0
108.3557053,-15.84290123,1,-9.221495628,1,-11.63088894,1,1.998835921,1,5.346904278,1,-4.18830204,1,0.30199939,0,-0.671319425,0,-2.555877209,0
108.3597031,-16.25217438,1,-9.458536148,1,-12.20102119,1,2.061484575,1,5.313656807,1,-4.259181499,1,0.317538142,0,-0.64585954,0,-2.568009615,0
108.3637009,-17.01115608,1,-9.476037979,1,-12.65023708,1,2.141888142,1,5.270362377,1,-4.329428196,1,0.332915664,0,-0.620307744,0,-2.579815865,0
108.3676987,-18.07416153,1,-9.274259567,1,-13.03061199,1,2.224099636,1,5.202590942,1,-4.41763258,1,0.348232865,0,-0.594715536,0,-2.591378212,0
108.3717041,-19.39512062,1,-8.985062599,1,-13.09996605,1,2.330102921,1,5.138830662,1,-4.513415337,1,0.36361897,0,-0.569109917,0,-2.602793217,0
108.3757019,-20.81844139,1,-8.733118057,1,-12.89640141,1,2.452011108,1,5.063109398,1,-4.626486301,1,0.379156023,0,-0.543473899,0,-2.614121914,0
108.3796997,-22.1653595,1,-8.489286423,1,-12.37180424,1,2.568563223,1,4.991404533,1,-4.733757019,1,0.39490366,0,-0.517778516,0,-2.62540555,0
108.3836975,-23.52839088,1,-8.480225563,1,-11.66390133,1,2.661082745,1,4.907873154,1,-4.83971262,1,0.410817385,0,-0.492051154,0,-2.636668921,0
108.3876953,-24.60790062,1,-8.56533432,1,-10.77648544,1,2.743419886,1,4.811042309,1,-4.940060616,1,0.426801324,0,-0.466331542,0,-2.647883892,0
108.3917007,-25.65243149,1,-8.499187469,1,-9.797692299,1,2.803779602,1,4.660403252,1,-5.007461071,1,0.442805856,0,-0.44076556,0,-2.659076214,0
108.3956985,-26.62751961,1,-7.328439713,1,-8.154691696,1,2.839327812,1,4.504205227,1,-5.071754932,1,0.458715498,0,-0.415485382,0,-2.67022872,0
108.399704,-24.85321617,1,0.820443511,1,-8.621214867,1,2.978127003,1,4.1745224,1,-5.247271061,1,0.474806607,0,-0.390653014,0,-2.681729555,0
108.4037018,-22.3731823,1,3.215893507,1,-8.62290287,1,3.189025879,1,3.750926733,1,-5.379802704,1,0.491700947,0,-0.366766244,0,-2.694054604,0
108.4077072,-23.11526489,1,2.785076857,1,-6.060910702,1,3.471553564,1,3.472733021,1,-5.475478649,1,0.509494781,0,-0.343683958,0,-2.707001448,0
108.411705,-24.60135651,1,3.739914656,1,-5.136039734,1,3.761432409,1,3.140532494,1,-5.469377041,1,0.528271437,0,-0.321322739,0,-2.720175028,0
108.4157028,-25.59316635,1,3.379230261,1,-3.897766829,1,3.973617792,1,2.80684042,1,-5.403341293,1,0.547811806,0,-0.299969196,0,-2.733407021,0
108.4197006,-25.99372292,1,3.288886547,1,-2.793851852,1,4.085786819,1,2.47728157,1,-5.25483036,1,0.567676187,0,-0.279707551,0,-2.746453524,0
108.4236984,-26.46132851,1,4.784593582,1,-2.162491322,1,4.128818035,1,2.122712612,1,-5.079297066,1,0.587518752,0,-0.260713309,0,-2.759207487,0
108.4277039,-26.64108467,1,6.667000294,1,-1.655414224,1,4.137887001,1,1.789148569,1,-4.905064106,1,0.607164919,0,-0.243026018,0,-2.771711588,0
108.4317017,-27.64085007,1,7.806297779,1,-0.735716403,1,4.086281776,1,1.499130607,1,-4.73908329,1,0.62649411,0,-0.226518899,0,-2.783989906,0
108.4356995,-28.92196846,1,8.280498505,1,0.131037518,1,3.956783772,1,1.258337021,1,-4.566022396,1,0.645195663,0,-0.211024627,0,-2.795975208,0
108.4396973,-29.99848938,1,8.466333389,1,1.009123087,1,3.689653635,1,1.02358222,1,-4.383677959,1,0.662882686,0,-0.196500361,0,-2.807650566,0
108.4437027,-31.11168671,1,9.24921608,1,1.782778502,1,3.310527325,1,0.766094208,1,-4.177535057,1,0.686206639,0,-0.189342007,0,-2.797785282,0
108.4477005,-32.2999649,1,10.69908333,1,2.664207935,1,2.877381325,1,0.50140357,1,-3.963169098,1,0.700620115,0,-0.176988438,0,-2.808882952,0
108.4516983,-33.30929947,1,11.89888573,1,3.515718222,1,2.419887543,1,0.250305086,1,-3.718519211,1,0.713067234,0,-0.165853843,0,-2.819755077,0
108.4556961,-33.95252991,1,12.39241028,1,4.408705235,1,1.947205305,1,0.036039904,1,-3.41068697,1,0.723486781,0,-0.156025931,0,-2.830262661,0
108.4596939,-34.11418915,1,11.83925629,1,5.143935204,1,1.444728255,1,-0.172335148,1,-3.024832726,1,0.73177439,0,-0.147657737,0,-2.840175867,0
108.4636993,-33.51558304,1,10.72243786,1,5.676990032,1,0.913935006,1,-0.350827575,1,-2.559463501,1,0.737794578,0,-0.140922666,0,-2.849263191,0
108.4676971,-32.01959229,1,9.827235222,1,5.69336462,1,0.384309739,1,-0.53900218,1,-2.031574249,1,0.741502523,0,-0.136036754,0,-2.857323885,0
108.4716949,-30.13300323,1,9.154194832,1,5.490538597,1,-0.101092458,1,-0.744346142,1,-1.450000525,1,0.742990553,0,-0.13321431,0,-2.864259481,0
108.4756927,-28.38758087,1,8.732925415,1,4.827568054,1,-0.521152973,1,-0.94830066,1,-0.851146519,1,0.742489934,0,-0.132601112,0,-2.869997025,0
108.4796982,-26.78219986,1,7.858643055,1,2.873722076,1,-0.874577284,1,-1.142192483,1,-0.264198363,1,0.740302026,0,-0.13417235,0,-2.874492884,0
108.483696,-3.638751507,1,-9.671957016,1,-1.711026311,1,-2.041575193,1,-1.898057342,1,0.717719972,1,0.735185266,0,-0.138969913,0,-2.877888918,0
108.4876938,-37.23547745,1,1.761274457,1,4.733654976,1,-3.21821928,1,-3.188904762,1,1.786932349,1,0.725023746,0,-0.150139272,0,-2.881023884,0
108.4916916,-19.22685623,1,8.32365036,1,4.041938782,1,-3.386940002,1,-2.918979406,1,2.045357466,1,0.711944759,0,-0.1647681,0,-2.883462191,0
108.4956894,17.14725304,1,1.464552045,1,-0.949822783,1,-3.280477524,1,-2.947332621,1,2.176001549,1,0.698858261,0,-0.178825155,0,-2.884470224,0
108.4996948,-2.929708004,1,-0.756274462,1,-11.39060974,1,-3.619431019,1,-3.419172287,1,2.392002344,1,0.685314,0,-0.194615886,0,-2.885645151,0
108.5036926,-8.697277069,1,-1.53760922,1,-18.78997231,1,-3.555549145,1,-3.169552803,1,2.365030527,1,0.670998335,0,-0.210992038,0,-2.886551619,0
108.5076904,8.357095718,1,-0.412442446,1,-24.93077469,1,-2.915447235,1,-2.83979702,1,2.300842524,1,0.657946467,0,-0.226113141,0,-2.886639833,0
108.5116882,5.195269108,1,-8.399641037,1,-23.07811165,1,-2.96399498,1,-2.860169411,1,2.102342367,1,0.646311641,0,-0.240505204,0,-2.886442184,0
108.5156937,6.058194637,1,-7.815680981,1,-14.54926682,1,-2.906625509,1,-3.062315702,1,1.960330129,1,0.634642065,0,-0.254756808,0,-2.887072086,0
108.5196991,13.08929634,1,2.593746424,1,-12.0181303,1,-2.576909065,1,-3.742908239,1,2.109461069,1,0.623758495,0,-0.270393342,0,-2.88855648,0
108.5236969,6.976169586,1,7.943488121,1,-8.941094398,1,-2.265610456,1,-4.765642166,1,2.559061766,1,0.615009367,0,-0.289635599,0,-2.89075923,0
108.5276947,1.112495661,1,7.059621811,1,-12.51886272,1,-2.059791088,1,-5.492586613,1,2.752100706,1,0.607234836,0,-0.312691778,0,-2.894080877,0
108.5316925,-0.484419167,1,7.993569374,1,-15.46878433,1,-1.843439937,1,-5.999925137,1,2.838903189,1,0.600742579,0,-0.337902784,0,-2.898118734,0
108.5356903,-15.95942783,1,6.113979816,1,-19.71230698,1,-1.724369764,1,-6.139894009,1,2.807058811,1,0.595273852,0,-0.364561439,0,-2.902810097,0
108.5396957,-24.72491455,1,7.040498257,1,-22.49930382,1,-1.480345607,1,-5.534479618,1,2.683809042,1,0.590427876,0,-0.390160203,0,-2.907135487,0
108.5436935,-25.30270958,1,6.63660574,1,-21.99464226,1,-1.229281425,1,-4.869250774,1,2.650619507,1,0.586173296,0,-0.413318932,0,-2.910022974,0
108.5476913,-26.17058182,1,6.91559124,1,-21.05311394,1,-0.880764902,1,-4.347353458,1,2.727747679,1,0.582554936,0,-0.434612006,0,-2.91132164,0
108.5516968,-29.82657814,1,2.945795536,1,-17.69046021,1,-0.79574126,1,-3.779726028,1,2.780444384,1,0.579114735,0,-0.454344034,0,-2.911048651,0
108.5556946,-26.48143005,1,-1.109110713,1,-14.26471519,1,-0.672067583,1,-3.091973305,1,2.70374465,1,0.575278938,0,-0.471827447,0,-2.909089565,0
108.5596924,-26.47786903,1,-6.057952404,1,-11.00431252,1,-0.669498563,1,-2.590477467,1,2.563913345,1,0.571193576,0,-0.48712486,0,-2.906013966,0
108.5636902,-22.89504433,1,-11.07067776,1,-8.806535721,1,-0.689762056,1,-2.147130013,1,2.091955423,1,0.566934884,0,-0.500073493,0,-2.902841091,0
108.567688,-15.16244221,1,-13.12806702,1,-5.587426186,1,-0.867224872,1,-1.911869645,1,1.614804626,1,0.562817752,0,-0.510857522,0,-2.900614023,0
108.5716858,-8.8891325,1,-10.71045589,1,-6.714661598,1,-1.169887543,1,-1.923801541,1,1.34582305,1,0.558221519,0,-0.520414293,0,-2.899602175,0
108.5756912,-10.5678978,1,-7.438450336,1,-6.570440292,1,-1.322922945,1,-1.943207145,1,1.101676106,1,0.553204,0,-0.529598117,0,-2.899553537,0
108.579689,-9.666217804,1,-5.520994186,1,-9.441720009,1,-1.408042908,1,-1.763775468,1,0.989330113,1,0.54797858,0,-0.538125873,0,-2.899995804,0
108.5836868,-12.80874062,1,-0.332174301,1,-12.0994997,1,-1.383270264,1,-1.442138791,1,0.948516607,1,0.542341113,0,-0.545658112,0,-2.900021791,0
108.5876999,-12.53179741,1,2.228519201,1,-12.44478607,1,-1.264770031,1,-0.965055466,1,0.966242015,1,0.536612213,0,-0.551749766,0,-2.899115562,0
108.5916901,-11.70555973,1,2.494645596,1,-11.28419685,1,-1.167264104,1,-0.601425827,1,1.045810103,1,0.530571043,0,-0.556473911,0,-2.896874189,0
108.5956879,-10.80752659,1,0.379353464,1,-10.22253513,1,-1.014588594,1,-0.407445729,1,0.923638165,1,0.524660587,0,-0.560216784,0,-2.893986702,0
108.5996857,-8.780906677,1,-2.302633286,1,-9.028133392,1,-0.850585341,1,-0.367207646,1,0.684163749,1,0.519681096,0,-0.56312412,0,-2.891593695,0
108.6036835,-7.654880047,1,-3.952230215,1,-8.651725769,1,-0.796551049,1,-0.384637028,1,0.509865344,1,0.515584052,0,-0.565623045,0,-2.890057564,0
108.6076965,-6.456542492,1,-3.89887023,1,-8.93265152,1,-0.752672374,1,-0.337104023,1,0.448827833,1,0.511913538,0,-0.567809701,0,-2.888977766,0
108.6116867,-5.560870171,1,-3.705869436,1,-9.288283348,1,-0.731310785,1,-0.321046054,1,0.502007484,1,0.508306563,0,-0.569891512,0,-2.887788296,0
108.6156845,-5.485208035,1,-3.535297632,1,-9.53891468,1,-0.706053793,1,-0.277178794,1,0.5638327,1,0.504588842,0,-0.571974158,0,-2.886241674,0
108.6196823,-5.352870941,1,-3.863645554,1,-9.036844254,1,-0.688054681,1,-0.253568619,1,0.583633423,1,0.500834823,0,-0.573988736,0,-2.884436131,0
108.6236954,-5.512256622,1,-4.228271961,1,-8.467601776,1,-0.672824204,1,-0.265708178,1,0.576169252,1,0.497107893,0,-0.576017439,0,-2.882598639,0
108.6276932,-5.82978344,1,-4.175137043,1,-8.16257,1,-0.662698805,1,-0.244286567,1,0.569731832,1,0.493449718,0,-0.578006864,0,-2.880784512,0
108.631691,-4.857923508,1,-4.209148884,1,-8.238985062,1,-0.664976358,1,-0.232129619,1,0.570721924,1,0.489801049,0,-0.579928339,0,-2.878916979,0
108.6356812,-4.889536858,1,-3.375311136,1,-8.88344574,1,-0.667112768,1,-0.230499029,1,0.584942579,1,0.486065865,0,-0.581843376,0,-2.87699008,0
108.6396942,-4.773330212,1,-2.121380568,1,-8.520534515,1,-0.642916977,1,-0.218776986,1,0.579461455,1,0.482347488,0,-0.583717048,0,-2.875012875,0
108.6436996,-5.385185242,1,-1.384105325,1,-8.536122322,1,-0.611542702,1,-0.218919531,1,0.551606715,1,0.478767186,0,-0.585549831,0,-2.87309289,0
108.6476974,-5.964750767,1,-0.932673752,1,-8.643588066,1,-0.565918267,1,-0.193826377,1,0.492296875,1,0.475422859,0,-0.587262332,0,-2.87131691,0
108.6516953,-5.400877953,1,-0.779861629,1,-8.869983673,1,-0.525637031,1,-0.185129881,1,0.445245713,1,0.47234568,0,-0.588787019,0,-2.86972332,0
108.6556931,-4.572104931,1,-1.074195743,1,-9.10721302,1,-0.482075393,1,-0.192441553,1,0.412636638,1,0.469544321,0,-0.590228498,0,-2.868309259,0
108.6596985,-4.329590321,1,-1.640112877,1,-9.197893143,1,-0.440618783,1,-0.224136099,1,0.385009319,1,0.466997772,0,-0.591694236,0,-2.86704421,0
108.6636963,-4.905907631,1,-2.021948814,1,-8.810267448,1,-0.410593241,1,-0.245288759,1,0.370147049,1,0.464671165,0,-0.593214393,0,-2.865935326,0
108.6676941,-5.88062048,1,-2.265259504,1,-8.629730225,1,-0.380791754,1,-0.259338379,1,0.364385366,1,0.462511003,0,-0.594787717,0,-2.86489296,0
108.6716919,-5.556334972,1,-2.482407808,1,-8.509037971,1,-0.371224403,1,-0.247771591,1,0.364060968,1,0.460430682,0,-0.596336544,0,-2.863871574,0
108.6756897,-5.087628365,1,-2.569028139,1,-8.621934891,1,-0.363920122,1,-0.239093766,1,0.362710297,1,0.458363116,0,-0.597852707,0,-2.862812281,0
108.6796951,-4.674738407,1,-2.686309099,1,-8.595692635,1,-0.376854092,1,-0.244268477,1,0.364842415,1,0.456277311,0,-0.599364519,0,-2.861753941,0
108.6836929,-4.769691944,1,-2.621820211,1,-8.551179886,1,-0.382739276,1,-0.259869456,1,0.357055396,1,0.454176903,0,-0.600911498,0,-2.860720158,0
108.6876907,-4.916875362,1,-2.541004181,1,-8.448927879,1,-0.387305826,1,-0.262839466,1,0.327697545,1,0.452088922,0,-0.602442861,0,-2.85977602,0
108.6916885,-4.953880787,1,-2.319065571,1,-8.690377235,1,-0.380931944,1,-0.280466586,1,0.295190215,1,0.310320795,0,-0.924035192,0,3.10268712,0
108.695694,-4.916691303,1,-1.577993512,1,-8.9921875,1,-0.357358515,1,-0.294434071,1,0.253411442,1,0.307925582,0,-0.925468981,0,3.103831291,0
108.6996918,-4.714369774,1,-0.79850316,1,-9.168890953,1,-0.315426141,1,-0.314176142,1,0.225940213,1,0.305851221,0,-0.926910341,0,3.104735613,0
108.7036896,-4.862432003,1,-0.644569397,1,-9.053373337,1,-0.263066053,1,-0.338362843,1,0.185431987,1,0.304172814,0,-0.928394973,0,3.105383396,0
108.7076874,-5.014896393,1,-0.813324451,1,-9.056816101,1,-0.20721671,1,-0.348345846,1,0.132155895,1,0.30297184,0,-0.929886281,0,3.10571146,0
108.7116852,-5.093229771,1,-0.749383509,1,-8.946855545,1,-0.160758942,1,-0.368769795,1,0.093029357,1,0.302238852,0,-0.931391478,0,3.105709553,0
108.7156906,-4.858366013,1,-0.780133426,1,-9.033519745,1,-0.104298897,1,-0.387828648,1,0.057253838,1,0.301936924,0,-0.932919383,0,3.105434418,0
108.7196884,-4.905282497,1,-0.823907316,1,-8.996369362,1,-0.055170652,1,-0.399518341,1,0.017269699,1,0.302054107,0,-0.934468865,0,3.104895353,0
108.7236862,-4.54738903,1,-1.216058969,1,-8.942994118,1,-0.012284706,1,-0.420070887,1,-0.012755809,1,0.302581072,0,-0.936034858,0,3.104077578,0
108.727684,-4.348340511,1,-1.656896114,1,-9.108475685,1,0.012879985,1,-0.449055284,1,-0.033082016,1,0.303417057,0,-0.937665343,0,3.103054047,0
108.7316895,-4.695617676,1,-2.097248077,1,-8.790241241,1,0.031872597,1,-0.462136418,1,-0.033575177,1,0.304436356,0,-0.939362764,0,3.101914644,0
108.7356873,-4.794548512,1,-2.868366718,1,-8.433906555,1,0.028442185,1,-0.469639808,1,-0.013971133,1,0.305470347,0,-0.941105604,0,3.100797892,0
108.7396851,-5.215888977,1,-3.334592819,1,-8.006538391,1,0.018401571,1,-0.460698098,1,0.003490856,1,0.306366384,0,-0.94287467,0,3.09981513,0
108.7436905,-5.269943237,1,-3.644499779,1,-7.723351479,1,0.000209371,1,-0.432767779,1,0.023347003,1,0.307081699,0,-0.944583774,0,3.098985195,0
108.7476883,-5.356602669,1,-3.64632535,1,-7.559121609,1,-0.035132144,1,-0.399932444,1,0.05264673,1,0.307502359,0,-0.946224034,0,3.098383665,0
108.7516861,-5.422526836,1,-3.406554937,1,-7.510827065,1,-0.05934744,1,-0.372623205,1,0.081346899,1,0.307608783,0,-0.94777894,0,3.09802103,0
108.7556839,-5.664554596,1,-2.873031855,1,-7.441658497,1,-0.070900694,1,-0.336319774,1,0.092594653,1,0.30746904,0,-0.949237645,0,3.097864866,0
108.7596893,-5.507006168,1,-2.47084403,1,-7.635732174,1,-0.058860566,1,-0.306300968,1,0.106144033,1,0.307219326,0,-0.950590611,0,3.097853184,0
108.7636871,-4.99964571,1,-2.470371008,1,-8.093221664,1,-0.057801265,1,-0.314258784,1,0.124275088,1,0.306906849,0,-0.951907933,0,3.097963333,0
108.7676926,-5.265115738,1,-1.898030639,1,-8.175729752,1,-0.036221702,1,-0.313132197,1,0.130040035,1,0.306561381,0,-0.953256309,0,3.098144531,0
108.7716904,-5.097385883,1,-1.903137565,1,-8.102568626,1,-0.011543232,1,-0.316178411,1,0.141440094,1,0.306263983,0,-0.954620659,0,3.098391056,0
108.7756882,-5.161464691,1,-2.17303133,1,-8.193490028,1,0.010233503,1,-0.318135738,1,0.146494508,1,0.306022227,0,-0.956000924,0,3.098685026,0
108.779686,-4.91950798,1,-2.445701122,1,-8.154970169,1,0.029282555,1,-0.324544758,1,0.161486343,1,0.305823088,0,-0.957410574,0,3.099025965,0
108.7836838,-4.88356638,1,-2.631947517,1,-8.187891006,1,0.046201214,1,-0.340322256,1,0.173408285,1,0.305629253,0,-0.958881855,0,3.09944582,0
108.7876892,-4.735801697,1,-2.687410355,1,-8.36024189,1,0.045716833,1,-0.36070922,1,0.193039283,1,0.305412382,0,-0.960431576,0,3.099933624,0
108.791687,-4.823477268,1,-2.257478952,1,-8.432593346,1,0.069390558,1,-0.380174965,1,0.209416091,1,0.305166721,0,-0.962099731,0,3.100506544,0
108.7956848,-4.752994061,1,-2.309471369,1,-8.757364273,1,0.080455087,1,-0.412358165,1,0.225741953,1,0.304973662,0,-0.963873029,0,3.101132393,0
108.7996826,-4.680952072,1,-2.1733675,1,-8.703288078,1,0.065569565,1,-0.457017809,1,0.229707599,1,0.3047598,0,-0.965805054,0,3.101732969,0
108.803688,-4.77916193,1,-1.729454398,1,-8.653130531,1,0.092094943,1,-0.48175934,1,0.226628274,1,0.304628581,0,-0.967868745,0,3.102271318,0
108.8076859,-4.823539734,1,-1.602906108,1,-8.718073845,1,0.141589418,1,-0.510012984,1,0.228507057,1,0.30467999,0,-0.970030963,0,3.102765322,0
108.8116837,-4.816555023,1,-2.224001884,1,-8.64548111,1,0.151689693,1,-0.539769292,1,0.237414643,1,0.304897368,0,-0.97230643,0,3.103234291,0
108.8156891,-4.824602127,1,-2.759378672,1,-8.509819031,1,0.120346032,1,-0.57139504,1,0.240170851,1,0.305091053,0,-0.974711537,0,3.103659153,0
108.8196869,-4.901123047,1,-2.506871939,1,-8.361774445,1,0.114968523,1,-0.597752512,1,0.244038925,1,0.305229962,0,-0.977233231,0,3.104041815,0
108.8236847,-4.895338535,1,-2.404319048,1,-8.356300354,1,0.120745428,1,-0.614591122,1,0.249702975,1,0.305387616,0,-0.979845583,0,3.104412794,0
108.8276825,-4.981932163,1,-2.383496046,1,-8.335458755,1,0.124815382,1,-0.628269911,1,0.256602764,1,0.305547357,0,-0.982527673,0,3.104808807,0
108.8316803,-5.066477776,1,-2.327429056,1,-8.21314621,1,0.125433534,1,-0.645843804,1,0.263040811,1,0.305719018,0,-0.985266089,0,3.105207443,0
108.8356781,-5.279520035,1,-2.376185656,1,-8.176527023,1,0.129954025,1,-0.657206833,1,0.26352784,1,0.305906296,0,-0.988070488,0,3.105601311,0
108.8396835,-5.267381668,1,-2.454902887,1,-7.981540203,1,0.11048156,1,-0.660877943,1,0.2668235,1,0.306067109,0,-0.99090451,0,3.105994225,0
108.8436813,-5.343444824,1,-2.361189604,1,-7.949282169,1,0.116089575,1,-0.671968281,1,0.262460053,1,0.306213796,0,-0.993767262,0,3.10635972,0
108.8476791,-5.422406197,1,-2.317411423,1,-7.858558178,1,0.11749728,1,-0.67127353,1,0.262758851,1,0.306382716,0,-0.996648788,0,3.106710196,0
108.8516846,-5.45569706,1,-2.34625721,1,-7.755717754,1,0.126663104,1,-0.667892635,1,0.268739104,1,0.306543142,0,-0.999522388,0,3.107088566,0
108.8556824,-5.486845016,1,-2.475444078,1,-7.806976795,1,0.113977216,1,-0.672676086,1,0.273358583,1,0.306681216,0,-1.00240767,0,3.10748291,0
108.8596802,-5.515792847,1,-2.355045795,1,-7.833693504,1,0.104386605,1,-0.671973109,1,0.271177858,1,0.306761414,0,-1.005305171,0,3.107905626,0
108.863678,-5.542922497,1,-2.55804491,1,-7.874832153,1,0.09674786,1,-0.672851861,1,0.280192465,1,0.306780696,0,-1.008209348,0,3.108361244,0
108.8676758,-5.500091076,1,-2.67969799,1,-7.95601368,1,0.076584384,1,-0.675147712,1,0.289328724,1,0.306697249,0,-1.011122704,0,3.108865976,0
108.8716812,-5.312601089,1,-2.672193527,1,-7.856540203,1,0.062865049,1,-0.684808552,1,0.299010724,1,0.306505442,0,-1.014068484,0,3.109425306,0
108.875679,-5.351731777,1,-2.620643139,1,-7.90330267,1,0.059925273,1,-0.686083853,1,0.312675387,1,0.306205153,0,-1.01704824,0,3.11006546,0
108.8796768,-5.379507065,1,-2.703802347,1,-7.873343945,1,0.061420392,1,-0.699124515,1,0.322986454,1,0.305824846,0,-1.020071983,0,3.110793591,0
108.8836823,-5.37616539,1,-2.858160734,1,-7.878565788,1,0.048580971,1,-0.700851858,1,0.340780705,1,0.305356026,0,-1.023134947,0,3.111598253,0
108.8876801,-5.339533806,1,-2.948024988,1,-7.84936142,1,0.04203061,1,-0.710442305,1,0.356188446,1,0.304751694,0,-1.026245475,0,3.112520218,0
108.8916855,-5.429395676,1,-2.987305403,1,-7.802318096,1,0.026896365,1,-0.720832288,1,0.382870615,1,0.303977937,0,-1.02941978,0,3.113590717,0
108.8956833,-5.472486973,1,-2.903673649,1,-7.841509342,1,0.015883725,1,-0.734376431,1,0.40437746,1,0.303028345,0,-1.03265667,0,3.114807606,0
108.8996811,-5.680375099,1,-3.002039433,1,-7.822806358,1,-0.005411477,1,-0.744020402,1,0.429866821,1,0.301858962,0,-1.035976052,0,3.116201401,0
108.9036789,-5.625613689,1,-2.891901493,1,-7.718378067,1,-0.028006155,1,-0.747715175,1,0.449053556,1,0.300440252,0,-1.039343953,0,3.11776638,0
108.9076767,-5.570020676,1,-2.736502886,1,-7.813173771,1,-0.051389754,1,-0.770734131,1,0.468471646,1,0.298808306,0,-1.042792797,0,3.119469881,0
108.9116821,-5.610254765,1,-2.594551325,1,-7.985663414,1,-0.056580108,1,-0.782021582,1,0.48992756,1,0.297012389,0,-1.04632318,0,3.121294022,0
108.9156799,-5.655030251,1,-2.665969372,1,-8.043037415,1,-0.076784924,1,-0.804467261,1,0.506278336,1,0.295037895,0,-1.049944639,0,3.123269081,0
108.9196777,-5.593492985,1,-2.682253361,1,-8.036633492,1,-0.094793253,1,-0.82749331,1,0.52318728,1,0.29290843,0,-1.053660035,0,3.125330687,0
108.9236832,-5.736709595,1,-2.725079536,1,-8.091391563,1,-0.113064557,1,-0.846786499,1,0.543671906,1,0.29058674,0,-1.057480335,0,3.127516508,0
108.927681,-5.535886765,1,-2.52797246,1,-8.016866684,1,-0.125276163,1,-0.871095359,1,0.561014831,1,0.288064897,0,-1.061405659,0,3.129846573,0
108.9316788,-5.604391098,1,-2.368937969,1,-8.187654495,1,-0.137347743,1,-0.902283609,1,0.579859436,1,0.285405636,0,-1.065446258,0,3.132287025,0
108.9356766,-5.621254921,1,-2.265759945,1,-8.176854134,1,-0.133260056,1,-0.923081756,1,0.590943515,1,0.282634854,0,-1.069610834,0,3.134832144,0
108.9396744,-6.163561344,1,-2.580595255,1,-7.39107275,1,-0.198705554,1,-0.705179214,1,0.521824062,1,0.279675543,0,-1.073539138,0,3.137488127,0
108.9436798,-8.009602547,1,0.049278431,1,-11.37598133,1,0.034222204,1,-1.088101983,1,0.627884805,1,0.265867293,0,-1.078428268,0,-3.094460011,0
108.9476776,-5.694031715,1,-2.610146046,1,-7.309034824,1,-0.050239496,1,-0.962309897,1,0.636863291,1,0.263184756,0,-1.082853436,0,-3.091394186,0
108.9516754,-4.436851978,1,-6.10331583,1,-7.287383556,1,-0.207709581,1,-1.086547375,1,0.605839729,1,0.260050416,0,-1.087516069,0,-3.088502645,0
108.9556732,-6.089717388,1,-2.401893377,1,-8.993281364,1,-0.222506642,1,-1.09960711,1,0.660827279,1,0.256716549,0,-1.092389703,0,-3.085721493,0
108.9596787,-5.052693367,1,-1.674699664,1,-8.03729248,1,-0.181171611,1,-1.121035337,1,0.721767068,1,0.252838135,0,-1.097386599,0,-3.082277775,0
108.9636765,-5.774231434,1,-2.833935022,1,-7.99772644,1,-0.18202503,1,-1.169202805,1,0.732319117,1,0.248809576,0,-1.10253942,0,-3.078563213,0
108.9676743,-6.222400665,1,-2.944844723,1,-7.777504444,1,-0.237403765,1,-1.195994973,1,0.735713184,1,0.244643167,0,-1.107853413,0,-3.074822664,0
108.9716721,-5.793586254,1,-2.450516701,1,-7.93186903,1,-0.273703218,1,-1.226417303,1,0.746914446,1,0.240136787,0,-1.113266945,0,-3.070942879,0
108.9756699,-5.623430729,1,-2.383591652,1,-8.063194275,1,-0.303017169,1,-1.258128762,1,0.76360786,1,0.235378742,0,-1.118805528,0,-3.066941023,0
108.9796753,-5.605147362,1,-2.469013214,1,-8.031602859,1,-0.321063399,1,-1.296457171,1,0.780471265,1,0.230369061,0,-1.124489546,0,-3.062755823,0
108.9836731,-5.841792107,1,-2.694844484,1,-7.94716692,1,-0.346396536,1,-1.342523932,1,0.797783732,1,0.225056902,0,-1.13034904,0,-3.058357239,0
108.9876709,-5.980189323,1,-2.98266387,1,-8.030363083,1,-0.389489383,1,-1.368582368,1,0.821875334,1,0.219378963,0,-1.136345983,0,-3.053708553,0
108.9916687,-5.652222633,1,-2.974290848,1,-8.214946747,1,-0.420053899,1,-1.418230295,1,0.847304702,1,0.213277921,0,-1.142500877,0,-3.048764467,0
108.9956741,-5.672701359,1,-2.637284756,1,-8.238773346,1,-0.443426222,1,-1.474942207,1,0.881623983,1,0.206740767,0,-1.148874402,0,-3.043488026,0
108.9996719,-5.785151005,1,-2.639185905,1,-8.241552353,1,-0.459419459,1,-1.531973124,1,0.912706077,1,0.199744925,0,-1.155495048,0,-3.037806034,0
109.0036774,-5.902248859,1,-2.802886248,1,-8.247092247,1,-0.485368133,1,-1.588610768,1,0.947858751,1,0.192270577,0,-1.162339211,0,-3.031702518,0
109.0076752,-5.790362835,1,-2.876473427,1,-8.198025703,1,-0.522501171,1,-1.651714325,1,0.976357758,1,0.184264719,0,-1.169427991,0,-3.025183916,0
109.011673,-5.798186302,1,-2.662630558,1,-8.365659714,1,-0.56827271,1,-1.720782161,1,1.009107351,1,0.175641716,0,-1.176780462,0,-3.018205404,0
109.0156784,-5.602083683,1,-2.283199549,1,-8.460082054,1,-0.588389456,1,-1.799759746,1,1.043828726,1,0.166418836,0,-1.184407711,0,-3.010730267,0
109.0196762,-5.61587429,1,-2.085475683,1,-8.649823189,1,-0.605251908,1,-1.884254575,1,1.071225166,1,0.15659076,0,-1.192363739,0,-3.002723455,0
109.023674,-5.569115639,1,-1.903454781,1,-8.790075302,1,-0.625596642,1,-1.971412897,1,1.096792102,1,0.146180615,0,-1.200628877,0,-2.994187593,0
109.0276718,-5.54676342,1,-1.693956256,1,-8.910203934,1,-0.635346532,1,-2.065929174,1,1.113695383,1,0.135186613,0,-1.209244967,0,-2.985117435,0
109.0316772,-5.498356342,1,-1.537391663,1,-9.042724609,1,-0.637421131,1,-2.180986643,1,1.129476666,1,0.123654045,0,-1.218245745,0,-2.975534201,0
109.035675,-5.281169415,1,-1.438728094,1,-9.090488434,1,-0.642208636,1,-2.297352552,1,1.157701254,1,0.111437008,0,-1.227673769,0,-2.965267658,0
109.0396729,-5.35577774,1,-1.496939778,1,-9.254286766,1,-0.637459457,1,-2.432803631,1,1.193606257,1,0.098407619,0,-1.237567306,0,-2.954164743,0
109.0436707,-5.644593239,1,-1.676792502,1,-9.441252708,1,-0.638054848,1,-2.567224026,1,1.228145719,1,0.084358193,0,-1.247974753,0,-2.942028046,0
109.0476685,-5.461575985,1,-1.8552953,1,-9.556397438,1,-0.623731196,1,-2.710778475,1,1.265111804,1,0.069209844,0,-1.258872509,0,-2.928731203,0
109.0516739,-5.274369717,1,-1.749813676,1,-9.772194862,1,-0.605166852,1,-2.865089417,1,1.304212451,1,0.052674025,0,-1.270309448,0,-2.913959503,0
109.0556717,-4.929516315,1,-1.810163856,1,-10.02094078,1,-0.583255231,1,-3.050263166,1,1.357444406,1,0.034473501,0,-1.282361865,0,-2.897418499,0
109.0596695,-5.003457069,1,-1.791129827,1,-10.60197544,1,-0.560391426,1,-3.246603727,1,1.399109602,1,0.014234894,0,-1.295082092,0,-2.878725767,0
109.0636673,-4.74802494,1,-1.859712124,1,-11.14504051,1,-0.547932625,1,-3.464182615,1,1.453024745,1,-0.008536231,0,-1.308499694,0,-2.857402325,0
109.0676727,-4.51789856,1,-1.9908216,1,-11.6620779,1,-0.554157078,1,-3.725249529,1,1.502270103,1,-0.034631383,0,-1.322752714,0,-2.832707644,0
109.0716705,-4.515650749,1,-2.281042576,1,-12.27111244,1,-0.548805237,1,-4.006391048,1,1.552919745,1,-0.064869232,0,-1.337885022,0,-2.803843737,0
109.0756683,-4.712681293,1,-3.053276062,1,-12.62185669,1,-0.5755741,1,-4.290250301,1,1.615762115,1,-0.100689091,0,-1.353892326,0,-2.769402981,0
109.0796738,-5.177628994,1,-4.344189167,1,-13.11441135,1,-0.630583584,1,-4.60063839,1,1.698908448,1,-0.144501194,0,-1.370732546,0,-2.727082253,0
109.0836716,-6.043867111,1,-5.913208961,1,-13.29846859,1,-0.727796435,1,-4.881859779,1,1.82871294,1,-0.199769884,0,-1.388218999,0,-2.67355442,0
109.0876694,-7.132383347,1,-7.846335411,1,-13.46838474,1,-0.878382981,1,-5.128606319,1,1.992702484,1,-0.271992683,0,-1.405916572,0,-2.603468657,0
109.0916672,-7.890539646,1,-8.884272575,1,-12.67963696,1,-1.016992569,1,-5.320075512,1,2.168931007,1,-0.367082804,0,-1.423133016,0,-2.511060238,0
109.095665,-8.520898819,1,-11.00646687,1,-13.437006,1,-1.282915711,1,-5.526206493,1,2.424868822,1,-0.49603191,0,-1.439041615,0,-2.385528564,0
109.0996628,-8.580870628,1,-10.81973839,1,-13.97836781,1,-1.515756607,1,-5.70388937,1,2.684618473,1,-0.667692304,0,-1.452233434,0,-2.2181499,0
109.1036682,-10.2444334,1,-10.33047962,1,-14.35046387,1,-1.788948059,1,-5.849206448,1,2.94448185,1,-0.886083603,0,-1.460869074,0,-2.004988432,0
109.107666,-15.31404877,1,-10.44386101,1,-14.81486893,1,-2.019911766,1,-5.857423782,1,3.106878281,1,-1.135256767,0,-1.463084698,0,-1.762013435,0
109.1116638,-16.32197189,1,-11.54219341,1,-14.14512157,1,-2.258910894,1,-5.725096703,1,3.309801817,1,-1.3790766,0,-1.458014488,0,-1.525314093,0
109.1156693,-12.5085268,1,-12.49424171,1,-12.91374111,1,-2.560143471,1,-5.757210255,1,3.561952829,1,-1.590202928,0,-1.446224213,0,-1.322398305,0
109.1196671,-13.53761005,1,-12.05904293,1,-14.64575672,1,-2.875364065,1,-5.812035561,1,3.780634165,1,-1.761837602,0,-1.429107904,0,-1.160222054,0
109.1236725,-16.48544121,1,-8.719055176,1,-15.1984129,1,-2.967306614,1,-5.730082035,1,3.803820372,1,-1.89436698,0,-1.408487201,0,-1.038051963,0
109.1276703,-15.46202946,1,-6.021277428,1,-14.96282005,1,-2.905498981,1,-5.689867496,1,3.887682199,1,-1.99512732,0,-1.385832429,0,-0.947708309,0
109.1316681,-16.68361473,1,-6.227296829,1,-14.94013023,1,-2.748007059,1,-5.720993519,1,3.882415056,1,-2.074121475,0,-1.36170125,0,-0.878694892,0
109.1356659,-19.53698921,1,-5.888514996,1,-14.61299801,1,-2.650184631,1,-5.588128567,1,3.91404891,1,-2.136178017,0,-1.336713195,0,-0.826150239,0
109.1396713,-18.98972321,1,-8.598618507,1,-13.04235363,1,-2.590352058,1,-5.489239216,1,3.954197168,1,-2.184999466,0,-1.311343551,0,-0.786576807,0
109.1436691,-20.32718658,1,-9.983140945,1,-11.86823654,1,-2.68510294,1,-5.324462891,1,4.089330673,1,-2.223914623,0,-1.285555482,0,-0.75709486,0
109.1476669,-20.44425964,1,-9.210137367,1,-12.38778687,1,-2.843084335,1,-5.133200169,1,4.076392174,1,-2.255346775,0,-1.259716511,0,-0.735789716,0
109.1516724,-19.21490097,1,-8.744616508,1,-10.7392025,1,-2.861973524,1,-4.989254951,1,4.02862978,1,-2.282055378,0,-1.234334588,0,-0.719677508,0
109.1556702,-16.55694008,1,-8.671692848,1,-9.871071815,1,-2.969062328,1,-4.760529041,1,4.160885811,1,-2.304117918,0,-1.209149599,0,-0.708563268,0
109.159668,-13.4781065,1,-7.957893848,1,-9.112307549,1,-3.138388395,1,-4.510596752,1,4.154408932,1,-2.32246995,0,-1.184315681,0,-0.701980948,0
109.1636658,-8.676921844,1,-7.036019802,1,-8.603786469,1,-3.263839006,1,-4.139914036,1,4.054479122,1,-2.338256836,0,-1.160471201,0,-0.69875735,0
109.1676636,-6.527798653,1,-6.104534626,1,-8.220518112,1,-3.331358194,1,-3.794343233,1,3.976080418,1,-2.35173893,0,-1.137927055,0,-0.698473036,0
109.171669,-9.988927841,1,-5.18723011,1,-8.814016342,1,-3.268973112,1,-3.578226566,1,3.848902941,1,-2.363481045,0,-1.11641109,0,-0.700146914,0
109.1756668,-13.67716694,1,-3.370718479,1,-11.08321476,1,-2.943411589,1,-3.258888245,1,3.536972761,1,-2.373986244,0,-1.096256018,0,-0.702377796,0
109.1796646,-15.02062893,1,-1.523616672,1,-11.90839577,1,-2.505978346,1,-2.906625986,1,3.227463245,1,-2.382496834,0,-1.078010917,0,-0.705087841,0
109.1836624,-20.2466526,1,1.946610451,1,-13.00464249,1,-1.917003036,1,-2.569585323,1,2.827955484,1,-2.389039993,0,-1.061738968,0,-0.707797408,0
109.1876678,-28.88004684,1,2.374109983,1,-15.82197952,1,-1.27576983,1,-1.943753123,1,2.556027174,1,-2.392481327,0,-1.047693372,0,-0.711091638,0
109.1916656,-22.36444473,1,-2.117129087,1,-16.95140266,1,-0.944852591,1,-1.052071691,1,2.223866463,1,-2.377909184,0,-1.032645464,0,-0.690803409,0
109.1956635,-12.74060822,1,-5.443622589,1,-14.81748486,1,-0.660655856,1,-0.395386547,1,1.840876222,1,-2.374574184,0,-1.024966121,0,-0.698458254,0
109.1996613,-8.953431129,1,-7.855837822,1,-12.24874973,1,-0.32913357,1,0.032037031,1,1.488615751,1,-2.369546175,0,-1.019861221,0,-0.706658721,0
109.2036591,-8.71391201,1,-8.836481094,1,-11.37459755,1,-0.192149043,1,0.363624185,1,1.280302525,1,-2.363230228,0,-1.016578913,0,-0.715219438,0
109.2076645,-9.322918892,1,-9.061394691,1,-11.65446472,1,-0.280134827,1,0.691503942,1,1.162166357,1,-2.356153965,0,-1.014633775,0,-0.724603236,0
109.2116623,-7.811362267,1,-9.375724792,1,-11.36321831,1,-0.464088649,1,0.995076597,1,1.038047194,1,-2.348781347,0,-1.013889313,0,-0.735035837,0
109.2156601,-5.478597641,1,-9.381141663,1,-10.24380875,1,-0.60384059,1,1.198024988,1,0.915943205,1,-2.341459513,0,-1.014169931,0,-0.746194124,0
109.2196579,-3.852547407,1,-8.979218483,1,-9.197434425,1,-0.689728975,1,1.329006672,1,0.793637872,1,-2.334374428,0,-1.01523447,0,-0.757588327,0
109.2236633,-2.60443449,1,-8.405452728,1,-8.424123764,1,-0.772621691,1,1.443526268,1,0.693867385,1,-2.327516079,0,-1.016902804,0,-0.769089103,0
109.2276611,-1.566891313,1,-7.852496147,1,-7.789121151,1,-0.862862468,1,1.529999018,1,0.609832942,1,-2.320856094,0,-1.019082546,0,-0.780746222,0
109.2316589,-0.909976363,1,-7.430914879,1,-7.387167931,1,-0.933176398,1,1.601680636,1,0.531904638,1,-2.314410925,0,-1.021667957,0,-0.792517424,0
109.2356567,-0.756165326,1,-7.081820965,1,-7.060849667,1,-0.975020111,1,1.648588896,1,0.448085248,1,-2.308200836,0,-1.024609685,0,-0.804274797,0
109.2396545,-0.713932276,1,-6.844223499,1,-6.751605034,1,-0.983284831,1,1.704524875,1,0.35447371,1,-2.302129745,0,-1.027919292,0,-0.815968275,0
109.24366,-0.60112381,1,-6.605085373,1,-6.412192345,1,-0.975539684,1,1.755542278,1,0.261372745,1,-2.296106339,0,-1.031615734,0,-0.827577055,0
109.2476654,-0.426131278,1,-6.382724762,1,-6.125741959,1,-0.956028461,1,1.80874455,1,0.167044193,1,-2.290022373,0,-1.035681009,0,-0.839150548,0
109.2516632,-0.467853159,1,-6.27666378,1,-5.980810642,1,-0.935438395,1,1.862635493,1,0.076828025,1,-2.283856869,0,-1.040129662,0,-0.850707471,0
109.255661,-0.628080964,1,-6.254816055,1,-5.761101723,1,-0.905068457,1,1.938284397,1,-0.010178386,1,-2.27750659,0,-1.044983387,0,-0.862325966,0
109.2596664,-0.933755636,1,-6.251608849,1,-5.618598461,1,-0.858553946,1,2.028859615,1,-0.116156101,1,-2.270846367,0,-1.050304413,0,-0.874090493,0
109.2636642,-1.329059362,1,-6.355669498,1,-5.556428909,1,-0.815078676,1,2.134334803,1,-0.213694036,1,-2.263714552,0,-1.056141973,0,-0.886148572,0
109.267662,-1.680386066,1,-6.381646156,1,-5.472310066,1,-0.776915371,1,2.257582903,1,-0.322698951,1,-2.25604105,0,-1.062544942,0,-0.898597836,0
109.2716599,-1.957751751,1,-6.478515625,1,-5.398200035,1,-0.738791108,1,2.387409687,1,-0.431011885,1,-2.247731209,0,-1.069555283,0,-0.911555529,0
109.2756577,-2.194030046,1,-6.602466106,1,-5.280992985,1,-0.720394254,1,2.535951376,1,-0.550302863,1,-2.238706112,0,-1.077227712,0,-0.925145328,0
109.2796631,-2.353197336,1,-6.728477478,1,-5.228757858,1,-0.694957852,1,2.684707165,1,-0.677174687,1,-2.228916407,0,-1.085581183,0,-0.93944335,0
109.2836609,-2.707781792,1,-6.724628448,1,-5.227233887,1,-0.687644362,1,2.84078002,1,-0.803881228,1,-2.21829772,0,-1.094637871,0,-0.954545856,0
109.2876587,-2.969685555,1,-6.773492813,1,-5.17337656,1,-0.679264545,1,2.999091148,1,-0.944272518,1,-2.20677495,0,-1.104432225,0,-0.970547318,0
109.2916565,-3.223808765,1,-6.744322777,1,-5.143552303,1,-0.674214184,1,3.162817478,1,-1.083239436,1,-2.194213629,0,-1.114967823,0,-0.987588048,0
109.2956619,-3.354964018,1,-6.766241074,1,-5.0615592,1,-0.678848147,1,3.324989796,1,-1.226421833,1,-2.180548668,0,-1.126241684,0,-1.005773664,0
109.2996597,-3.302783012,1,-6.828226566,1,-4.878819942,1,-0.688251197,1,3.478002787,1,-1.360751152,1,-2.165643692,0,-1.138213396,0,-1.025258064,0
109.3036575,-3.37154007,1,-6.806805134,1,-4.79634428,1,-0.690042675,1,3.61844492,1,-1.494038343,1,-2.149355888,0,-1.150828123,0,-1.046178102,0
109.307663,-3.12569952,1,-6.879094124,1,-4.630865574,1,-0.700795233,1,3.73592782,1,-1.623754859,1,-2.131578684,0,-1.164022565,0,-1.068642735,0
109.3116608,-3.023115158,1,-6.76556778,1,-4.509869099,1,-0.713846803,1,3.834142208,1,-1.745170355,1,-2.112233877,0,-1.17768383,0,-1.092711806,0
109.3156586,-3.130264044,1,-6.681596756,1,-4.412055969,1,-0.713238358,1,3.908737898,1,-1.848968744,1,-2.091181517,0,-1.191724658,0,-1.118513703,0
109.3196564,-3.176773071,1,-6.538767338,1,-4.321137905,1,-0.715361536,1,3.968933582,1,-1.960911393,1,-2.068252563,0,-1.206059933,0,-1.146193981,0
109.3236542,-3.294923782,1,-6.337830067,1,-4.226686478,1,-0.700958133,1,4.015825272,1,-2.05903101,1,-2.043279171,0,-1.220616817,0,-1.175877571,0
109.327652,-3.573716402,1,-6.225811958,1,-4.202765942,1,-0.678682864,1,4.055776596,1,-2.163450718,1,-2.015996218,0,-1.235339522,0,-1.207786322,0
109.3316574,-4.08694458,1,-6.097904205,1,-4.224309444,1,-0.640367091,1,4.101039886,1,-2.263247013,1,-1.985925913,0,-1.250192046,0,-1.242337823,0
109.3356552,-4.618524551,1,-6.012897968,1,-4.329855442,1,-0.583814085,1,4.149881363,1,-2.362886906,1,-1.952512741,0,-1.265125871,0,-1.280035496,0
109.339653,-5.284135818,1,-5.962524414,1,-4.372259617,1,-0.522048354,1,4.214830399,1,-2.47496295,1,-1.915036321,0,-1.280111432,0,-1.321563363,0
109.3436584,-5.93642664,1,-5.957569599,1,-4.517394543,1,-0.457852125,1,4.295829773,1,-2.59212327,1,-1.87259841,0,-1.295133114,0,-1.367807388,0
109.3476563,-6.54616785,1,-5.940333843,1,-4.663075924,1,-0.39317891,1,4.389801025,1,-2.719942331,1,-1.82410264,0,-1.310103416,0,-1.419859409,0
109.3516541,-7.134810925,1,-5.947552204,1,-4.785660267,1,-0.32954672,1,4.496807575,1,-2.8517735,1,-1.768247008,0,-1.324938416,0,-1.479046822,0
109.3556519,-7.606929779,1,-6.061531067,1,-4.874781132,1,-0.277972907,1,4.605808258,1,-2.986936569,1,-1.703531623,0,-1.339463472,0,-1.546894073,0
109.3596497,-7.742646217,1,-6.224393845,1,-5.007416725,1,-0.235175446,1,4.710050583,1,-3.11923933,1,-1.628367901,0,-1.353410959,0,-1.625044465,0
109.3636551,-7.879306316,1,-6.391495705,1,-4.968369484,1,-0.206776947,1,4.817910194,1,-3.236574411,1,-1.541001201,0,-1.366401672,0,-1.715290308,0
109.3676682,-7.837858677,1,-6.458693504,1,-4.968970299,1,-0.191581979,1,4.903534412,1,-3.341214418,1,-1.440235734,0,-1.37798214,0,-1.818882227,0
109.371666,-7.840468407,1,-6.519899845,1,-4.98944521,1,-0.173160776,1,4.966976643,1,-3.432830095,1,-1.325614333,0,-1.387627482,0,-1.93629384,0
109.3756638,-7.797436714,1,-6.470107555,1,-4.926399708,1,-0.161014095,1,5.019645214,1,-3.507873535,1,-1.198073864,0,-1.394803047,0,-2.066602707,0
109.3796539,-7.690587997,1,-6.514508247,1,-4.823506832,1,-0.153495327,1,5.062781811,1,-3.562529564,1,-1.06032598,0,-1.398982525,0,-2.207094669,0
109.3836517,-7.700862885,1,-6.475959301,1,-4.803081512,1,-0.134225801,1,5.091107368,1,-3.602906227,1,-0.917273045,0,-1.399800658,0,-2.352852821,0
109.3876648,-7.737496376,1,-6.446222305,1,-4.763990402,1,-0.115019009,1,5.099106789,1,-3.635777235,1,-0.77478528,0,-1.397128344,0,-2.497979641,0
109.3916626,-7.838532925,1,-6.35814333,1,-4.769920349,1,-0.081535839,1,5.108510017,1,-3.656902075,1,-0.6386801,0,-1.391055822,0,-2.636631012,0
109.3956604,-7.998526573,1,-6.249910355,1,-4.839995861,1,-0.038753055,1,5.107160091,1,-3.669932365,1,-0.513238132,0,-1.381879091,0,-2.76447463,0
109.3996582,-8.219086647,1,-6.227577209,1,-4.961296082,1,0.01620104,1,5.101202965,1,-3.673192739,1,-0.400767654,0,-1.370024204,0,-2.879146338,0
109.4036636,-8.469069481,1,-6.266310215,1,-5.118756294,1,0.081031412,1,5.088043213,1,-3.672724962,1,-0.301828772,0,-1.355940819,0,-2.980061054,0
109.4076614,-8.936003685,1,-6.353674412,1,-5.341480732,1,0.160880119,1,5.077828884,1,-3.669894934,1,-0.215698943,0,-1.34003067,0,-3.067882061,0
109.4116592,-9.541503906,1,-6.469134808,1,-5.587641239,1,0.250215352,1,5.089677334,1,-3.667421818,1,-0.140978649,0,-1.322599769,0,3.139235973,0
109.4156647,-10.25395679,1,-6.60880518,1,-5.893211365,1,0.34546262,1,5.115804672,1,-3.670478821,1,-0.07599818,0,-1.303902149,0,3.073272467,0
109.4196625,-10.82104492,1,-6.697965145,1,-6.196685791,1,0.44922781,1,5.149734497,1,-3.680722713,1,-0.019255899,0,-1.284086704,0,3.015927315,0
109.4236603,-11.31734085,1,-6.834156513,1,-6.46482563,1,0.550761461,1,5.19214344,1,-3.703018427,1,0.030600643,0,-1.263317227,0,2.965876818,0
109.4276581,-11.6341114,1,-7.010977745,1,-6.707108498,1,0.657296658,1,5.229652882,1,-3.729435444,1,0.074756175,0,-1.241699219,0,2.921940088,0
109.4316559,-12.08249569,1,-7.235690117,1,-6.87076807,1,0.760662973,1,5.272407532,1,-3.762968302,1,0.114112213,0,-1.219374657,0,2.883198977,0
109.4356613,-12.32200146,1,-7.417724609,1,-7.079833031,1,0.860120595,1,5.308952808,1,-3.805497646,1,0.149541378,0,-1.196406364,0,2.848772049,0
109.4396591,-12.37520123,1,-7.596580982,1,-7.162889481,1,0.947254181,1,5.327023983,1,-3.84769702,1,0.181652933,0,-1.172897696,0,2.818015575,0
109.4436569,-12.36683559,1,-7.784235954,1,-7.319566727,1,1.032311201,1,5.324618816,1,-3.898573399,1,0.232800141,0,-1.15770781,0,2.818113327,0
109.4476547,-12.34503651,1,-7.892867088,1,-7.474639893,1,1.112634659,1,5.309401512,1,-3.943304539,1,0.259237587,0,-1.133246183,0,2.793806314,0
109.4516602,-12.34584713,1,-8.042282104,1,-7.674529076,1,1.186898828,1,5.27513361,1,-3.988554239,1,0.283732176,0,-1.108591199,0,2.771713972,0
109.455658,-12.31580067,1,-8.082564354,1,-7.862923145,1,1.26976645,1,5.222901344,1,-4.02374649,1,0.306605041,0,-1.083848238,0,2.751522541,0
109.4596558,-12.35223198,1,-8.108341217,1,-8.119974136,1,1.35749352,1,5.150562763,1,-4.06086731,1,0.328167319,0,-1.059081554,0,2.732942581,0
109.4636536,-12.57678795,1,-8.087310791,1,-8.407997131,1,1.454509616,1,5.073541641,1,-4.100736618,1,0.34869206,0,-1.034375668,0,2.715728045,0
109.4676514,-12.8867588,1,-8.195619583,1,-8.758499146,1,1.557950735,1,4.990419388,1,-4.131778717,1,0.368376255,0,-1.009743094,0,2.69972086,0
109.4716568,-13.30942154,1,-8.401428223,1,-9.176299095,1,1.670840502,1,4.912297249,1,-4.166853428,1,0.387403309,0,-0.985206544,0,2.684748888,0
109.4756546,-13.90184784,1,-8.746676445,1,-9.603474617,1,1.775093317,1,4.827475548,1,-4.204757214,1,0.405913711,0,-0.960773647,0,2.670687675,0
109.4796524,-14.57269573,1,-9.037045479,1,-10.14637852,1,1.876941085,1,4.745172501,1,-4.236973286,1,0.423992664,0,-0.936457396,0,2.657427788,0
109.4836578,-15.36131001,1,-9.230909348,1,-10.77616024,1,1.969905972,1,4.669062138,1,-4.275763035,1,0.441701174,0,-0.912221134,0,2.644876003,0
109.4876633,-16.29244423,1,-9.510518074,1,-11.31156635,1,2.056369066,1,4.603573322,1,-4.331596375,1,0.45912379,0,-0.888027608,0,2.632916927,0
109.4916611,-17.37709618,1,-9.821185112,1,-11.83760262,1,2.137956142,1,4.55920887,1,-4.396718502,1,0.476295233,0,-0.86380142,0,2.621481895,0
109.4956589,-18.5001049,1,-10.0941658,1,-12.3070097,1,2.21634078,1,4.530481815,1,-4.461736679,1,0.493242562,0,-0.839469373,0,2.610544205,0
109.4996567,-19.69662285,1,-10.41672897,1,-12.70585728,1,2.288441896,1,4.508474827,1,-4.538838863,1,0.509964585,0,-0.814971924,0,2.600065947,0
109.5036545,-21.08595657,1,-10.51987648,1,-13.14623165,1,2.347286463,1,4.492135525,1,-4.623487473,1,0.52648443,0,-0.790258527,0,2.589991808,0
109.5076599,-22.38335037,1,-10.39345932,1,-13.23526382,1,2.412755013,1,4.477827072,1,-4.724378109,1,0.54285264,0,-0.765290916,0,2.580241919,0
109.5116577,-23.59908295,1,-9.973359108,1,-13.10436821,1,2.478538513,1,4.462203026,1,-4.823593616,1,0.55909735,0,-0.740052164,0,2.570783138,0
109.5156555,-24.82561493,1,-9.507576942,1,-12.644104,1,2.550440788,1,4.428308964,1,-4.914956093,1,0.575284243,0,-0.714585662,0,2.561565161,0
109.5196533,-25.82808495,1,-8.857941628,1,-11.91560268,1,2.636723042,1,4.390199661,1,-5.010249138,1,0.591446102,0,-0.688916564,0,2.552592516,0
109.5236588,-26.60012627,1,-7.885060787,1,-10.7779789,1,2.74472785,1,4.328950882,1,-5.084073544,1,0.607688904,0,-0.663129568,0,2.543838263,0
109.5276566,-26.18393517,1,-3.20267272,1,-9.5785923,1,2.893795967,1,4.19673872,1,-5.215551853,1,0.624197006,0,-0.637281597,0,2.535164833,0
109.5316544,-22.56211662,1,4.818297863,1,-10.70934296,1,3.207104921,1,3.8564291,1,-5.395845413,1,0.641874671,0,-0.611708462,0,2.525792122,0
109.5356598,-21.49304199,1,3.809708595,1,-8.751595497,1,3.561564445,1,3.572375298,1,-5.541603565,1,0.661130786,0,-0.586660385,0,2.515598536,0
109.5396576,-22.70647812,1,3.950762272,1,-6.753651142,1,4.000339031,1,3.345561743,1,-5.598771572,1,0.681984961,0,-0.56192565,0,2.505061865,0
109.5436554,-23.51099968,1,3.701380253,1,-5.900216579,1,4.328381538,1,3.045139313,1,-5.553808689,1,0.704207897,0,-0.537824452,0,2.494481802,0
109.5476532,-23.74388123,1,2.705806017,1,-4.763776302,1,4.519019127,1,2.721651077,1,-5.433043003,1,0.727184951,0,-0.514682055,0,2.484044313,0
109.551651,-23.86033821,1,2.598338604,1,-3.727642059,1,4.579506397,1,2.386060476,1,-5.249410152,1,0.750321031,0,-0.492730379,0,2.473875046,0
109.5556488,-24.11523438,1,3.272093296,1,-3.032272816,1,4.542449951,1,2.037037611,1,-5.058774948,1,0.77320981,0,-0.472103357,0,2.463922501,0
109.5596542,-24.67797089,1,4.199364662,1,-2.390513897,1,4.419535637,1,1.717237473,1,-4.883363247,1,0.795522094,0,-0.452750742,0,2.454126835,0
109.563652,-25.81040573,1,4.704773903,1,-1.602263212,1,4.203355789,1,1.430434942,1,-4.717957497,1,0.816956997,0,-0.434545398,0,2.444431067,0
109.5676498,-27.67541885,1,5.627268791,1,-0.890701771,1,3.88980341,1,1.176984429,1,-4.558319569,1,0.837121964,0,-0.417367041,0,2.434845686,0
109.5716553,-30.00320816,1,7.325777531,1,-0.101022229,1,3.539841413,1,0.944438756,1,-4.414761543,1,0.855768144,0,-0.401125938,0,2.425338745,0
109.5756531,-32.0453186,1,9.735583305,1,0.569430113,1,3.198024035,1,0.737361431,1,-4.281347275,1,0.872842729,0,-0.385712743,0,2.415890932,0
109.5796509,-33.72832108,1,12.13452053,1,1.612868786,1,2.90087986,1,0.553712368,1,-4.135133266,1,0.88850522,0,-0.371085584,0,2.406499386,0
109.5836487,-34.36594009,1,14.02926445,1,2.656278133,1,2.640161514,1,0.365722477,1,-3.951117277,1,0.902890682,0,-0.357292086,0,2.397197723,0
109.5876465,-33.98241043,1,14.26980019,1,4.037612915,1,2.347967863,1,0.186308965,1,-3.671343088,1,0.915975153,0,-0.344563216,0,2.388150692,0
109.5916519,-32.12844849,1,13.55299473,1,5.068203449,1,2.014037132,1,-0.056383532,1,-3.288194656,1,0.927604198,0,-0.333272904,0,2.379452705,0
109.5956497,-30.3457222,1,11.33682537,1,6.228455544,1,1.604645491,1,-0.330551088,1,-2.788225651,1,0.93755126,0,-0.323949188,0,2.371129274,0
109.5996475,-28.4346981,1,8.843251228,1,6.491755962,1,1.097584844,1,-0.616062403,1,-2.171082973,1,0.945417285,0,-0.317019403,0,2.363366365,0
109.603653,-27.02105141,1,6.679545403,1,6.388773441,1,0.514138162,1,-0.906316817,1,-1.500846148,1,0.950859606,0,-0.312825024,0,2.35626483,0
109.6076584,-23.01354218,1,2.903095961,1,3.290613174,1,-0.164780289,1,-1.225888371,1,-0.788416564,1,0.953605354,0,-0.311509639,0,2.34984374,0
109.6116562,-8.386239052,1,-10.39287949,1,3.001075268,1,-1.74979496,1,-2.143860102,1,0.293124974,1,0.951754451,0,-0.314379722,0,2.343645811,0
109.615654,-36.61234283,1,-1.207245111,1,7.2672925,1,-3.248980761,1,-3.171895027,1,1.302590132,1,0.943989992,0,-0.323477745,0,2.336348295,0
109.6196518,-26.7410984,1,-0.593782187,1,9.286701202,1,-4.411144733,1,-3.441714525,1,1.810587764,1,0.930961728,0,-0.33637166,0,2.329005718,0
109.6236496,-6.527378082,1,8.60163784,1,6.458910465,1,-4.420534611,1,-3.819488525,1,2.281629801,1,0.915349364,0,-0.351662248,0,2.321905613,0
109.627655,3.440264225,1,11.27594376,1,-0.896271229,1,-4.325896263,1,-3.976973534,1,2.459536076,1,0.900450349,0,-0.368806303,0,2.315074444,0
109.6316528,-12.97363663,1,9.957154274,1,-14.02885818,1,-4.375517845,1,-4.098034382,1,2.399376392,1,0.885447502,0,-0.386612773,0,2.308014631,0
109.6356506,-13.74881077,1,6.104092121,1,-24.97158241,1,-3.739006519,1,-3.64494133,1,2.13024807,1,0.871694565,0,-0.403554022,0,2.301327705,0
109.6396484,-1.797888994,1,0.087544434,1,-27.57950974,1,-3.053293228,1,-3.145562887,1,1.87201345,1,0.860517383,0,-0.418451369,0,2.295704365,0
109.6436539,-2.746073008,1,-7.278273106,1,-25.01725388,1,-3.063518763,1,-2.996632099,1,1.663530231,1,0.85042125,0,-0.431738794,0,2.290644884,0
109.6476517,3.612475395,1,-3.747651339,1,-19.42673874,1,-2.965580702,1,-3.066785336,1,1.666203022,1,0.840442061,0,-0.444691449,0,2.285536766,0
109.6516495,7.179619312,1,10.21430969,1,-15.50961113,1,-2.205585957,1,-3.557402372,1,2.011492014,1,0.832611918,0,-0.458895743,0,2.280144453,0
109.6556549,-2.159665585,1,11.14842892,1,-15.00218391,1,-1.997340322,1,-4.257211208,1,2.235700846,1,0.827132881,0,-0.475795388,0,2.273522139,0
109.6596527,1.887510419,1,12.07854557,1,-15.08828735,1,-1.672313571,1,-4.655029297,1,2.578144312,1,0.823232353,0,-0.494874865,0,2.266085863,0
109.6636505,-1.886383772,1,9.37749958,1,-17.32179832,1,-1.466639519,1,-5.218796253,1,2.906713009,1,0.820821047,0,-0.51646173,0,2.258134604,0
109.6676483,-16.15178299,1,7.383780956,1,-21.62043762,1,-1.232126832,1,-5.221221924,1,2.915057898,1,0.8197065,0,-0.539413154,0,2.249485016,0
109.6716461,-24.44484138,1,4.586437702,1,-23.30543709,1,-1.001960635,1,-4.627816677,1,2.783746243,1,0.819378078,0,-0.561227262,0,2.241686583,0
109.6756516,-26.49554634,1,3.692613602,1,-21.53768158,1,-0.728991807,1,-3.933302879,1,2.708496571,1,0.819119215,0,-0.580951869,0,2.235743046,0
109.6796494,-31.17040634,1,0.118306525,1,-18.74392319,1,-0.570027411,1,-3.382124662,1,2.626412392,1,0.818809748,0,-0.598740041,0,2.231681824,0
109.6836472,-29.55600929,1,-3.181065798,1,-14.84163094,1,-0.49030003,1,-2.670457363,1,2.38875246,1,0.817956567,0,-0.614387512,0,2.229308367,0
109.687645,-23.0538578,1,-7.109193802,1,-10.66346836,1,-0.473266572,1,-2.190653324,1,2.183743954,1,0.816681504,0,-0.62757659,0,2.228331566,0
109.6916504,-17.75526047,1,-8.56884861,1,-7.303786278,1,-0.57492125,1,-1.93309617,1,1.986639261,1,0.814862847,0,-0.650591373,0,2.285454035,0
109.6956482,-11.74537563,1,-10.21247578,1,-5.997743607,1,-0.744558513,1,-1.847817779,1,1.794008851,1,0.812486708,0,-0.66121459,0,2.285063744,0
109.699646,-7.766539097,1,-11.44394398,1,-5.549260139,1,-1.050199986,1,-1.798730731,1,1.636189818,1,0.809399664,0,-0.671210885,0,2.284332275,0
109.7036514,-4.780266285,1,-7.536196709,1,-6.958283424,1,-1.331390858,1,-1.741646767,1,1.576384902,1,0.805076659,0,-0.680713177,0,2.283523798,0
109.7076492,-4.477099895,1,-6.288496971,1,-6.840455055,1,-1.412469864,1,-1.805663943,1,1.51121819,1,0.800269246,0,-0.690065145,0,2.28243351,0
109.711647,-7.157550335,1,-5.365268707,1,-8.773398399,1,-1.602190971,1,-1.665488243,1,1.565152764,1,0.794850707,0,-0.699409664,0,2.281522751,0
109.7156448,-8.24072361,1,-3.042975903,1,-9.551540375,1,-1.683240891,1,-1.392668366,1,1.574251533,1,0.788251877,0,-0.708145618,0,2.281566858,0
109.7196426,-12.51870728,1,-3.172103405,1,-10.62059689,1,-1.714859366,1,-1.038924456,1,1.520380259,1,0.780554831,0,-0.7160393,0,2.282823086,0
109.7236481,-13.1878252,1,-3.419940233,1,-10.30147743,1,-1.742212772,1,-0.614620984,1,1.467950702,1,0.772002995,0,-0.722573042,0,2.285419226,0
109.7276535,-13.54927063,1,-4.377315044,1,-9.751879692,1,-1.709485292,1,-0.29194212,1,1.273239374,1,0.762586713,0,-0.727671385,0,2.289083719,0
109.7316513,-10.23926449,1,-4.255412579,1,-9.703045845,1,-1.568948269,1,-0.171368495,1,1.068671823,1,0.753550649,0,-0.731520593,0,2.292825937,0
109.7356491,-7.309328556,1,-4.472406387,1,-8.966565132,1,-1.544420838,1,-0.151447967,1,0.932978451,1,0.745103478,0,-0.734705746,0,2.296174526,0
109.7396469,-4.078597069,1,-3.3064785,1,-9.872564316,1,-1.447204947,1,-0.218825042,1,0.896243513,1,0.737151802,0,-0.737703621,0,2.299116373,0
109.7436447,-5.757213116,1,-1.962717295,1,-11.01464939,1,-1.389469504,1,-0.206679508,1,0.914613485,1,0.729553699,0,-0.740784287,0,2.301951647,0
109.7476501,-8.152873993,1,-1.066925049,1,-10.09204674,1,-1.256783724,1,-0.098836131,1,0.915241957,1,0.722126603,0,-0.743675172,0,2.305109739,0
109.7516479,-5.158714771,1,-2.361785889,1,-8.022735596,1,-1.238306642,1,-0.132151976,1,0.896194756,1,0.714900255,0,-0.74638474,0,2.30844593,0
109.7556458,-6.165527821,1,-3.287415981,1,-8.558945656,1,-1.187790751,1,-0.146083474,1,0.826012909,1,0.707966745,0,-0.74908185,0,2.311509371,0
109.7596436,-5.180613518,1,-2.434388399,1,-8.213124275,1,-1.143904686,1,-0.137803718,1,0.752956927,1,0.701411366,0,-0.751542568,0,2.314293385,0
109.763649,-4.779984474,1,-0.675861835,1,-8.601165771,1,-1.079398632,1,-0.171294212,1,0.699783623,1,0.695236862,0,-0.753891349,0,2.31679368,0
109.7676468,-5.734899521,1,0.994206488,1,-9.508133888,1,-0.990883589,1,-0.139478266,1,0.65482682,1,0.689516902,0,-0.756100833,0,2.319105387,0
109.7716446,-5.657979965,1,1.461323977,1,-9.754261017,1,-0.856107712,1,-0.121342778,1,0.588183224,1,0.684308946,0,-0.758066535,0,2.321315527,0
109.77565,-4.114970684,1,-0.297739923,1,-9.956278801,1,-0.761940897,1,-0.169223219,1,0.503297567,1,0.679803371,0,-0.759891927,0,2.323151827,0
109.7796478,-4.083953857,1,-1.277505517,1,-10.21401024,1,-0.697373748,1,-0.230858043,1,0.448076397,1,0.67596817,0,-0.761709332,0,2.324489832,0
109.7836456,-4.659375191,1,-1.451232553,1,-9.756207466,1,-0.642028332,1,-0.28117615,1,0.429166019,1,0.672610998,0,-0.763608932,0,2.325493336,0
109.7876434,-5.625793934,1,-1.459167957,1,-9.173915863,1,-0.603395998,1,-0.289106607,1,0.423924476,1,0.669518352,0,-0.765578151,0,2.326356888,0
109.7916412,-5.253129482,1,-1.664873362,1,-8.963722229,1,-0.577046454,1,-0.280415297,1,0.408092767,1,0.666580915,0,-0.767510891,0,2.327192068,0
109.795639,-4.60899353,1,-2.408430099,1,-8.738786697,1,-0.559743583,1,-0.301341414,1,0.377617687,1,0.66380775,0,-0.769399524,0,2.327920437,0
109.7996445,-4.374951363,1,-2.703257799,1,-8.898975372,1,-0.557035208,1,-0.316941798,1,0.362299025,1,0.661181211,0,-0.771285832,0,2.328473806,0
109.8036423,-5.311254978,1,-1.907481909,1,-8.852357864,1,-0.548766255,1,-0.326660872,1,0.338304579,1,0.658652067,0,-0.773181856,0,2.328919888,0
109.8076401,-5.299141884,1,-0.72717768,1,-8.851599693,1,-0.502204657,1,-0.325273305,1,0.289292812,1,0.656339407,0,-0.774981439,0,2.329200506,0
109.8116455,-5.525428295,1,0.607114434,1,-9.204174042,1,-0.428723454,1,-0.326511592,1,0.225962877,1,0.654448926,0,-0.776646018,0,2.329238176,0
109.8156433,-4.757392406,1,0.824925125,1,-9.216228485,1,-0.336490363,1,-0.336284935,1,0.159821689,1,0.653105259,0,-0.778168142,0,2.328978777,0
109.8196411,-4.503190994,1,0.004225352,1,-9.251779556,1,-0.274326295,1,-0.366152465,1,0.121636122,1,0.652285278,0,-0.779626071,0,2.328392982,0
109.8236389,-4.670276642,1,-0.846127808,1,-9.102330208,1,-0.22253491,1,-0.384582758,1,0.087423317,1,0.651872396,0,-0.781060755,0,2.327565432,0
109.8276367,-4.993233204,1,-1.144077897,1,-8.977622986,1,-0.180360466,1,-0.395631343,1,0.061257917,1,0.651766121,0,-0.782480717,0,2.32655549,0
109.8316422,-4.690386295,1,-1.335113406,1,-8.952098846,1,-0.1506906,1,-0.407228112,1,0.054094322,1,0.651878417,0,-0.78389585,0,2.325452805,0
109.83564,-4.700426102,1,-1.820303321,1,-9.004793167,1,-0.134667665,1,-0.41437909,1,0.040748395,1,0.652164698,0,-0.785319567,0,2.324252129,0
109.8396378,-4.446753979,1,-2.220704794,1,-9.032830238,1,-0.137515068,1,-0.432099342,1,0.037125289,1,0.652537405,0,-0.786765814,0,2.322968006,0
109.8436432,-4.435235977,1,-2.502679348,1,-8.965362549,1,-0.147708148,1,-0.447853535,1,0.05542494,1,0.652894616,0,-0.788279414,0,2.321657181,0
109.8476486,-4.898219109,1,-2.947781086,1,-8.611931801,1,-0.167442977,1,-0.457904875,1,0.080097198,1,0.653166771,0,-0.789889336,0,2.320392847,0
109.8516464,-4.951467514,1,-3.451832771,1,-8.322740555,1,-0.200568736,1,-0.443436563,1,0.101152547,1,0.653250217,0,-0.791548133,0,2.319239616,0
109.8556442,-5.060266972,1,-3.761423111,1,-7.98859787,1,-0.227398083,1,-0.43650952,1,0.125812903,1,0.653112888,0,-0.793227673,0,2.318228245,0
109.859642,-5.256280422,1,-3.295815706,1,-7.970479012,1,-0.25537315,1,-0.41104427,1,0.137032047,1,0.652782798,0,-0.794878244,0,2.317340136,0
109.8636398,-5.073789597,1,-2.853855848,1,-8.069796562,1,-0.276078969,1,-0.401862323,1,0.155410603,1,0.652241111,0,-0.796526253,0,2.316597223,0
109.8676453,-5.065634251,1,-2.357197762,1,-8.217132568,1,-0.281143099,1,-0.396333009,1,0.161709413,1,0.651598513,0,-0.798189163,0,2.315941095,0
109.8716431,-4.9469347,1,-1.80917871,1,-8.315156937,1,-0.267680079,1,-0.398493558,1,0.172032937,1,0.650938272,0,-0.799850523,0,2.315319061,0
109.8756409,-4.775214195,1,-1.290516376,1,-8.666010857,1,-0.243955851,1,-0.396560341,1,0.17288734,1,0.65034163,0,-0.801530957,0,2.314715147,0
109.8796387,-4.752597809,1,-1.398037314,1,-8.852464676,1,-0.223945484,1,-0.428288192,1,0.185080364,1,0.649856985,0,-0.803267837,0,2.314090252,0
109.8836441,-4.420711994,1,-1.911924481,1,-8.977033615,1,-0.218167096,1,-0.479213715,1,0.204265967,1,0.649461389,0,-0.80518508,0,2.313407183,0
109.8876419,-4.778621674,1,-2.231188774,1,-8.684053421,1,-0.20416142,1,-0.510707021,1,0.212069497,1,0.649172723,0,-0.807270646,0,2.312647343,0
109.8916397,-4.578701973,1,-2.376030207,1,-8.900244713,1,-0.202561423,1,-0.526251435,1,0.224868491,1,0.648947895,0,-0.809441924,0,2.311845779,0
109.8956451,-4.515127182,1,-2.380272627,1,-8.977079391,1,-0.213120908,1,-0.559228241,1,0.25075838,1,0.648697674,0,-0.811751664,0,2.31103611,0
109.8996353,-4.488999367,1,-1.924285531,1,-8.86151886,1,-0.197014645,1,-0.59802413,1,0.271113276,1,0.648476601,0,-0.814216912,0,2.310199738,0
109.9036407,-4.644125938,1,-1.180590868,1,-9.056079865,1,-0.143348426,1,-0.631206691,1,0.282596946,1,0.648439884,0,-0.816841185,0,2.309306383,0
109.9076386,-4.827147007,1,-1.526255846,1,-8.997921944,1,-0.130409688,1,-0.670090497,1,0.298946887,1,0.648600638,0,-0.819631577,0,2.308360577,0
109.9116364,-4.810890675,1,-1.760295153,1,-8.889659882,1,-0.138579831,1,-0.704227567,1,0.295893788,1,0.648814201,0,-0.822541952,0,2.307322025,0
109.9156342,-4.894592762,1,-1.10745728,1,-9.114329338,1,-0.096243694,1,-0.743214071,1,0.301283896,1,0.649202585,0,-0.825570762,0,2.306125164,0
109.9196396,-4.733950615,1,-1.57855165,1,-9.035550117,1,-0.068854056,1,-0.777374983,1,0.310557783,1,0.649824798,0,-0.828724921,0,2.304840565,0
109.9236374,-5.064238548,1,-1.714151025,1,-9.09603405,1,-0.052923717,1,-0.812297702,1,0.318342417,1,0.650592208,0,-0.832019806,0,2.303471565,0
109.9276352,-4.63992548,1,-2.18989253,1,-8.786162376,1,-0.063232511,1,-0.844312489,1,0.332707137,1,0.651427329,0,-0.83544606,0,2.302036762,0
109.9316406,-4.882822514,1,-2.327254057,1,-8.85994339,1,-0.081909336,1,-0.877281785,1,0.339826643,1,0.652273834,0,-0.839003563,0,2.300509453,0
109.9356384,-4.96980238,1,-2.249040604,1,-8.733107567,1,-0.092158206,1,-0.906575799,1,0.349488646,1,0.653117537,0,-0.842674971,0,2.298903942,0
109.9396362,-5.093511105,1,-2.136920929,1,-8.679883957,1,-0.087627351,1,-0.930270612,1,0.366873384,1,0.653985977,0,-0.846466184,0,2.297258854,0
109.943634,-5.005657673,1,-2.183135033,1,-8.543836594,1,-0.089735039,1,-0.956393182,1,0.387964159,1,0.657786071,0,-0.856026947,0,2.338386536,0
109.9476318,-5.152439594,1,-1.85553956,1,-8.589400291,1,-0.06814871,1,-0.976378024,1,0.398275107,1,0.658765614,0,-0.860054612,0,2.3366642,0
109.9516296,-4.993563175,1,-2.003915787,1,-8.392337799,1,-0.048067842,1,-0.998963177,1,0.414105147,1,0.659861207,0,-0.864172935,0,2.334930897,0
109.9556351,-5.366172791,1,-2.272677422,1,-8.344053268,1,-0.057690375,1,-1.005637169,1,0.429634273,1,0.660979152,0,-0.868370712,0,2.333197117,0
109.9596329,-5.158140182,1,-2.449128151,1,-8.103377342,1,-0.079248846,1,-1.01512301,1,0.442327917,1,0.662016034,0,-0.872629941,0,2.331486702,0
109.9636307,-5.21909523,1,-2.329324484,1,-8.023674011,1,-0.093843907,1,-1.020873785,1,0.449684978,1,0.662977219,0,-0.876938939,0,2.329774857,0
109.9676361,-5.372634888,1,-2.175769329,1,-7.984117985,1,-0.110231124,1,-1.02695477,1,0.465326846,1,0.663874626,0,-0.881305814,0,2.328086138,0
109.9716415,-5.599532604,1,-2.382457495,1,-7.952978611,1,-0.13213715,1,-1.019555807,1,0.48000598,1,0.664665461,0,-0.885697842,0,2.326443195,0
109.975647,-5.359616756,1,-2.189315796,1,-7.794397354,1,-0.155888602,1,-1.023342967,1,0.484239459,1,0.665326953,0,-0.890100002,0,2.324848652,0
109.9796448,-5.525231838,1,-1.922136426,1,-7.77734375,1,-0.171546489,1,-1.024206519,1,0.488878548,1,0.665901721,0,-0.894513428,0,2.323255301,0
109.9836426,-5.748516083,1,-1.806893706,1,-7.788680077,1,-0.171717465,1,-1.017676711,1,0.493671954,1,0.666447937,0,-0.898939848,0,2.321681499,0
109.9876404,-5.589827061,1,-1.851047635,1,-7.734777451,1,-0.182405353,1,-1.01743865,1,0.49862498,1,0.66693902,0,-0.90336132,0,2.320146084,0
109.9916458,-5.703083992,1,-1.766151071,1,-7.749988079,1,-0.185711503,1,-1.018570423,1,0.497917354,1,0.667428613,0,-0.90779233,0,2.318592787,0
109.9956436,-5.774554729,1,-1.647610664,1,-7.83930397,1,-0.177266464,1,-1.018617392,1,0.501585066,1,0.667928874,0,-0.912242413,0,2.317047834,0
109.9996414,-5.630060196,1,-1.656025767,1,-7.694616318,1,-0.171270937,1,-1.021160841,1,0.516624391,1,0.668451071,0,-0.916709483,0,2.315523624,0
110.0036392,-5.522602081,1,-1.776692748,1,-7.748133183,1,-0.177857533,1,-1.027048707,1,0.526448667,1,0.66893965,0,-0.921209931,0,2.314032555,0
110.007637,-5.713092327,1,-1.793308139,1,-7.777246952,1,-0.181637079,1,-1.037410855,1,0.535318732,1,0.66941452,0,-0.925765038,0,2.312547445,0
110.0116425,-5.733438015,1,-1.690628409,1,-7.739329338,1,-0.18531087,1,-1.041358829,1,0.547075391,1,0.669873476,0,-0.930365503,0,2.311060905,0
110.0156403,-5.775081635,1,-1.709872603,1,-7.762957573,1,-0.18901971,1,-1.052611589,1,0.545139134,1,0.670314193,0,-0.934999943,0,2.309576988,0
110.0196381,-5.801548958,1,-1.746718645,1,-7.668920994,1,-0.191659674,1,-1.052155972,1,0.552873135,1,0.670752585,0,-0.939666688,0,2.308094025,0
110.0236359,-5.728342533,1,-1.737016678,1,-7.589752674,1,-0.190580964,1,-1.056962252,1,0.568476915,1,0.671184123,0,-0.944366574,0,2.306611776,0
110.0276413,-5.78657341,1,-1.734652996,1,-7.60444212,1,-0.191085279,1,-1.070029497,1,0.583815277,1,0.67159754,0,-0.949132085,0,2.305158854,0
110.0316391,-5.836669445,1,-1.768403888,1,-7.745013237,1,-0.194017857,1,-1.078657031,1,0.592035353,1,0.672004104,0,-0.953957498,0,2.303710222,0
110.0356369,-5.865755558,1,-1.773882627,1,-7.73739624,1,-0.193909839,1,-1.087846637,1,0.604477108,1,0.672400236,0,-0.958839536,0,2.302280903,0
110.03965,-5.878059387,1,-1.816980839,1,-7.70559597,1,-0.20209679,1,-1.099448442,1,0.615761697,1,0.67276907,0,-0.963781655,0,2.300866842,0
110.0436401,-5.923410416,1,-1.663227558,1,-7.663526058,1,-0.206735015,1,-1.114257813,1,0.629187107,1,0.673122048,0,-0.968804061,0,2.299438477,0
110.0476379,-5.971568584,1,-1.525833607,1,-7.634668827,1,-0.203691974,1,-1.129297018,1,0.644435465,1,0.673480988,0,-0.973905027,0,2.298009157,0
110.0516357,-6.023715496,1,-1.410648704,1,-7.59269619,1,-0.191134349,1,-1.138317823,1,0.656944931,1,0.673879087,0,-0.979079783,0,2.296591759,0
110.0556335,-6.049257278,1,-1.399024844,1,-7.608887196,1,-0.181310117,1,-1.154046893,1,0.673565626,1,0.674311757,0,-0.984325826,0,2.295177221,0
110.0596466,-6.024279118,1,-1.399396896,1,-7.588616848,1,-0.178879395,1,-1.172647119,1,0.687077463,1,0.674776077,0,-0.989657521,0,2.2937572,0
110.0636368,-6.042267799,1,-1.278727531,1,-7.559024334,1,-0.161037177,1,-1.186654568,1,0.696398556,1,0.675316095,0,-0.995073497,0,2.292299747,0
110.0676346,-6.025841713,1,-1.270003915,1,-7.597195148,1,-0.149903148,1,-1.205412507,1,0.706923902,1,0.67594409,0,-1.000567675,0,2.29080677,0
110.0716324,-6.077207565,1,-0.974520743,1,-7.584425449,1,-0.129535183,1,-1.231003404,1,0.705368578,1,0.676706195,0,-1.006147981,0,2.289233446,0
110.0756454,-6.08456707,1,-0.671800673,1,-7.556112766,1,-0.105475217,1,-1.251639485,1,0.706457555,1,0.677694023,0,-1.011787295,0,2.287513494,0
110.0796433,-6.056151867,1,-0.363585711,1,-7.544377327,1,-0.07190913,1,-1.277023554,1,0.693662226,1,0.678942502,0,-1.017486691,0,2.285631895,0
110.0836411,-6.00364399,1,-0.271790147,1,-7.519394875,1,-0.035734911,1,-1.305017829,1,0.687710345,1,0.6805076,0,-1.023232222,0,2.283547878,0
110.0876465,-6.119513988,1,-0.408845007,1,-7.544504166,1,-0.024294738,1,-1.329935551,1,0.676190972,1,0.682384968,0,-1.029043674,0,2.281214476,0
110.0916519,-6.348639965,1,-0.911907077,1,-7.502732277,1,-0.026648145,1,-1.345541,1,0.662648916,1,0.684476852,0,-1.034882665,0,2.27866888,0
110.0956497,-6.247273922,1,-1.272805333,1,-7.412695885,1,-0.063207589,1,-1.362695932,1,0.651899636,1,0.686677039,0,-1.040735841,0,2.275918007,0
110.0996552,-6.287372112,1,-1.378291726,1,-7.380617619,1,-0.09886644,1,-1.389949441,1,0.644450784,1,0.688912213,0,-1.046635389,0,2.272959948,0
110.103653,-6.195533276,1,-1.55539608,1,-7.446115494,1,-0.124470785,1,-1.410020113,1,0.650199413,1,0.691191018,0,-1.052595496,0,2.269817591,0
110.1076508,-6.372292519,1,-1.79720819,1,-7.618370533,1,-0.152633116,1,-1.433828235,1,0.665912569,1,0.693468392,0,-1.058657408,0,2.266560078,0
110.1116486,-6.191435814,1,-2.126661062,1,-7.770412445,1,-0.190014601,1,-1.468913078,1,0.694461524,1,0.695693731,0,-1.06485343,0,2.263232946,0
110.115654,-6.195494652,1,-2.430252075,1,-7.891290665,1,-0.230291635,1,-1.517267227,1,0.726629376,1,0.697841763,0,-1.071256161,0,2.25981307,0
110.1196518,-6.197536945,1,-2.569515705,1,-7.891867161,1,-0.278133243,1,-1.562842011,1,0.76624155,1,0.69992578,0,-1.077889681,0,2.25628233,0
110.1236496,-6.135395527,1,-2.615023613,1,-8.048651695,1,-0.318525672,1,-1.62061882,1,0.811689973,1,0.701919198,0,-1.084775925,0,2.25268054,0
110.1276474,-6.147669792,1,-2.463261127,1,-8.0538311,1,-0.351121187,1,-1.677376747,1,0.855223596,1,0.703859031,0,-1.091976047,0,2.248970032,0
110.1316452,-6.105226517,1,-2.434733868,1,-8.176269531,1,-0.386392772,1,-1.744339943,1,0.900024056,1,0.705806255,0,-1.099462271,0,2.245123625,0
110.1356506,-5.978405476,1,-2.147626162,1,-8.296535492,1,-0.411089003,1,-1.818255663,1,0.942795157,1,0.707828879,0,-1.107284188,0,2.241078377,0
110.1396484,-6.009227753,1,-1.894819856,1,-8.362811089,1,-0.429600269,1,-1.894219518,1,0.981225967,1,0.710003138,0,-1.115421176,0,2.236775637,0
110.1436462,-6.086317539,1,-1.490214825,1,-8.459309578,1,-0.456720591,1,-1.98370111,1,1.007306099,1,0.712444484,0,-1.123893738,0,2.232084751,0
110.1476517,-6.070340633,1,-1.263902307,1,-8.490660667,1,-0.484568834,1,-2.069411993,1,1.036338329,1,0.715252042,0,-1.132705212,0,2.22689867,0
110.1516495,-5.881727219,1,-1.100458264,1,-8.602478027,1,-0.512863755,1,-2.169314623,1,1.048831344,1,0.718496323,0,-1.141827345,0,2.221130848,0
110.1556473,-5.750203133,1,-1.051207662,1,-8.685511589,1,-0.532292128,1,-2.276032209,1,1.071485877,1,0.72231704,0,-1.15130806,0,2.214651108,0
110.1596451,-5.764528275,1,-0.99322021,1,-8.737138748,1,-0.552611053,1,-2.386417866,1,1.098413467,1,0.726818502,0,-1.16116333,0,2.207352161,0
110.1636429,-5.895939827,1,-1.400285959,1,-9.191070557,1,-0.59199959,1,-2.482906103,1,1.126299977,1,0.731938183,0,-1.171408534,0,2.199301481,0
110.1676483,-1.837110281,1,2.593570232,1,-6.158694744,1,-0.459152311,1,-2.660056591,1,1.098442912,1,0.737872958,0,-1.181630015,0,2.19022584,0
110.1716461,-7.616230965,1,0.266390145,1,-10.40968704,1,-0.491700828,1,-2.804135799,1,1.18152523,1,0.746311307,0,-1.193067908,0,2.179070234,0
110.1756439,-9.081792831,1,-3.221266747,1,-8.575031281,1,-0.592756391,1,-2.839547873,1,1.267430902,1,0.754650116,0,-1.204666734,0,2.167841434,0
110.1796417,-5.222476006,1,-3.572341442,1,-8.979405403,1,-0.699041545,1,-3.019288301,1,1.260633588,1,0.763689041,0,-1.216608882,0,2.155391693,0
110.1836472,-4.71444273,1,-1.708751082,1,-9.758827209,1,-0.736759603,1,-3.226008654,1,1.348779321,1,0.77445662,0,-1.229202032,0,2.140851259,0
110.187645,-5.622655392,1,-1.442939758,1,-10.30342102,1,-0.748584151,1,-3.416668177,1,1.429084182,1,0.787003398,0,-1.242556453,0,2.124417067,0
110.1916428,-5.850286007,1,-1.869686604,1,-10.72512627,1,-0.743121743,1,-3.634162664,1,1.470645547,1,0.801700294,0,-1.262111425,0,2.145992994,0
110.1956406,-6.392105579,1,-2.257642984,1,-11.45421314,1,-0.746555984,1,-3.873828173,1,1.52502346,1,0.820490003,0,-1.276794314,0,2.123191357,0
110.1996384,-6.659123898,1,-2.734148026,1,-12.3928194,1,-0.766900241,1,-4.101634026,1,1.583267093,1,0.843285382,0,-1.292124867,0,2.096283436,0
110.2036438,-6.532736778,1,-3.200882673,1,-13.13045502,1,-0.789552212,1,-4.368285179,1,1.658254027,1,0.870975971,0,-1.308102965,0,2.064308882,0
110.2076492,-6.655365467,1,-4.464324951,1,-13.53278923,1,-0.857666075,1,-4.643277645,1,1.757910132,1,0.904868364,0,-1.324764848,0,2.025892496,0
110.2116547,-7.62117815,1,-6.073370934,1,-13.6679697,1,-0.974085808,1,-4.914818764,1,1.886893034,1,0.946316183,0,-1.342094064,0,1.979506254,0
110.2156525,-8.734265327,1,-7.721096992,1,-13.92959118,1,-1.129925013,1,-5.145777702,1,2.060458422,1,0.996597111,0,-1.359961987,0,1.923688531,0
110.2196503,-10.08938313,1,-8.472884178,1,-14.11466885,1,-1.305512786,1,-5.341822624,1,2.248023272,1,1.05780983,0,-1.3781991,0,1.85623014,0
110.2236481,-13.72169209,1,-9.180400848,1,-14.76641846,1,-1.500926733,1,-5.453370094,1,2.463681459,1,1.132653594,0,-1.396501303,0,1.774410248,0
110.2276535,-15.90258408,1,-10.66500664,1,-14.62027359,1,-1.695784688,1,-5.389144897,1,2.674490929,1,1.222860932,0,-1.414322376,0,1.676480293,0
110.2316513,-14.40079498,1,-13.20530224,1,-14.55396652,1,-1.994307876,1,-5.405673981,1,2.948462486,1,1.332357168,0,-1.431344748,0,1.558346748,0
110.2356491,-12.75396442,1,-12.85241795,1,-14.63049603,1,-2.338615417,1,-5.47039032,1,3.265026331,1,1.470020771,0,-1.447326183,0,1.410731673,0
110.2396469,-13.05974293,1,-12.20871449,1,-15.61625385,1,-2.613202572,1,-5.586247444,1,3.533694744,1,1.648052096,0,-1.461260438,0,1.221506834,0
110.2436523,-16.26957703,1,-11.43123817,1,-16.84551239,1,-2.813184261,1,-5.609102726,1,3.669335127,1,1.873617649,0,-1.471292019,0,0.983779609,0
110.2476501,-17.61690331,1,-9.416870117,1,-16.59224129,1,-2.860993147,1,-5.546302795,1,3.720363617,1,2.133289576,0,-1.475392103,0,0.711454153,0
110.2516479,-18.39002419,1,-7.979732513,1,-16.12939644,1,-2.830943346,1,-5.471678734,1,3.773943901,1,2.396178484,0,-1.472791314,0,0.435889333,0
110.2556534,-18.85615158,1,-8.739473343,1,-15.30623627,1,-2.810893059,1,-5.455299854,1,3.846651554,1,2.630597591,0,-1.463972092,0,0.188912421,0
110.2596512,-20.66762733,1,-9.278327942,1,-14.38903809,1,-2.894575596,1,-5.360787392,1,3.987989902,1,2.821611404,0,-1.450428009,0,-0.014777939,0
110.263649,-20.66705513,1,-10.07267094,1,-12.73508072,1,-3.058630943,1,-5.282830238,1,4.142237663,1,2.971606255,0,-1.43367672,0,-0.178020149,0
110.2676468,-20.1107235,1,-9.944993019,1,-11.99117661,1,-3.253989458,1,-5.265610218,1,4.248647213,1,3.088062048,0,-1.414558172,0,-0.308499426,0
110.2716446,-21.9832058,1,-9.213951111,1,-11.53151131,1,-3.325340748,1,-5.160150528,1,4.188757896,1,-3.106778383,0,-1.393803596,0,-0.411455393,0
110.27565,-20.36553764,1,-8.649695396,1,-9.815730095,1,-3.380070925,1,-4.963488102,1,4.291769505,1,-3.038562536,0,-1.372404099,0,-0.494529843,0
110.2796478,-16.62913704,1,-7.46494627,1,-8.970743179,1,-3.412915707,1,-4.706027031,1,4.338163853,1,-2.983168364,0,-1.350952268,0,-0.565036952,0
110.2836456,-10.86204815,1,-5.971256256,1,-7.907997608,1,-3.475401163,1,-4.39605093,1,4.27575922,1,-2.93854475,0,-1.329924345,0,-0.625012815,0
110.2876434,-8.302915573,1,-4.123403549,1,-7.97907877,1,-3.491509438,1,-4.08455658,1,4.174005508,1,-2.902686834,0,-1.309684277,0,-0.676443458,0
110.2916489,-9.100010872,1,-2.355453253,1,-9.414446831,1,-3.32784462,1,-3.842280865,1,3.981570244,1,-2.873706818,0,-1.290271521,0,-0.720734715,0
110.2956467,-12.2507515,1,-2.863700151,1,-10.08204556,1,-2.989993334,1,-3.629494905,1,3.695226669,1,-2.850631952,0,-1.271649957,0,-0.758024573,0
110.2996445,-13.80360985,1,-2.208118916,1,-10.03694916,1,-2.567602634,1,-3.465579987,1,3.290827274,1,-2.832847118,0,-1.253959775,0,-0.788385093,0
110.3036423,-22.83353233,1,2.779979944,1,-11.07664204,1,-1.83299315,1,-3.290756941,1,2.846047401,1,-2.819559336,0,-1.23732543,0,-0.811805129,0
110.3076477,-34.11857605,1,2.593486547,1,-15.18488503,1,-1.031267762,1,-2.605917931,1,2.408645391,1,-2.8080194,0,-1.222577333,0,-0.82998997,0
110.3116455,-26.08667946,1,-2.26497817,1,-16.39601707,1,-0.74595809,1,-1.570057273,1,2.053061008,1,-2.796254396,0,-1.21176374,0,-0.846252561,0
110.3156433,-15.41162968,1,-5.514931202,1,-13.8538866,1,-0.50271225,1,-0.831649303,1,1.626367092,1,-2.784768343,0,-1.204819679,0,-0.861228406,0
110.3196411,-10.90817547,1,-8.330142975,1,-11.2156105,1,-0.233401492,1,-0.392519534,1,1.279888749,1,-2.774418354,0,-1.2005229,0,-0.873891175,0
110.3236389,-11.20870781,1,-9.703636169,1,-10.56370449,1,-0.152433574,1,-0.01681605,1,1.07231462,1,-2.764704227,0,-1.198072672,0,-0.885075331,0
110.327652,-11.96690083,1,-10.10896397,1,-11.16206264,1,-0.286112756,1,0.395379633,1,0.94447422,1,-2.755259037,0,-1.19726491,0,-0.896115065,0
110.3316498,-10.07366753,1,-10.45973492,1,-10.86708355,1,-0.541982949,1,0.77435565,1,0.864761353,1,-2.746085644,0,-1.19808054,0,-0.907739282,0
110.3356552,-7.571786404,1,-10.13279247,1,-9.850780487,1,-0.757462978,1,1.046682358,1,0.788047314,1,-2.73726368,0,-1.200170279,0,-0.920028269,0
110.339653,-5.870446205,1,-9.452060699,1,-8.913332939,1,-0.898556232,1,1.220514297,1,0.703183413,1,-2.728852034,0,-1.203162074,0,-0.932610869,0
110.3436508,-4.492089748,1,-8.651319504,1,-8.10739994,1,-1.007359624,1,1.382151604,1,0.631387472,1,-2.72079134,0,-1.206847072,0,-0.945318639,0
110.3476486,-2.942145348,1,-7.849476814,1,-7.415002346,1,-1.102345228,1,1.51455462,1,0.564350724,1,-2.712954998,0,-1.211140513,0,-0.958224297,0
110.3516541,-1.893536806,1,-7.123492718,1,-6.896015644,1,-1.16456449,1,1.614752889,1,0.495775938,1,-2.705312967,0,-1.215945005,0,-0.971237481,0
110.3556519,-1.504803658,1,-6.549840927,1,-6.54668045,1,-1.187296152,1,1.695077896,1,0.417062014,1,-2.697844267,0,-1.221157193,0,-0.984213829,0
110.3596497,-1.340580702,1,-6.158129692,1,-6.22724247,1,-1.173665524,1,1.768538237,1,0.33698827,1,-2.690521479,0,-1.226738334,0,-0.997018695,0
110.3636551,-1.098468542,1,-5.968407631,1,-5.913678646,1,-1.138484836,1,1.836095691,1,0.255042315,1,-2.683237314,0,-1.232690811,0,-1.009652853,0
110.3676529,-0.668374836,1,-5.827076912,1,-5.518439293,1,-1.097618461,1,1.89111197,1,0.169764742,1,-2.675959587,0,-1.238992453,0,-1.022097826,0
110.3716507,-0.311399847,1,-5.772571087,1,-5.17540741,1,-1.054584861,1,1.948620558,1,0.092120782,1,-2.668692589,0,-1.245614767,0,-1.034329891,0
110.3756485,-0.004959477,1,-5.751131058,1,-4.915382385,1,-1.016236663,1,1.996185303,1,0.009529236,1,-2.661428213,0,-1.252534747,0,-1.046360373,0
110.3796463,0.000874839,1,-5.810430527,1,-4.702260017,1,-0.98209095,1,2.041508675,1,-0.077417597,1,-2.654247046,0,-1.259750009,0,-1.058110714,0
110.3836517,0.0096341,1,-5.793466568,1,-4.538202286,1,-0.949457288,1,2.097873449,1,-0.171452895,1,-2.647162914,0,-1.267296076,0,-1.069588661,0
110.3876495,-0.04928191,1,-5.845471859,1,-4.366602421,1,-0.918342113,1,2.155182838,1,-0.261317492,1,-2.640187979,0,-1.275180101,0,-1.08078599,0
110.3916473,-0.235663205,1,-5.92989254,1,-4.282091618,1,-0.88960892,1,2.217722178,1,-0.356209368,1,-2.633329391,0,-1.283433676,0,-1.091720104,0
110.3956451,-0.404020756,1,-6.071416855,1,-4.174098015,1,-0.873476505,1,2.28412652,1,-0.456994385,1,-2.626590014,0,-1.292077422,0,-1.10240674,0
110.3996506,-0.65998131,1,-6.262035847,1,-4.08630991,1,-0.87227726,1,2.359967947,1,-0.562400281,1,-2.620026827,0,-1.30115056,0,-1.112855196,0
110.4036484,-0.983076096,1,-6.339303017,1,-4.084187031,1,-0.876160324,1,2.431687355,1,-0.673264503,1,-2.613678694,0,-1.310684562,0,-1.123040199,0
110.4076462,-1.405254364,1,-6.513968468,1,-3.980911732,1,-0.885828257,1,2.52962327,1,-0.788551331,1,-2.60757041,0,-1.320714474,0,-1.132996798,0
110.411644,-1.796950221,1,-6.710397243,1,-3.983009815,1,-0.912437201,1,2.62886095,1,-0.912403047,1,-2.601717949,0,-1.331318736,0,-1.142727971,0
110.4156418,-2.256497622,1,-6.891778946,1,-3.968852758,1,-0.930491328,1,2.741474867,1,-1.045620918,1,-2.59620595,0,-1.34254086,0,-1.152190328,0
110.4196472,-2.744973421,1,-7.034927845,1,-3.978246689,1,-0.967161715,1,2.856731892,1,-1.179793835,1,-2.590965509,0,-1.354417205,0,-1.161460638,0
110.423645,-3.282256126,1,-7.183636189,1,-3.990370035,1,-1.004688501,1,2.993053198,1,-1.324728251,1,-2.586105824,0,-1.367012501,0,-1.170465708,0
110.4276428,-3.658563852,1,-7.106352329,1,-4.029009819,1,-1.044128895,1,3.130300283,1,-1.482658148,1,-2.581614017,0,-1.380369782,0,-1.179224372,0
110.4316406,-4.037734032,1,-7.029369831,1,-4.083789349,1,-1.067953229,1,3.263324022,1,-1.646686792,1,-2.577671289,0,-1.394518614,0,-1.187544942,0
110.4356461,-4.380914211,1,-6.87302351,1,-4.05672884,1,-1.091232657,1,3.403243065,1,-1.815826178,1,-2.574406624,0,-1.40948987,0,-1.19524169,0
110.4396439,-4.777787685,1,-6.744104862,1,-4.132408142,1,-1.092085719,1,3.539086819,1,-1.984850407,1,-2.571923733,0,-1.425279498,0,-1.202165961,0
110.4436417,-5.153654575,1,-6.562949657,1,-4.155962944,1,-1.07862854,1,3.671314955,1,-2.165561438,1,-2.629729033,0,-1.437896848,0,-1.107352853,0
110.4476471,-5.566936016,1,-6.349210262,1,-4.138836861,1,-1.059562802,1,3.808547735,1,-2.337674141,1,-2.638805151,0,-1.455348015,0,-1.102515459,0
110.4516525,-5.992363453,1,-6.282976627,1,-4.229534626,1,-1.022900343,1,3.949462414,1,-2.510228634,1,-2.653770208,0,-1.473611593,0,-1.091653943,0
110.4556503,-6.336588383,1,-6.20438242,1,-4.285432339,1,-0.97386843,1,4.083621979,1,-2.685537338,1,-2.679286718,0,-1.492656827,0,-1.070049524,0
110.4596558,-6.811151028,1,-6.188806534,1,-4.253303528,1,-0.926164508,1,4.219390392,1,-2.843916655,1,-2.726278782,0,-1.512394071,0,-1.026756883,0
110.4636536,-7.227467537,1,-6.175352097,1,-4.301708221,1,-0.882650256,1,4.349264145,1,-3.009740591,1,-2.830443144,0,-1.532592535,0,-0.926100075,0
110.4676514,-7.744328976,1,-6.169427395,1,-4.257923126,1,-0.833944798,1,4.474811554,1,-3.155063391,1,3.102898598,0,-1.552030563,0,-0.579577267,0
110.4716568,-8.454296112,1,-6.226491451,1,-4.214378834,1,-0.796031892,1,4.618480206,1,-3.307120562,1,1.610587716,0,-1.557106972,0,0.909583688,0
110.4756546,-8.891138077,1,-6.43975687,1,-4.183617592,1,-0.762475193,1,4.773093224,1,-3.447933197,1,0.978271842,0,-1.538036346,0,1.538948774,0
110.4796524,-9.230284691,1,-6.609721184,1,-4.12425518,1,-0.744056225,1,4.917070389,1,-3.577883482,1,0.827933073,0,-1.514944315,0,1.68640101,0
110.4836502,-9.346405029,1,-6.880057335,1,-4.084474087,1,-0.734866261,1,5.053112984,1,-3.69144249,1,0.765007257,0,-1.490596294,0,1.746513963,0
110.487648,-9.516685486,1,-7.021460533,1,-4.044365406,1,-0.750737667,1,5.179433346,1,-3.776001453,1,0.730199993,0,-1.465425968,0,1.778479457,0
110.4916458,-9.678792,1,-7.186735153,1,-3.924120903,1,-0.770919502,1,5.303192616,1,-3.848528624,1,0.707542539,0,-1.439595819,0,1.798232079,0
110.4956512,-9.787199974,1,-7.143748283,1,-3.77164793,1,-0.781620502,1,5.407824039,1,-3.903090954,1,0.69121778,0,-1.41322124,0,1.811583281,0
110.499649,-9.725307465,1,-7.1046772,1,-3.629454613,1,-0.793416262,1,5.493350983,1,-3.934862137,1,0.678526998,0,-1.386405587,0,1.821264863,0
110.5036469,-9.537449837,1,-6.955154419,1,-3.667698145,1,-0.797589779,1,5.554067135,1,-3.957055569,1,0.668174446,0,-1.359276652,0,1.828563213,0
110.5076523,-9.442990303,1,-6.802260876,1,-3.501096725,1,-0.776776016,1,5.584292889,1,-3.951703787,1,0.659503341,0,-1.331978083,0,1.834221125,0
110.5116501,-9.350442886,1,-6.587901115,1,-3.401203156,1,-0.737983048,1,5.598227024,1,-3.941636562,1,0.652106166,0,-1.304623127,0,1.83872962,0
110.5156479,-9.342804909,1,-6.392001629,1,-3.379080534,1,-0.674454272,1,5.589606762,1,-3.907849073,1,0.645731568,0,-1.277305007,0,1.842428803,0
110.5196457,-9.491960526,1,-6.318547249,1,-3.329816103,1,-0.590010524,1,5.579793453,1,-3.870227337,1,0.640262306,0,-1.250089645,0,1.845502853,0
110.5236435,-9.634830475,1,-6.229195595,1,-3.337355852,1,-0.496501714,1,5.546927929,1,-3.832471371,1,0.635577738,0,-1.223038554,0,1.848156095,0
110.5276489,-9.844086647,1,-6.213593006,1,-3.457715988,1,-0.381783038,1,5.517620087,1,-3.79137516,1,0.631656289,0,-1.196170926,0,1.850473762,0
110.5316467,-10.09067726,1,-6.203764439,1,-3.545639277,1,-0.256548643,1,5.477530956,1,-3.748681784,1,0.628498912,0,-1.169528842,0,1.85249722,0
110.5356445,-10.42940044,1,-6.273017883,1,-3.728838205,1,-0.11435505,1,5.431286812,1,-3.711091995,1,0.626120269,0,-1.143098116,0,1.854289055,0
110.5396423,-10.95288754,1,-6.386339664,1,-3.880863667,1,0.029976813,1,5.397639751,1,-3.682518005,1,0.624484599,0,-1.116893888,0,1.855906367,0
110.5436478,-11.46040344,1,-6.538095474,1,-4.074321747,1,0.173447758,1,5.366296768,1,-3.655303717,1,0.623573124,0,-1.090863347,0,1.857387424,0
110.5476456,-11.90798473,1,-6.72436142,1,-4.333002567,1,0.3284778,1,5.349103928,1,-3.629651785,1,0.623306751,0,-1.064955831,0,1.85883224,0
110.5516434,-12.47682285,1,-6.930072308,1,-4.673150539,1,0.482187867,1,5.336853981,1,-3.624927998,1,0.623703241,0,-1.039140582,0,1.860241175,0
110.5556412,-13.0505991,1,-7.13451767,1,-4.992222786,1,0.649713755,1,5.334386349,1,-3.631103516,1,0.624810874,0,-1.013344169,0,1.861587167,0
110.559639,-13.76114559,1,-7.374753952,1,-5.285826206,1,0.802402735,1,5.348932743,1,-3.652069092,1,0.626606584,0,-0.987492502,0,1.862899899,0
110.5636444,-14.4499445,1,-7.507031441,1,-5.514943123,1,0.956554353,1,5.387315273,1,-3.692675591,1,0.629049003,0,-0.961484075,0,1.864210367,0
110.5676498,-14.88559055,1,-7.793382168,1,-5.748043537,1,1.097714424,1,5.427419662,1,-3.739285231,1,0.632113695,0,-0.935260057,0,1.865503192,0
110.5716629,-15.03187275,1,-8.147379875,1,-5.820282936,1,1.22461915,1,5.470759869,1,-3.804020166,1,0.635757864,0,-0.908762991,0,1.866761565,0
110.5756607,-15.05392647,1,-8.513572693,1,-5.939524174,1,1.338531256,1,5.503551006,1,-3.87229538,1,0.639961243,0,-0.881984591,0,1.867946029,0
110.5796509,-15.19060421,1,-8.799955368,1,-6.085264206,1,1.44003582,1,5.522583485,1,-3.955130577,1,0.644729435,0,-0.854958236,0,1.868999839,0
110.5836487,-15.3316164,1,-9.006138802,1,-6.301506996,1,1.521816015,1,5.523794651,1,-4.038724422,1,0.65002358,0,-0.827687144,0,1.869861603,0
110.5876617,-15.35867786,1,-9.165999413,1,-6.542897224,1,1.592691183,1,5.489836216,1,-4.133642197,1,0.655823529,0,-0.800262153,0,1.870453119,0
110.5916595,-15.40120316,1,-9.228072166,1,-6.794802189,1,1.649307728,1,5.441198349,1,-4.225987434,1,0.662137747,0,-0.772727549,0,1.87069869,0
110.5956573,-15.38791084,1,-9.236905098,1,-7.07927227,1,1.707342148,1,5.363348961,1,-4.319519997,1,0.668946564,0,-0.745176852,0,1.870563507,0
110.5996475,-15.48295498,1,-9.035485268,1,-7.385020733,1,1.774287462,1,5.260949135,1,-4.424516678,1,0.67628932,0,-0.717654645,0,1.869977236,0
110.6036606,-15.57593155,1,-8.809119225,1,-7.758473396,1,1.856948614,1,5.148688793,1,-4.525310993,1,0.684233546,0,-0.690206409,0,1.868911266,0
110.6076584,-15.68894768,1,-8.569367409,1,-8.195306778,1,1.949214101,1,5.018481731,1,-4.633608341,1,0.692825735,0,-0.66286546,0,1.867346406,0
110.6116562,-15.86365032,1,-8.50080204,1,-8.753722191,1,2.061516285,1,4.876366615,1,-4.720122814,1,0.702080071,0,-0.635680735,0,1.865299225,0
110.6156616,-16.34227943,1,-8.58617115,1,-9.346138,1,2.182403564,1,4.727791309,1,-4.811532497,1,0.711999476,0,-0.608693242,0,1.862829089,0
110.6196594,-17.24798393,1,-8.879538536,1,-9.968180656,1,2.315200329,1,4.59011507,1,-4.887400627,1,0.72258842,0,-0.581899226,0,1.859979033,0
110.6236572,-18.61915779,1,-9.090736389,1,-10.59465599,1,2.447768211,1,4.470982552,1,-4.974422932,1,0.73381424,0,-0.555252552,0,1.856817365,0
110.627655,-20.23653221,1,-9.316358566,1,-11.11822224,1,2.570025682,1,4.37958765,1,-5.06779623,1,0.74560833,0,-0.528649807,0,1.853420496,0
110.6316528,-21.81405067,1,-9.39456749,1,-11.52950668,1,2.665804625,1,4.31994772,1,-5.170148373,1,0.757818878,0,-0.501959026,0,1.849886775,0
110.6356506,-23.43585396,1,-9.564956665,1,-11.61040783,1,2.741482496,1,4.274943352,1,-5.279429436,1,0.770341992,0,-0.47509706,0,1.846267581,0
110.6396561,-24.86554146,1,-9.721858978,1,-11.36810493,1,2.798741102,1,4.266980648,1,-5.391166687,1,0.783045769,0,-0.447952062,0,1.842646718,0
110.6436539,-26.16810799,1,-9.174598694,1,-10.53042603,1,2.837178707,1,4.269940853,1,-5.50909996,1,0.795822501,0,-0.420472056,0,1.839081764,0
110.6476517,-24.70343208,1,-2.080067396,1,-10.79253864,1,2.919939756,1,4.151094913,1,-5.74669838,1,0.80876112,0,-0.392548859,0,1.835345984,0
110.6516571,-20.94147682,1,3.409475803,1,-11.76531219,1,3.126009703,1,3.873447895,1,-5.981179237,1,0.822601318,0,-0.364441246,0,1.83062017,0
110.6556549,-20.11053276,1,1.993874907,1,-9.93556118,1,3.363878489,1,3.694277048,1,-6.197180271,1,0.837485313,0,-0.336265922,0,1.824973822,0
110.6596527,-22.27453995,1,1.970356464,1,-8.614638329,1,3.663360119,1,3.51837945,1,-6.323008537,1,0.853488028,0,-0.307928443,0,1.81883657,0
110.6636505,-23.80466843,1,-0.093991823,1,-7.688351631,1,3.816615343,1,3.330442429,1,-6.354314327,1,0.870355308,0,-0.279745042,0,1.812432885,0
110.6676483,-24.49657631,1,-2.920722723,1,-6.260910511,1,3.749803066,1,3.141877651,1,-6.249937057,1,0.887216747,0,-0.252049595,0,1.806071639,0
110.6716537,-25.32377625,1,-4.368983269,1,-4.883677006,1,3.514284849,1,2.931535721,1,-6.034605503,1,0.903203011,0,-0.225267157,0,1.800005555,0
110.6756516,-25.47764969,1,-4.180671215,1,-3.805623531,1,3.196636438,1,2.703741789,1,-5.763240337,1,0.917825341,0,-0.199708834,0,1.794317722,0
110.6796494,-25.15137863,1,-2.264292002,1,-2.838094234,1,2.895900488,1,2.455509186,1,-5.464356422,1,0.931003988,0,-0.175554276,0,1.788941383,0
110.6836472,-25.05956268,1,0.48483184,1,-1.801520228,1,2.670673847,1,2.199825048,1,-5.156693935,1,0.942951083,0,-0.152918428,0,1.78379333,0
110.6876526,-25.07612801,1,3.319751978,1,-1.09488225,1,2.557492018,1,1.927939177,1,-4.838079453,1,0.954073012,0,-0.131865144,0,1.778807402,0
110.691658,-25.94704628,1,5.982538223,1,-0.467186093,1,2.522421837,1,1.66141808,1,-4.503522396,1,0.996835113,0,-0.124200091,0,1.812755227,0
110.6956558,-27.13064957,1,8.511165619,1,0.18445611,1,2.604148865,1,1.409952521,1,-4.195802212,1,1.007555127,0,-0.106236979,0,1.808534622,0
110.6996613,-28.99981308,1,11.20946503,1,0.692201018,1,2.761383772,1,1.17060411,1,-3.933958769,1,1.018678546,0,-0.089726605,0,1.804286718,0
110.7036591,-30.7961235,1,13.50108528,1,1.370613933,1,2.953937054,1,0.950722694,1,-3.706595659,1,1.030467749,0,-0.07447204,0,1.799960375,0
110.7076569,-32.34889984,1,15.19465256,1,2.316216707,1,3.148944378,1,0.761964738,1,-3.509333372,1,1.042970777,0,-0.060315609,0,1.795555234,0
110.7116623,-32.63677979,1,15.48497772,1,3.182469845,1,3.247472286,1,0.573424101,1,-3.299670458,1,1.056028366,0,-0.047159687,0,1.79110074,0
110.7156601,-32.11272049,1,14.3140583,1,4.312790394,1,3.198358059,1,0.354001284,1,-3.052730083,1,1.069156408,0,-0.035145272,0,1.786533117,0
110.7196579,-30.56127357,1,12.46834087,1,5.056214809,1,2.967914581,1,0.087620184,1,-2.756740093,1,1.081683278,0,-0.024486814,0,1.781773686,0
110.7236557,-29.01749802,1,9.671113968,1,5.540214539,1,2.53098774,1,-0.226437002,1,-2.400725365,1,1.092843533,0,-0.015468827,0,1.776730537,0
110.7276535,-27.32719421,1,6.501970291,1,5.624678135,1,1.893489242,1,-0.55624944,1,-1.972676396,1,1.101801038,0,-0.008388587,0,1.771360636,0
110.7316589,-25.93149185,1,3.935878038,1,5.653326988,1,1.081264138,1,-0.896639585,1,-1.497496963,1,1.107808232,0,-0.003496326,0,1.765636325,0
110.7356567,-24.3158989,1,2.232846737,1,5.312318325,1,0.190977693,1,-1.220537186,1,-1.001520634,1,1.110376358,0,-0.000905842,0,1.759602547,0
110.7396545,-23.49853134,1,1.679948926,1,4.655180931,1,-0.638709247,1,-1.48887217,1,-0.485594273,1,1.109441876,0,-0.000668734,0,1.753422379,0
110.7436523,-23.24288177,1,2.989285946,1,2.969597101,1,-1.284267068,1,-1.734937906,1,-0.046858594,1,1.105558991,0,-0.002618107,0,1.74717176,0
110.7476578,-23.27986526,1,4.556687355,1,1.137818098,1,-1.696610212,1,-1.926238775,1,0.302439064,1,1.09956789,0,-0.006410077,0,1.740854979,0
110.7516556,-15.77291012,1,-2.790237427,1,-6.515244484,1,-2.191084862,1,-2.121845722,1,0.655124664,1,1.09210217,0,-0.01173237,0,1.734587312,0
110.7556534,-3.431723595,1,-14.35746956,1,-2.541529894,1,-4.050742149,1,-3.135388851,1,1.201893568,1,1.079278946,0,-0.019768929,0,1.72722733,0
110.7596588,-23.79331207,1,9.098907471,1,-6.257691383,1,-3.902005911,1,-3.279587269,1,1.628334045,1,1.063581109,0,-0.031481192,0,1.718322992,0
110.7636566,8.747127533,1,-2.699370146,1,-10.94661331,1,-4.035909653,1,-2.832438707,1,1.262099504,1,1.048093915,0,-0.042372294,0,1.710771799,0
110.7676544,9.822110176,1,-6.864164829,1,-16.40459824,1,-4.056475639,1,-3.025951862,1,1.285980463,1,1.032247543,0,-0.052596234,0,1.703198314,0
110.7716522,2.26962328,1,-7.08683157,1,-17.12174797,1,-4.029308319,1,-2.964325666,1,1.320350528,1,1.016497254,0,-0.063358702,0,1.695602775,0
110.77565,8.748628616,1,-4.780985355,1,-18.13812256,1,-3.739565134,1,-2.92625761,1,1.381896019,1,1.001333833,0,-0.07409852,0,1.688520551,0
110.7796478,11.83426285,1,-1.276825905,1,-17.6114502,1,-3.40115571,1,-3.217344761,1,1.554723263,1,0.987772882,0,-0.085747741,0,1.681468844,0
110.7836533,7.603645325,1,1.710585952,1,-13.94012165,1,-3.354117632,1,-3.737096786,1,1.622923136,1,0.974936664,0,-0.098719828,0,1.673356771,0
110.7876511,7.58570385,1,6.658448219,1,-10.94286919,1,-3.174757481,1,-4.277434826,1,1.904878378,1,0.962846518,0,-0.113533504,0,1.664120197,0
110.7916489,7.699438095,1,16.80599976,1,-11.98013687,1,-2.32958746,1,-4.958487034,1,2.44585824,1,0.953010321,0,-0.131220773,0,1.653856039,0
110.7956543,-5.485000134,1,15.65668869,1,-16.18099594,1,-1.950534344,1,-5.666635036,1,2.646946669,1,0.946022332,0,-0.152032092,0,1.642412186,0
110.7996521,-13.19393635,1,15.17575741,1,-21.60644341,1,-1.455819011,1,-5.61347723,1,2.6051054,1,0.941193819,0,-0.173881635,0,1.630011797,0
110.8036499,-20.92770195,1,13.6602478,1,-23.2748909,1,-1.059077621,1,-5.191022396,1,2.71062541,1,0.9383443,0,-0.195240825,0,1.618597507,0
110.8076553,-30.61193085,1,9.897816658,1,-24.89901733,1,-0.848498166,1,-4.519527912,1,2.756073952,1,0.936321437,0,-0.215652436,0,1.609140873,0
110.8116608,-29.32031441,1,6.858582497,1,-23.9629631,1,-0.509019613,1,-3.622390985,1,2.697568178,1,0.935174942,0,-0.234043017,0,1.60239625,0
110.8156586,-24.22314644,1,4.930655479,1,-19.03181839,1,-0.2559793,1,-2.997377157,1,2.70491004,1,0.934718251,0,-0.250579983,0,1.598074436,0
110.819664,-21.32955742,1,1.146149158,1,-16.06179047,1,-0.086838424,1,-2.639919996,1,2.747181177,1,0.93468374,0,-0.266026467,0,1.595450044,0
110.8236618,-20.35816002,1,-5.846601486,1,-12.65443993,1,-0.137490228,1,-2.349919319,1,2.597442865,1,0.934673071,0,-0.280615687,0,1.593760133,0
110.8276596,-17.40401459,1,-12.87271309,1,-9.160589218,1,-0.251566082,1,-2.10823679,1,2.323724508,1,0.934307575,0,-0.293758571,0,1.59240365,0
110.8316574,-14.91673565,1,-16.94836426,1,-5.712998867,1,-0.587673187,1,-2.007269621,1,1.975268126,1,0.933064044,0,-0.305563986,0,1.590889573,0
110.8356552,-11.27167988,1,-17.77566338,1,-4.62473011,1,-0.785006225,1,-2.093159437,1,1.560106397,1,0.931043327,0,-0.316094518,0,1.588413596,0
110.8396606,-10.52341461,1,-16.24990273,1,-4.510481358,1,-1.172531605,1,-2.149427652,1,1.339132071,1,0.928310454,0,-0.325870514,0,1.584852576,0
110.8436584,-6.757835388,1,-10.98504162,1,-5.029110909,1,-1.404060245,1,-2.163297892,1,1.129955411,1,0.924411952,0,-0.334946483,0,1.58072567,0
110.8476563,-6.714686871,1,-5.138110638,1,-7.6743536,1,-1.507276654,1,-2.185811996,1,1.054451227,1,0.920110404,0,-0.343683004,0,1.576129913,0
110.8516541,-12.75288486,1,-1.071993232,1,-11.71773338,1,-1.64522171,1,-1.889834523,1,1.023378968,1,0.915238142,0,-0.352036774,0,1.57182765,0
110.8556595,-12.83091164,1,4.385099411,1,-12.63594532,1,-1.493576884,1,-1.316471577,1,1.065139771,1,0.909889579,0,-0.359218717,0,1.569122553,0
110.8596573,-10.59971714,1,5.375022888,1,-11.70426655,1,-1.365281582,1,-0.902986765,1,1.122295737,1,0.904471338,0,-0.365378767,0,1.568291545,0
110.8636551,-11.75284195,1,1.512919307,1,-11.20146942,1,-1.265886664,1,-0.584866166,1,1.082434058,1,0.89907366,0,-0.370733976,0,1.568759203,0
110.8676529,-12.19084549,1,-1.119513631,1,-9.529035568,1,-1.07850194,1,-0.386667341,1,0.86873877,1,0.893958688,0,-0.374970198,0,1.569828272,0
110.8716507,-8.016314507,1,-5.15377903,1,-8.096427917,1,-0.979373336,1,-0.416941524,1,0.605156004,1,0.889638066,0,-0.378253579,0,1.570489168,0
110.8756561,-6.445937634,1,-6.465968609,1,-8.074964523,1,-0.952449501,1,-0.472569734,1,0.431743771,1,0.885808051,0,-0.38096875,0,1.570397615,0
110.8796539,-5.389517784,1,-5.430813313,1,-8.734192848,1,-0.939792097,1,-0.472305238,1,0.397636026,1,0.882189393,0,-0.383440435,0,1.569926977,0
110.8836517,-5.832909107,1,-3.347125053,1,-9.80192852,1,-0.91010946,1,-0.42604214,1,0.430862039,1,0.878610313,0,-0.385868371,0,1.569553375,0
110.8876495,-4.58417654,1,-1.508305669,1,-9.629956245,1,-0.8712309,1,-0.383679211,1,0.513085842,1,0.875068069,0,-0.388341308,0,1.569538355,0
110.891655,-5.404542923,1,-1.437826991,1,-9.713267326,1,-0.777465165,1,-0.386944681,1,0.54467243,1,0.871688366,0,-0.390991032,0,1.569733381,0
110.8956528,-6.855933189,1,-1.933830738,1,-8.880505562,1,-0.690767884,1,-0.361719966,1,0.494428724,1,0.868664145,0,-0.393555522,0,1.569954157,0
110.8996506,-6.492632389,1,-2.104859352,1,-8.48548317,1,-0.623999059,1,-0.343424767,1,0.436542958,1,0.86598295,0,-0.39589709,0,1.570091605,0
110.903656,-5.372014046,1,-1.431811452,1,-8.816450119,1,-0.559502721,1,-0.327468902,1,0.39027524,1,0.86359489,0,-0.398013085,0,1.570145845,0
110.9076538,-4.747561455,1,-0.594557762,1,-9.102912903,1,-0.473009199,1,-0.331206381,1,0.355364978,1,0.861546159,0,-0.399998307,0,1.570102692,0
110.9116516,-5.08606863,1,-0.284353942,1,-9.172570229,1,-0.394099236,1,-0.339410514,1,0.323232412,1,0.859880388,0,-0.401893437,0,1.569953203,0
110.9156494,-5.813289642,1,-0.681972682,1,-8.977933884,1,-0.326580316,1,-0.324618638,1,0.273750782,1,0.858540952,0,-0.403661281,0,1.569709063,0
110.9196472,-6.205560207,1,-1.369036555,1,-9.022357941,1,-0.26812461,1,-0.299568832,1,0.214109987,1,0.857490718,0,-0.405218661,0,1.569373727,0
110.923645,-5.355317593,1,-2.084266424,1,-8.870274544,1,-0.218378842,1,-0.297310531,1,0.168243065,1,0.856699169,0,-0.406565785,0,1.568933129,0
110.9276505,-4.905321598,1,-2.811256409,1,-8.862734795,1,-0.194942683,1,-0.29694882,1,0.140297145,1,0.856071711,0,-0.407804161,0,1.56838572,0
110.9316559,-5.033129215,1,-3.35626483,1,-8.626344681,1,-0.188984558,1,-0.302250624,1,0.136109814,1,0.855558395,0,-0.409008205,0,1.567782164,0
110.9356613,-5.061526299,1,-3.719774008,1,-8.3803339,1,-0.190293372,1,-0.297197133,1,0.153596953,1,0.855028868,0,-0.410235643,0,1.567201614,0
110.9396591,-5.193645954,1,-3.946712971,1,-8.173069954,1,-0.213843808,1,-0.286374003,1,0.177809358,1,0.854418874,0,-0.411498904,0,1.566709876,0
110.9436569,-5.250795364,1,-3.927152395,1,-8.107534409,1,-0.235683888,1,-0.280078471,1,0.19518587,1,0.86553061,0,-0.416742146,0,1.60385716,0
110.9476547,-5.159152031,1,-3.537621975,1,-8.164125443,1,-0.254102081,1,-0.269022226,1,0.224431112,1,0.864677608,0,-0.418091655,0,1.603532791,0
110.9516602,-5.310418606,1,-3.129115105,1,-8.264852524,1,-0.271410972,1,-0.245240107,1,0.241864815,1,0.863703012,0,-0.419468254,0,1.603343248,0
110.955658,-5.285975933,1,-2.953430176,1,-8.142178535,1,-0.271778733,1,-0.233623713,1,0.247138456,1,0.862659812,0,-0.420831591,0,1.603239655,0
110.9596558,-5.084257603,1,-2.899596453,1,-8.274540901,1,-0.278962851,1,-0.215632379,1,0.237152919,1,0.861581802,0,-0.42214644,0,1.603188396,0
110.9636612,-4.737861156,1,-2.873514175,1,-8.580355644,1,-0.270914823,1,-0.217077285,1,0.231294766,1,0.860505939,0,-0.423415422,0,1.603137732,0
110.967659,-4.472020149,1,-2.580973387,1,-8.774131775,1,-0.26511839,1,-0.232001126,1,0.225217715,1,0.859467387,0,-0.424697459,0,1.603041291,0
110.9716568,-4.552732468,1,-2.045423031,1,-8.963163376,1,-0.247281298,1,-0.258233964,1,0.221829683,1,0.858506322,0,-0.426026285,0,1.602869153,0
110.9756546,-4.763103485,1,-1.37661922,1,-9.037937164,1,-0.211051971,1,-0.279367715,1,0.202931836,1,0.857706368,0,-0.42737478,0,1.602580667,0
110.9796524,-4.774884701,1,-1.084879637,1,-9.109977722,1,-0.16151607,1,-0.307433128,1,0.176735401,1,0.857129931,0,-0.428718477,0,1.602157474,0
110.9836502,-4.794789791,1,-1.236204863,1,-9.093567848,1,-0.116129875,1,-0.320802152,1,0.15189527,1,0.856813788,0,-0.430034339,0,1.601577997,0
110.9876556,-4.64622736,1,-1.828371406,1,-8.858206749,1,-0.087496832,1,-0.343958199,1,0.124749154,1,0.856715381,0,-0.431321055,0,1.600870967,0
110.9916534,-4.810842991,1,-2.22803688,1,-8.708293915,1,-0.061379261,1,-0.358064771,1,0.108129039,1,0.856775641,0,-0.432592452,0,1.600035548,0
110.9956512,-4.628193378,1,-2.440990448,1,-8.570030212,1,-0.045808576,1,-0.369288087,1,0.097324044,1,0.856943369,0,-0.43384698,0,1.599111438,0
110.9996567,-4.607758522,1,-2.639282703,1,-8.630005836,1,-0.031932198,1,-0.373493999,1,0.101357497,1,0.857190251,0,-0.435113877,0,1.598161101,0
111.0036545,-4.43805027,1,-3.189662218,1,-8.559780121,1,-0.029981853,1,-0.379180044,1,0.129710808,1,0.857459307,0,-0.436446965,0,1.597246051,0
111.0076523,-4.905837059,1,-3.747934341,1,-8.150068283,1,-0.04531493,1,-0.374985099,1,0.152817324,1,0.857678771,0,-0.437863886,0,1.596389532,0
111.0116501,-5.152940273,1,-4.399097919,1,-7.685641289,1,-0.071500517,1,-0.355709821,1,0.186664104,1,0.857757449,0,-0.439342767,0,1.595665097,0
111.0156479,-5.392046928,1,-4.585871696,1,-7.453078747,1,-0.111136436,1,-0.327081144,1,0.216316536,1,0.857630253,0,-0.440851837,0,1.595108509,0
111.0196533,-5.262261868,1,-4.481712818,1,-7.349254608,1,-0.142504916,1,-0.292085648,1,0.247797683,1,0.857286274,0,-0.442367822,0,1.594753265,0
111.0236511,-5.250858784,1,-4.016532898,1,-7.387026787,1,-0.178657621,1,-0.260904402,1,0.283115119,1,0.856712818,0,-0.443891585,0,1.59458828,0
111.0276489,-5.149338245,1,-3.58412838,1,-7.548709393,1,-0.191631839,1,-0.239201114,1,0.298641145,1,0.855965257,0,-0.445428342,0,1.594596863,0
111.0316467,-5.114902496,1,-3.19208765,1,-7.813204765,1,-0.199531302,1,-0.230086923,1,0.317042917,1,0.855136871,0,-0.44697535,0,1.594703436,0
111.0356522,-5.112998962,1,-2.497086763,1,-8.042682648,1,-0.185576871,1,-0.224532098,1,0.321925372,1,0.854281247,0,-0.448534012,0,1.594878078,0
111.03965,-4.919449806,1,-2.19519949,1,-8.3032341,1,-0.168506905,1,-0.23182103,1,0.332024902,1,0.853482842,0,-0.450115293,0,1.595077991,0
111.0436478,-5.145190716,1,-1.608058453,1,-8.351491928,1,-0.125209108,1,-0.252203345,1,0.327596337,1,0.852803707,0,-0.451748818,0,1.595238686,0
111.0476532,-5.18594408,1,-1.76357615,1,-8.443883896,1,-0.074555367,1,-0.264124274,1,0.324831486,1,0.852365494,0,-0.453394592,0,1.595329165,0
111.051651,-5.122260094,1,-2.335053682,1,-8.321306229,1,-0.055330988,1,-0.293738157,1,0.326346308,1,0.85211122,0,-0.455105186,0,1.595352054,0
111.0556488,-4.843917847,1,-2.755826235,1,-8.505106926,1,-0.066205584,1,-0.330970883,1,0.322063237,1,0.85191524,0,-0.456915468,0,1.595257878,0
111.0596542,-4.92485857,1,-2.170585394,1,-8.494391441,1,-0.030760301,1,-0.360779881,1,0.319533825,1,0.851817787,0,-0.45879215,0,1.595033765,0
111.063652,-4.65191555,1,-2.183893919,1,-8.699394226,1,-0.014270663,1,-0.388816953,1,0.319409043,1,0.851879239,0,-0.460744023,0,1.594722509,0
111.0676498,-4.660598278,1,-2.168748379,1,-8.908567429,1,0.00826809,1,-0.435838014,1,0.316240728,1,0.852046072,0,-0.462788582,0,1.594279408,0
111.0716553,-4.586107254,1,-2.847721577,1,-8.887675285,1,-0.019082397,1,-0.478612959,1,0.322457254,1,0.852305472,0,-0.464960188,0,1.593674183,0
111.0756531,-4.536821365,1,-2.337918997,1,-8.654549599,1,-0.018435335,1,-0.51427424,1,0.314769238,1,0.852534413,0,-0.467234254,0,1.592938185,0
111.0796509,-4.876486778,1,-2.111155987,1,-8.652817726,1,0.014201982,1,-0.537048578,1,0.324056447,1,0.852898836,0,-0.469595373,0,1.592108727,0
111.0836487,-4.881676197,1,-2.646925688,1,-8.676527023,1,0.011429956,1,-0.566381097,1,0.340042323,1,0.853377283,0,-0.472040534,0,1.591235876,0
111.0876465,-4.896182537,1,-2.750370979,1,-8.49091053,1,-0.015251411,1,-0.606116951,1,0.33493045,1,0.853801429,0,-0.47459498,0,1.59025979,0
111.0916443,-5.017713547,1,-2.229528904,1,-8.529621124,1,0.002144984,1,-0.621704578,1,0.3239007,1,0.854286253,0,-0.477197587,0,1.58914578,0
111.0956497,-4.901541233,1,-2.10584712,1,-8.463726997,1,0.016169935,1,-0.640504003,1,0.332751393,1,0.854858339,0,-0.479851067,0,1.587984562,0
111.0996475,-5.129033566,1,-2.366185427,1,-8.400884628,1,0.023589965,1,-0.661015749,1,0.329544932,1,0.855501533,0,-0.482562751,0,1.586747408,0
111.1036453,-5.148593903,1,-2.653395653,1,-8.132590294,1,0.00730524,1,-0.686999321,1,0.329649657,1,0.856181324,0,-0.48532486,0,1.585424542,0
111.1076508,-5.25982666,1,-2.622627974,1,-7.975969315,1,0.006997849,1,-0.695691824,1,0.327921301,1,0.856864095,0,-0.488127589,0,1.584032774,0
111.1116486,-5.255373955,1,-2.628226519,1,-7.925413132,1,0.000290405,1,-0.699474692,1,0.331040651,1,0.857552528,0,-0.490954608,0,1.582612038,0
111.1156464,-5.324497223,1,-2.751308918,1,-7.908727646,1,-0.003420552,1,-0.714715123,1,0.333909035,1,0.858231306,0,-0.493804067,0,1.581167221,0
111.1196442,-5.273431778,1,-2.875553131,1,-7.85172987,1,-0.022139022,1,-0.719001114,1,0.338489681,1,0.858874202,0,-0.496697575,0,1.579702258,0
111.123642,-5.388267517,1,-2.907469749,1,-7.889532089,1,-0.040066883,1,-0.721951962,1,0.353483647,1,0.859451771,0,-0.499627411,0,1.578240991,0
111.1276474,-5.351587772,1,-2.625538349,1,-7.780001163,1,-0.044689193,1,-0.735281169,1,0.364791423,1,0.859980524,0,-0.502602935,0,1.576785088,0
111.1316452,-5.406106472,1,-2.591332674,1,-7.743134499,1,-0.044845007,1,-0.734699667,1,0.363752842,1,0.860505283,0,-0.505620539,0,1.575324535,0
111.135643,-5.389184952,1,-2.572597742,1,-7.717237473,1,-0.051671304,1,-0.738358378,1,0.368048131,1,0.861018836,0,-0.508650184,0,1.573858142,0
111.1396408,-5.494333744,1,-2.530811787,1,-7.792548656,1,-0.060694814,1,-0.734682024,1,0.369062126,1,0.861514688,0,-0.511689305,0,1.572392344,0
111.1436462,-5.370434284,1,-2.558723688,1,-7.754535198,1,-0.06615486,1,-0.741898298,1,0.370453298,1,0.861983657,0,-0.514721751,0,1.570929527,0
111.147644,-5.59467268,1,-2.655808449,1,-7.833475113,1,-0.084920116,1,-0.746549189,1,0.380220145,1,0.862417698,0,-0.517795444,0,1.569453955,0
111.1516418,-5.572558403,1,-2.632768631,1,-7.791371822,1,-0.100354455,1,-0.753552079,1,0.38188684,1,0.862783551,0,-0.520902276,0,1.567979455,0
111.1556473,-5.497349739,1,-2.5828228,1,-7.780591011,1,-0.113918863,1,-0.757535219,1,0.391212732,1,0.863100708,0,-0.524027169,0,1.566483259,0
111.1596451,-5.462986469,1,-2.568381548,1,-7.788692474,1,-0.118613765,1,-0.756980479,1,0.393661082,1,0.863381624,0,-0.527190685,0,1.565001845,0
111.1636429,-5.528147697,1,-2.58613348,1,-7.786877632,1,-0.134078592,1,-0.769464195,1,0.400632679,1,0.863622546,0,-0.530380309,0,1.563519359,0
111.1676407,-5.48752594,1,-2.614069223,1,-7.766332626,1,-0.144121781,1,-0.775445104,1,0.402725965,1,0.863828182,0,-0.533606648,0,1.562006116,0
111.1716461,-5.589505196,1,-2.653617859,1,-7.816082478,1,-0.162243217,1,-0.782512605,1,0.413475454,1,0.863992333,0,-0.536874235,0,1.560483336,0
111.1756439,-5.687772274,1,-2.785244942,1,-7.788971424,1,-0.182705417,1,-0.791917443,1,0.423999906,1,0.864077091,0,-0.540197551,0,1.558957458,0
111.1796494,-5.564208508,1,-2.728301048,1,-7.716093063,1,-0.195347324,1,-0.800642431,1,0.437130213,1,0.864116132,0,-0.543576658,0,1.557428241,0
111.1836472,-5.706774235,1,-2.553376436,1,-7.800460815,1,-0.19499597,1,-0.812572718,1,0.447534591,1,0.86413449,0,-0.547015965,0,1.555893302,0
111.187645,-5.797555923,1,-2.350876331,1,-7.771230698,1,-0.194239467,1,-0.823206007,1,0.458104581,1,0.86416173,0,-0.550510347,0,1.554356575,0
111.1916428,-5.723344803,1,-2.300182581,1,-7.716784,1,-0.185760036,1,-0.840617776,1,0.465103924,1,0.515364349,0,-0.636626244,0,1.571232915,0
111.1956406,-5.876063347,1,-2.161422491,1,-7.822221756,1,-0.174141988,1,-0.848718941,1,0.469145,1,0.514680684,0,-0.640482843,0,1.571183324,0
111.199646,-5.914343834,1,-2.137297153,1,-7.84657383,1,-0.160553575,1,-0.866169512,1,0.477848321,1,0.514035523,0,-0.644404709,0,1.571139574,0
111.2036438,-5.719180107,1,-2.278110266,1,-7.741364479,1,-0.154343337,1,-0.876323819,1,0.486756176,1,0.513423145,0,-0.64839083,0,1.57110393,0
111.2076416,-5.778691292,1,-2.453086138,1,-7.705500603,1,-0.162064716,1,-0.88561672,1,0.492892146,1,0.512809932,0,-0.652421474,0,1.571071148,0
111.2116394,-5.681430817,1,-2.415270567,1,-7.690255642,1,-0.167014867,1,-0.908403695,1,0.503862441,1,0.512171686,0,-0.656533718,0,1.571038008,0
111.2156525,-5.813723087,1,-2.255424023,1,-7.704311848,1,-0.167142943,1,-0.925581932,1,0.516266406,1,0.511506855,0,-0.660733163,0,1.571017146,0
111.2196503,-5.839404106,1,-2.240603685,1,-7.749880314,1,-0.160631403,1,-0.936889708,1,0.533262491,1,0.510843575,0,-0.665011108,0,1.571020246,0
111.2236404,-5.858812332,1,-2.224176407,1,-7.775017738,1,-0.163289547,1,-0.961151481,1,0.549752355,1,0.51017338,0,-0.669379473,0,1.571056247,0
111.2276382,-5.88348341,1,-2.160023928,1,-7.748446465,1,-0.161932185,1,-0.983993292,1,0.562119782,1,0.509494245,0,-0.673853278,0,1.57110703,0
111.231636,-5.944101334,1,-2.11147356,1,-7.751038074,1,-0.159204349,1,-1.004154325,1,0.573514104,1,0.508809805,0,-0.678432703,0,1.571172595,0
111.2356491,-5.966345787,1,-2.156924009,1,-7.699663639,1,-0.157779872,1,-1.02613771,1,0.583936632,1,0.508139789,0,-0.683101058,0,1.571232557,0
111.2396469,-5.968263626,1,-2.168417692,1,-7.732360363,1,-0.163987711,1,-1.048880458,1,0.598051965,1,0.507448137,0,-0.687871814,0,1.571301341,0
111.2436371,-5.946731091,1,-2.098665953,1,-7.709739208,1,-0.171328917,1,-1.066896796,1,0.606342971,1,0.506731153,0,-0.692743421,0,1.571369052,0
111.2476349,-5.940255642,1,-2.068210602,1,-7.730820656,1,-0.178128615,1,-1.095879316,1,0.616728306,1,0.505992174,0,-0.697712302,0,1.571426988,0
111.2516479,-5.995948315,1,-2.058725357,1,-7.757713318,1,-0.192293152,1,-1.115524292,1,0.624405861,1,0.505228341,0,-0.702788472,0,1.571470857,0
111.2556458,-5.955506325,1,-2.063903332,1,-7.822597027,1,-0.198860422,1,-1.146808267,1,0.633666933,1,0.504438341,0,-0.707976818,0,1.57149148,0
111.2596436,-5.936295509,1,-2.191481113,1,-7.886824608,1,-0.210413054,1,-1.177726269,1,0.64623934,1,0.503624618,0,-0.713286042,0,1.571482301,0
111.263649,-5.945685387,1,-2.353554249,1,-7.949634075,1,-0.232994705,1,-1.215873003,1,0.657675743,1,0.502760291,0,-0.718743503,0,1.571449876,0
111.2676468,-6.014159203,1,-2.556183815,1,-7.999802589,1,-0.263506114,1,-1.248308778,1,0.676133335,1,0.501805604,0,-0.724346519,0,1.571401119,0
111.2716446,-2.800307751,1,0.274000436,1,-5.713475704,1,-0.171022281,1,-1.251202703,1,0.614811361,1,0.50070101,0,-0.72963357,0,1.571324348,0
111.2756424,-8.689286232,1,0.076217785,1,-11.30798912,1,-0.09208487,1,-1.372061968,1,0.695673347,1,0.500636339,0,-0.735917926,0,1.570763826,0
111.2796402,-6.112579823,1,-3.172659636,1,-6.667778492,1,-0.184847981,1,-1.397954226,1,0.704701781,1,0.500216663,0,-0.742031217,0,1.570629835,0
111.2836456,-4.719062328,1,-5.696043491,1,-8.069333076,1,-0.322554469,1,-1.496312141,1,0.677222252,1,0.499532551,0,-0.748449147,0,1.570151448,0
111.2876434,-5.480772018,1,-1.908931732,1,-8.766628265,1,-0.340193391,1,-1.567485094,1,0.763245225,1,0.498593658,0,-0.75521332,0,1.569550395,0
111.2916489,-5.567606449,1,-2.123224258,1,-8.276427269,1,-0.353256017,1,-1.618042469,1,0.815875351,1,0.497424245,0,-0.7623083,0,1.569225311,0
111.2956467,-5.725070477,1,-2.796070099,1,-8.140800476,1,-0.362558901,1,-1.690099597,1,0.831391215,1,0.496278882,0,-0.769697428,0,1.568865657,0
111.2996445,-5.998296738,1,-2.451159716,1,-8.402383804,1,-0.406297177,1,-1.77130568,1,0.855187178,1,0.495063096,0,-0.777395785,0,1.568393707,0
111.3036423,-5.833218575,1,-2.401635647,1,-8.524590492,1,-0.456295133,1,-1.842415452,1,0.883536398,1,0.49369511,0,-0.785394907,0,1.567883492,0
111.3076477,-5.472989082,1,-2.345118046,1,-8.772884369,1,-0.476864129,1,-1.93712306,1,0.913950801,1,0.492247581,0,-0.793749928,0,1.567295551,0
111.3116455,-5.619022369,1,-2.559452295,1,-8.800255775,1,-0.502994955,1,-2.04226613,1,0.959103465,1,0.490738571,0,-0.802538931,0,1.566650271,0
111.3156433,-5.785356522,1,-2.996583223,1,-8.560975075,1,-0.539443374,1,-2.132714748,1,1.003282785,1,0.48913756,0,-0.811737418,0,1.565976262,0
111.3196411,-5.706674576,1,-3.404112339,1,-8.698163986,1,-0.573977411,1,-2.24052,1,1.067126036,1,0.487399042,0,-0.821411729,0,1.565315723,0
111.3236465,-5.627074242,1,-3.430886745,1,-8.827835083,1,-0.60927403,1,-2.35117197,1,1.14720273,1,0.485432714,0,-0.831590593,0,1.5647645,0
111.3276443,-5.48482132,1,-3.394406319,1,-8.884421349,1,-0.630872369,1,-2.478350878,1,1.230311871,1,0.483275414,0,-0.842342257,0,1.56434679,0
111.3316422,-5.457810402,1,-3.351427317,1,-9.147707939,1,-0.634571373,1,-2.626090527,1,1.314245701,1,0.481018543,0,-0.853745699,0,1.563993812,0
111.3356476,-5.582665443,1,-3.523319483,1,-9.598439217,1,-0.643224716,1,-2.775840759,1,1.400939584,1,0.478666395,0,-0.865827799,0,1.563729286,0
111.3396454,-5.601645947,1,-3.692122698,1,-9.966563225,1,-0.660376012,1,-2.939181328,1,1.499411345,1,0.476179481,0,-0.878635168,0,1.563585997,0
111.3436432,-5.181772709,1,-3.767252207,1,-10.20887184,1,-0.665738821,1,-3.125843763,1,1.607937098,1,0.473568022,0,-0.892245293,0,1.563548446,0
111.347641,-4.808684826,1,-3.854704618,1,-10.72951508,1,-0.684225082,1,-3.358812094,1,1.72259438,1,0.470810831,0,-0.906818926,0,1.563615799,0
111.3516388,-4.915910721,1,-4.428545475,1,-11.24158859,1,-0.724795818,1,-3.590572596,1,1.848864794,1,0.46790117,0,-0.922446907,0,1.563749075,0
111.3556442,-4.964305878,1,-5.149887085,1,-11.87438488,1,-0.780507922,1,-3.841640711,1,1.982770801,1,0.464688361,0,-0.939159811,0,1.564007878,0
111.359642,-5.10417223,1,-5.961474419,1,-12.22476196,1,-0.887168288,1,-4.109013081,1,2.125728369,1,0.461000383,0,-0.957046926,0,1.564440846,0
111.3636398,-5.402547359,1,-7.220970154,1,-12.40744114,1,-1.016182184,1,-4.3776021,1,2.29068327,1,0.456621468,0,-0.976177096,0,1.565160036,0
111.3676376,-5.824964046,1,-8.660090446,1,-12.66292191,1,-1.193397999,1,-4.640618324,1,2.473094702,1,0.451244742,0,-0.996562421,0,1.566311836,0
111.3716431,-6.697880745,1,-9.762823105,1,-12.95470715,1,-1.409907103,1,-4.890506744,1,2.704825401,1,0.444354832,0,-1.018242359,0,1.568308711,0
111.3756409,-7.991314411,1,-10.58654118,1,-13.40194035,1,-1.641424537,1,-5.082097054,1,2.93256712,1,0.435421526,0,-1.041100621,0,1.571602345,0
111.3796387,-7.662603378,1,-10.57341385,1,-13.19524765,1,-1.850019813,1,-5.276978493,1,3.165468931,1,0.424156874,0,-1.064995766,0,1.576544046,0
111.3836365,-7.592987061,1,-10.53448582,1,-13.16236782,1,-2.080718756,1,-5.481328487,1,3.424873352,1,0.410125315,0,-1.090025306,0,1.583551884,0
111.3876343,-9.43441391,1,-11.00701904,1,-13.23130989,1,-2.343272448,1,-5.629458427,1,3.705179214,1,0.392491698,0,-1.116058469,0,1.593404293,0
111.3916397,-13.88348675,1,-11.84873772,1,-15.25902748,1,-2.635332584,1,-5.640454769,1,3.888414383,1,0.370405257,0,-1.142729163,0,1.606819868,0
111.3956375,-14.11097336,1,-9.645402908,1,-14.16941929,1,-2.728065491,1,-5.614042759,1,4.001003742,1,0.344181985,0,-1.16918993,0,1.62380302,0
111.3996353,-13.14553833,1,-10.10835457,1,-15.87739658,1,-2.932769775,1,-5.61053133,1,4.194750786,1,0.312555969,0,-1.195739865,0,1.645707965,0
111.4036331,-11.48409462,1,-7.893651485,1,-14.97216225,1,-3.093609095,1,-5.71362257,1,4.373084068,1,0.274456501,0,-1.222352147,0,1.673551321,0
111.4076386,-13.54572392,1,-7.224796295,1,-15.9564085,1,-3.171009064,1,-5.843363762,1,4.372018337,1,0.229651138,0,-1.249117732,0,1.707683444,0
111.411644,-16.47279549,1,-5.590176105,1,-15.70823002,1,-3.121848106,1,-5.793625355,1,4.2926507,1,0.178662732,0,-1.275466442,0,1.747975826,0
111.4156418,-18.59318161,1,-4.373710155,1,-15.75952911,1,-2.980192661,1,-5.704185963,1,4.20634079,1,0.120241463,0,-1.30077219,0,1.79604578,0
111.4196396,-19.97283554,1,-4.601921082,1,-14.71873569,1,-2.797463655,1,-5.565995216,1,4.082354069,1,0.053525787,0,-1.324657917,0,1.853097796,0
111.4236374,-20.98707581,1,-5.955881596,1,-14.15821457,1,-2.673518181,1,-5.372493267,1,4.016503334,1,-0.023507519,0,-1.346780181,0,1.921082854,0
111.4276428,-19.49833679,1,-6.46369648,1,-12.91563702,1,-2.640588522,1,-5.213113785,1,4.015349388,1,-0.114621513,0,-1.366788149,0,2.003445864,0
111.4316406,-16.52438164,1,-6.788174152,1,-11.25265121,1,-2.666370153,1,-5.182602406,1,4.03757,1,-0.223207459,0,-1.384558201,0,2.103326082,0
111.4356384,-17.690382,1,-6.22183609,1,-11.46280098,1,-2.628953218,1,-5.129850388,1,3.916761637,1,-0.350978106,0,-1.399895191,0,2.222370625,0
111.4396362,-16.72699928,1,-5.868835449,1,-9.589863777,1,-2.526960373,1,-4.961455345,1,3.911159277,1,-0.496948659,0,-1.411898732,0,2.359879494,0
111.4436417,-13.19178581,1,-5.038708687,1,-8.875870705,1,-2.460046768,1,-4.751884937,1,3.898540258,1,-0.65216732,0,-1.414055228,0,2.528198242,0
111.4476395,-8.833506584,1,-4.431405067,1,-8.011274338,1,-2.459670067,1,-4.522300243,1,3.794276476,1,-0.815026641,0,-1.417527556,0,2.68306756,0
111.4516373,-6.805752277,1,-4.127586365,1,-7.575568676,1,-2.442910671,1,-4.266432762,1,3.649378538,1,-0.973512053,0,-1.416938782,0,2.83350873,0
111.4556351,-9.506463051,1,-4.162806988,1,-7.589754105,1,-2.460460186,1,-4.089929581,1,3.549170494,1,-1.121177197,0,-1.412779331,0,2.973065615,0
111.4596329,-12.27349854,1,-4.317745209,1,-9.025644302,1,-2.372114182,1,-3.84317708,1,3.296367884,1,-1.253237367,0,-1.405998707,0,3.097030878,0
111.4636383,-12.05020332,1,-4.517765522,1,-10.34625816,1,-2.175459862,1,-3.51171875,1,2.916172504,1,-1.364489675,0,-1.397776723,0,-3.082535982,0
111.4676361,-15.74826717,1,-2.606207848,1,-10.07906246,1,-1.881008625,1,-3.262342691,1,2.540812016,1,-1.45710969,0,-1.389152408,0,-2.996721029,0
111.4716339,-27.05102921,1,-0.402478814,1,-11.8370924,1,-1.44425416,1,-2.858484983,1,2.242095232,1,-1.532904744,0,-1.380557299,0,-2.926384687,0
111.4756317,-28.37004471,1,-3.445178986,1,-14.86443996,1,-1.247601986,1,-1.98934412,1,1.878584504,1,-1.588321567,0,-1.372401953,0,-2.875290394,0
111.4796371,-18.44487572,1,-6.25610733,1,-14.51456451,1,-1.202099204,1,-1.142390609,1,1.470624804,1,-1.622280002,0,-1.365467668,0,-2.845645428,0
111.4836349,-11.34928226,1,-8.112833023,1,-11.57527637,1,-1.079294205,1,-0.621134639,1,1.055296063,1,-1.641793966,0,-1.360233307,0,-2.830377579,0
111.4876328,-9.495450974,1,-8.428053856,1,-10.39888382,1,-0.998523712,1,-0.270054936,1,0.776417375,1,-1.652785778,0,-1.356474042,0,-2.823353052,0
111.4916382,-11.19505215,1,-7.995338917,1,-10.93877029,1,-1.031626105,1,0.104800701,1,0.579801083,1,-1.657367349,0,-1.353746414,0,-2.822792768,0
111.495636,-10.84139252,1,-7.822152615,1,-11.02590275,1,-1.151096702,1,0.506373286,1,0.41791293,1,-1.655409455,0,-1.351872802,0,-2.829257965,0
111.4996338,-8.732853889,1,-7.759275913,1,-10.3303194,1,-1.256320238,1,0.830341101,1,0.288352847,1,-1.647644162,0,-1.350685954,0,-2.842175245,0
111.5036316,-6.536679268,1,-7.437325478,1,-9.455183983,1,-1.299948335,1,1.051256299,1,0.165909737,1,-1.635656595,0,-1.350060582,0,-2.859704971,0
111.5076294,-4.923161983,1,-7.065093994,1,-8.623717308,1,-1.318920016,1,1.223914742,1,0.068795063,1,-1.620492101,0,-1.349863291,0,-2.880612373,0
111.5116348,-3.524030685,1,-6.624597549,1,-8.05453968,1,-1.344361544,1,1.367408395,1,0.003022623,1,-1.602716088,0,-1.349944711,0,-2.90428853,0
111.5156326,-2.299505711,1,-6.200496197,1,-7.572810173,1,-1.367704272,1,1.474440336,1,-0.042715613,1,-1.582830667,0,-1.350156426,0,-2.930234432,0
111.5196304,-1.591700912,1,-5.946680069,1,-7.202248573,1,-1.374173045,1,1.54779768,1,-0.077862009,1,-1.561315417,0,-1.35040164,0,-2.957905769,0
111.5236282,-1.222832441,1,-5.866306782,1,-6.802143574,1,-1.363729358,1,1.612375021,1,-0.107114129,1,-1.5385499,0,-1.350640059,0,-2.986859083,0
111.5276337,-0.800257623,1,-5.747002125,1,-6.39001894,1,-1.340113759,1,1.66609776,1,-0.138924688,1,-1.514555335,0,-1.350839972,0,-3.016983986,0
111.5316315,-0.495878249,1,-5.496557713,1,-5.991904736,1,-1.2996943,1,1.727248788,1,-0.164367169,1,-1.489337087,0,-1.35098207,0,-3.048244238,0
111.5356369,-0.338937461,1,-5.390785217,1,-5.721832752,1,-1.263837457,1,1.785403132,1,-0.191598877,1,-1.462856054,0,-1.351028562,0,-3.080627441,0
111.5396347,-0.286685139,1,-5.364598751,1,-5.559529781,1,-1.221002102,1,1.851943612,1,-0.221007377,1,-1.435080171,0,-1.350962996,0,-3.114187717,0
111.5436325,-0.392637342,1,-5.317232609,1,-5.482640266,1,-1.171064615,1,1.928866744,1,-0.254925549,1,-1.405778646,0,-1.35076952,0,3.134067059,0
111.5476303,-0.607635677,1,-5.433292389,1,-5.393471718,1,-1.12872684,1,2.018691063,1,-0.296916008,1,-1.374806643,0,-1.350428939,0,3.097616434,0
111.5516357,-0.794145942,1,-5.519469738,1,-5.259263039,1,-1.078347683,1,2.113973618,1,-0.342341661,1,-1.341991782,0,-1.349944115,0,3.059471369,0
111.5556335,-1.120226145,1,-5.645126343,1,-5.163236618,1,-1.037491918,1,2.221313477,1,-0.406764269,1,-1.307230115,0,-1.349289894,0,3.019506931,0
111.5596313,-1.471080422,1,-5.772442818,1,-5.144060135,1,-1.00642252,1,2.348264217,1,-0.466997474,1,-1.270266533,0,-1.348418713,0,2.977422476,0
111.5636368,-1.856124043,1,-5.960858345,1,-5.068324566,1,-0.979126334,1,2.491858244,1,-0.537745118,1,-1.230944157,0,-1.347291708,0,2.933026075,0
111.5676346,-2.430461884,1,-6.079893112,1,-5.066699505,1,-0.96410954,1,2.650281191,1,-0.624440551,1,-1.189035416,0,-1.34583962,0,2.88605547,0
111.5716324,-2.823489904,1,-6.150614738,1,-5.026881695,1,-0.945382416,1,2.826692343,1,-0.723678112,1,-1.144442081,0,-1.344011426,0,2.836384296,0
111.5756302,-3.295627356,1,-6.214398384,1,-5.064997196,1,-0.934166193,1,3.019563913,1,-0.834796846,1,-1.096986771,0,-1.341724157,0,2.783808231,0
111.579628,-3.612725258,1,-6.223053455,1,-4.992390156,1,-0.91490072,1,3.213985682,1,-0.950333476,1,-1.046784878,0,-1.338895082,0,2.728442669,0
111.5836258,-3.757302284,1,-6.189866066,1,-4.99945116,1,-0.892195821,1,3.405965567,1,-1.069467306,1,-0.994069636,0,-1.335404754,0,2.670543671,0
111.5876312,-3.90314126,1,-6.130151749,1,-4.91923666,1,-0.873087883,1,3.59381485,1,-1.20263958,1,-0.939336121,0,-1.331187606,0,2.610591888,0
111.591629,-4.21018219,1,-6.202115059,1,-4.796067238,1,-0.850700259,1,3.77130723,1,-1.332992673,1,-0.883081794,0,-1.326161504,0,2.549095869,0
111.5956268,-4.293082714,1,-6.247587681,1,-4.698449612,1,-0.82859683,1,3.937297344,1,-1.467778802,1,-0.825903416,0,-1.320254683,0,2.486650705,0
111.5996323,-4.31315279,1,-6.20272398,1,-4.63812542,1,-0.8116588,1,4.080958366,1,-1.609199047,1,-0.768393695,0,-1.31344676,0,2.42384553,0
111.6036301,-4.426263809,1,-6.207892418,1,-4.4742589,1,-0.791259646,1,4.214788437,1,-1.742497087,1,-0.711234093,0,-1.305698395,0,2.361359358,0
111.6076279,-4.521021843,1,-6.125669003,1,-4.381737232,1,-0.772572517,1,4.327392101,1,-1.876599789,1,-0.654974163,0,-1.297008157,0,2.299756527,0
111.6116257,-4.750750542,1,-6.149223804,1,-4.246556759,1,-0.749090195,1,4.42864418,1,-2.003673553,1,-0.600094557,0,-1.287382603,0,2.239512444,0
111.6156235,-4.870314598,1,-5.982178688,1,-4.09535408,1,-0.724394798,1,4.514811993,1,-2.133336782,1,-0.546930075,0,-1.276839972,0,2.180977583,0
111.6196289,-5.112292767,1,-5.884594917,1,-4.035586357,1,-0.69813931,1,4.587824821,1,-2.251890659,1,-0.495806813,0,-1.265410662,0,2.124489784,0
111.6236267,-5.362606525,1,-5.798062801,1,-3.936146259,1,-0.660522461,1,4.65933609,1,-2.370239258,1,-0.44686237,0,-1.253129363,0,2.070214987,0
111.6276245,-5.488201141,1,-5.79420948,1,-3.85373044,1,-0.621477127,1,4.716686249,1,-2.483981848,1,-0.400146961,0,-1.240021944,0,2.018231153,0
111.6316223,-5.961009502,1,-5.69875145,1,-3.828387022,1,-0.575622857,1,4.772446632,1,-2.591458321,1,-0.355753779,0,-1.226132751,0,1.968643665,0
111.6356277,-6.256961346,1,-5.758711338,1,-3.747481823,1,-0.525592208,1,4.836116791,1,-2.693871737,1,-0.313570499,0,-1.211444974,0,1.921360612,0
111.6396255,-6.793056011,1,-5.721199989,1,-3.787152529,1,-0.470104814,1,4.891893864,1,-2.800204515,1,-0.273535937,0,-1.196003556,0,1.876335979,0
111.6436234,-7.050747871,1,-5.744433403,1,-3.788085938,1,-0.417303622,1,4.956140995,1,-2.900163651,1,-0.235609844,0,-1.179802775,0,1.833532929,0
111.6476288,-7.316198826,1,-5.763365746,1,-3.960552454,1,-0.357788354,1,5.013911247,1,-3.002231121,1,-0.199657261,0,-1.16288209,0,1.792827368,0
111.6516266,-7.570921898,1,-5.775248528,1,-3.932548523,1,-0.310148686,1,5.066857815,1,-3.093510151,1,-0.16565375,0,-1.145269394,0,1.754166007,0
111.655632,-7.951340199,1,-5.735899448,1,-3.9438622,1,-0.258554399,1,5.117648602,1,-3.1784904,1,-0.133540064,0,-1.126985073,0,1.717503667,0
111.6596298,-8.260849953,1,-5.832762718,1,-4.010901928,1,-0.201132417,1,5.179274082,1,-3.266588211,1,-0.103203684,0,-1.108048797,0,1.682732582,0
111.6636276,-8.491660118,1,-5.860067368,1,-4.017320156,1,-0.151379243,1,5.235373497,1,-3.337964058,1,-0.07455644,0,-1.088469148,0,1.649759412,0
111.6676254,-8.645642281,1,-5.85320282,1,-4.108195782,1,-0.0942773,1,5.283536911,1,-3.403226852,1,-0.047559146,0,-1.068292499,0,1.618566751,0
111.6716309,-8.696781158,1,-5.90317297,1,-4.169147491,1,-0.036582414,1,5.321146488,1,-3.460604429,1,-0.022135692,0,-1.047569513,0,1.589093685,0
111.6756287,-8.728671074,1,-5.903536797,1,-4.232603073,1,0.023293078,1,5.346670151,1,-3.501275778,1,0.001765969,0,-1.026376963,0,1.56129396,0
111.6796265,-8.767911911,1,-5.949180126,1,-4.248692989,1,0.079118773,1,5.3627038,1,-3.534354448,1,0.024204899,0,-1.004775047,0,1.535126328,0
111.6836319,-8.893362045,1,-5.903779507,1,-4.304732323,1,0.145317793,1,5.372895241,1,-3.554998636,1,0.045296349,0,-0.982830346,0,1.510503054,0
111.6876297,-9.074667931,1,-5.880534172,1,-4.40635252,1,0.221190959,1,5.376148224,1,-3.57606101,1,0.065141179,0,-0.960577011,0,1.487358332,0
111.6916275,-9.224593163,1,-5.903879166,1,-4.536188602,1,0.297784925,1,5.377743721,1,-3.587480545,1,0.114779778,0,-0.936444402,0,1.486489058,0
111.6956253,-9.4796381,1,-5.875700951,1,-4.740475655,1,0.393492818,1,5.378166676,1,-3.598134279,1,0.131582871,0,-0.913331568,0,1.467176914,0
111.6996231,-9.689888,1,-5.791987896,1,-4.881023407,1,0.4893426,1,5.372869015,1,-3.606785059,1,0.147618309,0,-0.890023112,0,1.448992372,0
111.7036209,-9.905122757,1,-5.852378368,1,-5.088440418,1,0.600159347,1,5.364197731,1,-3.609664917,1,0.162990749,0,-0.866560519,0,1.431849122,0
111.7076263,-10.04119968,1,-5.927256584,1,-5.320615768,1,0.711910725,1,5.35337162,1,-3.617103338,1,0.177809432,0,-0.842978299,0,1.41568017,0
111.7116241,-10.16946507,1,-5.973730564,1,-5.584721565,1,0.832878411,1,5.33051157,1,-3.617987156,1,0.192165986,0,-0.819325805,0,1.400421023,0
111.7156219,-10.36269093,1,-6.081596375,1,-5.909241199,1,0.959826112,1,5.293413639,1,-3.623987675,1,0.206205413,0,-0.795630991,0,1.385957599,0
111.7196274,-10.70219612,1,-6.238315582,1,-6.1440835,1,1.083114743,1,5.254817486,1,-3.625953674,1,0.219983369,0,-0.771942854,0,1.372239113,0
111.7236252,-11.06479168,1,-6.385971069,1,-6.460111618,1,1.21489048,1,5.218560696,1,-3.632972956,1,0.233561084,0,-0.74826622,0,1.35920918,0
111.727623,-11.49802685,1,-6.527749062,1,-6.837864399,1,1.340401649,1,5.192294121,1,-3.65125227,1,0.247005582,0,-0.724576235,0,1.346806407,0
111.7316208,-11.97813797,1,-6.682463646,1,-7.155572414,1,1.459937453,1,5.166181564,1,-3.675184727,1,0.2603755,0,-0.700839996,0,1.334932685,0
111.7356186,-12.44664764,1,-6.869193554,1,-7.501900673,1,1.578573585,1,5.155414104,1,-3.717504263,1,0.273711443,0,-0.677032828,0,1.323520184,0
111.739624,-12.90948105,1,-7.085058212,1,-7.908055305,1,1.691884875,1,5.144484043,1,-3.762172461,1,0.287056983,0,-0.653096974,0,1.312494278,0
111.7436218,-13.39133835,1,-7.331874371,1,-8.385716438,1,1.798438072,1,5.136750221,1,-3.821967602,1,0.300433278,0,-0.629024982,0,1.30180347,0
111.7476196,-13.86755753,1,-7.551024914,1,-8.89573288,1,1.898903847,1,5.139231682,1,-3.885235548,1,0.313837111,0,-0.604778647,0,1.291415453,0
111.7516174,-14.38023949,1,-7.879764557,1,-9.400631905,1,1.994563341,1,5.138055325,1,-3.956822634,1,0.327281326,0,-0.580328524,0,1.281280756,0
111.7556229,-15.13456059,1,-8.304304123,1,-9.914036751,1,2.081024885,1,5.150308132,1,-4.040625572,1,0.340775549,0,-0.555654407,0,1.271356344,0
111.7596207,-16.01091766,1,-8.71681118,1,-10.42726421,1,2.156820297,1,5.156929493,1,-4.135159016,1,0.354296327,0,-0.530713201,0,1.261600137,0
111.7636185,-16.8632412,1,-9.061465263,1,-10.91945744,1,2.219773054,1,5.169645309,1,-4.248609543,1,0.367841363,0,-0.50546509,0,1.251937389,0
111.7676239,-17.67339325,1,-9.310177803,1,-11.41457367,1,2.273320198,1,5.166921139,1,-4.379265308,1,0.381389618,0,-0.479909837,0,1.242299318,0
111.7716217,-18.55990791,1,-9.542901993,1,-11.83899689,1,2.309505701,1,5.148287773,1,-4.525071144,1,0.394925326,0,-0.454067528,0,1.232593298,0
111.7756271,-19.47480583,1,-9.919075966,1,-12.16557217,1,2.333753586,1,5.115139961,1,-4.680116177,1,0.408424884,0,-0.42797038,0,1.222739339,0
111.7796249,-20.6258564,1,-10.19635677,1,-12.4300499,1,2.341662407,1,5.066345692,1,-4.831169128,1,0.421829015,0,-0.401671588,0,1.212694407,0
111.7836227,-21.98227119,1,-10.3423357,1,-12.60267639,1,2.344392776,1,5.004784584,1,-4.996572971,1,0.435090899,0,-0.375176907,0,1.202421308,0
111.7876205,-23.36137009,1,-10.30583286,1,-12.52265263,1,2.325345278,1,4.937693596,1,-5.15701437,1,0.448166311,0,-0.348519742,0,1.191877127,0
111.791626,-24.76871109,1,-9.881573677,1,-12.29094887,1,2.319562435,1,4.861439228,1,-5.305261612,1,0.461006165,0,-0.321722746,0,1.181078434,0
111.7956238,-25.93171692,1,-7.858720303,1,-10.91801357,1,2.336568594,1,4.787735939,1,-5.469996452,1,0.473659366,0,-0.294793695,0,1.170030355,0
111.7996216,-23.67974281,1,2.304452658,1,-12.51780701,1,2.525357246,1,4.513730526,1,-5.766971111,1,0.486593127,0,-0.267874986,0,1.158244848,0
111.8036194,-21.86476517,1,3.233416796,1,-12.09144783,1,2.767548084,1,4.20524931,1,-5.977677822,1,0.500396252,0,-0.241407335,0,1.145404339,0
111.8076172,-23.51759911,1,2.305323362,1,-9.818331718,1,3.136534691,1,4.043559074,1,-6.162519455,1,0.515253961,0,-0.215184644,0,1.131819606,0
111.8116226,-25.69561005,1,2.188361883,1,-8.59312439,1,3.478948593,1,3.8594172,1,-6.249613762,1,0.531303346,0,-0.189056531,0,1.11791873,0
111.8156204,-26.54052544,1,1.092360735,1,-7.283736706,1,3.658831358,1,3.646057129,1,-6.26202774,1,0.548069239,0,-0.163304791,0,1.103945971,0
111.8196182,-27.09998131,1,-0.403785735,1,-5.830280304,1,3.665303946,1,3.417545557,1,-6.194364071,1,0.564839244,0,-0.138139665,0,1.090078115,0
111.823616,-27.39968872,1,-1.079565525,1,-4.401096344,1,3.518421412,1,3.157337189,1,-6.032970905,1,0.580942154,0,-0.113814943,0,1.076541424,0
111.8276215,-27.12586021,1,-0.386998624,1,-3.384579659,1,3.333814621,1,2.839565754,1,-5.805570602,1,0.595992029,0,-0.090689361,0,1.063436627,0
111.8316193,-26.08293724,1,1.787807465,1,-2.350525141,1,3.170911312,1,2.496653795,1,-5.516463757,1,0.609998822,0,-0.0690412,0,1.050789714,0
111.8356171,-25.11776924,1,5.273645401,1,-1.427336335,1,3.093435287,1,2.130561352,1,-5.21999073,1,0.623221755,0,-0.049067087,0,1.038604498,0
111.8396225,-25.15354538,1,8.843882561,1,-0.59463495,1,3.116715193,1,1.769907117,1,-4.940364361,1,0.636082411,0,-0.030801905,0,1.026763201,0
111.8436203,-26.06191826,1,11.31775379,1,0.175176948,1,3.211407423,1,1.453363776,1,-4.687983513,1,0.648989797,0,-0.014104297,0,1.01520431,0
111.8476181,-27.35707092,1,12.74524498,1,0.8226372,1,3.308041811,1,1.164294004,1,-4.422066212,1,0.662097037,0,0.001153797,0,1.003949523,0
111.8516159,-28.64779282,1,13.78366852,1,1.651260495,1,3.419066668,1,0.874635756,1,-4.145012379,1,0.675477386,0,0.01498791,0,0.993026137,0
111.8556137,-30.35878754,1,14.85288239,1,2.569406986,1,3.484410763,1,0.613979876,1,-3.846903801,1,0.689069986,0,0.027373219,0,0.982485414,0
111.8596115,-32.11832809,1,15.39016438,1,3.2415905,1,3.497083664,1,0.384945899,1,-3.544786215,1,0.702705741,0,0.038366016,0,0.972409368,0
111.8636169,-33.4128418,1,14.87322521,1,4.003644943,1,3.40903759,1,0.216835618,1,-3.227414131,1,0.716140628,0,0.048105493,0,0.962902188,0
111.8676147,-33.62450027,1,13.35275555,1,4.676991463,1,3.169548988,1,0.084248975,1,-2.862848282,1,0.728889287,0,0.056619368,0,0.954153299,0
111.8716125,-32.75860596,1,11.13633823,1,5.103922367,1,2.773025274,1,-0.061755009,1,-2.439759016,1,0.740350723,0,0.06379059,0,0.946285069,0
111.875618,-31.12980652,1,8.846759796,1,5.078205585,1,2.211798429,1,-0.230859503,1,-1.952433705,1,0.749889374,0,0.069332525,0,0.939422965,0
111.8796158,-29.23668861,1,6.972189426,1,5.139476776,1,1.558258057,1,-0.411817104,1,-1.421214819,1,0.757027924,0,0.073017344,0,0.933592916,0
111.8836136,-27.49361801,1,5.615232468,1,4.862339497,1,0.857651711,1,-0.600086093,1,-0.841385663,1,0.76151967,0,0.074672483,0,0.928923011,0
111.8876114,-26.13106346,1,4.791638851,1,4.379849911,1,0.171517581,1,-0.769098759,1,-0.247609705,1,0.763309717,0,0.074205138,0,0.925444365,0
111.8916168,-5.712957382,1,-11.62351227,1,-3.509887457,1,-1.167585254,1,-1.247186899,1,0.592076004,1,0.761615753,0,0.071056627,0,0.923170328,0
111.8956146,-26.15060425,1,-6.065793991,1,5.724298477,1,-2.833170891,1,-2.586897373,1,1.889250517,1,0.753330588,0,0.062194169,0,0.921553433,0
111.8996201,-34.33893204,1,5.693333626,1,6.328309059,1,-3.609478712,1,-2.90772295,1,2.582805395,1,0.740025759,0,0.047570851,0,0.920524955,0
111.9036179,8.66706562,1,4.30797863,1,4.1215415,1,-3.711182594,1,-2.50759244,1,2.903274059,1,0.725364804,0,0.032354131,0,0.921563268,0
111.9076157,10.76247978,1,0.558715045,1,-5.37498951,1,-3.954840183,1,-2.988949776,1,3.298500538,1,0.710255623,0,0.015936572,0,0.923783302,0
111.9116135,-5.485187054,1,-1.473919511,1,-14.99381256,1,-4.19881773,1,-3.072362661,1,3.385810137,1,0.693815887,0,-0.002165826,0,0.926060438,0
111.9156113,-4.451852322,1,-4.718979359,1,-22.76960945,1,-3.767590046,1,-2.685892344,1,3.294716597,1,0.67767626,0,-0.019592062,0,0.929140568,0
111.9196167,4.418104172,1,-7.421672821,1,-25.58412743,1,-3.24372983,1,-2.437195063,1,3.059032679,1,0.663663745,0,-0.035454951,0,0.93281883,0
111.9236145,5.125000954,1,-12.60966873,1,-20.66976547,1,-3.296839476,1,-2.568370581,1,2.729024887,1,0.650481224,0,-0.050373245,0,0.935919166,0
111.9276123,5.980781078,1,-9.782085419,1,-13.41030788,1,-3.218949795,1,-2.971255541,1,2.578205585,1,0.637294233,0,-0.065489613,0,0.937731743,0
111.9316101,4.558904648,1,0.576881707,1,-10.3450079,1,-2.836512089,1,-3.551391602,1,2.644863367,1,0.625089943,0,-0.082132801,0,0.938495338,0
111.9356155,1.6916188,1,4.06050539,1,-10.18274403,1,-2.612152576,1,-4.380261898,1,2.766308308,1,0.614427865,0,-0.101306878,0,0.938154936,0
111.9396133,-5.213359356,1,7.758997917,1,-13.52661037,1,-2.368444443,1,-4.995536327,1,2.796304226,1,0.604516745,0,-0.123231001,0,0.936445713,0
111.9436111,-9.846388817,1,6.937959194,1,-16.34092903,1,-2.111470222,1,-5.12732935,1,2.707914829,1,0.597036481,0,-0.138396263,0,0.975451529,0
111.9476166,-18.38871384,1,5.403988838,1,-17.85085106,1,-1.968934655,1,-4.960508347,1,2.630597353,1,0.589249313,0,-0.161204144,0,0.972950161,0
111.9516144,-26.5134716,1,4.734172344,1,-20.65570259,1,-1.819587708,1,-4.402624607,1,2.549106598,1,0.581979156,0,-0.182566985,0,0.971162379,0
111.9556122,-27.81827927,1,2.690438986,1,-21.65359879,1,-1.679680467,1,-3.619216919,1,2.482833862,1,0.575103283,0,-0.20148325,0,0.970812082,0
111.95961,-29.19198418,1,3.40655756,1,-19.58648491,1,-1.477165461,1,-2.997170925,1,2.473222494,1,0.568590224,0,-0.21796453,0,0.972017288,0
111.9636078,-27.03832054,1,1.876174212,1,-16.82930946,1,-1.230686545,1,-2.3773067,1,2.299987555,1,0.562614679,0,-0.232221231,0,0.974431038,0
111.9676132,-20.86159325,1,0.146584347,1,-12.95319843,1,-0.991228223,1,-1.911558628,1,2.090590715,1,0.557509065,0,-0.244077906,0,0.977406561,0
111.971611,-13.85437584,1,-1.812820315,1,-9.540597916,1,-0.864338636,1,-1.71137464,1,1.843243837,1,0.553047836,0,-0.254308611,0,0.98042953,0
111.9756088,-9.701566696,1,-3.535389662,1,-8.105278969,1,-0.795244932,1,-1.73978889,1,1.638181806,1,0.549120009,0,-0.263828725,0,0.982825577,0
111.9796066,-6.902831078,1,-4.182141781,1,-7.234104156,1,-0.821920991,1,-1.790216804,1,1.437527418,1,0.54551512,0,-0.273030907,0,0.984423578,0
111.9836197,-5.234562397,1,-4.986674309,1,-6.956153393,1,-0.968453288,1,-1.760905027,1,1.27874589,1,0.541659236,0,-0.281950355,0,0.985458612,0
111.9876175,-6.333719254,1,-3.638373375,1,-8.732192039,1,-1.101989508,1,-1.650235653,1,1.228440642,1,0.53729862,0,-0.290376097,0,0.986223757,0
111.9916077,-8.918006897,1,-2.605392694,1,-8.643397331,1,-1.124182343,1,-1.424962163,1,1.178763628,1,0.532506764,0,-0.298149884,0,0.987238228,0
111.9956207,-11.47948456,1,-0.818719208,1,-9.557415962,1,-1.202486515,1,-1.092750788,1,1.251818895,1,0.527398288,0,-0.304982603,0,0.988950968,0
111.9996185,-13.06892014,1,-1.66755414,1,-10.08343506,1,-1.198452115,1,-0.650011241,1,1.213103771,1,0.521786869,0,-0.310485333,0,0.991581559,0
112.0036163,-13.76186943,1,-2.907114744,1,-9.313732147,1,-1.248466015,1,-0.255031705,1,1.119707346,1,0.515849054,0,-0.314355373,0,0.994963527,0
112.0076141,-12.30410862,1,-3.33193326,1,-8.943261147,1,-1.165616751,1,-0.06427633,1,0.925669909,1,0.509950697,0,-0.316873252,0,0.998407423,0
112.0116043,-9.982919693,1,-4.465764523,1,-8.740948677,1,-1.148710966,1,0.034409132,1,0.731112659,1,0.504384696,0,-0.318515778,0,1.001419544,0
112.0156174,-7.125687599,1,-3.41711545,1,-9.159034729,1,-1.099561572,1,0.037197899,1,0.619623303,1,0.499089092,0,-0.319666713,0,1.00396502,0
112.0196228,-5.304121971,1,-2.433352232,1,-10.00329018,1,-1.057110906,1,0.045612611,1,0.609681547,1,0.494037688,0,-0.32067728,0,1.006305933,0
112.0236206,-5.164829731,1,-1.69873333,1,-10.49914455,1,-0.970365107,1,0.079171382,1,0.636877894,1,0.489208311,0,-0.321637869,0,1.008744121,0
112.0276184,-4.449260235,1,-2.185258627,1,-9.650220871,1,-0.924930096,1,0.049490251,1,0.663040519,1,0.484599024,0,-0.322620511,0,1.011313915,0
112.0316238,-5.747135639,1,-3.255190849,1,-9.470819473,1,-0.880751848,1,0.030547613,1,0.632121623,1,0.480206519,0,-0.323697299,0,1.013821125,0
112.0356216,-5.909343719,1,-3.762825727,1,-8.661467552,1,-0.843407869,1,0.024355082,1,0.591536522,1,0.47600916,0,-0.324727237,0,1.016159058,0
112.0396194,-5.043721676,1,-3.898660898,1,-8.180552483,1,-0.849918902,1,0.00733835,1,0.587839484,1,0.47190249,0,-0.32574743,0,1.018391967,0
112.0436172,-5.038057327,1,-3.484050274,1,-8.433667183,1,-0.847811341,1,0.032815825,1,0.616333425,1,0.46776408,0,-0.326780438,0,1.020699739,0
112.0476151,-4.239974022,1,-3.277297735,1,-8.230994225,1,-0.849178076,1,0.038075082,1,0.639965713,1,0.463584334,0,-0.327770829,0,1.023147345,0
112.0516205,-4.19541502,1,-2.984553099,1,-8.478783607,1,-0.84121871,1,0.018846473,1,0.624616861,1,0.459401011,0,-0.328792214,0,1.025604129,0
112.0556183,-4.733261108,1,-1.799280286,1,-8.696827888,1,-0.795233369,1,-0.001974542,1,0.575572312,1,0.455369473,0,-0.329816401,0,1.027897835,0
112.0596161,-4.965163708,1,-0.42265293,1,-9.069371223,1,-0.723091006,1,-0.02659951,1,0.51654762,1,0.45166114,0,-0.330823392,0,1.029955268,0
112.0636139,-5.200209141,1,0.207215473,1,-9.418434143,1,-0.638456047,1,-0.033517644,1,0.459938288,1,0.448336661,0,-0.331780314,0,1.031767607,0
112.0676193,-4.7345891,1,0.10180524,1,-9.552400589,1,-0.552887559,1,-0.053316917,1,0.414748818,1,0.44543606,0,-0.332691401,0,1.033353329,0
112.0716171,-3.940130949,1,-1.068989873,1,-9.34399128,1,-0.494802862,1,-0.094621174,1,0.377862185,1,0.442906559,0,-0.333620906,0,1.034722686,0
112.0756149,-3.855109692,1,-2.56628871,1,-9.24930954,1,-0.460365474,1,-0.141816482,1,0.366883487,1,0.440617979,0,-0.334681392,0,1.035931706,0
112.0796127,-4.310913086,1,-3.320393801,1,-9.090693474,1,-0.450588018,1,-0.18138361,1,0.367359906,1,0.438442111,0,-0.335891426,0,1.037027001,0
112.0836105,-4.417215824,1,-3.571763992,1,-8.824422836,1,-0.455599695,1,-0.211509198,1,0.385439634,1,0.436273873,0,-0.337246299,0,1.03812325,0
112.087616,-4.382174015,1,-3.361620426,1,-8.928273201,1,-0.462856442,1,-0.237473667,1,0.387706608,1,0.434090316,0,-0.338724226,0,1.039206386,0
112.0916138,-4.55832243,1,-2.700078487,1,-9.146930695,1,-0.45761779,1,-0.260042012,1,0.374784797,1,0.431913137,0,-0.340267867,0,1.04023242,0
112.0956116,-4.625276089,1,-2.179181814,1,-9.035934448,1,-0.45957303,1,-0.276128948,1,0.342368573,1,0.429771066,0,-0.341840863,0,1.041136384,0
112.0996094,-5.286417484,1,-1.822231293,1,-8.945382118,1,-0.444980949,1,-0.28677547,1,0.282728285,1,0.427726626,0,-0.343387663,0,1.041848779,0
112.1036148,-5.278651237,1,-1.009974957,1,-8.803980827,1,-0.425035477,1,-0.288559169,1,0.217472628,1,0.425819039,0,-0.344845295,0,1.042321086,0
112.1076126,-5.614294529,1,-0.217422009,1,-8.819039345,1,-0.381217003,1,-0.279542476,1,0.154888719,1,0.424133688,0,-0.346192151,0,1.042541146,0
112.1116104,-5.097729206,1,0.027740128,1,-8.866256714,1,-0.324630797,1,-0.272303879,1,0.099369071,1,0.422720373,0,-0.347398639,0,1.042544961,0
112.1156158,-4.804549694,1,-0.232297659,1,-9.031657219,1,-0.272810042,1,-0.282477438,1,0.037826978,1,0.421598196,0,-0.348507166,0,1.042331219,0
112.1196136,-5.039298058,1,-0.418540716,1,-8.995487213,1,-0.223101556,1,-0.29396984,1,-0.003506812,1,0.420753151,0,-0.349590689,0,1.041902781,0
112.1236115,-5.326735973,1,-0.506617129,1,-8.792847633,1,-0.170969233,1,-0.304327488,1,-0.028744206,1,0.420162857,0,-0.350664437,0,1.041329503,0
112.1276093,-4.904794216,1,-0.689262271,1,-8.969919205,1,-0.118435673,1,-0.311435819,1,-0.041402496,1,0.419811875,0,-0.35172075,0,1.040658355,0
112.1316071,-4.589289665,1,-0.979830444,1,-8.99609375,1,-0.075580135,1,-0.328153104,1,-0.054144785,1,0.419682652,0,-0.35282132,0,1.039903045,0
112.1356125,-4.491329193,1,-1.259098172,1,-8.995844841,1,-0.047742918,1,-0.350115567,1,-0.060104623,1,0.419729173,0,-0.353964806,0,1.039081454,0
112.1396179,-4.368425369,1,-1.566974282,1,-9.02579689,1,-0.019226342,1,-0.376916409,1,-0.050151598,1,0.419877529,0,-0.355202079,0,1.038244605,0
112.1436157,-4.575962543,1,-2.069290161,1,-8.874217987,1,0.002553105,1,-0.39247179,1,-0.032289501,1,0.420138538,0,-0.356537342,0,1.037413239,0
112.1476135,-4.549729824,1,-2.800298214,1,-8.64535141,1,0.003466779,1,-0.417039812,1,-0.003945285,1,0.420428902,0,-0.357986301,0,1.036631942,0
112.1516113,-4.649978161,1,-3.466231585,1,-8.311807632,1,-0.003995569,1,-0.417834669,1,0.033214875,1,0.420668602,0,-0.359534085,0,1.035954952,0
112.1556091,-4.762782097,1,-3.94674468,1,-8.151342392,1,-0.029089967,1,-0.416630954,1,0.069127642,1,0.420784414,0,-0.361138105,0,1.035421729,0
112.1596146,-4.732857227,1,-3.85671711,1,-8.018396378,1,-0.060139161,1,-0.409132868,1,0.106551118,1,0.420742035,0,-0.36279282,0,1.035044074,0
112.1636124,-4.763290882,1,-3.359306097,1,-8.057175636,1,-0.075313568,1,-0.397277325,1,0.1325102,1,0.420544952,0,-0.3644557,0,1.03481102,0
112.1676102,-5.049974442,1,-2.562225819,1,-8.134730339,1,-0.081590332,1,-0.385983914,1,0.145256177,1,0.420281082,0,-0.366115451,0,1.034663081,0
112.171608,-4.809023857,1,-2.131122112,1,-8.198874474,1,-0.066101424,1,-0.373815775,1,0.146688238,1,0.420030326,0,-0.367741644,0,1.034569979,0
112.1756134,-4.639280319,1,-1.856319785,1,-8.533773422,1,-0.056588557,1,-0.378764987,1,0.148149788,1,0.41981712,0,-0.369357109,0,1.034496188,0
112.1796112,-4.652425289,1,-1.555297136,1,-8.668185234,1,-0.02584881,1,-0.392226934,1,0.151799709,1,0.419683903,0,-0.371003926,0,1.034404159,0
112.183609,-4.70209074,1,-1.355098844,1,-8.789363861,1,0.003227136,1,-0.405971974,1,0.152403027,1,0.419666231,0,-0.37271148,0,1.034300327,0
112.1876144,-4.797020435,1,-1.297206879,1,-8.722136497,1,0.045324177,1,-0.420778751,1,0.148654431,1,0.419813067,0,-0.374463528,0,1.03416121,0
112.1916122,-4.829523563,1,-1.620803595,1,-8.711065292,1,0.081176817,1,-0.435892344,1,0.148850054,1,0.262054384,0,-0.648912549,0,0.765633821,0
112.19561,-4.855783463,1,-1.888221502,1,-8.585271835,1,0.107450232,1,-0.450114727,1,0.152567029,1,0.262328416,0,-0.650784791,0,0.76578629,0
112.1996078,-4.639867306,1,-2.806489229,1,-8.766397476,1,0.09256959,1,-0.488967717,1,0.175181076,1,0.262631148,0,-0.652761281,0,0.765971601,0
112.2036057,-4.800258636,1,-2.030264616,1,-8.646456718,1,0.084980674,1,-0.514442801,1,0.176364481,1,0.262835264,0,-0.654884875,0,0.766171932,0
112.2076111,-4.796590328,1,-1.703294516,1,-8.743461609,1,0.117242858,1,-0.518562257,1,0.189070076,1,0.26311627,0,-0.657072604,0,0.766389847,0
112.2116089,-4.673331738,1,-2.079111576,1,-8.869182587,1,0.117238782,1,-0.550335824,1,0.202631354,1,0.263425678,0,-0.659338474,0,0.76665616,0
112.2156067,-4.514258862,1,-2.05030942,1,-8.85030365,1,0.131447598,1,-0.591366112,1,0.210365117,1,0.263762474,0,-0.661760092,0,0.766924143,0
112.2196045,-4.631276608,1,-2.00705409,1,-8.904242516,1,0.130565286,1,-0.620268047,1,0.220218644,1,0.264144361,0,-0.664331496,0,0.767174602,0
112.2236099,-4.535093307,1,-1.778934717,1,-8.891591072,1,0.149992377,1,-0.649987996,1,0.229363903,1,0.264537841,0,-0.667013168,0,0.767432511,0
112.2276077,-4.834953785,1,-2.038463593,1,-9.069892883,1,0.177509934,1,-0.683159649,1,0.237403125,1,0.265033752,0,-0.669832468,0,0.767692745,0
112.2316055,-4.570406914,1,-2.673385859,1,-8.762291908,1,0.177600026,1,-0.724562049,1,0.250916004,1,0.265602529,0,-0.67280823,0,0.767951131,0
112.2356033,-4.728085041,1,-2.354300976,1,-8.777849197,1,0.179130837,1,-0.755257726,1,0.253003299,1,0.266146153,0,-0.675930917,0,0.768198848,0
112.2396011,-4.617208958,1,-2.214102983,1,-8.684961319,1,0.197420731,1,-0.771998346,1,0.267339826,1,0.26674065,0,-0.679146767,0,0.768447101,0
112.2436066,-4.687457085,1,-2.41235733,1,-8.609130859,1,0.203152701,1,-0.796607018,1,0.277869076,1,0.26735723,0,-0.682468176,0,0.768747151,0
112.2476044,-4.844228745,1,-2.568909883,1,-8.522187233,1,0.188770145,1,-0.812628388,1,0.285062581,1,0.267942965,0,-0.685866535,0,0.769056976,0
112.2516022,-5.242440224,1,-2.666543961,1,-8.281496048,1,0.16825369,1,-0.825625837,1,0.301082313,1,0.268448859,0,-0.689334512,0,0.769399107,0
112.2556076,-5.4435215,1,-2.507465601,1,-8.044303894,1,0.164020732,1,-0.828263819,1,0.315064818,1,0.268846124,0,-0.692860842,0,0.769803405,0
112.259613,-5.369319439,1,-2.43706131,1,-7.994373798,1,0.14713037,1,-0.832388282,1,0.321360409,1,0.269173652,0,-0.696401119,0,0.770252526,0
112.2636108,-5.365901947,1,-2.211480856,1,-8.025104523,1,0.137358189,1,-0.829309642,1,0.326914698,1,0.269429803,0,-0.69994539,0,0.770739198,0
112.2676086,-5.285794735,1,-2.052973986,1,-8.025342941,1,0.12641573,1,-0.831451833,1,0.331006855,1,0.269645035,0,-0.703503489,0,0.771231234,0
112.2716064,-5.282950401,1,-2.001522303,1,-8.039520264,1,0.105121277,1,-0.838088393,1,0.321565211,1,0.269808143,0,-0.707059205,0,0.771704972,0
112.2756042,-5.2845397,1,-1.954056263,1,-7.934806347,1,0.092824973,1,-0.837018251,1,0.32314828,1,0.269907981,0,-0.710631907,0,0.772153556,0
112.2796097,-5.343773365,1,-1.944017291,1,-7.956119061,1,0.08151871,1,-0.841916978,1,0.306792438,1,0.269982845,0,-0.714207113,0,0.772568047,0
112.2836075,-5.462930679,1,-2.060979366,1,-7.945530891,1,0.066619948,1,-0.840775251,1,0.302022934,1,0.270044416,0,-0.717776716,0,0.772937059,0
112.2876053,-5.466331005,1,-2.175212383,1,-8.02792263,1,0.055136435,1,-0.849080503,1,0.297084987,1,0.270076543,0,-0.721352637,0,0.77327764,0
112.2916031,-5.561747074,1,-2.331142664,1,-8.035730362,1,0.036177106,1,-0.847379208,1,0.300156385,1,0.27004844,0,-0.724930525,0,0.77360487,0
112.2956085,-5.478200912,1,-2.462780237,1,-7.892775059,1,0.011510151,1,-0.847905815,1,0.306361437,1,0.269911766,0,-0.728520632,0,0.773963332,0
112.2996063,-5.516602039,1,-2.463292122,1,-7.838561058,1,0.001173052,1,-0.846359193,1,0.313277096,1,0.269679248,0,-0.732116342,0,0.774353147,0
112.3036041,-5.479197502,1,-2.534228802,1,-7.813876152,1,-0.012512254,1,-0.846148252,1,0.32746762,1,0.269344151,0,-0.735727251,0,0.774810016,0
112.3076096,-5.575571537,1,-2.587891579,1,-7.74988699,1,-0.02566951,1,-0.849149525,1,0.341303766,1,0.268918097,0,-0.739355922,0,0.775337815,0
112.3116074,-5.646919727,1,-2.525683165,1,-7.764834881,1,-0.044230461,1,-0.853748024,1,0.35810253,1,0.2683779,0,-0.743013501,0,0.775932193,0
112.3156052,-5.785748482,1,-2.238951921,1,-7.818543911,1,-0.039944042,1,-0.847480476,1,0.362799317,1,0.267759472,0,-0.74668169,0,0.776592493,0
112.319603,-5.481760025,1,-2.203572512,1,-7.67704916,1,-0.041418951,1,-0.85637778,1,0.380405366,1,0.267098397,0,-0.750365317,0,0.777320087,0
112.3236008,-5.702507496,1,-2.16847086,1,-7.712339401,1,-0.037173413,1,-0.856366277,1,0.385943145,1,0.266397655,0,-0.754079998,0,0.778103352,0
112.3276062,-5.70741415,1,-2.08052063,1,-7.640673161,1,-0.051979829,1,-0.856641293,1,0.391764462,1,0.265649259,0,-0.757797301,0,0.778932035,0
112.331604,-5.678869247,1,-1.950460792,1,-7.609175682,1,-0.056763012,1,-0.860230207,1,0.39895016,1,0.264850885,0,-0.761523008,0,0.779774547,0
112.3356018,-5.741126537,1,-1.902701974,1,-7.605358124,1,-0.067642085,1,-0.861920774,1,0.394640893,1,0.264007241,0,-0.765262246,0,0.780637026,0
112.3395996,-5.901088715,1,-2.113170385,1,-7.629463196,1,-0.088232175,1,-0.854166985,1,0.39901346,1,0.263095528,0,-0.768989384,0,0.781521857,0
112.343605,-5.730845928,1,-2.107292175,1,-7.53828907,1,-0.102822788,1,-0.861599624,1,0.401102155,1,0.262078732,0,-0.772716999,0,0.782432199,0
112.3476028,-5.874778271,1,-2.073263407,1,-7.6033144,1,-0.115292557,1,-0.863863707,1,0.409313172,1,0.260980755,0,-0.776466191,0,0.783374667,0
112.3516006,-5.933079243,1,-2.030498028,1,-7.595238686,1,-0.127359912,1,-0.867511153,1,0.415784717,1,0.259812206,0,-0.780237138,0,0.784353256,0
112.3555985,-5.879311562,1,-2.019896984,1,-7.532232761,1,-0.121318549,1,-0.869105756,1,0.424732685,1,0.258585662,0,-0.784023762,0,0.78539753,0
112.3595963,-5.985014915,1,-2.155287266,1,-7.553364754,1,-0.126849011,1,-0.877611876,1,0.43347761,1,0.257336646,0,-0.787833452,0,0.786466062,0
112.3636017,-5.993775368,1,-2.206380606,1,-7.570466995,1,-0.133133456,1,-0.875128031,1,0.44272095,1,0.256006658,0,-0.791668415,0,0.787617087,0
112.3675995,-5.918639183,1,-2.295064211,1,-7.575740814,1,-0.142380089,1,-0.889065742,1,0.454206079,1,0.25460434,0,-0.795534611,0,0.788817406,0
112.3715973,-5.970713615,1,-2.321069956,1,-7.615255833,1,-0.147363096,1,-0.898719013,1,0.47077325,1,0.253113359,0,-0.79945451,0,0.790094554,0
112.3756027,-5.964205265,1,-2.277258158,1,-7.592378616,1,-0.150103271,1,-0.917460799,1,0.490121067,1,0.251528293,0,-0.803447008,0,0.791467726,0
112.3796082,-5.988914013,1,-2.19646883,1,-7.649650574,1,-0.152445897,1,-0.928315401,1,0.504714668,1,0.249875471,0,-0.807515264,0,0.792919874,0
112.383606,-5.950101376,1,-2.102843523,1,-7.637731075,1,-0.153371319,1,-0.943238735,1,0.524095714,1,0.248152167,0,-0.811648607,0,0.794466734,0
112.3876038,-5.963995457,1,-1.98255682,1,-7.692019463,1,-0.148285076,1,-0.964624524,1,0.540346563,1,0.246355057,0,-0.815868974,0,0.796112776,0
112.3916092,-5.980796337,1,-1.773415327,1,-7.706213951,1,-0.148773581,1,-0.988818228,1,0.552919686,1,0.244506165,0,-0.820188403,0,0.797838569,0
112.395607,-6.025654793,1,-1.639336109,1,-7.747377872,1,-0.138411537,1,-1.007319927,1,0.566416323,1,0.242621705,0,-0.824607015,0,0.799622774,0
112.3996048,-5.892884731,1,-1.453422666,1,-7.762020111,1,-0.134838939,1,-1.038579106,1,0.573141754,1,0.24073191,0,-0.829126239,0,0.801440358,0
112.4036026,-5.950964928,1,-1.497342587,1,-7.848014832,1,-0.131373212,1,-1.069971323,1,0.579443872,1,0.238837048,0,-0.833765149,0,0.803285897,0
112.4076004,-5.988824368,1,-1.589568019,1,-7.95330143,1,-0.132128149,1,-1.09923327,1,0.583040833,1,0.236952543,0,-0.838525295,0,0.805115283,0
112.4116058,-5.819819927,1,-1.774111271,1,-8.075941086,1,-0.151889041,1,-1.139019608,1,0.580591917,1,0.235026941,0,-0.843420804,0,0.806933045,0
112.4156036,-5.864052296,1,-2.047448874,1,-8.139842033,1,-0.173458531,1,-1.18725872,1,0.591070652,1,0.233015329,0,-0.848491192,0,0.808743715,0
112.4196014,-5.675302029,1,-2.34210968,1,-8.302453041,1,-0.206811965,1,-1.235834837,1,0.609643936,1,0.230852649,0,-0.853758395,0,0.81060338,0
112.4235992,-5.644476891,1,-2.39834404,1,-8.392313004,1,-0.232383698,1,-1.293225884,1,0.630443037,1,0.228521064,0,-0.859259844,0,0.812525868,0
112.4276047,-2.445585728,1,-0.671989799,1,-5.513347626,1,-0.148692787,1,-1.300061941,1,0.572896719,1,0.226106688,0,-0.864582956,0,0.814345002,0
112.4316025,-9.471385956,1,-1.026910186,1,-12.48521614,1,-0.107108623,1,-1.442376494,1,0.675864697,1,0.224297598,0,-0.871002853,0,0.816166043,0
112.4356003,-6.337510109,1,-3.067892075,1,-7.096253395,1,-0.19275777,1,-1.472176671,1,0.709042907,1,0.221934333,0,-0.877202392,0,0.81849128,0
112.4396057,-3.915699005,1,-5.189139843,1,-8.724019051,1,-0.349420518,1,-1.617659092,1,0.674096048,1,0.219188243,0,-0.883835077,0,0.820632637,0
112.4436035,-5.075968266,1,-1.09783709,1,-9.394440651,1,-0.341465175,1,-1.716447115,1,0.750960231,1,0.206482336,0,-0.884766579,0,0.868811011,0
112.4476013,-5.534692287,1,-1.551604033,1,-9.028461456,1,-0.325814307,1,-1.78128469,1,0.806871831,1,0.203106612,0,-0.892245293,0,0.871425092,0
112.4515991,-5.433766842,1,-2.368965149,1,-9.097732544,1,-0.330869973,1,-1.886416912,1,0.807322562,1,0.199693054,0,-0.900076866,0,0.874144673,0
112.4555969,-5.829606056,1,-2.590766907,1,-9.023335457,1,-0.388643771,1,-2.005933762,1,0.847663522,1,0.196092322,0,-0.908362567,0,0.876897395,0
112.4595947,-5.883870602,1,-2.77750659,1,-9.412581444,1,-0.465542734,1,-2.102808475,1,0.88847661,1,0.192003399,0,-0.917095244,0,0.879894733,0
112.4636002,-5.462502003,1,-2.524614096,1,-9.654696465,1,-0.489497334,1,-2.236601591,1,0.934850216,1,0.187525943,0,-0.926296651,0,0.883114815,0
112.467598,-5.302657604,1,-2.710002661,1,-9.756346703,1,-0.499422878,1,-2.374538422,1,1.001444936,1,0.182692081,0,-0.936076999,0,0.88665688,0
112.4715958,-5.202500343,1,-3.23315835,1,-9.896282196,1,-0.533733308,1,-2.525409222,1,1.070512772,1,0.177452415,0,-0.94646287,0,0.890583336,0
112.4756012,-5.022392273,1,-3.60443306,1,-10.13672161,1,-0.562614024,1,-2.700973034,1,1.148807645,1,0.171681225,0,-0.957514763,0,0.894985795,0
112.479599,-4.831716537,1,-3.925857306,1,-10.54040241,1,-0.597411454,1,-2.897217035,1,1.231782556,1,0.165314853,0,-0.969348729,0,0.89990747,0
112.4835968,-4.736474991,1,-3.905087471,1,-11.24204826,1,-0.647260368,1,-3.111962318,1,1.33654511,1,0.158200368,0,-0.982032418,0,0.905483723,0
112.4875946,-4.622300625,1,-4.179903984,1,-11.91341877,1,-0.678941607,1,-3.345121145,1,1.437314749,1,0.150235042,0,-0.995631039,0,0.911863565,0
112.4915924,-4.358712196,1,-4.635454655,1,-12.56719112,1,-0.723971426,1,-3.607548952,1,1.547222614,1,0.141328976,0,-1.010237098,0,0.919096947,0
112.4955978,-4.214336872,1,-5.521273136,1,-13.17889118,1,-0.797717929,1,-3.88911581,1,1.678728938,1,0.131232098,0,-1.025970221,0,0.92738992,0
112.4996033,-4.581041813,1,-6.613749981,1,-13.73328114,1,-0.913274109,1,-4.195264816,1,1.814893365,1,0.119595855,0,-1.042896748,0,0.936961949,0
112.5036011,-5.166829586,1,-7.950343609,1,-13.35531998,1,-1.04095006,1,-4.465602398,1,1.961464047,1,0.105957158,0,-1.060944438,0,0.948117793,0
112.5075989,-6.906281948,1,-10.16933155,1,-14.66037273,1,-1.308874369,1,-4.772140026,1,2.222542524,1,0.08926937,0,-1.080194116,0,0.9617908,0
112.5116043,-7.388102531,1,-10.04512596,1,-14.56591892,1,-1.533718944,1,-4.980820179,1,2.426276684,1,0.068788834,0,-1.100361228,0,0.978482008,0
112.5156021,-7.299750805,1,-10.81625938,1,-14.2298069,1,-1.794154167,1,-5.231969357,1,2.660235643,1,0.043970957,0,-1.121312141,0,0.998761535,0
112.5195999,-9.281932831,1,-11.81527042,1,-14.23145103,1,-2.119168997,1,-5.421942711,1,2.91434145,1,0.013736743,0,-1.142973661,0,1.023525119,0
112.5235977,-11.2523756,1,-12.09809494,1,-15.32310581,1,-2.443881989,1,-5.534911633,1,3.157428503,1,-0.023097763,0,-1.164847493,0,1.05381918,0
112.5275955,-13.82252979,1,-11.2336607,1,-15.96459866,1,-2.681294918,1,-5.528827667,1,3.328588009,1,-0.06682463,0,-1.186396837,0,1.090060472,0
112.531601,-9.50921917,1,-9.242771149,1,-15.4624176,1,-2.839926958,1,-5.608729362,1,3.562822104,1,-0.118067324,0,-1.207250118,0,1.133221626,0
112.5355988,-7.171826839,1,-9.089767456,1,-15.95027828,1,-2.973549604,1,-5.932734966,1,3.755558968,1,-0.178247154,0,-1.227897644,0,1.184967518,0
112.5395966,-10.48757553,1,-8.365057945,1,-17.51174164,1,-3.09317708,1,-6.13142252,1,3.901226521,1,-0.248630419,0,-1.248295426,0,1.246584773,0
112.5435944,-13.76646519,1,-6.976896763,1,-18.00337219,1,-3.073405504,1,-6.17737627,1,3.91998148,1,-0.329095274,0,-1.267460108,0,1.31813693,0
112.5475998,-14.03280258,1,-5.154634476,1,-16.45464516,1,-2.973905802,1,-6.219589233,1,4.004274368,1,-0.419512033,0,-1.284711242,0,1.399991274,0
112.5515976,-15.5620718,1,-5.243190765,1,-15.8391552,1,-2.836360455,1,-6.334638119,1,4.038994312,1,-0.521265268,0,-1.299848557,0,1.493706942,0
112.5555954,-18.60757828,1,-4.29397583,1,-14.94868279,1,-2.731089354,1,-6.30905056,1,4.113893986,1,-0.633796573,0,-1.312144876,0,1.598766804,0
112.5596008,-18.42710876,1,-5.143607616,1,-13.15255547,1,-2.61087203,1,-6.298122883,1,4.132511616,1,-0.755236745,0,-1.320955396,0,1.713208199,0
112.5635986,-19.04696274,1,-6.837376595,1,-12.58389568,1,-2.618101597,1,-6.302030087,1,4.27517128,1,-0.884162545,0,-1.325899243,0,1.835423708,0
112.5675964,-19.14068794,1,-6.428548336,1,-11.56537437,1,-2.691387653,1,-6.194802761,1,4.394341946,1,-1.016804457,0,-1.326311111,0,1.961173058,0
112.5715942,-19.30336189,1,-5.115291119,1,-11.42220592,1,-2.651446819,1,-6.060557365,1,4.33250761,1,-1.146263242,0,-1.322399139,0,2.083588362,0
112.575592,-17.01643562,1,-4.908287048,1,-9.357893944,1,-2.544006824,1,-5.875480175,1,4.383174419,1,-1.267311454,0,-1.314638257,0,2.197874308,0
112.5795975,-14.02328587,1,-5.187384129,1,-8.413631439,1,-2.515772581,1,-5.644892693,1,4.453093529,1,-1.377067804,0,-1.303115249,0,2.301034212,0
112.5835953,-9.261828423,1,-3.659175396,1,-8.007504463,1,-2.465372562,1,-5.333184242,1,4.358886242,1,-1.473313093,0,-1.288845778,0,2.390684605,0
112.5875931,-6.595305443,1,-3.402211666,1,-7.757246017,1,-2.42834878,1,-5.009148121,1,4.285957813,1,-1.555490732,0,-1.272757053,0,2.466210365,0
112.5915909,-9.927682877,1,-4.124795914,1,-8.784518242,1,-2.386228085,1,-4.69670248,1,4.209975719,1,-1.625343323,0,-1.25534606,0,2.529410124,0
112.5955963,-15.25902081,1,-5.02464962,1,-10.11223984,1,-2.352140188,1,-4.334580898,1,3.964857817,1,-1.684317589,0,-1.23748827,0,2.581596375,0
112.5995941,-16.99742699,1,-5.416238785,1,-9.468362808,1,-2.273338079,1,-3.920874357,1,3.656841993,1,-1.733586192,0,-1.220119715,0,2.624085188,0
112.6035919,-20.59885979,1,-0.759578049,1,-9.881150246,1,-2.040584087,1,-3.524803877,1,3.293778181,1,-1.774473071,0,-1.203683853,0,2.658412457,0
112.6075897,-33.11663818,1,1.317559958,1,-14.12833214,1,-1.495730042,1,-2.786574841,1,2.759165287,1,-1.806659579,0,-1.189057112,0,2.685406208,0
112.6115875,-27.6036129,1,-2.701476097,1,-15.90349674,1,-1.243152499,1,-1.712482214,1,2.272471428,1,-1.82739675,0,-1.177135706,0,2.701967239,0
112.615593,-15.88254547,1,-4.330361843,1,-14.53321552,1,-1.147324562,1,-0.885206223,1,1.874685049,1,-1.83876133,0,-1.167804956,0,2.709104538,0
112.6195984,-10.76538277,1,-5.889426231,1,-11.48620701,1,-0.966993213,1,-0.436365545,1,1.503456116,1,-1.844631553,0,-1.160624146,0,2.710870028,0
112.6235962,-11.43920135,1,-7.188083649,1,-10.82479763,1,-0.869296908,1,-0.038894016,1,1.216039419,1,-1.847026587,0,-1.155139446,0,2.709532738,0
112.627594,-11.92387581,1,-7.575191021,1,-10.90073872,1,-0.9730196,1,0.398749143,1,0.988647521,1,-1.846419692,0,-1.151096106,0,2.704890728,0
112.6315994,-9.846142769,1,-7.698066711,1,-10.35980415,1,-1.17064774,1,0.790403903,1,0.826604366,1,-1.843355417,0,-1.148263574,0,2.696846724,0
112.6355972,-7.006773472,1,-7.670339108,1,-9.009310722,1,-1.358418584,1,1.046686292,1,0.690106094,1,-1.838690758,0,-1.146343946,0,2.686167955,0
112.639595,-5.215539932,1,-7.239919662,1,-8.006372452,1,-1.498912215,1,1.209487557,1,0.576753795,1,-1.833315015,0,-1.145082116,0,2.673987389,0
112.6435928,-3.842285633,1,-6.621094704,1,-7.356677532,1,-1.610242128,1,1.35162878,1,0.475197494,1,-1.827414632,0,-1.144365668,0,2.660678864,0
112.6475906,-2.369696379,1,-5.80755043,1,-6.780811787,1,-1.695458889,1,1.46512568,1,0.397545844,1,-1.821038842,0,-1.144095659,0,2.64640522,0
112.6515961,-1.298883438,1,-4.993928909,1,-6.385857105,1,-1.739429593,1,1.53638804,1,0.328979641,1,-1.814329505,0,-1.144153595,0,2.631478786,0
112.6555939,-0.923700154,1,-4.514110088,1,-6.102222443,1,-1.746186137,1,1.588653803,1,0.267395794,1,-1.807298541,0,-1.14447701,0,2.616094112,0
112.6595917,-0.642598391,1,-4.198802471,1,-5.787611961,1,-1.721994996,1,1.639159322,1,0.198458344,1,-1.799915314,0,-1.145069361,0,2.600364447,0
112.6636047,-0.398483634,1,-4.006011963,1,-5.477015018,1,-1.684464574,1,1.681973457,1,0.138027862,1,-1.792144775,0,-1.145893693,0,2.584336996,0
112.6676025,-0.029869918,1,-3.913393021,1,-5.20265913,1,-1.632385492,1,1.730079651,1,0.083701968,1,-1.783798099,0,-1.146933317,0,2.567893505,0
112.6716003,0.223932117,1,-3.939941883,1,-4.979046822,1,-1.570872068,1,1.784883976,1,0.035801474,1,-1.774835587,0,-1.148157716,0,2.55104208,0
112.6755905,0.315297812,1,-4.043104172,1,-4.803411961,1,-1.522328615,1,1.83137238,1,-0.01671089,1,-1.765233874,0,-1.14955914,0,2.533722639,0
112.6796036,0.160120621,1,-4.237528324,1,-4.628682613,1,-1.474321961,1,1.893241048,1,-0.065694325,1,-1.754940987,0,-1.151112199,0,2.515891075,0
112.6836014,-0.073384345,1,-4.515646935,1,-4.558980465,1,-1.437917948,1,1.966983318,1,-0.109375991,1,-1.743827343,0,-1.15283227,0,2.497354269,0
112.6875992,-0.223669022,1,-4.790012836,1,-4.329483509,1,-1.409505248,1,2.06582737,1,-0.161087483,1,-1.731793642,0,-1.154708266,0,2.47796917,0
112.691597,-0.547781527,1,-5.08713007,1,-4.340241909,1,-1.396037459,1,2.171099186,1,-0.21238409,1,-1.691140532,0,-1.146885514,0,2.459678173,0
112.6956024,-0.78897053,1,-5.354280472,1,-4.199733734,1,-1.396890044,1,2.286892414,1,-0.265562385,1,-1.677301168,0,-1.148837328,0,2.438379526,0
112.6996002,-1.040695429,1,-5.572371483,1,-4.164154053,1,-1.396928787,1,2.419894695,1,-0.318590909,1,-1.662233353,0,-1.150933385,0,2.415745735,0
112.703598,-1.312829137,1,-5.702552795,1,-4.160411358,1,-1.398587227,1,2.559281588,1,-0.381267369,1,-1.645794511,0,-1.153154254,0,2.391637325,0
112.7075958,-1.670805573,1,-5.727011681,1,-4.191086769,1,-1.395646572,1,2.722778797,1,-0.454530954,1,-1.627811551,0,-1.155518293,0,2.365859509,0
112.7115936,-2.052277088,1,-5.766058922,1,-4.230636597,1,-1.387514353,1,2.878047228,1,-0.547307193,1,-1.608135939,0,-1.158054233,0,2.338291645,0
112.7155991,-2.477133751,1,-5.896602154,1,-4.245523453,1,-1.372061729,1,3.067180634,1,-0.646972954,1,-1.586560726,0,-1.16076088,0,2.308730125,0
112.7195969,-2.937614202,1,-6.088833332,1,-4.237662315,1,-1.354707599,1,3.24822855,1,-0.760618567,1,-1.562876701,0,-1.163624525,0,2.276977301,0
112.7235947,-3.409922361,1,-6.377777576,1,-4.255476475,1,-1.342329741,1,3.443390608,1,-0.886441767,1,-1.53695631,0,-1.166629195,0,2.24290514,0
112.7276001,-3.73153615,1,-6.727332115,1,-4.248165607,1,-1.340317249,1,3.638905287,1,-1.021836519,1,-1.508647919,0,-1.169759274,0,2.206311226,0
112.7315979,-4.161627293,1,-6.932797432,1,-4.172571182,1,-1.343358874,1,3.827563524,1,-1.177925229,1,-1.477920055,0,-1.17299366,0,2.167144299,0
112.7356033,-4.462890148,1,-7.0353055,1,-4.22342968,1,-1.352619886,1,4.01113224,1,-1.353015423,1,-1.444719434,0,-1.176310778,0,2.125318766,0
112.7396011,-4.759392738,1,-7.078738689,1,-4.08226347,1,-1.376181126,1,4.180885315,1,-1.540123701,1,-1.409019351,0,-1.179683208,0,2.080755234,0
112.7435989,-4.75541544,1,-7.120919704,1,-3.933708429,1,-1.398088574,1,4.347082138,1,-1.721796036,1,-1.370818138,0,-1.183026791,0,2.033464909,0
112.7475967,-4.785182476,1,-7.144351959,1,-3.804826021,1,-1.418371797,1,4.48938942,1,-1.901019692,1,-1.330136895,0,-1.186241627,0,1.983479977,0
112.7516022,-4.904831886,1,-7.132401466,1,-3.662507057,1,-1.427323818,1,4.612290859,1,-2.079926014,1,-1.287051439,0,-1.189220905,0,1.93089819,0
112.7556,-4.927521706,1,-7.120352745,1,-3.567743778,1,-1.426182508,1,4.71510601,1,-2.245658398,1,-1.241712213,0,-1.191837192,0,1.875934005,0
112.7595978,-5.225923538,1,-7.087044239,1,-3.490166426,1,-1.413667202,1,4.810983181,1,-2.405412436,1,-1.194235444,0,-1.193983197,0,1.818754911,0
112.7636032,-5.554591656,1,-7.059483528,1,-3.510682106,1,-1.392244339,1,4.887011051,1,-2.558470726,1,-1.144806027,0,-1.19554019,0,1.759584427,0
112.767601,-5.974992275,1,-7.070805073,1,-3.445741415,1,-1.365023375,1,4.96596241,1,-2.70035696,1,-1.093588591,0,-1.196399689,0,1.698615789,0
112.7715988,-6.364382744,1,-7.080836773,1,-3.472747564,1,-1.326597095,1,5.037913799,1,-2.83741498,1,-1.040735722,0,-1.196451426,0,1.636054158,0
112.7755966,-6.982371807,1,-7.182771683,1,-3.502431154,1,-1.293293476,1,5.108000278,1,-2.974506378,1,-0.986552894,0,-1.1955899,0,1.572195888,0
112.7795944,-7.347159863,1,-7.284337044,1,-3.507704496,1,-1.272260427,1,5.180485725,1,-3.101065397,1,-0.931357563,0,-1.193714499,0,1.50733757,0
112.7835999,-7.735170364,1,-7.352389812,1,-3.589557648,1,-1.24996233,1,5.246606827,1,-3.222453117,1,-0.875496864,0,-1.190732718,0,1.441806793,0
112.7875977,-8.048163414,1,-7.409778118,1,-3.636904001,1,-1.235915184,1,5.313793659,1,-3.323930264,1,-0.819509029,0,-1.186559796,0,1.37610662,0
112.7915955,-8.121670723,1,-7.481934547,1,-3.641556978,1,-1.218901753,1,5.372038364,1,-3.41820693,1,-0.763805211,0,-1.181130528,0,1.31066072,0
112.7955933,-8.105540276,1,-7.524664402,1,-3.668756723,1,-1.195347786,1,5.418549061,1,-3.491080046,1,-0.708957314,0,-1.174419999,0,1.246061206,0
112.7995987,-8.080699921,1,-7.414747238,1,-3.697797775,1,-1.17347908,1,5.454864979,1,-3.549663544,1,-0.655472815,0,-1.166418195,0,1.182829261,0
112.8035965,-8.08331871,1,-7.269618511,1,-3.67912817,1,-1.130762339,1,5.475749493,1,-3.603113651,1,-0.603694439,0,-1.157170415,0,1.121375799,0
112.8075943,-8.129821777,1,-6.98304081,1,-3.767185926,1,-1.072936416,1,5.480870247,1,-3.650043011,1,-0.553878248,0,-1.146752715,0,1.062012076,0
112.8115997,-8.132644653,1,-6.712588787,1,-3.74682188,1,-0.999315143,1,5.474000931,1,-3.686179399,1,-0.506224155,0,-1.13526535,0,1.005027413,0
112.8155975,-8.119420052,1,-6.57150507,1,-3.814090252,1,-0.912191093,1,5.447050095,1,-3.712611675,1,-0.460852087,0,-1.122803688,0,0.950609684,0
112.8195953,-8.198050499,1,-6.455357075,1,-3.916390419,1,-0.813092709,1,5.414393902,1,-3.736713171,1,-0.417799115,0,-1.109469652,0,0.898847282,0
112.8235931,-8.384696007,1,-6.416369915,1,-4.02826786,1,-0.70613116,1,5.369514942,1,-3.745326519,1,-0.377052128,0,-1.095374942,0,0.849782407,0
112.8275909,-8.626425743,1,-6.418597698,1,-4.151388168,1,-0.591237009,1,5.326934814,1,-3.746754885,1,-0.338581324,0,-1.080591917,0,0.803418159,0
112.8315964,-8.980042458,1,-6.466671944,1,-4.282587528,1,-0.478115618,1,5.279866695,1,-3.750859737,1,-0.302229673,0,-1.065180898,0,0.759617686,0
112.8355942,-9.412424088,1,-6.681763172,1,-4.470316887,1,-0.360728562,1,5.241022587,1,-3.746927738,1,-0.267904609,0,-1.0491997,0,0.718286872,0
112.839592,-9.836011887,1,-6.848171711,1,-4.656256676,1,-0.24610272,1,5.217344761,1,-3.740920782,1,-0.235460371,0,-1.032662272,0,0.679276943,0
112.8435898,-10.20229721,1,-7.012299538,1,-4.883683205,1,-0.142557755,1,5.191927433,1,-3.734985352,1,-0.20478037,0,-1.015608549,0,0.642458022,0
112.8475952,-10.49021721,1,-7.170639038,1,-5.096691132,1,-0.040327325,1,5.166269302,1,-3.731056213,1,-0.175772801,0,-0.998087704,0,0.607701659,0
112.851593,-10.87045288,1,-7.312175274,1,-5.362811089,1,0.056795873,1,5.14585638,1,-3.73699832,1,-0.148271486,0,-0.980133832,0,0.57482475,0
112.8555985,-11.2716465,1,-7.40237093,1,-5.719712257,1,0.148672253,1,5.127946377,1,-3.744336128,1,-0.122130617,0,-0.961792588,0,0.54365623,0
112.8595963,-11.74907875,1,-7.456196785,1,-6.002410889,1,0.25316754,1,5.119867325,1,-3.771964788,1,-0.09718053,0,-0.94306922,0,0.514018238,0
112.8635941,-12.20964527,1,-7.445738792,1,-6.235431671,1,0.354152083,1,5.129021645,1,-3.810940504,1,-0.073200792,0,-0.923940063,0,0.485692829,0
112.8675995,-12.5150528,1,-7.432094574,1,-6.484387398,1,0.452263504,1,5.134231091,1,-3.862687349,1,-0.050075561,0,-0.904405415,0,0.458532333,0
112.8715973,-12.76116943,1,-7.523161411,1,-6.609476089,1,0.550269663,1,5.152307987,1,-3.928179026,1,-0.027688263,0,-0.88444531,0,0.432395339,0
112.8755951,-13.02463913,1,-7.6349473,1,-6.744187355,1,0.650741041,1,5.172669411,1,-4.002894402,1,-0.005915208,0,-0.864058435,0,0.407143056,0
112.8795929,-13.23770714,1,-7.81527853,1,-6.886642933,1,0.742551386,1,5.181984901,1,-4.086414337,1,0.015309924,0,-0.843278408,0,0.382683814,0
112.8835983,-13.33716583,1,-8.068870544,1,-7.006968021,1,0.811895013,1,5.187252522,1,-4.185168743,1,0.036020949,0,-0.822109282,0,0.358894765,0
112.8875961,-13.42914867,1,-8.32937336,1,-7.083320618,1,0.871188641,1,5.173744678,1,-4.277314186,1,0.056195471,0,-0.800632954,0,0.335729301,0
112.8915939,-13.49699783,1,-8.562987328,1,-7.205890179,1,0.914788306,1,5.138175011,1,-4.376265049,1,0.075818397,0,-0.778900146,0,0.31313175,0
112.8955917,-13.70214653,1,-8.688855171,1,-7.431835175,1,0.957470417,1,5.091890812,1,-4.4868083,1,0.094929606,0,-0.756999552,0,0.291010737,0
112.8995895,-14.13311005,1,-8.747650146,1,-7.580035686,1,0.986994505,1,5.027975559,1,-4.59950304,1,0.113577984,0,-0.734974384,0,0.269271702,0
112.903595,-14.73961067,1,-8.799057961,1,-7.673487663,1,1.026639342,1,4.955449581,1,-4.73686552,1,0.131834194,0,-0.712875128,0,0.247795641,0
112.9075928,-15.49709988,1,-8.968580246,1,-7.935144424,1,1.058155775,1,4.873188496,1,-4.869803905,1,0.149754539,0,-0.690707564,0,0.22650224,0
112.9115906,-16.38000107,1,-9.225018501,1,-8.232434273,1,1.09084475,1,4.781079292,1,-5.033259392,1,0.167406291,0,-0.668506742,0,0.205271944,0
112.9155884,-17.6385479,1,-9.481138229,1,-8.568330765,1,1.111007333,1,4.685856342,1,-5.196298122,1,0.184783503,0,-0.646280885,0,0.184017658,0
112.9195938,-18.98010635,1,-9.712075233,1,-8.928850174,1,1.110505939,1,4.594722271,1,-5.377917767,1,0.201897204,0,-0.623995543,0,0.162660703,0
112.9235916,-20.27614212,1,-9.897937775,1,-9.320305824,1,1.101491332,1,4.51006794,1,-5.568348885,1,0.218703642,0,-0.601622164,0,0.141145229,0
112.9275894,-21.5204525,1,-10.03024769,1,-9.515499115,1,1.078271627,1,4.431977749,1,-5.764284134,1,0.235170037,0,-0.579098046,0,0.119402528,0
112.9315948,-22.58734322,1,-10.01595688,1,-9.654102325,1,1.047681093,1,4.366523743,1,-5.953079224,1,0.251222372,0,-0.556378961,0,0.097458281,0
112.9355927,-23.35886383,1,-9.835130692,1,-9.540698051,1,1.021091342,1,4.306112766,1,-6.122795582,1,0.266811758,0,-0.53342247,0,0.075353339,0
112.9395905,-23.86704254,1,-8.74307251,1,-9.106657028,1,1.008165836,1,4.240177631,1,-6.296117783,1,0.281947434,0,-0.510232329,0,0.053126711,0
112.9435883,-23.20474434,1,-5.307321072,1,-9.159703255,1,1.052670121,1,4.117487431,1,-6.487931252,1,0.295070201,0,-0.488054156,0,0.075724967,0
112.9475861,-22.09069633,1,-3.236762762,1,-9.214421272,1,1.147973537,1,3.919621229,1,-6.659062862,1,0.30994305,0,-0.464865804,0,0.052857049,0
112.9515915,-21.92333221,1,-1.922369957,1,-8.836306572,1,1.304906964,1,3.734575272,1,-6.777492523,1,0.324945688,0,-0.44192642,0,0.029755779,0
112.9555893,-22.32441711,1,-0.52210784,1,-8.258386612,1,1.531581283,1,3.526727676,1,-6.837330818,1,0.340259731,0,-0.419313312,0,0.006625711,0
112.9595871,-22.91664314,1,-0.015453713,1,-7.386130333,1,1.768551946,1,3.325041294,1,-6.83631134,1,0.355960011,0,-0.397113293,0,-0.016305635,0
112.9635849,-23.83327866,1,-0.570034444,1,-6.448234081,1,1.960342407,1,3.133525848,1,-6.760216236,1,0.371898293,0,-0.375361085,0,-0.038785715,0
112.9675903,-24.88781929,1,-1.484601378,1,-5.300656796,1,2.078098774,1,2.95515728,1,-6.627449512,1,0.387779027,0,-0.354115367,0,-0.060584292,0
112.9715881,-25.95774651,1,-2.075760126,1,-4.169835567,1,2.128799438,1,2.780925989,1,-6.433240891,1,0.403266102,0,-0.333463311,0,-0.081514813,0
112.9755859,-26.76187706,1,-2.15353632,1,-3.037750006,1,2.118456841,1,2.600542068,1,-6.190553188,1,0.418100059,0,-0.313499123,0,-0.10140533,0
112.9795914,-27.13681984,1,-1.632632136,1,-1.945151687,1,2.083123446,1,2.42062211,1,-5.908144951,1,0.432121158,0,-0.294361353,0,-0.120172925,0
112.9835968,-27.09339905,1,-0.341898173,1,-1.044217229,1,2.072347403,1,2.218365908,1,-5.595519066,1,0.445365161,0,-0.276187688,0,-0.137769014,0
112.9875946,-26.42988586,1,1.888374209,1,-0.320331603,1,2.130373716,1,1.973681211,1,-5.27246809,1,0.458109826,0,-0.259155601,0,-0.154246017,0
112.9916,-25.62141228,1,4.442075253,1,0.077216029,1,2.268094301,1,1.704365253,1,-4.983551025,1,0.470752597,0,-0.243393719,0,-0.169759676,0
112.9955978,-25.22146606,1,6.733526707,1,0.305970639,1,2.482189417,1,1.413338661,1,-4.719264984,1,0.483714908,0,-0.228947714,0,-0.18453379,0
112.9995956,-25.34331131,1,8.536495209,1,0.692071199,1,2.702630997,1,1.137220383,1,-4.505189896,1,0.49721083,0,-0.215763733,0,-0.198750824,0
113.0036011,-25.60954285,1,9.072267532,1,1.27374351,1,2.869636059,1,0.852905035,1,-4.310240746,1,0.511253476,0,-0.203763351,0,-0.212573454,0
113.0075989,-26.26935387,1,8.662725449,1,2.0838871,1,2.951288223,1,0.617417574,1,-4.107098103,1,0.525585234,0,-0.192870125,0,-0.226020187,0
113.0115967,-26.77996635,1,7.386564732,1,2.390292883,1,2.903730392,1,0.380855501,1,-3.868063927,1,0.539747953,0,-0.183050379,0,-0.238992169,0
113.0155945,-27.39126205,1,6.25256443,1,2.920279264,1,2.72824192,1,0.180948272,1,-3.595998764,1,0.55324471,0,-0.174341217,0,-0.251381069,0
113.0195923,-28.11820221,1,5.107023716,1,3.343122482,1,2.424417973,1,0.015155847,1,-3.289374352,1,0.565543234,0,-0.166700497,0,-0.263026386,0
113.0235977,-28.26028633,1,4.346583843,1,3.323765516,1,2.021217823,1,-0.126867458,1,-2.94618845,1,0.576213777,0,-0.160128251,0,-0.273779929,0
113.0275955,-5.15862751,1,-4.453633785,1,0.027450506,1,1.30381465,1,-0.765518427,1,-2.131480932,1,0.584540904,0,-0.155687705,0,-0.283416629,0
113.0315933,-44.12667847,1,9.304585457,1,7.151821136,1,0.636379302,1,-1.984882593,1,-1.349736452,1,0.589872301,0,-0.15681991,0,-0.292461038,0
113.0355911,-26.65261459,1,6.822483063,1,12.19918537,1,0.058923036,1,-2.059706211,1,-0.814747095,1,0.592549443,0,-0.161009625,0,-0.300626457,0
113.0395966,-13.85589886,1,5.289054394,1,14.00186062,1,-0.258937985,1,-2.812032223,1,-0.114392564,1,0.593216896,0,-0.167904705,0,-0.307696134,0
113.0435944,-23.69994545,1,10.27342224,1,13.39457417,1,-0.613651514,1,-3.668106079,1,0.73571831,1,0.592599452,0,-0.179397658,0,-0.314033061,0
113.0475922,-26.87953568,1,9.612985611,1,7.241209984,1,-0.768538773,1,-4.120604038,1,1.328936577,1,0.5906986,0,-0.194855243,0,-0.319364429,0
113.0515976,-6.951817989,1,3.192354679,1,-3.998594999,1,-0.840800107,1,-4.00014782,1,1.496780276,1,0.588485479,0,-0.211504847,0,-0.323764592,0
113.0555954,-7.763279915,1,1.944625735,1,-16.69138145,1,-0.901816666,1,-4.046001434,1,1.716418028,1,0.58581537,0,-0.228491649,0,-0.327439547,0
113.0595932,-15.48755074,1,-4.772755623,1,-25.56063461,1,-0.821900606,1,-3.653100729,1,1.635356784,1,0.582969606,0,-0.245152548,0,-0.330456406,0
113.063591,-6.479715347,1,-9.626535416,1,-28.07465935,1,-0.648972094,1,-2.967830658,1,1.630847216,1,0.580573201,0,-0.259769171,0,-0.332367867,0
113.0675888,-0.21970816,1,-7.615731716,1,-23.79809761,1,-0.476116806,1,-2.658117533,1,1.777833939,1,0.578396142,0,-0.272789299,0,-0.332794696,0
113.0715942,-1.459370732,1,-7.379090309,1,-18.88147354,1,-0.291252434,1,-2.721587658,1,1.861222148,1,0.576831639,0,-0.285766661,0,-0.332517415,0
113.075592,0.948374152,1,-4.190927029,1,-13.28521729,1,-0.25273186,1,-3.160830975,1,2.042881012,1,0.575701475,0,-0.299778163,0,-0.332393438,0
113.0795898,1.427803874,1,-0.912287295,1,-9.985189438,1,-0.213872641,1,-3.739109516,1,2.289709091,1,0.574908137,0,-0.316052109,0,-0.332617819,0
113.0835876,-2.107303381,1,-2.376846552,1,-9.896510124,1,-0.242302328,1,-4.311684608,1,2.430936813,1,0.574246943,0,-0.334764361,0,-0.333488047,0
113.0875931,-5.948628426,1,-7.90664053,1,-12.5462389,1,-0.31530115,1,-4.578061104,1,2.377688885,1,0.573775291,0,-0.35497582,0,-0.335167527,0
113.0915909,-12.5011034,1,-9.286783218,1,-12.67125607,1,-0.468433857,1,-4.55839777,1,2.293797731,1,0.573032379,0,-0.375520229,0,-0.337402433,0
113.0955887,-18.4811554,1,-11.4606142,1,-13.22617912,1,-0.662411988,1,-4.312684536,1,2.166488409,1,0.571594119,0,-0.395234495,0,-0.339714706,0
113.0995941,-20.36837959,1,-10.45480061,1,-12.08031654,1,-0.888843536,1,-3.887689829,1,2.031307459,1,0.569179058,0,-0.413591892,0,-0.341673672,0
113.1035995,-20.2623024,1,-8.211386681,1,-10.36909485,1,-0.998713791,1,-3.486878633,1,1.878260255,1,0.565960109,0,-0.430198252,0,-0.343129218,0
113.1075974,-18.33487701,1,-3.789302826,1,-8.498205185,1,-1.009890914,1,-3.135990143,1,1.700827479,1,0.562399209,0,-0.445195436,0,-0.344249308,0
113.1116028,-17.66922379,1,-1.202231646,1,-8.731494904,1,-0.985834241,1,-2.831613064,1,1.60416925,1,0.558794737,0,-0.458785266,0,-0.345158815,0
113.1156006,-17.88884926,1,-0.273707896,1,-9.32232666,1,-1.006863236,1,-2.311810732,1,1.575574875,1,0.554778576,0,-0.470937729,0,-0.345166028,0
113.1195984,-14.83998299,1,1.211442232,1,-10.19260788,1,-0.854576766,1,-1.919393063,1,1.525811553,1,0.550613821,0,-0.481354684,0,-0.344228566,0
113.1235962,-15.65359974,1,-0.118389018,1,-11.59548187,1,-0.801473677,1,-1.433903098,1,1.503859758,1,0.546410799,0,-0.490313739,0,-0.34231776,0
113.127594,-12.05387783,1,-0.787688732,1,-10.8994627,1,-0.678995311,1,-1.005511761,1,1.422180414,1,0.54209286,0,-0.497478276,0,-0.339464515,0
113.1315994,-7.862534046,1,-4.290188789,1,-8.924767494,1,-0.678485811,1,-0.77167362,1,1.27237761,1,0.537902474,0,-0.503242433,0,-0.336246133,0
113.1355972,-7.687773228,1,-6.275167942,1,-7.960773468,1,-0.752963424,1,-0.650250554,1,1.170894742,1,0.533464015,0,-0.508148313,0,-0.333081007,0
113.139595,-8.679736137,1,-7.347369194,1,-7.50985527,1,-0.795810997,1,-0.564367354,1,1.047526836,1,0.528943181,0,-0.512504339,0,-0.330114692,0
113.1435928,-10.59295654,1,-8.885808945,1,-8.067615509,1,-0.940295756,1,-0.435430914,1,0.89146018,1,0.524116397,0,-0.516213059,0,-0.32739073,0
113.1475983,-9.856133461,1,-7.198320866,1,-8.421772957,1,-0.915024459,1,-0.336361915,1,0.73397392,1,0.51925844,0,-0.519129276,0,-0.325069606,0
113.1515961,-9.224948883,1,-4.648517132,1,-9.579868317,1,-0.926499009,1,-0.20225662,1,0.71078676,1,0.51443243,0,-0.521486938,0,-0.322815359,0
113.1555939,-5.558362007,1,-2.144966602,1,-9.378847122,1,-0.881137133,1,-0.126036108,1,0.769376338,1,0.509523749,0,-0.523471594,0,-0.320197403,0
113.1595993,-5.755703449,1,-2.941517353,1,-9.784836769,1,-0.863737106,1,-0.136001021,1,0.777794421,1,0.504577875,0,-0.525453389,0,-0.317324281,0
113.1635971,-6.095437527,1,-3.171488047,1,-9.349009514,1,-0.776994944,1,-0.146337032,1,0.708216488,1,0.499937683,0,-0.527375519,0,-0.314611554,0
113.1675949,-5.637938023,1,-2.982366085,1,-8.732135773,1,-0.732919514,1,-0.179299772,1,0.682362735,1,0.495693356,0,-0.529272616,0,-0.312157154,0
113.1715927,-4.665871143,1,-2.980294943,1,-8.886845589,1,-0.715394795,1,-0.203107864,1,0.674045324,1,0.491609216,0,-0.531234741,0,-0.309808731,0
113.1755905,-4.125481606,1,-3.498382568,1,-9.117839813,1,-0.698697448,1,-0.220751718,1,0.669806361,1,0.487619519,0,-0.533253014,0,-0.307519674,0
113.1795959,-4.4388237,1,-3.410186291,1,-9.130801201,1,-0.684436202,1,-0.24672924,1,0.659420669,1,0.48370114,0,-0.535328746,0,-0.305285037,0
113.1835938,-5.365787029,1,-2.946058273,1,-8.521837234,1,-0.676621556,1,-0.239655361,1,0.645151258,1,0.47988829,0,-0.537396312,0,-0.303115487,0
113.1875916,-6.299827099,1,-3.212180138,1,-8.280460358,1,-0.670441628,1,-0.234761059,1,0.594598591,1,0.476141274,0,-0.539399505,0,-0.301058739,0
113.1915894,-6.420339584,1,-2.939355135,1,-8.515955925,1,-0.638659656,1,-0.22862947,1,0.511302829,1,0.461867213,0,-0.538861752,0,-0.246875733,0
113.1955948,-5.250843525,1,-2.472026825,1,-8.726571083,1,-0.607570648,1,-0.220908552,1,0.45771271,1,0.45857361,0,-0.540518641,0,-0.245323092,0
113.1995926,-4.458377838,1,-2.389095783,1,-9.009368896,1,-0.570013404,1,-0.248432219,1,0.440879732,1,0.455502212,0,-0.542152166,0,-0.243927956,0
113.2035904,-5.594742775,1,-2.094268799,1,-8.98294735,1,-0.54040134,1,-0.267644286,1,0.40842098,1,0.452632368,0,-0.543833852,0,-0.242674977,0
113.2075882,-5.443473816,1,-2.627883673,1,-8.073916435,1,-0.518893242,1,-0.26160872,1,0.388338864,1,0.449944079,0,-0.545478046,0,-0.24154681,0
113.2115936,-5.793628216,1,-3.476131201,1,-7.923796177,1,-0.522666335,1,-0.251601875,1,0.367683977,1,0.447297037,0,-0.547063649,0,-0.240482122,0
113.2155914,-5.283882618,1,-3.909062386,1,-7.714951038,1,-0.541803658,1,-0.220386893,1,0.354936242,1,0.44462496,0,-0.548529744,0,-0.239422381,0
113.2195969,-5.1494174,1,-4.063508511,1,-7.756196022,1,-0.569883585,1,-0.203243315,1,0.351101518,1,0.441850245,0,-0.549904227,0,-0.238357931,0
113.2236099,-5.063049793,1,-3.841061831,1,-7.909983158,1,-0.595997751,1,-0.190292805,1,0.333426744,1,0.438953042,0,-0.55118829,0,-0.237291411,0
113.2276077,-5.214118004,1,-2.536081314,1,-8.180157661,1,-0.598146021,1,-0.177091718,1,0.312557131,1,0.436028123,0,-0.552401125,0,-0.236286044,0
113.2315979,-5.230774879,1,-0.738461077,1,-8.807671547,1,-0.540183425,1,-0.187927246,1,0.271813452,1,0.43327564,0,-0.553552985,0,-0.235390618,0
113.2355957,-5.352157593,1,0.618341267,1,-9.025603294,1,-0.455696076,1,-0.19310534,1,0.209938586,1,0.430934697,0,-0.554640234,0,-0.234737128,0
113.2396088,-5.399034023,1,0.899020791,1,-9.157162666,1,-0.350978792,1,-0.208527952,1,0.142250955,1,0.429138452,0,-0.555666327,0,-0.23437953,0
113.2436066,-5.432729244,1,0.353303522,1,-8.959108353,1,-0.255934358,1,-0.228128254,1,0.073876411,1,0.427907139,0,-0.556633055,0,-0.234345227,0
113.2476044,-5.056233406,1,-0.918648899,1,-8.438245773,1,-0.195295259,1,-0.239879936,1,0.035818346,1,0.427136481,0,-0.557571948,0,-0.234571844,0
113.2515945,-5.017997265,1,-2.219558954,1,-8.222374916,1,-0.163953245,1,-0.243391961,1,0.025083276,1,0.426619232,0,-0.558500409,0,-0.234928086,0
113.2556076,-4.790537357,1,-3.236331224,1,-8.148048401,1,-0.162553847,1,-0.24464649,1,0.039162051,1,0.42615667,0,-0.559441864,0,-0.23527579,0
113.2596054,-4.554013252,1,-3.944710255,1,-8.165920258,1,-0.173982695,1,-0.248426646,1,0.066837721,1,0.425635159,0,-0.560418844,0,-0.23553893,0
113.2636032,-4.428199768,1,-4.036571026,1,-8.465384483,1,-0.193618432,1,-0.267673016,1,0.093460597,1,0.424981207,0,-0.561480224,0,-0.235697508,0
113.2676086,-4.645136356,1,-3.981795549,1,-8.380555153,1,-0.2175823,1,-0.285941988,1,0.13143003,1,0.424186409,0,-0.562680125,0,-0.235744327,0
113.2716064,-4.73677969,1,-3.838499069,1,-8.316440582,1,-0.243212923,1,-0.290985435,1,0.153634012,1,0.423237205,0,-0.563964546,0,-0.235689268,0
113.2756042,-4.758426189,1,-3.561478376,1,-8.258270264,1,-0.262108088,1,-0.291879058,1,0.170857906,1,0.422153056,0,-0.565291941,0,-0.235554099,0
113.2796021,-4.852740288,1,-3.199227333,1,-8.193205833,1,-0.269510061,1,-0.291478932,1,0.186380774,1,0.420976341,0,-0.566652119,0,-0.235335037,0
113.2835999,-4.957633495,1,-2.937281847,1,-8.121382713,1,-0.264919996,1,-0.277783513,1,0.196056545,1,0.419754773,0,-0.567996979,0,-0.235057339,0
113.2876053,-4.915909767,1,-2.676898956,1,-8.144542694,1,-0.260122746,1,-0.275757402,1,0.193716407,1,0.418532312,0,-0.569316983,0,-0.234748736,0
113.2916031,-4.932385445,1,-2.247190952,1,-8.21771431,1,-0.240229428,1,-0.267819524,1,0.181071609,1,0.417377621,0,-0.570615649,0,-0.234456211,0
113.2956009,-4.80441618,1,-1.802662015,1,-8.416205406,1,-0.206667915,1,-0.272432506,1,0.176214248,1,0.416343212,0,-0.5718925,0,-0.234190553,0
113.2995987,-4.867265701,1,-1.507938504,1,-8.517734528,1,-0.166229934,1,-0.287672997,1,0.164804518,1,0.4154796,0,-0.57319206,0,-0.233980566,0
113.3036041,-4.951221943,1,-1.706524253,1,-8.481734276,1,-0.132424653,1,-0.29236567,1,0.147882104,1,0.414823979,0,-0.574509799,0,-0.233857796,0
113.3076019,-5.032123089,1,-1.958265543,1,-8.400096893,1,-0.103387631,1,-0.305067062,1,0.137225807,1,0.414326668,0,-0.575841427,0,-0.23381345,0
113.3115997,-5.109837055,1,-2.072771549,1,-8.170124054,1,-0.074703343,1,-0.310098797,1,0.129686415,1,0.413975298,0,-0.5771873,0,-0.23381725,0
113.3156052,-5.184736729,1,-2.331959009,1,-8.09307003,1,-0.058944996,1,-0.306295663,1,0.12857309,1,0.413723618,0,-0.578515053,0,-0.23384358,0
113.319603,-5.063575745,1,-2.361148834,1,-8.187350273,1,-0.033245124,1,-0.308010161,1,0.132623702,1,0.413549036,0,-0.57984525,0,-0.23386392,0
113.3236008,-5.048987865,1,-2.264687061,1,-8.193267822,1,-0.021343213,1,-0.319374293,1,0.136597544,1,0.41343534,0,-0.581220686,0,-0.233877689,0
113.3275986,-5.035490036,1,-2.177788973,1,-8.23527813,1,-0.007130938,1,-0.322150022,1,0.136894673,1,0.413390398,0,-0.582612634,0,-0.233895689,0
113.3315964,-4.980488777,1,-2.456767559,1,-8.306477547,1,-0.010172509,1,-0.339936733,1,0.136442423,1,0.413385034,0,-0.58403796,0,-0.233933821,0
113.3356018,-5.057314873,1,-2.307180882,1,-8.210119247,1,-0.002252153,1,-0.351601481,1,0.135808587,1,0.413402349,0,-0.585527599,0,-0.234009817,0
113.3396072,-5.005728245,1,-2.285595417,1,-8.124742508,1,0.016088864,1,-0.356920004,1,0.144397289,1,0.413461953,0,-0.587058067,0,-0.234069109,0
113.343605,-4.902797222,1,-2.631307602,1,-8.218382835,1,0.017770711,1,-0.370710999,1,0.150600314,1,0.413562685,0,-0.588617623,0,-0.234125182,0
113.3476105,-4.801521778,1,-2.595999002,1,-8.202283859,1,0.038562801,1,-0.389672428,1,0.157988518,1,0.413699627,0,-0.590249717,0,-0.234183058,0
113.3516083,-4.931184292,1,-2.747587204,1,-8.294694901,1,0.032339852,1,-0.403537631,1,0.171592206,1,0.413864255,0,-0.591972768,0,-0.234220609,0
113.3556061,-4.813097954,1,-2.509209156,1,-8.244646072,1,0.025128625,1,-0.424368739,1,0.178620875,1,0.413981616,0,-0.59376657,0,-0.234249637,0
113.3596039,-4.892457962,1,-2.343099117,1,-8.327378273,1,0.052947007,1,-0.439059436,1,0.184291571,1,0.414155692,0,-0.595647216,0,-0.234288692,0
113.3636093,-4.946805954,1,-2.267711878,1,-8.433195114,1,0.074612387,1,-0.452050507,1,0.189198405,1,0.414437592,0,-0.597571492,0,-0.234324738,0
113.3676071,-4.991375923,1,-2.44621563,1,-8.350050926,1,0.101670697,1,-0.46498543,1,0.19235006,1,0.414823145,0,-0.599548817,0,-0.234370694,0
113.3716049,-5.032224655,1,-3.002458572,1,-8.303726196,1,0.084234439,1,-0.480117261,1,0.188759774,1,0.415250659,0,-0.601583958,0,-0.234453231,0
113.3756104,-4.968072414,1,-2.667784214,1,-8.176013947,1,0.058566079,1,-0.499060333,1,0.187818944,1,0.415592492,0,-0.603679776,0,-0.234581277,0
113.3796082,-5.099856853,1,-2.396428585,1,-8.175170898,1,0.068366081,1,-0.501299083,1,0.183335692,1,0.415943682,0,-0.605813205,0,-0.234748006,0
113.383606,-5.096751213,1,-2.31381917,1,-8.072422028,1,0.077665448,1,-0.505004406,1,0.180592388,1,0.416331202,0,-0.607945859,0,-0.234922051,0
113.3876038,-5.173232079,1,-2.390169859,1,-8.033043861,1,0.079596013,1,-0.506893694,1,0.172023982,1,0.416774005,0,-0.610092521,0,-0.235137343,0
113.3916016,-5.167149067,1,-2.242334127,1,-7.988073349,1,0.086681649,1,-0.513818264,1,0.171844065,1,0.417241126,0,-0.612244546,0,-0.235375568,0
113.395607,-5.295313358,1,-2.172338963,1,-8.03335762,1,0.093035758,1,-0.516365051,1,0.162156314,1,0.417760491,0,-0.614392996,0,-0.235648111,0
113.3996048,-5.321108341,1,-2.339251518,1,-8.070858002,1,0.093452796,1,-0.516629517,1,0.155546635,1,0.418317735,0,-0.616545737,0,-0.235963866,0
113.4036026,-5.257498741,1,-2.246818542,1,-8.026389122,1,0.084946953,1,-0.527539194,1,0.142549753,1,0.418886513,0,-0.618695319,0,-0.236336619,0
113.4076004,-5.363045692,1,-2.230779409,1,-7.990742683,1,0.096953459,1,-0.528614998,1,0.133293301,1,0.419511616,0,-0.620852232,0,-0.236772627,0
113.4116058,-5.370187283,1,-2.391799212,1,-7.873159409,1,0.107311621,1,-0.527934611,1,0.129853815,1,0.420195609,0,-0.622997463,0,-0.237237543,0
113.4156036,-5.439795494,1,-2.709894657,1,-7.706581593,1,0.1047021,1,-0.528187096,1,0.129531622,1,0.420899481,0,-0.625143111,0,-0.237716794,0
113.4196014,-5.502921104,1,-2.91757679,1,-7.620628357,1,0.093565784,1,-0.518169582,1,0.130230248,1,0.421575516,0,-0.627259374,0,-0.238197818,0
113.4236069,-5.47086668,1,-2.839122057,1,-7.547293186,1,0.083128929,1,-0.508645117,1,0.141773254,1,0.422183901,0,-0.62935698,0,-0.238630429,0
113.4276047,-5.505627632,1,-2.81607604,1,-7.507797718,1,0.0744901,1,-0.500609994,1,0.148077071,1,0.422724575,0,-0.631434798,0,-0.239001438,0
113.4316025,-5.511277199,1,-2.706005812,1,-7.468429089,1,0.070641622,1,-0.485805422,1,0.15484786,1,0.423192471,0,-0.633487463,0,-0.239318892,0
113.4356003,-5.643959999,1,-2.69359827,1,-7.533615112,1,0.057522576,1,-0.482932538,1,0.157039016,1,0.423615366,0,-0.635509372,0,-0.239613235,0
113.4395981,-5.596865654,1,-2.655995131,1,-7.478004456,1,0.036668733,1,-0.464600056,1,0.15811792,1,0.336941808,0,-0.616642237,0,-0.057466652,0
113.4436035,-5.880865097,1,-2.785161972,1,-7.518520832,1,0.010059362,1,-0.397550404,1,0.148777843,1,0.334995508,0,-0.616476655,0,-0.028883539,0
113.4476013,-6.189685345,1,-1.032616735,1,-8.186411858,1,0.12223205,1,-0.500242591,1,0.148387074,1,0.335289747,0,-0.618339002,0,-0.028933974,0
113.4515991,-5.389475822,1,-2.008424282,1,-7.517057896,1,0.089554697,1,-0.42987591,1,0.143505439,1,0.33575809,0,-0.620231867,0,-0.028969586,0
113.4555969,-5.741684914,1,-3.4183321,1,-7.010567665,1,0.036191221,1,-0.473232985,1,0.122922838,1,0.336069643,0,-0.622141063,0,-0.029096667,0
113.45961,-5.582882881,1,-2.830074549,1,-7.684053898,1,0.028644545,1,-0.444318235,1,0.118694708,1,0.33631748,0,-0.624020398,0,-0.029294884,0
113.4636078,-5.245798588,1,-2.228901386,1,-7.540845394,1,0.058047719,1,-0.438260257,1,0.145570487,1,0.336554468,0,-0.625865161,0,-0.029393751,0
113.4676056,-5.749022961,1,-2.936881781,1,-7.607052803,1,0.051328998,1,-0.43104285,1,0.138878733,1,0.336806953,0,-0.627688229,0,-0.029428925,0
113.471611,-5.737603188,1,-3.271764517,1,-7.380661488,1,0.015265309,1,-0.431613743,1,0.142669156,1,0.336978137,0,-0.62949264,0,-0.029488185,0
113.4756088,-5.58632803,1,-2.770323277,1,-7.51028204,1,0.002790306,1,-0.421950698,1,0.149859235,1,0.337027192,0,-0.631294429,0,-0.029519813,0
113.4796066,-5.63979578,1,-2.460463762,1,-7.626894474,1,0.010229539,1,-0.417256415,1,0.160788029,1,0.337033927,0,-0.633091986,0,-0.029481709,0
113.4836121,-5.66935873,1,-2.62034297,1,-7.613880157,1,0.010055647,1,-0.417122066,1,0.16384922,1,0.337026417,0,-0.634882212,0,-0.029406833,0
113.4876099,-5.690656662,1,-2.714482546,1,-7.528943539,1,0.000267956,1,-0.417817175,1,0.160414964,1,0.336993694,0,-0.636668324,0,-0.029323075,0
113.4916077,-5.730679989,1,-2.714881897,1,-7.496092319,1,-0.017106226,1,-0.406616449,1,0.16866222,1,0.336910903,0,-0.638436377,0,-0.029225124,0
113.4956055,-5.711290836,1,-2.843865871,1,-7.425266266,1,-0.029436715,1,-0.40610069,1,0.173722208,1,0.336731672,0,-0.640189588,0,-0.029095033,0
113.4996033,-5.738411903,1,-2.829390526,1,-7.356729507,1,-0.039557956,1,-0.394221783,1,0.179229051,1,0.336494803,0,-0.641939104,0,-0.028924532,0
113.5036087,-5.746329784,1,-2.769942999,1,-7.356716156,1,-0.045830775,1,-0.391748905,1,0.194327489,1,0.336175919,0,-0.643677354,0,-0.028690996,0
113.5076065,-5.709816456,1,-2.684000254,1,-7.376268387,1,-0.043637179,1,-0.387136817,1,0.204527691,1,0.335808426,0,-0.645404518,0,-0.028380496,0
113.5116043,-5.679581165,1,-2.575056314,1,-7.486159801,1,-0.047490831,1,-0.38019526,1,0.213191956,1,0.335409224,0,-0.647122622,0,-0.028020618,0
113.5156021,-5.623986721,1,-2.336273432,1,-7.51730299,1,-0.060724135,1,-0.383584559,1,0.209548265,1,0.334960639,0,-0.6488415,0,-0.027646765,0
113.5196075,-5.697805882,1,-2.177123308,1,-7.545845985,1,-0.068978697,1,-0.38478291,1,0.206338018,1,0.334489703,0,-0.650563598,0,-0.027287561,0
113.5236053,-5.72197485,1,-2.204706669,1,-7.554182529,1,-0.073707417,1,-0.388153255,1,0.199265257,1,0.334009945,0,-0.652293444,0,-0.026960056,0
113.5276031,-5.712983608,1,-2.320356607,1,-7.546634197,1,-0.074803159,1,-0.391833961,1,0.201008812,1,0.333541572,0,-0.654023707,0,-0.026662648,0
113.5316086,-5.632369518,1,-2.550830126,1,-7.552200794,1,-0.080825999,1,-0.391843975,1,0.200410023,1,0.333034307,0,-0.655769765,0,-0.026345244,0
113.5356064,-5.625764847,1,-2.697002411,1,-7.553304672,1,-0.091628507,1,-0.402374744,1,0.209387079,1,0.332502961,0,-0.657537103,0,-0.026030455,0
113.5396042,-5.643585682,1,-2.71724534,1,-7.624314785,1,-0.095691934,1,-0.407694697,1,0.2185366,1,0.331915319,0,-0.659349263,0,-0.025680428,0
113.543602,-5.700920582,1,-2.584238052,1,-7.630628109,1,-0.101409346,1,-0.421662748,1,0.225000203,1,0.331286669,0,-0.661194324,0,-0.025294771,0
113.5475998,-5.762500763,1,-2.451155901,1,-7.771058083,1,-0.099319965,1,-0.424543321,1,0.238138482,1,0.330636591,0,-0.663093686,0,-0.024873199,0
113.5516052,-5.801780224,1,-2.369909525,1,-7.875227928,1,-0.099378198,1,-0.441669285,1,0.241671741,1,0.329967886,0,-0.665048599,0,-0.024431672,0
113.555603,-5.735975266,1,-2.330465555,1,-7.899654865,1,-0.090966269,1,-0.459557116,1,0.245896026,1,0.329316318,0,-0.667060137,0,-0.023998642,0
113.5596008,-5.720104694,1,-2.279212713,1,-8.001810074,1,-0.090376228,1,-0.478418946,1,0.248199105,1,0.32868588,0,-0.669145882,0,-0.023569193,0
113.5635986,-5.726909161,1,-2.339006901,1,-7.997803211,1,-0.089132681,1,-0.495501876,1,0.256638736,1,0.328065932,0,-0.671303034,0,-0.023148246,0
113.5676041,-5.721128941,1,-2.470330238,1,-7.987969875,1,-0.093548685,1,-0.512937307,1,0.259621918,1,0.327441394,0,-0.673548818,0,-0.022721503,0
113.5716019,-5.707512379,1,-2.634177446,1,-8.014836311,1,-0.099550903,1,-0.542850077,1,0.276013911,1,0.326777548,0,-0.675886691,0,-0.022282405,0
113.5755997,-5.714941502,1,-2.793510675,1,-8.051636696,1,-0.113644376,1,-0.55900079,1,0.287399143,1,0.326064229,0,-0.678330898,0,-0.02182404,0
113.5796051,-5.661056042,1,-2.876474857,1,-8.079314232,1,-0.131232351,1,-0.585914612,1,0.308871657,1,0.325262517,0,-0.680887282,0,-0.021319628,0
113.5836105,-5.572083473,1,-2.973931551,1,-8.138587952,1,-0.145733491,1,-0.620657384,1,0.326084495,1,0.324359924,0,-0.683582067,0,-0.020758398,0
113.5876083,-5.64482069,1,-3.071370125,1,-8.24902916,1,-0.167544052,1,-0.658614635,1,0.345864505,1,0.323365957,0,-0.686439216,0,-0.020161513,0
113.5916138,-5.54761076,1,-3.221369982,1,-7.990240574,1,-0.192758188,1,-0.687650442,1,0.36474371,1,0.322240204,0,-0.689444184,0,-0.0195198,0
113.5956116,-5.663005829,1,-3.175620556,1,-7.806221008,1,-0.223774761,1,-0.726963818,1,0.397410601,1,0.320946008,0,-0.692617714,0,-0.018796859,0
113.5996094,-5.728023052,1,-3.162382364,1,-7.853951931,1,-0.240064338,1,-0.758386493,1,0.422426432,1,0.319489628,0,-0.695950508,0,-0.017982449,0
113.6036148,-5.621352196,1,-3.179706335,1,-8.022236824,1,-0.24881275,1,-0.788470507,1,0.44685784,1,0.317940772,0,-0.699430168,0,-0.017098296,0
113.6076126,-5.446280003,1,-3.071068764,1,-8.250682831,1,-0.265521228,1,-0.829919815,1,0.477253139,1,0.316274554,0,-0.703074753,0,-0.016103605,0
113.6116104,-5.364296913,1,-3.008235455,1,-8.505233765,1,-0.282768458,1,-0.874086916,1,0.502703726,1,0.314488828,0,-0.706927717,0,-0.015040445,0
113.6156082,-5.488683224,1,-2.807934046,1,-8.636111259,1,-0.311946929,1,-0.934363663,1,0.524977207,1,0.312561691,0,-0.711004436,0,-0.013934869,0
113.619606,-5.417286873,1,-2.676667452,1,-8.767647743,1,-0.344002485,1,-1.000502825,1,0.539122999,1,0.310535848,0,-0.715332866,0,-0.012833976,0
113.6236115,-5.386942863,1,-2.69124198,1,-8.939804077,1,-0.361828089,1,-1.068588853,1,0.556678057,1,0.30841291,0,-0.719945967,0,-0.011742249,0
113.6276093,-5.308148384,1,-2.831418037,1,-9.129272461,1,-0.384820879,1,-1.145189762,1,0.585573196,1,0.306168437,0,-0.724853396,0,-0.010620694,0
113.6316071,-5.18693924,1,-3.116774797,1,-9.353969574,1,-0.412728548,1,-1.236700416,1,0.605869472,1,0.303826004,0,-0.730117559,0,-0.009504405,0
113.6356049,-5.120528698,1,-3.419297218,1,-9.747796059,1,-0.442830324,1,-1.333399415,1,0.653686106,1,0.301318824,0,-0.735773623,0,-0.008326475,0
113.6396103,-5.040122032,1,-3.858145952,1,-9.967260361,1,-0.480088651,1,-1.45019424,1,0.700863302,1,0.298639476,0,-0.74189657,0,-0.007076775,0
113.6436081,-4.95359087,1,-4.221345901,1,-10.19064999,1,-0.53094542,1,-1.584089756,1,0.756338835,1,0.295691729,0,-0.748543501,0,-0.005714511,0
113.6476059,-4.995249748,1,-4.607927322,1,-10.47069836,1,-0.576037943,1,-1.723943949,1,0.831928968,1,0.292415023,0,-0.755794585,0,-0.004177723,0
113.6516037,-5.264083385,1,-5.198739052,1,-10.71296883,1,-0.637697518,1,-1.870451093,1,0.928944588,1,0.288739324,0,-0.763697267,0,-0.002372482,0
113.6556015,-5.196414471,1,-5.774668694,1,-10.77872467,1,-0.70292151,1,-2.019961834,1,1.043956637,1,0.284519047,0,-0.772273004,0,-0.000175206,0
113.6596069,-4.51394558,1,-6.190566063,1,-10.58086491,1,-0.748579621,1,-2.201886654,1,1.169138193,1,0.279750794,0,-0.781597137,0,0.002478002,0
113.6636047,-4.41334486,1,-6.397003651,1,-10.6764164,1,-0.788959801,1,-2.402754068,1,1.326666594,1,0.274383187,0,-0.791819096,0,0.005711261,0
113.6676025,-4.380610466,1,-6.339672089,1,-10.94476509,1,-0.802566886,1,-2.604534626,1,1.48466289,1,0.268401682,0,-0.802971065,0,0.00961378,0
113.6716003,-4.303970814,1,-6.473235607,1,-11.03438473,1,-0.814549983,1,-2.809138536,1,1.651847363,1,0.261804163,0,-0.815061152,0,0.014271841,0
113.6756058,-4.173947811,1,-6.858735085,1,-11.2585001,1,-0.838351369,1,-3.026106119,1,1.799246907,1,0.25454846,0,-0.828101516,0,0.019694952,0
113.6796036,-4.510241508,1,-7.229181767,1,-11.43270874,1,-0.889271557,1,-3.253777742,1,1.969201207,1,0.246498078,0,-0.842147827,0,0.025921835,0
113.6836014,-5.743340492,1,-7.937345982,1,-11.88718987,1,-0.983756661,1,-3.457677603,1,2.145050526,1,0.237311214,0,-0.857158124,0,0.033154808,0
113.6876068,-5.657048225,1,-8.60525322,1,-11.72013664,1,-1.101941347,1,-3.628188372,1,2.331062794,1,0.22673887,0,-0.873000979,0,0.041566335,0
113.6916046,-4.487994194,1,-8.939170837,1,-11.75382423,1,-1.225796342,1,-3.854468822,1,2.521456957,1,0.209137022,0,-0.886354327,0,0.080836684,0
113.6956024,-4.550705433,1,-9.097205162,1,-12.25083256,1,-1.372495651,1,-4.10763979,1,2.710818529,1,0.195123866,0,-0.904045701,0,0.092117228,0
113.6996078,-5.636135578,1,-8.41993618,1,-12.54255867,1,-1.495733976,1,-4.322897434,1,2.901563168,1,0.179170594,0,-0.922701716,0,0.105015397,0
113.7036133,-8.783553123,1,-9.388336182,1,-12.76074982,1,-1.672863126,1,-4.413839817,1,3.123111486,1,0.160804972,0,-0.942008674,0,0.119990557,0
113.7076111,-8.524644852,1,-9.576799393,1,-12.47571659,1,-1.877291203,1,-4.492914677,1,3.30633378,1,0.139582679,0,-0.961520374,0,0.137332693,0
113.7116165,-6.731940746,1,-9.864388466,1,-11.98445225,1,-2.086830378,1,-4.661790848,1,3.481916666,1,0.115348063,0,-0.981394947,0,0.157073826,0
113.7156143,-5.905078411,1,-9.072042465,1,-11.66558075,1,-2.207496166,1,-4.819363117,1,3.628203392,1,0.087996192,0,-1.001674294,0,0.179394543,0
113.7196121,-9.268130302,1,-8.629047394,1,-13.94676304,1,-2.382077217,1,-4.981329918,1,3.85927701,1,0.057158604,0,-1.022375464,0,0.204932809,0
113.7236099,-14.11317921,1,-6.565420628,1,-15.01988125,1,-2.378642321,1,-4.88732338,1,3.950519323,1,0.022770496,0,-1.042762041,0,0.23385562,0
113.7276077,-11.47904301,1,-5.436522484,1,-14.07774544,1,-2.382647514,1,-4.831447124,1,4.071813583,1,-0.014742078,0,-1.062202692,0,0.266075969,0
113.7316132,-10.16319561,1,-6.567334175,1,-13.1846981,1,-2.436006546,1,-4.983510494,1,4.204281807,1,-0.055947132,0,-1.081209064,0,0.30205214,0
113.735611,-12.37151718,1,-6.509117603,1,-13.39029598,1,-2.509137154,1,-5.066069603,1,4.324339867,1,-0.101553902,0,-1.099953413,0,0.342322797,0
113.7396088,-14.11728287,1,-5.206067562,1,-12.87259197,1,-2.52637291,1,-5.046631813,1,4.343479156,1,-0.151355997,0,-1.11783433,0,0.386674821,0
113.7436066,-15.12460041,1,-5.767459869,1,-12.38591099,1,-2.497015476,1,-5.05217886,1,4.343214512,1,-0.204768807,0,-1.134632587,0,0.434709728,0
113.747612,-18.26329994,1,-6.40680933,1,-12.44799614,1,-2.467726946,1,-4.945196152,1,4.405220032,1,-0.262102336,0,-1.150066018,0,0.486834466,0
113.7516098,-20.28170586,1,-6.111666679,1,-12.84624481,1,-2.465498686,1,-4.6949296,1,4.480023861,1,-0.32344377,0,-1.163428903,0,0.543060482,0
113.7556076,-20.03065491,1,-7.04191494,1,-11.88084602,1,-2.420387268,1,-4.456397057,1,4.501778126,1,-0.387799919,0,-1.174300671,0,0.602342725,0
113.7596207,-19.51265335,1,-8.482789993,1,-10.99333572,1,-2.47258091,1,-4.274834633,1,4.64098835,1,-0.455071509,0,-1.182797313,0,0.664598167,0
113.7636185,-18.30191994,1,-9.031126976,1,-9.822385788,1,-2.697965622,1,-4.103664875,1,4.815143585,1,-0.526129484,0,-1.188639283,0,0.730123818,0
113.7676086,-18.20510864,1,-8.306787491,1,-10.04591179,1,-2.896800518,1,-3.826775789,1,4.826005459,1,-0.59934622,0,-1.191803813,0,0.796930194,0
113.7716064,-16.16493034,1,-6.374590397,1,-8.978016853,1,-3.202150583,1,-3.439604521,1,4.69781208,1,-0.671870172,0,-1.192179799,0,0.861883342,0
113.7756042,-11.91009331,1,-5.144161701,1,-8.397884369,1,-3.473589182,1,-2.981258392,1,4.435590744,1,-0.740961671,0,-1.19008255,0,0.921884298,0
113.7796173,-10.27775192,1,-3.095711708,1,-8.641014099,1,-3.803286314,1,-2.541291237,1,4.218797207,1,-0.805454552,0,-1.185889721,0,0.975694478,0
113.7836151,-13.93392754,1,-2.874227285,1,-10.39850903,1,-3.876931906,1,-2.117684126,1,3.873219013,1,-0.864486456,0,-1.180110335,0,1.022767782,0
113.7876053,-16.5056839,1,-3.140609026,1,-12.34742355,1,-3.646992207,1,-1.63367188,1,3.34724474,1,-0.915520549,0,-1.173609614,0,1.061672807,0
113.7916031,-15.82106113,1,-0.884660006,1,-12.18771935,1,-3.306442976,1,-1.261440277,1,2.897176027,1,-0.957846463,0,-1.166962624,0,1.09250319,0
113.7956162,-22.49803543,1,1.364026189,1,-13.47773552,1,-2.639564991,1,-1.030639768,1,2.390533924,1,-0.992435634,0,-1.160820246,0,1.117108345,0
113.799614,-23.0146637,1,-1.35150528,1,-14.74562359,1,-2.209867477,1,-0.34563905,1,2.059827089,1,-1.0182935,0,-1.154850602,0,1.134934545,0
113.8036118,-12.44031048,1,-5.437915325,1,-12.93682194,1,-2.139380693,1,0.266417027,1,1.766561627,1,-1.036034584,0,-1.148332357,0,1.144860506,0
113.8076096,-4.707581043,1,-7.983338833,1,-10.2298193,1,-2.047160149,1,0.551793098,1,1.388007402,1,-1.048187613,0,-1.142016649,0,1.148992062,0
113.8115997,-2.320929766,1,-8.854074478,1,-8.249862671,1,-1.916714787,1,0.563288093,1,1.081181526,1,-1.057109118,0,-1.136648417,0,1.150095582,0
113.8156128,-4.038565159,1,-8.683991432,1,-8.121548653,1,-1.950412989,1,0.532932818,1,0.945948422,1,-1.064934015,0,-1.132072449,0,1.150267601,0
113.8196182,-4.963992119,1,-9.076058388,1,-8.74023819,1,-2.15059042,1,0.593556583,1,0.856155217,1,-1.072644591,0,-1.127833366,0,1.149744272,0
113.8236237,-2.979390144,1,-9.450605392,1,-7.758750439,1,-2.332026005,1,0.642584205,1,0.724033415,1,-1.08018446,0,-1.123858809,0,1.148139238,0
113.8276215,-1.712285638,1,-9.225149155,1,-6.525520325,1,-2.417313337,1,0.621453345,1,0.569985271,1,-1.087575555,0,-1.12037766,0,1.145774007,0
113.8316193,-1.889375687,1,-8.790094376,1,-6.25266695,1,-2.461935759,1,0.627412796,1,0.41974175,1,-1.094680071,0,-1.11747396,0,1.142829776,0
113.8356171,-1.835936189,1,-8.410793304,1,-6.380902767,1,-2.516932249,1,0.685581148,1,0.265474588,1,-1.101129651,0,-1.115062594,0,1.138926148,0
113.8396225,-1.774416327,1,-8.134050369,1,-6.323379993,1,-2.547669172,1,0.756774306,1,0.103408702,1,-1.106710315,0,-1.113105059,0,1.133852482,0
113.8436203,-1.897205591,1,-7.859576225,1,-6.303046703,1,-2.524840117,1,0.819477975,1,-0.074761376,1,-1.111217022,0,-1.11165309,0,1.12755549,0
113.8476181,-1.885666132,1,-7.728840828,1,-6.242390156,1,-2.474689484,1,0.903628588,1,-0.259748727,1,-1.114383578,0,-1.110725284,0,1.119915962,0
113.8516159,-1.450468063,1,-7.658413887,1,-6.086995602,1,-2.418082476,1,0.996050894,1,-0.444118351,1,-1.116039395,0,-1.110322833,0,1.110835075,0
113.8556213,-1.061331987,1,-7.631293297,1,-5.873105049,1,-2.361637354,1,1.091882229,1,-0.618595123,1,-1.116151214,0,-1.110407233,0,1.100283027,0
113.8596191,-0.887290061,1,-7.619723797,1,-5.69467926,1,-2.314823151,1,1.192065477,1,-0.791898251,1,-1.114719272,0,-1.11093235,0,1.088250399,0
113.8636169,-0.630044341,1,-7.579806805,1,-5.466245174,1,-2.256439447,1,1.288756371,1,-0.962213814,1,-1.111732125,0,-1.111888409,0,1.074734807,0
113.8676224,-0.426445782,1,-7.530576229,1,-5.313994408,1,-2.202877998,1,1.390622854,1,-1.133108258,1,-1.107125998,0,-1.113255978,0,1.059649706,0
113.8716202,-0.303607017,1,-7.525856972,1,-5.105946064,1,-2.170634508,1,1.4917202,1,-1.293881893,1,-1.100952029,0,-1.114987969,0,1.043018103,0
113.875618,-0.115281411,1,-7.546624184,1,-4.928733349,1,-2.142665386,1,1.587120056,1,-1.442382216,1,-1.093247771,0,-1.117051363,0,1.024849176,0
113.8796158,-0.014899207,1,-7.522843361,1,-4.733956337,1,-2.10929203,1,1.677562952,1,-1.583848119,1,-1.084075809,0,-1.119392633,0,1.005196095,0
113.8836136,0.09446539,1,-7.490038395,1,-4.596191406,1,-2.093971968,1,1.77177,1,-1.714261651,1,-1.073455215,0,-1.121945381,0,0.984055758,0
113.8876114,0.029369248,1,-7.407739162,1,-4.540688992,1,-2.069761515,1,1.854597211,1,-1.84104538,1,-1.061392426,0,-1.124673128,0,0.961434901,0
113.8916168,-0.162086204,1,-7.264829159,1,-4.485610962,1,-2.046743631,1,1.948925972,1,-1.961140513,1,-1.047861934,0,-1.127537131,0,0.937323272,0
113.8956146,-0.481464058,1,-7.089853287,1,-4.495748997,1,-2.009599686,1,2.045365334,1,-2.080303192,1,-1.032778978,0,-1.130460024,0,0.91165942,0
113.8996124,-0.81735605,1,-6.815399647,1,-4.480816841,1,-1.967475653,1,2.151694536,1,-2.195606232,1,-1.015983343,0,-1.133400917,0,0.884316504,0
113.9036179,-1.241295457,1,-6.626734257,1,-4.525553703,1,-1.909447074,1,2.27224493,1,-2.313076735,1,-0.997345328,0,-1.13629365,0,0.855199158,0
113.9076157,-1.572757363,1,-6.468401909,1,-4.52185154,1,-1.845923901,1,2.392933846,1,-2.430745363,1,-0.976709485,0,-1.139069319,0,0.824180484,0
113.9116135,-1.944516897,1,-6.3432374,1,-4.588140488,1,-1.771479368,1,2.528121948,1,-2.543567657,1,-0.953996062,0,-1.141643524,0,0.791230798,0
113.9156113,-2.311385393,1,-6.277935982,1,-4.685686111,1,-1.690413475,1,2.660876274,1,-2.654255152,1,-0.929109931,0,-1.143933415,0,0.756265223,0
113.9196091,-2.803777933,1,-6.228640556,1,-4.741577148,1,-1.60744226,1,2.797612429,1,-2.76576972,1,-0.90206331,0,-1.145875573,0,0.719324112,0
113.9236145,-3.293902874,1,-6.180650711,1,-4.847790241,1,-1.535792947,1,2.938862324,1,-2.878667116,1,-0.872839153,0,-1.147396326,0,0.68037349,0
113.9276123,-3.595044374,1,-6.094173431,1,-4.782278538,1,-1.467474103,1,3.067807436,1,-2.984060287,1,-0.841611803,0,-1.148404598,0,0.639551222,0
113.9316101,-3.966952562,1,-6.14540863,1,-4.795581341,1,-1.403104544,1,3.202652454,1,-3.081283808,1,-0.808496833,0,-1.148806334,0,0.596969545,0
113.9356079,-4.464334965,1,-6.112743855,1,-4.807150364,1,-1.337931871,1,3.334833622,1,-3.169477224,1,-0.773702741,0,-1.148504257,0,0.552815378,0
113.939621,-4.847987175,1,-6.128373146,1,-4.791469097,1,-1.276661515,1,3.474020958,1,-3.25226593,1,-0.737380207,0,-1.147395015,0,0.507243872,0
113.9436188,-5.192877769,1,-6.098163128,1,-4.714588642,1,-1.214997053,1,3.607044697,1,-3.336893797,1,-0.701114297,0,-1.144798875,0,0.490514398,0
113.9476242,-5.447808743,1,-6.005200863,1,-4.68161869,1,-1.16085577,1,3.737731457,1,-3.406219482,1,-0.662550271,0,-1.141893983,0,0.442920744,0
113.951622,-5.656984806,1,-5.895843983,1,-4.548867702,1,-1.096653223,1,3.856046677,1,-3.473338366,1,-0.623296678,0,-1.137984157,0,0.394741714,0
113.9556198,-5.759321213,1,-5.838531017,1,-4.477122784,1,-1.042197466,1,3.961641312,1,-3.533399105,1,-0.583695471,0,-1.133055329,0,0.346339524,0
113.9596176,-5.820057392,1,-5.859276772,1,-4.408627987,1,-0.991573095,1,4.04396534,1,-3.579095125,1,-0.54412514,0,-1.127122283,0,0.298092782,0
113.963623,-5.923230648,1,-5.869036198,1,-4.374299526,1,-0.94049716,1,4.11034441,1,-3.623908997,1,-0.504943132,0,-1.120213032,0,0.250348479,0
113.9676209,-6.202543259,1,-5.917443752,1,-4.399959564,1,-0.898362398,1,4.162742138,1,-3.656061172,1,-0.466441542,0,-1.112370133,0,0.203413874,0
113.9716187,-6.552568913,1,-5.931302547,1,-4.37412262,1,-0.857134998,1,4.221194267,1,-3.677149296,1,-0.428870112,0,-1.103599548,0,0.157509893,0
113.9756241,-7.055104256,1,-5.977714539,1,-4.42422533,1,-0.817891777,1,4.275946617,1,-3.70040369,1,-0.392421007,0,-1.093914986,0,0.112826474,0
113.9796219,-7.496296883,1,-5.996078968,1,-4.475167274,1,-0.771760464,1,4.343401909,1,-3.718614101,1,-0.357161731,0,-1.083306074,0,0.069443315,0
113.9836197,-7.821512222,1,-5.973202229,1,-4.521861553,1,-0.722893596,1,4.399733543,1,-3.730533123,1,-0.323178768,0,-1.071792603,0,0.02745829,0
113.9876175,-8.045210838,1,-5.957740784,1,-4.561930656,1,-0.682195067,1,4.462631702,1,-3.733846188,1,-0.290562689,0,-1.059399486,0,-0.013028503,0
113.9916153,-8.211140633,1,-5.846812725,1,-4.591619492,1,-0.623807371,1,4.514784336,1,-3.735472441,1,-0.25939256,0,-1.046178818,0,-0.051918909,0
113.9956207,-8.350190163,1,-5.718146324,1,-4.632505894,1,-0.560360014,1,4.551088333,1,-3.728167772,1,-0.229661226,0,-1.032202601,0,-0.089160241,0
113.9996185,-8.526572227,1,-5.565872192,1,-4.66955328,1,-0.490686148,1,4.584801674,1,-3.71961832,1,-0.201382726,0,-1.017538309,0,-0.124714464,0
114.0036163,-8.67551899,1,-5.428612709,1,-4.782385349,1,-0.402895212,1,4.607989788,1,-3.710792065,1,-0.174467474,0,-1.002251387,0,-0.15861173,0
114.0076141,-8.806633949,1,-5.351065636,1,-4.848810673,1,-0.313033849,1,4.62121582,1,-3.69459939,1,-0.148844764,0,-0.986414433,0,-0.190873086,0
114.0116196,-8.946641922,1,-5.371426582,1,-4.890524387,1,-0.214148238,1,4.621531963,1,-3.679137707,1,-0.124461025,0,-0.97009927,0,-0.22153978,0
114.0156174,-9.069468498,1,-5.4617486,1,-4.975852013,1,-0.110249646,1,4.61785984,1,-3.656033278,1,-0.101223677,0,-0.953375936,0,-0.250663728,0
114.0196152,-9.136717796,1,-5.471935272,1,-5.039055824,1,-0.014696952,1,4.604767323,1,-3.633803844,1,-0.079101935,0,-0.936316192,0,-0.278273821,0
114.023613,-9.25918293,1,-5.561109066,1,-5.162606239,1,0.088090152,1,4.577879906,1,-3.607703209,1,-0.057996251,0,-0.918985128,0,-0.30446744,0
114.0276108,-9.445794106,1,-5.635808468,1,-5.273487568,1,0.183935121,1,4.544334888,1,-3.582119226,1,-0.037848864,0,-0.901444197,0,-0.32929498,0
114.0316162,-9.622052193,1,-5.719857693,1,-5.396778584,1,0.281505883,1,4.513789654,1,-3.550297976,1,-0.01858543,0,-0.883731782,0,-0.352839053,0
114.035614,-9.736708641,1,-5.788573742,1,-5.532201767,1,0.383526742,1,4.475209713,1,-3.52056098,1,-0.000125354,0,-0.865876436,0,-0.375164926,0
114.0396118,-9.977954865,1,-5.844796658,1,-5.793901443,1,0.490487069,1,4.442749023,1,-3.500029564,1,0.017652743,0,-0.847906291,0,-0.396371722,0
114.0436096,-10.11394882,1,-5.890682697,1,-6.057520866,1,0.599020123,1,4.401468277,1,-3.476099014,1,0.034833655,0,-0.829850793,0,-0.416544437,0
114.0476151,-10.32404041,1,-5.943040371,1,-6.351988792,1,0.710405409,1,4.364927769,1,-3.453630686,1,0.051497012,0,-0.81172359,0,-0.435736835,0
114.0516129,-10.46315098,1,-5.911576271,1,-6.646222591,1,0.830244303,1,4.325442314,1,-3.434281826,1,0.067744032,0,-0.793566108,0,-0.454044282,0
114.0556107,-10.77347755,1,-6.015616894,1,-6.969129086,1,0.94983685,1,4.2733078,1,-3.423895597,1,0.083658218,0,-0.775384128,0,-0.471529484,0
114.0596161,-11.11646271,1,-6.181857586,1,-7.329683781,1,1.063867092,1,4.235257149,1,-3.41136241,1,0.09929648,0,-0.757191181,0,-0.488266647,0
114.0636139,-11.52349949,1,-6.344900608,1,-7.714645863,1,1.183471799,1,4.205132008,1,-3.414700508,1,0.114713825,0,-0.738951385,0,-0.504323721,0
114.0676193,-11.82676411,1,-6.554699421,1,-8.064613342,1,1.289768815,1,4.18076849,1,-3.412098169,1,0.129947186,0,-0.720636249,0,-0.519754529,0
114.0716171,-12.15488529,1,-6.737637997,1,-8.377528191,1,1.394040108,1,4.166641235,1,-3.421560526,1,0.145019099,0,-0.702218056,0,-0.534618616,0
114.0756149,-12.49930382,1,-6.998935699,1,-8.719109535,1,1.491954803,1,4.151781559,1,-3.430450916,1,0.159943059,0,-0.683691144,0,-0.548927486,0
114.0796127,-12.73508358,1,-7.135118484,1,-9.088069916,1,1.588701963,1,4.143088341,1,-3.445289612,1,0.174742594,0,-0.665041566,0,-0.562758744,0
114.0836182,-12.91966152,1,-7.275698185,1,-9.45109272,1,1.679111481,1,4.118309975,1,-3.469850779,1,0.189439967,0,-0.646289885,0,-0.576140761,0
114.087616,-13.05223083,1,-7.323578835,1,-9.820547104,1,1.767893195,1,4.086955547,1,-3.494156122,1,0.204055518,0,-0.627478182,0,-0.589126408,0
114.0916138,-13.22929478,1,-7.389624596,1,-10.23116875,1,1.849878192,1,4.040203094,1,-3.518198252,1,0.218619213,0,-0.608644843,0,-0.601765394,0
114.0956192,-13.41704178,1,-7.405669212,1,-10.62657547,1,1.932040215,1,3.989668369,1,-3.545684099,1,0.233142123,0,-0.589824975,0,-0.614084363,0
114.099617,-13.52218437,1,-7.34894371,1,-11.07438374,1,2.022136927,1,3.92649579,1,-3.574543715,1,0.247654215,0,-0.57106477,0,-0.626123309,0
114.1036148,-13.77325535,1,-7.206395149,1,-11.58552361,1,2.110388517,1,3.853912115,1,-3.601860285,1,0.262189984,0,-0.5523839,0,-0.63790375,0
114.1076126,-14.12024689,1,-7.06418848,1,-12.12116718,1,2.208448172,1,3.790910959,1,-3.620421171,1,0.276768655,0,-0.533798277,0,-0.649413586,0
114.1116104,-14.72337246,1,-6.906518936,1,-12.66832256,1,2.319032431,1,3.736998796,1,-3.63130641,1,0.29144448,0,-0.515285373,0,-0.660633266,0
114.1156158,-15.46648026,1,-6.817406654,1,-13.13068962,1,2.433967113,1,3.70382452,1,-3.632063389,1,0.306217432,0,-0.496784002,0,-0.671503663,0
114.1196136,-16.41843605,1,-6.492078304,1,-13.38126659,1,2.555831671,1,3.693487406,1,-3.626175404,1,0.321097016,0,-0.478231847,0,-0.681965947,0
114.1236115,-17.02334785,1,-5.226277351,1,-13.77891254,1,2.678663254,1,3.685914278,1,-3.633128881,1,0.336102724,0,-0.459576845,0,-0.692020178,0
114.1276093,-17.23113823,1,-3.510020256,1,-14.24248314,1,2.823051929,1,3.661895752,1,-3.668357372,1,0.351355493,0,-0.440820754,0,-0.701786637,0
114.1316147,-17.50464439,1,-2.133956194,1,-14.54274845,1,3.000566006,1,3.642020226,1,-3.720669508,1,0.367002219,0,-0.421945751,0,-0.711363316,0
114.1356125,-18.47766685,1,-1.226742625,1,-14.71422672,1,3.202502728,1,3.646805763,1,-3.754078627,1,0.383151412,0,-0.402915716,0,-0.720716596,0
114.1396103,-19.53659248,1,-0.878388703,1,-14.71020985,1,3.407126427,1,3.674370766,1,-3.770343304,1,0.399827421,0,-0.383637607,0,-0.729723871,0
114.1436157,-20.44770813,1,-0.833569646,1,-14.34208202,1,3.588683844,1,3.734423161,1,-3.772255182,1,0.41695416,0,-0.364048362,0,-0.738278091,0
114.1476135,-21.27677727,1,-1.361881375,1,-13.54781151,1,3.715363026,1,3.809397459,1,-3.751300097,1,0.434348196,0,-0.344096959,0,-0.746259451,0
114.1516113,-21.76433945,1,-2.137869358,1,-12.70078754,1,3.754568815,1,3.899214029,1,-3.710969448,1,0.451707423,0,-0.323760897,0,-0.753544152,0
114.1556091,-21.56787491,1,-2.853948116,1,-11.79598808,1,3.695649862,1,3.95624423,1,-3.645822287,1,0.468633652,0,-0.303147078,0,-0.760060966,0
114.1596069,-21.23098755,1,-3.272819757,1,-10.87808514,1,3.558531284,1,3.95998621,1,-3.555293322,1,0.484826356,0,-0.282464385,0,-0.765839756,0
114.1636047,-20.75442123,1,-2.739872694,1,-9.978969574,1,3.378839493,1,3.902384996,1,-3.467303038,1,0.5000844,0,-0.261954516,0,-0.770961642,0
114.1676102,-20.43406868,1,-1.545960426,1,-9.062754631,1,3.185657024,1,3.777752161,1,-3.386374235,1,0.514376879,0,-0.241857991,0,-0.775627136,0
114.171608,-20.68627548,1,-0.147140443,1,-7.936256409,1,3.009446859,1,3.628384829,1,-3.332314014,1,0.527768254,0,-0.222324133,0,-0.780017734,0
114.1756058,-21.06689835,1,1.013066292,1,-6.558664799,1,2.862908602,1,3.459757805,1,-3.2724967,1,0.540404081,0,-0.203400537,0,-0.784261227,0
114.1796112,-21.6014061,1,1.832115293,1,-5.042356014,1,2.736571074,1,3.277117729,1,-3.209229469,1,0.55239594,0,-0.185145155,0,-0.788403869,0
114.183609,-22.51398277,1,2.776039124,1,-3.523958683,1,2.639012575,1,3.079759836,1,-3.128797531,1,0.563860953,0,-0.167650357,0,-0.792496443,0
114.1876144,-23.56183243,1,4.145189285,1,-2.099933863,1,2.565793753,1,2.875431776,1,-3.04023695,1,0.57488656,0,-0.150958374,0,-0.7965132,0
114.1916122,-24.38381386,1,6.545053959,1,-0.831611633,1,2.554331779,1,2.647413969,1,-2.944995642,1,0.589177012,0,-0.138707042,0,-0.777508974,0
114.19561,-24.84307671,1,9.947468758,1,0.406336308,1,2.636496305,1,2.383517742,1,-2.863233328,1,0.600050151,0,-0.123871014,0,-0.78151226,0
114.1996078,-25.36945343,1,14.30631542,1,1.54353416,1,2.847264051,1,2.073550463,1,-2.802789211,1,0.611463547,0,-0.110091865,0,-0.7857728,0
114.2036133,-26.17406845,1,17.90994072,1,2.618600845,1,3.15696764,1,1.76428628,1,-2.772871971,1,0.623927414,0,-0.097373672,0,-0.790436625,0
114.2076111,-26.93371964,1,20.29641342,1,3.691913366,1,3.530589581,1,1.449165344,1,-2.765339613,1,0.637773037,0,-0.085656524,0,-0.795613825,0
114.2116089,-26.90232658,1,20.0086937,1,4.477091312,1,3.814422131,1,1.125769854,1,-2.725588322,1,0.652970731,0,-0.074922524,0,-0.801321507,0
114.2156143,-26.46634483,1,17.67055511,1,5.159305096,1,3.913879156,1,0.77756381,1,-2.642463684,1,0.66892755,0,-0.065315381,0,-0.807504416,0
114.2196121,-25.56664467,1,13.29755592,1,5.676246643,1,3.702046633,1,0.415510237,1,-2.467844486,1,0.684622645,0,-0.057021692,0,-0.813991368,0
114.2236099,-24.48608589,1,8.017074585,1,6.205674171,1,3.180543184,1,0.044805925,1,-2.183915615,1,0.698833823,0,-0.050367892,0,-0.820601761,0
114.2276077,-22.91810989,1,2.866330624,1,6.153674126,1,2.346585989,1,-0.318990052,1,-1.795305967,1,0.71025449,0,-0.04561444,0,-0.827036381,0
114.2316055,-21.85951233,1,-0.79661864,1,6.053938866,1,1.313818812,1,-0.659007072,1,-1.337910652,1,0.71787703,0,-0.042992659,0,-0.833073437,0
114.235611,-20.61271477,1,-2.486471653,1,5.365914345,1,0.198495299,1,-0.966074228,1,-0.863916874,1,0.721130848,0,-0.042530064,0,-0.838530302,0
114.2396088,-11.98869324,1,-8.981743813,1,-0.840216994,1,-1.060002446,1,-1.367108822,1,-0.292694569,1,0.71980381,0,-0.044370141,0,-0.843363523,0
114.2436066,-8.7257061,1,-8.916705132,1,2.688602924,1,-2.502103567,1,-2.521051645,1,0.979431272,1,0.712475002,0,-0.050792374,0,-0.847424507,0
114.2476044,-30.10220718,1,8.694406509,1,0.819304764,1,-2.458166361,1,-3.047899961,1,1.873468041,1,0.702583194,0,-0.063672654,0,-0.850362539,0
114.2516098,3.80954504,1,1.063326955,1,1.063122869,1,-2.914052725,1,-2.496179342,1,1.711597443,1,0.692087054,0,-0.076702915,0,-0.851942658,0
114.2556076,14.47177315,1,-3.597941399,1,-6.056200504,1,-2.986176729,1,-2.654080153,1,1.883911252,1,0.680211067,0,-0.089021482,0,-0.852897167,0
114.2596054,-2.179075241,1,-8.887072563,1,-12.48720646,1,-3.19032526,1,-2.942249298,1,2.159163713,1,0.668041825,0,-0.102968112,0,-0.853616416,0
114.2636032,-5.753308773,1,-13.66341686,1,-16.7930603,1,-3.372405291,1,-2.508866787,1,2.169449568,1,0.654810727,0,-0.117021665,0,-0.853535414,0
114.267601,5.413813114,1,-15.2077322,1,-18.67736626,1,-3.336635351,1,-2.166036606,1,2.217260599,1,0.641307354,0,-0.129626498,0,-0.852103353,0
114.2716064,4.706537724,1,-18.28754807,1,-15.12614632,1,-3.645781755,1,-2.231491804,1,2.319389582,1,0.627055347,0,-0.142105237,0,-0.849963844,0
114.2756042,6.116892338,1,-13.14698982,1,-11.52840614,1,-3.699435234,1,-2.286345005,1,2.386058569,1,0.61197108,0,-0.154863298,0,-0.847480297,0
114.2796021,6.491706371,1,-7.480588913,1,-8.199248314,1,-3.788328409,1,-2.703057289,1,2.486363173,1,0.596585274,0,-0.168505102,0,-0.845092177,0
114.2835999,4.209746361,1,-1.66463697,1,-6.348536968,1,-3.792077541,1,-3.245012522,1,2.705871105,1,0.581021249,0,-0.184145465,0,-0.843005776,0
114.2876053,2.08568573,1,3.608549356,1,-7.477479458,1,-3.605218649,1,-3.865958214,1,2.846562624,1,0.565856218,0,-0.202108085,0,-0.841336608,0
114.2916031,-3.391879559,1,4.745692253,1,-10.68151093,1,-3.276540518,1,-4.319886684,1,2.789392948,1,0.551963031,0,-0.222066492,0,-0.840400577,0
114.2956009,-8.846385002,1,7.792479992,1,-14.36802578,1,-2.763200998,1,-4.407896042,1,2.514058352,1,0.539877594,0,-0.242604241,0,-0.840431035,0
114.2996063,-14.75757027,1,7.229955673,1,-17.84512138,1,-2.52351594,1,-4.285741806,1,2.302075148,1,0.529552519,0,-0.262491584,0,-0.841071188,0
114.3036041,-17.05520248,1,8.662672043,1,-19.47359085,1,-2.243862391,1,-3.82198,1,2.239587545,1,0.520043492,0,-0.281125933,0,-0.841379583,0
114.3076096,-15.65125656,1,5.686453819,1,-19.08480644,1,-2.011068583,1,-3.444520235,1,2.2129004,1,0.51142782,0,-0.298087895,0,-0.840769291,0
114.3116074,-15.40598583,1,6.586016655,1,-17.26199913,1,-1.793339372,1,-3.211744547,1,2.326345444,1,0.503320158,0,-0.314114451,0,-0.839238822,0
114.3156052,-14.49200726,1,4.021272182,1,-17.09527016,1,-1.608610392,1,-3.01607728,1,2.347273588,1,0.495838225,0,-0.329519451,0,-0.836863935,0
114.319603,-14.48797607,1,3.047151804,1,-14.89213276,1,-1.432640791,1,-2.894346476,1,2.341098547,1,0.488762498,0,-0.344379038,0,-0.833995342,0
114.3236084,-16.44831276,1,-1.060864449,1,-13.06781769,1,-1.272262573,1,-2.798612833,1,2.18571353,1,0.482330143,0,-0.358735383,0,-0.83107543,0
114.3276062,-16.78813553,1,-6.110838413,1,-11.46504974,1,-1.186857581,1,-2.643659353,1,1.914338112,1,0.476615191,0,-0.372149348,0,-0.828677952,0
114.331604,-15.79761982,1,-8.76798439,1,-8.479691505,1,-1.241391659,1,-2.451674938,1,1.602855086,1,0.471115232,0,-0.384443223,0,-0.826916873,0
114.3356018,-10.65538502,1,-8.959280014,1,-7.843305111,1,-1.313737392,1,-2.325016022,1,1.294896007,1,0.465669036,0,-0.395528257,0,-0.826034844,0
114.3396072,-10.08576679,1,-6.842520714,1,-7.341164112,1,-1.400609016,1,-2.290714741,1,1.146040082,1,0.460157216,0,-0.405963242,0,-0.825794816,0
114.343605,-9.797532082,1,-4.340313435,1,-8.5652771,1,-1.521890283,1,-2.12404108,1,1.142629266,1,0.454232842,0,-0.415922076,0,-0.825604439,0
114.3476028,-8.2917099,1,-2.222434998,1,-9.958464622,1,-1.548630953,1,-1.923867822,1,1.184991837,1,0.447775215,0,-0.425235778,0,-0.82487613,0
114.3516006,-10.60639763,1,-0.899447441,1,-11.10134411,1,-1.545458078,1,-1.690363765,1,1.251078844,1,0.440985382,0,-0.433886588,0,-0.823445857,0
114.3555985,-9.074216843,1,0.434494644,1,-11.26261044,1,-1.478911519,1,-1.413140655,1,1.273584485,1,0.434021294,0,-0.441651136,0,-0.821298003,0
114.3596039,-9.992489815,1,0.47069481,1,-10.53534222,1,-1.420627236,1,-1.207140446,1,1.274557948,1,0.427039623,0,-0.448523104,0,-0.818539083,0
114.3636017,-9.225061417,1,-1.459054112,1,-9.916714668,1,-1.345310211,1,-0.98845011,1,1.167229533,1,0.420232624,0,-0.454577684,0,-0.815621436,0
114.3675995,-10.71751022,1,-2.980077505,1,-9.498765945,1,-1.321871161,1,-0.781705439,1,1.02008605,1,0.41361624,0,-0.459571481,0,-0.812728286,0
114.3716049,-11.81569004,1,-3.568366766,1,-9.395717621,1,-1.248039365,1,-0.548268676,1,0.816722333,1,0.407297254,0,-0.463462293,0,-0.810157657,0
114.3756027,-9.946340561,1,-2.858997822,1,-9.602510452,1,-1.165082693,1,-0.351381034,1,0.665551484,1,0.401492715,0,-0.466255873,0,-0.80791682,0
114.3796005,-7.860540867,1,-1.133168459,1,-9.655455589,1,-1.092566371,1,-0.250474364,1,0.623599172,1,0.396003604,0,-0.468325585,0,-0.805788636,0
114.3835983,-6.380613327,1,-0.334170073,1,-10.05537128,1,-0.997791469,1,-0.199813038,1,0.592001557,1,0.39086026,0,-0.470081598,0,-0.803653598,0
114.3875961,-6.216391563,1,-0.702077448,1,-10.18147659,1,-0.879977107,1,-0.155873105,1,0.555580854,1,0.386171758,0,-0.471598387,0,-0.801567256,0
114.3916016,-5.857800961,1,-1.300766468,1,-9.404791832,1,-0.782641292,1,-0.148859829,1,0.512028158,1,0.381943911,0,-0.472962856,0,-0.799593151,0
114.3955994,-6.45329237,1,-2.481177807,1,-9.015324593,1,-0.712881029,1,-0.130908161,1,0.454948664,1,0.378163844,0,-0.47419703,0,-0.797810018,0
114.3995972,-7.112095833,1,-2.729702473,1,-8.804466248,1,-0.665009856,1,-0.090792686,1,0.409596562,1,0.374660641,0,-0.475253224,0,-0.796174407,0
114.403595,-6.204879761,1,-2.592194557,1,-8.574687958,1,-0.624258518,1,-0.048452981,1,0.380891412,1,0.371384203,0,-0.476080179,0,-0.794638157,0
114.407608,-4.612723827,1,-2.486485958,1,-8.660628319,1,-0.608590245,1,-0.063790269,1,0.381590009,1,0.368210077,0,-0.476828933,0,-0.793109059,0
114.4115982,-4.548408031,1,-2.671872377,1,-8.774662971,1,-0.581412196,1,-0.073512383,1,0.372102201,1,0.365155876,0,-0.477626681,0,-0.791630864,0
114.415596,-4.712805271,1,-2.896369696,1,-8.413855553,1,-0.562841415,1,-0.080497399,1,0.35455361,1,0.362217903,0,-0.478428394,0,-0.79022032,0
114.4196091,-5.114173412,1,-2.818368912,1,-8.14346981,1,-0.555108368,1,-0.082149617,1,0.32990694,1,0.359380066,0,-0.479224443,0,-0.788904488,0
114.4236069,-5.44543457,1,-2.369609356,1,-8.145648003,1,-0.527531862,1,-0.065627739,1,0.295419365,1,0.35665071,0,-0.479949236,0,-0.787695765,0
114.4276123,-5.205456734,1,-1.902148008,1,-8.341644287,1,-0.486800998,1,-0.050078589,1,0.268490583,1,0.354105383,0,-0.48054859,0,-0.786589205,0
114.4316101,-4.978480339,1,-1.590826154,1,-8.561018944,1,-0.450896591,1,-0.045811873,1,0.233122408,1,0.35176897,0,-0.481077075,0,-0.785603702,0
114.4356079,-4.764827251,1,-1.620418072,1,-8.674944878,1,-0.411266506,1,-0.052070916,1,0.208070785,1,0.349639833,0,-0.48155719,0,-0.784737527,0
114.4396057,-4.941775322,1,-1.777392149,1,-8.849760056,1,-0.378115505,1,-0.052645028,1,0.184433922,1,0.122336715,0,-0.736946225,0,-0.45473814,0
114.4436111,-4.910704613,1,-2.086927176,1,-8.744931221,1,-0.341477126,1,-0.047826659,1,0.167613238,1,0.114861511,0,-0.732931733,0,-0.432770848,0
114.4476089,-4.535483837,1,-2.397742987,1,-8.693285942,1,-0.317093223,1,-0.053268649,1,0.169325188,1,0.112959422,0,-0.733202815,0,-0.431893587,0
114.4516068,-4.448056221,1,-2.73714304,1,-8.738400459,1,-0.307762206,1,-0.058584284,1,0.16825524,1,0.111120895,0,-0.733500779,0,-0.431025147,0
114.4556122,-4.51936388,1,-2.930397749,1,-8.5866642,1,-0.297765523,1,-0.07788913,1,0.169369712,1,0.109337881,0,-0.733847976,0,-0.430159301,0
114.45961,-4.869267464,1,-2.803830147,1,-8.480548859,1,-0.287805438,1,-0.084827825,1,0.170308173,1,0.107584685,0,-0.734248877,0,-0.429290712,0
114.4636078,-4.887606144,1,-2.564685345,1,-8.414086342,1,-0.282027125,1,-0.083291873,1,0.167790055,1,0.105867743,0,-0.734650731,0,-0.428426892,0
114.4676056,-4.773993492,1,-2.293444633,1,-8.440616608,1,-0.264193475,1,-0.075418934,1,0.159040868,1,0.104220279,0,-0.735028625,0,-0.427602559,0
114.4716034,-4.655423641,1,-2.188364267,1,-8.604450226,1,-0.246898666,1,-0.084291518,1,0.144001991,1,0.102683559,0,-0.735403061,0,-0.426834434,0
114.4756012,-4.742023468,1,-2.185846567,1,-8.550695419,1,-0.229372486,1,-0.084861867,1,0.125054255,1,0.101282485,0,-0.735806108,0,-0.426164806,0
114.4796066,-4.809100628,1,-2.100893021,1,-8.571093559,1,-0.201587707,1,-0.088051453,1,0.099848509,1,0.100041829,0,-0.736201823,0,-0.425612867,0
114.4836044,-4.785422325,1,-1.92602253,1,-8.557534218,1,-0.183992147,1,-0.09471678,1,0.077529892,1,0.098974138,0,-0.736601233,0,-0.425180823,0
114.4876022,-4.772236347,1,-1.855944872,1,-8.517518044,1,-0.158755064,1,-0.093483508,1,0.062726498,1,0.09806785,0,-0.737002313,0,-0.424853414,0
114.4916077,-4.63028717,1,-1.917125821,1,-8.528352737,1,-0.137861699,1,-0.095559984,1,0.04315934,1,0.09730833,0,-0.737393737,0,-0.424615741,0
114.4956055,-4.616821766,1,-2.039011717,1,-8.498835564,1,-0.11895024,1,-0.100795574,1,0.028307863,1,0.096702486,0,-0.737794757,0,-0.424475014,0
114.4996033,-4.655255318,1,-2.087387562,1,-8.503663063,1,-0.102231957,1,-0.101669312,1,0.024037393,1,0.09621267,0,-0.738217056,0,-0.424402416,0
114.5036011,-4.720884323,1,-2.001575232,1,-8.503706932,1,-0.08488743,1,-0.111929625,1,0.006947303,1,0.095829889,0,-0.738649905,0,-0.424376905,0
114.5075989,-4.697355747,1,-2.036420107,1,-8.464719772,1,-0.063551642,1,-0.112178989,1,0.003673718,1,0.095558867,0,-0.739091396,0,-0.424410462,0
114.5116043,-4.649375439,1,-1.991861224,1,-8.427175522,1,-0.045553796,1,-0.113479547,1,-0.00669451,1,0.095377326,0,-0.739547372,0,-0.424464554,0
114.5156021,-4.76073885,1,-1.996652126,1,-8.46659565,1,-0.024661448,1,-0.12445388,1,-0.010780194,1,0.095309705,0,-0.740022242,0,-0.424578071,0
114.5195999,-4.708143711,1,-2.041653633,1,-8.319773674,1,-0.011804868,1,-0.125301257,1,-0.017947987,1,0.095337287,0,-0.740508199,0,-0.424734622,0
114.5235977,-4.654521465,1,-2.170785189,1,-8.322345734,1,0.004399318,1,-0.123354204,1,-0.019582132,1,0.095431447,0,-0.740991235,0,-0.424895287,0
114.5276031,-4.615125656,1,-2.325018883,1,-8.339544296,1,0.01362448,1,-0.119933255,1,-0.020255527,1,0.095581546,0,-0.741469741,0,-0.425070375,0
114.531601,-4.650295258,1,-2.480497599,1,-8.28331089,1,0.023202525,1,-0.120470069,1,-0.016232917,1,0.095760062,0,-0.741937757,0,-0.425234377,0
114.5355988,-4.687531948,1,-2.662200689,1,-8.215175629,1,0.024421137,1,-0.114686169,1,-0.000661493,1,0.095924802,0,-0.742405176,0,-0.425334185,0
114.5396042,-4.714059353,1,-2.902882099,1,-8.166935921,1,0.024993189,1,-0.115288019,1,0.005413328,1,0.096053481,0,-0.742866993,0,-0.425377905,0
114.543602,-4.722670078,1,-2.99294734,1,-8.144399643,1,0.019642968,1,-0.109541178,1,0.022979502,1,0.096128963,0,-0.743322968,0,-0.425357103,0
114.5476074,-4.789196014,1,-2.965516329,1,-8.080564499,1,0.013586357,1,-0.101867177,1,0.031751957,1,0.096132062,0,-0.743757725,0,-0.425263017,0
114.5516052,-4.803440094,1,-2.943215609,1,-8.099762917,1,0.010393161,1,-0.09144982,1,0.041752666,1,0.096086226,0,-0.744159877,0,-0.425121099,0
114.555603,-4.750629902,1,-2.905146837,1,-8.066010475,1,0.003978645,1,-0.085584491,1,0.042970225,1,0.095997602,0,-0.744527161,0,-0.424944878,0
114.5596008,-4.836251259,1,-2.813842773,1,-8.082003593,1,-0.002305529,1,-0.07697501,1,0.046891838,1,0.095873356,0,-0.744862199,0,-0.424746513,0
114.5636063,-4.783626556,1,-2.748001337,1,-8.103657722,1,-0.008467313,1,-0.070646942,1,0.049577627,1,0.095714085,0,-0.745176494,0,-0.424537033,0
114.5676041,-4.871827602,1,-2.560051441,1,-8.152573586,1,-0.006023434,1,-0.065950073,1,0.046272192,1,0.095524967,0,-0.745462894,0,-0.424306661,0
114.5716019,-4.820684433,1,-2.418361187,1,-8.13136673,1,-0.00687367,1,-0.060934905,1,0.048945166,1,0.095350891,0,-0.745733738,0,-0.424084306,0
114.5756073,-4.730151176,1,-2.349565744,1,-8.158514023,1,-0.006158774,1,-0.049565814,1,0.043198179,1,0.095169753,0,-0.745967865,0,-0.423864603,0
114.5796051,-4.659147739,1,-2.316116095,1,-8.211490631,1,-0.000825176,1,-0.046668321,1,0.042085253,1,0.095016204,0,-0.746187389,0,-0.42364952,0
114.5836029,-4.644889355,1,-2.400690317,1,-8.234694481,1,0.002470451,1,-0.049281653,1,0.036666956,1,0.094889179,0,-0.746396065,0,-0.423459232,0
114.5876007,-4.723455429,1,-2.191608667,1,-8.273500443,1,0.018656697,1,-0.047219712,1,0.038226452,1,0.094811179,0,-0.746597946,0,-0.423280537,0
114.5915985,-4.579915524,1,-2.198125839,1,-8.249796867,1,0.020769838,1,-0.045520127,1,0.02897577,1,0.094767243,0,-0.746793747,0,-0.423121363,0
114.5955963,-4.663343906,1,-2.245601654,1,-8.291677475,1,0.025825175,1,-0.042908147,1,0.018656451,1,0.094796225,0,-0.746977925,0,-0.423013091,0
114.5996017,-4.70350647,1,-2.042179346,1,-8.33380127,1,0.044810329,1,-0.039539125,1,0.011963494,1,0.094889708,0,-0.747158945,0,-0.422955155,0
114.6035995,-4.615253448,1,-2.281969547,1,-8.271076202,1,0.0517851,1,-0.041464962,1,0.004832749,1,0.095077649,0,-0.747329473,0,-0.42293632,0
114.6075974,-4.761490822,1,-2.274880409,1,-8.294612885,1,0.062834769,1,-0.04171012,1,-0.001449996,1,0.09530209,0,-0.747508168,0,-0.422940969,0
114.6116028,-4.646045208,1,-2.524423361,1,-8.208614349,1,0.059258539,1,-0.042851511,1,-0.005374343,1,0.095588326,0,-0.747676969,0,-0.422989488,0
114.6156006,-4.820046425,1,-2.698167562,1,-8.232917786,1,0.063387997,1,-0.040775336,1,-0.003415,1,0.095862985,0,-0.74784255,0,-0.423036814,0
114.6195984,-4.671938896,1,-2.768713236,1,-8.165821075,1,0.064350061,1,-0.033544347,1,0.003339754,1,0.096135534,0,-0.747989297,0,-0.423056245,0
114.6235962,-4.65425539,1,-2.929903984,1,-8.111297607,1,0.045153722,1,-0.032358035,1,0.002347385,1,0.096350148,0,-0.748131156,0,-0.423057586,0
114.627594,-4.804746151,1,-2.939258337,1,-8.08768177,1,0.03947556,1,-0.027960556,1,0.009878119,1,0.096495666,0,-0.748265743,0,-0.42303431,0
114.6315994,-4.69132328,1,-2.720255613,1,-8.137647629,1,0.037856508,1,-0.018927079,1,0.018743178,1,0.096597232,0,-0.748367846,0,-0.422965467,0
114.6355972,-4.596651077,1,-2.939208984,1,-8.082770348,1,0.020827567,1,-0.019072913,1,0.02127545,1,0.09664055,0,-0.748460293,0,-0.422860861,0
114.639595,-4.770562649,1,-2.811169147,1,-8.127772331,1,0.014341481,1,-0.014365248,1,0.026121063,1,0.096633464,0,-0.748535872,0,-0.422742963,0
114.6435928,-4.722707748,1,-2.741097689,1,-8.070566177,1,0.007113084,1,-0.012855984,1,0.027636375,1,0.096582964,0,-0.748599529,0,-0.422600657,0
114.6475983,-4.778589725,1,-2.678104639,1,-8.100992203,1,0.003250783,1,-0.00644156,1,0.035121441,1,0.096475743,0,-0.748644233,0,-0.422416031,0
114.6515961,-4.708742619,1,-2.576268196,1,-8.11033535,1,-0.001639307,1,-0.003383851,1,0.031289246,1,0.096351586,0,-0.748673439,0,-0.422228456,0
114.6555939,-4.685026646,1,-2.51311183,1,-8.14891243,1,-0.003890262,1,-0.001466469,1,0.041474707,1,0.096209556,0,-0.74869895,0,-0.42202574,0
114.6595993,-4.729430676,1,-2.485204458,1,-8.120796204,1,-0.004068193,1,0.00463268,1,0.032403979,1,0.0960605,0,-0.748704076,0,-0.421825439,0
114.6635971,-4.769762039,1,-2.384788275,1,-8.156438828,1,-0.003306193,1,0.008776585,1,0.033923414,1,0.095909625,0,-0.74869144,0,-0.421634227,0
114.6676025,-4.78071022,1,-2.362490416,1,-8.176801682,1,-0.00488171,1,0.016217533,1,0.02627613,1,0.095779322,0,-0.748657346,0,-0.421464026,0
114.6716003,-4.728251934,1,-2.469693899,1,-8.209665298,1,0.000115032,1,0.020771319,1,0.022180403,1,0.095674314,0,-0.748601139,0,-0.42131722,0
114.6755981,-4.741705894,1,-2.553586483,1,-8.156162262,1,0.000175595,1,0.019867502,1,0.017206378,1,0.095600143,0,-0.748531401,0,-0.421211064,0
114.6795959,-4.727597237,1,-2.698905468,1,-8.141657829,1,-0.0025093,1,0.025817728,1,0.01706259,1,0.095522061,0,-0.748439789,0,-0.421101213,0
114.6836014,-4.708815575,1,-2.781625986,1,-8.155940056,1,-0.010210149,1,0.028998345,1,0.016370835,1,0.09544035,0,-0.748346448,0,-0.421003014,0
114.6875992,-4.651716232,1,-2.800505638,1,-8.164099693,1,-0.011791412,1,0.034111369,1,0.01879758,1,0.095310301,0,-0.748222649,0,-0.420878947,0
114.691597,-4.610095501,1,-2.696941614,1,-8.235823631,1,-0.017253643,1,0.030516278,1,0.020791892,1,0.167693138,0,-0.666789651,0,-0.532787323,0
114.6956024,-4.635528088,1,-2.566750526,1,-8.274920464,1,-0.021624636,1,0.032374863,1,0.02593562,1,0.167525262,0,-0.666677833,0,-0.532642961,0
114.6996002,-4.602629662,1,-2.420783043,1,-8.298223495,1,-0.018541405,1,0.030058358,1,0.022225382,1,0.167359665,0,-0.666567743,0,-0.532497346,0
114.703598,-4.648513317,1,-2.324466944,1,-8.351882935,1,-0.012664413,1,0.024830369,1,0.020567106,1,0.167218909,0,-0.666481912,0,-0.532367289,0
114.7075958,-4.666394234,1,-2.327628613,1,-8.317323685,1,-0.003862154,1,0.021579012,1,0.014454503,1,0.167115837,0,-0.666398764,0,-0.532264471,0
114.7115936,-4.706521988,1,-2.487650871,1,-8.307281494,1,-0.000699345,1,0.023532767,1,0.007271935,1,0.16705431,0,-0.666316271,0,-0.532182574,0
114.7155914,-4.706772327,1,-2.575558662,1,-8.26146698,1,0.005165596,1,0.022793151,1,0.010060323,1,0.167032823,0,-0.666222274,0,-0.532128155,0
114.7195969,-4.708315372,1,-2.615594387,1,-8.238560677,1,0.00428018,1,0.023699015,1,0.007934242,1,0.16700229,0,-0.66613704,0,-0.532059908,0
114.7235947,-4.706031322,1,-2.673316479,1,-8.194761276,1,-0.0032506,1,0.022822263,1,0.009431193,1,0.166964874,0,-0.666048467,0,-0.531998038,0
114.7275925,-4.722207546,1,-2.6413486,1,-8.196220398,1,-0.003468743,1,0.029439084,1,0.010498689,1,0.166909352,0,-0.66594702,0,-0.531926632,0
114.7315979,-4.723646641,1,-2.564028502,1,-8.222994804,1,-0.00908594,1,0.027575845,1,0.012572346,1,0.166833758,0,-0.665842414,0,-0.531840563,0
114.7355957,-4.740257263,1,-2.536970854,1,-8.236764908,1,-0.00692615,1,0.030515231,1,0.008276427,1,0.166750833,0,-0.665732861,0,-0.531759739,0
114.7395935,-4.766293526,1,-2.391219616,1,-8.212985039,1,-0.00496088,1,0.035659064,1,0.010361973,1,0.166670263,0,-0.66560322,0,-0.531671643,0
114.7435913,-4.758897305,1,-2.403549194,1,-8.23650074,1,-0.006984204,1,0.036803994,1,0.005128781,1,0.166607827,0,-0.665471911,0,-0.53160435,0
114.7475891,-4.859339237,1,-2.437068224,1,-8.229226112,1,-0.008083221,1,0.039219558,1,0.010354472,1,0.1665335,0,-0.665329337,0,-0.531526983,0
114.7515945,-4.610909462,1,-2.443123102,1,-8.336301804,1,-0.002639733,1,0.048964813,1,0.002483384,1,0.166467309,0,-0.665145516,0,-0.531452417,0
114.7555923,-4.746836662,1,-2.645628214,1,-8.283542633,1,-0.009415153,1,0.043218467,1,0.010201775,1,0.166403502,0,-0.664966404,0,-0.531386018,0
114.7595901,-4.751922131,1,-2.767849922,1,-8.251871109,1,-0.016544437,1,0.048678555,1,0.013454149,1,0.166289166,0,-0.664795339,0,-0.53128773,0
114.763588,-4.721466064,1,-2.914702415,1,-8.207560539,1,-0.027011365,1,0.053826652,1,0.023966789,1,0.166114539,0,-0.664599001,0,-0.531163216,0
114.7675934,-4.832490444,1,-2.895931959,1,-8.179014206,1,-0.035908092,1,0.062788472,1,0.030653356,1,0.16588591,0,-0.664396107,0,-0.530991733,0
114.7715912,-4.787011623,1,-2.735123396,1,-8.157782555,1,-0.050962966,1,0.070273772,1,0.028347256,1,0.165588558,0,-0.664164126,0,-0.530793667,0
114.775589,-4.796174049,1,-2.572109938,1,-8.200298309,1,-0.05456683,1,0.076079413,1,0.034409635,1,0.165241018,0,-0.663897157,0,-0.530564308,0
114.7795944,-4.781196594,1,-2.437895775,1,-8.230356216,1,-0.056403462,1,0.084845111,1,0.03508807,1,0.164877683,0,-0.663598061,0,-0.530333042,0
114.7835922,-4.77009201,1,-2.445142031,1,-8.200651169,1,-0.056698546,1,0.088007234,1,0.029543763,1,0.164521039,0,-0.663280249,0,-0.530110836,0
114.7875977,-4.732950687,1,-2.417207718,1,-8.195151329,1,-0.054110125,1,0.087856904,1,0.026468849,1,0.164162546,0,-0.662954271,0,-0.529895604,0
114.7915955,-4.698889732,1,-2.445312977,1,-8.255618095,1,-0.051229458,1,0.09059564,1,0.028540308,1,0.163811669,0,-0.662616253,0,-0.529674113,0
114.7955933,-4.672251701,1,-2.419271946,1,-8.285500526,1,-0.052951708,1,0.090408631,1,0.027844951,1,0.163482636,0,-0.662279904,0,-0.529472888,0
114.7995911,-4.71443367,1,-2.329755068,1,-8.318206787,1,-0.047517374,1,0.087513357,1,0.025005054,1,0.163159341,0,-0.661940396,0,-0.529270172,0
114.8035965,-4.794861317,1,-2.230782032,1,-8.302685738,1,-0.038255405,1,0.088023469,1,0.023799928,1,0.162879989,0,-0.661603332,0,-0.529086709,0
114.8075943,-4.599960327,1,-2.134500027,1,-8.317360878,1,-0.025246514,1,0.087290481,1,0.01286363,1,0.162646919,0,-0.661260128,0,-0.52892071,0
114.8115921,-4.552721977,1,-2.116988897,1,-8.415445328,1,-0.008604793,1,0.074723959,1,0.007506059,1,0.162502035,0,-0.660939991,0,-0.52881068,0
114.8155899,-4.517826557,1,-2.080623388,1,-8.410744667,1,0.008469537,1,0.063802883,1,-0.011388,1,0.162475973,0,-0.660672784,0,-0.528764844,0
114.8195877,-4.540977478,1,-2.074889421,1,-8.435390472,1,0.027185975,1,0.045350537,1,-0.022367233,1,0.162564889,0,-0.660442412,0,-0.528785765,0
114.8235931,-4.512631893,1,-2.118522406,1,-8.440264702,1,0.053847533,1,0.028565472,1,-0.03545706,1,0.162797183,0,-0.66027391,0,-0.52889514,0
114.8275909,-4.67018795,1,-2.132530928,1,-8.518220901,1,0.071572177,1,0.021286044,1,-0.047533661,1,0.163169533,0,-0.660152197,0,-0.529080093,0
114.8315887,-4.469800472,1,-2.024860144,1,-8.439359665,1,0.101767182,1,-0.000117789,1,-0.06450291,1,0.163685292,0,-0.660066187,0,-0.529352546,0
114.8355865,-4.576506138,1,-2.019743919,1,-8.476044655,1,0.127936721,1,-0.010705972,1,-0.074067585,1,0.1643641,0,-0.660039425,0,-0.529709697,0
114.839592,-4.496801376,1,-2.065758705,1,-8.458075523,1,0.154374436,1,-0.023805125,1,-0.090656698,1,0.165190056,0,-0.660051286,0,-0.530148745,0
114.8435898,-4.602288723,1,-2.278423786,1,-8.501362801,1,0.16929929,1,-0.026649965,1,-0.098896243,1,0.166133776,0,-0.660090029,0,-0.530658305,0
114.8475876,-4.562587261,1,-2.544410706,1,-8.441267967,1,0.177057609,1,-0.035507035,1,-0.10844788,1,0.167164147,0,-0.660139799,0,-0.531206071,0
114.851593,-4.532363892,1,-2.825879812,1,-8.413391113,1,0.177730799,1,-0.036948815,1,-0.102889128,1,0.168209285,0,-0.660206497,0,-0.531753421,0
114.8555908,-4.550933838,1,-3.091229677,1,-8.284664154,1,0.160408542,1,-0.035084844,1,-0.091538519,1,0.169200286,0,-0.660289109,0,-0.532269478,0
114.8595886,-4.530254841,1,-3.312644482,1,-8.264042854,1,0.143829569,1,-0.025695087,1,-0.078777373,1,0.170090467,0,-0.660352111,0,-0.532717586,0
114.8635864,-4.596221924,1,-3.342861891,1,-8.332354546,1,0.124705963,1,-0.025610404,1,-0.058419906,1,0.170849279,0,-0.660416901,0,-0.533080697,0
114.8675842,-4.594400406,1,-3.205248117,1,-8.182829857,1,0.105562299,1,-0.022616869,1,-0.048863754,1,0.171490654,0,-0.660468578,0,-0.533369839,0
114.8715897,-4.813786507,1,-3.194232941,1,-8.378053665,1,0.091239594,1,-0.017009882,1,-0.039227225,1,0.172022074,0,-0.660515964,0,-0.533596158,0
114.8755875,-4.783504486,1,-3.040409088,1,-8.363307953,1,0.078961015,1,-0.012683414,1,-0.027840346,1,0.172476783,0,-0.660542905,0,-0.533772051,0
114.8795853,-4.734333992,1,-3.081954718,1,-8.501533508,1,0.070907533,1,-0.01387817,1,-0.019384112,1,0.172854334,0,-0.660574377,0,-0.533897638,0
114.8835831,-4.701962948,1,-3.242734671,1,-8.583478928,1,0.060191091,1,-0.013583481,1,-0.005248837,1,0.17317,0,-0.660630226,0,-0.533981919,0
114.8875885,-4.739171028,1,-3.442606926,1,-8.552677155,1,0.038966756,1,-0.020830777,1,0.006265189,1,0.17336899,0,-0.660699487,0,-0.533987284,0
114.8915863,-4.664371014,1,-3.607347965,1,-8.432971001,1,0.018110963,1,-0.025783738,1,0.026113827,1,0.173447356,0,-0.660809934,0,-0.533928812,0
114.8955841,-4.62070179,1,-3.566860199,1,-8.460521698,1,-0.004363822,1,-0.023543596,1,0.038645655,1,0.173386216,0,-0.660920382,0,-0.533786237,0
114.8995895,-4.717670441,1,-3.334992886,1,-8.416528702,1,-0.025120601,1,-0.025758179,1,0.050774619,1,0.173185959,0,-0.661049545,0,-0.533577323,0
114.9035873,-4.798447132,1,-3.114619732,1,-8.336144447,1,-0.040520098,1,-0.025950143,1,0.059300505,1,0.172895893,0,-0.661193609,0,-0.533320248,0
114.9075928,-4.755438328,1,-2.859601259,1,-8.356901169,1,-0.052014906,1,-0.019278655,1,0.068112426,1,0.172526643,0,-0.661328614,0,-0.533025265,0
114.9115906,-4.734169483,1,-2.75155592,1,-8.352596283,1,-0.055187941,1,-0.02304109,1,0.065056667,1,0.172117546,0,-0.661452234,0,-0.532713652,0
114.9155884,-4.685556412,1,-2.69236064,1,-8.298861504,1,-0.057826776,1,-0.018414296,1,0.059425727,1,0.171700686,0,-0.661582708,0,-0.532408357,0
114.9195862,-4.649608135,1,-2.639519691,1,-8.185753822,1,-0.060370728,1,-0.018554322,1,0.059016287,1,0.171285018,0,-0.661697626,0,-0.532129288,0
114.9235916,-4.585445404,1,-2.634610415,1,-8.137331963,1,-0.057157692,1,-0.022109011,1,0.054610692,1,0.17089276,0,-0.661821127,0,-0.53186661,0
114.9275894,-4.621853828,1,-2.710863113,1,-8.188572884,1,-0.062113464,1,-0.010905102,1,0.057048142,1,0.17048949,0,-0.661917269,0,-0.531605721,0
114.9315872,-4.553322792,1,-2.568210125,1,-8.18221283,1,-0.064207926,1,-0.009901842,1,0.052967176,1,0.170068666,0,-0.661996722,0,-0.531337917,0
114.935585,-4.658716679,1,-2.451513052,1,-8.180229187,1,-0.061007231,1,-0.009532189,1,0.054334626,1,0.169658825,0,-0.662068784,0,-0.531075299,0
114.9395828,-4.587764263,1,-2.296121597,1,-8.202752113,1,-0.057661641,1,-0.008041041,1,0.047127239,1,0.207289338,0,-0.618996203,0,-0.590557098,0
114.9435883,-4.733916759,1,-2.292428493,1,-8.233952522,1,-0.051512569,1,-0.002407328,1,0.04490643,1,0.206578001,0,-0.618655801,0,-0.575676501,0
114.9475861,-4.722933292,1,-2.153544664,1,-8.23868084,1,-0.041329455,1,0.002483161,1,0.035886705,1,0.206278384,0,-0.61868459,0,-0.57548368,0
114.9515839,-4.772381306,1,-2.161855221,1,-8.184062958,1,-0.03274484,1,0.0086872,1,0.02862218,1,0.206029877,0,-0.618688285,0,-0.575316012,0
114.9555817,-4.843085766,1,-2.219611406,1,-8.203075409,1,-0.024769258,1,0.01718631,1,0.022370424,1,0.205832601,0,-0.618665338,0,-0.575178862,0
114.9595871,-4.793703556,1,-2.244881153,1,-8.227482796,1,-0.01760583,1,0.018044375,1,0.015195101,1,0.205683172,0,-0.618611038,0,-0.575063825,0
114.9635849,-4.788408279,1,-2.216523409,1,-8.20732975,1,-0.011980339,1,0.022258934,1,0.010455584,1,0.205573842,0,-0.618550718,0,-0.57498157,0
114.9675827,-4.8281703,1,-2.141661882,1,-8.21291256,1,-0.009380306,1,0.032500174,1,-0.001125505,1,0.205496371,0,-0.618456662,0,-0.574933708,0
114.9715881,-4.89735651,1,-2.09768033,1,-8.17196846,1,-0.000118471,1,0.037718013,1,-0.008505517,1,0.205478519,0,-0.618310571,0,-0.574915648,0
114.9755859,-5.02920723,1,-2.197682619,1,-8.183607101,1,0.005550371,1,0.043420155,1,-0.016338428,1,0.205506667,0,-0.618126512,0,-0.57494539,0
114.9795837,-4.702610016,1,-2.051334143,1,-8.089899063,1,0.014674562,1,0.055158034,1,-0.024891127,1,0.205572486,0,-0.617914319,0,-0.57500267,0
114.9835815,-4.81530714,1,-2.301874161,1,-8.118193626,1,0.013282712,1,0.064636365,1,-0.034207545,1,0.205685407,0,-0.617652059,0,-0.57508868,0
114.9875793,-4.833034515,1,-2.238577127,1,-8.118497849,1,0.018876754,1,0.071496449,1,-0.034935389,1,0.205799252,0,-0.617358088,0,-0.575195074,0
114.9915848,-4.941845894,1,-2.361186266,1,-8.092096329,1,0.021084454,1,0.07417006,1,-0.03934351,1,0.205948666,0,-0.617032886,0,-0.575293183,0
114.9955826,-4.699489594,1,-2.250635147,1,-8.046051025,1,0.020248774,1,0.081925675,1,-0.041219231,1,0.206090778,0,-0.616685927,0,-0.575410008,0
